-4015.52	-7142.66	1979.41	425.512
-4015.52	-7142.66	1977.72	449.079
-4015.52	-7142.66	1976.02	423.897
-4015.52	-7142.66	1974.33	441.548
-4015.52	-7142.66	1972.64	450.335
-4015.52	-7142.66	1970.94	454.69
-4015.52	-7142.66	1969.25	457.567
-4015.52	-7142.66	1967.56	451.589
-4015.52	-7142.66	1965.86	432.333
-4015.52	-7142.66	1964.17	448.49
-4015.52	-7142.66	1962.47	436.615
-4015.52	-7142.66	1960.78	460.14
-4015.52	-7142.66	1959.08	457.115
-4015.52	-7142.66	1957.39	458.513
-4015.52	-7142.66	1955.69	462.859
-4015.52	-7142.66	1953.99	461.308
-4015.52	-7142.66	1952.3	449.443
-4015.52	-7142.66	1950.6	468.521
-4015.52	-7142.66	1948.9	466.97
-4015.52	-7142.66	1947.21	433.016
-4015.52	-7142.66	1945.51	444.724
-4015.52	-7142.66	1943.81	426.981
-4015.52	-7142.66	1942.11	474.017
-4015.52	-7142.66	1940.41	423.894
-4015.52	-7142.66	1938.71	434.124
-4015.52	-7142.66	1937.01	432.579
-4015.52	-7142.66	1935.32	435.448
-4015.52	-7142.66	1933.62	411.841
-4015.52	-7142.66	1931.92	452.948
-4015.52	-7142.66	1930.22	445.519
-4015.52	-7142.66	1928.51	443.973
-4015.52	-7142.66	1926.81	448.307
-4015.52	-7142.66	1925.11	439.413
-4015.52	-7142.66	1923.41	471.664
-4015.52	-7142.66	1921.71	411.35
-4015.52	-7142.66	1920.01	417.155
-4015.52	-7142.66	1918.31	425.895
-4015.52	-7142.66	1916.6	392.05
-4015.52	-7142.66	1914.9	399.323
-4015.52	-7142.66	1913.2	416.869
-4015.52	-7142.66	1911.49	427.07
-4015.52	-7142.66	1909.79	424.062
-4015.52	-7142.66	1908.09	412.252
-4015.52	-7142.66	1906.38	438.583
-4015.52	-7142.66	1904.68	437.041
-4015.52	-7142.66	1902.97	439.898
-4015.52	-7142.66	1901.27	426.627
-4015.52	-7142.66	1899.56	416.292
-4015.52	-7142.66	1897.85	408.891
-4015.52	-7142.66	1896.15	446.918
-4015.52	-7142.66	1894.44	440.98
-4015.52	-7142.66	1892.74	433.579
-4015.52	-7142.66	1891.03	429.109
-4015.52	-7142.66	1889.32	456.856
-4015.52	-7142.66	1887.61	445.063
-4015.52	-7142.66	1885.91	421.565
-4015.52	-7142.66	1884.2	427.345
-4015.52	-7142.66	1882.49	418.49
-4015.52	-7142.66	1880.78	411.101
-4015.52	-7142.66	1879.07	432.97
-4015.52	-7142.66	1877.36	429.968
-4015.52	-7142.66	1875.65	438.665
-4015.52	-7142.66	1873.94	422.506
-4015.52	-7142.66	1872.23	435.586
-4015.52	-7142.66	1870.52	410.665
-4015.52	-7142.66	1868.81	416.436
-4015.52	-7142.66	1867.1	428.049
-4015.52	-7142.66	1865.39	427.973
-4015.52	-7142.66	1863.68	410.372
-4015.52	-7142.66	1861.96	429.281
-4015.52	-7142.66	1860.25	426.284
-4015.52	-7142.66	1858.54	455.4
-4015.52	-7142.66	1856.82	450.94
-4015.52	-7142.66	1855.11	426.055
-4015.52	-7142.66	1853.4	418.684
-4015.52	-7142.66	1851.68	437.57
-4015.52	-7142.66	1849.97	418.533
-4015.52	-7142.66	1848.25	419.916
-4015.52	-7142.66	1846.54	402.347
-4015.52	-7142.66	1844.82	415.392
-4015.52	-7142.66	1843.11	399.287
-4015.52	-7142.66	1841.39	403.585
-4015.52	-7142.66	1839.68	393.315
-4015.52	-7142.66	1837.96	403.439
-4015.52	-7142.66	1836.24	415.015
-4015.52	-7142.66	1834.53	401.836
-4015.52	-7142.66	1832.81	404.675
-4015.52	-7142.66	1831.09	436.62
-4015.52	-7142.66	1829.37	426.354
-4015.52	-7142.66	1827.65	419.002
-4015.52	-7142.66	1825.94	408.743
-4015.52	-7142.66	1824.22	423.211
-4015.52	-7142.66	1822.5	401.323
-4015.52	-7142.66	1820.78	436.14
-4015.52	-7142.66	1819.06	431.7
-4015.52	-7142.66	1817.34	392.382
-4015.52	-7142.66	1815.62	408.293
-4015.52	-7142.66	1813.9	441.63
-4015.52	-7142.66	1812.18	424.119
-4015.52	-7142.66	1810.45	431.302
-4015.52	-7142.66	1808.73	422.511
-4015.52	-7142.66	1807.01	436.949
-4015.52	-7142.66	1805.29	390.424
-4015.52	-7142.66	1803.56	428.081
-4015.52	-7142.66	1801.84	380.123
-4015.52	-7142.66	1800.12	416.317
-4015.52	-7142.66	1798.39	401.736
-4015.52	-7142.66	1796.67	392.961
-4015.52	-7142.66	1794.95	407.386
-4015.52	-7142.66	1793.22	394.264
-4015.52	-7142.66	1791.5	385.495
-4015.52	-7142.66	1789.77	414.403
-4015.52	-7142.66	1788.04	437.504
-4015.52	-7142.66	1786.32	388.176
-4015.52	-7142.66	1784.59	422.859
-4015.52	-7142.66	1782.87	411.196
-4015.52	-7142.66	1781.14	412.567
-4015.52	-7142.66	1779.41	422.621
-4015.52	-7142.66	1777.68	392.153
-4015.52	-7142.66	1775.96	387.739
-4015.52	-7142.66	1774.23	418.042
-4015.52	-7142.66	1772.5	425.195
-4015.52	-7142.66	1770.77	416.439
-4015.52	-7142.66	1769.04	419.251
-4015.52	-7142.66	1767.31	406.163
-4015.52	-7142.66	1765.58	398.86
-4015.52	-7142.66	1763.85	406.009
-4015.52	-7142.66	1762.12	436.269
-4015.52	-7142.66	1760.39	397.189
-4015.52	-7142.66	1758.66	404.334
-4015.52	-7142.66	1756.93	376.825
-4015.52	-7142.66	1755.19	428.72
-4015.52	-7142.66	1753.46	388.228
-4015.52	-7142.66	1751.73	399.697
-4015.52	-7142.66	1750.0	405.391
-4015.52	-7142.66	1748.26	393.775
-4015.52	-7142.66	1746.53	400.91
-4015.52	-7142.66	1744.8	413.81
-4015.52	-7142.66	1743.06	428.146
-4015.52	-7142.66	1741.33	405.004
-4015.52	-7142.66	1739.59	409.249
-4015.52	-7142.66	1737.86	412.052
-4015.52	-7142.66	1736.12	393.247
-4015.52	-7142.66	1734.39	398.932
-4015.52	-7142.66	1732.65	414.694
-4015.52	-7142.66	1730.91	395.899
-4015.52	-7142.66	1729.18	431.806
-4015.52	-7142.66	1727.44	415.893
-4015.52	-7142.66	1725.7	412.935
-4015.52	-7142.66	1723.96	414.294
-4015.52	-7142.66	1722.23	411.337
-4015.52	-7142.66	1720.49	398.316
-4015.52	-7142.66	1718.75	380.986
-4015.52	-7142.66	1717.01	415.41
-4015.52	-7142.66	1715.27	415.329
-4015.52	-7142.66	1713.53	393.696
-4015.52	-7142.66	1711.79	418.041
-4015.52	-7142.66	1710.05	379.18
-4015.52	-7142.66	1708.31	394.902
-4015.52	-7142.66	1706.57	374.725
-4015.52	-7142.66	1704.82	397.619
-4015.52	-7142.66	1703.08	426.245
-4015.52	-7142.66	1701.34	398.898
-4015.52	-7142.66	1699.6	395.951
-4015.52	-7142.66	1697.85	400.177
-4015.52	-7142.66	1696.11	384.324
-4015.52	-7142.66	1694.37	398.586
-4015.52	-7142.66	1692.62	374.139
-4015.52	-7142.66	1690.88	392.697
-4015.52	-7142.66	1689.13	398.351
-4015.52	-7142.66	1687.39	426.926
-4015.52	-7142.66	1685.64	396.762
-4015.52	-7142.66	1683.9	385.228
-4015.52	-7142.66	1682.15	402.333
-4015.52	-7142.66	1680.41	412.274
-4015.52	-7142.66	1678.66	383.568
-4015.52	-7142.66	1676.91	413.542
-4015.52	-7142.66	1675.16	400.585
-4015.52	-7142.66	1673.42	384.771
-4015.52	-7142.66	1671.67	396.136
-4015.52	-7142.66	1669.92	391.768
-4015.52	-7142.66	1668.17	380.254
-4015.52	-7142.66	1666.42	381.608
-4015.52	-7142.66	1664.67	385.819
-4015.52	-7142.66	1662.92	401.458
-4015.52	-7142.66	1661.17	417.09
-4015.52	-7142.66	1659.42	372.736
-4015.52	-7142.66	1657.67	389.796
-4015.52	-7142.66	1655.92	401.138
-4015.52	-7142.66	1654.17	411.049
-4015.52	-7142.66	1652.42	369.585
-4015.52	-7142.66	1650.66	375.218
-4015.52	-7142.66	1648.91	352.321
-4015.52	-7142.66	1647.16	400.738
-4015.52	-7142.66	1645.41	404.935
-4015.52	-7142.66	1643.65	414.833
-4015.52	-7142.66	1641.9	416.175
-4015.52	-7142.66	1640.14	400.417
-4015.52	-7142.66	1638.39	418.858
-4015.52	-7142.66	1636.63	395.983
-4015.52	-7142.66	1634.88	364.573
-4015.52	-7142.66	1633.12	375.89
-4015.52	-7142.66	1631.37	384.356
-4015.52	-7142.66	1629.61	381.432
-4015.52	-7142.66	1627.85	392.739
-4015.52	-7142.66	1626.09	381.278
-4015.52	-7142.66	1624.34	395.425
-4015.52	-7142.66	1622.58	399.612
-4015.52	-7142.66	1620.82	379.626
-4015.52	-7142.66	1619.06	388.078
-4015.52	-7142.66	1617.3	393.685
-4015.52	-7142.66	1615.54	382.237
-4015.52	-7142.66	1613.78	383.581
-4015.52	-7142.66	1612.02	366.458
-4015.52	-7142.66	1610.26	399.046
-4015.52	-7142.66	1608.5	386.187
-4015.52	-7142.66	1606.74	407.401
-4015.52	-7142.66	1604.98	381.773
-4015.52	-7142.66	1603.22	398.722
-4015.52	-7142.66	1601.46	397.223
-4015.52	-7142.66	1599.69	394.305
-4015.52	-7142.66	1597.93	363.027
-4015.52	-7142.66	1596.17	384.22
-4015.52	-7142.66	1594.4	398.317
-4015.52	-7142.66	1592.64	367.057
-4015.52	-7142.66	1590.88	374.066
-4015.52	-7142.66	1589.11	372.573
-4015.52	-7142.66	1587.35	393.742
-4015.52	-7142.66	1585.58	385.166
-4015.52	-7142.66	1583.81	375.176
-4015.52	-7142.66	1582.05	377.931
-4015.52	-7142.66	1580.28	382.099
-4015.52	-7142.66	1578.51	376.361
-4015.52	-7142.66	1576.75	370.625
-4015.52	-7142.66	1574.98	373.378
-4015.52	-7142.66	1573.21	377.543
-4015.52	-7142.66	1571.44	393.017
-4015.52	-7142.66	1569.67	353.36
-4015.52	-7142.66	1567.91	384.376
-4015.52	-7142.66	1566.14	371.581
-4015.52	-7142.66	1564.37	384.218
-4015.52	-7142.66	1562.6	374.253
-4015.52	-7142.66	1560.83	377.0
-4015.52	-7142.66	1559.05	405.156
-4015.52	-7142.66	1557.28	375.433
-4015.52	-7142.66	1555.51	372.533
-4015.52	-7142.66	1553.74	372.456
-4015.52	-7142.66	1551.97	362.505
-4015.52	-7142.66	1550.19	380.763
-4015.52	-7142.66	1548.42	372.225
-4015.52	-7142.66	1546.65	372.148
-4015.52	-7142.66	1544.87	367.843
-4015.52	-7142.66	1543.1	377.63
-4015.52	-7142.66	1541.32	387.413
-4015.52	-7142.66	1539.55	384.516
-4015.52	-7142.66	1537.77	405.559
-4015.52	-7142.66	1536.0	384.356
-4015.52	-7142.66	1534.22	371.608
-4015.52	-7142.66	1532.45	360.272
-4015.52	-7142.66	1530.67	374.267
-4015.52	-7142.66	1528.89	369.969
-4015.52	-7142.66	1527.11	376.924
-4015.52	-7142.66	1525.34	372.627
-4015.52	-7142.66	1523.56	361.303
-4015.52	-7142.66	1521.78	368.255
-4015.52	-7142.66	1520.0	358.342
-4015.52	-7142.66	1518.22	368.102
-4015.52	-7142.66	1516.44	376.453
-4015.52	-7142.66	1514.66	370.757
-4015.52	-7142.66	1512.88	383.316
-4015.52	-7142.66	1511.1	379.024
-4015.52	-7142.66	1509.32	381.752
-4015.52	-7142.66	1507.54	378.866
-4015.52	-7142.66	1505.76	384.398
-4015.52	-7142.66	1503.97	370.291
-4015.52	-7142.66	1502.19	354.788
-4015.52	-7142.66	1500.41	382.754
-4015.52	-7142.66	1498.62	386.879
-4015.52	-7142.66	1496.84	350.36
-4015.52	-7142.66	1495.06	388.118
-4015.52	-7142.66	1493.27	382.433
-4015.52	-7142.66	1491.49	375.35
-4015.52	-7142.66	1489.7	364.068
-4015.52	-7142.66	1487.91	377.992
-4015.52	-7142.66	1486.13	362.515
-4015.52	-7142.66	1484.34	356.842
-4015.52	-7142.66	1482.55	377.753
-4015.52	-7142.66	1480.77	384.667
-4015.52	-7142.66	1478.98	398.571
-4015.52	-7142.66	1477.19	369.124
-4015.52	-7142.66	1475.4	366.251
-4015.52	-7142.66	1473.61	377.354
-4015.52	-7142.66	1471.83	359.109
-4015.52	-7142.66	1470.04	377.195
-4015.52	-7142.66	1468.25	377.115
-4015.52	-7142.66	1466.46	396.585
-4015.52	-7142.66	1464.67	382.54
-4015.52	-7142.66	1462.87	392.23
-4015.52	-7142.66	1461.08	371.213
-4015.52	-7142.66	1459.29	385.087
-4015.52	-7142.66	1457.5	362.686
-4015.52	-7142.66	1455.71	368.188
-4015.52	-7142.66	1453.91	359.744
-4015.52	-7142.66	1452.12	375.002
-4015.52	-7142.66	1450.33	390.254
-4015.52	-7142.66	1448.53	373.449
-4015.52	-7142.66	1446.74	365.011
-4015.52	-7142.66	1444.94	395.576
-4015.52	-7142.66	1443.15	391.314
-4015.52	-7142.66	1441.35	378.7
-4015.52	-7142.66	1439.56	385.58
-4015.52	-7142.66	1437.76	391.064
-4015.52	-7142.66	1435.96	379.85
-4015.52	-7142.66	1434.17	371.422
-4015.52	-7142.66	1432.37	368.561
-4015.52	-7142.66	1430.57	350.406
-4015.52	-7142.66	1428.77	362.843
-4015.52	-7142.66	1426.97	366.935
-4015.52	-7142.66	1425.17	368.246
-4015.52	-7142.66	1423.37	375.114
-4015.52	-7142.66	1421.58	356.977
-4015.52	-7142.66	1419.77	336.07
-4015.52	-7142.66	1417.97	340.163
-4015.52	-7142.66	1416.17	381.734
-4015.52	-7142.66	1414.37	360.835
-4015.52	-7142.66	1412.57	367.695
-4015.52	-7142.66	1410.77	360.68
-4015.52	-7142.66	1408.97	374.472
-4015.52	-7142.66	1407.16	349.432
-4015.52	-7142.66	1405.36	345.198
-4015.52	-7142.66	1403.56	360.371
-4015.52	-7142.66	1401.75	364.45
-4015.52	-7142.66	1399.95	361.601
-4015.52	-7142.66	1398.14	382.301
-4015.52	-7142.66	1396.34	373.909
-4015.52	-7142.66	1394.53	364.137
-4015.52	-7142.66	1392.73	380.67
-4015.52	-7142.66	1390.92	402.731
-4015.52	-7142.66	1389.11	368.053
-4015.52	-7142.66	1387.3	365.207
-4015.52	-7142.66	1385.5	345.765
-4015.52	-7142.66	1383.69	369.198
-4015.52	-7142.66	1381.88	378.795
-4015.52	-7142.66	1380.07	367.656
-4015.52	-7142.66	1378.26	350.994
-4015.52	-7142.66	1376.45	350.919
-4015.52	-7142.66	1374.64	372.943
-4015.52	-7142.66	1372.83	364.577
-4015.52	-7142.66	1371.02	358.975
-4015.52	-7142.66	1369.21	336.812
-4015.52	-7142.66	1367.4	369.861
-4015.52	-7142.66	1365.59	369.781
-4015.52	-7142.66	1363.78	344.87
-4015.52	-7142.66	1361.96	355.829
-4015.52	-7142.66	1360.15	361.267
-4015.52	-7142.66	1358.34	365.325
-4015.52	-7142.66	1356.52	348.706
-4015.52	-7142.66	1354.71	352.764
-4015.52	-7142.66	1352.89	352.688
-4015.52	-7142.66	1351.08	333.328
-4015.52	-7142.66	1349.26	348.404
-4015.52	-7142.66	1347.45	355.212
-4015.52	-7142.66	1345.63	359.264
-4015.52	-7142.66	1343.81	368.819
-4015.52	-7142.66	1342.0	343.973
-4015.52	-7142.66	1340.18	360.406
-4015.52	-7142.66	1338.36	356.201
-4015.52	-7142.66	1336.54	334.124
-4015.52	-7142.66	1334.73	346.423
-4015.52	-7142.66	1332.91	351.846
-4015.52	-7142.66	1331.09	362.762
-4015.52	-7142.66	1329.27	390.159
-4015.52	-7142.66	1327.45	365.351
-4015.52	-7142.66	1325.63	348.793
-4015.52	-7142.66	1323.81	370.683
-4015.52	-7142.66	1321.98	345.895
-4015.52	-7142.66	1320.16	355.426
-4015.52	-7142.66	1318.34	355.348
-4015.52	-7142.66	1316.52	327.837
-4015.52	-7142.66	1314.7	348.336
-4015.52	-7142.66	1312.87	377.053
-4015.52	-7142.66	1311.05	374.229
-4015.52	-7142.66	1309.22	379.629
-4015.52	-7142.66	1307.4	338.44
-4015.52	-7142.66	1305.57	357.545
-4015.52	-7142.66	1303.75	341.031
-4015.52	-7142.66	1301.92	357.388
-4015.52	-7142.66	1300.1	347.727
-4015.52	-7142.66	1298.27	355.863
-4015.52	-7142.66	1296.44	363.996
-4015.52	-7142.66	1294.62	342.026
-4015.52	-7142.66	1292.79	363.836
-4015.52	-7142.66	1290.96	365.124
-4015.52	-7142.66	1289.13	344.536
-4015.52	-7142.66	1287.3	302.086
-4015.52	-7142.66	1285.47	363.517
-4015.52	-7142.66	1283.64	336.111
-4015.52	-7142.66	1281.81	319.645
-4015.52	-7142.66	1279.98	329.135
-4015.52	-7142.66	1278.15	355.005
-4015.52	-7142.66	1276.32	357.657
-4015.52	-7142.66	1274.49	341.201
-4015.52	-7142.66	1272.66	349.313
-4015.52	-7142.66	1270.82	369.699
-4015.52	-7142.66	1268.99	335.52
-4015.52	-7142.66	1267.16	372.264
-4015.52	-7142.66	1265.32	339.462
-4015.52	-7142.66	1263.49	325.758
-4015.52	-7142.66	1261.66	347.489
-4015.52	-7142.66	1259.82	382.835
-4015.52	-7142.66	1257.98	373.216
-4015.52	-7142.66	1256.15	375.857
-4015.52	-7142.66	1254.31	347.183
-4015.52	-7142.66	1252.48	378.414
-4015.52	-7142.66	1250.64	322.533
-4015.52	-7142.66	1248.8	357.838
-4015.52	-7142.66	1246.96	355.038
-4015.52	-7142.66	1245.13	359.04
-4015.52	-7142.66	1243.29	348.083
-4015.52	-7142.66	1241.45	354.803
-4015.52	-7142.66	1239.61	358.802
-4015.52	-7142.66	1237.77	361.44
-4015.52	-7142.66	1235.93	354.567
-4015.52	-7142.66	1234.09	336.832
-4015.52	-7142.66	1232.25	362.558
-4015.52	-7142.66	1230.41	365.193
-4015.52	-7142.66	1228.56	362.397
-4015.52	-7142.66	1226.72	346.033
-4015.52	-7142.66	1224.88	350.027
-4015.52	-7142.66	1223.04	343.167
-4015.52	-7142.66	1221.19	339.023
-4015.52	-7142.66	1219.35	364.708
-4015.52	-7142.66	1217.5	355.138
-4015.52	-7142.66	1215.66	349.639
-4015.52	-7142.66	1213.81	346.851
-4015.52	-7142.66	1211.97	352.193
-4015.52	-7142.66	1210.12	350.76
-4015.52	-7142.66	1208.28	339.85
-4015.52	-7142.66	1206.43	360.08
-4015.52	-7142.66	1204.58	354.587
-4015.52	-7142.66	1202.73	336.918
-4015.52	-7142.66	1200.89	350.371
-4015.52	-7142.66	1199.04	338.121
-4015.52	-7142.66	1197.19	379.963
-4015.52	-7142.66	1195.34	356.896
-4015.52	-7142.66	1193.49	340.598
-4015.52	-7142.66	1191.64	358.089
-4015.52	-7142.66	1189.79	329.639
-4015.52	-7142.66	1187.94	383.592
-4015.52	-7142.66	1186.09	345.696
-4015.52	-7142.66	1184.23	390.172
-4015.52	-7142.66	1182.38	372.538
-4015.52	-7142.66	1180.53	348.164
-4015.52	-7142.66	1178.68	339.991
-4015.52	-7142.66	1176.82	356.102
-4015.52	-7142.66	1174.97	330.4
-4015.52	-7142.66	1173.12	347.854
-4015.52	-7142.66	1171.26	351.82
-4015.52	-7142.66	1169.41	347.698
-4015.52	-7142.66	1167.55	335.494
-4015.52	-7142.66	1165.69	350.237
-4015.52	-7142.66	1163.84	339.385
-4015.52	-7142.66	1161.98	350.081
-4015.52	-7142.66	1160.12	337.887
-4015.52	-7142.66	1158.27	348.578
-4015.52	-7142.66	1156.41	360.61
-4015.52	-7142.66	1154.55	349.768
-4015.52	-7142.66	1152.69	341.62
-4015.52	-7142.66	1150.83	353.645
-4015.52	-7142.66	1148.97	362.976
-4015.52	-7142.66	1147.11	365.583
-4015.52	-7142.66	1145.25	350.72
-4015.52	-7142.66	1143.39	350.641
-4015.52	-7142.66	1141.53	353.249
-4015.52	-7142.66	1139.67	345.113
-4015.52	-7142.66	1137.81	355.776
-4015.52	-7142.66	1135.94	370.461
-4015.52	-7142.66	1134.08	356.958
-4015.52	-7142.66	1132.22	360.903
-4015.52	-7142.66	1130.35	347.409
-4015.52	-7142.66	1128.49	341.966
-4015.52	-7142.66	1126.62	362.001
-4015.52	-7142.66	1124.76	390.069
-4015.52	-7142.66	1122.89	347.097
-4015.52	-7142.66	1121.03	376.495
-4015.52	-7142.66	1119.16	329.527
-4015.52	-7142.66	1117.3	348.202
-4015.52	-7142.66	1115.43	357.496
-4015.52	-7142.66	1113.56	361.432
-4015.52	-7142.66	1111.69	329.23
-4015.52	-7142.66	1109.82	349.227
-4015.52	-7142.66	1107.96	346.473
-4015.52	-7142.66	1106.09	370.469
-4015.52	-7142.66	1104.22	350.328
-4015.52	-7142.66	1102.35	364.954
-4015.52	-7142.66	1100.48	356.853
-4015.52	-7142.66	1098.61	363.454
-4015.52	-7142.66	1096.73	332.646
-4015.52	-7142.66	1094.86	363.29
-4015.52	-7142.66	1092.99	372.555
-4015.52	-7142.66	1091.12	359.121
-4015.52	-7142.66	1089.24	360.375
-4015.52	-7142.66	1087.37	349.618
-4015.52	-7142.66	1085.5	364.215
-4015.52	-7142.66	1083.62	373.469
-4015.52	-7142.66	1081.75	357.383
-4015.52	-7142.66	1079.87	350.636
-4015.52	-7142.66	1078.0	359.887
-4015.52	-7142.66	1076.12	366.469
-4015.52	-7142.66	1074.24	354.395
-4015.52	-7142.66	1072.37	374.295
-4015.52	-7142.66	1070.49	372.879
-4015.52	-7142.66	1068.61	392.766
-4015.52	-7142.66	1066.73	366.055
-4015.52	-7142.66	1064.86	393.919
-4015.52	-7142.66	1062.98	371.211
-4015.52	-7142.66	1061.1	371.127
-4015.52	-7142.66	1059.22	357.744
-4015.52	-7142.66	1057.34	377.607
-4015.52	-7142.66	1055.46	451.962
-4015.52	-7142.66	1053.58	401.358
-4015.52	-7142.66	1051.69	366.721
-4015.52	-7142.66	1049.81	359.996
-4015.52	-7142.66	1047.93	383.82
-4015.52	-7142.66	1046.05	350.538
-4015.52	-7142.66	1044.16	367.716
-4015.52	-7142.66	1042.28	376.923
-4015.52	-7142.66	1040.4	360.915
-4015.52	-7142.66	1038.51	378.078
-4015.52	-7142.66	1036.63	387.277
-4015.52	-7142.66	1034.74	400.449
-4015.52	-7142.66	1032.86	372.518
-4015.52	-7142.66	1030.97	377.735
-4015.52	-7142.66	1029.08	424.027
-4015.52	-7142.66	1027.2	418.632
-4015.52	-7142.66	1025.31	384.1
-4015.52	-7142.66	1023.42	398.579
-4015.52	-7142.66	1021.53	409.079
-4015.52	-7142.66	1019.64	436.781
-4015.52	-7142.66	1017.75	434.035
-4015.52	-7142.66	1015.86	418.061
-4015.52	-7142.66	1013.97	412.675
-4015.52	-7142.66	1012.08	449.607
-4015.52	-7142.66	1010.19	448.183
-4015.52	-7142.66	1008.3	463.942
-4015.52	-7142.66	1006.41	462.515
-4015.52	-7142.66	1004.52	472.979
-4015.52	-7142.66	1002.62	487.401
-4015.52	-7142.66	1000.73	462.199
-4015.52	-7142.66	998.837	479.257
-4015.52	-7142.66	996.943	518.747
-4015.52	-7142.66	995.049	501.473
-4015.52	-7142.66	993.154	509.274
-4015.52	-7142.66	991.258	544.773
-4015.52	-7142.66	989.363	483.985
-4015.52	-7142.66	987.467	551.116
-4015.52	-7142.66	985.57	531.218
-4015.52	-7142.66	983.673	532.415
-4015.52	-7142.66	981.776	591.583
-4015.52	-7142.66	979.878	607.255
-4015.52	-7142.66	977.979	601.848
-4015.52	-7142.66	976.081	622.777
-4015.52	-7142.66	974.181	626.584
-4015.52	-7142.66	972.282	635.653
-4015.52	-7142.66	970.382	617.087
-4015.52	-7142.66	968.481	622.207
-4015.52	-7142.66	966.58	632.586
-4015.52	-7142.66	964.679	633.756
-4015.52	-7142.66	962.777	644.127
-4015.52	-7142.66	960.875	645.294
-4015.52	-7142.66	958.972	649.088
-4015.52	-7142.66	957.069	626.607
-4015.52	-7142.66	955.166	615.957
-4015.52	-7142.66	953.262	635.511
-4015.52	-7142.66	951.357	643.242
-4015.52	-7142.66	949.452	644.407
-4015.52	-7142.66	947.547	625.889
-4015.52	-7142.66	945.641	629.681
-4015.52	-7142.66	943.735	654.456
-4015.52	-7142.66	941.829	649.06
-4015.52	-7142.66	939.922	650.222
-4015.52	-7142.66	938.014	644.83
-4015.52	-7142.66	936.106	614.545
-4015.52	-7142.66	934.198	641.914
-4015.52	-7142.66	932.289	603.784
-4015.52	-7142.66	930.38	599.717
-4015.52	-7142.66	928.47	561.615
-4015.52	-7142.66	926.56	578.5
-4015.52	-7142.66	924.649	562.665
-4015.52	-7142.66	922.738	563.844
-4015.52	-7142.66	920.827	559.79
-4015.52	-7142.66	918.915	534.816
-4015.52	-7142.66	917.003	515.084
-4015.52	-7142.66	915.09	529.342
-4015.52	-7142.66	913.177	486.098
-4015.52	-7142.66	911.263	514.728
-4015.52	-7142.66	909.349	485.874
-4015.52	-7142.66	907.435	483.151
-4015.52	-7142.66	905.52	471.29
-4015.52	-7142.66	903.604	501.201
-4015.52	-7142.66	901.688	486.731
-4015.52	-7142.66	899.772	487.923
-4015.52	-7142.66	897.855	465.638
-4015.52	-7142.66	895.938	470.746
-4015.52	-7142.66	894.021	466.726
-4015.52	-7142.66	892.103	471.832
-4015.52	-7142.66	890.184	440.449
-4015.52	-7142.66	888.265	483.339
-4015.52	-7142.66	886.346	464.993
-4015.52	-7142.66	884.426	429.726
-4015.52	-7142.66	882.506	463.476
-4015.52	-7142.66	880.585	464.67
-4015.52	-7142.66	878.664	472.37
-4015.52	-7142.66	876.742	465.756
-4015.52	-7142.66	874.82	464.347
-4015.52	-7142.66	872.898	456.438
-4015.52	-7142.66	870.975	477.133
-4015.52	-7142.66	869.051	452.327
-4015.52	-7142.66	867.127	461.318
-4015.52	-7142.66	865.203	454.715
-4015.52	-7142.66	863.278	468.898
-4015.52	-7142.66	861.353	448.012
-4015.52	-7142.66	859.428	469.979
-4015.52	-7142.66	857.502	451.698
-4015.52	-7142.66	855.575	447.7
-4015.52	-7142.66	853.648	451.488
-4015.52	-7142.66	851.721	442.304
-4015.52	-7142.66	849.793	447.388
-4015.52	-7142.66	847.865	445.988
-4015.52	-7142.66	845.936	457.55
-4015.52	-7142.66	844.007	470.402
-4015.52	-7142.66	842.077	459.928
-4015.52	-7142.66	840.147	462.412
-4015.52	-7142.66	838.216	455.829
-4015.52	-7142.66	836.285	481.616
-4015.52	-7142.66	834.354	446.556
-4015.52	-7142.66	832.422	454.217
-4015.52	-7142.66	830.49	446.349
-4015.52	-7142.66	828.557	483.755
-4015.52	-7142.66	826.624	462.952
-4015.52	-7142.66	824.69	456.38
-4015.52	-7142.66	822.756	467.906
-4015.52	-7142.66	820.821	467.797
-4015.52	-7142.66	818.886	445.725
-4015.52	-7142.66	816.951	461.121
-4015.52	-7142.66	815.015	470.052
-4015.52	-7142.66	813.078	455.741
-4015.52	-7142.66	811.141	460.798
-4015.52	-7142.66	809.204	452.947
-4015.52	-7142.66	807.266	450.261
-4015.52	-7142.66	805.328	474.663
-4015.52	-7142.66	803.389	456.499
-4015.52	-7142.66	801.45	460.26
-4015.52	-7142.66	799.511	456.285
-4015.52	-7142.66	797.571	478.085
-4015.52	-7142.66	795.63	465.09
-4015.52	-7142.66	793.689	457.253
-4015.52	-7142.66	791.748	440.405
-4015.52	-7142.66	789.806	444.165
-4015.52	-7142.66	787.864	464.655
-4015.52	-7142.66	785.921	464.546
-4015.52	-7142.66	783.978	433.56
-4015.52	-7142.66	782.034	427.027
-4015.52	-7142.66	780.09	456.504
-4015.52	-7142.66	778.145	449.968
-4015.52	-7142.66	776.2	426.727
-4015.52	-7142.66	774.255	462.607
-4015.52	-7142.66	772.309	458.645
-4015.52	-7142.66	770.362	430.28
-4015.52	-7142.66	768.416	443.02
-4015.52	-7142.66	766.468	433.929
-4015.52	-7142.66	764.52	442.812
-4015.52	-7142.66	762.572	432.442
-4015.52	-7142.66	760.624	434.906
-4015.52	-7142.66	758.674	447.63
-4015.52	-7142.66	756.725	469.324
-4015.52	-7142.66	754.775	449.983
-4015.52	-7142.66	752.824	433.215
-4015.52	-7142.66	750.873	436.957
-4015.52	-7142.66	748.922	439.417
-4015.52	-7142.66	746.97	422.663
-4015.52	-7142.66	745.017	432.807
-4015.52	-7142.66	743.065	413.502
-4015.52	-7142.66	741.111	432.603
-4015.52	-7142.66	739.158	465.77
-4015.52	-7142.66	737.203	459.264
-4015.52	-7142.66	735.249	441.25
-4015.52	-7142.66	733.294	430.916
-4015.52	-7142.66	731.338	423.144
-4015.52	-7142.66	729.382	440.937
-4015.52	-7142.66	727.425	439.555
-4015.52	-7142.66	725.468	419.012
-4015.52	-7142.66	723.511	429.13
-4015.52	-7142.66	721.553	412.429
-4015.52	-7142.66	719.595	417.438
-4015.52	-7142.66	717.636	435.207
-4015.52	-7142.66	715.676	445.311
-4015.52	-7142.66	713.717	433.725
-4015.52	-7142.66	711.756	434.897
-4015.52	-7142.66	709.796	465.396
-4015.52	-7142.66	707.835	444.889
-4015.52	-7142.66	705.873	437.137
-4015.52	-7142.66	703.911	433.211
-4015.52	-7142.66	701.948	429.287
-4015.52	-7142.66	699.985	453.382
-4015.52	-7142.66	698.022	452.001
-4015.52	-7142.66	696.058	444.256
-4015.52	-7142.66	694.093	437.787
-4015.52	-7142.66	692.129	437.683
-4015.52	-7142.66	690.163	446.484
-4015.52	-7142.66	688.197	445.106
-4015.52	-7142.66	686.231	452.628
-4015.52	-7142.66	684.264	457.605
-4015.52	-7142.66	682.297	460.038
-4015.52	-7142.66	680.329	472.633
-4015.52	-7142.66	678.361	490.304
-4015.52	-7142.66	676.393	438.121
-4015.52	-7142.66	674.423	476.105
-4015.52	-7142.66	672.454	455.682
-4015.52	-7142.66	670.484	466.994
-4015.52	-7142.66	668.513	508.75
-4015.52	-7142.66	666.542	447.746
-4015.52	-7142.66	664.571	474.269
-4015.52	-7142.66	662.599	456.406
-4015.52	-7142.66	660.627	444.89
-4015.52	-7142.66	658.654	471.394
-4015.52	-7142.66	656.68	467.481
-4015.52	-7142.66	654.707	491.434
-4015.52	-7142.66	652.732	474.855
-4015.52	-7142.66	650.758	477.273
-4015.52	-7142.66	648.782	475.893
-4015.52	-7142.66	646.807	473.249
-4015.52	-7142.66	644.83	489.581
-4015.52	-7142.66	642.854	484.405
-4015.52	-7142.66	640.877	477.966
-4015.52	-7142.66	638.899	480.38
-4015.52	-7142.66	636.921	490.376
-4015.52	-7142.66	634.942	471.305
-4015.52	-7142.66	632.963	480.034
-4015.52	-7142.66	630.984	478.656
-4015.52	-7142.66	629.004	487.379
-4015.52	-7142.66	627.023	470.852
-4015.52	-7142.66	625.042	473.263
-4015.52	-7142.66	623.061	495.86
-4015.52	-7142.66	621.079	503.309
-4015.52	-7142.66	619.097	486.793
-4015.52	-7142.66	617.114	492.98
-4015.52	-7142.66	615.131	484.038
-4015.52	-7142.66	613.147	476.36
-4015.52	-7142.66	611.163	510.263
-4015.52	-7142.66	609.178	503.842
-4015.52	-7142.66	607.193	477.275
-4015.52	-7142.66	605.207	488.491
-4015.52	-7142.66	603.221	488.373
-4015.52	-7142.66	601.234	488.255
-4015.52	-7142.66	599.247	491.911
-4015.52	-7142.66	597.259	495.565
-4015.52	-7142.66	595.271	494.188
-4015.52	-7142.66	593.283	491.554
-4015.52	-7142.66	591.294	465.041
-4015.52	-7142.66	589.304	482.52
-4015.52	-7142.66	587.314	469.841
-4015.52	-7142.66	585.323	479.775
-4015.52	-7142.66	583.332	489.704
-4015.52	-7142.66	581.341	513.436
-4015.52	-7142.66	579.349	464.365
-4015.52	-7142.66	577.357	466.762
-4015.52	-7142.66	575.364	495.501
-4015.52	-7142.66	573.37	490.364
-4015.52	-7142.66	571.376	472.691
-4015.52	-7142.66	569.382	473.83
-4015.52	-7142.66	567.387	478.728
-4015.52	-7142.66	565.392	493.646
-4015.52	-7142.66	563.396	498.536
-4015.52	-7142.66	561.399	507.181
-4015.52	-7142.66	559.403	502.05
-4015.52	-7142.66	557.405	499.424
-4015.52	-7142.66	555.408	526.833
-4015.52	-7142.66	553.409	536.713
-4015.52	-7142.66	551.411	557.845
-4015.52	-7142.66	549.411	545.204
-4015.52	-7142.66	547.412	570.074
-4015.52	-7142.66	545.411	583.683
-4015.52	-7142.66	543.411	563.548
-4015.52	-7142.66	541.409	638.365
-4015.52	-7142.66	539.408	641.956
-4015.52	-7142.66	537.406	697.987
-4015.52	-7142.66	535.403	777.71
-4015.52	-7142.66	533.4	828.688
-4015.52	-7142.66	531.396	958.248
-4015.52	-7142.66	529.392	1079.01
-4015.52	-7142.66	527.387	1299.49
-4015.52	-7142.66	525.382	1855.24
-4015.52	-7142.66	523.376	2754.75
-4015.52	-7142.66	521.37	4066.32
-4015.52	-7142.66	519.364	4881.37
-4015.52	-7142.66	517.357	5212.74
-4015.52	-7142.66	515.349	5007.23
-4015.52	-7142.66	513.341	4448.26
-4015.52	-7142.66	511.332	3710.33
-4015.52	-7142.66	509.323	3146.97
-4015.52	-7142.66	507.314	2658.53
-4015.52	-7142.66	505.304	2314.6
-4015.52	-7142.66	503.293	2077.78
-4015.52	-7142.66	501.282	1911.93
-4015.52	-7142.66	499.27	1759.83
-4015.52	-7142.66	497.258	1701.0
-4015.52	-7142.66	495.246	1649.65
-4015.52	-7142.66	493.233	1559.82
-4015.52	-7142.66	491.219	1532.12
-4015.52	-7142.66	489.205	1498.23
-4015.52	-7142.66	487.191	1420.92
-4015.52	-7142.66	485.176	1384.59
-4015.52	-7142.66	483.16	1255.25
-4015.52	-7142.66	481.144	1278.5
-4015.52	-7142.66	479.128	1212.47
-4015.52	-7142.66	477.111	1224.57
-4015.52	-7142.66	475.093	1167.26
-4015.52	-7142.66	473.075	1102.56
-4015.52	-7142.66	471.056	1106.0
-4015.52	-7142.66	469.037	1134.2
-4015.52	-7142.66	467.018	1094.31
-4015.52	-7142.66	464.998	1056.91
-4015.52	-7142.66	462.977	1059.12
-4015.52	-7142.66	460.956	1056.38
-4015.52	-7142.66	458.935	1027.67
-4015.52	-7142.66	456.913	975.49
-4015.52	-7142.66	454.89	941.874
-4015.52	-7142.66	452.867	928.046
-4015.52	-7142.66	450.843	919.166
-4015.52	-7142.66	448.819	909.056
-4015.52	-7142.66	446.795	889.071
-4015.52	-7142.66	444.77	896.256
-4015.52	-7142.66	442.744	868.88
-4015.52	-7142.66	440.718	857.557
-4015.52	-7142.66	438.691	830.204
-4015.52	-7142.66	436.664	825.063
-4015.52	-7142.66	434.637	810.06
-4015.52	-7142.66	432.608	797.531
-4015.52	-7142.66	430.58	802.26
-4015.52	-7142.66	428.551	790.97
-4015.52	-7142.66	426.521	762.442
-4015.52	-7142.66	424.491	789.342
-4015.52	-7142.66	422.46	776.832
-4015.52	-7142.66	420.429	785.253
-4015.52	-7142.66	418.397	739.527
-4015.52	-7142.66	416.365	725.809
-4015.52	-7142.66	414.332	739.154
-4015.52	-7142.66	412.299	734.05
-4015.52	-7142.66	410.265	736.323
-4015.52	-7142.66	408.231	699.269
-4015.52	-7142.66	406.196	719.98
-4015.52	-7142.66	404.161	734.538
-4015.52	-7142.66	402.125	701.196
-4015.52	-7142.66	400.089	678.92
-4015.52	-7142.66	398.052	688.567
-4015.52	-7142.66	396.015	671.214
-4015.52	-7142.66	393.977	693.126
-4015.52	-7142.66	391.938	690.497
-4015.52	-7142.66	389.899	662.121
-4015.52	-7142.66	387.86	709.761
-4015.52	-7142.66	385.82	675.266
-4015.52	-7142.66	383.78	664.068
-4015.52	-7142.66	381.739	668.798
-4015.52	-7142.66	379.697	710.265
-4015.52	-7142.66	377.655	708.86
-4015.52	-7142.66	375.613	695.216
-4015.52	-7142.66	373.57	687.697
-4015.52	-7142.66	371.526	680.182
-4015.52	-7142.66	369.482	695.908
-4015.52	-7142.66	367.437	662.717
-4015.52	-7142.66	365.392	650.323
-4015.52	-7142.66	363.346	677.044
-4015.52	-7142.66	361.3	678.092
-4015.52	-7142.66	359.254	674.255
-4015.52	-7142.66	357.206	644.774
-4015.52	-7142.66	355.159	665.364
-4015.52	-7142.66	353.11	670.076
-4015.52	-7142.66	351.062	699.189
-4015.52	-7142.66	349.012	694.13
-4015.52	-7142.66	346.962	654.925
-4015.52	-7142.66	344.912	679.143
-4015.52	-7142.66	342.861	678.968
-4015.52	-7142.66	340.81	676.357
-4015.52	-7142.66	338.758	707.86
-4015.52	-7142.66	336.705	683.317
-4015.52	-7142.66	334.652	684.359
-4015.52	-7142.66	332.599	653.747
-4015.52	-7142.66	330.545	690.092
-4015.52	-7142.66	328.49	681.396
-4015.52	-7142.66	326.435	710.416
-4015.52	-7142.66	324.379	711.448
-4015.52	-7142.66	322.323	735.581
-4015.52	-7142.66	320.266	697.71
-4015.52	-7142.66	318.209	707.251
-4015.52	-7142.66	316.151	703.424
-4015.52	-7142.66	314.093	689.881
-4015.52	-7142.66	312.034	707.916
-4015.52	-7142.66	309.975	778.142
-4015.52	-7142.66	307.915	753.667
-4015.52	-7142.66	305.854	736.485
-4015.52	-7142.66	303.793	750.85
-4015.52	-7142.66	301.732	743.378
-4015.52	-7142.66	299.67	715.301
-4015.52	-7142.66	297.607	728.447
-4015.52	-7142.66	295.544	714.928
-4015.52	-7142.66	293.48	698.993
-4015.52	-7142.66	291.416	712.133
-4015.52	-7142.66	289.351	703.472
-4015.52	-7142.66	287.286	694.815
-4015.52	-7142.66	285.22	701.894
-4015.52	-7142.66	283.154	660.576
-4015.52	-7142.66	281.087	716.042
-4015.52	-7142.66	279.019	688.042
-4015.52	-7142.66	276.951	663.684
-4015.52	-7142.66	274.883	674.387
-4015.52	-7142.66	272.814	647.629
-4015.52	-7142.66	270.744	655.914
-4015.52	-7142.66	268.674	654.534
-4015.52	-7142.66	266.603	676.094
-4015.52	-7142.66	264.532	645.741
-4015.52	-7142.66	262.46	661.258
-4015.52	-7142.66	260.388	646.608
-4015.52	-7142.66	258.315	617.493
-4015.52	-7142.66	256.241	617.33
-4015.52	-7142.66	254.167	584.621
-4015.52	-7142.66	252.093	610.978
-4015.52	-7142.66	250.018	602.384
-4015.52	-7142.66	247.942	597.407
-4015.52	-7142.66	245.866	597.249
-4015.52	-7142.66	243.789	562.18
-4015.52	-7142.66	241.712	584.897
-4015.52	-7142.66	239.634	584.742
-4015.52	-7142.66	237.556	568.95
-4015.52	-7142.66	235.477	562.786
-4015.52	-7142.66	233.397	545.806
-4015.52	-7142.66	231.317	568.497
-4015.52	-7142.66	229.237	586.369
-4015.52	-7142.66	227.155	568.194
-4015.52	-7142.66	225.074	548.828
-4015.52	-7142.66	222.991	542.679
-4015.52	-7142.66	220.909	553.336
-4015.52	-7142.66	218.825	544.789
-4015.52	-7142.66	216.741	544.643
-4015.52	-7142.66	214.657	538.501
-4015.52	-7142.66	212.572	525.168
-4015.52	-7142.66	210.486	534.617
-4015.52	-7142.66	208.4	518.895
-4015.52	-7142.66	206.313	531.934
-4015.52	-7142.66	204.226	541.373
-4015.52	-7142.66	202.138	571.163
-4015.52	-7142.66	200.05	578.192
-4015.52	-7142.66	197.961	564.872
-4015.52	-7142.66	195.871	574.292
-4015.52	-7142.66	193.781	586.098
-4015.52	-7142.66	191.691	623.01
-4015.52	-7142.66	189.599	650.338
-4015.52	-7142.66	187.508	631.04
-4015.52	-7142.66	185.415	632.065
-4015.52	-7142.66	183.322	641.45
-4015.52	-7142.66	181.229	624.558
-4015.52	-7142.66	179.135	630.358
-4015.52	-7142.66	177.04	645.703
-4015.52	-7142.66	174.945	698.03
-4015.52	-7142.66	172.849	640.582
-4015.52	-7142.66	170.753	664.259
-4015.52	-7142.66	168.656	667.655
-4015.52	-7142.66	166.558	673.433
-4015.52	-7142.66	164.46	725.68
-4015.52	-7142.66	162.362	695.701
-4015.52	-7142.66	160.263	676.456
-4015.52	-7142.66	158.163	684.606
-4015.52	-7142.66	156.063	677.277
-4015.52	-7142.66	153.962	702.082
-4015.52	-7142.66	151.86	678.097
-4015.52	-7142.66	149.758	673.154
-4015.52	-7142.66	147.656	707.451
-4015.52	-7142.66	145.552	701.314
-4015.52	-7142.66	143.449	704.686
-4015.52	-7142.66	141.344	690.237
-4015.52	-7142.66	139.239	698.361
-4015.52	-7142.66	137.134	710.043
-4015.52	-7142.66	135.028	686.107
-4015.52	-7142.66	132.921	702.532
-4015.52	-7142.66	130.814	707.084
-4015.52	-7142.66	128.706	673.679
-4015.52	-7142.66	126.598	666.379
-4015.52	-7142.66	124.489	665.01
-4015.52	-7142.66	122.379	639.939
-4015.52	-7142.66	120.269	633.839
-4015.52	-7142.66	118.158	627.741
-4015.52	-7142.66	116.047	616.911
-4015.52	-7142.66	113.935	629.761
-4015.52	-7142.66	111.822	591.716
-4015.52	-7142.66	109.709	589.186
-4015.52	-7142.66	107.596	552.356
-4015.52	-7142.66	105.481	572.304
-4015.52	-7142.66	103.367	540.227
-4015.52	-7142.66	101.251	551.895
-4015.52	-7142.66	99.1351	495.031
-4015.52	-7142.66	97.0184	518.515
-4015.52	-7142.66	94.9012	475.862
-4015.52	-7142.66	92.7834	482.812
-4015.52	-7142.66	90.665	462.614
-4015.52	-7142.66	88.546	469.564
-4015.52	-7142.66	86.4265	438.766
-4015.52	-7142.66	84.3063	424.493
-4015.52	-7142.66	82.1855	431.447
-4015.52	-7142.66	80.0641	372.401
-4015.52	-7142.66	77.9422	387.612
