-3995.52	-7122.66	1979.41	446.197
-3995.52	-7122.66	1977.72	469.76
-3995.52	-7122.66	1976.02	478.545
-3995.52	-7122.66	1974.33	423.827
-3995.52	-7122.66	1972.64	442.953
-3995.52	-7122.66	1970.94	475.358
-3995.52	-7122.66	1969.25	441.331
-3995.52	-7122.66	1967.56	438.307
-3995.52	-7122.66	1965.86	455.941
-3995.52	-7122.66	1964.17	421.934
-3995.52	-7122.66	1962.47	427.765
-3995.52	-7122.66	1960.78	415.896
-3995.52	-7122.66	1959.08	463.013
-3995.52	-7122.66	1957.39	449.667
-3995.52	-7122.66	1955.69	433.378
-3995.52	-7122.66	1953.99	462.782
-3995.52	-7122.66	1952.3	449.443
-3995.52	-7122.66	1950.6	450.841
-3995.52	-7122.66	1948.9	450.766
-3995.52	-7122.66	1947.21	455.109
-3995.52	-7122.66	1945.51	432.943
-3995.52	-7122.66	1943.81	482.931
-3995.52	-7122.66	1942.11	472.545
-3995.52	-7122.66	1940.41	444.5
-3995.52	-7122.66	1938.71	447.368
-3995.52	-7122.66	1937.01	456.121
-3995.52	-7122.66	1935.32	464.87
-3995.52	-7122.66	1933.62	428.02
-3995.52	-7122.66	1931.92	457.36
-3995.52	-7122.66	1930.22	446.99
-3995.52	-7122.66	1928.51	463.085
-3995.52	-7122.66	1926.81	460.066
-3995.52	-7122.66	1925.11	454.11
-3995.52	-7122.66	1923.41	429.053
-3995.52	-7122.66	1921.71	446.609
-3995.52	-7122.66	1920.01	428.906
-3995.52	-7122.66	1918.31	496.388
-3995.52	-7122.66	1916.6	466.936
-3995.52	-7122.66	1914.9	440.43
-3995.52	-7122.66	1913.2	435.951
-3995.52	-7122.66	1911.49	456.422
-3995.52	-7122.66	1909.79	444.604
-3995.52	-7122.66	1908.09	441.594
-3995.52	-7122.66	1906.38	459.119
-3995.52	-7122.66	1904.68	428.241
-3995.52	-7122.66	1902.97	432.566
-3995.52	-7122.66	1901.27	473.541
-3995.52	-7122.66	1899.56	425.087
-3995.52	-7122.66	1897.85	452.858
-3995.52	-7122.66	1896.15	446.918
-3995.52	-7122.66	1894.44	446.84
-3995.52	-7122.66	1892.74	465.804
-3995.52	-7122.66	1891.03	429.109
-3995.52	-7122.66	1889.32	459.784
-3995.52	-7122.66	1887.61	434.815
-3995.52	-7122.66	1885.91	459.623
-3995.52	-7122.66	1884.2	449.297
-3995.52	-7122.66	1882.49	469.704
-3995.52	-7122.66	1880.78	454.991
-3995.52	-7122.66	1879.07	437.358
-3995.52	-7122.66	1877.36	425.581
-3995.52	-7122.66	1875.65	438.665
-3995.52	-7122.66	1873.94	457.593
-3995.52	-7122.66	1872.23	475.052
-3995.52	-7122.66	1870.52	425.279
-3995.52	-7122.66	1868.81	460.272
-3995.52	-7122.66	1867.1	455.807
-3995.52	-7122.66	1865.39	436.737
-3995.52	-7122.66	1863.68	439.58
-3995.52	-7122.66	1861.96	421.98
-3995.52	-7122.66	1860.25	401.466
-3995.52	-7122.66	1858.54	423.288
-3995.52	-7122.66	1856.82	464.074
-3995.52	-7122.66	1855.11	433.35
-3995.52	-7122.66	1853.4	434.731
-3995.52	-7122.66	1851.68	446.321
-3995.52	-7122.66	1849.97	421.45
-3995.52	-7122.66	1848.25	453.451
-3995.52	-7122.66	1846.54	444.622
-3995.52	-7122.66	1844.82	427.052
-3995.52	-7122.66	1843.11	422.603
-3995.52	-7122.66	1841.39	437.096
-3995.52	-7122.66	1839.68	422.45
-3995.52	-7122.66	1837.96	410.721
-3995.52	-7122.66	1836.24	449.964
-3995.52	-7122.66	1834.53	432.411
-3995.52	-7122.66	1832.81	417.776
-3995.52	-7122.66	1831.09	455.54
-3995.52	-7122.66	1829.37	432.174
-3995.52	-7122.66	1827.65	426.276
-3995.52	-7122.66	1825.94	440.744
-3995.52	-7122.66	1824.22	430.483
-3995.52	-7122.66	1822.5	437.674
-3995.52	-7122.66	1820.78	425.964
-3995.52	-7122.66	1819.06	437.514
-3995.52	-7122.66	1817.34	450.513
-3995.52	-7122.66	1815.62	430.088
-3995.52	-7122.66	1813.9	434.367
-3995.52	-7122.66	1812.18	416.857
-3995.52	-7122.66	1810.45	419.685
-3995.52	-7122.66	1808.73	445.742
-3995.52	-7122.66	1807.01	416.626
-3995.52	-7122.66	1805.29	439.771
-3995.52	-7122.66	1803.56	438.238
-3995.52	-7122.66	1801.84	435.255
-3995.52	-7122.66	1800.12	401.811
-3995.52	-7122.66	1798.39	424.941
-3995.52	-7122.66	1796.67	419.062
-3995.52	-7122.66	1794.95	414.635
-3995.52	-7122.66	1793.22	430.502
-3995.52	-7122.66	1791.5	408.683
-3995.52	-7122.66	1789.77	408.607
-3995.52	-7122.66	1788.04	391.146
-3995.52	-7122.66	1786.32	435.974
-3995.52	-7122.66	1784.59	440.237
-3995.52	-7122.66	1782.87	448.841
-3995.52	-7122.66	1781.14	438.624
-3995.52	-7122.66	1779.41	425.515
-3995.52	-7122.66	1777.68	406.623
-3995.52	-7122.66	1775.96	423.908
-3995.52	-7122.66	1774.23	436.847
-3995.52	-7122.66	1772.5	403.501
-3995.52	-7122.66	1770.77	407.763
-3995.52	-7122.66	1769.04	403.349
-3995.52	-7122.66	1767.31	406.163
-3995.52	-7122.66	1765.58	416.202
-3995.52	-7122.66	1763.85	442.131
-3995.52	-7122.66	1762.12	416.044
-3995.52	-7122.66	1760.39	417.41
-3995.52	-7122.66	1758.66	437.547
-3995.52	-7122.66	1756.93	397.038
-3995.52	-7122.66	1755.19	441.711
-3995.52	-7122.66	1753.46	432.968
-3995.52	-7122.66	1751.73	451.643
-3995.52	-7122.66	1750.0	429.917
-3995.52	-7122.66	1748.26	419.738
-3995.52	-7122.66	1746.53	405.237
-3995.52	-7122.66	1744.8	432.554
-3995.52	-7122.66	1743.06	456.978
-3995.52	-7122.66	1741.33	415.093
-3995.52	-7122.66	1739.59	420.777
-3995.52	-7122.66	1737.86	416.374
-3995.52	-7122.66	1736.12	401.889
-3995.52	-7122.66	1734.39	410.453
-3995.52	-7122.66	1732.65	411.814
-3995.52	-7122.66	1730.91	395.899
-3995.52	-7122.66	1729.18	421.731
-3995.52	-7122.66	1727.44	371.282
-3995.52	-7122.66	1725.7	399.986
-3995.52	-7122.66	1723.96	414.294
-3995.52	-7122.66	1722.23	399.831
-3995.52	-7122.66	1720.49	402.63
-3995.52	-7122.66	1718.75	391.05
-3995.52	-7122.66	1717.01	428.347
-3995.52	-7122.66	1715.27	422.515
-3995.52	-7122.66	1713.53	413.812
-3995.52	-7122.66	1711.79	419.478
-3995.52	-7122.66	1710.05	377.744
-3995.52	-7122.66	1708.31	413.57
-3995.52	-7122.66	1706.57	397.697
-3995.52	-7122.66	1704.82	394.748
-3995.52	-7122.66	1703.08	439.161
-3995.52	-7122.66	1701.34	421.857
-3995.52	-7122.66	1699.6	397.386
-3995.52	-7122.66	1697.85	414.52
-3995.52	-7122.66	1696.11	411.571
-3995.52	-7122.66	1694.37	420.093
-3995.52	-7122.66	1692.62	385.607
-3995.52	-7122.66	1690.88	414.195
-3995.52	-7122.66	1689.13	404.083
-3995.52	-7122.66	1687.39	422.628
-3995.52	-7122.66	1685.64	426.842
-3995.52	-7122.66	1683.9	403.845
-3995.52	-7122.66	1682.15	415.219
-3995.52	-7122.66	1680.41	409.411
-3995.52	-7122.66	1678.66	407.899
-3995.52	-7122.66	1676.91	403.526
-3995.52	-7122.66	1675.16	419.183
-3995.52	-7122.66	1673.42	363.316
-3995.52	-7122.66	1671.67	407.577
-3995.52	-7122.66	1669.92	406.066
-3995.52	-7122.66	1668.17	424.57
-3995.52	-7122.66	1666.42	420.198
-3995.52	-7122.66	1664.67	402.967
-3995.52	-7122.66	1662.92	398.601
-3995.52	-7122.66	1661.17	385.666
-3995.52	-7122.66	1659.42	382.733
-3995.52	-7122.66	1657.67	389.796
-3995.52	-7122.66	1655.92	412.559
-3995.52	-7122.66	1654.17	436.74
-3995.52	-7122.66	1652.42	406.686
-3995.52	-7122.66	1650.66	430.859
-3995.52	-7122.66	1648.91	402.245
-3995.52	-7122.66	1647.16	436.391
-3995.52	-7122.66	1645.41	419.194
-3995.52	-7122.66	1643.65	420.535
-3995.52	-7122.66	1641.9	413.325
-3995.52	-7122.66	1640.14	380.467
-3995.52	-7122.66	1638.39	401.761
-3995.52	-7122.66	1636.63	401.681
-3995.52	-7122.66	1634.88	405.872
-3995.52	-7122.66	1633.12	424.301
-3995.52	-7122.66	1631.37	408.556
-3995.52	-7122.66	1629.61	381.432
-3995.52	-7122.66	1627.85	391.316
-3995.52	-7122.66	1626.09	382.701
-3995.52	-7122.66	1624.34	411.072
-3995.52	-7122.66	1622.58	429.476
-3995.52	-7122.66	1620.82	391.0
-3995.52	-7122.66	1619.06	392.343
-3995.52	-7122.66	1617.3	406.476
-3995.52	-7122.66	1615.54	382.237
-3995.52	-7122.66	1613.78	407.732
-3995.52	-7122.66	1612.02	400.548
-3995.52	-7122.66	1610.26	389.106
-3995.52	-7122.66	1608.5	421.682
-3995.52	-7122.66	1606.74	407.401
-3995.52	-7122.66	1604.98	380.353
-3995.52	-7122.66	1603.22	377.438
-3995.52	-7122.66	1601.46	429.852
-3995.52	-7122.66	1599.69	399.978
-3995.52	-7122.66	1597.93	397.061
-3995.52	-7122.66	1596.17	379.967
-3995.52	-7122.66	1594.4	381.307
-3995.52	-7122.66	1592.64	419.493
-3995.52	-7122.66	1590.88	381.151
-3995.52	-7122.66	1589.11	376.823
-3995.52	-7122.66	1587.35	396.575
-3995.52	-7122.66	1585.58	386.582
-3995.52	-7122.66	1583.81	406.323
-3995.52	-7122.66	1582.05	375.1
-3995.52	-7122.66	1580.28	399.081
-3995.52	-7122.66	1578.51	393.339
-3995.52	-7122.66	1576.75	383.357
-3995.52	-7122.66	1574.98	408.736
-3995.52	-7122.66	1573.21	387.441
-3995.52	-7122.66	1571.44	408.568
-3995.52	-7122.66	1569.67	383.042
-3995.52	-7122.66	1567.91	366.005
-3995.52	-7122.66	1566.14	398.426
-3995.52	-7122.66	1564.37	405.406
-3995.52	-7122.66	1562.6	378.49
-3995.52	-7122.66	1560.83	396.767
-3995.52	-7122.66	1559.05	403.744
-3995.52	-7122.66	1557.28	378.256
-3995.52	-7122.66	1555.51	407.811
-3995.52	-7122.66	1553.74	416.191
-3995.52	-7122.66	1551.97	370.969
-3995.52	-7122.66	1550.19	401.917
-3995.52	-7122.66	1548.42	403.244
-3995.52	-7122.66	1546.65	389.064
-3995.52	-7122.66	1544.87	383.346
-3995.52	-7122.66	1543.1	387.494
-3995.52	-7122.66	1541.32	374.734
-3995.52	-7122.66	1539.55	356.346
-3995.52	-7122.66	1537.77	383.028
-3995.52	-7122.66	1536.0	391.396
-3995.52	-7122.66	1534.22	378.646
-3995.52	-7122.66	1532.45	417.972
-3995.52	-7122.66	1530.67	420.699
-3995.52	-7122.66	1528.89	402.324
-3995.52	-7122.66	1527.11	388.176
-3995.52	-7122.66	1525.34	368.409
-3995.52	-7122.66	1523.56	375.361
-3995.52	-7122.66	1521.78	378.094
-3995.52	-7122.66	1520.0	375.205
-3995.52	-7122.66	1518.22	375.127
-3995.52	-7122.66	1516.44	383.476
-3995.52	-7122.66	1514.66	389.014
-3995.52	-7122.66	1512.88	381.912
-3995.52	-7122.66	1511.1	379.024
-3995.52	-7122.66	1509.32	385.963
-3995.52	-7122.66	1507.54	360.624
-3995.52	-7122.66	1505.76	374.578
-3995.52	-7122.66	1503.97	392.733
-3995.52	-7122.66	1502.19	378.628
-3995.52	-7122.66	1500.41	399.579
-3995.52	-7122.66	1498.62	375.665
-3995.52	-7122.66	1496.84	381.192
-3995.52	-7122.66	1495.06	362.897
-3995.52	-7122.66	1493.27	382.433
-3995.52	-7122.66	1491.49	369.747
-3995.52	-7122.66	1489.7	399.075
-3995.52	-7122.66	1487.91	394.791
-3995.52	-7122.66	1486.13	384.91
-3995.52	-7122.66	1484.34	362.439
-3995.52	-7122.66	1482.55	379.152
-3995.52	-7122.66	1480.77	365.084
-3995.52	-7122.66	1478.98	363.608
-3995.52	-7122.66	1477.19	394.292
-3995.52	-7122.66	1475.4	383.026
-3995.52	-7122.66	1473.61	371.764
-3995.52	-7122.66	1471.83	378.672
-3995.52	-7122.66	1470.04	370.21
-3995.52	-7122.66	1468.25	370.131
-3995.52	-7122.66	1466.46	382.621
-3995.52	-7122.66	1464.67	365.786
-3995.52	-7122.66	1462.87	354.542
-3995.52	-7122.66	1461.08	375.4
-3995.52	-7122.66	1459.29	359.973
-3995.52	-7122.66	1457.5	364.081
-3995.52	-7122.66	1455.71	380.74
-3995.52	-7122.66	1453.91	366.715
-3995.52	-7122.66	1452.12	356.879
-3995.52	-7122.66	1450.33	377.71
-3995.52	-7122.66	1448.53	379.023
-3995.52	-7122.66	1446.74	363.617
-3995.52	-7122.66	1444.94	374.683
-3995.52	-7122.66	1443.15	374.603
-3995.52	-7122.66	1441.35	391.231
-3995.52	-7122.66	1439.56	374.444
-3995.52	-7122.66	1437.76	388.281
-3995.52	-7122.66	1435.96	384.024
-3995.52	-7122.66	1434.17	367.249
-3995.52	-7122.66	1432.37	406.113
-3995.52	-7122.66	1430.57	374.045
-3995.52	-7122.66	1428.77	371.184
-3995.52	-7122.66	1426.97	391.954
-3995.52	-7122.66	1425.17	379.363
-3995.52	-7122.66	1423.37	373.725
-3995.52	-7122.66	1421.58	381.979
-3995.52	-7122.66	1419.77	354.123
-3995.52	-7122.66	1417.97	363.766
-3995.52	-7122.66	1416.17	406.72
-3995.52	-7122.66	1414.37	398.306
-3995.52	-7122.66	1412.57	391.283
-3995.52	-7122.66	1410.77	391.199
-3995.52	-7122.66	1408.97	361.99
-3995.52	-7122.66	1407.16	346.659
-3995.52	-7122.66	1405.36	357.675
-3995.52	-7122.66	1403.56	374.231
-3995.52	-7122.66	1401.75	356.136
-3995.52	-7122.66	1399.95	403.165
-3995.52	-7122.66	1398.14	365.679
-3995.52	-7122.66	1396.34	378.064
-3995.52	-7122.66	1394.53	354.445
-3995.52	-7122.66	1392.73	373.748
-3995.52	-7122.66	1390.92	351.525
-3995.52	-7122.66	1389.11	395.726
-3995.52	-7122.66	1387.3	367.974
-3995.52	-7122.66	1385.5	352.681
-3995.52	-7122.66	1383.69	385.791
-3995.52	-7122.66	1381.88	387.09
-3995.52	-7122.66	1380.07	375.949
-3995.52	-7122.66	1378.26	375.868
-3995.52	-7122.66	1376.45	379.932
-3995.52	-7122.66	1374.64	397.806
-3995.52	-7122.66	1372.83	364.577
-3995.52	-7122.66	1371.02	389.35
-3995.52	-7122.66	1369.21	400.309
-3995.52	-7122.66	1367.4	360.2
-3995.52	-7122.66	1365.59	379.439
-3995.52	-7122.66	1363.78	373.839
-3995.52	-7122.66	1361.96	372.379
-3995.52	-7122.66	1360.15	346.099
-3995.52	-7122.66	1358.34	347.403
-3995.52	-7122.66	1356.52	359.732
-3995.52	-7122.66	1354.71	367.922
-3995.52	-7122.66	1352.89	358.199
-3995.52	-7122.66	1351.08	376.027
-3995.52	-7122.66	1349.26	362.174
-3995.52	-7122.66	1347.45	359.342
-3995.52	-7122.66	1345.63	392.3
-3995.52	-7122.66	1343.81	381.205
-3995.52	-7122.66	1342.0	365.987
-3995.52	-7122.66	1340.18	371.41
-3995.52	-7122.66	1338.36	327.32
-3995.52	-7122.66	1336.54	361.624
-3995.52	-7122.66	1334.73	346.423
-3995.52	-7122.66	1332.91	379.333
-3995.52	-7122.66	1331.09	369.632
-3995.52	-7122.66	1329.27	375.047
-3995.52	-7122.66	1327.45	362.604
-3995.52	-7122.66	1325.63	369.391
-3995.52	-7122.66	1323.81	372.056
-3995.52	-7122.66	1321.98	377.465
-3995.52	-7122.66	1320.16	358.171
-3995.52	-7122.66	1318.34	358.092
-3995.52	-7122.66	1316.52	364.873
-3995.52	-7122.66	1314.7	374.393
-3995.52	-7122.66	1312.87	370.198
-3995.52	-7122.66	1311.05	371.488
-3995.52	-7122.66	1309.22	365.924
-3995.52	-7122.66	1307.4	378.176
-3995.52	-7122.66	1305.57	367.134
-3995.52	-7122.66	1303.75	379.38
-3995.52	-7122.66	1301.92	324.525
-3995.52	-7122.66	1300.1	343.62
-3995.52	-7122.66	1298.27	373.656
-3995.52	-7122.66	1296.44	342.101
-3995.52	-7122.66	1294.62	357.075
-3995.52	-7122.66	1292.79	350.158
-3995.52	-7122.66	1290.96	344.611
-3995.52	-7122.66	1289.13	352.739
-3995.52	-7122.66	1287.3	369.064
-3995.52	-7122.66	1285.47	356.684
-3995.52	-7122.66	1283.64	353.873
-3995.52	-7122.66	1281.81	367.455
-3995.52	-7122.66	1279.98	355.083
-3995.52	-7122.66	1278.15	355.005
-3995.52	-7122.66	1276.32	344.006
-3995.52	-7122.66	1274.49	330.283
-3995.52	-7122.66	1272.66	357.5
-3995.52	-7122.66	1270.82	341.051
-3995.52	-7122.66	1268.99	345.068
-3995.52	-7122.66	1267.16	362.718
-3995.52	-7122.66	1265.32	364.002
-3995.52	-7122.66	1263.49	351.655
-3995.52	-7122.66	1261.66	335.225
-3995.52	-7122.66	1259.82	356.949
-3995.52	-7122.66	1257.98	384.113
-3995.52	-7122.66	1256.15	384.028
-3995.52	-7122.66	1254.31	378.497
-3995.52	-7122.66	1252.48	372.969
-3995.52	-7122.66	1250.64	355.195
-3995.52	-7122.66	1248.8	375.525
-3995.52	-7122.66	1246.96	348.237
-3995.52	-7122.66	1245.13	372.64
-3995.52	-7122.66	1243.29	361.68
-3995.52	-7122.66	1241.45	349.365
-3995.52	-7122.66	1239.61	360.161
-3995.52	-7122.66	1237.77	366.875
-3995.52	-7122.66	1235.93	345.058
-3995.52	-7122.66	1234.09	344.982
-3995.52	-7122.66	1232.25	355.768
-3995.52	-7122.66	1230.41	354.332
-3995.52	-7122.66	1228.56	346.11
-3995.52	-7122.66	1226.72	337.891
-3995.52	-7122.66	1224.88	363.594
-3995.52	-7122.66	1223.04	340.454
-3995.52	-7122.66	1221.19	329.53
-3995.52	-7122.66	1219.35	363.352
-3995.52	-7122.66	1217.5	363.271
-3995.52	-7122.66	1215.66	374.032
-3995.52	-7122.66	1213.81	350.916
-3995.52	-7122.66	1211.97	390.121
-3995.52	-7122.66	1210.12	353.469
-3995.52	-7122.66	1208.28	352.036
-3995.52	-7122.66	1206.43	349.251
-3995.52	-7122.66	1204.58	381.654
-3995.52	-7122.66	1202.73	361.273
-3995.52	-7122.66	1200.89	338.196
-3995.52	-7122.66	1199.04	348.94
-3995.52	-7122.66	1197.19	369.145
-3995.52	-7122.66	1195.34	352.841
-3995.52	-7122.66	1193.49	350.059
-3995.52	-7122.66	1191.64	362.143
-3995.52	-7122.66	1189.79	363.413
-3995.52	-7122.66	1187.94	357.929
-3995.52	-7122.66	1186.09	368.653
-3995.52	-7122.66	1184.23	364.52
-3995.52	-7122.66	1182.38	349.592
-3995.52	-7122.66	1180.53	361.659
-3995.52	-7122.66	1178.68	396.657
-3995.52	-7122.66	1176.82	360.149
-3995.52	-7122.66	1174.97	339.84
-3995.52	-7122.66	1173.12	359.988
-3995.52	-7122.66	1171.26	367.995
-3995.52	-7122.66	1169.41	371.956
-3995.52	-7122.66	1167.55	366.484
-3995.52	-7122.66	1165.69	354.278
-3995.52	-7122.66	1163.84	366.32
-3995.52	-7122.66	1161.98	337.962
-3995.52	-7122.66	1160.12	355.387
-3995.52	-7122.66	1158.27	349.924
-3995.52	-7122.66	1156.41	360.61
-3995.52	-7122.66	1154.55	359.184
-3995.52	-7122.66	1152.69	342.964
-3995.52	-7122.66	1150.83	350.956
-3995.52	-7122.66	1148.97	379.109
-3995.52	-7122.66	1147.11	384.4
-3995.52	-7122.66	1145.25	366.845
-3995.52	-7122.66	1143.39	376.167
-3995.52	-7122.66	1141.53	358.622
-3995.52	-7122.66	1139.67	366.598
-3995.52	-7122.66	1137.81	362.489
-3995.52	-7122.66	1135.94	354.354
-3995.52	-7122.66	1134.08	346.223
-3995.52	-7122.66	1132.22	344.803
-3995.52	-7122.66	1130.35	378.26
-3995.52	-7122.66	1128.49	348.672
-3995.52	-7122.66	1126.62	357.979
-3995.52	-7122.66	1124.76	388.728
-3995.52	-7122.66	1122.89	376.58
-3995.52	-7122.66	1121.03	391.233
-3995.52	-7122.66	1119.16	376.411
-3995.52	-7122.66	1117.3	377.665
-3995.52	-7122.66	1115.43	374.902
-3995.52	-7122.66	1113.56	352.061
-3995.52	-7122.66	1111.69	349.305
-3995.52	-7122.66	1109.82	343.875
-3995.52	-7122.66	1107.96	365.201
-3995.52	-7122.66	1106.09	349.07
-3995.52	-7122.66	1104.22	351.665
-3995.52	-7122.66	1102.35	376.986
-3995.52	-7122.66	1100.48	370.218
-3995.52	-7122.66	1098.61	386.17
-3995.52	-7122.66	1096.73	362.036
-3995.52	-7122.66	1094.86	361.954
-3995.52	-7122.66	1092.99	373.891
-3995.52	-7122.66	1091.12	364.461
-3995.52	-7122.66	1089.24	361.71
-3995.52	-7122.66	1087.37	360.294
-3995.52	-7122.66	1085.5	356.21
-3995.52	-7122.66	1083.62	370.801
-3995.52	-7122.66	1081.75	386.72
-3995.52	-7122.66	1079.87	374.634
-3995.52	-7122.66	1078.0	370.55
-3995.52	-7122.66	1076.12	358.473
-3995.52	-7122.66	1074.24	390.368
-3995.52	-7122.66	1072.37	384.951
-3995.52	-7122.66	1070.49	388.859
-3995.52	-7122.66	1068.61	374.126
-3995.52	-7122.66	1066.73	368.717
-3995.52	-7122.66	1064.86	364.641
-3995.52	-7122.66	1062.98	384.516
-3995.52	-7122.66	1061.1	371.127
-3995.52	-7122.66	1059.22	389.662
-3995.52	-7122.66	1057.34	374.948
-3995.52	-7122.66	1055.46	416.071
-3995.52	-7122.66	1053.58	397.371
-3995.52	-7122.66	1051.69	402.596
-3995.52	-7122.66	1049.81	356.011
-3995.52	-7122.66	1047.93	370.539
-3995.52	-7122.66	1046.05	387.716
-3995.52	-7122.66	1044.16	387.628
-3995.52	-7122.66	1042.28	374.268
-3995.52	-7122.66	1040.4	394.087
-3995.52	-7122.66	1038.51	370.119
-3995.52	-7122.66	1036.63	384.624
-3995.52	-7122.66	1034.74	384.537
-3995.52	-7122.66	1032.86	393.729
-3995.52	-7122.66	1030.97	385.687
-3995.52	-7122.66	1029.08	400.176
-3995.52	-7122.66	1027.2	412.008
-3995.52	-7122.66	1025.31	397.345
-3995.52	-7122.66	1023.42	406.524
-3995.52	-7122.66	1021.53	418.346
-3995.52	-7122.66	1019.64	453.988
-3995.52	-7122.66	1017.75	411.54
-3995.52	-7122.66	1015.86	437.905
-3995.52	-7122.66	1013.97	425.902
-3995.52	-7122.66	1012.08	433.739
-3995.52	-7122.66	1010.19	442.895
-3995.52	-7122.66	1008.3	477.16
-3995.52	-7122.66	1006.41	463.837
-3995.52	-7122.66	1004.52	463.731
-3995.52	-7122.66	1002.62	453.058
-3995.52	-7122.66	1000.73	480.687
-3995.52	-7122.66	998.837	460.773
-3995.52	-7122.66	996.943	508.187
-3995.52	-7122.66	995.049	473.76
-3995.52	-7122.66	993.154	513.232
-3995.52	-7122.66	991.258	527.625
-3995.52	-7122.66	989.363	561.792
-3995.52	-7122.66	987.467	564.301
-3995.52	-7122.66	985.57	568.127
-3995.52	-7122.66	983.673	561.408
-3995.52	-7122.66	981.776	590.265
-3995.52	-7122.66	979.878	582.227
-3995.52	-7122.66	977.979	589.996
-3995.52	-7122.66	976.081	624.094
-3995.52	-7122.66	974.181	592.359
-3995.52	-7122.66	972.282	601.435
-3995.52	-7122.66	970.382	613.14
-3995.52	-7122.66	968.481	619.576
-3995.52	-7122.66	966.58	629.956
-3995.52	-7122.66	964.679	610.089
-3995.52	-7122.66	962.777	633.611
-3995.52	-7122.66	960.875	665.008
-3995.52	-7122.66	958.972	621.495
-3995.52	-7122.66	957.069	634.489
-3995.52	-7122.66	955.166	631.717
-3995.52	-7122.66	953.262	646.016
-3995.52	-7122.66	951.357	616.987
-3995.52	-7122.66	949.452	657.531
-3995.52	-7122.66	947.547	661.317
-3995.52	-7122.66	945.641	637.552
-3995.52	-7122.66	943.735	671.506
-3995.52	-7122.66	941.829	637.259
-3995.52	-7122.66	939.922	638.424
-3995.52	-7122.66	938.014	627.792
-3995.52	-7122.66	936.106	598.821
-3995.52	-7122.66	934.198	593.443
-3995.52	-7122.66	932.289	607.714
-3995.52	-7122.66	930.38	581.385
-3995.52	-7122.66	928.47	569.47
-3995.52	-7122.66	926.56	579.809
-3995.52	-7122.66	924.649	561.356
-3995.52	-7122.66	922.738	523.289
-3995.52	-7122.66	920.827	524.476
-3995.52	-7122.66	918.915	521.74
-3995.52	-7122.66	917.003	528.157
-3995.52	-7122.66	915.09	505.816
-3995.52	-7122.66	913.177	523.993
-3995.52	-7122.66	911.263	506.889
-3995.52	-7122.66	909.349	483.262
-3995.52	-7122.66	907.435	501.432
-3995.52	-7122.66	905.52	493.483
-3995.52	-7122.66	903.604	495.98
-3995.52	-7122.66	901.688	481.512
-3995.52	-7122.66	899.772	490.533
-3995.52	-7122.66	897.855	487.811
-3995.52	-7122.66	895.938	466.834
-3995.52	-7122.66	894.021	458.904
-3995.52	-7122.66	892.103	464.012
-3995.52	-7122.66	890.184	480.845
-3995.52	-7122.66	888.265	467.706
-3995.52	-7122.66	886.346	475.413
-3995.52	-7122.66	884.426	476.605
-3995.52	-7122.66	882.506	446.551
-3995.52	-7122.66	880.585	442.543
-3995.52	-7122.66	878.664	460.659
-3995.52	-7122.66	876.742	459.251
-3995.52	-7122.66	874.82	453.942
-3995.52	-7122.66	872.898	487.647
-3995.52	-7122.66	870.975	475.833
-3995.52	-7122.66	869.051	439.329
-3995.52	-7122.66	867.127	467.816
-3995.52	-7122.66	865.203	470.306
-3995.52	-7122.66	863.278	470.197
-3995.52	-7122.66	861.353	444.116
-3995.52	-7122.66	859.428	488.154
-3995.52	-7122.66	857.502	467.273
-3995.52	-7122.66	855.575	442.509
-3995.52	-7122.66	853.648	493.004
-3995.52	-7122.66	851.721	468.245
-3995.52	-7122.66	849.793	501.853
-3995.52	-7122.66	847.865	468.028
-3995.52	-7122.66	845.936	456.253
-3995.52	-7122.66	844.007	475.585
-3995.52	-7122.66	842.077	446.972
-3995.52	-7122.66	840.147	470.183
-3995.52	-7122.66	838.216	461.009
-3995.52	-7122.66	836.285	429.83
-3995.52	-7122.66	834.354	468.561
-3995.52	-7122.66	832.422	477.51
-3995.52	-7122.66	830.49	472.224
-3995.52	-7122.66	828.557	455.299
-3995.52	-7122.66	826.624	468.124
-3995.52	-7122.66	824.69	470.601
-3995.52	-7122.66	822.756	470.491
-3995.52	-7122.66	820.821	488.473
-3995.52	-7122.66	818.886	459.936
-3995.52	-7122.66	816.951	485.662
-3995.52	-7122.66	815.015	471.344
-3995.52	-7122.66	813.078	454.45
-3995.52	-7122.66	811.141	453.053
-3995.52	-7122.66	809.204	446.495
-3995.52	-7122.66	807.266	446.391
-3995.52	-7122.66	805.328	456.605
-3995.52	-7122.66	803.389	460.367
-3995.52	-7122.66	801.45	465.417
-3995.52	-7122.66	799.511	469.175
-3995.52	-7122.66	797.571	451.024
-3995.52	-7122.66	795.63	507.605
-3995.52	-7122.66	793.689	476.574
-3995.52	-7122.66	791.748	445.556
-3995.52	-7122.66	789.806	445.452
-3995.52	-7122.66	787.864	454.358
-3995.52	-7122.66	785.921	467.119
-3995.52	-7122.66	783.978	455.431
-3995.52	-7122.66	782.034	420.596
-3995.52	-7122.66	780.09	464.219
-3995.52	-7122.66	778.145	457.682
-3995.52	-7122.66	776.2	438.295
-3995.52	-7122.66	774.255	434.337
-3995.52	-7122.66	772.309	452.221
-3995.52	-7122.66	770.362	443.124
-3995.52	-7122.66	768.416	426.326
-3995.52	-7122.66	766.468	444.2
-3995.52	-7122.66	764.52	441.528
-3995.52	-7122.66	762.572	454.257
-3995.52	-7122.66	760.624	437.472
-3995.52	-7122.66	758.674	439.934
-3995.52	-7122.66	756.725	433.419
-3995.52	-7122.66	754.775	448.701
-3995.52	-7122.66	752.824	458.849
-3995.52	-7122.66	750.873	433.113
-3995.52	-7122.66	748.922	471.444
-3995.52	-7122.66	746.97	436.751
-3995.52	-7122.66	745.017	467.38
-3995.52	-7122.66	743.065	468.55
-3995.52	-7122.66	741.111	428.763
-3995.52	-7122.66	739.158	440.178
-3995.52	-7122.66	737.203	441.354
-3995.52	-7122.66	735.249	427.181
-3995.52	-7122.66	733.294	423.244
-3995.52	-7122.66	731.338	452.547
-3995.52	-7122.66	729.382	431.99
-3995.52	-7122.66	727.425	449.777
-3995.52	-7122.66	725.468	476.498
-3995.52	-7122.66	723.511	440.624
-3995.52	-7122.66	721.553	435.413
-3995.52	-7122.66	719.595	451.905
-3995.52	-7122.66	717.636	430.102
-3995.52	-7122.66	715.676	419.792
-3995.52	-7122.66	713.717	435.001
-3995.52	-7122.66	711.756	455.303
-3995.52	-7122.66	709.796	447.545
-3995.52	-7122.66	707.835	437.241
-3995.52	-7122.66	705.873	452.431
-3995.52	-7122.66	703.911	471.435
-3995.52	-7122.66	701.948	430.56
-3995.52	-7122.66	699.985	421.543
-3995.52	-7122.66	698.022	448.181
-3995.52	-7122.66	696.058	440.437
-3995.52	-7122.66	694.093	426.334
-3995.52	-7122.66	692.129	451.679
-3995.52	-7122.66	690.163	423.587
-3995.52	-7122.66	688.197	466.725
-3995.52	-7122.66	686.231	429.743
-3995.52	-7122.66	684.264	422.014
-3995.52	-7122.66	682.297	449.871
-3995.52	-7122.66	680.329	467.551
-3995.52	-7122.66	678.361	463.629
-3995.52	-7122.66	676.393	454.629
-3995.52	-7122.66	674.423	472.296
-3995.52	-7122.66	672.454	427.757
-3995.52	-7122.66	670.484	474.608
-3995.52	-7122.66	668.513	454.196
-3995.52	-7122.66	666.542	457.893
-3995.52	-7122.66	664.571	473.001
-3995.52	-7122.66	662.599	455.138
-3995.52	-7122.66	660.627	475.31
-3995.52	-7122.66	658.654	465.058
-3995.52	-7122.66	656.68	477.616
-3995.52	-7122.66	654.707	473.702
-3995.52	-7122.66	652.732	502.713
-3995.52	-7122.66	650.758	472.209
-3995.52	-7122.66	648.782	454.377
-3995.52	-7122.66	646.807	463.126
-3995.52	-7122.66	644.83	476.93
-3995.52	-7122.66	642.854	494.523
-3995.52	-7122.66	640.877	475.437
-3995.52	-7122.66	638.899	493.022
-3995.52	-7122.66	636.921	499.223
-3995.52	-7122.66	634.942	481.413
-3995.52	-7122.66	632.963	477.508
-3995.52	-7122.66	630.984	458.449
-3995.52	-7122.66	629.004	446.975
-3995.52	-7122.66	627.023	480.951
-3995.52	-7122.66	625.042	498.503
-3995.52	-7122.66	623.061	498.383
-3995.52	-7122.66	621.079	489.434
-3995.52	-7122.66	619.097	483.01
-3995.52	-7122.66	617.114	482.894
-3995.52	-7122.66	615.131	494.122
-3995.52	-7122.66	613.147	500.304
-3995.52	-7122.66	611.163	500.184
-3995.52	-7122.66	609.178	516.438
-3995.52	-7122.66	607.193	492.386
-3995.52	-7122.66	605.207	492.268
-3995.52	-7122.66	603.221	511.029
-3995.52	-7122.66	601.234	492.03
-3995.52	-7122.66	599.247	466.749
-3995.52	-7122.66	597.259	521.979
-3995.52	-7122.66	595.271	491.673
-3995.52	-7122.66	593.283	484.011
-3995.52	-7122.66	591.294	470.069
-3995.52	-7122.66	589.304	469.955
-3995.52	-7122.66	587.314	467.328
-3995.52	-7122.66	585.323	486.055
-3995.52	-7122.66	583.332	483.425
-3995.52	-7122.66	581.341	500.883
-3995.52	-7122.66	579.349	454.325
-3995.52	-7122.66	577.357	489.347
-3995.52	-7122.66	575.364	498.01
-3995.52	-7122.66	573.37	477.823
-3995.52	-7122.66	571.376	488.991
-3995.52	-7122.66	569.382	492.633
-3995.52	-7122.66	567.387	497.526
-3995.52	-7122.66	565.392	512.44
-3995.52	-7122.66	563.396	494.778
-3995.52	-7122.66	561.399	527.218
-3995.52	-7122.66	559.403	534.601
-3995.52	-7122.66	557.405	516.947
-3995.52	-7122.66	555.408	516.821
-3995.52	-7122.66	553.409	527.955
-3995.52	-7122.66	551.411	537.833
-3995.52	-7122.66	549.411	540.202
-3995.52	-7122.66	547.412	566.324
-3995.52	-7122.66	545.411	579.934
-3995.52	-7122.66	543.411	606.033
-3995.52	-7122.66	541.409	639.614
-3995.52	-7122.66	539.408	649.449
-3995.52	-7122.66	537.406	683.004
-3995.52	-7122.66	535.403	751.495
-3995.52	-7122.66	533.4	789.999
-3995.52	-7122.66	531.396	884.633
-3995.52	-7122.66	529.392	1064.04
-3995.52	-7122.66	527.387	1334.4
-3995.52	-7122.66	525.382	1820.33
-3995.52	-7122.66	523.376	2732.32
-3995.52	-7122.66	521.37	3966.62
-3995.52	-7122.66	519.364	4890.09
-3995.52	-7122.66	517.357	5332.32
-3995.52	-7122.66	515.349	4892.67
-3995.52	-7122.66	513.341	4255.29
-3995.52	-7122.66	511.332	3472.6
-3995.52	-7122.66	509.323	2870.72
-3995.52	-7122.66	507.314	2474.41
-3995.52	-7122.66	505.304	2185.25
-3995.52	-7122.66	503.293	1970.84
-3995.52	-7122.66	501.282	1773.94
-3995.52	-7122.66	499.27	1677.81
-3995.52	-7122.66	497.258	1648.81
-3995.52	-7122.66	495.246	1580.09
-3995.52	-7122.66	493.233	1528.78
-3995.52	-7122.66	491.219	1496.12
-3995.52	-7122.66	489.205	1441.13
-3995.52	-7122.66	487.191	1342.74
-3995.52	-7122.66	485.176	1348.61
-3995.52	-7122.66	483.16	1232.92
-3995.52	-7122.66	481.144	1186.73
-3995.52	-7122.66	479.128	1193.88
-3995.52	-7122.66	477.111	1167.55
-3995.52	-7122.66	475.093	1149.92
-3995.52	-7122.66	473.075	1103.79
-3995.52	-7122.66	471.056	1104.76
-3995.52	-7122.66	469.037	1057.43
-3995.52	-7122.66	467.018	1065.83
-3995.52	-7122.66	464.998	1016.07
-3995.52	-7122.66	462.977	996.016
-3995.52	-7122.66	460.956	1029.17
-3995.52	-7122.66	458.935	985.627
-3995.52	-7122.66	456.913	969.309
-3995.52	-7122.66	454.89	945.582
-3995.52	-7122.66	452.867	919.395
-3995.52	-7122.66	450.843	908.047
-3995.52	-7122.66	448.819	891.764
-3995.52	-7122.66	446.795	891.541
-3995.52	-7122.66	444.77	867.862
-3995.52	-7122.66	442.744	850.367
-3995.52	-7122.66	440.718	818.073
-3995.52	-7122.66	438.691	830.204
-3995.52	-7122.66	436.664	821.363
-3995.52	-7122.66	434.637	779.236
-3995.52	-7122.66	432.608	796.298
-3995.52	-7122.66	430.58	755.431
-3995.52	-7122.66	428.551	786.042
-3995.52	-7122.66	426.521	746.43
-3995.52	-7122.66	424.491	720.382
-3995.52	-7122.66	422.46	747.286
-3995.52	-7122.66	420.429	717.558
-3995.52	-7122.66	418.397	766.598
-3995.52	-7122.66	416.365	713.507
-3995.52	-7122.66	414.332	728.086
-3995.52	-7122.66	412.299	719.295
-3995.52	-7122.66	410.265	701.904
-3995.52	-7122.66	408.231	714.017
-3995.52	-7122.66	406.196	695.407
-3995.52	-7122.66	404.161	698.916
-3995.52	-7122.66	402.125	692.6
-3995.52	-7122.66	400.089	687.514
-3995.52	-7122.66	398.052	677.521
-3995.52	-7122.66	396.015	689.62
-3995.52	-7122.66	393.977	699.26
-3995.52	-7122.66	391.938	683.139
-3995.52	-7122.66	389.899	659.669
-3995.52	-7122.66	387.86	679.115
-3995.52	-7122.66	385.82	669.138
-3995.52	-7122.66	383.78	697.148
-3995.52	-7122.66	381.739	696.971
-3995.52	-7122.66	379.697	696.794
-3995.52	-7122.66	377.655	674.58
-3995.52	-7122.66	375.613	658.497
-3995.52	-7122.66	373.57	676.684
-3995.52	-7122.66	371.526	678.958
-3995.52	-7122.66	369.482	683.677
-3995.52	-7122.66	367.437	676.167
-3995.52	-7122.66	365.392	690.663
-3995.52	-7122.66	363.346	674.599
-3995.52	-7122.66	361.3	669.54
-3995.52	-7122.66	359.254	690.134
-3995.52	-7122.66	357.206	648.438
-3995.52	-7122.66	355.159	649.493
-3995.52	-7122.66	353.11	649.326
-3995.52	-7122.66	351.062	645.499
-3995.52	-7122.66	349.012	662.413
-3995.52	-7122.66	346.962	654.925
-3995.52	-7122.66	344.912	655.976
-3995.52	-7122.66	342.861	655.808
-3995.52	-7122.66	340.81	666.607
-3995.52	-7122.66	338.758	660.344
-3995.52	-7122.66	336.705	661.392
-3995.52	-7122.66	334.652	661.222
-3995.52	-7122.66	332.599	676.878
-3995.52	-7122.66	330.545	654.796
-3995.52	-7122.66	328.49	700.865
-3995.52	-7122.66	326.435	687.303
-3995.52	-7122.66	324.379	661.586
-3995.52	-7122.66	322.323	697.89
-3995.52	-7122.66	320.266	700.141
-3995.52	-7122.66	318.209	701.175
-3995.52	-7122.66	316.151	699.779
-3995.52	-7122.66	314.093	686.237
-3995.52	-7122.66	312.034	677.56
-3995.52	-7122.66	309.975	668.886
-3995.52	-7122.66	307.915	708.763
-3995.52	-7122.66	305.854	714.645
-3995.52	-7122.66	303.793	718.099
-3995.52	-7122.66	301.732	734.89
-3995.52	-7122.66	299.67	709.239
-3995.52	-7122.66	297.607	699.358
-3995.52	-7122.66	295.544	705.234
-3995.52	-7122.66	293.48	696.57
-3995.52	-7122.66	291.416	704.867
-3995.52	-7122.66	289.351	688.942
-3995.52	-7122.66	287.286	674.237
-3995.52	-7122.66	285.22	688.582
-3995.52	-7122.66	283.154	669.045
-3995.52	-7122.66	281.087	674.918
-3995.52	-7122.66	279.019	650.557
-3995.52	-7122.66	276.951	675.773
-3995.52	-7122.66	274.883	685.265
-3995.52	-7122.66	272.814	650.045
-3995.52	-7122.66	270.744	639.003
-3995.52	-7122.66	268.674	642.458
-3995.52	-7122.66	266.603	636.253
-3995.52	-7122.66	264.532	621.602
-3995.52	-7122.66	262.46	610.578
-3995.52	-7122.66	260.388	588.703
-3995.52	-7122.66	258.315	622.317
-3995.52	-7122.66	256.241	581.158
-3995.52	-7122.66	254.167	571.361
-3995.52	-7122.66	252.093	597.723
-3995.52	-7122.66	250.018	578.288
-3995.52	-7122.66	247.942	603.429
-3995.52	-7122.66	245.866	602.065
-3995.52	-7122.66	243.789	606.721
-3995.52	-7122.66	241.712	569.252
-3995.52	-7122.66	239.634	555.866
-3995.52	-7122.66	237.556	579.776
-3995.52	-7122.66	235.477	562.786
-3995.52	-7122.66	233.397	540.997
-3995.52	-7122.66	231.317	566.093
-3995.52	-7122.66	229.237	559.934
-3995.52	-7122.66	227.155	550.175
-3995.52	-7122.66	225.074	535.618
-3995.52	-7122.66	222.991	527.07
-3995.52	-7122.66	220.909	540.133
-3995.52	-7122.66	218.825	535.189
-3995.52	-7122.66	216.741	521.85
-3995.52	-7122.66	214.657	506.119
-3995.52	-7122.66	212.572	511.979
-3995.52	-7122.66	210.486	525.027
-3995.52	-7122.66	208.4	547.656
-3995.52	-7122.66	206.313	543.915
-3995.52	-7122.66	204.226	560.537
-3995.52	-7122.66	202.138	574.755
-3995.52	-7122.66	200.05	567.418
-3995.52	-7122.66	197.961	563.676
-3995.52	-7122.66	195.871	547.97
-3995.52	-7122.66	193.781	611.217
-3995.52	-7122.66	191.691	617.031
-3995.52	-7122.66	189.599	609.692
-3995.52	-7122.66	187.508	621.479
-3995.52	-7122.66	185.415	632.065
-3995.52	-7122.66	183.322	631.894
-3995.52	-7122.66	181.229	671.131
-3995.52	-7122.66	179.135	681.694
-3995.52	-7122.66	177.04	668.38
-3995.52	-7122.66	174.945	630.016
-3995.52	-7122.66	172.849	644.16
-3995.52	-7122.66	170.753	690.495
-3995.52	-7122.66	168.656	662.886
-3995.52	-7122.66	166.558	707.999
-3995.52	-7122.66	164.46	651.801
-3995.52	-7122.66	162.362	673.067
-3995.52	-7122.66	160.263	666.929
-3995.52	-7122.66	158.163	669.128
-3995.52	-7122.66	156.063	687.99
-3995.52	-7122.66	153.962	674.713
-3995.52	-7122.66	151.86	670.959
-3995.52	-7122.66	149.758	685.047
-3995.52	-7122.66	147.656	668.214
-3995.52	-7122.66	145.552	703.691
-3995.52	-7122.66	143.449	699.933
-3995.52	-7122.66	141.344	652.22
-3995.52	-7122.66	139.239	698.361
-3995.52	-7122.66	137.134	683.921
-3995.52	-7122.66	135.028	680.172
-3995.52	-7122.66	132.921	666.931
-3995.52	-7122.66	130.814	673.865
-3995.52	-7122.66	128.706	685.54
-3995.52	-7122.66	126.598	650.965
-3995.52	-7122.66	124.489	702.943
-3995.52	-7122.66	122.379	661.271
-3995.52	-7122.66	120.269	658.718
-3995.52	-7122.66	118.158	664.458
-3995.52	-7122.66	116.047	618.095
-3995.52	-7122.66	113.935	614.372
-3995.52	-7122.66	111.822	603.551
-3995.52	-7122.66	109.709	609.299
-3995.52	-7122.66	107.596	573.646
-3995.52	-7122.66	105.481	560.479
-3995.52	-7122.66	103.367	563.87
-3995.52	-7122.66	101.251	524.714
-3995.52	-7122.66	99.1351	491.487
-3995.52	-7122.66	97.0184	496.074
-3995.52	-7122.66	94.9012	497.116
-3995.52	-7122.66	92.7834	459.202
-3995.52	-7122.66	90.665	456.714
-3995.52	-7122.66	88.546	460.125
-3995.52	-7122.66	86.4265	416.356
-3995.52	-7122.66	84.3063	430.389
-3995.52	-7122.66	82.1855	399.619
-3995.52	-7122.66	80.0641	406.577
-3995.52	-7122.66	77.9422	389.969
