-3991.52	-7124.66	1979.41	443.242
-3991.52	-7124.66	1977.72	449.079
-3991.52	-7124.66	1976.02	449.005
-3991.52	-7124.66	1974.33	431.211
-3991.52	-7124.66	1972.64	416.375
-3991.52	-7124.66	1970.94	445.832
-3991.52	-7124.66	1969.25	444.283
-3991.52	-7124.66	1967.56	432.404
-3991.52	-7124.66	1965.86	448.564
-3991.52	-7124.66	1964.17	438.163
-3991.52	-7124.66	1962.47	443.99
-3991.52	-7124.66	1960.78	467.514
-3991.52	-7124.66	1959.08	437.945
-3991.52	-7124.66	1957.39	464.41
-3991.52	-7124.66	1955.69	452.541
-3991.52	-7124.66	1953.99	439.201
-3991.52	-7124.66	1952.3	415.55
-3991.52	-7124.66	1950.6	449.368
-3991.52	-7124.66	1948.9	450.766
-3991.52	-7124.66	1947.21	430.07
-3991.52	-7124.66	1945.51	446.197
-3991.52	-7124.66	1943.81	452.011
-3991.52	-7124.66	1942.11	421.021
-3991.52	-7124.66	1940.41	440.084
-3991.52	-7124.66	1938.71	420.879
-3991.52	-7124.66	1937.01	460.535
-3991.52	-7124.66	1935.32	435.448
-3991.52	-7124.66	1933.62	473.617
-3991.52	-7124.66	1931.92	461.772
-3991.52	-7124.66	1930.22	439.638
-3991.52	-7124.66	1928.51	441.033
-3991.52	-7124.66	1926.81	449.777
-3991.52	-7124.66	1925.11	445.292
-3991.52	-7124.66	1923.41	461.379
-3991.52	-7124.66	1921.71	434.856
-3991.52	-7124.66	1920.01	446.532
-3991.52	-7124.66	1918.31	439.113
-3991.52	-7124.66	1916.6	443.443
-3991.52	-7124.66	1914.9	436.026
-3991.52	-7124.66	1913.2	449.161
-3991.52	-7124.66	1911.49	446.149
-3991.52	-7124.66	1909.79	428.464
-3991.52	-7124.66	1908.09	413.719
-3991.52	-7124.66	1906.38	437.117
-3991.52	-7124.66	1904.68	428.241
-3991.52	-7124.66	1902.97	456.027
-3991.52	-7124.66	1901.27	425.161
-3991.52	-7124.66	1899.56	433.882
-3991.52	-7124.66	1897.85	444.065
-3991.52	-7124.66	1896.15	438.126
-3991.52	-7124.66	1894.44	419.004
-3991.52	-7124.66	1892.74	429.185
-3991.52	-7124.66	1891.03	412.999
-3991.52	-7124.66	1889.32	452.463
-3991.52	-7124.66	1887.61	447.991
-3991.52	-7124.66	1885.91	462.55
-3991.52	-7124.66	1884.2	465.396
-3991.52	-7124.66	1882.49	453.608
-3991.52	-7124.66	1880.78	437.435
-3991.52	-7124.66	1879.07	403.715
-3991.52	-7124.66	1877.36	437.28
-3991.52	-7124.66	1875.65	421.119
-3991.52	-7124.66	1873.94	409.348
-3991.52	-7124.66	1872.23	438.51
-3991.52	-7124.66	1870.52	428.202
-3991.52	-7124.66	1868.81	428.126
-3991.52	-7124.66	1867.1	419.284
-3991.52	-7124.66	1865.39	445.501
-3991.52	-7124.66	1863.68	427.897
-3991.52	-7124.66	1861.96	442.422
-3991.52	-7124.66	1860.25	417.525
-3991.52	-7124.66	1858.54	429.127
-3991.52	-7124.66	1856.82	452.4
-3991.52	-7124.66	1855.11	423.137
-3991.52	-7124.66	1853.4	421.602
-3991.52	-7124.66	1851.68	444.863
-3991.52	-7124.66	1849.97	411.242
-3991.52	-7124.66	1848.25	433.038
-3991.52	-7124.66	1846.54	434.418
-3991.52	-7124.66	1844.82	434.339
-3991.52	-7124.66	1843.11	443.004
-3991.52	-7124.66	1841.39	441.467
-3991.52	-7124.66	1839.68	437.017
-3991.52	-7124.66	1837.96	419.46
-3991.52	-7124.66	1836.24	410.647
-3991.52	-7124.66	1834.53	397.469
-3991.52	-7124.66	1832.81	449.8
-3991.52	-7124.66	1831.09	436.62
-3991.52	-7124.66	1829.37	448.181
-3991.52	-7124.66	1827.65	408.818
-3991.52	-7124.66	1825.94	426.198
-3991.52	-7124.66	1824.22	399.942
-3991.52	-7124.66	1822.5	404.231
-3991.52	-7124.66	1820.78	409.972
-3991.52	-7124.66	1819.06	427.339
-3991.52	-7124.66	1817.34	427.26
-3991.52	-7124.66	1815.62	424.276
-3991.52	-7124.66	1813.9	431.461
-3991.52	-7124.66	1812.18	434.287
-3991.52	-7124.66	1810.45	413.876
-3991.52	-7124.66	1808.73	400.732
-3991.52	-7124.66	1807.01	381.786
-3991.52	-7124.66	1805.29	429.611
-3991.52	-7124.66	1803.56	426.629
-3991.52	-7124.66	1801.84	432.354
-3991.52	-7124.66	1800.12	417.768
-3991.52	-7124.66	1798.39	424.941
-3991.52	-7124.66	1796.67	395.862
-3991.52	-7124.66	1794.95	417.534
-3991.52	-7124.66	1793.22	433.401
-3991.52	-7124.66	1791.5	426.074
-3991.52	-7124.66	1789.77	424.545
-3991.52	-7124.66	1788.04	423.017
-3991.52	-7124.66	1786.32	414.248
-3991.52	-7124.66	1784.59	404.033
-3991.52	-7124.66	1782.87	424.227
-3991.52	-7124.66	1781.14	437.176
-3991.52	-7124.66	1779.41	389.332
-3991.52	-7124.66	1777.68	403.729
-3991.52	-7124.66	1775.96	434.036
-3991.52	-7124.66	1774.23	413.703
-3991.52	-7124.66	1772.5	419.41
-3991.52	-7124.66	1770.77	399.087
-3991.52	-7124.66	1769.04	384.555
-3991.52	-7124.66	1767.31	396.045
-3991.52	-7124.66	1765.58	432.099
-3991.52	-7124.66	1763.85	411.789
-3991.52	-7124.66	1762.12	456.493
-3991.52	-7124.66	1760.39	395.745
-3991.52	-7124.66	1758.66	443.323
-3991.52	-7124.66	1756.93	438.908
-3991.52	-7124.66	1755.19	388.302
-3991.52	-7124.66	1753.46	414.206
-3991.52	-7124.66	1751.73	385.268
-3991.52	-7124.66	1750.0	438.573
-3991.52	-7124.66	1748.26	393.775
-3991.52	-7124.66	1746.53	422.542
-3991.52	-7124.66	1744.8	418.136
-3991.52	-7124.66	1743.06	416.614
-3991.52	-7124.66	1741.33	419.417
-3991.52	-7124.66	1739.59	416.454
-3991.52	-7124.66	1737.86	432.222
-3991.52	-7124.66	1736.12	445.103
-3991.52	-7124.66	1734.39	432.056
-3991.52	-7124.66	1732.65	421.893
-3991.52	-7124.66	1730.91	375.744
-3991.52	-7124.66	1729.18	410.216
-3991.52	-7124.66	1727.44	394.307
-3991.52	-7124.66	1725.7	397.108
-3991.52	-7124.66	1723.96	417.171
-3991.52	-7124.66	1722.23	398.393
-3991.52	-7124.66	1720.49	431.389
-3991.52	-7124.66	1718.75	396.801
-3991.52	-7124.66	1717.01	402.473
-3991.52	-7124.66	1715.27	409.581
-3991.52	-7124.66	1713.53	390.822
-3991.52	-7124.66	1711.79	370.634
-3991.52	-7124.66	1710.05	394.979
-3991.52	-7124.66	1708.31	413.57
-3991.52	-7124.66	1706.57	374.725
-3991.52	-7124.66	1704.82	390.442
-3991.52	-7124.66	1703.08	396.106
-3991.52	-7124.66	1701.34	414.682
-3991.52	-7124.66	1699.6	383.04
-3991.52	-7124.66	1697.85	388.702
-3991.52	-7124.66	1696.11	377.154
-3991.52	-7124.66	1694.37	400.02
-3991.52	-7124.66	1692.62	417.143
-3991.52	-7124.66	1690.88	404.162
-3991.52	-7124.66	1689.13	404.083
-3991.52	-7124.66	1687.39	432.656
-3991.52	-7124.66	1685.64	396.762
-3991.52	-7124.66	1683.9	412.437
-3991.52	-7124.66	1682.15	379.425
-3991.52	-7124.66	1680.41	410.843
-3991.52	-7124.66	1678.66	392.156
-3991.52	-7124.66	1676.91	435.007
-3991.52	-7124.66	1675.16	422.045
-3991.52	-7124.66	1673.42	390.493
-3991.52	-7124.66	1671.67	394.706
-3991.52	-7124.66	1669.92	411.785
-3991.52	-7124.66	1668.17	394.549
-3991.52	-7124.66	1666.42	384.466
-3991.52	-7124.66	1664.67	402.967
-3991.52	-7124.66	1662.92	382.885
-3991.52	-7124.66	1661.17	391.379
-3991.52	-7124.66	1659.42	418.435
-3991.52	-7124.66	1657.67	396.935
-3991.52	-7124.66	1655.92	374.015
-3991.52	-7124.66	1654.17	415.331
-3991.52	-7124.66	1652.42	361.023
-3991.52	-7124.66	1650.66	386.631
-3991.52	-7124.66	1648.91	413.656
-3991.52	-7124.66	1647.16	436.391
-3991.52	-7124.66	1645.41	377.845
-3991.52	-7124.66	1643.65	413.407
-3991.52	-7124.66	1641.9	386.245
-3991.52	-7124.66	1640.14	418.942
-3991.52	-7124.66	1638.39	394.638
-3991.52	-7124.66	1636.63	388.861
-3991.52	-7124.66	1634.88	385.935
-3991.52	-7124.66	1633.12	391.553
-3991.52	-7124.66	1631.37	401.439
-3991.52	-7124.66	1629.61	389.972
-3991.52	-7124.66	1627.85	384.201
-3991.52	-7124.66	1626.09	362.784
-3991.52	-7124.66	1624.34	401.115
-3991.52	-7124.66	1622.58	372.592
-3991.52	-7124.66	1620.82	391.0
-3991.52	-7124.66	1619.06	388.078
-3991.52	-7124.66	1617.3	410.74
-3991.52	-7124.66	1615.54	400.71
-3991.52	-7124.66	1613.78	393.525
-3991.52	-7124.66	1612.02	392.025
-3991.52	-7124.66	1610.26	407.567
-3991.52	-7124.66	1608.5	400.385
-3991.52	-7124.66	1606.74	400.304
-3991.52	-7124.66	1604.98	380.353
-3991.52	-7124.66	1603.22	404.398
-3991.52	-7124.66	1601.46	385.873
-3991.52	-7124.66	1599.69	397.142
-3991.52	-7124.66	1597.93	418.332
-3991.52	-7124.66	1596.17	385.638
-3991.52	-7124.66	1594.4	377.054
-3991.52	-7124.66	1592.64	399.653
-3991.52	-7124.66	1590.88	392.486
-3991.52	-7124.66	1589.11	349.907
-3991.52	-7124.66	1587.35	399.408
-3991.52	-7124.66	1585.58	379.501
-3991.52	-7124.66	1583.81	399.244
-3991.52	-7124.66	1582.05	379.346
-3991.52	-7124.66	1580.28	383.514
-3991.52	-7124.66	1578.51	387.68
-3991.52	-7124.66	1576.75	349.406
-3991.52	-7124.66	1574.98	383.278
-3991.52	-7124.66	1573.21	378.957
-3991.52	-7124.66	1571.44	366.156
-3991.52	-7124.66	1569.67	366.081
-3991.52	-7124.66	1567.91	370.245
-3991.52	-7124.66	1566.14	395.6
-3991.52	-7124.66	1564.37	388.456
-3991.52	-7124.66	1562.6	365.779
-3991.52	-7124.66	1560.83	381.236
-3991.52	-7124.66	1559.05	376.922
-3991.52	-7124.66	1557.28	405.072
-3991.52	-7124.66	1555.51	388.055
-3991.52	-7124.66	1553.74	396.44
-3991.52	-7124.66	1551.97	380.842
-3991.52	-7124.66	1550.19	393.456
-3991.52	-7124.66	1548.42	370.815
-3991.52	-7124.66	1546.65	429.944
-3991.52	-7124.66	1544.87	384.755
-3991.52	-7124.66	1543.1	412.857
-3991.52	-7124.66	1541.32	386.004
-3991.52	-7124.66	1539.55	388.741
-3991.52	-7124.66	1537.77	390.069
-3991.52	-7124.66	1536.0	387.172
-3991.52	-7124.66	1534.22	391.314
-3991.52	-7124.66	1532.45	379.974
-3991.52	-7124.66	1530.67	370.046
-3991.52	-7124.66	1528.89	353.089
-3991.52	-7124.66	1527.11	357.234
-3991.52	-7124.66	1525.34	381.064
-3991.52	-7124.66	1523.56	371.144
-3991.52	-7124.66	1521.78	386.528
-3991.52	-7124.66	1520.0	396.284
-3991.52	-7124.66	1518.22	380.746
-3991.52	-7124.66	1516.44	377.858
-3991.52	-7124.66	1514.66	386.205
-3991.52	-7124.66	1512.88	353.83
-3991.52	-7124.66	1511.1	374.813
-3991.52	-7124.66	1509.32	362.103
-3991.52	-7124.66	1507.54	381.672
-3991.52	-7124.66	1505.76	368.966
-3991.52	-7124.66	1503.97	364.681
-3991.52	-7124.66	1502.19	395.455
-3991.52	-7124.66	1500.41	371.538
-3991.52	-7124.66	1498.62	360.246
-3991.52	-7124.66	1496.84	381.192
-3991.52	-7124.66	1495.06	379.711
-3991.52	-7124.66	1493.27	355.817
-3991.52	-7124.66	1491.49	365.546
-3991.52	-7124.66	1489.7	369.67
-3991.52	-7124.66	1487.91	358.392
-3991.52	-7124.66	1486.13	384.91
-3991.52	-7124.66	1484.34	359.64
-3991.52	-7124.66	1482.55	391.743
-3991.52	-7124.66	1480.77	352.495
-3991.52	-7124.66	1478.98	404.165
-3991.52	-7124.66	1477.19	369.124
-3991.52	-7124.66	1475.4	378.832
-3991.52	-7124.66	1473.61	359.185
-3991.52	-7124.66	1471.83	380.069
-3991.52	-7124.66	1470.04	414.914
-3991.52	-7124.66	1468.25	368.734
-3991.52	-7124.66	1466.46	371.449
-3991.52	-7124.66	1464.67	393.709
-3991.52	-7124.66	1462.87	360.125
-3991.52	-7124.66	1461.08	392.146
-3991.52	-7124.66	1459.29	354.392
-3991.52	-7124.66	1457.5	368.266
-3991.52	-7124.66	1455.71	372.372
-3991.52	-7124.66	1453.91	359.744
-3991.52	-7124.66	1452.12	349.909
-3991.52	-7124.66	1450.33	379.103
-3991.52	-7124.66	1448.53	360.908
-3991.52	-7124.66	1446.74	371.976
-3991.52	-7124.66	1444.94	321.754
-3991.52	-7124.66	1443.15	371.818
-3991.52	-7124.66	1441.35	375.916
-3991.52	-7124.66	1439.56	374.444
-3991.52	-7124.66	1437.76	386.889
-3991.52	-7124.66	1435.96	377.067
-3991.52	-7124.66	1434.17	353.338
-3991.52	-7124.66	1432.37	397.768
-3991.52	-7124.66	1430.57	367.092
-3991.52	-7124.66	1428.77	367.014
-3991.52	-7124.66	1426.97	366.935
-3991.52	-7124.66	1425.17	407.156
-3991.52	-7124.66	1423.37	364.0
-3991.52	-7124.66	1421.58	380.59
-3991.52	-7124.66	1419.77	356.9
-3991.52	-7124.66	1417.97	399.865
-3991.52	-7124.66	1416.17	387.286
-3991.52	-7124.66	1414.37	383.04
-3991.52	-7124.66	1412.57	373.245
-3991.52	-7124.66	1410.77	364.842
-3991.52	-7124.66	1408.97	359.216
-3991.52	-7124.66	1407.16	350.819
-3991.52	-7124.66	1405.36	345.198
-3991.52	-7124.66	1403.56	353.44
-3991.52	-7124.66	1401.75	364.45
-3991.52	-7124.66	1399.95	365.758
-3991.52	-7124.66	1398.14	385.071
-3991.52	-7124.66	1396.34	373.909
-3991.52	-7124.66	1394.53	379.367
-3991.52	-7124.66	1392.73	346.063
-3991.52	-7124.66	1390.92	377.82
-3991.52	-7124.66	1389.11	354.216
-3991.52	-7124.66	1387.3	366.59
-3991.52	-7124.66	1385.5	355.447
-3991.52	-7124.66	1383.69	370.58
-3991.52	-7124.66	1381.88	389.855
-3991.52	-7124.66	1380.07	367.656
-3991.52	-7124.66	1378.26	375.868
-3991.52	-7124.66	1376.45	382.695
-3991.52	-7124.66	1374.64	370.181
-3991.52	-7124.66	1372.83	367.339
-3991.52	-7124.66	1371.02	376.924
-3991.52	-7124.66	1369.21	379.603
-3991.52	-7124.66	1367.4	354.68
-3991.52	-7124.66	1365.59	360.122
-3991.52	-7124.66	1363.78	382.116
-3991.52	-7124.66	1361.96	382.033
-3991.52	-7124.66	1360.15	372.298
-3991.52	-7124.66	1358.34	383.246
-3991.52	-7124.66	1356.52	354.219
-3991.52	-7124.66	1354.71	345.874
-3991.52	-7124.66	1352.89	348.555
-3991.52	-7124.66	1351.08	352.611
-3991.52	-7124.66	1349.26	367.683
-3991.52	-7124.66	1347.45	381.371
-3991.52	-7124.66	1345.63	379.912
-3991.52	-7124.66	1343.81	367.443
-3991.52	-7124.66	1342.0	332.966
-3991.52	-7124.66	1340.18	368.659
-3991.52	-7124.66	1338.36	334.197
-3991.52	-7124.66	1336.54	343.749
-3991.52	-7124.66	1334.73	346.423
-3991.52	-7124.66	1332.91	342.225
-3991.52	-7124.66	1331.09	366.884
-3991.52	-7124.66	1329.27	386.037
-3991.52	-7124.66	1327.45	354.363
-3991.52	-7124.66	1325.63	369.391
-3991.52	-7124.66	1323.81	343.225
-3991.52	-7124.66	1321.98	373.347
-3991.52	-7124.66	1320.16	336.214
-3991.52	-7124.66	1318.34	348.488
-3991.52	-7124.66	1316.52	367.616
-3991.52	-7124.66	1314.7	348.336
-3991.52	-7124.66	1312.87	368.827
-3991.52	-7124.66	1311.05	367.375
-3991.52	-7124.66	1309.22	368.665
-3991.52	-7124.66	1307.4	350.772
-3991.52	-7124.66	1305.57	363.024
-3991.52	-7124.66	1303.75	375.271
-3991.52	-7124.66	1301.92	346.434
-3991.52	-7124.66	1300.1	362.786
-3991.52	-7124.66	1298.27	358.601
-3991.52	-7124.66	1296.44	381.785
-3991.52	-7124.66	1294.62	374.861
-3991.52	-7124.66	1292.79	365.204
-3991.52	-7124.66	1290.96	365.124
-3991.52	-7124.66	1289.13	377.349
-3991.52	-7124.66	1287.3	363.597
-3991.52	-7124.66	1285.47	338.918
-3991.52	-7124.66	1283.64	353.873
-3991.52	-7124.66	1281.81	318.279
-3991.52	-7124.66	1279.98	344.158
-3991.52	-7124.66	1278.15	339.986
-3991.52	-7124.66	1276.32	348.102
-3991.52	-7124.66	1274.49	380.78
-3991.52	-7124.66	1272.66	350.677
-3991.52	-7124.66	1270.82	354.693
-3991.52	-7124.66	1268.99	355.979
-3991.52	-7124.66	1267.16	369.536
-3991.52	-7124.66	1265.32	393.995
-3991.52	-7124.66	1263.49	374.826
-3991.52	-7124.66	1261.66	395.184
-3991.52	-7124.66	1259.82	366.486
-3991.52	-7124.66	1257.98	332.353
-3991.52	-7124.66	1256.15	340.45
-3991.52	-7124.66	1254.31	341.737
-3991.52	-7124.66	1252.48	349.829
-3991.52	-7124.66	1250.64	352.473
-3991.52	-7124.66	1248.8	353.756
-3991.52	-7124.66	1246.96	372.722
-3991.52	-7124.66	1245.13	352.24
-3991.52	-7124.66	1243.29	337.205
-3991.52	-7124.66	1241.45	341.209
-3991.52	-7124.66	1239.61	362.879
-3991.52	-7124.66	1237.77	341.058
-3991.52	-7124.66	1235.93	334.19
-3991.52	-7124.66	1234.09	350.414
-3991.52	-7124.66	1232.25	369.347
-3991.52	-7124.66	1230.41	344.829
-3991.52	-7124.66	1228.56	352.896
-3991.52	-7124.66	1226.72	378.601
-3991.52	-7124.66	1224.88	366.307
-3991.52	-7124.66	1223.04	378.433
-3991.52	-7124.66	1221.19	333.598
-3991.52	-7124.66	1219.35	332.169
-3991.52	-7124.66	1217.5	361.916
-3991.52	-7124.66	1215.66	361.835
-3991.52	-7124.66	1213.81	369.885
-3991.52	-7124.66	1211.97	340.001
-3991.52	-7124.66	1210.12	365.657
-3991.52	-7124.66	1208.28	349.328
-3991.52	-7124.66	1206.43	341.129
-3991.52	-7124.66	1204.58	354.587
-3991.52	-7124.66	1202.73	358.567
-3991.52	-7124.66	1200.89	355.782
-3991.52	-7124.66	1199.04	342.178
-3991.52	-7124.66	1197.19	358.328
-3991.52	-7124.66	1195.34	324.451
-3991.52	-7124.66	1193.49	355.465
-3991.52	-7124.66	1191.64	374.304
-3991.52	-7124.66	1189.79	341.797
-3991.52	-7124.66	1187.94	344.423
-3991.52	-7124.66	1186.09	371.353
-3991.52	-7124.66	1184.23	352.37
-3991.52	-7124.66	1182.38	361.74
-3991.52	-7124.66	1180.53	367.057
-3991.52	-7124.66	1178.68	342.69
-3991.52	-7124.66	1176.82	316.985
-3991.52	-7124.66	1174.97	349.28
-3991.52	-7124.66	1173.12	368.078
-3991.52	-7124.66	1171.26	361.256
-3991.52	-7124.66	1169.41	357.132
-3991.52	-7124.66	1167.55	351.663
-3991.52	-7124.66	1165.69	340.808
-3991.52	-7124.66	1163.84	355.546
-3991.52	-7124.66	1161.98	332.577
-3991.52	-7124.66	1160.12	355.387
-3991.52	-7124.66	1158.27	341.849
-3991.52	-7124.66	1156.41	331.008
-3991.52	-7124.66	1154.55	378.018
-3991.52	-7124.66	1152.69	306.651
-3991.52	-7124.66	1150.83	350.956
-3991.52	-7124.66	1148.97	352.221
-3991.52	-7124.66	1147.11	342.734
-3991.52	-7124.66	1145.25	370.876
-3991.52	-7124.66	1143.39	326.459
-3991.52	-7124.66	1141.53	349.22
-3991.52	-7124.66	1139.67	346.456
-3991.52	-7124.66	1137.81	357.118
-3991.52	-7124.66	1135.94	389.252
-3991.52	-7124.66	1134.08	346.223
-3991.52	-7124.66	1132.22	370.295
-3991.52	-7124.66	1130.35	347.409
-3991.52	-7124.66	1128.49	347.331
-3991.52	-7124.66	1126.62	378.09
-3991.52	-7124.66	1124.76	373.984
-3991.52	-7124.66	1122.89	343.076
-3991.52	-7124.66	1121.03	356.398
-3991.52	-7124.66	1119.16	365.694
-3991.52	-7124.66	1117.3	368.291
-3991.52	-7124.66	1115.43	313.311
-3991.52	-7124.66	1113.56	382.85
-3991.52	-7124.66	1111.69	346.629
-3991.52	-7124.66	1109.82	382.678
-3991.52	-7124.66	1107.96	353.162
-3991.52	-7124.66	1106.09	342.383
-3991.52	-7124.66	1104.22	369.048
-3991.52	-7124.66	1102.35	356.934
-3991.52	-7124.66	1100.48	359.526
-3991.52	-7124.66	1098.61	363.454
-3991.52	-7124.66	1096.73	376.731
-3991.52	-7124.66	1094.86	372.639
-3991.52	-7124.66	1092.99	352.526
-3991.52	-7124.66	1091.12	363.126
-3991.52	-7124.66	1089.24	356.371
-3991.52	-7124.66	1087.37	342.946
-3991.52	-7124.66	1085.5	353.542
-3991.52	-7124.66	1083.62	341.457
-3991.52	-7124.66	1081.75	362.717
-3991.52	-7124.66	1079.87	366.634
-3991.52	-7124.66	1078.0	350.557
-3991.52	-7124.66	1076.12	343.814
-3991.52	-7124.66	1074.24	334.41
-3991.52	-7124.66	1072.37	386.283
-3991.52	-7124.66	1070.49	363.557
-3991.52	-7124.66	1068.61	362.143
-3991.52	-7124.66	1066.73	366.055
-3991.52	-7124.66	1064.86	375.288
-3991.52	-7124.66	1062.98	375.203
-3991.52	-7124.66	1061.1	384.429
-3991.52	-7124.66	1059.22	355.084
-3991.52	-7124.66	1057.34	374.948
-3991.52	-7124.66	1055.46	421.388
-3991.52	-7124.66	1053.58	370.791
-3991.52	-7124.66	1051.69	393.295
-3991.52	-7124.66	1049.81	399.848
-3991.52	-7124.66	1047.93	371.867
-3991.52	-7124.66	1046.05	391.7
-3991.52	-7124.66	1044.16	370.371
-3991.52	-7124.66	1042.28	379.577
-3991.52	-7124.66	1040.4	371.53
-3991.52	-7124.66	1038.51	391.344
-3991.52	-7124.66	1036.63	358.098
-3991.52	-7124.66	1034.74	388.515
-3991.52	-7124.66	1032.86	399.032
-3991.52	-7124.66	1030.97	397.616
-3991.52	-7124.66	1029.08	414.752
-3991.52	-7124.66	1027.2	433.204
-3991.52	-7124.66	1025.31	409.265
-3991.52	-7124.66	1023.42	413.145
-3991.52	-7124.66	1021.53	407.755
-3991.52	-7124.66	1019.64	439.428
-3991.52	-7124.66	1017.75	438.005
-3991.52	-7124.66	1015.86	444.52
-3991.52	-7124.66	1013.97	425.902
-3991.52	-7124.66	1012.08	436.384
-3991.52	-7124.66	1010.19	464.048
-3991.52	-7124.66	1008.3	457.333
-3991.52	-7124.66	1006.41	445.336
-3991.52	-7124.66	1004.52	454.483
-3991.52	-7124.66	1002.62	460.983
-3991.52	-7124.66	1000.73	476.725
-3991.52	-7124.66	998.837	472.656
-3991.52	-7124.66	996.943	475.188
-3991.52	-7124.66	995.049	502.792
-3991.52	-7124.66	993.154	488.165
-3991.52	-7124.66	991.258	497.287
-3991.52	-7124.66	989.363	524.867
-3991.52	-7124.66	987.467	552.435
-3991.52	-7124.66	985.57	573.399
-3991.52	-7124.66	983.673	564.043
-3991.52	-7124.66	981.776	565.232
-3991.52	-7124.66	979.878	554.565
-3991.52	-7124.66	977.979	574.192
-3991.52	-7124.66	976.081	585.911
-3991.52	-7124.66	974.181	627.9
-3991.52	-7124.66	972.282	633.021
-3991.52	-7124.66	970.382	603.929
-3991.52	-7124.66	968.481	627.469
-3991.52	-7124.66	966.58	631.271
-3991.52	-7124.66	964.679	611.404
-3991.52	-7124.66	962.777	633.611
-3991.52	-7124.66	960.875	634.78
-3991.52	-7124.66	958.972	638.576
-3991.52	-7124.66	957.069	647.626
-3991.52	-7124.66	955.166	621.21
-3991.52	-7124.66	953.262	642.077
-3991.52	-7124.66	951.357	609.111
-3991.52	-7124.66	949.452	606.346
-3991.52	-7124.66	947.547	679.687
-3991.52	-7124.66	945.641	632.305
-3991.52	-7124.66	943.735	640.029
-3991.52	-7124.66	941.829	649.06
-3991.52	-7124.66	939.922	660.71
-3991.52	-7124.66	938.014	640.899
-3991.52	-7124.66	936.106	621.096
-3991.52	-7124.66	934.198	630.124
-3991.52	-7124.66	932.289	578.9
-3991.52	-7124.66	930.38	601.027
-3991.52	-7124.66	928.47	565.542
-3991.52	-7124.66	926.56	558.868
-3991.52	-7124.66	924.649	556.122
-3991.52	-7124.66	922.738	525.905
-3991.52	-7124.66	920.827	545.403
-3991.52	-7124.66	918.915	553.123
-3991.52	-7124.66	917.003	541.23
-3991.52	-7124.66	915.09	522.807
-3991.52	-7124.66	913.177	499.166
-3991.52	-7124.66	911.263	510.808
-3991.52	-7124.66	909.349	488.487
-3991.52	-7124.66	907.435	492.291
-3991.52	-7124.66	905.52	476.512
-3991.52	-7124.66	903.604	481.623
-3991.52	-7124.66	901.688	485.426
-3991.52	-7124.66	899.772	487.923
-3991.52	-7124.66	897.855	473.463
-3991.52	-7124.66	895.938	474.658
-3991.52	-7124.66	894.021	477.156
-3991.52	-7124.66	892.103	462.708
-3991.52	-7124.66	890.184	491.27
-3991.52	-7124.66	888.265	485.945
-3991.52	-7124.66	886.346	463.69
-3991.52	-7124.66	884.426	467.489
-3991.52	-7124.66	882.506	483.004
-3991.52	-7124.66	880.585	458.162
-3991.52	-7124.66	878.664	465.864
-3991.52	-7124.66	876.742	439.736
-3991.52	-7124.66	874.82	464.347
-3991.52	-7124.66	872.898	453.837
-3991.52	-7124.66	870.975	456.332
-3991.52	-7124.66	869.051	480.922
-3991.52	-7124.66	867.127	460.019
-3991.52	-7124.66	865.203	463.81
-3991.52	-7124.66	863.278	458.507
-3991.52	-7124.66	861.353	459.699
-3991.52	-7124.66	859.428	454.399
-3991.52	-7124.66	857.502	460.784
-3991.52	-7124.66	855.575	452.891
-3991.52	-7124.66	853.648	473.543
-3991.52	-7124.66	851.721	479.919
-3991.52	-7124.66	849.793	474.62
-3991.52	-7124.66	847.865	440.802
-3991.52	-7124.66	845.936	452.365
-3991.52	-7124.66	844.007	448.372
-3991.52	-7124.66	842.077	458.632
-3991.52	-7124.66	840.147	467.593
-3991.52	-7124.66	838.216	503.743
-3991.52	-7124.66	836.285	469.964
-3991.52	-7124.66	834.354	471.149
-3991.52	-7124.66	832.422	469.746
-3991.52	-7124.66	830.49	468.343
-3991.52	-7124.66	828.557	463.06
-3991.52	-7124.66	826.624	446.141
-3991.52	-7124.66	824.69	468.015
-3991.52	-7124.66	822.756	466.614
-3991.52	-7124.66	820.821	447.121
-3991.52	-7124.66	818.886	458.644
-3991.52	-7124.66	816.951	457.246
-3991.52	-7124.66	815.015	470.052
-3991.52	-7124.66	813.078	469.943
-3991.52	-7124.66	811.141	454.344
-3991.52	-7124.66	809.204	485.209
-3991.52	-7124.66	807.266	463.163
-3991.52	-7124.66	805.328	457.895
-3991.52	-7124.66	803.389	468.105
-3991.52	-7124.66	801.45	446.078
-3991.52	-7124.66	799.511	465.308
-3991.52	-7124.66	797.571	479.374
-3991.52	-7124.66	795.63	459.937
-3991.52	-7124.66	793.689	444.373
-3991.52	-7124.66	791.748	497.066
-3991.52	-7124.66	789.806	485.362
-3991.52	-7124.66	787.864	433.764
-3991.52	-7124.66	785.921	442.67
-3991.52	-7124.66	783.978	448.999
-3991.52	-7124.66	782.034	430.886
-3991.52	-7124.66	780.09	435.929
-3991.52	-7124.66	778.145	471.824
-3991.52	-7124.66	776.2	483.281
-3991.52	-7124.66	774.255	460.037
-3991.52	-7124.66	772.309	432.95
-3991.52	-7124.66	770.362	450.831
-3991.52	-7124.66	768.416	477.691
-3991.52	-7124.66	766.468	458.322
-3991.52	-7124.66	764.52	406.873
-3991.52	-7124.66	762.572	449.124
-3991.52	-7124.66	760.624	441.321
-3991.52	-7124.66	758.674	433.521
-3991.52	-7124.66	756.725	430.855
-3991.52	-7124.66	754.775	461.521
-3991.52	-7124.66	752.824	447.314
-3991.52	-7124.66	750.873	440.802
-3991.52	-7124.66	748.922	436.854
-3991.52	-7124.66	746.97	467.491
-3991.52	-7124.66	745.017	441.77
-3991.52	-7124.66	743.065	457.029
-3991.52	-7124.66	741.111	442.842
-3991.52	-7124.66	739.158	463.211
-3991.52	-7124.66	737.203	442.633
-3991.52	-7124.66	735.249	439.971
-3991.52	-7124.66	733.294	446.26
-3991.52	-7124.66	731.338	442.32
-3991.52	-7124.66	729.382	440.937
-3991.52	-7124.66	727.425	419.111
-3991.52	-7124.66	725.468	452.226
-3991.52	-7124.66	723.511	411.249
-3991.52	-7124.66	721.553	441.797
-3991.52	-7124.66	719.595	428.927
-3991.52	-7124.66	717.636	431.378
-3991.52	-7124.66	715.676	447.863
-3991.52	-7124.66	713.717	427.347
-3991.52	-7124.66	711.756	447.651
-3991.52	-7124.66	709.796	433.519
-3991.52	-7124.66	707.835	447.439
-3991.52	-7124.66	705.873	438.412
-3991.52	-7124.66	703.911	465.065
-3991.52	-7124.66	701.948	456.037
-3991.52	-7124.66	699.985	444.467
-3991.52	-7124.66	698.022	474.92
-3991.52	-7124.66	696.058	427.708
-3991.52	-7124.66	694.093	464.513
-3991.52	-7124.66	692.129	438.956
-3991.52	-7124.66	690.163	431.219
-3991.52	-7124.66	688.197	432.388
-3991.52	-7124.66	686.231	469.157
-3991.52	-7124.66	684.264	476.672
-3991.52	-7124.66	682.297	460.038
-3991.52	-7124.66	680.329	470.092
-3991.52	-7124.66	678.361	473.791
-3991.52	-7124.66	676.393	448.28
-3991.52	-7124.66	674.423	468.487
-3991.52	-7124.66	672.454	474.722
-3991.52	-7124.66	670.484	461.918
-3991.52	-7124.66	668.513	494.794
-3991.52	-7124.66	666.542	512.434
-3991.52	-7124.66	664.571	465.392
-3991.52	-7124.66	662.599	458.942
-3991.52	-7124.66	660.627	484.182
-3991.52	-7124.66	658.654	446.051
-3991.52	-7124.66	656.68	471.282
-3991.52	-7124.66	654.707	482.568
-3991.52	-7124.66	652.732	498.914
-3991.52	-7124.66	650.758	494.997
-3991.52	-7124.66	648.782	489.816
-3991.52	-7124.66	646.807	499.821
-3991.52	-7124.66	644.83	489.581
-3991.52	-7124.66	642.854	480.61
-3991.52	-7124.66	640.877	488.082
-3991.52	-7124.66	638.899	469.003
-3991.52	-7124.66	636.921	499.223
-3991.52	-7124.66	634.942	495.312
-3991.52	-7124.66	632.963	477.508
-3991.52	-7124.66	630.984	468.552
-3991.52	-7124.66	629.004	473.49
-3991.52	-7124.66	627.023	494.836
-3991.52	-7124.66	625.042	489.669
-3991.52	-7124.66	623.061	517.309
-3991.52	-7124.66	621.079	491.956
-3991.52	-7124.66	619.097	479.227
-3991.52	-7124.66	617.114	481.633
-3991.52	-7124.66	615.131	499.164
-3991.52	-7124.66	613.147	506.605
-3991.52	-7124.66	611.163	488.844
-3991.52	-7124.66	609.178	471.092
-3991.52	-7124.66	607.193	481.053
-3991.52	-7124.66	605.207	488.491
-3991.52	-7124.66	603.221	472.01
-3991.52	-7124.66	601.234	502.097
-3991.52	-7124.66	599.247	494.427
-3991.52	-7124.66	597.259	511.917
-3991.52	-7124.66	595.271	505.505
-3991.52	-7124.66	593.283	486.526
-3991.52	-7124.66	591.294	472.582
-3991.52	-7124.66	589.304	492.573
-3991.52	-7124.66	587.314	478.635
-3991.52	-7124.66	585.323	450.888
-3991.52	-7124.66	583.332	483.425
-3991.52	-7124.66	581.341	478.287
-3991.52	-7124.66	579.349	514.567
-3991.52	-7124.66	577.357	479.309
-3991.52	-7124.66	575.364	508.045
-3991.52	-7124.66	573.37	452.74
-3991.52	-7124.66	571.376	511.56
-3991.52	-7124.66	569.382	470.069
-3991.52	-7124.66	567.387	467.449
-3991.52	-7124.66	565.392	488.634
-3991.52	-7124.66	563.396	508.557
-3991.52	-7124.66	561.399	489.649
-3991.52	-7124.66	559.403	524.585
-3991.52	-7124.66	557.405	541.981
-3991.52	-7124.66	555.408	528.084
-3991.52	-7124.66	553.409	539.215
-3991.52	-7124.66	551.411	506.563
-3991.52	-7124.66	549.411	551.456
-3991.52	-7124.66	547.412	563.823
-3991.52	-7124.66	545.411	568.685
-3991.52	-7124.66	543.411	587.29
-3991.52	-7124.66	541.409	612.131
-3991.52	-7124.66	539.408	650.698
-3991.52	-7124.66	537.406	742.938
-3991.52	-7124.66	535.403	760.233
-3991.52	-7124.66	533.4	852.401
-3991.52	-7124.66	531.396	914.578
-3991.52	-7124.66	529.392	1066.54
-3991.52	-7124.66	527.387	1314.45
-3991.52	-7124.66	525.382	1829.06
-3991.52	-7124.66	523.376	2789.66
-3991.52	-7124.66	521.37	3984.07
-3991.52	-7124.66	519.364	4927.47
-3991.52	-7124.66	517.357	5298.68
-3991.52	-7124.66	515.349	5019.69
-3991.52	-7124.66	513.341	4255.29
-3991.52	-7124.66	511.332	3498.73
-3991.52	-7124.66	509.323	2966.53
-3991.52	-7124.66	507.314	2444.55
-3991.52	-7124.66	505.304	2181.52
-3991.52	-7124.66	503.293	1936.02
-3991.52	-7124.66	501.282	1832.37
-3991.52	-7124.66	499.27	1733.73
-3991.52	-7124.66	497.258	1691.06
-3991.52	-7124.66	495.246	1606.17
-3991.52	-7124.66	493.233	1584.66
-3991.52	-7124.66	491.219	1513.5
-3991.52	-7124.66	489.205	1438.65
-3991.52	-7124.66	487.191	1408.51
-3991.52	-7124.66	485.176	1346.13
-3991.52	-7124.66	483.16	1276.33
-3991.52	-7124.66	481.144	1297.1
-3991.52	-7124.66	479.128	1218.67
-3991.52	-7124.66	477.111	1187.38
-3991.52	-7124.66	475.093	1184.61
-3991.52	-7124.66	473.075	1209.09
-3991.52	-7124.66	471.056	1141.91
-3991.52	-7124.66	469.037	1129.25
-3991.52	-7124.66	467.018	1101.73
-3991.52	-7124.66	464.998	1082.9
-3991.52	-7124.66	462.977	1015.81
-3991.52	-7124.66	460.956	1040.3
-3991.52	-7124.66	458.935	1020.25
-3991.52	-7124.66	456.913	986.618
-3991.52	-7124.66	454.89	1007.38
-3991.52	-7124.66	452.867	975.004
-3991.52	-7124.66	450.843	959.935
-3991.52	-7124.66	448.819	906.585
-3991.52	-7124.66	446.795	896.48
-3991.52	-7124.66	444.77	881.442
-3991.52	-7124.66	442.744	856.538
-3991.52	-7124.66	440.718	836.581
-3991.52	-7124.66	438.691	852.408
-3991.52	-7124.66	436.664	857.128
-3991.52	-7124.66	434.637	813.759
-3991.52	-7124.66	432.608	795.065
-3991.52	-7124.66	430.58	803.492
-3991.52	-7124.66	428.551	788.506
-3991.52	-7124.66	426.521	794.467
-3991.52	-7124.66	424.491	796.73
-3991.52	-7124.66	422.46	770.677
-3991.52	-7124.66	420.429	766.791
-3991.52	-7124.66	418.397	753.062
-3991.52	-7124.66	416.365	690.133
-3991.52	-7124.66	414.332	704.718
-3991.52	-7124.66	412.299	734.05
-3991.52	-7124.66	410.265	712.968
-3991.52	-7124.66	408.231	702.956
-3991.52	-7124.66	406.196	712.608
-3991.52	-7124.66	404.161	696.46
-3991.52	-7124.66	402.125	729.44
-3991.52	-7124.66	400.089	723.117
-3991.52	-7124.66	398.052	698.387
-3991.52	-7124.66	396.015	731.341
-3991.52	-7124.66	393.977	701.713
-3991.52	-7124.66	391.938	663.515
-3991.52	-7124.66	389.899	684.192
-3991.52	-7124.66	387.86	728.148
-3991.52	-7124.66	385.82	686.296
-3991.52	-7124.66	383.78	720.427
-3991.52	-7124.66	381.739	688.397
-3991.52	-7124.66	379.697	724.96
-3991.52	-7124.66	377.655	686.823
-3991.52	-7124.66	375.613	685.424
-3991.52	-7124.66	373.57	677.908
-3991.52	-7124.66	371.526	685.075
-3991.52	-7124.66	369.482	697.131
-3991.52	-7124.66	367.437	654.158
-3991.52	-7124.66	365.392	704.11
-3991.52	-7124.66	363.346	670.933
-3991.52	-7124.66	361.3	668.318
-3991.52	-7124.66	359.254	677.919
-3991.52	-7124.66	357.206	653.322
-3991.52	-7124.66	355.159	675.131
-3991.52	-7124.66	353.11	666.414
-3991.52	-7124.66	351.062	663.803
-3991.52	-7124.66	349.012	688.031
-3991.52	-7124.66	346.962	665.902
-3991.52	-7124.66	344.912	675.485
-3991.52	-7124.66	342.861	702.129
-3991.52	-7124.66	340.81	692.199
-3991.52	-7124.66	338.758	673.746
-3991.52	-7124.66	336.705	686.971
-3991.52	-7124.66	334.652	678.27
-3991.52	-7124.66	332.599	691.487
-3991.52	-7124.66	330.545	677.921
-3991.52	-7124.66	328.49	723.984
-3991.52	-7124.66	326.435	701.9
-3991.52	-7124.66	324.379	687.125
-3991.52	-7124.66	322.323	688.164
-3991.52	-7124.66	320.266	720.805
-3991.52	-7124.66	318.209	731.555
-3991.52	-7124.66	316.151	714.358
-3991.52	-7124.66	314.093	687.452
-3991.52	-7124.66	312.034	704.273
-3991.52	-7124.66	309.975	707.733
-3991.52	-7124.66	307.915	737.89
-3991.52	-7124.66	305.854	730.418
-3991.52	-7124.66	303.793	722.951
-3991.52	-7124.66	301.732	717.912
-3991.52	-7124.66	299.67	733.486
-3991.52	-7124.66	297.607	738.143
-3991.52	-7124.66	295.544	708.869
-3991.52	-7124.66	293.48	729.279
-3991.52	-7124.66	291.416	743.622
-3991.52	-7124.66	289.351	713.158
-3991.52	-7124.66	287.286	688.762
-3991.52	-7124.66	285.22	651.067
-3991.52	-7124.66	283.154	688.402
-3991.52	-7124.66	281.087	661.613
-3991.52	-7124.66	279.019	679.578
-3991.52	-7124.66	276.951	684.235
-3991.52	-7124.66	274.883	682.847
-3991.52	-7124.66	272.814	669.377
-3991.52	-7124.66	270.744	639.003
-3991.52	-7124.66	268.674	644.873
-3991.52	-7124.66	266.603	649.533
-3991.52	-7124.66	264.532	649.362
-3991.52	-7124.66	262.46	646.778
-3991.52	-7124.66	260.388	644.195
-3991.52	-7124.66	258.315	633.171
-3991.52	-7124.66	256.241	601.655
-3991.52	-7124.66	254.167	621.988
-3991.52	-7124.66	252.093	626.645
-3991.52	-7124.66	250.018	605.998
-3991.52	-7124.66	247.942	610.656
-3991.52	-7124.66	245.866	579.187
-3991.52	-7124.66	243.789	585.052
-3991.52	-7124.66	241.712	594.525
-3991.52	-7124.66	239.634	590.758
-3991.52	-7124.66	237.556	584.587
-3991.52	-7124.66	235.477	580.824
-3991.52	-7124.66	233.397	573.457
-3991.52	-7124.66	231.317	588.929
-3991.52	-7124.66	229.237	569.547
-3991.52	-7124.66	227.155	569.395
-3991.52	-7124.66	225.074	540.421
-3991.52	-7124.66	222.991	558.287
-3991.52	-7124.66	220.909	567.74
-3991.52	-7124.66	218.825	548.389
-3991.52	-7124.66	216.741	529.048
-3991.52	-7124.66	214.657	552.893
-3991.52	-7124.66	212.572	516.775
-3991.52	-7124.66	210.486	547.802
-3991.52	-7124.66	208.4	536.87
-3991.52	-7124.66	206.313	539.122
-3991.52	-7124.66	204.226	567.723
-3991.52	-7124.66	202.138	565.176
-3991.52	-7124.66	200.05	580.586
-3991.52	-7124.66	197.961	617.53
-3991.52	-7124.66	195.871	606.596
-3991.52	-7124.66	193.781	612.413
-3991.52	-7124.66	191.691	624.206
-3991.52	-7124.66	189.599	627.624
-3991.52	-7124.66	187.508	628.65
-3991.52	-7124.66	185.415	630.87
-3991.52	-7124.66	183.322	654.589
-3991.52	-7124.66	181.229	690.238
-3991.52	-7124.66	179.135	655.429
-3991.52	-7124.66	177.04	657.639
-3991.52	-7124.66	174.945	675.359
-3991.52	-7124.66	172.849	694.262
-3991.52	-7124.66	170.753	677.377
-3991.52	-7124.66	168.656	681.962
-3991.52	-7124.66	166.558	667.474
-3991.52	-7124.66	164.46	680.4
-3991.52	-7124.66	162.362	692.127
-3991.52	-7124.66	160.263	691.938
-3991.52	-7124.66	158.163	716.753
-3991.52	-7124.66	156.063	707.035
-3991.52	-7124.66	153.962	727.071
-3991.52	-7124.66	151.86	682.856
-3991.52	-7124.66	149.758	692.183
-3991.52	-7124.66	147.656	688.427
-3991.52	-7124.66	145.552	696.559
-3991.52	-7124.66	143.449	699.933
-3991.52	-7124.66	141.344	715.185
-3991.52	-7124.66	139.239	690.047
-3991.52	-7124.66	137.134	679.171
-3991.52	-7124.66	135.028	676.611
-3991.52	-7124.66	132.921	666.931
-3991.52	-7124.66	130.814	692.847
-3991.52	-7124.66	128.706	665.377
-3991.52	-7124.66	126.598	666.379
-3991.52	-7124.66	124.489	660.268
-3991.52	-7124.66	122.379	677.862
-3991.52	-7124.66	120.269	677.674
-3991.52	-7124.66	118.158	643.139
-3991.52	-7124.66	116.047	647.697
-3991.52	-7124.66	113.935	634.496
-3991.52	-7124.66	111.822	613.018
-3991.52	-7124.66	109.709	615.214
-3991.52	-7124.66	107.596	579.56
-3991.52	-7124.66	105.481	542.743
-3991.52	-7124.66	103.367	511.857
-3991.52	-7124.66	101.251	537.713
-3991.52	-7124.66	99.1351	531.656
-3991.52	-7124.66	97.0184	513.791
-3991.52	-7124.66	94.9012	516.009
-3991.52	-7124.66	92.7834	478.09
-3991.52	-7124.66	90.665	454.353
-3991.52	-7124.66	88.546	462.485
-3991.52	-7124.66	86.4265	436.407
-3991.52	-7124.66	84.3063	436.284
-3991.52	-7124.66	82.1855	417.301
-3991.52	-7124.66	80.0641	404.22
-3991.52	-7124.66	77.9422	413.532
