-3989.52	-7134.66	1979.41	1015.02
-3989.52	-7134.66	1977.72	1069.52
-3989.52	-7134.66	1976.02	1075.25
-3989.52	-7134.66	1974.33	1076.55
-3989.52	-7134.66	1972.64	1077.85
-3989.52	-7134.66	1970.94	1049.63
-3989.52	-7134.66	1969.25	1093.73
-3989.52	-7134.66	1967.56	1053.71
-3989.52	-7134.66	1965.86	1049.11
-3989.52	-7134.66	1964.17	1004.68
-3989.52	-7134.66	1962.47	1039.91
-3989.52	-7134.66	1960.78	1053.01
-3989.52	-7134.66	1959.08	1051.36
-3989.52	-7134.66	1957.39	1074.78
-3989.52	-7134.66	1955.69	1040.7
-3989.52	-7134.66	1953.99	1030.21
-3989.52	-7134.66	1952.3	991.721
-3989.52	-7134.66	1950.6	1047.54
-3989.52	-7134.66	1948.9	1059.15
-3989.52	-7134.66	1947.21	1008.9
-3989.52	-7134.66	1945.51	1094.14
-3989.52	-7134.66	1943.81	1052.73
-3989.52	-7134.66	1942.11	1062.86
-3989.52	-7134.66	1940.41	1047.96
-3989.52	-7134.66	1938.71	1030.12
-3989.52	-7134.66	1937.01	1037.31
-3989.52	-7134.66	1935.32	1045.96
-3989.52	-7134.66	1933.62	1019.31
-3989.52	-7134.66	1931.92	985.309
-3989.52	-7134.66	1930.22	1007.2
-3989.52	-7134.66	1928.51	1046.72
-3989.52	-7134.66	1926.81	1049.48
-3989.52	-7134.66	1925.11	1064.0
-3989.52	-7134.66	1923.41	1013.86
-3989.52	-7134.66	1921.71	1003.4
-3989.52	-7134.66	1920.01	1001.76
-3989.52	-7134.66	1918.31	1042.71
-3989.52	-7134.66	1916.6	1039.59
-3989.52	-7134.66	1914.9	1039.42
-3989.52	-7134.66	1913.2	1023.09
-3989.52	-7134.66	1911.49	1055.2
-3989.52	-7134.66	1909.79	1040.35
-3989.52	-7134.66	1908.09	990.284
-3989.52	-7134.66	1906.38	1009.18
-3989.52	-7134.66	1904.68	1020.74
-3989.52	-7134.66	1902.97	967.775
-3989.52	-7134.66	1901.27	1015.99
-3989.52	-7134.66	1899.56	999.687
-3989.52	-7134.66	1897.85	998.047
-3989.52	-7134.66	1896.15	1006.66
-3989.52	-7134.66	1894.44	1000.63
-3989.52	-7134.66	1892.74	1057.58
-3989.52	-7134.66	1891.03	1031.03
-3989.52	-7134.66	1889.32	1041.1
-3989.52	-7134.66	1887.61	1026.28
-3989.52	-7134.66	1885.91	1021.71
-3989.52	-7134.66	1884.2	1039.09
-3989.52	-7134.66	1882.49	999.401
-3989.52	-7134.66	1880.78	999.224
-3989.52	-7134.66	1879.07	1037.08
-3989.52	-7134.66	1877.36	1054.45
-3989.52	-7134.66	1875.65	1022.09
-3989.52	-7134.66	1873.94	1017.52
-3989.52	-7134.66	1872.23	988.109
-3989.52	-7134.66	1870.52	1011.32
-3989.52	-7134.66	1868.81	1018.44
-3989.52	-7134.66	1867.1	994.886
-3989.52	-7134.66	1865.39	953.811
-3989.52	-7134.66	1863.68	1003.29
-3989.52	-7134.66	1861.96	1044.0
-3989.52	-7134.66	1860.25	1013.15
-3989.52	-7134.66	1858.54	1030.49
-3989.52	-7134.66	1856.82	1031.76
-3989.52	-7134.66	1855.11	981.969
-3989.52	-7134.66	1853.4	977.416
-3989.52	-7134.66	1851.68	965.571
-3989.52	-7134.66	1849.97	997.48
-3989.52	-7134.66	1848.25	1025.0
-3989.52	-7134.66	1846.54	1002.95
-3989.52	-7134.66	1844.82	998.398
-3989.52	-7134.66	1843.11	974.901
-3989.52	-7134.66	1841.39	968.896
-3989.52	-7134.66	1839.68	978.918
-3989.52	-7134.66	1837.96	1047.19
-3989.52	-7134.66	1836.24	1035.35
-3989.52	-7134.66	1834.53	1016.24
-3989.52	-7134.66	1832.81	976.75
-3989.52	-7134.66	1831.09	1004.22
-3989.52	-7134.66	1829.37	986.58
-3989.52	-7134.66	1827.65	968.941
-3989.52	-7134.66	1825.94	1041.49
-3989.52	-7134.66	1824.22	980.221
-3989.52	-7134.66	1822.5	1016.39
-3989.52	-7134.66	1820.78	992.946
-3989.52	-7134.66	1819.06	1023.29
-3989.52	-7134.66	1817.34	1014.38
-3989.52	-7134.66	1815.62	1022.91
-3989.52	-7134.66	1813.9	990.763
-3989.52	-7134.66	1812.18	967.341
-3989.52	-7134.66	1810.45	1015.08
-3989.52	-7134.66	1808.73	1006.19
-3989.52	-7134.66	1807.01	966.805
-3989.52	-7134.66	1805.29	975.334
-3989.52	-7134.66	1803.56	1012.88
-3989.52	-7134.66	1801.84	927.094
-3989.52	-7134.66	1800.12	955.933
-3989.52	-7134.66	1798.39	1019.57
-3989.52	-7134.66	1796.67	917.877
-3989.52	-7134.66	1794.95	980.046
-3989.52	-7134.66	1793.22	955.222
-3989.52	-7134.66	1791.5	985.477
-3989.52	-7134.66	1789.77	956.314
-3989.52	-7134.66	1788.04	977.865
-3989.52	-7134.66	1786.32	942.92
-3989.52	-7134.66	1784.59	1007.91
-3989.52	-7134.66	1782.87	959.941
-3989.52	-7134.66	1781.14	964.104
-3989.52	-7134.66	1779.41	994.316
-3989.52	-7134.66	1777.68	994.129
-3989.52	-7134.66	1775.96	941.858
-3989.52	-7134.66	1774.23	963.378
-3989.52	-7134.66	1772.5	968.981
-3989.52	-7134.66	1770.77	970.244
-3989.52	-7134.66	1769.04	959.941
-3989.52	-7134.66	1767.31	977.104
-3989.52	-7134.66	1765.58	978.364
-3989.52	-7134.66	1763.85	982.513
-3989.52	-7134.66	1762.12	1019.89
-3989.52	-7134.66	1760.39	982.141
-3989.52	-7134.66	1758.66	1031.05
-3989.52	-7134.66	1756.93	952.892
-3989.52	-7134.66	1755.19	920.953
-3989.52	-7134.66	1753.46	1024.69
-3989.52	-7134.66	1751.73	950.904
-3989.52	-7134.66	1750.0	983.904
-3989.52	-7134.66	1748.26	1006.79
-3989.52	-7134.66	1746.53	999.391
-3989.52	-7134.66	1744.8	1006.41
-3989.52	-7134.66	1743.06	942.787
-3989.52	-7134.66	1741.33	993.052
-3989.52	-7134.66	1739.59	995.743
-3989.52	-7134.66	1737.86	981.144
-3989.52	-7134.66	1736.12	1021.29
-3989.52	-7134.66	1734.39	996.609
-3989.52	-7134.66	1732.65	958.979
-3989.52	-7134.66	1730.91	958.795
-3989.52	-7134.66	1729.18	1011.87
-3989.52	-7134.66	1727.44	933.96
-3989.52	-7134.66	1725.7	940.974
-3989.52	-7134.66	1723.96	979.632
-3989.52	-7134.66	1722.23	949.239
-3989.52	-7134.66	1720.49	970.625
-3989.52	-7134.66	1718.75	937.37
-3989.52	-7134.66	1717.01	942.938
-3989.52	-7134.66	1715.27	978.683
-3989.52	-7134.66	1713.53	952.629
-3989.52	-7134.66	1711.79	925.149
-3989.52	-7134.66	1710.05	965.185
-3989.52	-7134.66	1708.31	952.073
-3989.52	-7134.66	1706.57	990.652
-3989.52	-7134.66	1704.82	980.411
-3989.52	-7134.66	1703.08	1003.18
-3989.52	-7134.66	1701.34	936.981
-3989.52	-7134.66	1699.6	965.49
-3989.52	-7134.66	1697.85	963.867
-3989.52	-7134.66	1696.11	976.584
-3989.52	-7134.66	1694.37	937.681
-3989.52	-7134.66	1692.62	980.502
-3989.52	-7134.66	1690.88	970.277
-3989.52	-7134.66	1689.13	974.385
-3989.52	-7134.66	1687.39	982.789
-3989.52	-7134.66	1685.64	961.11
-3989.52	-7134.66	1683.9	907.934
-3989.52	-7134.66	1682.15	977.913
-3989.52	-7134.66	1680.41	1004.92
-3989.52	-7134.66	1678.66	957.49
-3989.52	-7134.66	1676.91	964.456
-3989.52	-7134.66	1675.16	969.987
-3989.52	-7134.66	1673.42	952.631
-3989.52	-7134.66	1671.67	1005.36
-3989.52	-7134.66	1669.92	1020.88
-3989.52	-7134.66	1668.17	992.092
-3989.52	-7134.66	1666.42	983.319
-3989.52	-7134.66	1664.67	970.264
-3989.52	-7134.66	1662.92	951.498
-3989.52	-7134.66	1661.17	1004.16
-3989.52	-7134.66	1659.42	1049.66
-3989.52	-7134.66	1657.67	989.481
-3989.52	-7134.66	1655.92	1039.25
-3989.52	-7134.66	1654.17	1021.91
-3989.52	-7134.66	1652.42	1040.26
-3989.52	-7134.66	1650.66	1001.53
-3989.52	-7134.66	1648.91	1031.29
-3989.52	-7134.66	1647.16	1041.06
-3989.52	-7134.66	1645.41	1035.15
-3989.52	-7134.66	1643.65	1089.11
-3989.52	-7134.66	1641.9	1128.8
-3989.52	-7134.66	1640.14	1073.0
-3989.52	-7134.66	1638.39	1122.65
-3989.52	-7134.66	1636.63	1118.15
-3989.52	-7134.66	1634.88	1076.63
-3989.52	-7134.66	1633.12	1083.53
-3989.52	-7134.66	1631.37	1090.43
-3989.52	-7134.66	1629.61	1124.37
-3989.52	-7134.66	1627.85	1162.56
-3989.52	-7134.66	1626.09	1199.32
-3989.52	-7134.66	1624.34	1197.66
-3989.52	-7134.66	1622.58	1272.79
-3989.52	-7134.66	1620.82	1242.67
-3989.52	-7134.66	1619.06	1277.96
-3989.52	-7134.66	1617.3	1274.86
-3989.52	-7134.66	1615.54	1297.33
-3989.52	-7134.66	1613.78	1342.53
-3989.52	-7134.66	1612.02	1338.0
-3989.52	-7134.66	1610.26	1363.29
-3989.52	-7134.66	1608.5	1340.3
-3989.52	-7134.66	1606.74	1351.38
-3989.52	-7134.66	1604.98	1361.04
-3989.52	-7134.66	1603.22	1356.51
-3989.52	-7134.66	1601.46	1357.65
-3989.52	-7134.66	1599.69	1377.23
-3989.52	-7134.66	1597.93	1388.3
-3989.52	-7134.66	1596.17	1409.28
-3989.52	-7134.66	1594.4	1372.14
-3989.52	-7134.66	1592.64	1374.69
-3989.52	-7134.66	1590.88	1361.66
-3989.52	-7134.66	1589.11	1365.63
-3989.52	-7134.66	1587.35	1342.69
-3989.52	-7134.66	1585.58	1312.68
-3989.52	-7134.66	1583.81	1243.04
-3989.52	-7134.66	1582.05	1324.88
-3989.52	-7134.66	1580.28	1333.1
-3989.52	-7134.66	1578.51	1313.02
-3989.52	-7134.66	1576.75	1311.33
-3989.52	-7134.66	1574.98	1270.05
-3989.52	-7134.66	1573.21	1283.93
-3989.52	-7134.66	1571.44	1285.08
-3989.52	-7134.66	1569.67	1277.75
-3989.52	-7134.66	1567.91	1230.85
-3989.52	-7134.66	1566.14	1250.38
-3989.52	-7134.66	1564.37	1223.28
-3989.52	-7134.66	1562.6	1252.69
-3989.52	-7134.66	1560.83	1203.01
-3989.52	-7134.66	1559.05	1225.35
-3989.52	-7134.66	1557.28	1191.22
-3989.52	-7134.66	1555.51	1179.69
-3989.52	-7134.66	1553.74	1166.75
-3989.52	-7134.66	1551.97	1156.63
-3989.52	-7134.66	1550.19	1166.26
-3989.52	-7134.66	1548.42	1125.13
-3989.52	-7134.66	1546.65	1119.26
-3989.52	-7134.66	1544.87	1102.12
-3989.52	-7134.66	1543.1	1107.53
-3989.52	-7134.66	1541.32	1132.66
-3989.52	-7134.66	1539.55	1090.17
-3989.52	-7134.66	1537.77	1135.0
-3989.52	-7134.66	1536.0	1134.77
-3989.52	-7134.66	1534.22	1113.42
-3989.52	-7134.66	1532.45	1086.45
-3989.52	-7134.66	1530.67	1062.3
-3989.52	-7134.66	1528.89	1057.86
-3989.52	-7134.66	1527.11	1064.67
-3989.52	-7134.66	1525.34	1056.01
-3989.52	-7134.66	1523.56	1050.17
-3989.52	-7134.66	1521.78	1131.47
-3989.52	-7134.66	1520.0	1104.54
-3989.52	-7134.66	1518.22	1041.08
-3989.52	-7134.66	1516.44	1014.18
-3989.52	-7134.66	1514.66	1068.73
-3989.52	-7134.66	1512.88	1069.91
-3989.52	-7134.66	1511.1	1059.86
-3989.52	-7134.66	1509.32	1004.91
-3989.52	-7134.66	1507.54	975.228
-3989.52	-7134.66	1505.76	998.874
-3989.52	-7134.66	1503.97	1050.56
-3989.52	-7134.66	1502.19	1034.92
-3989.52	-7134.66	1500.41	1020.68
-3989.52	-7134.66	1498.62	1021.87
-3989.52	-7134.66	1496.84	982.41
-3989.52	-7134.66	1495.06	1043.85
-3989.52	-7134.66	1493.27	1010.01
-3989.52	-7134.66	1491.49	997.197
-3989.52	-7134.66	1489.7	1015.19
-3989.52	-7134.66	1487.91	981.378
-3989.52	-7134.66	1486.13	1018.96
-3989.52	-7134.66	1484.34	1007.55
-3989.52	-7134.66	1482.55	1001.74
-3989.52	-7134.66	1480.77	1021.12
-3989.52	-7134.66	1478.98	1009.71
-3989.52	-7134.66	1477.19	1002.51
-3989.52	-7134.66	1475.4	1006.49
-3989.52	-7134.66	1473.61	990.904
-3989.52	-7134.66	1471.83	1018.64
-3989.52	-7134.66	1470.04	1003.06
-3989.52	-7134.66	1468.25	1001.45
-3989.52	-7134.66	1466.46	990.066
-3989.52	-7134.66	1464.67	1019.18
-3989.52	-7134.66	1462.87	967.313
-3989.52	-7134.66	1461.08	988.041
-3989.52	-7134.66	1459.29	1011.55
-3989.52	-7134.66	1457.5	1028.08
-3989.52	-7134.66	1455.71	1005.54
-3989.52	-7134.66	1453.91	999.752
-3989.52	-7134.66	1452.12	970.265
-3989.52	-7134.66	1450.33	988.178
-3989.52	-7134.66	1448.53	957.311
-3989.52	-7134.66	1446.74	961.287
-3989.52	-7134.66	1444.94	1004.26
-3989.52	-7134.66	1443.15	983.159
-3989.52	-7134.66	1441.35	1024.72
-3989.52	-7134.66	1439.56	981.349
-3989.52	-7134.66	1437.76	990.881
-3989.52	-7134.66	1435.96	1007.37
-3989.52	-7134.66	1434.17	977.939
-3989.52	-7134.66	1432.37	994.42
-3989.52	-7134.66	1430.57	948.321
-3989.52	-7134.66	1428.77	971.752
-3989.52	-7134.66	1426.97	1002.12
-3989.52	-7134.66	1425.17	1013.03
-3989.52	-7134.66	1423.37	991.969
-3989.52	-7134.66	1421.58	962.587
-3989.52	-7134.66	1419.77	995.711
-3989.52	-7134.66	1417.97	1042.7
-3989.52	-7134.66	1416.17	1000.84
-3989.52	-7134.66	1414.37	1011.73
-3989.52	-7134.66	1412.57	1037.87
-3989.52	-7134.66	1410.77	994.645
-3989.52	-7134.66	1408.97	1029.1
-3989.52	-7134.66	1407.16	1021.95
-3989.52	-7134.66	1405.36	1039.75
-3989.52	-7134.66	1403.56	1075.57
-3989.52	-7134.66	1401.75	1083.65
-3989.52	-7134.66	1399.95	1061.25
-3989.52	-7134.66	1398.14	1058.25
-3989.52	-7134.66	1396.34	1053.87
-3989.52	-7134.66	1394.53	1093.8
-3989.52	-7134.66	1392.73	1034.04
-3989.52	-7134.66	1390.92	1031.05
-3989.52	-7134.66	1389.11	1062.65
-3989.52	-7134.66	1387.3	1048.59
-3989.52	-7134.66	1385.5	1041.45
-3989.52	-7134.66	1383.69	1092.38
-3989.52	-7134.66	1381.88	1088.0
-3989.52	-7134.66	1380.07	1069.8
-3989.52	-7134.66	1378.26	1062.66
-3989.52	-7134.66	1376.45	1032.03
-3989.52	-7134.66	1374.64	1088.44
-3989.52	-7134.66	1372.83	1137.92
-3989.52	-7134.66	1371.02	1092.11
-3989.52	-7134.66	1369.21	1096.02
-3989.52	-7134.66	1367.4	1086.12
-3989.52	-7134.66	1365.59	1099.68
-3989.52	-7134.66	1363.78	1103.58
-3989.52	-7134.66	1361.96	1100.59
-3989.52	-7134.66	1360.15	1039.68
-3989.52	-7134.66	1358.34	1076.67
-3989.52	-7134.66	1356.52	1059.9
-3989.52	-7134.66	1354.71	1072.07
-3989.52	-7134.66	1352.89	1082.86
-3989.52	-7134.66	1351.08	1093.65
-3989.52	-7134.66	1349.26	1075.51
-3989.52	-7134.66	1347.45	1109.69
-3989.52	-7134.66	1345.63	1081.92
-3989.52	-7134.66	1343.81	1056.92
-3989.52	-7134.66	1342.0	1089.71
-3989.52	-7134.66	1340.18	1081.22
-3989.52	-7134.66	1338.36	1089.23
-3989.52	-7134.66	1336.54	1071.12
-3989.52	-7134.66	1334.73	1062.64
-3989.52	-7134.66	1332.91	1065.16
-3989.52	-7134.66	1331.09	1081.41
-3989.52	-7134.66	1329.27	1052.33
-3989.52	-7134.66	1327.45	1090.56
-3989.52	-7134.66	1325.63	1060.11
-3989.52	-7134.66	1323.81	1014.57
-3989.52	-7134.66	1321.98	1050.04
-3989.52	-7134.66	1320.16	1016.87
-3989.52	-7134.66	1318.34	1068.79
-3989.52	-7134.66	1316.52	993.112
-3989.52	-7134.66	1314.7	1009.35
-3989.52	-7134.66	1312.87	1039.3
-3989.52	-7134.66	1311.05	1013.02
-3989.52	-7134.66	1309.22	1018.28
-3989.52	-7134.66	1307.4	1008.47
-3989.52	-7134.66	1305.57	990.44
-3989.52	-7134.66	1303.75	982.006
-3989.52	-7134.66	1301.92	1003.7
-3989.52	-7134.66	1300.1	981.576
-3989.52	-7134.66	1298.27	992.311
-3989.52	-7134.66	1296.44	964.725
-3989.52	-7134.66	1294.62	930.311
-3989.52	-7134.66	1292.79	976.613
-3989.52	-7134.66	1290.96	996.911
-3989.52	-7134.66	1289.13	943.371
-3989.52	-7134.66	1287.3	948.632
-3989.52	-7134.66	1285.47	926.558
-3989.52	-7134.66	1283.64	946.849
-3989.52	-7134.66	1281.81	909.759
-3989.52	-7134.66	1279.98	945.067
-3989.52	-7134.66	1278.15	939.398
-3989.52	-7134.66	1276.32	970.589
-3989.52	-7134.66	1274.49	928.067
-3989.52	-7134.66	1272.66	891.021
-3989.52	-7134.66	1270.82	918.109
-3989.52	-7134.66	1268.99	926.09
-3989.52	-7134.66	1267.16	906.796
-3989.52	-7134.66	1265.32	892.963
-3989.52	-7134.66	1263.49	911.849
-3989.52	-7134.66	1261.66	887.119
-3989.52	-7134.66	1259.82	904.635
-3989.52	-7134.66	1257.98	871.745
-3989.52	-7134.66	1256.15	882.447
-3989.52	-7134.66	1254.31	916.29
-3989.52	-7134.66	1252.48	872.53
-3989.52	-7134.66	1250.64	845.119
-3989.52	-7134.66	1248.8	847.654
-3989.52	-7134.66	1246.96	844.746
-3989.52	-7134.66	1245.13	881.279
-3989.52	-7134.66	1243.29	859.329
-3989.52	-7134.66	1241.45	853.702
-3989.52	-7134.66	1239.61	865.745
-3989.52	-7134.66	1237.77	835.66
-3989.52	-7134.66	1235.93	839.551
-3989.52	-7134.66	1234.09	812.201
-3989.52	-7134.66	1232.25	855.474
-3989.52	-7134.66	1230.41	847.139
-3989.52	-7134.66	1228.56	826.592
-3989.52	-7134.66	1226.72	831.837
-3989.52	-7134.66	1224.88	809.945
-3989.52	-7134.66	1223.04	831.468
-3989.52	-7134.66	1221.19	816.367
-3989.52	-7134.66	1219.35	855.504
-3989.52	-7134.66	1217.5	828.204
-3989.52	-7134.66	1215.66	809.048
-3989.52	-7134.66	1213.81	815.643
-3989.52	-7134.66	1211.97	808.689
-3989.52	-7134.66	1210.12	778.715
-3989.52	-7134.66	1208.28	806.976
-3989.52	-7134.66	1206.43	804.089
-3989.52	-7134.66	1204.58	755.189
-3989.52	-7134.66	1202.73	803.732
-3989.52	-7134.66	1200.89	792.731
-3989.52	-7134.66	1199.04	785.792
-3989.52	-7134.66	1197.19	807.252
-3989.52	-7134.66	1195.34	794.906
-3989.52	-7134.66	1193.49	794.729
-3989.52	-7134.66	1191.64	802.66
-3989.52	-7134.66	1189.79	764.653
-3989.52	-7134.66	1187.94	756.379
-3989.52	-7134.66	1186.09	765.663
-3989.52	-7134.66	1184.23	780.343
-3989.52	-7134.66	1182.38	777.47
-3989.52	-7134.66	1180.53	743.56
-3989.52	-7134.66	1178.68	743.394
-3989.52	-7134.66	1176.82	756.717
-3989.52	-7134.66	1174.97	757.897
-3989.52	-7134.66	1173.12	738.852
-3989.52	-7134.66	1171.26	744.079
-3989.52	-7134.66	1169.41	737.174
-3989.52	-7134.66	1167.55	757.22
-3989.52	-7134.66	1165.69	748.969
-3989.52	-7134.66	1163.84	756.882
-3989.52	-7134.66	1161.98	741.902
-3989.52	-7134.66	1160.12	741.736
-3989.52	-7134.66	1158.27	744.262
-3989.52	-7134.66	1156.41	776.389
-3989.52	-7134.66	1154.55	746.619
-3989.52	-7134.66	1152.69	738.382
-3989.52	-7134.66	1150.83	697.877
-3989.52	-7134.66	1148.97	705.787
-3989.52	-7134.66	1147.11	720.414
-3989.52	-7134.66	1145.25	744.44
-3989.52	-7134.66	1143.39	730.839
-3989.52	-7134.66	1141.53	722.616
-3989.52	-7134.66	1139.67	730.511
-3989.52	-7134.66	1137.81	750.486
-3989.52	-7134.66	1135.94	747.633
-3989.52	-7134.66	1134.08	712.575
-3989.52	-7134.66	1132.22	721.806
-3989.52	-7134.66	1130.35	714.938
-3989.52	-7134.66	1128.49	764.396
-3989.52	-7134.66	1126.62	709.254
-3989.52	-7134.66	1124.76	710.435
-3989.52	-7134.66	1122.89	719.656
-3989.52	-7134.66	1121.03	698.057
-3989.52	-7134.66	1119.16	695.221
-3989.52	-7134.66	1117.3	708.457
-3989.52	-7134.66	1115.43	680.18
-3989.52	-7134.66	1113.56	729.557
-3989.52	-7134.66	1111.69	717.348
-3989.52	-7134.66	1109.82	703.806
-3989.52	-7134.66	1107.96	694.283
-3989.52	-7134.66	1106.09	663.366
-3989.52	-7134.66	1104.22	672.577
-3989.52	-7134.66	1102.35	699.162
-3989.52	-7134.66	1100.48	719.052
-3989.52	-7134.66	1098.61	668.114
-3989.52	-7134.66	1096.73	692.01
-3989.52	-7134.66	1094.86	702.539
-3989.52	-7134.66	1092.99	711.728
-3989.52	-7134.66	1091.12	707.562
-3989.52	-7134.66	1089.24	707.403
-3989.52	-7134.66	1087.37	697.902
-3989.52	-7134.66	1085.5	693.742
-3989.52	-7134.66	1083.62	698.921
-3989.52	-7134.66	1081.75	678.76
-3989.52	-7134.66	1079.87	671.941
-3989.52	-7134.66	1078.0	673.122
-3989.52	-7134.66	1076.12	692.959
-3989.52	-7134.66	1074.24	698.132
-3989.52	-7134.66	1072.37	695.31
-3989.52	-7134.66	1070.49	676.509
-3989.52	-7134.66	1068.61	679.019
-3989.52	-7134.66	1066.73	682.858
-3989.52	-7134.66	1064.86	677.381
-3989.52	-7134.66	1062.98	721.134
-3989.52	-7134.66	1061.1	699.688
-3989.52	-7134.66	1059.22	679.581
-3989.52	-7134.66	1057.34	720.644
-3989.52	-7134.66	1055.46	737.762
-3989.52	-7134.66	1053.58	703.041
-3989.52	-7134.66	1051.69	685.609
-3989.52	-7134.66	1049.81	669.512
-3989.52	-7134.66	1047.93	665.376
-3989.52	-7134.66	1046.05	686.47
-3989.52	-7134.66	1044.16	677.022
-3989.52	-7134.66	1042.28	664.924
-3989.52	-7134.66	1040.4	689.984
-3989.52	-7134.66	1038.51	679.215
-3989.52	-7134.66	1036.63	655.187
-3989.52	-7134.66	1034.74	682.884
-3989.52	-7134.66	1032.86	676.101
-3989.52	-7134.66	1030.97	706.431
-3989.52	-7134.66	1029.08	720.846
-3989.52	-7134.66	1027.2	680.939
-3989.52	-7134.66	1025.31	705.949
-3989.52	-7134.66	1023.42	701.816
-3989.52	-7134.66	1021.53	705.628
-3989.52	-7134.66	1019.64	734.587
-3989.52	-7134.66	1017.75	680.165
-3989.52	-7134.66	1015.86	718.377
-3989.52	-7134.66	1013.97	722.181
-3989.52	-7134.66	1012.08	704.826
-3989.52	-7134.66	1010.19	711.276
-3989.52	-7134.66	1008.3	745.48
-3989.52	-7134.66	1006.41	754.56
-3989.52	-7134.66	1004.52	751.746
-3989.52	-7134.66	1002.62	763.462
-3989.52	-7134.66	1000.73	744.8
-3989.52	-7134.66	998.837	759.154
-3989.52	-7134.66	996.943	753.701
-3989.52	-7134.66	995.049	740.332
-3989.52	-7134.66	993.154	799.534
-3989.52	-7134.66	991.258	779.566
-3989.52	-7134.66	989.363	789.938
-3989.52	-7134.66	987.467	805.579
-3989.52	-7134.66	985.57	822.531
-3989.52	-7134.66	983.673	813.118
-3989.52	-7134.66	981.776	839.284
-3989.52	-7134.66	979.878	825.919
-3989.52	-7134.66	977.979	848.119
-3989.52	-7134.66	976.081	890.058
-3989.52	-7134.66	974.181	885.905
-3989.52	-7134.66	972.282	923.868
-3989.52	-7134.66	970.382	902.605
-3989.52	-7134.66	968.481	898.452
-3989.52	-7134.66	966.58	917.973
-3989.52	-7134.66	964.679	854.65
-3989.52	-7134.66	962.777	933.327
-3989.52	-7134.66	960.875	912.086
-3989.52	-7134.66	958.972	889.54
-3989.52	-7134.66	957.069	919.55
-3989.52	-7134.66	955.166	911.459
-3989.52	-7134.66	953.262	871.859
-3989.52	-7134.66	951.357	895.288
-3989.52	-7134.66	949.452	910.832
-3989.52	-7134.66	947.547	893.565
-3989.52	-7134.66	945.641	890.736
-3989.52	-7134.66	943.735	898.401
-3989.52	-7134.66	941.829	878.526
-3989.52	-7134.66	939.922	904.543
-3989.52	-7134.66	938.014	895.161
-3989.52	-7134.66	936.106	884.473
-3989.52	-7134.66	934.198	871.169
-3989.52	-7134.66	932.289	882.756
-3989.52	-7134.66	930.38	883.863
-3989.52	-7134.66	928.47	777.62
-3989.52	-7134.66	926.56	810.162
-3989.52	-7134.66	924.649	783.805
-3989.52	-7134.66	922.738	801.94
-3989.52	-7134.66	920.827	780.829
-3989.52	-7134.66	918.915	766.265
-3989.52	-7134.66	917.003	787.006
-3989.52	-7134.66	915.09	763.298
-3989.52	-7134.66	913.177	782.723
-3989.52	-7134.66	911.263	786.462
-3989.52	-7134.66	909.349	734.036
-3989.52	-7134.66	907.435	726.032
-3989.52	-7134.66	905.52	727.17
-3989.52	-7134.66	903.604	753.106
-3989.52	-7134.66	901.688	725.53
-3989.52	-7134.66	899.772	730.581
-3989.52	-7134.66	897.855	730.412
-3989.52	-7134.66	895.938	749.803
-3989.52	-7134.66	894.021	705.304
-3989.52	-7134.66	892.103	735.12
-3989.52	-7134.66	890.184	710.191
-3989.52	-7134.66	888.265	708.724
-3989.52	-7134.66	886.346	742.425
-3989.52	-7134.66	884.426	721.418
-3989.52	-7134.66	882.506	692.61
-3989.52	-7134.66	880.585	721.084
-3989.52	-7134.66	878.664	722.219
-3989.52	-7134.66	876.742	720.751
-3989.52	-7134.66	874.82	724.486
-3989.52	-7134.66	872.898	713.915
-3989.52	-7134.66	870.975	678.647
-3989.52	-7134.66	869.051	731.781
-3989.52	-7134.66	867.127	686.13
-3989.52	-7134.66	865.203	683.372
-3989.52	-7134.66	863.278	676.719
-3989.52	-7134.66	861.353	670.07
-3989.52	-7134.66	859.428	681.599
-3989.52	-7134.66	857.502	682.738
-3989.52	-7134.66	855.575	692.961
-3989.52	-7134.66	853.648	681.124
-3989.52	-7134.66	851.721	691.343
-3989.52	-7134.66	849.793	684.698
-3989.52	-7134.66	847.865	692.318
-3989.52	-7134.66	845.936	733.635
-3989.52	-7134.66	844.007	686.813
-3989.52	-7134.66	842.077	690.54
-3989.52	-7134.66	840.147	672.245
-3989.52	-7134.66	838.216	703.168
-3989.52	-7134.66	836.285	703.005
-3989.52	-7134.66	834.354	687.309
-3989.52	-7134.66	832.422	688.443
-3989.52	-7134.66	830.49	701.22
-3989.52	-7134.66	828.557	702.35
-3989.52	-7134.66	826.624	672.444
-3989.52	-7134.66	824.69	674.873
-3989.52	-7134.66	822.756	708.322
-3989.52	-7134.66	820.821	683.604
-3989.52	-7134.66	818.886	682.153
-3989.52	-7134.66	816.951	678.118
-3989.52	-7134.66	815.015	668.921
-3989.52	-7134.66	813.078	677.802
-3989.52	-7134.66	811.141	690.551
-3989.52	-7134.66	809.204	683.938
-3989.52	-7134.66	807.266	655.395
-3989.52	-7134.66	805.328	690.067
-3989.52	-7134.66	803.389	646.062
-3989.52	-7134.66	801.45	667.828
-3989.52	-7134.66	799.511	680.561
-3989.52	-7134.66	797.571	645.609
-3989.52	-7134.66	795.63	704.721
-3989.52	-7134.66	793.689	659.475
-3989.52	-7134.66	791.748	676.061
-3989.52	-7134.66	789.806	656.591
-3989.52	-7134.66	787.864	713.071
-3989.52	-7134.66	785.921	640.842
-3989.52	-7134.66	783.978	665.135
-3989.52	-7134.66	782.034	645.686
-3989.52	-7134.66	780.09	666.11
-3989.52	-7134.66	778.145	668.525
-3989.52	-7134.66	776.2	641.376
-3989.52	-7134.66	774.255	651.506
-3989.52	-7134.66	772.309	671.908
-3989.52	-7134.66	770.362	628.08
-3989.52	-7134.66	768.416	625.364
-3989.52	-7134.66	766.468	671.435
-3989.52	-7134.66	764.52	671.277
-3989.52	-7134.66	762.572	655.721
-3989.52	-7134.66	760.624	659.415
-3989.52	-7134.66	758.674	652.847
-3989.52	-7134.66	756.725	648.846
-3989.52	-7134.66	754.775	656.386
-3989.52	-7134.66	752.824	658.795
-3989.52	-7134.66	750.873	598.414
-3989.52	-7134.66	748.922	632.862
-3989.52	-7134.66	746.97	641.679
-3989.52	-7134.66	745.017	619.759
-3989.52	-7134.66	743.065	646.497
-3989.52	-7134.66	741.111	604.108
-3989.52	-7134.66	739.158	633.396
-3989.52	-7134.66	737.203	660.112
-3989.52	-7134.66	735.249	610.076
-3989.52	-7134.66	733.294	640.62
-3989.52	-7134.66	731.338	627.685
-3989.52	-7134.66	729.382	616.034
-3989.52	-7134.66	727.425	618.444
-3989.52	-7134.66	725.468	629.795
-3989.52	-7134.66	723.511	633.477
-3989.52	-7134.66	721.553	648.65
-3989.52	-7134.66	719.595	640.837
-3989.52	-7134.66	717.636	656.001
-3989.52	-7134.66	715.676	618.842
-3989.52	-7134.66	713.717	604.663
-3989.52	-7134.66	711.756	619.825
-3989.52	-7134.66	709.796	634.978
-3989.52	-7134.66	707.835	631.004
-3989.52	-7134.66	705.873	641.049
-3989.52	-7134.66	703.911	661.284
-3989.52	-7134.66	701.948	621.638
-3989.52	-7134.66	699.985	650.782
-3989.52	-7134.66	698.022	628.982
-3989.52	-7134.66	696.058	613.557
-3989.52	-7134.66	694.093	615.957
-3989.52	-7134.66	692.129	637.44
-3989.52	-7134.66	690.163	652.553
-3989.52	-7134.66	688.197	610.431
-3989.52	-7134.66	686.231	629.357
-3989.52	-7134.66	684.264	634.292
-3989.52	-7134.66	682.297	630.328
-3989.52	-7134.66	680.329	609.85
-3989.52	-7134.66	678.361	659.243
-3989.52	-7134.66	676.393	654.006
-3989.52	-7134.66	674.423	652.581
-3989.52	-7134.66	672.454	646.078
-3989.52	-7134.66	670.484	668.766
-3989.52	-7134.66	668.513	691.444
-3989.52	-7134.66	666.542	674.789
-3989.52	-7134.66	664.571	660.679
-3989.52	-7134.66	662.599	678.27
-3989.52	-7134.66	660.627	641.351
-3989.52	-7134.66	658.654	647.534
-3989.52	-7134.66	656.68	654.98
-3989.52	-7134.66	654.707	642.158
-3989.52	-7134.66	652.732	619.211
-3989.52	-7134.66	650.758	629.191
-3989.52	-7134.66	648.782	632.837
-3989.52	-7134.66	646.807	626.359
-3989.52	-7134.66	644.83	624.943
-3989.52	-7134.66	642.854	639.971
-3989.52	-7134.66	640.877	651.197
-3989.52	-7134.66	638.899	688.966
-3989.52	-7134.66	636.921	663.524
-3989.52	-7134.66	634.942	670.946
-3989.52	-7134.66	632.963	640.467
-3989.52	-7134.66	630.984	651.679
-3989.52	-7134.66	629.004	648.997
-3989.52	-7134.66	627.023	660.202
-3989.52	-7134.66	625.042	653.734
-3989.52	-7134.66	623.061	676.287
-3989.52	-7134.66	621.079	634.498
-3989.52	-7134.66	619.097	636.867
-3989.52	-7134.66	617.114	673.278
-3989.52	-7134.66	615.131	681.939
-3989.52	-7134.66	613.147	664.132
-3989.52	-7134.66	611.163	660.192
-3989.52	-7134.66	609.178	663.811
-3989.52	-7134.66	607.193	666.17
-3989.52	-7134.66	605.207	633.275
-3989.52	-7134.66	603.221	680.953
-3989.52	-7134.66	601.234	665.687
-3989.52	-7134.66	599.247	636.591
-3989.52	-7134.66	597.259	660.335
-3989.52	-7134.66	595.271	671.492
-3989.52	-7134.66	593.283	638.643
-3989.52	-7134.66	591.294	647.287
-3989.52	-7134.66	589.304	647.13
-3989.52	-7134.66	587.314	665.817
-3989.52	-7134.66	585.323	656.864
-3989.52	-7134.66	583.332	671.773
-3989.52	-7134.66	581.341	660.312
-3989.52	-7134.66	579.349	630.031
-3989.52	-7134.66	577.357	651.208
-3989.52	-7134.66	575.364	619.69
-3989.52	-7134.66	573.37	640.859
-3989.52	-7134.66	571.376	649.48
-3989.52	-7134.66	569.382	655.59
-3989.52	-7134.66	567.387	630.366
-3989.52	-7134.66	565.392	637.731
-3989.52	-7134.66	563.396	648.849
-3989.52	-7134.66	561.399	677.494
-3989.52	-7134.66	559.403	671.069
-3989.52	-7134.66	557.405	703.449
-3989.52	-7134.66	555.408	666.988
-3989.52	-7134.66	553.409	703.106
-3989.52	-7134.66	551.411	701.684
-3989.52	-7134.66	549.411	711.516
-3989.52	-7134.66	547.412	731.345
-3989.52	-7134.66	545.411	746.165
-3989.52	-7134.66	543.411	793.466
-3989.52	-7134.66	541.409	795.77
-3989.52	-7134.66	539.408	830.546
-3989.52	-7134.66	537.406	892.775
-3989.52	-7134.66	535.403	898.798
-3989.52	-7134.66	533.4	994.675
-3989.52	-7134.66	531.396	1081.77
-3989.52	-7134.66	529.392	1218.72
-3989.52	-7134.66	527.387	1484.06
-3989.52	-7134.66	525.382	2027.3
-3989.52	-7134.66	523.376	2861.95
-3989.52	-7134.66	521.37	4080.02
-3989.52	-7134.66	519.364	5083.2
-3989.52	-7134.66	517.357	5443.17
-3989.52	-7134.66	515.349	5308.59
-3989.52	-7134.66	513.341	4617.57
-3989.52	-7134.66	511.332	3848.48
-3989.52	-7134.66	509.323	3212.92
-3989.52	-7134.66	507.314	2758.05
-3989.52	-7134.66	505.304	2447.68
-3989.52	-7134.66	503.293	2180.98
-3989.52	-7134.66	501.282	2032.51
-3989.52	-7134.66	499.27	1920.16
-3989.52	-7134.66	497.258	1876.19
-3989.52	-7134.66	495.246	1832.25
-3989.52	-7134.66	493.233	1756.04
-3989.52	-7134.66	491.219	1648.83
-3989.52	-7134.66	489.205	1627.32
-3989.52	-7134.66	487.191	1545.02
-3989.52	-7134.66	485.176	1521.06
-3989.52	-7134.66	483.16	1430.14
-3989.52	-7134.66	481.144	1409.94
-3989.52	-7134.66	479.128	1433.15
-3989.52	-7134.66	477.111	1399.33
-3989.52	-7134.66	475.093	1306.05
-3989.52	-7134.66	473.075	1309.44
-3989.52	-7134.66	471.056	1300.44
-3989.52	-7134.66	469.037	1270.4
-3989.52	-7134.66	467.018	1236.67
-3989.52	-7134.66	464.998	1277.2
-3989.52	-7134.66	462.977	1171.71
-3989.52	-7134.66	460.956	1170.18
-3989.52	-7134.66	458.935	1132.79
-3989.52	-7134.66	456.913	1143.64
-3989.52	-7134.66	454.89	1112.45
-3989.52	-7134.66	452.867	1089.93
-3989.52	-7134.66	450.843	1060.01
-3989.52	-7134.66	448.819	1025.16
-3989.52	-7134.66	446.795	1050.83
-3989.52	-7134.66	444.77	1065.38
-3989.52	-7134.66	442.744	1045.37
-3989.52	-7134.66	440.718	979.713
-3989.52	-7134.66	438.691	972.066
-3989.52	-7134.66	436.664	989.089
-3989.52	-7134.66	434.637	974.045
-3989.52	-7134.66	432.608	972.568
-3989.52	-7134.66	430.58	968.627
-3989.52	-7134.66	428.551	947.44
-3989.52	-7134.66	426.521	925.031
-3989.52	-7134.66	424.491	949.427
-3989.52	-7134.66	422.46	931.953
-3989.52	-7134.66	420.429	875.101
-3989.52	-7134.66	418.397	893.339
-3989.52	-7134.66	416.365	862.359
-3989.52	-7134.66	414.332	871.981
-3989.52	-7134.66	412.299	887.746
-3989.52	-7134.66	410.265	867.854
-3989.52	-7134.66	408.231	840.598
-3989.52	-7134.66	406.196	839.157
-3989.52	-7134.66	404.161	853.685
-3989.52	-7134.66	402.125	844.873
-3989.52	-7134.66	400.089	837.294
-3989.52	-7134.66	398.052	850.583
-3989.52	-7134.66	396.015	893.316
-3989.52	-7134.66	393.977	853.833
-3989.52	-7134.66	391.938	827.861
-3989.52	-7134.66	389.899	841.139
-3989.52	-7134.66	387.86	866.668
-3989.52	-7134.66	385.82	841.938
-3989.52	-7134.66	383.78	862.553
-3989.52	-7134.66	381.739	857.434
-3989.52	-7134.66	379.697	847.419
-3989.52	-7134.66	377.655	838.634
-3989.52	-7134.66	375.613	833.525
-3989.52	-7134.66	373.57	873.693
-3989.52	-7134.66	371.526	791.506
-3989.52	-7134.66	369.482	819.434
-3989.52	-7134.66	367.437	825.339
-3989.52	-7134.66	365.392	786.011
-3989.52	-7134.66	363.346	828.584
-3989.52	-7134.66	361.3	813.711
-3989.52	-7134.66	359.254	826.939
-3989.52	-7134.66	357.206	820.622
-3989.52	-7134.66	355.159	800.878
-3989.52	-7134.66	353.11	806.776
-3989.52	-7134.66	351.062	802.908
-3989.52	-7134.66	349.012	812.462
-3989.52	-7134.66	346.962	809.814
-3989.52	-7134.66	344.912	816.922
-3989.52	-7134.66	342.861	832.559
-3989.52	-7134.66	340.81	838.439
-3989.52	-7134.66	338.758	799.236
-3989.52	-7134.66	336.705	811.211
-3989.52	-7134.66	334.652	820.744
-3989.52	-7134.66	332.599	810.793
-3989.52	-7134.66	330.545	816.669
-3989.52	-7134.66	328.49	862.696
-3989.52	-7134.66	326.435	862.474
-3989.52	-7134.66	324.379	862.251
-3989.52	-7134.66	322.323	830.417
-3989.52	-7134.66	320.266	854.513
-3989.52	-7134.66	318.209	821.481
-3989.52	-7134.66	316.151	837.062
-3989.52	-7134.66	314.093	823.485
-3989.52	-7134.66	312.034	870.628
-3989.52	-7134.66	309.975	861.904
-3989.52	-7134.66	307.915	865.322
-3989.52	-7134.66	305.854	854.177
-3989.52	-7134.66	303.793	866.085
-3989.52	-7134.66	301.732	881.625
-3989.52	-7134.66	299.67	865.635
-3989.52	-7134.66	297.607	888.439
-3989.52	-7134.66	295.544	827.62
-3989.52	-7134.66	293.48	846.787
-3989.52	-7134.66	291.416	846.567
-3989.52	-7134.66	289.351	829.395
-3989.52	-7134.66	287.286	843.704
-3989.52	-7134.66	285.22	812.019
-3989.52	-7134.66	283.154	809.387
-3989.52	-7134.66	281.087	805.547
-3989.52	-7134.66	279.019	825.893
-3989.52	-7134.66	276.951	813.587
-3989.52	-7134.66	274.883	797.662
-3989.52	-7134.66	272.814	785.371
-3989.52	-7134.66	270.744	799.66
-3989.52	-7134.66	268.674	789.789
-3989.52	-7134.66	266.603	783.545
-3989.52	-7134.66	264.532	772.476
-3989.52	-7134.66	262.46	746.932
-3989.52	-7134.66	260.388	772.069
-3989.52	-7134.66	258.315	758.599
-3989.52	-7134.66	256.241	705.347
-3989.52	-7134.66	254.167	709.983
-3989.52	-7134.66	252.093	696.54
-3989.52	-7134.66	250.018	704.789
-3989.52	-7134.66	247.942	711.829
-3989.52	-7134.66	245.866	730.907
-3989.52	-7134.66	243.789	683.765
-3989.52	-7134.66	241.712	708.857
-3989.52	-7134.66	239.634	695.434
-3989.52	-7134.66	237.556	702.467
-3989.52	-7134.66	235.477	673.42
-3989.52	-7134.66	233.397	675.645
-3989.52	-7134.66	231.317	701.907
-3989.52	-7134.66	229.237	699.317
-3989.52	-7134.66	227.155	669.1
-3989.52	-7134.66	225.074	658.113
-3989.52	-7134.66	222.991	657.938
-3989.52	-7134.66	220.909	655.362
-3989.52	-7134.66	218.825	657.587
-3989.52	-7134.66	216.741	634.617
-3989.52	-7134.66	214.657	644.042
-3989.52	-7134.66	212.572	647.467
-3989.52	-7134.66	210.486	632.91
-3989.52	-7134.66	208.4	624.351
-3989.52	-7134.66	206.313	637.363
-3989.52	-7134.66	204.226	667.135
-3989.52	-7134.66	202.138	686.114
-3989.52	-7134.66	200.05	695.507
-3989.52	-7134.66	197.961	719.255
-3989.52	-7134.66	195.871	709.49
-3989.52	-7134.66	193.781	709.299
-3989.52	-7134.66	191.691	711.499
-3989.52	-7134.66	189.599	736.412
-3989.52	-7134.66	187.508	763.702
-3989.52	-7134.66	185.415	736.015
-3989.52	-7134.66	183.322	768.067
-3989.52	-7134.66	181.229	777.413
-3989.52	-7134.66	179.135	755.713
-3989.52	-7134.66	177.04	792.508
-3989.52	-7134.66	174.945	781.555
-3989.52	-7134.66	172.849	805.2
-3989.52	-7134.66	170.753	794.249
-3989.52	-7134.66	168.656	788.072
-3989.52	-7134.66	166.558	793.817
-3989.52	-7134.66	164.46	766.194
-3989.52	-7134.66	162.362	801.724
-3989.52	-7134.66	160.263	791.978
-3989.52	-7134.66	158.163	789.381
-3989.52	-7134.66	156.063	798.687
-3989.52	-7134.66	153.962	804.419
-3989.52	-7134.66	151.86	836.32
-3989.52	-7134.66	149.758	801.601
-3989.52	-7134.66	147.656	825.161
-3989.52	-7134.66	145.552	802.35
-3989.52	-7134.66	143.449	802.13
-3989.52	-7134.66	141.344	813.79
-3989.52	-7134.66	139.239	817.13
-3989.52	-7134.66	137.134	819.28
-3989.52	-7134.66	135.028	790.566
-3989.52	-7134.66	132.921	772.548
-3989.52	-7134.66	130.814	807.926
-3989.52	-7134.66	128.706	774.494
-3989.52	-7134.66	126.598	801.552
-3989.52	-7134.66	124.489	765.769
-3989.52	-7134.66	122.379	777.408
-3989.52	-7134.66	120.269	757.052
-3989.52	-7134.66	118.158	717.757
-3989.52	-7134.66	116.047	724.663
-3989.52	-7134.66	113.935	710.257
-3989.52	-7134.66	111.822	718.344
-3989.52	-7134.66	109.709	673.186
-3989.52	-7134.66	107.596	656.44
-3989.52	-7134.66	105.481	636.156
-3989.52	-7134.66	103.367	628.886
-3989.52	-7134.66	101.251	580.258
-3989.52	-7134.66	99.1351	593.092
-3989.52	-7134.66	97.0184	575.21
-3989.52	-7134.66	94.9012	564.422
-3989.52	-7134.66	92.7834	534.752
-3989.52	-7134.66	90.665	525.162
-3989.52	-7134.66	88.546	512.037
-3989.52	-7134.66	86.4265	488.304
-3989.52	-7134.66	84.3063	457.509
-3989.52	-7134.66	82.1855	438.519
-3989.52	-7134.66	80.0641	386.543
-3989.52	-7134.66	77.9422	401.75
