-3985.52	-7106.66	1979.41	429.945
-3985.52	-7106.66	1977.72	435.784
-3985.52	-7106.66	1976.02	449.005
-3985.52	-7106.66	1974.33	435.641
-3985.52	-7106.66	1972.64	435.57
-3985.52	-7106.66	1970.94	445.832
-3985.52	-7106.66	1969.25	475.28
-3985.52	-7106.66	1967.56	444.21
-3985.52	-7106.66	1965.86	405.773
-3985.52	-7106.66	1964.17	433.737
-3985.52	-7106.66	1962.47	426.29
-3985.52	-7106.66	1960.78	435.068
-3985.52	-7106.66	1959.08	440.894
-3985.52	-7106.66	1957.39	427.552
-3985.52	-7106.66	1955.69	415.689
-3985.52	-7106.66	1953.99	450.991
-3985.52	-7106.66	1952.3	431.76
-3985.52	-7106.66	1950.6	428.741
-3985.52	-7106.66	1948.9	449.293
-3985.52	-7106.66	1947.21	431.543
-3985.52	-7106.66	1945.51	471.231
-3985.52	-7106.66	1943.81	460.845
-3985.52	-7106.66	1942.11	447.519
-3985.52	-7106.66	1940.41	454.803
-3985.52	-7106.66	1938.71	403.22
-3985.52	-7106.66	1937.01	434.051
-3985.52	-7106.66	1935.32	408.968
-3985.52	-7106.66	1933.62	438.316
-3985.52	-7106.66	1931.92	466.184
-3985.52	-7106.66	1930.22	441.108
-3985.52	-7106.66	1928.51	446.914
-3985.52	-7106.66	1926.81	429.199
-3985.52	-7106.66	1925.11	408.552
-3985.52	-7106.66	1923.41	414.359
-3985.52	-7106.66	1921.71	436.325
-3985.52	-7106.66	1920.01	420.093
-3985.52	-7106.66	1918.31	439.113
-3985.52	-7106.66	1916.6	462.531
-3985.52	-7106.66	1914.9	412.536
-3985.52	-7106.66	1913.2	425.676
-3985.52	-7106.66	1911.49	456.422
-3985.52	-7106.66	1909.79	409.388
-3985.52	-7106.66	1908.09	413.719
-3985.52	-7106.66	1906.38	435.65
-3985.52	-7106.66	1904.68	445.84
-3985.52	-7106.66	1902.97	434.032
-3985.52	-7106.66	1901.27	417.83
-3985.52	-7106.66	1899.56	458.8
-3985.52	-7106.66	1897.85	416.219
-3985.52	-7106.66	1896.15	420.543
-3985.52	-7106.66	1894.44	427.794
-3985.52	-7106.66	1892.74	435.044
-3985.52	-7106.66	1891.03	434.968
-3985.52	-7106.66	1889.32	437.82
-3985.52	-7106.66	1887.61	437.743
-3985.52	-7106.66	1885.91	443.521
-3985.52	-7106.66	1884.2	424.418
-3985.52	-7106.66	1882.49	412.637
-3985.52	-7106.66	1880.78	440.361
-3985.52	-7106.66	1879.07	418.342
-3985.52	-7106.66	1877.36	435.818
-3985.52	-7106.66	1875.65	466.447
-3985.52	-7106.66	1873.94	423.968
-3985.52	-7106.66	1872.23	441.433
-3985.52	-7106.66	1870.52	432.586
-3985.52	-7106.66	1868.81	431.048
-3985.52	-7106.66	1867.1	429.51
-3985.52	-7106.66	1865.39	417.749
-3985.52	-7106.66	1863.68	432.278
-3985.52	-7106.66	1861.96	436.581
-3985.52	-7106.66	1860.25	401.466
-3985.52	-7106.66	1858.54	426.208
-3985.52	-7106.66	1856.82	453.859
-3985.52	-7106.66	1855.11	420.218
-3985.52	-7106.66	1853.4	411.39
-3985.52	-7106.66	1851.68	389.437
-3985.52	-7106.66	1849.97	393.742
-3985.52	-7106.66	1848.25	389.297
-3985.52	-7106.66	1846.54	425.671
-3985.52	-7106.66	1844.82	415.392
-3985.52	-7106.66	1843.11	429.889
-3985.52	-7106.66	1841.39	425.44
-3985.52	-7106.66	1839.68	461.781
-3985.52	-7106.66	1837.96	419.46
-3985.52	-7106.66	1836.24	401.91
-3985.52	-7106.66	1834.53	457.162
-3985.52	-7106.66	1832.81	454.167
-3985.52	-7106.66	1831.09	426.432
-3985.52	-7106.66	1829.37	449.636
-3985.52	-7106.66	1827.65	405.908
-3985.52	-7106.66	1825.94	414.561
-3985.52	-7106.66	1824.22	433.392
-3985.52	-7106.66	1822.5	433.312
-3985.52	-7106.66	1820.78	420.149
-3985.52	-7106.66	1819.06	417.164
-3985.52	-7106.66	1817.34	414.181
-3985.52	-7106.66	1815.62	428.635
-3985.52	-7106.66	1813.9	409.67
-3985.52	-7106.66	1812.18	409.595
-3985.52	-7106.66	1810.45	409.519
-3985.52	-7106.66	1808.73	421.059
-3985.52	-7106.66	1807.01	425.336
-3985.52	-7106.66	1805.29	413.646
-3985.52	-7106.66	1803.56	429.532
-3985.52	-7106.66	1801.84	394.632
-3985.52	-7106.66	1800.12	382.954
-3985.52	-7106.66	1798.39	408.988
-3985.52	-7106.66	1796.67	392.961
-3985.52	-7106.66	1794.95	408.836
-3985.52	-7106.66	1793.22	423.254
-3985.52	-7106.66	1791.5	442.015
-3985.52	-7106.66	1789.77	437.586
-3985.52	-7106.66	1788.04	438.953
-3985.52	-7106.66	1786.32	420.041
-3985.52	-7106.66	1784.59	415.618
-3985.52	-7106.66	1782.87	421.332
-3985.52	-7106.66	1781.14	408.224
-3985.52	-7106.66	1779.41	403.805
-3985.52	-7106.66	1777.68	426.882
-3985.52	-7106.66	1775.96	407.994
-3985.52	-7106.66	1774.23	435.4
-3985.52	-7106.66	1772.5	416.517
-3985.52	-7106.66	1770.77	429.452
-3985.52	-7106.66	1769.04	407.686
-3985.52	-7106.66	1767.31	406.163
-3985.52	-7106.66	1765.58	424.873
-3985.52	-7106.66	1763.85	439.241
-3985.52	-7106.66	1762.12	417.489
-3985.52	-7106.66	1760.39	405.855
-3985.52	-7106.66	1758.66	407.222
-3985.52	-7106.66	1756.93	440.351
-3985.52	-7106.66	1755.19	421.502
-3985.52	-7106.66	1753.46	422.865
-3985.52	-7106.66	1751.73	424.227
-3985.52	-7106.66	1750.0	414.048
-3985.52	-7106.66	1748.26	412.526
-3985.52	-7106.66	1746.53	429.753
-3985.52	-7106.66	1744.8	416.694
-3985.52	-7106.66	1743.06	390.666
-3985.52	-7106.66	1741.33	399.238
-3985.52	-7106.66	1739.59	406.367
-3985.52	-7106.66	1737.86	429.341
-3985.52	-7106.66	1736.12	406.211
-3985.52	-7106.66	1734.39	414.774
-3985.52	-7106.66	1732.65	401.735
-3985.52	-7106.66	1730.91	401.657
-3985.52	-7106.66	1729.18	400.14
-3985.52	-7106.66	1727.44	397.185
-3985.52	-7106.66	1725.7	399.986
-3985.52	-7106.66	1723.96	405.663
-3985.52	-7106.66	1722.23	405.584
-3985.52	-7106.66	1720.49	408.381
-3985.52	-7106.66	1718.75	435.618
-3985.52	-7106.66	1717.01	428.347
-3985.52	-7106.66	1715.27	458.443
-3985.52	-7106.66	1713.53	380.764
-3985.52	-7106.66	1711.79	405.112
-3985.52	-7106.66	1710.05	412.214
-3985.52	-7106.66	1708.31	420.75
-3985.52	-7106.66	1706.57	422.104
-3985.52	-7106.66	1704.82	404.796
-3985.52	-7106.66	1703.08	429.115
-3985.52	-7106.66	1701.34	404.638
-3985.52	-7106.66	1699.6	374.432
-3985.52	-7106.66	1697.85	411.651
-3985.52	-7106.66	1696.11	388.626
-3985.52	-7106.66	1694.37	377.08
-3985.52	-7106.66	1692.62	421.444
-3985.52	-7106.66	1690.88	376.932
-3985.52	-7106.66	1689.13	388.321
-3985.52	-7106.66	1687.39	385.379
-3985.52	-7106.66	1685.64	398.195
-3985.52	-7106.66	1683.9	411.005
-3985.52	-7106.66	1682.15	410.924
-3985.52	-7106.66	1680.41	413.706
-3985.52	-7106.66	1678.66	402.174
-3985.52	-7106.66	1676.91	403.526
-3985.52	-7106.66	1675.16	394.862
-3985.52	-7106.66	1673.42	337.569
-3985.52	-7106.66	1671.67	419.017
-3985.52	-7106.66	1669.92	408.926
-3985.52	-7106.66	1668.17	383.113
-3985.52	-7106.66	1666.42	397.33
-3985.52	-7106.66	1664.67	412.969
-3985.52	-7106.66	1662.92	370.027
-3985.52	-7106.66	1661.17	392.808
-3985.52	-7106.66	1659.42	422.72
-3985.52	-7106.66	1657.67	384.084
-3985.52	-7106.66	1655.92	415.414
-3985.52	-7106.66	1654.17	399.631
-3985.52	-7106.66	1652.42	400.978
-3985.52	-7106.66	1650.66	399.472
-3985.52	-7106.66	1648.91	419.361
-3985.52	-7106.66	1647.16	419.277
-3985.52	-7106.66	1645.41	402.084
-3985.52	-7106.66	1643.65	416.259
-3985.52	-7106.66	1641.9	389.095
-3985.52	-7106.66	1640.14	394.717
-3985.52	-7106.66	1638.39	394.638
-3985.52	-7106.66	1636.63	405.954
-3985.52	-7106.66	1634.88	412.993
-3985.52	-7106.66	1633.12	378.738
-3985.52	-7106.66	1631.37	371.544
-3985.52	-7106.66	1629.61	401.358
-3985.52	-7106.66	1627.85	358.588
-3985.52	-7106.66	1626.09	395.505
-3985.52	-7106.66	1624.34	381.202
-3985.52	-7106.66	1622.58	383.969
-3985.52	-7106.66	1620.82	393.844
-3985.52	-7106.66	1619.06	399.451
-3985.52	-7106.66	1617.3	393.685
-3985.52	-7106.66	1615.54	377.975
-3985.52	-7106.66	1613.78	372.215
-3985.52	-7106.66	1612.02	413.331
-3985.52	-7106.66	1610.26	397.626
-3985.52	-7106.66	1608.5	404.645
-3985.52	-7106.66	1606.74	404.562
-3985.52	-7106.66	1604.98	390.288
-3985.52	-7106.66	1603.22	371.762
-3985.52	-7106.66	1601.46	404.316
-3985.52	-7106.66	1599.69	378.703
-3985.52	-7106.66	1597.93	389.971
-3985.52	-7106.66	1596.17	378.549
-3985.52	-7106.66	1594.4	399.734
-3985.52	-7106.66	1592.64	399.653
-3985.52	-7106.66	1590.88	415.157
-3985.52	-7106.66	1589.11	382.49
-3985.52	-7106.66	1587.35	390.91
-3985.52	-7106.66	1585.58	395.078
-3985.52	-7106.66	1583.81	365.266
-3985.52	-7106.66	1582.05	379.346
-3985.52	-7106.66	1580.28	379.268
-3985.52	-7106.66	1578.51	408.903
-3985.52	-7106.66	1576.75	384.771
-3985.52	-7106.66	1574.98	393.178
-3985.52	-7106.66	1573.21	398.753
-3985.52	-7106.66	1571.44	398.672
-3985.52	-7106.66	1569.67	378.801
-3985.52	-7106.66	1567.91	391.442
-3985.52	-7106.66	1566.14	397.013
-3985.52	-7106.66	1564.37	381.393
-3985.52	-7106.66	1562.6	382.727
-3985.52	-7106.66	1560.83	403.827
-3985.52	-7106.66	1559.05	403.744
-3985.52	-7106.66	1557.28	396.604
-3985.52	-7106.66	1555.51	386.644
-3985.52	-7106.66	1553.74	383.743
-3985.52	-7106.66	1551.97	392.126
-3985.52	-7106.66	1550.19	362.43
-3985.52	-7106.66	1548.42	369.405
-3985.52	-7106.66	1546.65	383.425
-3985.52	-7106.66	1544.87	390.393
-3985.52	-7106.66	1543.1	353.676
-3985.52	-7106.66	1541.32	386.004
-3985.52	-7106.66	1539.55	423.953
-3985.52	-7106.66	1537.77	364.721
-3985.52	-7106.66	1536.0	378.725
-3985.52	-7106.66	1534.22	377.238
-3985.52	-7106.66	1532.45	384.196
-3985.52	-7106.66	1530.67	372.86
-3985.52	-7106.66	1528.89	371.376
-3985.52	-7106.66	1527.11	367.079
-3985.52	-7106.66	1525.34	378.252
-3985.52	-7106.66	1523.56	389.42
-3985.52	-7106.66	1521.78	369.661
-3985.52	-7106.66	1520.0	373.8
-3985.52	-7106.66	1518.22	386.366
-3985.52	-7106.66	1516.44	358.192
-3985.52	-7106.66	1514.66	377.779
-3985.52	-7106.66	1512.88	373.487
-3985.52	-7106.66	1511.1	395.87
-3985.52	-7106.66	1509.32	395.787
-3985.52	-7106.66	1507.54	391.495
-3985.52	-7106.66	1505.76	377.383
-3985.52	-7106.66	1503.97	368.889
-3985.52	-7106.66	1502.19	367.409
-3985.52	-7106.66	1500.41	365.93
-3985.52	-7106.66	1498.62	381.272
-3985.52	-7106.66	1496.84	361.572
-3985.52	-7106.66	1495.06	355.891
-3985.52	-7106.66	1493.27	360.019
-3985.52	-7106.66	1491.49	373.949
-3985.52	-7106.66	1489.7	369.67
-3985.52	-7106.66	1487.91	362.592
-3985.52	-7106.66	1486.13	375.113
-3985.52	-7106.66	1484.34	386.229
-3985.52	-7106.66	1482.55	370.757
-3985.52	-7106.66	1480.77	356.691
-3985.52	-7106.66	1478.98	394.375
-3985.52	-7106.66	1477.19	363.532
-3985.52	-7106.66	1475.4	356.465
-3985.52	-7106.66	1473.61	384.342
-3985.52	-7106.66	1471.83	375.877
-3985.52	-7106.66	1470.04	379.989
-3985.52	-7106.66	1468.25	384.098
-3985.52	-7106.66	1466.46	386.81
-3985.52	-7106.66	1464.67	397.897
-3985.52	-7106.66	1462.87	383.854
-3985.52	-7106.66	1461.08	403.311
-3985.52	-7106.66	1459.29	383.692
-3985.52	-7106.66	1457.5	378.031
-3985.52	-7106.66	1455.71	377.95
-3985.52	-7106.66	1453.91	382.053
-3985.52	-7106.66	1452.12	319.239
-3985.52	-7106.66	1450.33	366.56
-3985.52	-7106.66	1448.53	358.121
-3985.52	-7106.66	1446.74	373.37
-3985.52	-7106.66	1444.94	364.933
-3985.52	-7106.66	1443.15	356.5
-3985.52	-7106.66	1441.35	366.17
-3985.52	-7106.66	1439.56	349.388
-3985.52	-7106.66	1437.76	381.322
-3985.52	-7106.66	1435.96	392.372
-3985.52	-7106.66	1434.17	367.249
-3985.52	-7106.66	1432.37	364.389
-3985.52	-7106.66	1430.57	378.216
-3985.52	-7106.66	1428.77	354.502
-3985.52	-7106.66	1426.97	379.444
-3985.52	-7106.66	1425.17	343.233
-3985.52	-7106.66	1423.37	364.0
-3985.52	-7106.66	1421.58	377.812
-3985.52	-7106.66	1419.77	354.123
-3985.52	-7106.66	1417.97	379.039
-3985.52	-7106.66	1416.17	353.971
-3985.52	-7106.66	1414.37	346.956
-3985.52	-7106.66	1412.57	356.595
-3985.52	-7106.66	1410.77	378.714
-3985.52	-7106.66	1408.97	370.311
-3985.52	-7106.66	1407.16	384.098
-3985.52	-7106.66	1405.36	382.629
-3985.52	-7106.66	1403.56	370.073
-3985.52	-7106.66	1401.75	364.45
-3985.52	-7106.66	1399.95	338.049
-3985.52	-7106.66	1398.14	372.605
-3985.52	-7106.66	1396.34	354.521
-3985.52	-7106.66	1394.53	351.676
-3985.52	-7106.66	1392.73	336.374
-3985.52	-7106.66	1390.92	311.39
-3985.52	-7106.66	1389.11	359.751
-3985.52	-7106.66	1387.3	354.14
-3985.52	-7106.66	1385.5	330.552
-3985.52	-7106.66	1383.69	378.877
-3985.52	-7106.66	1381.88	380.178
-3985.52	-7106.66	1380.07	375.949
-3985.52	-7106.66	1378.26	374.486
-3985.52	-7106.66	1376.45	367.498
-3985.52	-7106.66	1374.64	371.562
-3985.52	-7106.66	1372.83	377.006
-3985.52	-7106.66	1371.02	379.685
-3985.52	-7106.66	1369.21	357.517
-3985.52	-7106.66	1367.4	385.042
-3985.52	-7106.66	1365.59	350.464
-3985.52	-7106.66	1363.78	340.732
-3985.52	-7106.66	1361.96	388.929
-3985.52	-7106.66	1360.15	373.677
-3985.52	-7106.66	1358.34	326.724
-3985.52	-7106.66	1356.52	348.706
-3985.52	-7106.66	1354.71	355.52
-3985.52	-7106.66	1352.89	388.508
-3985.52	-7106.66	1351.08	353.989
-3985.52	-7106.66	1349.26	347.026
-3985.52	-7106.66	1347.45	370.357
-3985.52	-7106.66	1345.63	381.288
-3985.52	-7106.66	1343.81	374.324
-3985.52	-7106.66	1342.0	364.612
-3985.52	-7106.66	1340.18	360.406
-3985.52	-7106.66	1338.36	335.572
-3985.52	-7106.66	1336.54	350.624
-3985.52	-7106.66	1334.73	369.793
-3985.52	-7106.66	1332.91	369.713
-3985.52	-7106.66	1331.09	346.273
-3985.52	-7106.66	1329.27	344.823
-3985.52	-7106.66	1327.45	335.134
-3985.52	-7106.66	1325.63	374.883
-3985.52	-7106.66	1323.81	358.327
-3985.52	-7106.66	1321.98	345.895
-3985.52	-7106.66	1320.16	366.404
-3985.52	-7106.66	1318.34	343.0
-3985.52	-7106.66	1316.52	352.527
-3985.52	-7106.66	1314.7	379.878
-3985.52	-7106.66	1312.87	367.455
-3985.52	-7106.66	1311.05	335.847
-3985.52	-7106.66	1309.22	346.737
-3985.52	-7106.66	1307.4	354.883
-3985.52	-7106.66	1305.57	353.435
-3985.52	-7106.66	1303.75	361.575
-3985.52	-7106.66	1301.92	347.803
-3985.52	-7106.66	1300.1	338.144
-3985.52	-7106.66	1298.27	379.131
-3985.52	-7106.66	1296.44	337.996
-3985.52	-7106.66	1294.62	344.762
-3985.52	-7106.66	1292.79	328.273
-3985.52	-7106.66	1290.96	347.346
-3985.52	-7106.66	1289.13	358.208
-3985.52	-7106.66	1287.3	356.762
-3985.52	-7106.66	1285.47	337.551
-3985.52	-7106.66	1283.64	351.14
-3985.52	-7106.66	1281.81	333.305
-3985.52	-7106.66	1279.98	344.158
-3985.52	-7106.66	1278.15	352.274
-3985.52	-7106.66	1276.32	357.657
-3985.52	-7106.66	1274.49	353.484
-3985.52	-7106.66	1272.66	356.136
-3985.52	-7106.66	1270.82	365.607
-3985.52	-7106.66	1268.99	392.804
-3985.52	-7106.66	1267.16	362.718
-3985.52	-7106.66	1265.32	353.095
-3985.52	-7106.66	1263.49	339.388
-3985.52	-7106.66	1261.66	358.391
-3985.52	-7106.66	1259.82	366.486
-3985.52	-7106.66	1257.98	351.422
-3985.52	-7106.66	1256.15	370.41
-3985.52	-7106.66	1254.31	364.882
-3985.52	-7106.66	1252.48	371.608
-3985.52	-7106.66	1250.64	349.751
-3985.52	-7106.66	1248.8	371.444
-3985.52	-7106.66	1246.96	363.2
-3985.52	-7106.66	1245.13	357.68
-3985.52	-7106.66	1243.29	367.119
-3985.52	-7106.66	1241.45	338.49
-3985.52	-7106.66	1239.61	390.061
-3985.52	-7106.66	1237.77	369.593
-3985.52	-7106.66	1235.93	368.152
-3985.52	-7106.66	1234.09	349.056
-3985.52	-7106.66	1232.25	359.842
-3985.52	-7106.66	1230.41	348.902
-3985.52	-7106.66	1228.56	366.469
-3985.52	-7106.66	1226.72	347.39
-3985.52	-7106.66	1224.88	347.313
-3985.52	-7106.66	1223.04	349.949
-3985.52	-7106.66	1221.19	371.569
-3985.52	-7106.66	1219.35	333.524
-3985.52	-7106.66	1217.5	351.072
-3985.52	-7106.66	1215.66	341.508
-3985.52	-7106.66	1213.81	334.657
-3985.52	-7106.66	1211.97	372.512
-3985.52	-7106.66	1210.12	334.509
-3985.52	-7106.66	1208.28	337.143
-3985.52	-7106.66	1206.43	339.775
-3985.52	-7106.66	1204.58	346.466
-3985.52	-7106.66	1202.73	347.743
-3985.52	-7106.66	1200.89	343.607
-3985.52	-7106.66	1199.04	338.121
-3985.52	-7106.66	1197.19	348.863
-3985.52	-7106.66	1195.34	360.952
-3985.52	-7106.66	1193.49	352.762
-3985.52	-7106.66	1191.64	321.604
-3985.52	-7106.66	1189.79	358.009
-3985.52	-7106.66	1187.94	352.527
-3985.52	-7106.66	1186.09	368.653
-3985.52	-7106.66	1184.23	364.52
-3985.52	-7106.66	1182.38	338.793
-3985.52	-7106.66	1180.53	379.202
-3985.52	-7106.66	1178.68	352.134
-3985.52	-7106.66	1176.82	361.498
-3985.52	-7106.66	1174.97	354.674
-3985.52	-7106.66	1173.12	357.291
-3985.52	-7106.66	1171.26	369.343
-3985.52	-7106.66	1169.41	362.523
-3985.52	-7106.66	1167.55	332.8
-3985.52	-7106.66	1165.69	378.525
-3985.52	-7106.66	1163.84	347.465
-3985.52	-7106.66	1161.98	348.734
-3985.52	-7106.66	1160.12	332.502
-3985.52	-7106.66	1158.27	335.12
-3985.52	-7106.66	1156.41	351.191
-3985.52	-7106.66	1154.55	383.399
-3985.52	-7106.66	1152.69	373.899
-3985.52	-7106.66	1150.83	372.47
-3985.52	-7106.66	1148.97	369.698
-3985.52	-7106.66	1147.11	365.583
-3985.52	-7106.66	1145.25	353.407
-3985.52	-7106.66	1143.39	366.763
-3985.52	-7106.66	1141.53	342.504
-3985.52	-7106.66	1139.67	333.027
-3985.52	-7106.66	1137.81	359.804
-3985.52	-7106.66	1135.94	354.354
-3985.52	-7106.66	1134.08	356.958
-3985.52	-7106.66	1132.22	342.12
-3985.52	-7106.66	1130.35	359.481
-3985.52	-7106.66	1128.49	343.308
-3985.52	-7106.66	1126.62	344.571
-3985.52	-7106.66	1124.76	368.622
-3985.52	-7106.66	1122.89	360.498
-3985.52	-7106.66	1121.03	352.378
-3985.52	-7106.66	1119.16	360.336
-3985.52	-7106.66	1117.3	348.202
-3985.52	-7106.66	1115.43	341.429
-3985.52	-7106.66	1113.56	353.4
-3985.52	-7106.66	1111.69	345.29
-3985.52	-7106.66	1109.82	361.269
-3985.52	-7106.66	1107.96	358.512
-3985.52	-7106.66	1106.09	366.456
-3985.52	-7106.66	1104.22	355.677
-3985.52	-7106.66	1102.35	354.26
-3985.52	-7106.66	1100.48	338.142
-3985.52	-7106.66	1098.61	363.454
-3985.52	-7106.66	1096.73	376.731
-3985.52	-7106.66	1094.86	371.304
-3985.52	-7106.66	1092.99	372.555
-3985.52	-7106.66	1091.12	341.766
-3985.52	-7106.66	1089.24	353.701
-3985.52	-7106.66	1087.37	368.3
-3985.52	-7106.66	1085.5	358.878
-3985.52	-7106.66	1083.62	360.131
-3985.52	-7106.66	1081.75	376.052
-3985.52	-7106.66	1079.87	385.299
-3985.52	-7106.66	1078.0	391.877
-3985.52	-7106.66	1076.12	361.138
-3985.52	-7106.66	1074.24	365.054
-3985.52	-7106.66	1072.37	382.287
-3985.52	-7106.66	1070.49	371.547
-3985.52	-7106.66	1068.61	364.806
-3985.52	-7106.66	1066.73	358.068
-3985.52	-7106.66	1064.86	387.265
-3985.52	-7106.66	1062.98	385.847
-3985.52	-7106.66	1061.1	379.108
-3985.52	-7106.66	1059.22	365.723
-3985.52	-7106.66	1057.34	362.981
-3985.52	-7106.66	1055.46	455.95
-3985.52	-7106.66	1053.58	400.029
-3985.52	-7106.66	1051.69	369.378
-3985.52	-7106.66	1049.81	349.369
-3985.52	-7106.66	1047.93	370.539
-3985.52	-7106.66	1046.05	367.799
-3985.52	-7106.66	1044.16	369.043
-3985.52	-7106.66	1042.28	374.268
-3985.52	-7106.66	1040.4	388.779
-3985.52	-7106.66	1038.51	413.896
-3985.52	-7106.66	1036.63	395.234
-3985.52	-7106.66	1034.74	384.537
-3985.52	-7106.66	1032.86	369.867
-3985.52	-7106.66	1030.97	393.64
-3985.52	-7106.66	1029.08	397.526
-3985.52	-7106.66	1027.2	414.657
-3985.52	-7106.66	1025.31	415.888
-3985.52	-7106.66	1023.42	415.793
-3985.52	-7106.66	1021.53	415.699
-3985.52	-7106.66	1019.64	419.575
-3985.52	-7106.66	1017.75	430.065
-3985.52	-7106.66	1015.86	441.874
-3985.52	-7106.66	1013.97	416.643
-3985.52	-7106.66	1012.08	444.318
-3985.52	-7106.66	1010.19	445.539
-3985.52	-7106.66	1008.3	450.724
-3985.52	-7106.66	1006.41	463.837
-3985.52	-7106.66	1004.52	449.198
-3985.52	-7106.66	1002.62	442.491
-3985.52	-7106.66	1000.73	455.596
-3985.52	-7106.66	998.837	456.812
-3985.52	-7106.66	996.943	471.228
-3985.52	-7106.66	995.049	486.956
-3985.52	-7106.66	993.154	503.997
-3985.52	-7106.66	991.258	515.753
-3985.52	-7106.66	989.363	524.867
-3985.52	-7106.66	987.467	520.792
-3985.52	-7106.66	985.57	525.945
-3985.52	-7106.66	983.673	565.361
-3985.52	-7106.66	981.776	561.279
-3985.52	-7106.66	979.878	540.075
-3985.52	-7106.66	977.979	588.679
-3985.52	-7106.66	976.081	562.211
-3985.52	-7106.66	974.181	597.624
-3985.52	-7106.66	972.282	580.379
-3985.52	-7106.66	970.382	559.194
-3985.52	-7106.66	968.481	602.476
-3985.52	-7106.66	966.58	619.435
-3985.52	-7106.66	964.679	608.774
-3985.52	-7106.66	962.777	602.062
-3985.52	-7106.66	960.875	622.952
-3985.52	-7106.66	958.972	621.495
-3985.52	-7106.66	957.069	618.726
-3985.52	-7106.66	955.166	602.824
-3985.52	-7106.66	953.262	630.259
-3985.52	-7106.66	951.357	615.675
-3985.52	-7106.66	949.452	619.471
-3985.52	-7106.66	947.547	618.016
-3985.52	-7106.66	945.641	619.186
-3985.52	-7106.66	943.735	621.667
-3985.52	-7106.66	941.829	617.591
-3985.52	-7106.66	939.922	621.382
-3985.52	-7106.66	938.014	591.095
-3985.52	-7106.66	936.106	626.338
-3985.52	-7106.66	934.198	607.853
-3985.52	-7106.66	932.289	572.351
-3985.52	-7106.66	930.38	607.574
-3985.52	-7106.66	928.47	577.324
-3985.52	-7106.66	926.56	556.25
-3985.52	-7106.66	924.649	546.963
-3985.52	-7106.66	922.738	541.604
-3985.52	-7106.66	920.827	546.711
-3985.52	-7106.66	918.915	536.124
-3985.52	-7106.66	917.003	521.62
-3985.52	-7106.66	915.09	491.439
-3985.52	-7106.66	913.177	491.325
-3985.52	-7106.66	911.263	531.711
-3985.52	-7106.66	909.349	502.854
-3985.52	-7106.66	907.435	490.986
-3985.52	-7106.66	905.52	488.261
-3985.52	-7106.66	903.604	486.844
-3985.52	-7106.66	901.688	473.682
-3985.52	-7106.66	899.772	482.705
-3985.52	-7106.66	897.855	490.419
-3985.52	-7106.66	895.938	487.698
-3985.52	-7106.66	894.021	457.6
-3985.52	-7106.66	892.103	469.225
-3985.52	-7106.66	890.184	482.148
-3985.52	-7106.66	888.265	474.22
-3985.52	-7106.66	886.346	466.295
-3985.52	-7106.66	884.426	475.303
-3985.52	-7106.66	882.506	450.457
-3985.52	-7106.66	880.585	485.496
-3985.52	-7106.66	878.664	467.165
-3985.52	-7106.66	876.742	467.057
-3985.52	-7106.66	874.82	448.739
-3985.52	-7106.66	872.898	453.837
-3985.52	-7106.66	870.975	484.934
-3985.52	-7106.66	869.051	462.725
-3985.52	-7106.66	867.127	443.125
-3985.52	-7106.66	865.203	471.605
-3985.52	-7106.66	863.278	480.588
-3985.52	-7106.66	861.353	424.637
-3985.52	-7106.66	859.428	473.873
-3985.52	-7106.66	857.502	436.122
-3985.52	-7106.66	855.575	436.021
-3985.52	-7106.66	853.648	469.651
-3985.52	-7106.66	851.721	447.492
-3985.52	-7106.66	849.793	475.917
-3985.52	-7106.66	847.865	442.098
-3985.52	-7106.66	845.936	466.623
-3985.52	-7106.66	844.007	457.443
-3985.52	-7106.66	842.077	440.494
-3985.52	-7106.66	840.147	440.392
-3985.52	-7106.66	838.216	436.405
-3985.52	-7106.66	836.285	453.134
-3985.52	-7106.66	834.354	443.968
-3985.52	-7106.66	832.422	442.57
-3985.52	-7106.66	830.49	446.349
-3985.52	-7106.66	828.557	478.581
-3985.52	-7106.66	826.624	446.141
-3985.52	-7106.66	824.69	486.115
-3985.52	-7106.66	822.756	469.199
-3985.52	-7106.66	820.821	469.089
-3985.52	-7106.66	818.886	461.228
-3985.52	-7106.66	816.951	472.745
-3985.52	-7106.66	815.015	446.808
-3985.52	-7106.66	813.078	450.577
-3985.52	-7106.66	811.141	456.926
-3985.52	-7106.66	809.204	441.333
-3985.52	-7106.66	807.266	446.391
-3985.52	-7106.66	805.328	433.388
-3985.52	-7106.66	803.389	446.182
-3985.52	-7106.66	801.45	464.127
-3985.52	-7106.66	799.511	465.308
-3985.52	-7106.66	797.571	489.683
-3985.52	-7106.66	795.63	471.532
-3985.52	-7106.66	793.689	445.661
-3985.52	-7106.66	791.748	468.736
-3985.52	-7106.66	789.806	475.063
-3985.52	-7106.66	787.864	476.239
-3985.52	-7106.66	785.921	433.662
-3985.52	-7106.66	783.978	460.577
-3985.52	-7106.66	782.034	428.314
-3985.52	-7106.66	780.09	456.504
-3985.52	-7106.66	778.145	429.398
-3985.52	-7106.66	776.2	449.863
-3985.52	-7106.66	774.255	430.482
-3985.52	-7106.66	772.309	438.089
-3985.52	-7106.66	770.362	432.849
-3985.52	-7106.66	768.416	455.861
-3985.52	-7106.66	766.468	439.064
-3985.52	-7106.66	764.52	444.095
-3985.52	-7106.66	762.572	465.805
-3985.52	-7106.66	760.624	433.623
-3985.52	-7106.66	758.674	443.782
-3985.52	-7106.66	756.725	433.419
-3985.52	-7106.66	754.775	447.419
-3985.52	-7106.66	752.824	422.962
-3985.52	-7106.66	750.873	415.174
-3985.52	-7106.66	748.922	449.665
-3985.52	-7106.66	746.97	412.416
-3985.52	-7106.66	745.017	431.527
-3985.52	-7106.66	743.065	432.705
-3985.52	-7106.66	741.111	432.603
-3985.52	-7106.66	739.158	446.576
-3985.52	-7106.66	737.203	451.588
-3985.52	-7106.66	735.249	442.529
-3985.52	-7106.66	733.294	432.195
-3985.52	-7106.66	731.338	446.155
-3985.52	-7106.66	729.382	452.44
-3985.52	-7106.66	727.425	448.499
-3985.52	-7106.66	725.468	442.006
-3985.52	-7106.66	723.511	441.902
-3985.52	-7106.66	721.553	455.843
-3985.52	-7106.66	719.595	458.288
-3985.52	-7106.66	717.636	431.378
-3985.52	-7106.66	715.676	452.967
-3985.52	-7106.66	713.717	431.174
-3985.52	-7106.66	711.756	451.477
-3985.52	-7106.66	709.796	432.244
-3985.52	-7106.66	707.835	456.362
-3985.52	-7106.66	705.873	440.96
-3985.52	-7106.66	703.911	458.694
-3985.52	-7106.66	701.948	421.644
-3985.52	-7106.66	699.985	455.929
-3985.52	-7106.66	698.022	444.362
-3985.52	-7106.66	696.058	416.252
-3985.52	-7106.66	694.093	449.241
-3985.52	-7106.66	692.129	418.598
-3985.52	-7106.66	690.163	449.028
-3985.52	-7106.66	688.197	432.388
-3985.52	-7106.66	686.231	445.0
-3985.52	-7106.66	684.264	427.098
-3985.52	-7106.66	682.297	454.955
-3985.52	-7106.66	680.329	433.247
-3985.52	-7106.66	678.361	469.98
-3985.52	-7106.66	676.393	472.408
-3985.52	-7106.66	674.423	459.6
-3985.52	-7106.66	672.454	446.797
-3985.52	-7106.66	670.484	459.38
-3985.52	-7106.66	668.513	463.077
-3985.52	-7106.66	666.542	483.261
-3985.52	-7106.66	664.571	467.928
-3985.52	-7106.66	662.599	479.227
-3985.52	-7106.66	660.627	487.984
-3985.52	-7106.66	658.654	465.058
-3985.52	-7106.66	656.68	473.815
-3985.52	-7106.66	654.707	486.368
-3985.52	-7106.66	652.732	481.186
-3985.52	-7106.66	650.758	458.284
-3985.52	-7106.66	648.782	475.893
-3985.52	-7106.66	646.807	469.453
-3985.52	-7106.66	644.83	479.461
-3985.52	-7106.66	642.854	481.875
-3985.52	-7106.66	640.877	494.404
-3985.52	-7106.66	638.899	471.531
-3985.52	-7106.66	636.921	484.056
-3985.52	-7106.66	634.942	472.568
-3985.52	-7106.66	632.963	477.508
-3985.52	-7106.66	630.984	477.393
-3985.52	-7106.66	629.004	479.804
-3985.52	-7106.66	627.023	478.426
-3985.52	-7106.66	625.042	461.904
-3985.52	-7106.66	623.061	471.887
-3985.52	-7106.66	621.079	489.434
-3985.52	-7106.66	619.097	477.966
-3985.52	-7106.66	617.114	471.546
-3985.52	-7106.66	615.131	500.425
-3985.52	-7106.66	613.147	486.442
-3985.52	-7106.66	611.163	498.924
-3985.52	-7106.66	609.178	506.361
-3985.52	-7106.66	607.193	481.053
-3985.52	-7106.66	605.207	460.793
-3985.52	-7106.66	603.221	465.716
-3985.52	-7106.66	601.234	524.748
-3985.52	-7106.66	599.247	496.943
-3985.52	-7106.66	597.259	514.432
-3985.52	-7106.66	595.271	482.871
-3985.52	-7106.66	593.283	501.612
-3985.52	-7106.66	591.294	480.123
-3985.52	-7106.66	589.304	473.724
-3985.52	-7106.66	587.314	507.529
-3985.52	-7106.66	585.323	470.983
-3985.52	-7106.66	583.332	467.102
-3985.52	-7106.66	581.341	473.265
-3985.52	-7106.66	579.349	463.11
-3985.52	-7106.66	577.357	470.526
-3985.52	-7106.66	575.364	467.903
-3985.52	-7106.66	573.37	467.79
-3985.52	-7106.66	571.376	490.245
-3985.52	-7106.66	569.382	482.605
-3985.52	-7106.66	567.387	495.019
-3985.52	-7106.66	565.392	463.576
-3985.52	-7106.66	563.396	487.263
-3985.52	-7106.66	561.399	499.667
-3985.52	-7106.66	559.403	479.514
-3985.52	-7106.66	557.405	501.927
-3985.52	-7106.66	555.408	513.067
-3985.52	-7106.66	553.409	512.942
-3985.52	-7106.66	551.411	529.077
-3985.52	-7106.66	549.411	522.696
-3985.52	-7106.66	547.412	472.562
-3985.52	-7106.66	545.411	559.936
-3985.52	-7106.66	543.411	572.295
-3985.52	-7106.66	541.409	622.125
-3985.52	-7106.66	539.408	628.217
-3985.52	-7106.66	537.406	643.047
-3985.52	-7106.66	535.403	739.011
-3985.52	-7106.66	533.4	785.007
-3985.52	-7106.66	531.396	873.403
-3985.52	-7106.66	529.392	1065.29
-3985.52	-7106.66	527.387	1309.46
-3985.52	-7106.66	525.382	1762.98
-3985.52	-7106.66	523.376	2679.96
-3985.52	-7106.66	521.37	3810.85
-3985.52	-7106.66	519.364	4672.06
-3985.52	-7106.66	517.357	4902.59
-3985.52	-7106.66	515.349	4651.09
-3985.52	-7106.66	513.341	4048.62
-3985.52	-7106.66	511.332	3353.11
-3985.52	-7106.66	509.323	2750.02
-3985.52	-7106.66	507.314	2333.83
-3985.52	-7106.66	505.304	2075.8
-3985.52	-7106.66	503.293	1907.43
-3985.52	-7106.66	501.282	1809.99
-3985.52	-7106.66	499.27	1687.75
-3985.52	-7106.66	497.258	1646.33
-3985.52	-7106.66	495.246	1580.09
-3985.52	-7106.66	493.233	1511.39
-3985.52	-7106.66	491.219	1448.94
-3985.52	-7106.66	489.205	1389.0
-3985.52	-7106.66	487.191	1388.65
-3985.52	-7106.66	485.176	1316.35
-3985.52	-7106.66	483.16	1223.0
-3985.52	-7106.66	481.144	1206.57
-3985.52	-7106.66	479.128	1123.21
-3985.52	-7106.66	477.111	1176.23
-3985.52	-7106.66	475.093	1138.76
-3985.52	-7106.66	473.075	1101.32
-3985.52	-7106.66	471.056	1089.9
-3985.52	-7106.66	469.037	1099.53
-3985.52	-7106.66	467.018	1093.07
-3985.52	-7106.66	464.998	1048.24
-3985.52	-7106.66	462.977	974.982
-3985.52	-7106.66	460.956	961.133
-3985.52	-7106.66	458.935	969.55
-3985.52	-7106.66	456.913	953.236
-3985.52	-7106.66	454.89	930.749
-3985.52	-7106.66	452.867	928.046
-3985.52	-7106.66	450.843	895.693
-3985.52	-7106.66	448.819	860.885
-3985.52	-7106.66	446.795	869.314
-3985.52	-7106.66	444.77	844.407
-3985.52	-7106.66	442.744	847.898
-3985.52	-7106.66	440.718	846.452
-3985.52	-7106.66	438.691	838.839
-3985.52	-7106.66	436.664	791.764
-3985.52	-7106.66	434.637	806.361
-3985.52	-7106.66	432.608	780.273
-3985.52	-7106.66	430.58	762.825
-3985.52	-7106.66	428.551	770.026
-3985.52	-7106.66	426.521	779.686
-3985.52	-7106.66	424.491	735.159
-3985.52	-7106.66	422.46	695.579
-3985.52	-7106.66	420.429	716.328
-3985.52	-7106.66	418.397	751.832
-3985.52	-7106.66	416.365	727.039
-3985.52	-7106.66	414.332	707.178
-3985.52	-7106.66	412.299	699.622
-3985.52	-7106.66	410.265	684.695
-3985.52	-7106.66	408.231	688.209
-3985.52	-7106.66	406.196	700.322
-3985.52	-7106.66	404.161	718.57
-3985.52	-7106.66	402.125	711.02
-3985.52	-7106.66	400.089	694.88
-3985.52	-7106.66	398.052	688.567
-3985.52	-7106.66	396.015	677.349
-3985.52	-7106.66	393.977	658.776
-3985.52	-7106.66	391.938	670.874
-3985.52	-7106.66	389.899	673.156
-3985.52	-7106.66	387.86	695.051
-3985.52	-7106.66	385.82	685.07
-3985.52	-7106.66	383.78	682.446
-3985.52	-7106.66	381.739	679.823
-3985.52	-7106.66	379.697	683.324
-3985.52	-7106.66	377.655	672.131
-3985.52	-7106.66	375.613	664.616
-3985.52	-7106.66	373.57	680.355
-3985.52	-7106.66	371.526	694.862
-3985.52	-7106.66	369.482	678.785
-3985.52	-7106.66	367.437	692.062
-3985.52	-7106.66	365.392	686.996
-3985.52	-7106.66	363.346	690.487
-3985.52	-7106.66	361.3	656.1
-3985.52	-7106.66	359.254	653.49
-3985.52	-7106.66	357.206	620.351
-3985.52	-7106.66	355.159	645.83
-3985.52	-7106.66	353.11	637.121
-3985.52	-7106.66	351.062	682.106
-3985.52	-7106.66	349.012	655.093
-3985.52	-7106.66	346.962	656.145
-3985.52	-7106.66	344.912	643.784
-3985.52	-7106.66	342.861	675.312
-3985.52	-7106.66	340.81	676.357
-3985.52	-7106.66	338.758	681.056
-3985.52	-7106.66	336.705	658.956
-3985.52	-7106.66	334.652	653.916
-3985.52	-7106.66	332.599	675.661
-3985.52	-7106.66	330.545	665.75
-3985.52	-7106.66	328.49	678.963
-3985.52	-7106.66	326.435	672.705
-3985.52	-7106.66	324.379	702.935
-3985.52	-7106.66	322.323	707.617
-3985.52	-7106.66	320.266	653.951
-3985.52	-7106.66	318.209	712.112
-3985.52	-7106.66	316.151	692.49
-3985.52	-7106.66	314.093	676.521
-3985.52	-7106.66	312.034	666.631
-3985.52	-7106.66	309.975	666.458
-3985.52	-7106.66	307.915	711.19
-3985.52	-7106.66	305.854	706.152
-3985.52	-7106.66	303.793	715.673
-3985.52	-7106.66	301.732	693.658
-3985.52	-7106.66	299.67	699.54
-3985.52	-7106.66	297.607	705.418
-3985.52	-7106.66	295.544	688.27
-3985.52	-7106.66	293.48	679.61
-3985.52	-7106.66	291.416	651.578
-3985.52	-7106.66	289.351	668.359
-3985.52	-7106.66	287.286	656.08
-3985.52	-7106.66	285.22	660.749
-3985.52	-7106.66	283.154	672.674
-3985.52	-7106.66	281.087	625.327
-3985.52	-7106.66	279.019	633.628
-3985.52	-7106.66	276.951	622.582
-3985.52	-7106.66	274.883	633.296
-3985.52	-7106.66	272.814	650.045
-3985.52	-7106.66	270.744	647.459
-3985.52	-7106.66	268.674	611.06
-3985.52	-7106.66	266.603	619.35
-3985.52	-7106.66	264.532	630.051
-3985.52	-7106.66	262.46	628.678
-3985.52	-7106.66	260.388	587.496
-3985.52	-7106.66	258.315	594.578
-3985.52	-7106.66	256.241	590.804
-3985.52	-7106.66	254.167	607.524
-3985.52	-7106.66	252.093	596.517
-3985.52	-7106.66	250.018	622.865
-3985.52	-7106.66	247.942	562.478
-3985.52	-7106.66	245.866	564.737
-3985.52	-7106.66	243.789	585.052
-3985.52	-7106.66	241.712	583.694
-3985.52	-7106.66	239.634	545.038
-3985.52	-7106.66	237.556	542.487
-3985.52	-7106.66	235.477	519.495
-3985.52	-7106.66	233.397	555.424
-3985.52	-7106.66	231.317	550.468
-3985.52	-7106.66	229.237	521.484
-3985.52	-7106.66	227.155	536.962
-3985.52	-7106.66	225.074	551.23
-3985.52	-7106.66	222.991	525.87
-3985.52	-7106.66	220.909	540.133
-3985.52	-7106.66	218.825	520.789
-3985.52	-7106.66	216.741	485.86
-3985.52	-7106.66	214.657	525.308
-3985.52	-7106.66	212.572	522.77
-3985.52	-7106.66	210.486	534.617
-3985.52	-7106.66	208.4	546.457
-3985.52	-7106.66	206.313	551.103
-3985.52	-7106.66	204.226	571.316
-3985.52	-7106.66	202.138	561.584
-3985.52	-7106.66	200.05	585.375
-3985.52	-7106.66	197.961	595.988
-3985.52	-7106.66	195.871	586.256
-3985.52	-7106.66	193.781	570.549
-3985.52	-7106.66	191.691	588.332
-3985.52	-7106.66	189.599	608.496
-3985.52	-7106.66	187.508	602.357
-3985.52	-7106.66	185.415	620.116
-3985.52	-7106.66	183.322	606.809
-3985.52	-7106.66	181.229	615.004
-3985.52	-7106.66	179.135	661.398
-3985.52	-7106.66	177.04	658.832
-3985.52	-7106.66	174.945	657.46
-3985.52	-7106.66	172.849	650.125
-3985.52	-7106.66	170.753	654.718
-3985.52	-7106.66	168.656	692.692
-3985.52	-7106.66	166.558	678.201
-3985.52	-7106.66	164.46	644.652
-3985.52	-7106.66	162.362	654.006
-3985.52	-7106.66	160.263	663.356
-3985.52	-7106.66	158.163	676.272
-3985.52	-7106.66	156.063	682.039
-3985.52	-7106.66	153.962	681.852
-3985.52	-7106.66	151.86	701.89
-3985.52	-7106.66	149.758	675.533
-3985.52	-7106.66	147.656	671.781
-3985.52	-7106.66	145.552	675.163
-3985.52	-7106.66	143.449	671.413
-3985.52	-7106.66	141.344	700.929
-3985.52	-7106.66	139.239	685.297
-3985.52	-7106.66	137.134	686.296
-3985.52	-7106.66	135.028	690.855
-3985.52	-7106.66	132.921	689.478
-3985.52	-7106.66	130.814	676.238
-3985.52	-7106.66	128.706	660.633
-3985.52	-7106.66	126.598	669.936
-3985.52	-7106.66	124.489	659.083
-3985.52	-7106.66	122.379	642.31
-3985.52	-7106.66	120.269	665.827
-3985.52	-7106.66	118.158	641.954
-3985.52	-7106.66	116.047	626.383
-3985.52	-7106.66	113.935	621.475
-3985.52	-7106.66	111.822	610.651
-3985.52	-7106.66	109.709	602.2
-3985.52	-7106.66	107.596	566.549
-3985.52	-7106.66	105.481	541.56
-3985.52	-7106.66	103.367	560.323
-3985.52	-7106.66	101.251	510.532
-3985.52	-7106.66	99.1351	491.487
-3985.52	-7106.66	97.0184	479.538
-3985.52	-7106.66	94.9012	510.105
-3985.52	-7106.66	92.7834	466.285
-3985.52	-7106.66	90.665	431.931
-3985.52	-7106.66	88.546	451.866
-3985.52	-7106.66	86.4265	447.022
-3985.52	-7106.66	84.3063	417.418
-3985.52	-7106.66	82.1855	414.943
-3985.52	-7106.66	80.0641	395.971
-3985.52	-7106.66	77.9422	408.819
