-4003.52	-7108.66	1979.41	447.674
-4003.52	-7108.66	1977.72	460.897
-4003.52	-7108.66	1976.02	443.097
-4003.52	-7108.66	1974.33	457.793
-4003.52	-7108.66	1972.64	440.0
-4003.52	-7108.66	1970.94	423.688
-4003.52	-7108.66	1969.25	425.095
-4003.52	-7108.66	1967.56	438.307
-4003.52	-7108.66	1965.86	436.759
-4003.52	-7108.66	1964.17	438.163
-4003.52	-7108.66	1962.47	432.19
-4003.52	-7108.66	1960.78	436.543
-4003.52	-7108.66	1959.08	445.318
-4003.52	-7108.66	1957.39	451.141
-4003.52	-7108.66	1955.69	462.859
-4003.52	-7108.66	1953.99	495.206
-4003.52	-7108.66	1952.3	436.18
-4003.52	-7108.66	1950.6	433.161
-4003.52	-7108.66	1948.9	447.819
-4003.52	-7108.66	1947.21	437.435
-4003.52	-7108.66	1945.51	438.834
-4003.52	-7108.66	1943.81	453.484
-4003.52	-7108.66	1942.11	415.133
-4003.52	-7108.66	1940.41	448.916
-4003.52	-7108.66	1938.71	425.294
-4003.52	-7108.66	1937.01	436.993
-4003.52	-7108.66	1935.32	438.39
-4003.52	-7108.66	1933.62	430.962
-4003.52	-7108.66	1931.92	426.477
-4003.52	-7108.66	1930.22	452.871
-4003.52	-7108.66	1928.51	460.145
-4003.52	-7108.66	1926.81	461.536
-4003.52	-7108.66	1925.11	445.292
-4003.52	-7108.66	1923.41	414.359
-4003.52	-7108.66	1921.71	436.325
-4003.52	-7108.66	1920.01	446.532
-4003.52	-7108.66	1918.31	475.828
-4003.52	-7108.66	1916.6	437.569
-4003.52	-7108.66	1914.9	434.558
-4003.52	-7108.66	1913.2	433.015
-4003.52	-7108.66	1911.49	441.746
-4003.52	-7108.66	1909.79	441.67
-4003.52	-7108.66	1908.09	440.126
-4003.52	-7108.66	1906.38	432.716
-4003.52	-7108.66	1904.68	448.774
-4003.52	-7108.66	1902.97	470.691
-4003.52	-7108.66	1901.27	432.491
-4003.52	-7108.66	1899.56	448.54
-4003.52	-7108.66	1897.85	435.272
-4003.52	-7108.66	1896.15	407.355
-4003.52	-7108.66	1894.44	435.12
-4003.52	-7108.66	1892.74	449.692
-4003.52	-7108.66	1891.03	461.329
-4003.52	-7108.66	1889.32	440.748
-4003.52	-7108.66	1887.61	458.239
-4003.52	-7108.66	1885.91	466.942
-4003.52	-7108.66	1884.2	461.005
-4003.52	-7108.66	1882.49	434.586
-4003.52	-7108.66	1880.78	424.268
-4003.52	-7108.66	1879.07	432.97
-4003.52	-7108.66	1877.36	465.068
-4003.52	-7108.66	1875.65	422.581
-4003.52	-7108.66	1873.94	425.43
-4003.52	-7108.66	1872.23	463.359
-4003.52	-7108.66	1870.52	412.126
-4003.52	-7108.66	1868.81	412.053
-4003.52	-7108.66	1867.1	417.823
-4003.52	-7108.66	1865.39	411.906
-4003.52	-7108.66	1863.68	401.61
-4003.52	-7108.66	1861.96	411.759
-4003.52	-7108.66	1860.25	407.306
-4003.52	-7108.66	1858.54	433.506
-4003.52	-7108.66	1856.82	458.237
-4003.52	-7108.66	1855.11	446.482
-4003.52	-7108.66	1853.4	424.519
-4003.52	-7108.66	1851.68	431.736
-4003.52	-7108.66	1849.97	417.075
-4003.52	-7108.66	1848.25	441.787
-4003.52	-7108.66	1846.54	402.347
-4003.52	-7108.66	1844.82	411.019
-4003.52	-7108.66	1843.11	406.573
-4003.52	-7108.66	1841.39	416.698
-4003.52	-7108.66	1839.68	442.844
-4003.52	-7108.66	1837.96	396.157
-4003.52	-7108.66	1836.24	426.665
-4003.52	-7108.66	1834.53	420.763
-4003.52	-7108.66	1832.81	403.219
-4003.52	-7108.66	1831.09	426.432
-4003.52	-7108.66	1829.37	424.899
-4003.52	-7108.66	1827.65	437.915
-4003.52	-7108.66	1825.94	410.197
-4003.52	-7108.66	1824.22	415.94
-4003.52	-7108.66	1822.5	417.318
-4003.52	-7108.66	1820.78	452.132
-4003.52	-7108.66	1819.06	440.421
-4003.52	-7108.66	1817.34	417.088
-4003.52	-7108.66	1815.62	399.575
-4003.52	-7108.66	1813.9	427.103
-4003.52	-7108.66	1812.18	429.929
-4003.52	-7108.66	1810.45	402.258
-4003.52	-7108.66	1808.73	409.443
-4003.52	-7108.66	1807.01	436.949
-4003.52	-7108.66	1805.29	431.063
-4003.52	-7108.66	1803.56	401.96
-4003.52	-7108.66	1801.84	414.943
-4003.52	-7108.66	1800.12	414.866
-4003.52	-7108.66	1798.39	417.69
-4003.52	-7108.66	1796.67	408.912
-4003.52	-7108.66	1794.95	418.984
-4003.52	-7108.66	1793.22	404.411
-4003.52	-7108.66	1791.5	407.234
-4003.52	-7108.66	1789.77	436.137
-4003.52	-7108.66	1788.04	428.812
-4003.52	-7108.66	1786.32	443.216
-4003.52	-7108.66	1784.59	402.585
-4003.52	-7108.66	1782.87	422.779
-4003.52	-7108.66	1781.14	398.091
-4003.52	-7108.66	1779.41	422.621
-4003.52	-7108.66	1777.68	400.835
-4003.52	-7108.66	1775.96	399.313
-4003.52	-7108.66	1774.23	425.275
-4003.52	-7108.66	1772.5	407.84
-4003.52	-7108.66	1770.77	413.547
-4003.52	-7108.66	1769.04	393.229
-4003.52	-7108.66	1767.31	426.399
-4003.52	-7108.66	1765.58	419.093
-4003.52	-7108.66	1763.85	427.682
-4003.52	-7108.66	1762.12	430.49
-4003.52	-7108.66	1760.39	418.854
-4003.52	-7108.66	1758.66	427.439
-4003.52	-7108.66	1756.93	401.369
-4003.52	-7108.66	1755.19	414.285
-4003.52	-7108.66	1753.46	430.081
-4003.52	-7108.66	1751.73	428.556
-4003.52	-7108.66	1750.0	412.605
-4003.52	-7108.66	1748.26	432.72
-4003.52	-7108.66	1746.53	429.753
-4003.52	-7108.66	1744.8	426.787
-4003.52	-7108.66	1743.06	405.081
-4003.52	-7108.66	1741.33	405.004
-4003.52	-7108.66	1739.59	453.921
-4003.52	-7108.66	1737.86	406.289
-4003.52	-7108.66	1736.12	437.901
-4003.52	-7108.66	1734.39	406.133
-4003.52	-7108.66	1732.65	423.333
-4003.52	-7108.66	1730.91	358.468
-4003.52	-7108.66	1729.18	411.655
-4003.52	-7108.66	1727.44	395.746
-4003.52	-7108.66	1725.7	391.353
-4003.52	-7108.66	1723.96	415.732
-4003.52	-7108.66	1722.23	401.269
-4003.52	-7108.66	1720.49	402.63
-4003.52	-7108.66	1718.75	392.488
-4003.52	-7108.66	1717.01	419.722
-4003.52	-7108.66	1715.27	439.76
-4003.52	-7108.66	1713.53	385.075
-4003.52	-7108.66	1711.79	395.056
-4003.52	-7108.66	1710.05	397.852
-4003.52	-7108.66	1708.31	426.494
-4003.52	-7108.66	1706.57	414.925
-4003.52	-7108.66	1704.82	400.49
-4003.52	-7108.66	1703.08	393.236
-4003.52	-7108.66	1701.34	411.812
-4003.52	-7108.66	1699.6	393.082
-4003.52	-7108.66	1697.85	411.651
-4003.52	-7108.66	1696.11	404.4
-4003.52	-7108.66	1694.37	404.321
-4003.52	-7108.66	1692.62	395.641
-4003.52	-7108.66	1690.88	399.863
-4003.52	-7108.66	1689.13	415.546
-4003.52	-7108.66	1687.39	396.84
-4003.52	-7108.66	1685.64	419.68
-4003.52	-7108.66	1683.9	395.252
-4003.52	-7108.66	1682.15	382.288
-4003.52	-7108.66	1680.41	438.041
-4003.52	-7108.66	1678.66	399.312
-4003.52	-7108.66	1676.91	403.526
-4003.52	-7108.66	1675.16	396.293
-4003.52	-7108.66	1673.42	391.923
-4003.52	-7108.66	1671.67	384.695
-4003.52	-7108.66	1669.92	398.917
-4003.52	-7108.66	1668.17	403.127
-4003.52	-7108.66	1666.42	391.613
-4003.52	-7108.66	1664.67	400.109
-4003.52	-7108.66	1662.92	377.17
-4003.52	-7108.66	1661.17	379.952
-4003.52	-7108.66	1659.42	372.736
-4003.52	-7108.66	1657.67	402.646
-4003.52	-7108.66	1655.92	388.29
-4003.52	-7108.66	1654.17	423.894
-4003.52	-7108.66	1652.42	426.664
-4003.52	-7108.66	1650.66	379.498
-4003.52	-7108.66	1648.91	402.245
-4003.52	-7108.66	1647.16	406.442
-4003.52	-7108.66	1645.41	406.361
-4003.52	-7108.66	1643.65	397.727
-4003.52	-7108.66	1641.9	417.6
-4003.52	-7108.66	1640.14	396.142
-4003.52	-7108.66	1638.39	407.46
-4003.52	-7108.66	1636.63	393.134
-4003.52	-7108.66	1634.88	370.27
-4003.52	-7108.66	1633.12	397.248
-4003.52	-7108.66	1631.37	380.085
-4003.52	-7108.66	1629.61	408.474
-4003.52	-7108.66	1627.85	398.431
-4003.52	-7108.66	1626.09	384.124
-4003.52	-7108.66	1624.34	394.003
-4003.52	-7108.66	1622.58	401.034
-4003.52	-7108.66	1620.82	372.517
-4003.52	-7108.66	1619.06	409.401
-4003.52	-7108.66	1617.3	382.315
-4003.52	-7108.66	1615.54	419.182
-4003.52	-7108.66	1613.78	387.843
-4003.52	-7108.66	1612.02	384.923
-4003.52	-7108.66	1610.26	396.206
-4003.52	-7108.66	1608.5	377.668
-4003.52	-7108.66	1606.74	400.304
-4003.52	-7108.66	1604.98	394.546
-4003.52	-7108.66	1603.22	373.181
-4003.52	-7108.66	1601.46	395.804
-4003.52	-7108.66	1599.69	381.54
-4003.52	-7108.66	1597.93	395.643
-4003.52	-7108.66	1596.17	394.144
-4003.52	-7108.66	1594.4	385.559
-4003.52	-7108.66	1592.64	389.732
-4003.52	-7108.66	1590.88	393.903
-4003.52	-7108.66	1589.11	389.573
-4003.52	-7108.66	1587.35	388.077
-4003.52	-7108.66	1585.58	378.085
-4003.52	-7108.66	1583.81	375.176
-4003.52	-7108.66	1582.05	379.346
-4003.52	-7108.66	1580.28	377.853
-4003.52	-7108.66	1578.51	390.51
-4003.52	-7108.66	1576.75	384.771
-4003.52	-7108.66	1574.98	403.078
-4003.52	-7108.66	1573.21	380.371
-4003.52	-7108.66	1571.44	388.775
-4003.52	-7108.66	1569.67	380.215
-4003.52	-7108.66	1567.91	354.7
-4003.52	-7108.66	1566.14	398.426
-4003.52	-7108.66	1564.37	416.707
-4003.52	-7108.66	1562.6	408.147
-4003.52	-7108.66	1560.83	385.472
-4003.52	-7108.66	1559.05	410.803
-4003.52	-7108.66	1557.28	375.433
-4003.52	-7108.66	1555.51	368.3
-4003.52	-7108.66	1553.74	366.813
-4003.52	-7108.66	1551.97	358.274
-4003.52	-7108.66	1550.19	373.712
-4003.52	-7108.66	1548.42	383.505
-4003.52	-7108.66	1546.65	373.558
-4003.52	-7108.66	1544.87	381.936
-4003.52	-7108.66	1543.1	387.494
-4003.52	-7108.66	1541.32	412.771
-4003.52	-7108.66	1539.55	388.741
-4003.52	-7108.66	1537.77	390.069
-4003.52	-7108.66	1536.0	375.909
-4003.52	-7108.66	1534.22	375.831
-4003.52	-7108.66	1532.45	389.826
-4003.52	-7108.66	1530.67	368.639
-4003.52	-7108.66	1528.89	381.223
-4003.52	-7108.66	1527.11	374.112
-4003.52	-7108.66	1525.34	352.941
-4003.52	-7108.66	1523.56	392.232
-4003.52	-7108.66	1521.78	366.85
-4003.52	-7108.66	1520.0	386.447
-4003.52	-7108.66	1518.22	391.986
-4003.52	-7108.66	1516.44	400.332
-4003.52	-7108.66	1514.66	359.522
-4003.52	-7108.66	1512.88	384.72
-4003.52	-7108.66	1511.1	342.526
-4003.52	-7108.66	1509.32	399.998
-4003.52	-7108.66	1507.54	370.446
-4003.52	-7108.66	1505.76	374.578
-4003.52	-7108.66	1503.97	366.083
-4003.52	-7108.66	1502.19	399.662
-4003.52	-7108.66	1500.41	377.146
-4003.52	-7108.66	1498.62	357.443
-4003.52	-7108.66	1496.84	395.206
-4003.52	-7108.66	1495.06	365.699
-4003.52	-7108.66	1493.27	371.226
-4003.52	-7108.66	1491.49	351.54
-4003.52	-7108.66	1489.7	380.872
-4003.52	-7108.66	1487.91	379.391
-4003.52	-7108.66	1486.13	394.708
-4003.52	-7108.66	1484.34	348.445
-4003.52	-7108.66	1482.55	346.973
-4003.52	-7108.66	1480.77	342.703
-4003.52	-7108.66	1478.98	362.21
-4003.52	-7108.66	1477.19	381.708
-4003.52	-7108.66	1475.4	371.842
-4003.52	-7108.66	1473.61	354.992
-4003.52	-7108.66	1471.83	389.85
-4003.52	-7108.66	1470.04	370.21
-4003.52	-7108.66	1468.25	391.082
-4003.52	-7108.66	1466.46	393.792
-4003.52	-7108.66	1464.67	379.747
-4003.52	-7108.66	1462.87	353.146
-4003.52	-7108.66	1461.08	385.169
-4003.52	-7108.66	1459.29	348.811
-4003.52	-7108.66	1457.5	372.451
-4003.52	-7108.66	1455.71	361.215
-4003.52	-7108.66	1453.91	376.476
-4003.52	-7108.66	1452.12	358.273
-4003.52	-7108.66	1450.33	373.528
-4003.52	-7108.66	1448.53	370.662
-4003.52	-7108.66	1446.74	360.831
-4003.52	-7108.66	1444.94	360.754
-4003.52	-7108.66	1443.15	385.744
-4003.52	-7108.66	1441.35	385.662
-4003.52	-7108.66	1439.56	410.635
-4003.52	-7108.66	1437.76	410.548
-4003.52	-7108.66	1435.96	370.11
-4003.52	-7108.66	1434.17	371.422
-4003.52	-7108.66	1432.37	367.17
-4003.52	-7108.66	1430.57	375.435
-4003.52	-7108.66	1428.77	365.623
-4003.52	-7108.66	1426.97	382.224
-4003.52	-7108.66	1425.17	396.039
-4003.52	-7108.66	1423.37	365.389
-4003.52	-7108.66	1421.58	375.034
-4003.52	-7108.66	1419.77	355.512
-4003.52	-7108.66	1417.97	344.328
-4003.52	-7108.66	1416.17	373.405
-4003.52	-7108.66	1414.37	348.344
-4003.52	-7108.66	1412.57	373.245
-4003.52	-7108.66	1410.77	366.229
-4003.52	-7108.66	1408.97	361.99
-4003.52	-7108.66	1407.16	364.685
-4003.52	-7108.66	1405.36	365.993
-4003.52	-7108.66	1403.56	379.775
-4003.52	-7108.66	1401.75	376.922
-4003.52	-7108.66	1399.95	351.903
-4003.52	-7108.66	1398.14	351.827
-4003.52	-7108.66	1396.34	372.524
-4003.52	-7108.66	1394.53	362.752
-4003.52	-7108.66	1392.73	364.059
-4003.52	-7108.66	1390.92	355.677
-4003.52	-7108.66	1389.11	387.424
-4003.52	-7108.66	1387.3	348.607
-4003.52	-7108.66	1385.5	360.979
-4003.52	-7108.66	1383.69	365.049
-4003.52	-7108.66	1381.88	356.676
-4003.52	-7108.66	1380.07	351.07
-4003.52	-7108.66	1378.26	350.994
-4003.52	-7108.66	1376.45	364.734
-4003.52	-7108.66	1374.64	377.087
-4003.52	-7108.66	1372.83	400.482
-4003.52	-7108.66	1371.02	379.685
-4003.52	-7108.66	1369.21	371.321
-4003.52	-7108.66	1367.4	365.72
-4003.52	-7108.66	1365.59	367.021
-4003.52	-7108.66	1363.78	372.46
-4003.52	-7108.66	1361.96	347.554
-4003.52	-7108.66	1360.15	352.994
-4003.52	-7108.66	1358.34	368.082
-4003.52	-7108.66	1356.52	377.65
-4003.52	-7108.66	1354.71	363.788
-4003.52	-7108.66	1352.89	356.821
-4003.52	-7108.66	1351.08	336.083
-4003.52	-7108.66	1349.26	364.929
-4003.52	-7108.66	1347.45	353.835
-4003.52	-7108.66	1345.63	385.417
-4003.52	-7108.66	1343.81	349.553
-4003.52	-7108.66	1342.0	353.604
-4003.52	-7108.66	1340.18	349.401
-4003.52	-7108.66	1338.36	354.826
-4003.52	-7108.66	1336.54	340.999
-4003.52	-7108.66	1334.73	357.421
-4003.52	-7108.66	1332.91	375.21
-4003.52	-7108.66	1331.09	350.395
-4003.52	-7108.66	1329.27	361.309
-4003.52	-7108.66	1327.45	366.724
-4003.52	-7108.66	1325.63	365.271
-4003.52	-7108.66	1323.81	376.175
-4003.52	-7108.66	1321.98	352.758
-4003.52	-7108.66	1320.16	352.681
-4003.52	-7108.66	1318.34	366.324
-4003.52	-7108.66	1316.52	352.527
-4003.52	-7108.66	1314.7	341.479
-4003.52	-7108.66	1312.87	357.858
-4003.52	-7108.66	1311.05	338.588
-4003.52	-7108.66	1309.22	364.554
-4003.52	-7108.66	1307.4	367.215
-4003.52	-7108.66	1305.57	367.134
-4003.52	-7108.66	1303.75	349.249
-4003.52	-7108.66	1301.92	347.803
-4003.52	-7108.66	1300.1	339.513
-4003.52	-7108.66	1298.27	372.288
-4003.52	-7108.66	1296.44	370.838
-4003.52	-7108.66	1294.62	370.756
-4003.52	-7108.66	1292.79	350.158
-4003.52	-7108.66	1290.96	344.611
-4003.52	-7108.66	1289.13	359.575
-4003.52	-7108.66	1287.3	344.46
-4003.52	-7108.66	1285.47	345.751
-4003.52	-7108.66	1283.64	348.408
-4003.52	-7108.66	1281.81	356.527
-4003.52	-7108.66	1279.98	346.889
-4003.52	-7108.66	1278.15	355.005
-4003.52	-7108.66	1276.32	342.641
-4003.52	-7108.66	1274.49	372.592
-4003.52	-7108.66	1272.66	341.126
-4003.52	-7108.66	1270.82	368.335
-4003.52	-7108.66	1268.99	353.251
-4003.52	-7108.66	1267.16	369.536
-4003.52	-7108.66	1265.32	354.459
-4003.52	-7108.66	1263.49	377.552
-4003.52	-7108.66	1261.66	355.665
-4003.52	-7108.66	1259.82	324.252
-4003.52	-7108.66	1257.98	325.542
-4003.52	-7108.66	1256.15	358.154
-4003.52	-7108.66	1254.31	352.629
-4003.52	-7108.66	1252.48	357.996
-4003.52	-7108.66	1250.64	347.03
-4003.52	-7108.66	1248.8	370.083
-4003.52	-7108.66	1246.96	322.391
-4003.52	-7108.66	1245.13	372.64
-4003.52	-7108.66	1243.29	364.399
-4003.52	-7108.66	1241.45	372.475
-4003.52	-7108.66	1239.61	358.802
-4003.52	-7108.66	1237.77	349.211
-4003.52	-7108.66	1235.93	361.36
-4003.52	-7108.66	1234.09	350.414
-4003.52	-7108.66	1232.25	382.926
-4003.52	-7108.66	1230.41	382.842
-4003.52	-7108.66	1228.56	352.896
-4003.52	-7108.66	1226.72	354.175
-4003.52	-7108.66	1224.88	363.594
-4003.52	-7108.66	1223.04	349.949
-4003.52	-7108.66	1221.19	353.94
-4003.52	-7108.66	1219.35	366.063
-4003.52	-7108.66	1217.5	349.716
-4003.52	-7108.66	1215.66	315.759
-4003.52	-7108.66	1213.81	357.691
-4003.52	-7108.66	1211.97	340.001
-4003.52	-7108.66	1210.12	358.886
-4003.52	-7108.66	1208.28	337.143
-4003.52	-7108.66	1206.43	345.19
-4003.52	-7108.66	1204.58	342.406
-4003.52	-7108.66	1202.73	336.918
-4003.52	-7108.66	1200.89	370.663
-4003.52	-7108.66	1199.04	352.998
-4003.52	-7108.66	1197.19	366.441
-4003.52	-7108.66	1195.34	377.175
-4003.52	-7108.66	1193.49	358.169
-4003.52	-7108.66	1191.64	359.44
-4003.52	-7108.66	1189.79	348.552
-4003.52	-7108.66	1187.94	364.683
-4003.52	-7108.66	1186.09	364.602
-4003.52	-7108.66	1184.23	328.068
-4003.52	-7108.66	1182.38	361.74
-4003.52	-7108.66	1180.53	379.202
-4003.52	-7108.66	1178.68	350.785
-4003.52	-7108.66	1176.82	370.94
-4003.52	-7108.66	1174.97	345.234
-4003.52	-7108.66	1173.12	338.416
-4003.52	-7108.66	1171.26	380.127
-4003.52	-7108.66	1169.41	328.831
-4003.52	-7108.66	1167.55	384.0
-4003.52	-7108.66	1165.69	356.972
-4003.52	-7108.66	1163.84	369.014
-4003.52	-7108.66	1161.98	370.278
-4003.52	-7108.66	1160.12	362.118
-4003.52	-7108.66	1158.27	339.157
-4003.52	-7108.66	1156.41	359.265
-4003.52	-7108.66	1154.55	347.077
-4003.52	-7108.66	1152.69	346.999
-4003.52	-7108.66	1150.83	356.334
-4003.52	-7108.66	1148.97	352.221
-4003.52	-7108.66	1147.11	377.68
-4003.52	-7108.66	1145.25	384.314
-4003.52	-7108.66	1143.39	357.359
-4003.52	-7108.66	1141.53	365.337
-4003.52	-7108.66	1139.67	337.056
-4003.52	-7108.66	1137.81	369.201
-4003.52	-7108.66	1135.94	361.065
-4003.52	-7108.66	1134.08	334.145
-4003.52	-7108.66	1132.22	348.828
-4003.52	-7108.66	1130.35	364.846
-4003.52	-7108.66	1128.49	364.764
-4003.52	-7108.66	1126.62	353.956
-4003.52	-7108.66	1124.76	347.175
-4003.52	-7108.66	1122.89	349.777
-4003.52	-7108.66	1121.03	351.038
-4003.52	-7108.66	1119.16	342.922
-4003.52	-7108.66	1117.3	316.06
-4003.52	-7108.66	1115.43	340.09
-4003.52	-7108.66	1113.56	364.109
-4003.52	-7108.66	1111.69	376.072
-4003.52	-7108.66	1109.82	371.973
-4003.52	-7108.66	1107.96	338.446
-4003.52	-7108.66	1106.09	377.156
-4003.52	-7108.66	1104.22	348.991
-4003.52	-7108.66	1102.35	363.618
-4003.52	-7108.66	1100.48	362.199
-4003.52	-7108.66	1098.61	343.41
-4003.52	-7108.66	1096.73	348.677
-4003.52	-7108.66	1094.86	371.304
-4003.52	-7108.66	1092.99	363.208
-4003.52	-7108.66	1091.12	364.461
-4003.52	-7108.66	1089.24	349.697
-4003.52	-7108.66	1087.37	362.962
-4003.52	-7108.66	1085.5	360.212
-4003.52	-7108.66	1083.62	365.466
-4003.52	-7108.66	1081.75	346.714
-4003.52	-7108.66	1079.87	355.969
-4003.52	-7108.66	1078.0	357.221
-4003.52	-7108.66	1076.12	373.132
-4003.52	-7108.66	1074.24	373.048
-4003.52	-7108.66	1072.37	352.983
-4003.52	-7108.66	1070.49	375.542
-4003.52	-7108.66	1068.61	358.149
-4003.52	-7108.66	1066.73	344.757
-4003.52	-7108.66	1064.86	365.972
-4003.52	-7108.66	1062.98	381.855
-4003.52	-7108.66	1061.1	373.787
-4003.52	-7108.66	1059.22	372.373
-4003.52	-7108.66	1057.34	368.3
-4003.52	-7108.66	1055.46	414.742
-4003.52	-7108.66	1053.58	394.713
-4003.52	-7108.66	1051.69	374.693
-4003.52	-7108.66	1049.81	390.549
-4003.52	-7108.66	1047.93	381.164
-4003.52	-7108.66	1046.05	391.7
-4003.52	-7108.66	1044.16	391.611
-4003.52	-7108.66	1042.28	384.886
-4003.52	-7108.66	1040.4	398.068
-4003.52	-7108.66	1038.51	390.018
-4003.52	-7108.66	1036.63	367.382
-4003.52	-7108.66	1034.74	379.233
-4003.52	-7108.66	1032.86	395.055
-4003.52	-7108.66	1030.97	363.156
-4003.52	-7108.66	1029.08	396.2
-4003.52	-7108.66	1027.2	422.606
-4003.52	-7108.66	1025.31	405.292
-4003.52	-7108.66	1023.42	425.062
-4003.52	-7108.66	1021.53	419.67
-4003.52	-7108.66	1019.64	435.458
-4003.52	-7108.66	1017.75	414.186
-4003.52	-7108.66	1015.86	394.247
-4003.52	-7108.66	1013.97	408.707
-4003.52	-7108.66	1012.08	421.838
-4003.52	-7108.66	1010.19	432.318
-4003.52	-7108.66	1008.3	457.333
-4003.52	-7108.66	1006.41	467.801
-4003.52	-7108.66	1004.52	471.658
-4003.52	-7108.66	1002.62	441.17
-4003.52	-7108.66	1000.73	471.443
-4003.52	-7108.66	998.837	472.656
-4003.52	-7108.66	996.943	481.788
-4003.52	-7108.66	995.049	498.833
-4003.52	-7108.66	993.154	531.704
-4003.52	-7108.66	991.258	509.158
-4003.52	-7108.66	989.363	524.867
-4003.52	-7108.66	987.467	560.346
-4003.52	-7108.66	985.57	540.445
-4003.52	-7108.66	983.673	556.136
-4003.52	-7108.66	981.776	586.313
-4003.52	-7108.66	979.878	565.103
-4003.52	-7108.66	977.979	596.58
-4003.52	-7108.66	976.081	624.094
-4003.52	-7108.66	974.181	579.195
-4003.52	-7108.66	972.282	586.959
-4003.52	-7108.66	970.382	623.666
-4003.52	-7108.66	968.481	622.207
-4003.52	-7108.66	966.58	622.065
-4003.52	-7108.66	964.679	608.774
-4003.52	-7108.66	962.777	598.118
-4003.52	-7108.66	960.875	621.638
-4003.52	-7108.66	958.972	605.728
-4003.52	-7108.66	957.069	589.825
-4003.52	-7108.66	955.166	647.477
-4003.52	-7108.66	953.262	614.503
-4003.52	-7108.66	951.357	643.242
-4003.52	-7108.66	949.452	643.095
-4003.52	-7108.66	947.547	675.75
-4003.52	-7108.66	945.641	615.251
-4003.52	-7108.66	943.735	647.898
-4003.52	-7108.66	941.829	641.193
-4003.52	-7108.66	939.922	646.29
-4003.52	-7108.66	938.014	634.345
-4003.52	-7108.66	936.106	587.028
-4003.52	-7108.66	934.198	624.884
-4003.52	-7108.66	932.289	595.926
-4003.52	-7108.66	930.38	581.385
-4003.52	-7108.66	928.47	544.596
-4003.52	-7108.66	926.56	570.647
-4003.52	-7108.66	924.649	573.133
-4003.52	-7108.66	922.738	544.22
-4003.52	-7108.66	920.827	536.248
-4003.52	-7108.66	918.915	562.276
-4003.52	-7108.66	917.003	513.776
-4003.52	-7108.66	915.09	495.36
-4003.52	-7108.66	913.177	522.687
-4003.52	-7108.66	911.263	505.583
-4003.52	-7108.66	909.349	487.181
-4003.52	-7108.66	907.435	488.374
-4003.52	-7108.66	905.52	483.039
-4003.52	-7108.66	903.604	482.928
-4003.52	-7108.66	901.688	508.915
-4003.52	-7108.66	899.772	511.406
-4003.52	-7108.66	897.855	493.028
-4003.52	-7108.66	895.938	494.218
-4003.52	-7108.66	894.021	477.156
-4003.52	-7108.66	892.103	497.9
-4003.52	-7108.66	890.184	473.026
-4003.52	-7108.66	888.265	469.008
-4003.52	-7108.66	886.346	468.9
-4003.52	-7108.66	884.426	475.303
-4003.52	-7108.66	882.506	463.476
-4003.52	-7108.66	880.585	477.686
-4003.52	-7108.66	878.664	459.357
-4003.52	-7108.66	876.742	457.95
-4003.52	-7108.66	874.82	483.858
-4003.52	-7108.66	872.898	443.434
-4003.52	-7108.66	870.975	474.533
-4003.52	-7108.66	869.051	469.224
-4003.52	-7108.66	867.127	426.232
-4003.52	-7108.66	865.203	436.527
-4003.52	-7108.66	863.278	465.001
-4003.52	-7108.66	861.353	449.31
-4003.52	-7108.66	859.428	469.979
-4003.52	-7108.66	857.502	449.102
-4003.52	-7108.66	855.575	447.7
-4003.52	-7108.66	853.648	465.759
-4003.52	-7108.66	851.721	474.731
-4003.52	-7108.66	849.793	486.291
-4003.52	-7108.66	847.865	493.957
-4003.52	-7108.66	845.936	447.18
-4003.52	-7108.66	844.007	448.372
-4003.52	-7108.66	842.077	465.11
-4003.52	-7108.66	840.147	448.164
-4003.52	-7108.66	838.216	444.174
-4003.52	-7108.66	836.285	468.67
-4003.52	-7108.66	834.354	441.379
-4003.52	-7108.66	832.422	447.747
-4003.52	-7108.66	830.49	469.636
-4003.52	-7108.66	828.557	465.647
-4003.52	-7108.66	826.624	455.193
-4003.52	-7108.66	824.69	471.894
-4003.52	-7108.66	822.756	469.199
-4003.52	-7108.66	820.821	447.121
-4003.52	-7108.66	818.886	437.973
-4003.52	-7108.66	816.951	457.246
-4003.52	-7108.66	815.015	481.675
-4003.52	-7108.66	813.078	463.487
-4003.52	-7108.66	811.141	490.485
-4003.52	-7108.66	809.204	452.947
-4003.52	-7108.66	807.266	450.261
-4003.52	-7108.66	805.328	429.519
-4003.52	-7108.66	803.389	456.499
-4003.52	-7108.66	801.45	452.524
-4003.52	-7108.66	799.511	460.152
-4003.52	-7108.66	797.571	480.663
-4003.52	-7108.66	795.63	465.09
-4003.52	-7108.66	793.689	480.438
-4003.52	-7108.66	791.748	458.434
-4003.52	-7108.66	789.806	463.476
-4003.52	-7108.66	787.864	467.229
-4003.52	-7108.66	785.921	456.825
-4003.52	-7108.66	783.978	452.858
-4003.52	-7108.66	782.034	445.035
-4003.52	-7108.66	780.09	444.93
-4003.52	-7108.66	778.145	439.683
-4003.52	-7108.66	776.2	455.004
-4003.52	-7108.66	774.255	440.762
-4003.52	-7108.66	772.309	453.506
-4003.52	-7108.66	770.362	411.014
-4003.52	-7108.66	768.416	434.031
-4003.52	-7108.66	766.468	444.2
-4003.52	-7108.66	764.52	433.827
-4003.52	-7108.66	762.572	468.372
-4003.52	-7108.66	760.624	440.038
-4003.52	-7108.66	758.674	430.956
-4003.52	-7108.66	756.725	415.467
-4003.52	-7108.66	754.775	443.573
-4003.52	-7108.66	752.824	429.37
-4003.52	-7108.66	750.873	433.113
-4003.52	-7108.66	748.922	430.449
-4003.52	-7108.66	746.97	443.155
-4003.52	-7108.66	745.017	422.563
-4003.52	-7108.66	743.065	426.304
-4003.52	-7108.66	741.111	440.282
-4003.52	-7108.66	739.158	452.974
-4003.52	-7108.66	737.203	440.075
-4003.52	-7108.66	735.249	432.297
-4003.52	-7108.66	733.294	452.654
-4003.52	-7108.66	731.338	439.763
-4003.52	-7108.66	729.382	448.606
-4003.52	-7108.66	727.425	442.111
-4003.52	-7108.66	725.468	449.671
-4003.52	-7108.66	723.511	412.527
-4003.52	-7108.66	721.553	441.797
-4003.52	-7108.66	719.595	432.757
-4003.52	-7108.66	717.636	449.246
-4003.52	-7108.66	715.676	460.623
-4003.52	-7108.66	713.717	445.206
-4003.52	-7108.66	711.756	451.477
-4003.52	-7108.66	709.796	436.069
-4003.52	-7108.66	707.835	458.912
-4003.52	-7108.66	705.873	458.803
-4003.52	-7108.66	703.911	456.146
-4003.52	-7108.66	701.948	421.644
-4003.52	-7108.66	699.985	439.373
-4003.52	-7108.66	698.022	458.367
-4003.52	-7108.66	696.058	448.075
-4003.52	-7108.66	694.093	458.15
-4003.52	-7108.66	692.129	446.59
-4003.52	-7108.66	690.163	443.94
-4003.52	-7108.66	688.197	447.649
-4003.52	-7108.66	686.231	437.371
-4003.52	-7108.66	684.264	466.503
-4003.52	-7108.66	682.297	457.496
-4003.52	-7108.66	680.329	462.469
-4003.52	-7108.66	678.361	447.117
-4003.52	-7108.66	676.393	462.249
-4003.52	-7108.66	674.423	472.296
-4003.52	-7108.66	672.454	458.221
-4003.52	-7108.66	670.484	520.293
-4003.52	-7108.66	668.513	484.645
-4003.52	-7108.66	666.542	485.798
-4003.52	-7108.66	664.571	488.218
-4003.52	-7108.66	662.599	485.566
-4003.52	-7108.66	660.627	448.692
-4003.52	-7108.66	658.654	446.051
-4003.52	-7108.66	656.68	480.15
-4003.52	-7108.66	654.707	483.835
-4003.52	-7108.66	652.732	459.66
-4003.52	-7108.66	650.758	467.146
-4003.52	-7108.66	648.782	463.237
-4003.52	-7108.66	646.807	473.249
-4003.52	-7108.66	644.83	488.316
-4003.52	-7108.66	642.854	485.67
-4003.52	-7108.66	640.877	507.049
-4003.52	-7108.66	638.899	511.984
-4003.52	-7108.66	636.921	485.32
-4003.52	-7108.66	634.942	487.731
-4003.52	-7108.66	632.963	473.718
-4003.52	-7108.66	630.984	505.178
-4003.52	-7108.66	629.004	486.117
-4003.52	-7108.66	627.023	503.673
-4003.52	-7108.66	625.042	497.241
-4003.52	-7108.66	623.061	503.43
-4003.52	-7108.66	621.079	494.479
-4003.52	-7108.66	619.097	480.488
-4003.52	-7108.66	617.114	495.502
-4003.52	-7108.66	615.131	480.256
-4003.52	-7108.66	613.147	501.564
-4003.52	-7108.66	611.163	516.562
-4003.52	-7108.66	609.178	520.217
-4003.52	-7108.66	607.193	476.016
-4003.52	-7108.66	605.207	479.678
-4003.52	-7108.66	603.221	478.303
-4003.52	-7108.66	601.234	485.738
-4003.52	-7108.66	599.247	503.234
-4003.52	-7108.66	597.259	513.174
-4003.52	-7108.66	595.271	486.643
-4003.52	-7108.66	593.283	460.125
-4003.52	-7108.66	591.294	498.976
-4003.52	-7108.66	589.304	480.007
-4003.52	-7108.66	587.314	478.635
-4003.52	-7108.66	585.323	482.287
-4003.52	-7108.66	583.332	465.846
-4003.52	-7108.66	581.341	499.628
-4003.52	-7108.66	579.349	463.11
-4003.52	-7108.66	577.357	475.545
-4003.52	-7108.66	575.364	487.974
-4003.52	-7108.66	573.37	467.79
-4003.52	-7108.66	571.376	483.976
-4003.52	-7108.66	569.382	506.421
-4003.52	-7108.66	567.387	513.818
-4003.52	-7108.66	565.392	497.405
-4003.52	-7108.66	563.396	501.042
-4003.52	-7108.66	561.399	484.64
-4003.52	-7108.66	559.403	498.294
-4003.52	-7108.66	557.405	503.179
-4003.52	-7108.66	555.408	523.078
-4003.52	-7108.66	553.409	509.189
-4003.52	-7108.66	551.411	516.569
-4003.52	-7108.66	549.411	530.199
-4003.52	-7108.66	547.412	551.322
-4003.52	-7108.66	545.411	576.184
-4003.52	-7108.66	543.411	582.291
-4003.52	-7108.66	541.409	602.137
-4003.52	-7108.66	539.408	653.196
-4003.52	-7108.66	537.406	691.744
-4003.52	-7108.66	535.403	760.233
-4003.52	-7108.66	533.4	802.48
-4003.52	-7108.66	531.396	910.835
-4003.52	-7108.66	529.392	1095.23
-4003.52	-7108.66	527.387	1359.35
-4003.52	-7108.66	525.382	1799.13
-4003.52	-7108.66	523.376	2677.47
-4003.52	-7108.66	521.37	3894.34
-4003.52	-7108.66	519.364	4764.26
-4003.52	-7108.66	517.357	4996.01
-4003.52	-7108.66	515.349	4744.48
-4003.52	-7108.66	513.341	4124.57
-4003.52	-7108.66	511.332	3405.38
-4003.52	-7108.66	509.323	2916.76
-4003.52	-7108.66	507.314	2505.51
-4003.52	-7108.66	505.304	2140.47
-4003.52	-7108.66	503.293	1953.43
-4003.52	-7108.66	501.282	1822.42
-4003.52	-7108.66	499.27	1739.95
-4003.52	-7108.66	497.258	1637.63
-4003.52	-7108.66	495.246	1601.2
-4003.52	-7108.66	493.233	1527.54
-4003.52	-7108.66	491.219	1514.74
-4003.52	-7108.66	489.205	1459.75
-4003.52	-7108.66	487.191	1396.1
-4003.52	-7108.66	485.176	1364.74
-4003.52	-7108.66	483.16	1262.69
-4003.52	-7108.66	481.144	1216.49
-4003.52	-7108.66	479.128	1196.36
-4003.52	-7108.66	477.111	1214.65
-4003.52	-7108.66	475.093	1210.63
-4003.52	-7108.66	473.075	1186.8
-4003.52	-7108.66	471.056	1138.2
-4003.52	-7108.66	469.037	1165.16
-4003.52	-7108.66	467.018	1124.02
-4003.52	-7108.66	464.998	1085.37
-4003.52	-7108.66	462.977	1036.85
-4003.52	-7108.66	460.956	1042.77
-4003.52	-7108.66	458.935	1040.04
-4003.52	-7108.66	456.913	953.236
-4003.52	-7108.66	454.89	962.887
-4003.52	-7108.66	452.867	935.46
-4003.52	-7108.66	450.843	932.756
-4003.52	-7108.66	448.819	896.704
-4003.52	-7108.66	446.795	871.784
-4003.52	-7108.66	444.77	885.146
-4003.52	-7108.66	442.744	909.608
-4003.52	-7108.66	440.718	866.194
-4003.52	-7108.66	438.691	853.642
-4003.52	-7108.66	436.664	791.764
-4003.52	-7108.66	434.637	816.225
-4003.52	-7108.66	432.608	812.323
-4003.52	-7108.66	430.58	805.957
-4003.52	-7108.66	428.551	792.202
-4003.52	-7108.66	426.521	778.455
-4003.52	-7108.66	424.491	733.928
-4003.52	-7108.66	422.46	757.135
-4003.52	-7108.66	420.429	737.251
-4003.52	-7108.66	418.397	734.605
-4003.52	-7108.66	416.365	762.714
-4003.52	-7108.66	414.332	730.545
-4003.52	-7108.66	412.299	763.56
-4003.52	-7108.66	410.265	725.26
-4003.52	-7108.66	408.231	718.932
-4003.52	-7108.66	406.196	696.636
-4003.52	-7108.66	404.161	727.168
-4003.52	-7108.66	402.125	717.16
-4003.52	-7108.66	400.089	696.108
-4003.52	-7108.66	398.052	730.299
-4003.52	-7108.66	396.015	699.437
-4003.52	-7108.66	393.977	713.981
-4003.52	-7108.66	391.938	684.365
-4003.52	-7108.66	389.899	678.061
-4003.52	-7108.66	387.86	704.857
-4003.52	-7108.66	385.82	675.266
-4003.52	-7108.66	383.78	695.923
-4003.52	-7108.66	381.739	689.622
-4003.52	-7108.66	379.697	696.794
-4003.52	-7108.66	377.655	675.804
-4003.52	-7108.66	375.613	695.216
-4003.52	-7108.66	373.57	693.815
-4003.52	-7108.66	371.526	683.852
-4003.52	-7108.66	369.482	686.123
-4003.52	-7108.66	367.437	672.498
-4003.52	-7108.66	365.392	655.213
-4003.52	-7108.66	363.346	673.377
-4003.52	-7108.66	361.3	675.649
-4003.52	-7108.66	359.254	680.362
-4003.52	-7108.66	357.206	683.852
-4003.52	-7108.66	355.159	661.701
-4003.52	-7108.66	353.11	661.532
-4003.52	-7108.66	351.062	656.481
-4003.52	-7108.66	349.012	651.433
-4003.52	-7108.66	346.962	632.972
-4003.52	-7108.66	344.912	677.924
-4003.52	-7108.66	342.861	681.406
-4003.52	-7108.66	340.81	678.794
-4003.52	-7108.66	338.758	653.034
-4003.52	-7108.66	336.705	695.497
-4003.52	-7108.66	334.652	674.617
-4003.52	-7108.66	332.599	675.661
-4003.52	-7108.66	330.545	677.921
-4003.52	-7108.66	328.49	705.732
-4003.52	-7108.66	326.435	687.303
-4003.52	-7108.66	324.379	674.964
-4003.52	-7108.66	322.323	705.185
-4003.52	-7108.66	320.266	724.452
-4003.52	-7108.66	318.209	678.086
-4003.52	-7108.66	316.151	696.134
-4003.52	-7108.66	314.093	682.594
-4003.52	-7108.66	312.034	713.988
-4003.52	-7108.66	309.975	719.872
-4003.52	-7108.66	307.915	706.335
-4003.52	-7108.66	305.854	720.712
-4003.52	-7108.66	303.793	761.767
-4003.52	-7108.66	301.732	733.677
-4003.52	-7108.66	299.67	748.035
-4003.52	-7108.66	297.607	727.235
-4003.52	-7108.66	295.544	714.928
-4003.52	-7108.66	293.48	717.165
-4003.52	-7108.66	291.416	698.811
-4003.52	-7108.66	289.351	701.05
-4003.52	-7108.66	287.286	693.604
-4003.52	-7108.66	285.22	705.525
-4003.52	-7108.66	283.154	694.452
-4003.52	-7108.66	281.087	695.48
-4003.52	-7108.66	279.019	660.23
-4003.52	-7108.66	276.951	681.818
-4003.52	-7108.66	274.883	668.344
-4003.52	-7108.66	272.814	650.045
-4003.52	-7108.66	270.744	645.043
-4003.52	-7108.66	268.674	613.475
-4003.52	-7108.66	266.603	666.436
-4003.52	-7108.66	264.532	643.327
-4003.52	-7108.66	262.46	640.745
-4003.52	-7108.66	260.388	614.036
-4003.52	-7108.66	258.315	617.493
-4003.52	-7108.66	256.241	633.004
-4003.52	-7108.66	254.167	594.264
-4003.52	-7108.66	252.093	621.824
-4003.52	-7108.66	250.018	587.926
-4003.52	-7108.66	247.942	608.247
-4003.52	-7108.66	245.866	617.719
-4003.52	-7108.66	243.789	586.256
-4003.52	-7108.66	241.712	593.322
-4003.52	-7108.66	239.634	584.742
-4003.52	-7108.66	237.556	573.761
-4003.52	-7108.66	235.477	606.078
-4003.52	-7108.66	233.397	569.85
-4003.52	-7108.66	231.317	587.727
-4003.52	-7108.66	229.237	575.555
-4003.52	-7108.66	227.155	557.383
-4003.52	-7108.66	225.074	527.211
-4003.52	-7108.66	222.991	506.66
-4003.52	-7108.66	220.909	526.93
-4003.52	-7108.66	218.825	542.389
-4003.52	-7108.66	216.741	519.451
-4003.52	-7108.66	214.657	558.89
-4003.52	-7108.66	212.572	544.352
-4003.52	-7108.66	210.486	545.405
-4003.52	-7108.66	208.4	530.878
-4003.52	-7108.66	206.313	525.944
-4003.52	-7108.66	204.226	553.351
-4003.52	-7108.66	202.138	566.373
-4003.52	-7108.66	200.05	611.711
-4003.52	-7108.66	197.961	611.546
-4003.52	-7108.66	195.871	592.238
-4003.52	-7108.66	193.781	604.04
-4003.52	-7108.66	191.691	637.36
-4003.52	-7108.66	189.599	633.601
-4003.52	-7108.66	187.508	620.284
-4003.52	-7108.66	185.415	636.844
-4003.52	-7108.66	183.322	671.312
-4003.52	-7108.66	181.229	662.772
-4003.52	-7108.66	179.135	636.327
-4003.52	-7108.66	177.04	697.025
-4003.52	-7108.66	174.945	641.949
-4003.52	-7108.66	172.849	665.632
-4003.52	-7108.66	170.753	658.296
-4003.52	-7108.66	168.656	652.156
-4003.52	-7108.66	166.558	666.282
-4003.52	-7108.66	164.46	683.974
-4003.52	-7108.66	162.362	675.449
-4003.52	-7108.66	160.263	649.064
-4003.52	-7108.66	158.163	688.178
-4003.52	-7108.66	156.063	701.083
-4003.52	-7108.66	153.962	699.702
-4003.52	-7108.66	151.86	725.683
-4003.52	-7108.66	149.758	700.509
-4003.52	-7108.66	147.656	671.781
-4003.52	-7108.66	145.552	706.068
-4003.52	-7108.66	143.449	677.355
-4003.52	-7108.66	141.344	670.041
-4003.52	-7108.66	139.239	700.737
-4003.52	-7108.66	137.134	714.792
-4003.52	-7108.66	135.028	699.164
-4003.52	-7108.66	132.921	710.839
-4003.52	-7108.66	130.814	714.202
-4003.52	-7108.66	128.706	665.377
-4003.52	-7108.66	126.598	687.722
-4003.52	-7108.66	124.489	672.122
-4003.52	-7108.66	122.379	675.492
-4003.52	-7108.66	120.269	646.871
-4003.52	-7108.66	118.158	625.372
-4003.52	-7108.66	116.047	635.856
-4003.52	-7108.66	113.935	616.739
-4003.52	-7108.66	111.822	614.202
-4003.52	-7108.66	109.709	592.735
-4003.52	-7108.66	107.596	573.646
-4003.52	-7108.66	105.481	559.297
-4003.52	-7108.66	103.367	543.774
-4003.52	-7108.66	101.251	528.259
-4003.52	-7108.66	99.1351	522.205
-4003.52	-7108.66	97.0184	509.066
-4003.52	-7108.66	94.9012	503.02
-4003.52	-7108.66	92.7834	483.992
-4003.52	-7108.66	90.665	479.136
-4003.52	-7108.66	88.546	456.586
-4003.52	-7108.66	86.4265	464.714
-4003.52	-7108.66	84.3063	419.776
-4003.52	-7108.66	82.1855	417.301
-4003.52	-7108.66	80.0641	397.149
-4003.52	-7108.66	77.9422	394.681
