-31650.0	7808.0	1311.89	1923.84
-31650.0	7808.0	1310.78	2009.83
-31650.0	7808.0	1309.68	1920.96
-31650.0	7808.0	1308.58	1904.76
-31650.0	7808.0	1307.48	1920.34
-31650.0	7808.0	1306.38	1901.88
-31650.0	7808.0	1305.28	1940.15
-31650.0	7808.0	1304.18	1987.49
-31650.0	7808.0	1303.07	1987.17
-31650.0	7808.0	1301.97	1932.42
-31650.0	7808.0	1300.87	1934.37
-31650.0	7808.0	1299.77	1938.6
-31650.0	7808.0	1298.66	1933.75
-31650.0	7808.0	1297.56	1935.71
-31650.0	7808.0	1296.46	1890.07
-31650.0	7808.0	1295.35	1989.47
-31650.0	7808.0	1294.25	1916.65
-31650.0	7808.0	1293.15	2006.95
-31650.0	7808.0	1292.04	1934.16
-31650.0	7808.0	1290.94	1929.32
-31650.0	7808.0	1289.83	1940.33
-31650.0	7808.0	1288.73	1942.28
-31650.0	7808.0	1287.63	1960.07
-31650.0	7808.0	1286.52	1937.12
-31650.0	7808.0	1285.42	1889.3
-31650.0	7808.0	1284.31	1968.17
-31650.0	7808.0	1283.21	1945.24
-31650.0	7808.0	1282.1	1994.68
-31650.0	7808.0	1280.99	1987.57
-31650.0	7808.0	1279.89	1984.99
-31650.0	7808.0	1278.78	1826.44
-31650.0	7808.0	1277.68	1893.94
-31650.0	7808.0	1276.57	1886.86
-31650.0	7808.0	1275.46	1920.44
-31650.0	7808.0	1274.36	1981.13
-31650.0	7808.0	1273.25	1996.61
-31650.0	7808.0	1272.14	1962.42
-31650.0	7808.0	1271.04	1828.88
-31650.0	7808.0	1269.93	1952.75
-31650.0	7808.0	1268.82	1893.75
-31650.0	7808.0	1267.71	2008.54
-31650.0	7808.0	1266.61	1902.16
-31650.0	7808.0	1265.5	1926.67
-31650.0	7808.0	1264.39	1935.38
-31650.0	7808.0	1263.28	1903.49
-31650.0	7808.0	1262.17	1925.73
-31650.0	7808.0	1261.06	1925.42
-31650.0	7808.0	1259.95	1877.76
-31650.0	7808.0	1258.84	1843.65
-31650.0	7808.0	1257.74	1847.86
-31650.0	7808.0	1256.63	1935.43
-31650.0	7808.0	1255.52	1901.32
-31650.0	7808.0	1254.41	1907.77
-31650.0	7808.0	1253.3	1972.77
-31650.0	7808.0	1252.19	1976.95
-31650.0	7808.0	1251.08	1938.35
-31650.0	7808.0	1249.96	1967.3
-31650.0	7808.0	1248.85	1944.47
-31650.0	7808.0	1247.74	1869.9
-31650.0	7808.0	1246.63	1892.09
-31650.0	7808.0	1245.52	1930.02
-31650.0	7808.0	1244.41	1884.73
-31650.0	7808.0	1243.3	1859.68
-31650.0	7808.0	1242.18	1884.11
-31650.0	7808.0	1241.07	1877.06
-31650.0	7808.0	1239.96	1876.75
-31650.0	7808.0	1238.85	1844.98
-31650.0	7808.0	1237.74	1842.43
-31650.0	7808.0	1236.62	1900.54
-31650.0	7808.0	1235.51	1927.18
-31650.0	7808.0	1234.4	1899.91
-31650.0	7808.0	1233.28	1868.17
-31650.0	7808.0	1232.17	1903.78
-31650.0	7808.0	1231.06	1903.47
-31650.0	7808.0	1229.94	1907.64
-31650.0	7808.0	1228.83	1862.45
-31650.0	7808.0	1227.71	1931.69
-31650.0	7808.0	1226.6	1873.05
-31650.0	7808.0	1225.48	1883.96
-31650.0	7808.0	1224.37	1888.13
-31650.0	7808.0	1223.25	1950.6
-31650.0	7808.0	1222.14	1930.1
-31650.0	7808.0	1221.02	1819.96
-31650.0	7808.0	1219.91	1889.13
-31650.0	7808.0	1218.79	1828.32
-31650.0	7808.0	1217.68	1841.46
-31650.0	7808.0	1216.56	1841.16
-31650.0	7808.0	1215.44	1923.71
-31650.0	7808.0	1214.33	1851.74
-31650.0	7808.0	1213.21	1833.53
-31650.0	7808.0	1212.09	1828.75
-31650.0	7808.0	1210.98	1879.92
-31650.0	7808.0	1209.86	1879.61
-31650.0	7808.0	1208.74	1926.28
-31650.0	7808.0	1207.62	1905.83
-31650.0	7808.0	1206.51	1831.71
-31650.0	7808.0	1205.39	1809.04
-31650.0	7808.0	1204.27	1828.86
-31650.0	7808.0	1203.15	1915.74
-31650.0	7808.0	1202.03	1904.25
-31650.0	7808.0	1200.91	1865.94
-31650.0	7808.0	1199.8	1767.32
-31650.0	7808.0	1198.68	1791.6
-31650.0	7808.0	1197.56	1786.84
-31650.0	7808.0	1196.44	1835.67
-31650.0	7808.0	1195.32	1754.98
-31650.0	7808.0	1194.2	1803.8
-31650.0	7808.0	1193.08	1716.45
-31650.0	7808.0	1191.96	1749.64
-31650.0	7808.0	1190.84	1840.83
-31650.0	7808.0	1189.72	1862.84
-31650.0	7808.0	1188.6	1846.91
-31650.0	7808.0	1187.48	1855.52
-31650.0	7808.0	1186.35	1926.57
-31650.0	7808.0	1185.23	1886.11
-31650.0	7808.0	1184.11	1678.5
-31650.0	7808.0	1182.99	1791.88
-31650.0	7808.0	1181.87	1813.86
-31650.0	7808.0	1180.75	1860.35
-31650.0	7808.0	1179.62	1788.75
-31650.0	7808.0	1178.5	1752.82
-31650.0	7808.0	1177.38	1852.73
-31650.0	7808.0	1176.26	1919.21
-31650.0	7808.0	1175.13	1820.94
-31650.0	7808.0	1174.01	1818.41
-31650.0	7808.0	1172.89	1842.59
-31650.0	7808.0	1171.76	1802.23
-31650.0	7808.0	1170.64	1841.97
-31650.0	7808.0	1169.51	1870.57
-31650.0	7808.0	1168.39	1876.93
-31650.0	7808.0	1167.27	1787.67
-31650.0	7808.0	1166.14	1705.12
-31650.0	7808.0	1165.02	1818.19
-31650.0	7808.0	1163.89	1766.77
-31650.0	7808.0	1162.77	1835.35
-31650.0	7808.0	1161.64	1799.5
-31650.0	7808.0	1160.52	1799.2
-31650.0	7808.0	1159.39	1792.23
-31650.0	7808.0	1158.26	1811.91
-31650.0	7808.0	1157.14	1762.76
-31650.0	7808.0	1156.01	1880.11
-31650.0	7808.0	1154.88	1771.04
-31650.0	7808.0	1153.76	1799.59
-31650.0	7808.0	1152.63	1834.79
-31650.0	7808.0	1151.5	1850.0
-31650.0	7808.0	1150.38	1847.47
-31650.0	7808.0	1149.25	1800.59
-31650.0	7808.0	1148.12	1791.42
-31650.0	7808.0	1146.99	1804.41
-31650.0	7808.0	1145.87	1832.92
-31650.0	7808.0	1144.74	1850.34
-31650.0	7808.0	1143.61	1792.42
-31650.0	7808.0	1142.48	1769.96
-31650.0	7808.0	1141.35	1778.52
-31650.0	7808.0	1140.22	1751.65
-31650.0	7808.0	1139.09	1729.21
-31650.0	7808.0	1137.97	1777.61
-31650.0	7808.0	1136.84	1810.51
-31650.0	7808.0	1135.71	1783.65
-31650.0	7808.0	1134.58	1736.88
-31650.0	7808.0	1133.45	1705.61
-31650.0	7808.0	1132.32	1720.81
-31650.0	7808.0	1131.19	1811.18
-31650.0	7808.0	1130.05	1824.14
-31650.0	7808.0	1128.92	1768.56
-31650.0	7808.0	1127.79	1752.79
-31650.0	7808.0	1126.66	1734.81
-31650.0	7808.0	1125.53	1710.21
-31650.0	7808.0	1124.4	1760.73
-31650.0	7808.0	1123.27	1793.56
-31650.0	7808.0	1122.13	1784.42
-31650.0	7808.0	1121.0	1788.53
-31650.0	7808.0	1119.87	1675.63
-31650.0	7808.0	1118.74	1765.84
-31650.0	7808.0	1117.6	1754.5
-31650.0	7808.0	1116.47	1743.17
-31650.0	7808.0	1115.34	1809.06
-31650.0	7808.0	1114.2	1780.07
-31650.0	7808.0	1113.07	1779.77
-31650.0	7808.0	1111.94	1772.85
-31650.0	7808.0	1110.8	1816.63
-31650.0	7808.0	1109.67	1778.85
-31650.0	7808.0	1108.54	1793.97
-31650.0	7808.0	1107.4	1767.22
-31650.0	7808.0	1106.27	1696.42
-31650.0	7808.0	1105.13	1718.15
-31650.0	7808.0	1104.0	1728.87
-31650.0	7808.0	1102.86	1732.97
-31650.0	7808.0	1101.72	1789.92
-31650.0	7808.0	1100.59	1675.14
-31650.0	7808.0	1099.45	1747.48
-31650.0	7808.0	1098.32	1784.59
-31650.0	7808.0	1097.18	1826.08
-31650.0	7808.0	1096.04	1790.57
-31650.0	7808.0	1094.91	1807.86
-31650.0	7808.0	1093.77	1739.38
-31650.0	7808.0	1092.63	1816.03
-31650.0	7808.0	1091.5	1769.55
-31650.0	7808.0	1090.36	1780.23
-31650.0	7808.0	1089.22	1650.28
-31650.0	7808.0	1088.08	1724.69
-31650.0	7808.0	1086.95	1761.74
-31650.0	7808.0	1085.81	1715.31
-31650.0	7808.0	1084.67	1767.71
-31650.0	7808.0	1083.53	1802.53
-31650.0	7808.0	1082.39	1699.05
-31650.0	7808.0	1081.25	1716.31
-31650.0	7808.0	1080.11	1748.93
-31650.0	7808.0	1078.97	1801.28
-31650.0	7808.0	1077.83	1779.03
-31650.0	7808.0	1076.69	1785.3
-31650.0	7808.0	1075.55	1743.33
-31650.0	7808.0	1074.41	1718.91
-31650.0	7808.0	1073.27	1683.53
-31650.0	7808.0	1072.13	1742.42
-31650.0	7808.0	1070.99	1755.26
-31650.0	7808.0	1069.85	1765.91
-31650.0	7808.0	1068.71	1667.03
-31650.0	7808.0	1067.57	1719.3
-31650.0	7808.0	1066.43	1714.62
-31650.0	7808.0	1065.28	1755.92
-31650.0	7808.0	1064.14	1729.35
-31650.0	7808.0	1063.0	1661.2
-31650.0	7808.0	1061.86	1628.08
-31650.0	7808.0	1060.71	1798.45
-31650.0	7808.0	1059.57	1754.39
-31650.0	7808.0	1058.43	1740.96
-31650.0	7808.0	1057.29	1755.96
-31650.0	7808.0	1056.14	1716.3
-31650.0	7808.0	1055.0	1737.86
-31650.0	7808.0	1053.85	1650.13
-31650.0	7808.0	1052.71	1732.88
-31650.0	7808.0	1051.57	1769.71
-31650.0	7808.0	1050.42	1714.79
-31650.0	7808.0	1049.28	1679.55
-31650.0	7808.0	1048.13	1736.03
-31650.0	7808.0	1046.99	1709.52
-31650.0	7808.0	1045.84	1680.84
-31650.0	7808.0	1044.7	1682.73
-31650.0	7808.0	1043.55	1809.0
-31650.0	7808.0	1042.4	1712.68
-31650.0	7808.0	1041.26	1725.47
-31650.0	7808.0	1040.11	1712.08
-31650.0	7808.0	1038.97	1742.3
-31650.0	7808.0	1037.82	1750.72
-31650.0	7808.0	1036.67	1713.35
-31650.0	7808.0	1035.53	1710.87
-31650.0	7808.0	1034.38	1730.18
-31650.0	7808.0	1033.23	1771.27
-31650.0	7808.0	1032.08	1757.89
-31650.0	7808.0	1030.94	1788.07
-31650.0	7808.0	1029.79	1770.33
-31650.0	7808.0	1028.64	1780.9
-31650.0	7808.0	1027.49	1721.81
-31650.0	7808.0	1026.34	1778.1
-31650.0	7808.0	1025.19	1840.88
-31650.0	7808.0	1024.04	1847.08
-31650.0	7808.0	1022.89	1770.62
-31650.0	7808.0	1021.74	1815.98
-31650.0	7808.0	1020.59	1735.2
-31650.0	7808.0	1019.45	1676.2
-31650.0	7808.0	1018.29	1795.45
-31650.0	7808.0	1017.14	1788.61
-31650.0	7808.0	1015.99	1768.74
-31650.0	7808.0	1014.84	1798.84
-31650.0	7808.0	1013.69	1844.13
-31650.0	7808.0	1012.54	1793.86
-31650.0	7808.0	1011.39	1806.56
-31650.0	7808.0	1010.24	1823.61
-31650.0	7808.0	1009.09	1790.73
-31650.0	7808.0	1007.93	1757.85
-31650.0	7808.0	1006.78	1855.18
-31650.0	7808.0	1005.63	1917.76
-31650.0	7808.0	1004.48	1908.75
-31650.0	7808.0	1003.32	1830.33
-31650.0	7808.0	1002.17	1847.35
-31650.0	7808.0	1001.02	1903.39
-31650.0	7808.0	999.865	1855.36
-31650.0	7808.0	998.711	1883.2
-31650.0	7808.0	997.558	1902.37
-31650.0	7808.0	996.403	1850.03
-31650.0	7808.0	995.249	1828.04
-31650.0	7808.0	994.095	1875.36
-31650.0	7808.0	992.94	1931.31
-31650.0	7808.0	991.785	1928.8
-31650.0	7808.0	990.63	1967.42
-31650.0	7808.0	989.475	1951.92
-31650.0	7808.0	988.319	1942.91
-31650.0	7808.0	987.164	2072.35
-31650.0	7808.0	986.008	2026.56
-31650.0	7808.0	984.852	1987.27
-31650.0	7808.0	983.695	2004.21
-31650.0	7808.0	982.539	2109.77
-31650.0	7808.0	981.382	2122.36
-31650.0	7808.0	980.225	2126.3
-31650.0	7808.0	979.068	2104.31
-31650.0	7808.0	977.911	2060.73
-31650.0	7808.0	976.753	2092.76
-31650.0	7808.0	975.595	2088.06
-31650.0	7808.0	974.437	2029.39
-31650.0	7808.0	973.279	2160.7
-31650.0	7808.0	972.121	2061.03
-31650.0	7808.0	970.962	2077.92
-31650.0	7808.0	969.803	2183.26
-31650.0	7808.0	968.644	2085.8
-31650.0	7808.0	967.485	2165.22
-31650.0	7808.0	966.326	2188.54
-31650.0	7808.0	965.166	2147.19
-31650.0	7808.0	964.006	2075.67
-31650.0	7808.0	962.846	2150.72
-31650.0	7808.0	961.686	2033.98
-31650.0	7808.0	960.525	2162.86
-31650.0	7808.0	959.365	2121.55
-31650.0	7808.0	958.204	2157.77
-31650.0	7808.0	957.043	2144.46
-31650.0	7808.0	955.881	2103.17
-31650.0	7808.0	954.72	2143.68
-31650.0	7808.0	953.558	2154.05
-31650.0	7808.0	952.396	2226.81
-31650.0	7808.0	951.234	2232.86
-31650.0	7808.0	950.071	2176.54
-31650.0	7808.0	948.909	2103.03
-31650.0	7808.0	947.746	2119.84
-31650.0	7808.0	946.583	2153.85
-31650.0	7808.0	945.42	2189.99
-31650.0	7808.0	944.256	2150.92
-31650.0	7808.0	943.092	2172.01
-31650.0	7808.0	941.929	2167.32
-31650.0	7808.0	940.765	2177.66
-31650.0	7808.0	939.6	2160.08
-31650.0	7808.0	938.436	2093.14
-31650.0	7808.0	937.271	2058.41
-31650.0	7808.0	936.106	2105.25
-31650.0	7808.0	934.941	2132.76
-31650.0	7808.0	933.775	2010.09
-31650.0	7808.0	932.61	2056.91
-31650.0	7808.0	931.444	1996.49
-31650.0	7808.0	930.278	2051.87
-31650.0	7808.0	929.112	2034.34
-31650.0	7808.0	927.945	1920.37
-31650.0	7808.0	926.779	1926.45
-31650.0	7808.0	925.612	1945.38
-31650.0	7808.0	924.445	1919.32
-31650.0	7808.0	923.278	1899.69
-31650.0	7808.0	922.11	1946.45
-31650.0	7808.0	920.942	1898.99
-31650.0	7808.0	919.774	1975.7
-31650.0	7808.0	918.606	1844.79
-31650.0	7808.0	917.438	1895.8
-31650.0	7808.0	916.269	1863.36
-31650.0	7808.0	915.1	1805.27
-31650.0	7808.0	913.931	1839.15
-31650.0	7808.0	912.762	1746.87
-31650.0	7808.0	911.593	1791.44
-31650.0	7808.0	910.423	1831.72
-31650.0	7808.0	909.253	1820.7
-31650.0	7808.0	908.083	1824.64
-31650.0	7808.0	906.913	1781.58
-31650.0	7808.0	905.742	1779.11
-31650.0	7808.0	904.572	1733.94
-31650.0	7808.0	903.401	1690.92
-31650.0	7808.0	902.229	1863.51
-31650.0	7808.0	901.058	1826.88
-31650.0	7808.0	899.886	1747.59
-31650.0	7808.0	898.715	1757.94
-31650.0	7808.0	897.543	1704.29
-31650.0	7808.0	896.37	1708.24
-31650.0	7808.0	895.198	1737.77
-31650.0	7808.0	894.025	1760.9
-31650.0	7808.0	892.852	1794.68
-31650.0	7808.0	891.679	1715.49
-31650.0	7808.0	890.506	1770.57
-31650.0	7808.0	889.332	1736.16
-31650.0	7808.0	888.158	1733.71
-31650.0	7808.0	886.984	1692.92
-31650.0	7808.0	885.81	1718.16
-31650.0	7808.0	884.636	1760.41
-31650.0	7808.0	883.461	1760.08
-31650.0	7808.0	882.286	1715.07
-31650.0	7808.0	881.111	1689.22
-31650.0	7808.0	879.936	1803.77
-31650.0	7808.0	878.76	1733.25
-31650.0	7808.0	877.584	1696.78
-31650.0	7808.0	876.408	1764.49
-31650.0	7808.0	875.232	1732.28
-31650.0	7808.0	874.056	1663.96
-31650.0	7808.0	872.879	1723.14
-31650.0	7808.0	871.702	1720.69
-31650.0	7808.0	870.525	1741.61
-31650.0	7808.0	869.348	1734.91
-31650.0	7808.0	868.17	1683.63
-31650.0	7808.0	866.993	1732.14
-31650.0	7808.0	865.815	1706.35
-31650.0	7808.0	864.637	1746.35
-31650.0	7808.0	863.458	1720.56
-31650.0	7808.0	862.28	1650.24
-31650.0	7808.0	861.101	1630.84
-31650.0	7808.0	859.922	1634.78
-31650.0	7808.0	858.742	1678.99
-31650.0	7808.0	857.563	1731.66
-31650.0	7808.0	856.383	1727.1
-31650.0	7808.0	855.203	1690.76
-31650.0	7808.0	854.023	1709.5
-31650.0	7808.0	852.843	1683.77
-31650.0	7808.0	851.662	1687.69
-31650.0	7808.0	850.481	1655.61
-31650.0	7808.0	849.3	1695.52
-31650.0	7808.0	848.119	1654.99
-31650.0	7808.0	846.937	1677.95
-31650.0	7808.0	845.756	1612.05
-31650.0	7808.0	844.574	1715.39
-31650.0	7808.0	843.392	1761.59
-31650.0	7808.0	842.209	1678.8
-31650.0	7808.0	841.027	1727.11
-31650.0	7808.0	839.844	1678.17
-31650.0	7808.0	838.661	1644.04
-31650.0	7808.0	837.477	1694.44
-31650.0	7808.0	836.294	1746.92
-31650.0	7808.0	835.11	1723.36
-31650.0	7808.0	833.926	1754.71
-31650.0	7808.0	832.742	1786.05
-31650.0	7808.0	831.558	1713.94
-31650.0	7808.0	830.373	1719.95
-31650.0	7808.0	829.188	1728.06
-31650.0	7808.0	828.003	1715.08
-31650.0	7808.0	826.818	1706.31
-31650.0	7808.0	825.632	1670.14
-31650.0	7808.0	824.446	1674.04
-31650.0	7808.0	823.26	1726.42
-31650.0	7808.0	822.074	1696.59
-31650.0	7808.0	820.888	1742.63
-31650.0	7808.0	819.701	1729.65
-31650.0	7808.0	818.514	1691.41
-31650.0	7808.0	817.327	1733.21
-31650.0	7808.0	816.14	1734.98
-31650.0	7808.0	814.952	1724.13
-31650.0	7808.0	813.765	1679.6
-31650.0	7808.0	812.577	1658.24
-31650.0	7808.0	811.388	1695.79
-31650.0	7808.0	810.2	1714.4
-31650.0	7808.0	809.011	1688.84
-31650.0	7808.0	807.822	1665.38
-31650.0	7808.0	806.633	1721.83
-31650.0	7808.0	805.444	1715.19
-31650.0	7808.0	804.254	1618.2
-31650.0	7808.0	803.064	1619.99
-31650.0	7808.0	801.874	1705.81
-31650.0	7808.0	800.684	1646.67
-31650.0	7808.0	799.493	1696.76
-31650.0	7808.0	798.303	1704.83
-31650.0	7808.0	797.112	1700.31
-31650.0	7808.0	795.921	1693.68
-31650.0	7808.0	794.729	1703.85
-31650.0	7808.0	793.538	1747.58
-31650.0	7808.0	792.346	1652.86
-31650.0	7808.0	791.154	1654.64
-31650.0	7808.0	789.961	1744.48
-31650.0	7808.0	788.769	1727.37
-31650.0	7808.0	787.576	1697.7
-31650.0	7808.0	786.383	1680.61
-31650.0	7808.0	785.19	1678.19
-31650.0	7808.0	783.996	1679.96
-31650.0	7808.0	782.802	1600.06
-31650.0	7808.0	781.608	1677.22
-31650.0	7808.0	780.414	1674.81
-31650.0	7808.0	779.22	1699.6
-31650.0	7808.0	778.025	1709.74
-31650.0	7808.0	776.83	1644.55
-31650.0	7808.0	775.635	1719.54
-31650.0	7808.0	774.44	1585.35
-31650.0	7808.0	773.244	1633.14
-31650.0	7808.0	772.049	1733.18
-31650.0	7808.0	770.853	1651.33
-31650.0	7808.0	769.656	1699.08
-31650.0	7808.0	768.46	1728.0
-31650.0	7808.0	767.263	1685.88
-31650.0	7808.0	766.066	1714.8
-31650.0	7808.0	764.869	1649.73
-31650.0	7808.0	763.672	1632.71
-31650.0	7808.0	762.474	1701.28
-31650.0	7808.0	761.276	1609.12
-31650.0	7808.0	760.078	1608.81
-31650.0	7808.0	758.88	1748.28
-31650.0	7808.0	757.681	1689.54
-31650.0	7808.0	756.483	1637.07
-31650.0	7808.0	755.284	1699.31
-31650.0	7808.0	754.084	1759.43
-31650.0	7808.0	752.885	1663.22
-31650.0	7808.0	751.685	1735.83
-31650.0	7808.0	750.485	1689.65
-31650.0	7808.0	749.285	1606.01
-31650.0	7808.0	748.085	1699.41
-31650.0	7808.0	746.884	1705.33
-31650.0	7808.0	745.683	1677.93
-31650.0	7808.0	744.482	1712.99
-31650.0	7808.0	743.281	1596.12
-31650.0	7808.0	742.079	1676.95
-31650.0	7808.0	740.877	1720.31
-31650.0	7808.0	739.675	1678.38
-31650.0	7808.0	738.473	1684.29
-31650.0	7808.0	737.27	1615.36
-31650.0	7808.0	736.068	1602.57
-31650.0	7808.0	734.865	1677.07
-31650.0	7808.0	733.661	1714.15
-31650.0	7808.0	732.458	1607.87
-31650.0	7808.0	731.254	1613.78
-31650.0	7808.0	730.05	1665.38
-31650.0	7808.0	728.846	1592.39
-31650.0	7808.0	727.642	1635.67
-31650.0	7808.0	726.437	1676.86
-31650.0	7808.0	725.232	1674.46
-31650.0	7808.0	724.027	1647.16
-31650.0	7808.0	722.822	1644.76
-31650.0	7808.0	721.616	1609.19
-31650.0	7808.0	720.41	1681.44
-31650.0	7808.0	719.204	1726.71
-31650.0	7808.0	717.998	1722.23
-31650.0	7808.0	716.791	1655.59
-31650.0	7808.0	715.585	1642.83
-31650.0	7808.0	714.378	1903.49
-31650.0	7808.0	713.17	1778.86
-31650.0	7808.0	711.963	1668.78
-31650.0	7808.0	710.755	1703.64
-31650.0	7808.0	709.547	1668.12
-31650.0	7808.0	708.339	1707.11
-31650.0	7808.0	707.131	1702.64
-31650.0	7808.0	705.922	1706.44
-31650.0	7808.0	704.713	1687.49
-31650.0	7808.0	703.504	1734.72
-31650.0	7808.0	702.295	1690.96
-31650.0	7808.0	701.085	1669.96
-31650.0	7808.0	699.875	1686.17
-31650.0	7808.0	698.665	1698.23
-31650.0	7808.0	697.455	1681.37
-31650.0	7808.0	696.244	1674.84
-31650.0	7808.0	695.034	1722.0
-31650.0	7808.0	693.822	1684.51
-31650.0	7808.0	692.611	1692.43
-31650.0	7808.0	691.4	1747.81
-31650.0	7808.0	690.188	1716.52
-31650.0	7808.0	688.976	1691.43
-31650.0	7808.0	687.764	1653.97
-31650.0	7808.0	686.551	1721.69
-31650.0	7808.0	685.339	1801.74
-31650.0	7808.0	684.126	1797.27
-31650.0	7808.0	682.912	1838.12
-31650.0	7808.0	681.699	1759.47
-31650.0	7808.0	680.485	1763.24
-31650.0	7808.0	679.271	1750.54
-31650.0	7808.0	678.057	1851.08
-31650.0	7808.0	676.843	1751.9
-31650.0	7808.0	675.628	1784.48
-31650.0	7808.0	674.413	1771.78
-31650.0	7808.0	673.198	1771.43
-31650.0	7808.0	671.983	1814.28
-31650.0	7808.0	670.767	1774.84
-31650.0	7808.0	669.551	1776.55
-31650.0	7808.0	668.335	1804.97
-31650.0	7808.0	667.119	1798.45
-31650.0	7808.0	665.902	1771.38
-31650.0	7808.0	664.686	1801.84
-31650.0	7808.0	663.469	1877.49
-31650.0	7808.0	662.251	1803.18
-31650.0	7808.0	661.034	1827.46
-31650.0	7808.0	659.816	1888.69
-31650.0	7808.0	658.598	1837.0
-31650.0	7808.0	657.38	1803.8
-31650.0	7808.0	656.161	1772.66
-31650.0	7808.0	654.942	1790.77
-31650.0	7808.0	653.723	1823.23
-31650.0	7808.0	652.504	1808.51
-31650.0	7808.0	651.285	1795.85
-31650.0	7808.0	650.065	1840.58
-31650.0	7808.0	648.845	1754.15
-31650.0	7808.0	647.625	1794.78
-31650.0	7808.0	646.404	1788.27
-31650.0	7808.0	645.184	1851.4
-31650.0	7808.0	643.963	1891.98
-31650.0	7808.0	642.742	1785.15
-31650.0	7808.0	641.52	1764.33
-31650.0	7808.0	640.298	1835.6
-31650.0	7808.0	639.076	1829.09
-31650.0	7808.0	637.854	1892.14
-31650.0	7808.0	636.632	1807.91
-31650.0	7808.0	635.409	1811.64
-31650.0	7808.0	634.186	1835.81
-31650.0	7808.0	632.963	1815.0
-31650.0	7808.0	631.74	1843.24
-31650.0	7808.0	630.516	1836.74
-31650.0	7808.0	629.292	1873.14
-31650.0	7808.0	628.068	1864.6
-31650.0	7808.0	626.844	1815.22
-31650.0	7808.0	625.619	1774.03
-31650.0	7808.0	624.394	1834.9
-31650.0	7808.0	623.169	1928.4
-31650.0	7808.0	621.944	1895.37
-31650.0	7808.0	620.718	1886.83
-31650.0	7808.0	619.492	1857.9
-31650.0	7808.0	618.266	1892.19
-31650.0	7808.0	617.04	1849.0
-31650.0	7808.0	615.813	1856.78
-31650.0	7808.0	614.587	1840.1
-31650.0	7808.0	613.36	1853.99
-31650.0	7808.0	612.132	1886.21
-31650.0	7808.0	610.905	1851.21
-31650.0	7808.0	609.677	1799.93
-31650.0	7808.0	608.449	1838.25
-31650.0	7808.0	607.22	1870.44
-31650.0	7808.0	605.992	1829.37
-31650.0	7808.0	604.763	1871.72
-31650.0	7808.0	603.534	1851.0
-31650.0	7808.0	602.305	1834.36
-31650.0	7808.0	601.075	1833.99
-31650.0	7808.0	599.845	1882.41
-31650.0	7808.0	598.615	1827.15
-31650.0	7808.0	597.385	1869.45
-31650.0	7808.0	596.154	1850.79
-31650.0	7808.0	594.924	1836.2
-31650.0	7808.0	593.693	1815.52
-31650.0	7808.0	592.461	1861.85
-31650.0	7808.0	591.23	1837.11
-31650.0	7808.0	589.998	1775.86
-31650.0	7808.0	588.766	1795.79
-31650.0	7808.0	587.534	1829.91
-31650.0	7808.0	586.301	1813.31
-31650.0	7808.0	585.068	1857.56
-31650.0	7808.0	583.835	1822.72
-31650.0	7808.0	582.602	1840.59
-31650.0	7808.0	581.368	1809.82
-31650.0	7808.0	580.134	1892.53
-31650.0	7808.0	578.9	1918.48
-31650.0	7808.0	577.666	1808.71
-31650.0	7808.0	576.432	1820.5
-31650.0	7808.0	575.197	1840.37
-31650.0	7808.0	573.962	1805.59
-31650.0	7808.0	572.726	1890.22
-31650.0	7808.0	571.491	1841.27
-31650.0	7808.0	570.255	1840.9
-31650.0	7808.0	569.019	1800.07
-31650.0	7808.0	567.783	1828.02
-31650.0	7808.0	566.546	1855.95
-31650.0	7808.0	565.309	1825.25
-31650.0	7808.0	564.072	1865.3
-31650.0	7808.0	562.835	1870.98
-31650.0	7808.0	561.597	1860.5
-31650.0	7808.0	560.359	1953.02
-31650.0	7808.0	559.121	1970.8
-31650.0	7808.0	557.883	1905.79
-31650.0	7808.0	556.644	1937.7
-31650.0	7808.0	555.406	1935.28
-31650.0	7808.0	554.167	1928.84
-31650.0	7808.0	552.927	1997.03
-31650.0	7808.0	551.688	2065.19
-31650.0	7808.0	550.448	2038.55
-31650.0	7808.0	549.208	2046.2
-31650.0	7808.0	547.967	2088.11
-31650.0	7808.0	546.727	2125.97
-31650.0	7808.0	545.486	2053.0
-31650.0	7808.0	544.245	2102.94
-31650.0	7808.0	543.003	2241.47
-31650.0	7808.0	541.762	2190.67
-31650.0	7808.0	540.52	2363.35
-31650.0	7808.0	539.278	2278.33
-31650.0	7808.0	538.035	2487.14
-31650.0	7808.0	536.793	2575.15
-31650.0	7808.0	535.55	2697.32
-31650.0	7808.0	534.307	2783.24
-31650.0	7808.0	533.063	3068.18
-31650.0	7808.0	531.82	3294.7
-31650.0	7808.0	530.576	3647.74
-31650.0	7808.0	529.331	4193.54
-31650.0	7808.0	528.087	4960.1
-31650.0	7808.0	526.842	5953.3
-31650.0	7808.0	525.597	7482.27
-31650.0	7808.0	524.352	9934.15
-31650.0	7808.0	523.107	14161.5
-31650.0	7808.0	521.861	20703.0
-31650.0	7808.0	520.615	24174.0
-31650.0	7808.0	519.369	21735.7
-31650.0	7808.0	518.122	18301.5
-31650.0	7808.0	516.876	15135.5
-31650.0	7808.0	515.629	12939.1
-31650.0	7808.0	514.381	11208.6
-31650.0	7808.0	513.134	9709.36
-31650.0	7808.0	511.886	8559.3
-31650.0	7808.0	510.638	7826.38
-31650.0	7808.0	509.39	7225.94
-31650.0	7808.0	508.141	6697.84
-31650.0	7808.0	506.892	6318.09
-31650.0	7808.0	505.643	6124.64
-31650.0	7808.0	504.394	5861.23
-31650.0	7808.0	503.145	5573.92
-31650.0	7808.0	501.895	5352.74
-31650.0	7808.0	500.645	5375.63
-31650.0	7808.0	499.394	5182.58
-31650.0	7808.0	498.144	5073.56
-31650.0	7808.0	496.893	5050.52
-31650.0	7808.0	495.642	4977.54
-31650.0	7808.0	494.39	4676.84
-31650.0	7808.0	493.139	4707.84
-31650.0	7808.0	491.887	4449.25
-31650.0	7808.0	490.635	4426.37
-31650.0	7808.0	489.382	4315.66
-31650.0	7808.0	488.13	4187.04
-31650.0	7808.0	486.877	4114.35
-31650.0	7808.0	485.623	4045.67
-31650.0	7808.0	484.37	3988.98
-31650.0	7808.0	483.116	3862.53
-31650.0	7808.0	481.862	3885.65
-31650.0	7808.0	480.608	3876.87
-31650.0	7808.0	479.354	3862.12
-31650.0	7808.0	478.099	3779.63
-31650.0	7808.0	476.844	3752.95
-31650.0	7808.0	475.588	3696.4
-31650.0	7808.0	474.333	3643.87
-31650.0	7808.0	473.077	3501.76
-31650.0	7808.0	471.821	3590.6
-31650.0	7808.0	470.565	3544.09
-31650.0	7808.0	469.308	3431.94
-31650.0	7808.0	468.051	3403.38
-31650.0	7808.0	466.794	3370.85
-31650.0	7808.0	465.537	3372.14
-31650.0	7808.0	464.279	3228.31
-31650.0	7808.0	463.021	3237.57
-31650.0	7808.0	461.763	3300.49
-31650.0	7808.0	460.505	3224.31
-31650.0	7808.0	459.246	3183.91
-31650.0	7808.0	457.987	3078.0
-31650.0	7808.0	456.728	3117.07
-31650.0	7808.0	455.469	3005.26
-31650.0	7808.0	454.209	3113.78
-31650.0	7808.0	452.949	2916.7
-31650.0	7808.0	451.689	2836.75
-31650.0	7808.0	450.428	2909.54
-31650.0	7808.0	449.167	2879.19
-31650.0	7808.0	447.906	2886.52
-31650.0	7808.0	446.645	2889.88
-31650.0	7808.0	445.383	2847.66
-31650.0	7808.0	444.122	2862.92
-31650.0	7808.0	442.86	2783.08
-31650.0	7808.0	441.597	2788.44
-31650.0	7808.0	440.335	2736.38
-31650.0	7808.0	439.072	2844.69
-31650.0	7808.0	437.809	2749.09
-31650.0	7808.0	436.545	2780.18
-31650.0	7808.0	435.281	2708.37
-31650.0	7808.0	434.018	2717.7
-31650.0	7808.0	432.753	2812.05
-31650.0	7808.0	431.489	2698.77
-31650.0	7808.0	430.224	2662.62
-31650.0	7808.0	428.959	2745.07
-31650.0	7808.0	427.694	2629.89
-31650.0	7808.0	426.428	2617.49
-31650.0	7808.0	425.163	2650.52
-31650.0	7808.0	423.896	2620.34
-31650.0	7808.0	422.63	2602.02
-31650.0	7808.0	421.364	2680.43
-31650.0	7808.0	420.097	2658.16
-31650.0	7808.0	418.83	2712.85
-31650.0	7808.0	417.562	2599.84
-31650.0	7808.0	416.295	2636.77
-31650.0	7808.0	415.027	2600.72
-31650.0	7808.0	413.758	2582.44
-31650.0	7808.0	412.49	2528.68
-31650.0	7808.0	411.221	2555.74
-31650.0	7808.0	409.952	2616.27
-31650.0	7808.0	408.683	2568.45
-31650.0	7808.0	407.414	2526.56
-31650.0	7808.0	406.144	2573.28
-31650.0	7808.0	404.874	2547.15
-31650.0	7808.0	403.603	2458.05
-31650.0	7808.0	402.333	2489.02
-31650.0	7808.0	401.062	2553.41
-31650.0	7808.0	399.791	2578.44
-31650.0	7808.0	398.519	2581.83
-31650.0	7808.0	397.248	2595.05
-31650.0	7808.0	395.976	2529.64
-31650.0	7808.0	394.704	2485.87
-31650.0	7808.0	393.431	2595.37
-31650.0	7808.0	392.159	2500.54
-31650.0	7808.0	390.886	2560.9
-31650.0	7808.0	389.612	2532.87
-31650.0	7808.0	388.339	2532.33
-31650.0	7808.0	387.065	2486.66
-31650.0	7808.0	385.791	2543.04
-31650.0	7808.0	384.517	2554.27
-31650.0	7808.0	383.242	2483.13
-31650.0	7808.0	381.967	2462.99
-31650.0	7808.0	380.692	2486.0
-31650.0	7808.0	379.417	2491.36
-31650.0	7808.0	378.141	2584.9
-31650.0	7808.0	376.865	2592.19
-31650.0	7808.0	375.589	2472.15
-31650.0	7808.0	374.312	2432.46
-31650.0	7808.0	373.035	2406.49
-31650.0	7808.0	371.758	2488.2
-31650.0	7808.0	370.481	2442.66
-31650.0	7808.0	369.204	2510.63
-31650.0	7808.0	367.926	2467.06
-31650.0	7808.0	366.648	2443.07
-31650.0	7808.0	365.369	2442.55
-31650.0	7808.0	364.091	2508.51
-31650.0	7808.0	362.812	2490.39
-31650.0	7808.0	361.532	2480.09
-31650.0	7808.0	360.253	2504.96
-31650.0	7808.0	358.973	2443.87
-31650.0	7808.0	357.693	2431.64
-31650.0	7808.0	356.413	2460.41
-31650.0	7808.0	355.132	2481.37
-31650.0	7808.0	353.852	2531.59
-31650.0	7808.0	352.571	2413.97
-31650.0	7808.0	351.289	2491.5
-31650.0	7808.0	350.008	2461.71
-31650.0	7808.0	348.726	2424.13
-31650.0	7808.0	347.444	2493.81
-31650.0	7808.0	346.161	2508.88
-31650.0	7808.0	344.878	2494.71
-31650.0	7808.0	343.595	2494.18
-31650.0	7808.0	342.312	2530.66
-31650.0	7808.0	341.029	2508.7
-31650.0	7808.0	339.745	2545.17
-31650.0	7808.0	338.461	2548.52
-31650.0	7808.0	337.176	2604.43
-31650.0	7808.0	335.892	2533.82
-31650.0	7808.0	334.607	2597.49
-31650.0	7808.0	333.322	2688.36
-31650.0	7808.0	332.036	2641.11
-31650.0	7808.0	330.75	2588.05
-31650.0	7808.0	329.464	2612.78
-31650.0	7808.0	328.178	2633.6
-31650.0	7808.0	326.892	2677.73
-31650.0	7808.0	325.605	2613.05
-31650.0	7808.0	324.318	2719.33
-31650.0	7808.0	323.03	2666.32
-31650.0	7808.0	321.743	2665.75
-31650.0	7808.0	320.455	2709.83
-31650.0	7808.0	319.167	2672.38
-31650.0	7808.0	317.878	2681.51
-31650.0	7808.0	316.59	2646.02
-31650.0	7808.0	315.301	2596.97
-31650.0	7808.0	314.011	2596.42
-31650.0	7808.0	312.722	2696.68
-31650.0	7808.0	311.432	2680.6
-31650.0	7808.0	310.142	2681.96
-31650.0	7808.0	308.851	2786.01
-31650.0	7808.0	307.561	2785.42
-31650.0	7808.0	306.27	2810.0
-31650.0	7808.0	304.979	2788.11
-31650.0	7808.0	303.687	2820.42
-31650.0	7808.0	302.395	2790.79
-31650.0	7808.0	301.103	2863.72
-31650.0	7808.0	299.811	2797.34
-31650.0	7808.0	298.519	2713.57
-31650.0	7808.0	297.226	2728.46
-31650.0	7808.0	295.933	2716.28
-31650.0	7808.0	294.639	2692.51
-31650.0	7808.0	293.345	2690.0
-31650.0	7808.0	292.052	2710.68
-31650.0	7808.0	290.757	2744.87
-31650.0	7808.0	289.463	2580.13
-31650.0	7808.0	288.168	2575.72
-31650.0	7808.0	286.873	2596.4
-31650.0	7808.0	285.578	2678.84
-31650.0	7808.0	284.282	2637.74
-31650.0	7808.0	282.986	2604.38
-31650.0	7808.0	281.69	2580.68
-31650.0	7808.0	280.393	2514.57
-31650.0	7808.0	279.097	2502.46
-31650.0	7808.0	277.8	2582.88
-31650.0	7808.0	276.502	2590.04
-31650.0	7808.0	275.205	2477.74
-31650.0	7808.0	273.907	2508.03
-31650.0	7808.0	272.609	2422.75
-31650.0	7808.0	271.311	2458.82
-31650.0	7808.0	270.012	2458.29
-31650.0	7808.0	268.713	2446.22
-31650.0	7808.0	267.414	2468.79
-31650.0	7808.0	266.114	2379.76
-31650.0	7808.0	264.814	2421.57
-31650.0	7808.0	263.514	2403.74
-31650.0	7808.0	262.214	2387.85
-31650.0	7808.0	260.913	2362.35
-31650.0	7808.0	259.613	2350.31
-31650.0	7808.0	258.311	2355.57
-31650.0	7808.0	257.01	2335.86
-31650.0	7808.0	255.708	2366.09
-31650.0	7808.0	254.406	2304.14
-31650.0	7808.0	253.104	2253.73
-31650.0	7808.0	251.801	2326.18
-31650.0	7808.0	250.499	2352.55
-31650.0	7808.0	249.195	2248.45
-31650.0	7808.0	247.892	2307.42
-31650.0	7808.0	246.588	2214.88
-31650.0	7808.0	245.284	2296.85
-31650.0	7808.0	243.98	2244.6
-31650.0	7808.0	242.676	2249.87
-31650.0	7808.0	241.371	2201.49
-31650.0	7808.0	240.066	2193.35
-31650.0	7808.0	238.76	2194.8
-31650.0	7808.0	237.455	2200.07
-31650.0	7808.0	236.149	2172.8
-31650.0	7808.0	234.843	2224.01
-31650.0	7808.0	233.536	2175.69
-31650.0	7808.0	232.229	2169.49
-31650.0	7808.0	230.922	2117.38
-31650.0	7808.0	229.615	2145.61
-31650.0	7808.0	228.307	2179.56
-31650.0	7808.0	227.0	2217.32
-31650.0	7808.0	225.691	2155.69
-31650.0	7808.0	224.383	2080.71
-31650.0	7808.0	223.074	2003.86
-31650.0	7808.0	221.765	2070.27
-31650.0	7808.0	220.456	2125.2
-31650.0	7808.0	219.146	2063.65
-31650.0	7808.0	217.836	2133.83
-31650.0	7808.0	216.526	2074.22
-31650.0	7808.0	215.216	2117.65
-31650.0	7808.0	213.905	2111.47
-31650.0	7808.0	212.594	2112.92
-31650.0	7808.0	211.283	2139.16
-31650.0	7808.0	209.971	2085.33
-31650.0	7808.0	208.66	2079.16
-31650.0	7808.0	207.348	2147.31
-31650.0	7808.0	206.035	2133.51
-31650.0	7808.0	204.722	2077.82
-31650.0	7808.0	203.409	2157.35
-31650.0	7808.0	202.096	2122.62
-31650.0	7808.0	200.783	2127.87
-31650.0	7808.0	199.469	2163.57
-31650.0	7808.0	198.155	2166.91
-31650.0	7808.0	196.84	2156.93
-31650.0	7808.0	195.526	2261.06
-31650.0	7808.0	194.211	2266.27
-31650.0	7808.0	192.896	2317.11
-31650.0	7808.0	191.58	2438.24
-31650.0	7808.0	190.264	2331.31
-31650.0	7808.0	188.948	2254.83
-31650.0	7808.0	187.632	2166.98
-31650.0	7808.0	186.315	2253.85
-31650.0	7808.0	184.998	2291.34
-31650.0	7808.0	183.681	2235.8
-31650.0	7808.0	182.364	2294.15
-31650.0	7808.0	181.046	2306.93
-31650.0	7808.0	179.728	2226.77
-31650.0	7808.0	178.41	2302.14
-31650.0	7808.0	177.091	2218.23
-31650.0	7808.0	175.772	2310.63
-31650.0	7808.0	174.453	2361.3
-31650.0	7808.0	173.133	2243.32
-31650.0	7808.0	171.814	2326.19
-31650.0	7808.0	170.494	2337.05
-31650.0	7808.0	169.173	2304.35
-31650.0	7808.0	167.853	2373.9
-31650.0	7808.0	166.532	2403.67
-31650.0	7808.0	165.211	2323.68
-31650.0	7808.0	163.889	2326.96
-31650.0	7808.0	162.567	2404.01
-31650.0	7808.0	161.245	2352.43
-31650.0	7808.0	159.923	2247.94
-31650.0	7808.0	158.6	2366.54
-31650.0	7808.0	157.278	2407.61
-31650.0	7808.0	155.954	2418.42
-31650.0	7808.0	154.631	2527.46
-31650.0	7808.0	153.307	2428.71
-31650.0	7808.0	151.983	2490.5
-31650.0	7808.0	150.659	2518.28
-31650.0	7808.0	149.334	2474.32
-31650.0	7808.0	148.009	2430.39
-31650.0	7808.0	146.684	2431.75
-31650.0	7808.0	145.359	2410.48
-31650.0	7808.0	144.033	2376.02
-31650.0	7808.0	142.707	2394.36
-31650.0	7808.0	141.381	2346.72
-31650.0	7808.0	140.054	2408.4
-31650.0	7808.0	138.727	2443.68
-31650.0	7808.0	137.4	2416.78
-31650.0	7808.0	136.072	2348.46
-31650.0	7808.0	134.745	2408.2
-31650.0	7808.0	133.417	2473.57
-31650.0	7808.0	132.088	2431.63
-31650.0	7808.0	130.76	2440.52
-31650.0	7808.0	129.431	2423.06
-31650.0	7808.0	128.102	2349.18
-31650.0	7808.0	126.772	2467.14
-31650.0	7808.0	125.442	2423.37
-31650.0	7808.0	124.112	2383.37
-31650.0	7808.0	122.782	2411.05
-31650.0	7808.0	121.451	2410.53
-31650.0	7808.0	120.12	2325.48
-31650.0	7808.0	118.789	2381.31
-31650.0	7808.0	117.458	2324.47
-31650.0	7808.0	116.126	2303.32
-31650.0	7808.0	114.794	2278.43
-31650.0	7808.0	113.462	2249.79
-31650.0	7808.0	112.129	2279.32
-31650.0	7808.0	110.796	2293.83
-31650.0	7808.0	109.463	2214.58
-31650.0	7808.0	108.129	2240.34
-31650.0	7808.0	106.796	2151.77
-31650.0	7808.0	105.461	2185.03
-31650.0	7808.0	104.127	2126.48
-31650.0	7808.0	102.792	2096.05
-31650.0	7808.0	101.457	2078.74
-31650.0	7808.0	100.122	2042.72
-31650.0	7808.0	98.7867	1948.68
-31650.0	7808.0	97.4509	1920.19
-31650.0	7808.0	96.1148	1916.03
-31650.0	7808.0	94.7784	1823.95
-31650.0	7808.0	93.4418	1879.67
-31650.0	7808.0	92.1048	1787.64
-31650.0	7808.0	90.7676	1819.03
-31650.0	7808.0	89.43	1775.65
-31650.0	7808.0	88.0922	1765.92
-31650.0	7808.0	86.7541	1782.35
-31650.0	7808.0	85.4157	1823.06
