-31630.0	7818.0	1311.89	1901.13
-31630.0	7818.0	1310.78	2028.0
-31630.0	7818.0	1309.68	1943.66
-31630.0	7818.0	1308.58	1893.41
-31630.0	7818.0	1307.48	1952.12
-31630.0	7818.0	1306.38	1963.16
-31630.0	7818.0	1305.28	1892.5
-31630.0	7818.0	1304.18	1976.14
-31630.0	7818.0	1303.07	1934.99
-31630.0	7818.0	1301.97	1986.85
-31630.0	7818.0	1300.87	1986.53
-31630.0	7818.0	1299.77	1981.68
-31630.0	7818.0	1298.66	1992.7
-31630.0	7818.0	1297.56	2046.78
-31630.0	7818.0	1296.46	1969.39
-31630.0	7818.0	1295.35	1973.61
-31630.0	7818.0	1294.25	1948.37
-31630.0	7818.0	1293.15	1972.97
-31630.0	7818.0	1292.04	1916.04
-31630.0	7818.0	1290.94	1942.9
-31630.0	7818.0	1289.83	1922.21
-31630.0	7818.0	1288.73	1851.73
-31630.0	7818.0	1287.63	1937.44
-31630.0	7818.0	1286.52	1919.02
-31630.0	7818.0	1285.42	1887.03
-31630.0	7818.0	1284.31	1931.98
-31630.0	7818.0	1283.21	1861.55
-31630.0	7818.0	1282.1	1953.97
-31630.0	7818.0	1280.99	1974.0
-31630.0	7818.0	1279.89	1955.6
-31630.0	7818.0	1278.78	1896.51
-31630.0	7818.0	1277.68	1918.8
-31630.0	7818.0	1276.57	1846.18
-31630.0	7818.0	1275.46	1945.3
-31630.0	7818.0	1274.36	1992.42
-31630.0	7818.0	1273.25	1980.8
-31630.0	7818.0	1272.14	1939.84
-31630.0	7818.0	1271.04	1971.13
-31630.0	7818.0	1269.93	1943.72
-31630.0	7818.0	1268.82	1914.06
-31630.0	7818.0	1267.71	1916.01
-31630.0	7818.0	1266.61	1814.16
-31630.0	7818.0	1265.5	1856.73
-31630.0	7818.0	1264.39	1942.15
-31630.0	7818.0	1263.28	1914.77
-31630.0	7818.0	1262.17	1914.45
-31630.0	7818.0	1261.06	1925.42
-31630.0	7818.0	1259.95	1868.75
-31630.0	7818.0	1258.84	1818.86
-31630.0	7818.0	1257.74	1874.9
-31630.0	7818.0	1256.63	1847.56
-31630.0	7818.0	1255.52	1946.38
-31630.0	7818.0	1254.41	1896.51
-31630.0	7818.0	1253.3	1957.0
-31630.0	7818.0	1252.19	1913.9
-31630.0	7818.0	1251.08	1924.85
-31630.0	7818.0	1249.96	1958.3
-31630.0	7818.0	1248.85	1919.72
-31630.0	7818.0	1247.74	1901.4
-31630.0	7818.0	1246.63	1916.84
-31630.0	7818.0	1245.52	1885.03
-31630.0	7818.0	1244.41	1837.5
-31630.0	7818.0	1243.3	1841.69
-31630.0	7818.0	1242.18	1881.86
-31630.0	7818.0	1241.07	1841.09
-31630.0	7818.0	1239.96	1892.48
-31630.0	7818.0	1238.85	1903.41
-31630.0	7818.0	1237.74	1882.87
-31630.0	7818.0	1236.62	1905.03
-31630.0	7818.0	1235.51	1884.5
-31630.0	7818.0	1234.4	1819.07
-31630.0	7818.0	1233.28	1868.17
-31630.0	7818.0	1232.17	1834.18
-31630.0	7818.0	1231.06	1896.73
-31630.0	7818.0	1229.94	1889.69
-31630.0	7818.0	1228.83	1815.33
-31630.0	7818.0	1227.71	1871.12
-31630.0	7818.0	1226.6	1886.51
-31630.0	7818.0	1225.48	1870.5
-31630.0	7818.0	1224.37	1881.41
-31630.0	7818.0	1223.25	1856.43
-31630.0	7818.0	1222.14	1847.16
-31630.0	7818.0	1221.02	1893.92
-31630.0	7818.0	1219.91	1886.89
-31630.0	7818.0	1218.79	1884.34
-31630.0	7818.0	1217.68	1915.39
-31630.0	7818.0	1216.56	1881.47
-31630.0	7818.0	1215.44	1885.64
-31630.0	7818.0	1214.33	1856.22
-31630.0	7818.0	1213.21	1822.33
-31630.0	7818.0	1212.09	1873.51
-31630.0	7818.0	1210.98	1879.92
-31630.0	7818.0	1209.86	1859.47
-31630.0	7818.0	1208.74	1883.77
-31630.0	7818.0	1207.62	1861.09
-31630.0	7818.0	1206.51	1858.54
-31630.0	7818.0	1205.39	1809.04
-31630.0	7818.0	1204.27	1810.98
-31630.0	7818.0	1203.15	1810.68
-31630.0	7818.0	1202.03	1872.96
-31630.0	7818.0	1200.91	1832.42
-31630.0	7818.0	1199.8	1823.18
-31630.0	7818.0	1198.68	1813.94
-31630.0	7818.0	1197.56	1811.4
-31630.0	7818.0	1196.44	1795.47
-31630.0	7818.0	1195.32	1804.1
-31630.0	7818.0	1194.2	1725.67
-31630.0	7818.0	1193.08	1821.36
-31630.0	7818.0	1191.96	1847.84
-31630.0	7818.0	1190.84	1829.68
-31630.0	7818.0	1189.72	1827.14
-31630.0	7818.0	1188.6	1837.99
-31630.0	7818.0	1187.48	1853.29
-31630.0	7818.0	1186.35	1808.39
-31630.0	7818.0	1185.23	1872.74
-31630.0	7818.0	1184.11	1801.09
-31630.0	7818.0	1182.99	1881.03
-31630.0	7818.0	1181.87	1784.89
-31630.0	7818.0	1180.75	1840.29
-31630.0	7818.0	1179.62	1795.43
-31630.0	7818.0	1178.5	1786.22
-31630.0	7818.0	1177.38	1794.83
-31630.0	7818.0	1176.26	1925.89
-31630.0	7818.0	1175.13	1780.87
-31630.0	7818.0	1174.01	1802.83
-31630.0	7818.0	1172.89	1873.74
-31630.0	7818.0	1171.76	1840.05
-31630.0	7818.0	1170.64	1837.52
-31630.0	7818.0	1169.51	1837.21
-31630.0	7818.0	1168.39	1821.33
-31630.0	7818.0	1167.27	1818.8
-31630.0	7818.0	1166.14	1767.37
-31630.0	7818.0	1165.02	1787.07
-31630.0	7818.0	1163.89	1822.33
-31630.0	7818.0	1162.77	1779.8
-31630.0	7818.0	1161.64	1750.62
-31630.0	7818.0	1160.52	1739.22
-31630.0	7818.0	1159.39	1834.43
-31630.0	7818.0	1158.26	1778.6
-31630.0	7818.0	1157.14	1691.72
-31630.0	7818.0	1156.01	1869.01
-31630.0	7818.0	1154.88	1784.36
-31630.0	7818.0	1153.76	1832.88
-31630.0	7818.0	1152.63	1850.32
-31630.0	7818.0	1151.5	1889.93
-31630.0	7818.0	1150.38	1758.76
-31630.0	7818.0	1149.25	1740.72
-31630.0	7818.0	1148.12	1849.06
-31630.0	7818.0	1146.99	1848.75
-31630.0	7818.0	1145.87	1750.92
-31630.0	7818.0	1144.74	1792.72
-31630.0	7818.0	1143.61	1823.44
-31630.0	7818.0	1142.48	1840.85
-31630.0	7818.0	1141.35	1840.54
-31630.0	7818.0	1140.22	1793.72
-31630.0	7818.0	1139.09	1720.35
-31630.0	7818.0	1137.97	1828.53
-31630.0	7818.0	1136.84	1797.23
-31630.0	7818.0	1135.71	1768.16
-31630.0	7818.0	1134.58	1752.37
-31630.0	7818.0	1133.45	1816.22
-31630.0	7818.0	1132.32	1758.41
-31630.0	7818.0	1131.19	1831.09
-31630.0	7818.0	1130.05	1797.61
-31630.0	7818.0	1128.92	1823.83
-31630.0	7818.0	1127.79	1739.52
-31630.0	7818.0	1126.66	1761.33
-31630.0	7818.0	1125.53	1721.25
-31630.0	7818.0	1124.4	1782.82
-31630.0	7818.0	1123.27	1758.22
-31630.0	7818.0	1122.13	1788.83
-31630.0	7818.0	1121.0	1746.57
-31630.0	7818.0	1119.87	1666.8
-31630.0	7818.0	1118.74	1825.44
-31630.0	7818.0	1117.6	1776.57
-31630.0	7818.0	1116.47	1758.62
-31630.0	7818.0	1115.34	1773.76
-31630.0	7818.0	1114.2	1746.98
-31630.0	7818.0	1113.07	1762.12
-31630.0	7818.0	1111.94	1827.97
-31630.0	7818.0	1110.8	1717.42
-31630.0	7818.0	1109.67	1759.01
-31630.0	7818.0	1108.54	1741.08
-31630.0	7818.0	1107.4	1758.41
-31630.0	7818.0	1106.27	1780.13
-31630.0	7818.0	1105.13	1744.58
-31630.0	7818.0	1104.0	1750.89
-31630.0	7818.0	1102.86	1746.19
-31630.0	7818.0	1101.72	1770.1
-31630.0	7818.0	1100.59	1754.39
-31630.0	7818.0	1099.45	1809.11
-31630.0	7818.0	1098.32	1762.58
-31630.0	7818.0	1097.18	1755.68
-31630.0	7818.0	1096.04	1783.97
-31630.0	7818.0	1094.91	1770.47
-31630.0	7818.0	1093.77	1792.15
-31630.0	7818.0	1092.63	1763.26
-31630.0	7818.0	1091.5	1809.12
-31630.0	7818.0	1090.36	1791.22
-31630.0	7818.0	1089.22	1773.33
-31630.0	7818.0	1088.08	1757.65
-31630.0	7818.0	1086.95	1741.97
-31630.0	7818.0	1085.81	1743.86
-31630.0	7818.0	1084.67	1805.04
-31630.0	7818.0	1083.53	1703.74
-31630.0	7818.0	1082.39	1710.03
-31630.0	7818.0	1081.25	1696.56
-31630.0	7818.0	1080.11	1680.9
-31630.0	7818.0	1078.97	1695.97
-31630.0	7818.0	1077.83	1750.52
-31630.0	7818.0	1076.69	1739.25
-31630.0	7818.0	1075.55	1638.07
-31630.0	7818.0	1074.41	1664.1
-31630.0	7818.0	1073.27	1725.18
-31630.0	7818.0	1072.13	1727.08
-31630.0	7818.0	1070.99	1720.2
-31630.0	7818.0	1069.85	1700.18
-31630.0	7818.0	1068.71	1675.79
-31630.0	7818.0	1067.57	1754.34
-31630.0	7818.0	1066.43	1646.74
-31630.0	7818.0	1065.28	1685.86
-31630.0	7818.0	1064.14	1751.24
-31630.0	7818.0	1063.0	1698.4
-31630.0	7818.0	1061.86	1722.18
-31630.0	7818.0	1060.71	1800.64
-31630.0	7818.0	1059.57	1677.82
-31630.0	7818.0	1058.43	1730.02
-31630.0	7818.0	1057.29	1729.72
-31630.0	7818.0	1056.14	1716.3
-31630.0	7818.0	1055.0	1735.67
-31630.0	7818.0	1053.85	1709.14
-31630.0	7818.0	1052.71	1706.65
-31630.0	7818.0	1051.57	1677.95
-31630.0	7818.0	1050.42	1747.56
-31630.0	7818.0	1049.28	1738.52
-31630.0	7818.0	1048.13	1755.68
-31630.0	7818.0	1046.99	1781.57
-31630.0	7818.0	1045.84	1672.11
-31630.0	7818.0	1044.7	1726.38
-31630.0	7818.0	1043.55	1741.35
-31630.0	7818.0	1042.4	1732.32
-31630.0	7818.0	1041.26	1819.27
-31630.0	7818.0	1040.11	1725.16
-31630.0	7818.0	1038.97	1722.68
-31630.0	7818.0	1037.82	1757.26
-31630.0	7818.0	1036.67	1708.99
-31630.0	7818.0	1035.53	1761.0
-31630.0	7818.0	1034.38	1677.88
-31630.0	7818.0	1033.23	1686.3
-31630.0	7818.0	1032.08	1723.03
-31630.0	7818.0	1030.94	1755.4
-31630.0	7818.0	1029.79	1757.26
-31630.0	7818.0	1028.64	1761.31
-31630.0	7818.0	1027.49	1665.22
-31630.0	7818.0	1026.34	1728.04
-31630.0	7818.0	1025.19	1721.2
-31630.0	7818.0	1024.04	1729.6
-31630.0	7818.0	1022.89	1727.12
-31630.0	7818.0	1021.74	1798.58
-31630.0	7818.0	1020.59	1791.74
-31630.0	7818.0	1019.45	1752.29
-31630.0	7818.0	1018.29	1754.15
-31630.0	7818.0	1017.14	1775.57
-31630.0	7818.0	1015.99	1718.76
-31630.0	7818.0	1014.84	1781.46
-31630.0	7818.0	1013.69	1746.39
-31630.0	7818.0	1012.54	1780.82
-31630.0	7818.0	1011.39	1771.82
-31630.0	7818.0	1010.24	1738.94
-31630.0	7818.0	1009.09	1760.34
-31630.0	7818.0	1007.93	1788.24
-31630.0	7818.0	1006.78	1820.46
-31630.0	7818.0	1005.63	1781.09
-31630.0	7818.0	1004.48	1802.46
-31630.0	7818.0	1003.32	1743.59
-31630.0	7818.0	1002.17	1877.71
-31630.0	7818.0	1001.02	1870.87
-31630.0	7818.0	999.865	1807.68
-31630.0	7818.0	998.711	1805.19
-31630.0	7818.0	997.558	1768.03
-31630.0	7818.0	996.403	1869.53
-31630.0	7818.0	995.249	1832.37
-31630.0	7818.0	994.095	1864.53
-31630.0	7818.0	992.94	1926.98
-31630.0	7818.0	991.785	1993.75
-31630.0	7818.0	990.63	1934.95
-31630.0	7818.0	989.475	1999.52
-31630.0	7818.0	988.319	1936.42
-31630.0	7818.0	987.164	1949.05
-31630.0	7818.0	986.008	1968.17
-31630.0	7818.0	984.852	1972.14
-31630.0	7818.0	983.695	1982.59
-31630.0	7818.0	982.539	2101.13
-31630.0	7818.0	981.382	2066.17
-31630.0	7818.0	980.225	2061.48
-31630.0	7818.0	979.068	2048.14
-31630.0	7818.0	977.911	2008.89
-31630.0	7818.0	976.753	2017.17
-31630.0	7818.0	975.595	2068.63
-31630.0	7818.0	974.437	2025.08
-31630.0	7818.0	973.279	2091.62
-31630.0	7818.0	972.121	2045.93
-31630.0	7818.0	970.962	2056.34
-31630.0	7818.0	969.803	2125.01
-31630.0	7818.0	968.644	2113.84
-31630.0	7818.0	967.485	2109.14
-31630.0	7818.0	966.326	2121.7
-31630.0	7818.0	965.166	2039.4
-31630.0	7818.0	964.006	2090.76
-31630.0	7818.0	962.846	2081.76
-31630.0	7818.0	961.686	2143.86
-31630.0	7818.0	960.525	2221.03
-31630.0	7818.0	959.365	2156.01
-31630.0	7818.0	958.204	2129.78
-31630.0	7818.0	957.043	2086.33
-31630.0	7818.0	955.881	2070.88
-31630.0	7818.0	954.72	2083.42
-31630.0	7818.0	953.558	2130.38
-31630.0	7818.0	952.396	2132.15
-31630.0	7818.0	951.234	2142.51
-31630.0	7818.0	950.071	2090.51
-31630.0	7818.0	948.909	2096.58
-31630.0	7818.0	947.746	2141.34
-31630.0	7818.0	946.583	2147.4
-31630.0	7818.0	945.42	2162.06
-31630.0	7818.0	944.256	2144.47
-31630.0	7818.0	943.092	2124.74
-31630.0	7818.0	941.929	2135.1
-31630.0	7818.0	940.765	2139.0
-31630.0	7818.0	939.6	2177.26
-31630.0	7818.0	938.436	2146.81
-31630.0	7818.0	937.271	2051.97
-31630.0	7818.0	936.106	2047.31
-31630.0	7818.0	934.941	2115.59
-31630.0	7818.0	933.775	2022.96
-31630.0	7818.0	932.61	2041.89
-31630.0	7818.0	931.444	1957.89
-31630.0	7818.0	930.278	2062.59
-31630.0	7818.0	929.112	1974.32
-31630.0	7818.0	927.945	1941.81
-31630.0	7818.0	926.779	1924.31
-31630.0	7818.0	925.612	2001.08
-31630.0	7818.0	924.445	1876.47
-31630.0	7818.0	923.278	1854.71
-31630.0	7818.0	922.11	1867.22
-31630.0	7818.0	920.942	1849.75
-31630.0	7818.0	919.774	1922.19
-31630.0	7818.0	918.606	1855.49
-31630.0	7818.0	917.438	1855.15
-31630.0	7818.0	916.269	1848.39
-31630.0	7818.0	915.1	1790.3
-31630.0	7818.0	913.931	1813.49
-31630.0	7818.0	912.762	1817.43
-31630.0	7818.0	911.593	1861.99
-31630.0	7818.0	910.423	1857.37
-31630.0	7818.0	909.253	1777.96
-31630.0	7818.0	908.083	1724.22
-31630.0	7818.0	906.913	1779.44
-31630.0	7818.0	905.742	1796.2
-31630.0	7818.0	904.572	1780.92
-31630.0	7818.0	903.401	1712.27
-31630.0	7818.0	902.229	1709.82
-31630.0	7818.0	901.058	1786.33
-31630.0	7818.0	899.886	1745.46
-31630.0	7818.0	898.715	1762.21
-31630.0	7818.0	897.543	1787.48
-31630.0	7818.0	896.37	1817.0
-31630.0	7818.0	895.198	1835.85
-31630.0	7818.0	894.025	1773.69
-31630.0	7818.0	892.852	1771.23
-31630.0	7818.0	891.679	1745.33
-31630.0	7818.0	890.506	1742.87
-31630.0	7818.0	889.332	1776.63
-31630.0	7818.0	888.158	1799.73
-31630.0	7818.0	886.984	1733.38
-31630.0	7818.0	885.81	1771.39
-31630.0	7818.0	884.636	1700.81
-31630.0	7818.0	883.461	1717.52
-31630.0	7818.0	882.286	1674.64
-31630.0	7818.0	881.111	1736.03
-31630.0	7818.0	879.936	1748.47
-31630.0	7818.0	878.76	1756.65
-31630.0	7818.0	877.584	1709.54
-31630.0	7818.0	876.408	1738.98
-31630.0	7818.0	875.232	1683.4
-31630.0	7818.0	874.056	1748.96
-31630.0	7818.0	872.879	1716.76
-31630.0	7818.0	871.702	1661.21
-31630.0	7818.0	870.525	1754.35
-31630.0	7818.0	869.348	1766.76
-31630.0	7818.0	868.17	1711.23
-31630.0	7818.0	866.993	1761.86
-31630.0	7818.0	865.815	1761.53
-31630.0	7818.0	864.637	1718.76
-31630.0	7818.0	863.458	1656.91
-31630.0	7818.0	862.28	1705.39
-31630.0	7818.0	861.101	1707.19
-31630.0	7818.0	859.922	1740.8
-31630.0	7818.0	858.742	1717.15
-31630.0	7818.0	857.563	1682.91
-31630.0	7818.0	856.383	1684.72
-31630.0	7818.0	855.203	1720.42
-31630.0	7818.0	854.023	1734.92
-31630.0	7818.0	852.843	1721.89
-31630.0	7818.0	851.662	1668.63
-31630.0	7818.0	850.481	1661.96
-31630.0	7818.0	849.3	1687.05
-31630.0	7818.0	848.119	1629.59
-31630.0	7818.0	846.937	1652.56
-31630.0	7818.0	845.756	1637.44
-31630.0	7818.0	844.574	1690.01
-31630.0	7818.0	843.392	1664.31
-31630.0	7818.0	842.209	1725.32
-31630.0	7818.0	841.027	1667.91
-31630.0	7818.0	839.844	1711.98
-31630.0	7818.0	838.661	1658.83
-31630.0	7818.0	837.477	1683.87
-31630.0	7818.0	836.294	1668.77
-31630.0	7818.0	835.11	1702.24
-31630.0	7818.0	833.926	1769.49
-31630.0	7818.0	832.742	1710.04
-31630.0	7818.0	831.558	1665.39
-31630.0	7818.0	830.373	1760.04
-31630.0	7818.0	829.188	1664.76
-31630.0	7818.0	828.003	1675.0
-31630.0	7818.0	826.818	1596.64
-31630.0	7818.0	825.632	1623.75
-31630.0	7818.0	824.446	1623.44
-31630.0	7818.0	823.26	1671.62
-31630.0	7818.0	822.074	1654.44
-31630.0	7818.0	820.888	1734.2
-31630.0	7818.0	819.701	1658.02
-31630.0	7818.0	818.514	1689.3
-31630.0	7818.0	817.327	1678.45
-31630.0	7818.0	816.14	1747.62
-31630.0	7818.0	814.952	1705.18
-31630.0	7818.0	813.765	1675.39
-31630.0	7818.0	812.577	1679.28
-31630.0	7818.0	811.388	1668.44
-31630.0	7818.0	810.2	1712.3
-31630.0	7818.0	809.011	1669.91
-31630.0	7818.0	807.822	1682.21
-31630.0	7818.0	806.633	1658.76
-31630.0	7818.0	805.444	1719.4
-31630.0	7818.0	804.254	1685.45
-31630.0	7818.0	803.064	1687.22
-31630.0	7818.0	801.874	1678.5
-31630.0	7818.0	800.684	1659.28
-31630.0	7818.0	799.493	1700.96
-31630.0	7818.0	798.303	1700.63
-31630.0	7818.0	797.112	1681.41
-31630.0	7818.0	795.921	1681.09
-31630.0	7818.0	794.729	1733.23
-31630.0	7818.0	793.538	1728.7
-31630.0	7818.0	792.346	1646.57
-31630.0	7818.0	791.154	1681.9
-31630.0	7818.0	789.961	1713.03
-31630.0	7818.0	788.769	1735.76
-31630.0	7818.0	787.576	1695.6
-31630.0	7818.0	786.383	1642.89
-31630.0	7818.0	785.19	1625.81
-31630.0	7818.0	783.996	1713.48
-31630.0	7818.0	782.802	1679.64
-31630.0	7818.0	781.608	1679.32
-31630.0	7818.0	780.414	1662.25
-31630.0	7818.0	779.22	1697.51
-31630.0	7818.0	778.025	1678.35
-31630.0	7818.0	776.83	1682.21
-31630.0	7818.0	775.635	1625.41
-31630.0	7818.0	774.44	1694.11
-31630.0	7818.0	773.244	1733.52
-31630.0	7818.0	772.049	1683.01
-31630.0	7818.0	770.853	1668.05
-31630.0	7818.0	769.656	1680.27
-31630.0	7818.0	768.46	1692.48
-31630.0	7818.0	767.263	1687.97
-31630.0	7818.0	766.066	1673.03
-31630.0	7818.0	764.869	1656.0
-31630.0	7818.0	763.672	1651.5
-31630.0	7818.0	762.474	1726.33
-31630.0	7818.0	761.276	1661.3
-31630.0	7818.0	760.078	1652.63
-31630.0	7818.0	758.88	1727.42
-31630.0	7818.0	757.681	1643.65
-31630.0	7818.0	756.483	1672.52
-31630.0	7818.0	755.284	1682.63
-31630.0	7818.0	754.084	1717.74
-31630.0	7818.0	752.885	1646.54
-31630.0	7818.0	751.685	1658.72
-31630.0	7818.0	750.485	1666.74
-31630.0	7818.0	749.285	1591.42
-31630.0	7818.0	748.085	1674.42
-31630.0	7818.0	746.884	1630.37
-31630.0	7818.0	745.683	1613.4
-31630.0	7818.0	744.482	1633.9
-31630.0	7818.0	743.281	1594.04
-31630.0	7818.0	742.079	1733.13
-31630.0	7818.0	740.877	1693.27
-31630.0	7818.0	739.675	1563.99
-31630.0	7818.0	738.473	1644.78
-31630.0	7818.0	737.27	1634.07
-31630.0	7818.0	736.068	1687.79
-31630.0	7818.0	734.865	1627.2
-31630.0	7818.0	733.661	1649.74
-31630.0	7818.0	732.458	1688.88
-31630.0	7818.0	731.254	1644.94
-31630.0	7818.0	730.05	1669.54
-31630.0	7818.0	728.846	1633.91
-31630.0	7818.0	727.642	1677.19
-31630.0	7818.0	726.437	1637.43
-31630.0	7818.0	725.232	1641.26
-31630.0	7818.0	724.027	1640.94
-31630.0	7818.0	722.822	1636.47
-31630.0	7818.0	721.616	1629.93
-31630.0	7818.0	720.41	1652.41
-31630.0	7818.0	719.204	1693.55
-31630.0	7818.0	717.998	1703.58
-31630.0	7818.0	716.791	1670.09
-31630.0	7818.0	715.585	1655.26
-31630.0	7818.0	714.378	1841.35
-31630.0	7818.0	713.17	1733.3
-31630.0	7818.0	711.963	1685.34
-31630.0	7818.0	710.755	1631.19
-31630.0	7818.0	709.547	1688.82
-31630.0	7818.0	708.339	1700.9
-31630.0	7818.0	707.131	1721.26
-31630.0	7818.0	705.922	1660.94
-31630.0	7818.0	704.713	1683.36
-31630.0	7818.0	703.504	1736.78
-31630.0	7818.0	702.295	1628.95
-31630.0	7818.0	701.085	1680.3
-31630.0	7818.0	699.875	1682.03
-31630.0	7818.0	698.665	1665.17
-31630.0	7818.0	697.455	1722.68
-31630.0	7818.0	696.244	1718.21
-31630.0	7818.0	695.034	1703.42
-31630.0	7818.0	693.822	1663.86
-31630.0	7818.0	692.611	1706.88
-31630.0	7818.0	691.4	1764.32
-31630.0	7818.0	690.188	1761.91
-31630.0	7818.0	688.976	1718.24
-31630.0	7818.0	687.764	1732.34
-31630.0	7818.0	686.551	1771.17
-31630.0	7818.0	685.339	1822.36
-31630.0	7818.0	684.126	1803.45
-31630.0	7818.0	682.912	1755.7
-31630.0	7818.0	681.699	1782.13
-31630.0	7818.0	680.485	1783.84
-31630.0	7818.0	679.271	1717.58
-31630.0	7818.0	678.057	1768.72
-31630.0	7818.0	676.843	1786.9
-31630.0	7818.0	675.628	1815.36
-31630.0	7818.0	674.413	1808.82
-31630.0	7818.0	673.198	1757.03
-31630.0	7818.0	671.983	1838.96
-31630.0	7818.0	670.767	1770.73
-31630.0	7818.0	669.551	1805.33
-31630.0	7818.0	668.335	1774.14
-31630.0	7818.0	667.119	1837.5
-31630.0	7818.0	665.902	1824.81
-31630.0	7818.0	664.686	1818.28
-31630.0	7818.0	663.469	1766.57
-31630.0	7818.0	662.251	1764.16
-31630.0	7818.0	661.034	1786.4
-31630.0	7818.0	659.816	1788.09
-31630.0	7818.0	658.598	1816.47
-31630.0	7818.0	657.38	1803.8
-31630.0	7818.0	656.161	1815.75
-31630.0	7818.0	654.942	1842.05
-31630.0	7818.0	653.723	1802.72
-31630.0	7818.0	652.504	1728.54
-31630.0	7818.0	651.285	1754.85
-31630.0	7818.0	650.065	1760.65
-31630.0	7818.0	648.845	1788.99
-31630.0	7818.0	647.625	1761.99
-31630.0	7818.0	646.404	1739.11
-31630.0	7818.0	645.184	1855.5
-31630.0	7818.0	643.963	1883.79
-31630.0	7818.0	642.742	1858.85
-31630.0	7818.0	641.52	1774.56
-31630.0	7818.0	640.298	1862.2
-31630.0	7818.0	639.076	1886.38
-31630.0	7818.0	637.854	1904.41
-31630.0	7818.0	636.632	1875.4
-31630.0	7818.0	635.409	1825.95
-31630.0	7818.0	634.186	1878.74
-31630.0	7818.0	632.963	1800.69
-31630.0	7818.0	631.74	1814.63
-31630.0	7818.0	630.516	1893.95
-31630.0	7818.0	629.292	1875.19
-31630.0	7818.0	628.068	1862.56
-31630.0	7818.0	626.844	1796.84
-31630.0	7818.0	625.619	1816.9
-31630.0	7818.0	624.394	1898.17
-31630.0	7818.0	623.169	1889.63
-31630.0	7818.0	621.944	1913.73
-31630.0	7818.0	620.718	1821.56
-31630.0	7818.0	619.492	1800.8
-31630.0	7818.0	618.266	1761.69
-31630.0	7818.0	617.04	1812.3
-31630.0	7818.0	615.813	1830.28
-31630.0	7818.0	614.587	1882.9
-31630.0	7818.0	613.36	1807.13
-31630.0	7818.0	612.132	1865.84
-31630.0	7818.0	610.905	1871.57
-31630.0	7818.0	609.677	1858.98
-31630.0	7818.0	608.449	1938.0
-31630.0	7818.0	607.22	1884.69
-31630.0	7818.0	605.992	1815.12
-31630.0	7818.0	604.763	1820.86
-31630.0	7818.0	603.534	1848.97
-31630.0	7818.0	602.305	1816.06
-31630.0	7818.0	601.075	1831.96
-31630.0	7818.0	599.845	1855.98
-31630.0	7818.0	598.615	1835.28
-31630.0	7818.0	597.385	1867.42
-31630.0	7818.0	596.154	1852.82
-31630.0	7818.0	594.924	1860.57
-31630.0	7818.0	593.693	1835.83
-31630.0	7818.0	592.461	1839.52
-31630.0	7818.0	591.23	1800.57
-31630.0	7818.0	589.998	1786.0
-31630.0	7818.0	588.766	1856.66
-31630.0	7818.0	587.534	1864.4
-31630.0	7818.0	586.301	1788.97
-31630.0	7818.0	585.068	1802.81
-31630.0	7818.0	583.835	1808.52
-31630.0	7818.0	582.602	1798.02
-31630.0	7818.0	581.368	1819.95
-31630.0	7818.0	580.134	1770.95
-31630.0	7818.0	578.9	1803.0
-31630.0	7818.0	577.666	1861.38
-31630.0	7818.0	576.432	1887.32
-31630.0	7818.0	575.197	1890.99
-31630.0	7818.0	573.962	1783.32
-31630.0	7818.0	572.726	1833.55
-31630.0	7818.0	571.491	1827.11
-31630.0	7818.0	570.255	1796.39
-31630.0	7818.0	569.019	1789.96
-31630.0	7818.0	567.783	1805.77
-31630.0	7818.0	566.546	1908.51
-31630.0	7818.0	565.309	1827.27
-31630.0	7818.0	564.072	1820.84
-31630.0	7818.0	562.835	1828.55
-31630.0	7818.0	561.597	1868.58
-31630.0	7818.0	560.359	1969.18
-31630.0	7818.0	559.121	1888.01
-31630.0	7818.0	557.883	1915.89
-31630.0	7818.0	556.644	1963.94
-31630.0	7818.0	555.406	1931.25
-31630.0	7818.0	554.167	1918.75
-31630.0	7818.0	552.927	2001.06
-31630.0	7818.0	551.688	2057.12
-31630.0	7818.0	550.448	2062.75
-31630.0	7818.0	549.208	2114.74
-31630.0	7818.0	547.967	2061.91
-31630.0	7818.0	546.727	2089.7
-31630.0	7818.0	545.486	2139.64
-31630.0	7818.0	544.245	2104.96
-31630.0	7818.0	543.003	2273.69
-31630.0	7818.0	541.762	2275.24
-31630.0	7818.0	540.52	2331.14
-31630.0	7818.0	539.278	2409.16
-31630.0	7818.0	538.035	2479.09
-31630.0	7818.0	536.793	2540.95
-31630.0	7818.0	535.55	2707.38
-31630.0	7818.0	534.307	2901.89
-31630.0	7818.0	533.063	3130.5
-31630.0	7818.0	531.82	3338.92
-31630.0	7818.0	530.576	3689.95
-31630.0	7818.0	529.331	4225.69
-31630.0	7818.0	528.087	4925.94
-31630.0	7818.0	526.842	5878.99
-31630.0	7818.0	525.597	7478.25
-31630.0	7818.0	524.352	10098.8
-31630.0	7818.0	523.107	14302.0
-31630.0	7818.0	521.861	20745.2
-31630.0	7818.0	520.615	24338.5
-31630.0	7818.0	519.369	21627.3
-31630.0	7818.0	518.122	18261.4
-31630.0	7818.0	516.876	15346.1
-31630.0	7818.0	515.629	12963.2
-31630.0	7818.0	514.381	11010.2
-31630.0	7818.0	513.134	9805.55
-31630.0	7818.0	511.886	8787.71
-31630.0	7818.0	510.638	7904.5
-31630.0	7818.0	509.39	7155.85
-31630.0	7818.0	508.141	6795.95
-31630.0	7818.0	506.892	6302.07
-31630.0	7818.0	505.643	6044.58
-31630.0	7818.0	504.394	5815.21
-31630.0	7818.0	503.145	5581.93
-31630.0	7818.0	501.895	5428.75
-31630.0	7818.0	500.645	5421.63
-31630.0	7818.0	499.394	5224.57
-31630.0	7818.0	498.144	5121.53
-31630.0	7818.0	496.893	5072.51
-31630.0	7818.0	495.642	4923.59
-31630.0	7818.0	494.39	4732.78
-31630.0	7818.0	493.139	4641.92
-31630.0	7818.0	491.887	4477.21
-31630.0	7818.0	490.635	4466.3
-31630.0	7818.0	489.382	4331.63
-31630.0	7818.0	488.13	4212.99
-31630.0	7818.0	486.877	4090.4
-31630.0	7818.0	485.623	4185.31
-31630.0	7818.0	484.37	3981.0
-31630.0	7818.0	483.116	3994.14
-31630.0	7818.0	481.862	3821.85
-31630.0	7818.0	480.608	3823.06
-31630.0	7818.0	479.354	3692.73
-31630.0	7818.0	478.099	3695.95
-31630.0	7818.0	476.844	3707.13
-31630.0	7818.0	475.588	3562.97
-31630.0	7818.0	474.333	3617.98
-31630.0	7818.0	473.077	3603.29
-31630.0	7818.0	471.821	3514.97
-31630.0	7818.0	470.565	3569.96
-31630.0	7818.0	469.308	3461.78
-31630.0	7818.0	468.051	3441.17
-31630.0	7818.0	466.794	3480.23
-31630.0	7818.0	465.537	3447.69
-31630.0	7818.0	464.279	3303.85
-31630.0	7818.0	463.021	3199.81
-31630.0	7818.0	461.763	3292.54
-31630.0	7818.0	460.505	3240.2
-31630.0	7818.0	459.246	3209.73
-31630.0	7818.0	457.987	3115.73
-31630.0	7818.0	456.728	3117.07
-31630.0	7818.0	455.469	3072.75
-31630.0	7818.0	454.209	3032.42
-31630.0	7818.0	452.949	3011.94
-31630.0	7818.0	451.689	2890.31
-31630.0	7818.0	450.428	2961.1
-31630.0	7818.0	449.167	2946.61
-31630.0	7818.0	447.906	2815.15
-31630.0	7818.0	446.645	2903.75
-31630.0	7818.0	445.383	2817.93
-31630.0	7818.0	444.122	2858.95
-31630.0	7818.0	442.86	2798.93
-31630.0	7818.0	441.597	2814.19
-31630.0	7818.0	440.335	2815.58
-31630.0	7818.0	439.072	2727.89
-31630.0	7818.0	437.809	2727.32
-31630.0	7818.0	436.545	2821.73
-31630.0	7818.0	435.281	2724.2
-31630.0	7818.0	434.018	2713.74
-31630.0	7818.0	432.753	2772.5
-31630.0	7818.0	431.489	2728.42
-31630.0	7818.0	430.224	2763.43
-31630.0	7818.0	428.959	2725.31
-31630.0	7818.0	427.694	2695.1
-31630.0	7818.0	426.428	2627.37
-31630.0	7818.0	425.163	2697.92
-31630.0	7818.0	423.896	2549.25
-31630.0	7818.0	422.63	2686.92
-31630.0	7818.0	421.364	2638.98
-31630.0	7818.0	420.097	2573.31
-31630.0	7818.0	418.83	2608.28
-31630.0	7818.0	417.562	2589.98
-31630.0	7818.0	416.295	2565.77
-31630.0	7818.0	415.027	2612.55
-31630.0	7818.0	413.758	2546.95
-31630.0	7818.0	412.49	2581.89
-31630.0	7818.0	411.221	2587.26
-31630.0	7818.0	409.952	2492.16
-31630.0	7818.0	408.683	2534.97
-31630.0	7818.0	407.414	2516.71
-31630.0	7818.0	406.144	2490.59
-31630.0	7818.0	404.874	2495.97
-31630.0	7818.0	403.603	2517.09
-31630.0	7818.0	402.333	2569.69
-31630.0	7818.0	401.062	2466.85
-31630.0	7818.0	399.791	2655.14
-31630.0	7818.0	398.519	2560.2
-31630.0	7818.0	397.248	2547.87
-31630.0	7818.0	395.976	2513.92
-31630.0	7818.0	394.704	2491.77
-31630.0	7818.0	393.431	2550.19
-31630.0	7818.0	392.159	2461.26
-31630.0	7818.0	390.886	2500.02
-31630.0	7818.0	389.612	2499.49
-31630.0	7818.0	388.339	2483.26
-31630.0	7818.0	387.065	2463.11
-31630.0	7818.0	385.791	2535.19
-31630.0	7818.0	384.517	2546.43
-31630.0	7818.0	383.242	2504.7
-31630.0	7818.0	381.967	2488.48
-31630.0	7818.0	380.692	2533.05
-31630.0	7818.0	379.417	2485.47
-31630.0	7818.0	378.141	2533.94
-31630.0	7818.0	376.865	2474.63
-31630.0	7818.0	375.589	2378.12
-31630.0	7818.0	374.312	2420.7
-31630.0	7818.0	373.035	2502.43
-31630.0	7818.0	371.758	2451.01
-31630.0	7818.0	370.481	2556.18
-31630.0	7818.0	369.204	2461.71
-31630.0	7818.0	367.926	2465.1
-31630.0	7818.0	366.648	2423.51
-31630.0	7818.0	365.369	2452.33
-31630.0	7818.0	364.091	2451.81
-31630.0	7818.0	362.812	2517.75
-31630.0	7818.0	361.532	2487.9
-31630.0	7818.0	360.253	2428.76
-31630.0	7818.0	358.973	2469.27
-31630.0	7818.0	357.693	2388.67
-31630.0	7818.0	356.413	2438.93
-31630.0	7818.0	355.132	2452.08
-31630.0	7818.0	353.852	2517.93
-31630.0	7818.0	352.571	2492.03
-31630.0	7818.0	351.289	2507.11
-31630.0	7818.0	350.008	2457.81
-31630.0	7818.0	348.726	2492.39
-31630.0	7818.0	347.444	2499.66
-31630.0	7818.0	346.161	2508.88
-31630.0	7818.0	344.878	2551.23
-31630.0	7818.0	343.595	2472.74
-31630.0	7818.0	342.312	2554.04
-31630.0	7818.0	341.029	2489.22
-31630.0	7818.0	339.745	2521.8
-31630.0	7818.0	338.461	2636.13
-31630.0	7818.0	337.176	2561.61
-31630.0	7818.0	335.892	2526.03
-31630.0	7818.0	334.607	2611.11
-31630.0	7818.0	333.322	2610.55
-31630.0	7818.0	332.036	2687.79
-31630.0	7818.0	330.75	2591.94
-31630.0	7818.0	329.464	2616.66
-31630.0	7818.0	328.178	2637.49
-31630.0	7818.0	326.892	2642.76
-31630.0	7818.0	325.605	2628.6
-31630.0	7818.0	324.318	2688.25
-31630.0	7818.0	323.03	2610.0
-31630.0	7818.0	321.743	2679.34
-31630.0	7818.0	320.455	2704.01
-31630.0	7818.0	319.167	2631.62
-31630.0	7818.0	317.878	2662.11
-31630.0	7818.0	316.59	2628.56
-31630.0	7818.0	315.301	2666.79
-31630.0	7818.0	314.011	2666.23
-31630.0	7818.0	312.722	2718.0
-31630.0	7818.0	311.432	2649.59
-31630.0	7818.0	310.142	2695.53
-31630.0	7818.0	308.851	2725.95
-31630.0	7818.0	307.561	2738.93
-31630.0	7818.0	306.27	2808.07
-31630.0	7818.0	304.979	2776.49
-31630.0	7818.0	303.687	2760.41
-31630.0	7818.0	302.395	2823.69
-31630.0	7818.0	301.103	2796.0
-31630.0	7818.0	299.811	2772.19
-31630.0	7818.0	298.519	2783.2
-31630.0	7818.0	297.226	2749.73
-31630.0	7818.0	295.933	2656.35
-31630.0	7818.0	294.639	2740.83
-31630.0	7818.0	293.345	2672.61
-31630.0	7818.0	292.052	2702.95
-31630.0	7818.0	290.757	2679.19
-31630.0	7818.0	289.463	2682.49
-31630.0	7818.0	288.168	2712.81
-31630.0	7818.0	286.873	2671.69
-31630.0	7818.0	285.578	2611.29
-31630.0	7818.0	284.282	2660.9
-31630.0	7818.0	282.986	2565.8
-31630.0	7818.0	281.69	2609.61
-31630.0	7818.0	280.393	2632.2
-31630.0	7818.0	279.097	2650.91
-31630.0	7818.0	277.8	2561.68
-31630.0	7818.0	276.502	2568.84
-31630.0	7818.0	275.205	2500.86
-31630.0	7818.0	273.907	2508.03
-31630.0	7818.0	272.609	2468.97
-31630.0	7818.0	271.311	2437.64
-31630.0	7818.0	270.012	2473.69
-31630.0	7818.0	268.713	2400.03
-31630.0	7818.0	267.414	2420.68
-31630.0	7818.0	266.114	2373.99
-31630.0	7818.0	264.814	2408.11
-31630.0	7818.0	263.514	2384.51
-31630.0	7818.0	262.214	2380.16
-31630.0	7818.0	260.913	2439.24
-31630.0	7818.0	259.613	2367.61
-31630.0	7818.0	258.311	2294.09
-31630.0	7818.0	257.01	2337.78
-31630.0	7818.0	255.708	2262.38
-31630.0	7818.0	254.406	2298.38
-31630.0	7818.0	253.104	2359.31
-31630.0	7818.0	251.801	2276.28
-31630.0	7818.0	250.499	2300.74
-31630.0	7818.0	249.195	2298.33
-31630.0	7818.0	247.892	2305.51
-31630.0	7818.0	246.588	2262.82
-31630.0	7818.0	245.284	2317.94
-31630.0	7818.0	243.98	2175.6
-31630.0	7818.0	242.676	2165.55
-31630.0	7818.0	241.371	2241.72
-31630.0	7818.0	240.066	2201.01
-31630.0	7818.0	238.76	2215.86
-31630.0	7818.0	237.455	2179.01
-31630.0	7818.0	236.149	2232.14
-31630.0	7818.0	234.843	2164.68
-31630.0	7818.0	233.536	2135.51
-31630.0	7818.0	232.229	2123.57
-31630.0	7818.0	230.922	2207.27
-31630.0	7818.0	229.615	2162.82
-31630.0	7818.0	228.307	2168.09
-31630.0	7818.0	227.0	2123.66
-31630.0	7818.0	225.691	2083.07
-31630.0	7818.0	224.383	2040.59
-31630.0	7818.0	223.074	2059.25
-31630.0	7818.0	221.765	2110.38
-31630.0	7818.0	220.456	2081.28
-31630.0	7818.0	219.146	2151.47
-31630.0	7818.0	217.836	2103.29
-31630.0	7818.0	216.526	2100.93
-31630.0	7818.0	215.216	2071.86
-31630.0	7818.0	213.905	2079.05
-31630.0	7818.0	212.594	2078.6
-31630.0	7818.0	211.283	2051.46
-31630.0	7818.0	209.971	2077.71
-31630.0	7818.0	208.66	2142.05
-31630.0	7818.0	207.348	2076.81
-31630.0	7818.0	206.035	2108.75
-31630.0	7818.0	204.722	2154.0
-31630.0	7818.0	203.409	2100.23
-31630.0	7818.0	202.096	2149.27
-31630.0	7818.0	200.783	2205.91
-31630.0	7818.0	199.469	2201.63
-31630.0	7818.0	198.155	2263.93
-31630.0	7818.0	196.84	2181.66
-31630.0	7818.0	195.526	2194.5
-31630.0	7818.0	194.211	2135.09
-31630.0	7818.0	192.896	2269.59
-31630.0	7818.0	191.58	2402.13
-31630.0	7818.0	190.264	2285.71
-31630.0	7818.0	188.948	2313.71
-31630.0	7818.0	187.632	2208.76
-31630.0	7818.0	186.315	2231.07
-31630.0	7818.0	184.998	2177.43
-31630.0	7818.0	183.681	2241.5
-31630.0	7818.0	182.364	2297.94
-31630.0	7818.0	181.046	2306.93
-31630.0	7818.0	179.728	2279.88
-31630.0	7818.0	178.41	2319.21
-31630.0	7818.0	177.091	2294.06
-31630.0	7818.0	175.772	2306.84
-31630.0	7818.0	174.453	2319.61
-31630.0	7818.0	173.133	2319.11
-31630.0	7818.0	171.814	2288.3
-31630.0	7818.0	170.494	2337.05
-31630.0	7818.0	169.173	2389.56
-31630.0	7818.0	167.853	2324.68
-31630.0	7818.0	166.532	2297.68
-31630.0	7818.0	165.211	2333.14
-31630.0	7818.0	163.889	2294.8
-31630.0	7818.0	162.567	2313.22
-31630.0	7818.0	161.245	2335.41
-31630.0	7818.0	159.923	2319.79
-31630.0	7818.0	158.6	2423.25
-31630.0	7818.0	157.278	2409.5
-31630.0	7818.0	155.954	2399.53
-31630.0	7818.0	154.631	2457.57
-31630.0	7818.0	153.307	2385.27
-31630.0	7818.0	151.983	2494.27
-31630.0	7818.0	150.659	2489.96
-31630.0	7818.0	149.334	2429.03
-31630.0	7818.0	148.009	2390.76
-31630.0	7818.0	146.684	2497.78
-31630.0	7818.0	145.359	2440.66
-31630.0	7818.0	144.033	2428.82
-31630.0	7818.0	142.707	2486.74
-31630.0	7818.0	141.381	2431.54
-31630.0	7818.0	140.054	2472.47
-31630.0	7818.0	138.727	2424.84
-31630.0	7818.0	137.4	2435.62
-31630.0	7818.0	136.072	2435.09
-31630.0	7818.0	134.745	2443.98
-31630.0	7818.0	133.417	2486.75
-31630.0	7818.0	132.088	2457.98
-31630.0	7818.0	130.76	2476.27
-31630.0	7818.0	129.431	2376.03
-31630.0	7818.0	128.102	2386.8
-31630.0	7818.0	126.772	2470.9
-31630.0	7818.0	125.442	2476.01
-31630.0	7818.0	124.112	2366.46
-31630.0	7818.0	122.782	2369.7
-31630.0	7818.0	121.451	2399.25
-31630.0	7818.0	120.12	2316.08
-31630.0	7818.0	118.789	2396.34
-31630.0	7818.0	117.458	2420.23
-31630.0	7818.0	116.126	2348.37
-31630.0	7818.0	114.794	2336.61
-31630.0	7818.0	113.462	2281.69
-31630.0	7818.0	112.129	2260.56
-31630.0	7818.0	110.796	2254.44
-31630.0	7818.0	109.463	2332.71
-31630.0	7818.0	108.129	2202.85
-31630.0	7818.0	106.796	2178.01
-31630.0	7818.0	105.461	2153.18
-31630.0	7818.0	104.127	2190.18
-31630.0	7818.0	102.792	2039.86
-31630.0	7818.0	101.457	2013.2
-31630.0	7818.0	100.122	2005.27
-31630.0	7818.0	98.7867	1916.86
-31630.0	7818.0	97.4509	1948.26
-31630.0	7818.0	96.1148	1919.77
-31630.0	7818.0	94.7784	1906.26
-31630.0	7818.0	93.4418	1862.83
-31630.0	7818.0	92.1048	1869.91
-31630.0	7818.0	90.7676	1798.47
-31630.0	7818.0	89.43	1784.99
-31630.0	7818.0	88.0922	1750.97
-31630.0	7818.0	86.7541	1761.8
-31630.0	7818.0	85.4157	1733.4
