-31628.0	7830.0	1311.89	1837.53
-31628.0	7830.0	1310.78	2032.54
-31628.0	7830.0	1309.68	1961.83
-31628.0	7830.0	1308.58	1922.92
-31628.0	7830.0	1307.48	1952.12
-31628.0	7830.0	1306.38	1963.16
-31628.0	7830.0	1305.28	1922.0
-31628.0	7830.0	1304.18	1978.41
-31628.0	7830.0	1303.07	1882.82
-31628.0	7830.0	1301.97	1943.76
-31628.0	7830.0	1300.87	2011.48
-31628.0	7830.0	1299.77	1965.81
-31628.0	7830.0	1298.66	1999.5
-31628.0	7830.0	1297.56	1976.51
-31628.0	7830.0	1296.46	1926.33
-31628.0	7830.0	1295.35	1921.49
-31628.0	7830.0	1294.25	1943.84
-31628.0	7830.0	1293.15	1995.63
-31628.0	7830.0	1292.04	2015.69
-31628.0	7830.0	1290.94	1976.87
-31628.0	7830.0	1289.83	2015.04
-31628.0	7830.0	1288.73	1951.33
-31628.0	7830.0	1287.63	2003.07
-31628.0	7830.0	1286.52	1943.91
-31628.0	7830.0	1285.42	1911.92
-31628.0	7830.0	1284.31	1938.76
-31628.0	7830.0	1283.21	1922.62
-31628.0	7830.0	1282.1	1892.91
-31628.0	7830.0	1280.99	1917.47
-31628.0	7830.0	1279.89	1935.25
-31628.0	7830.0	1278.78	1916.85
-31628.0	7830.0	1277.68	1950.45
-31628.0	7830.0	1276.57	1877.82
-31628.0	7830.0	1275.46	1924.96
-31628.0	7830.0	1274.36	1899.8
-31628.0	7830.0	1273.25	1994.36
-31628.0	7830.0	1272.14	1991.78
-31628.0	7830.0	1271.04	1930.49
-31628.0	7830.0	1269.93	1952.75
-31628.0	7830.0	1268.82	1882.46
-31628.0	7830.0	1267.71	1897.96
-31628.0	7830.0	1266.61	1899.9
-31628.0	7830.0	1265.5	1908.62
-31628.0	7830.0	1264.39	1937.63
-31628.0	7830.0	1263.28	1930.55
-31628.0	7830.0	1262.17	1878.38
-31628.0	7830.0	1261.06	1900.62
-31628.0	7830.0	1259.95	1893.54
-31628.0	7830.0	1258.84	1823.37
-31628.0	7830.0	1257.74	1834.34
-31628.0	7830.0	1256.63	1915.15
-31628.0	7830.0	1255.52	1860.77
-31628.0	7830.0	1254.41	1889.75
-31628.0	7830.0	1253.3	1916.47
-31628.0	7830.0	1252.19	1943.17
-31628.0	7830.0	1251.08	1967.62
-31628.0	7830.0	1249.96	1929.03
-31628.0	7830.0	1248.85	1910.72
-31628.0	7830.0	1247.74	1896.9
-31628.0	7830.0	1246.63	1941.59
-31628.0	7830.0	1245.52	1923.28
-31628.0	7830.0	1244.41	1898.22
-31628.0	7830.0	1243.3	1893.41
-31628.0	7830.0	1242.18	1956.06
-31628.0	7830.0	1241.07	1863.57
-31628.0	7830.0	1239.96	1903.72
-31628.0	7830.0	1238.85	1910.15
-31628.0	7830.0	1237.74	1858.16
-31628.0	7830.0	1236.62	1880.32
-31628.0	7830.0	1235.51	1837.33
-31628.0	7830.0	1234.4	1843.77
-31628.0	7830.0	1233.28	1931.04
-31628.0	7830.0	1232.17	1858.88
-31628.0	7830.0	1231.06	1829.39
-31628.0	7830.0	1229.94	1867.25
-31628.0	7830.0	1228.83	1831.04
-31628.0	7830.0	1227.71	1886.82
-31628.0	7830.0	1226.6	1891.0
-31628.0	7830.0	1225.48	1868.26
-31628.0	7830.0	1224.37	1858.98
-31628.0	7830.0	1223.25	1851.95
-31628.0	7830.0	1222.14	1979.42
-31628.0	7830.0	1221.02	1943.23
-31628.0	7830.0	1219.91	1924.98
-31628.0	7830.0	1218.79	1859.69
-31628.0	7830.0	1217.68	1848.18
-31628.0	7830.0	1216.56	1856.84
-31628.0	7830.0	1215.44	1937.15
-31628.0	7830.0	1214.33	1867.42
-31628.0	7830.0	1213.21	1817.86
-31628.0	7830.0	1212.09	1839.94
-31628.0	7830.0	1210.98	1817.25
-31628.0	7830.0	1209.86	1888.56
-31628.0	7830.0	1208.74	1843.5
-31628.0	7830.0	1207.62	1843.19
-31628.0	7830.0	1206.51	1827.23
-31628.0	7830.0	1205.39	1860.47
-31628.0	7830.0	1204.27	1840.04
-31628.0	7830.0	1203.15	1824.09
-31628.0	7830.0	1202.03	1917.66
-31628.0	7830.0	1200.91	1886.05
-31628.0	7830.0	1199.8	1809.77
-31628.0	7830.0	1198.68	1816.17
-31628.0	7830.0	1197.56	1822.57
-31628.0	7830.0	1196.44	1766.44
-31628.0	7830.0	1195.32	1725.96
-31628.0	7830.0	1194.2	1917.66
-31628.0	7830.0	1193.08	1848.14
-31628.0	7830.0	1191.96	1850.07
-31628.0	7830.0	1190.84	1809.59
-31628.0	7830.0	1189.72	1851.68
-31628.0	7830.0	1188.6	1815.68
-31628.0	7830.0	1187.48	1779.7
-31628.0	7830.0	1186.35	1821.77
-31628.0	7830.0	1185.23	1788.02
-31628.0	7830.0	1184.11	1767.66
-31628.0	7830.0	1182.99	1872.11
-31628.0	7830.0	1181.87	1853.97
-31628.0	7830.0	1180.75	1809.1
-31628.0	7830.0	1179.62	1813.25
-31628.0	7830.0	1178.5	1833.0
-31628.0	7830.0	1177.38	1837.14
-31628.0	7830.0	1176.26	1881.36
-31628.0	7830.0	1175.13	1832.07
-31628.0	7830.0	1174.01	1802.83
-31628.0	7830.0	1172.89	1820.33
-31628.0	7830.0	1171.76	1837.83
-31628.0	7830.0	1170.64	1884.23
-31628.0	7830.0	1169.51	1895.04
-31628.0	7830.0	1168.39	1843.57
-31628.0	7830.0	1167.27	1809.91
-31628.0	7830.0	1166.14	1780.7
-31628.0	7830.0	1165.02	1800.41
-31628.0	7830.0	1163.89	1771.22
-31628.0	7830.0	1162.77	1813.13
-31628.0	7830.0	1161.64	1841.71
-31628.0	7830.0	1160.52	1832.51
-31628.0	7830.0	1159.39	1761.14
-31628.0	7830.0	1158.26	1814.13
-31628.0	7830.0	1157.14	1824.93
-31628.0	7830.0	1156.01	1857.91
-31628.0	7830.0	1154.88	1799.9
-31628.0	7830.0	1153.76	1830.66
-31628.0	7830.0	1152.63	1746.04
-31628.0	7830.0	1151.5	1779.02
-31628.0	7830.0	1150.38	1823.07
-31628.0	7830.0	1149.25	1780.63
-31628.0	7830.0	1148.12	1800.29
-31628.0	7830.0	1146.99	1771.16
-31628.0	7830.0	1145.87	1728.75
-31628.0	7830.0	1144.74	1766.13
-31628.0	7830.0	1143.61	1781.34
-31628.0	7830.0	1142.48	1754.46
-31628.0	7830.0	1141.35	1798.45
-31628.0	7830.0	1140.22	1793.72
-31628.0	7830.0	1139.09	1766.85
-31628.0	7830.0	1137.97	1815.25
-31628.0	7830.0	1136.84	1874.7
-31628.0	7830.0	1135.71	1803.56
-31628.0	7830.0	1134.58	1774.49
-31628.0	7830.0	1133.45	1725.52
-31628.0	7830.0	1132.32	1756.19
-31628.0	7830.0	1131.19	1751.47
-31628.0	7830.0	1130.05	1755.6
-31628.0	7830.0	1128.92	1786.25
-31628.0	7830.0	1127.79	1785.94
-31628.0	7830.0	1126.66	1805.53
-31628.0	7830.0	1125.53	1769.86
-31628.0	7830.0	1124.4	1714.33
-31628.0	7830.0	1123.27	1725.08
-31628.0	7830.0	1122.13	1808.71
-31628.0	7830.0	1121.0	1744.37
-31628.0	7830.0	1119.87	1699.91
-31628.0	7830.0	1118.74	1832.06
-31628.0	7830.0	1117.6	1769.95
-31628.0	7830.0	1116.47	1749.79
-31628.0	7830.0	1115.34	1731.84
-31628.0	7830.0	1114.2	1738.16
-31628.0	7830.0	1113.07	1768.74
-31628.0	7830.0	1111.94	1832.38
-31628.0	7830.0	1110.8	1851.91
-31628.0	7830.0	1109.67	1770.03
-31628.0	7830.0	1108.54	1663.94
-31628.0	7830.0	1107.4	1681.28
-31628.0	7830.0	1106.27	1733.87
-31628.0	7830.0	1105.13	1702.73
-31628.0	7830.0	1104.0	1845.59
-31628.0	7830.0	1102.86	1719.76
-31628.0	7830.0	1101.72	1761.3
-31628.0	7830.0	1100.59	1657.53
-31628.0	7830.0	1099.45	1765.09
-31628.0	7830.0	1098.32	1747.18
-31628.0	7830.0	1097.18	1804.08
-31628.0	7830.0	1096.04	1801.57
-31628.0	7830.0	1094.91	1825.45
-31628.0	7830.0	1093.77	1796.55
-31628.0	7830.0	1092.63	1853.4
-31628.0	7830.0	1091.5	1758.56
-31628.0	7830.0	1090.36	1854.96
-31628.0	7830.0	1089.22	1740.37
-31628.0	7830.0	1088.08	1766.44
-31628.0	7830.0	1086.95	1691.44
-31628.0	7830.0	1085.81	1702.13
-31628.0	7830.0	1084.67	1827.0
-31628.0	7830.0	1083.53	1822.29
-31628.0	7830.0	1082.39	1751.73
-31628.0	7830.0	1081.25	1703.14
-31628.0	7830.0	1080.11	1700.65
-31628.0	7830.0	1078.97	1777.15
-31628.0	7830.0	1077.83	1713.22
-31628.0	7830.0	1076.69	1807.24
-31628.0	7830.0	1075.55	1763.06
-31628.0	7830.0	1074.41	1657.52
-31628.0	7830.0	1073.27	1679.15
-31628.0	7830.0	1072.13	1702.97
-31628.0	7830.0	1070.99	1788.13
-31628.0	7830.0	1069.85	1776.87
-31628.0	7830.0	1068.71	1719.6
-31628.0	7830.0	1067.57	1730.25
-31628.0	7830.0	1066.43	1738.71
-31628.0	7830.0	1065.28	1771.25
-31628.0	7830.0	1064.14	1795.02
-31628.0	7830.0	1063.0	1792.51
-31628.0	7830.0	1061.86	1684.98
-31628.0	7830.0	1060.71	1761.26
-31628.0	7830.0	1059.57	1745.64
-31628.0	7830.0	1058.43	1660.03
-31628.0	7830.0	1057.29	1629.13
-31628.0	7830.0	1056.14	1690.06
-31628.0	7830.0	1055.0	1661.35
-31628.0	7830.0	1053.85	1761.59
-31628.0	7830.0	1052.71	1627.99
-31628.0	7830.0	1051.57	1721.65
-31628.0	7830.0	1050.42	1738.82
-31628.0	7830.0	1049.28	1688.28
-31628.0	7830.0	1048.13	1729.47
-31628.0	7830.0	1046.99	1711.7
-31628.0	7830.0	1045.84	1659.01
-31628.0	7830.0	1044.7	1676.18
-31628.0	7830.0	1043.55	1780.63
-31628.0	7830.0	1042.4	1762.86
-31628.0	7830.0	1041.26	1688.38
-31628.0	7830.0	1040.11	1792.77
-31628.0	7830.0	1038.97	1790.28
-31628.0	7830.0	1037.82	1755.08
-31628.0	7830.0	1036.67	1785.29
-31628.0	7830.0	1035.53	1708.69
-31628.0	7830.0	1034.38	1745.43
-31628.0	7830.0	1033.23	1756.02
-31628.0	7830.0	1032.08	1705.61
-31628.0	7830.0	1030.94	1731.44
-31628.0	7830.0	1029.79	1722.42
-31628.0	7830.0	1028.64	1756.95
-31628.0	7830.0	1027.49	1778.41
-31628.0	7830.0	1026.34	1771.57
-31628.0	7830.0	1025.19	1723.38
-31628.0	7830.0	1024.04	1753.53
-31628.0	7830.0	1022.89	1709.72
-31628.0	7830.0	1021.74	1796.41
-31628.0	7830.0	1020.59	1702.59
-31628.0	7830.0	1019.45	1810.99
-31628.0	7830.0	1018.29	1793.28
-31628.0	7830.0	1017.14	1823.38
-31628.0	7830.0	1015.99	1775.26
-31628.0	7830.0	1014.84	1820.56
-31628.0	7830.0	1013.69	1789.83
-31628.0	7830.0	1012.54	1796.03
-31628.0	7830.0	1011.39	1784.85
-31628.0	7830.0	1010.24	1710.72
-31628.0	7830.0	1009.09	1829.8
-31628.0	7830.0	1007.93	1786.07
-31628.0	7830.0	1006.78	1853.01
-31628.0	7830.0	1005.63	1815.8
-31628.0	7830.0	1004.48	1887.05
-31628.0	7830.0	1003.32	1819.49
-31628.0	7830.0	1002.17	1801.82
-31628.0	7830.0	1001.02	1792.83
-31628.0	7830.0	999.865	1855.36
-31628.0	7830.0	998.711	1911.37
-31628.0	7830.0	997.558	1817.86
-31628.0	7830.0	996.403	1863.03
-31628.0	7830.0	995.249	1841.04
-31628.0	7830.0	994.095	1931.66
-31628.0	7830.0	992.94	1959.46
-31628.0	7830.0	991.785	1922.31
-31628.0	7830.0	990.63	1919.8
-31628.0	7830.0	989.475	1949.75
-31628.0	7830.0	988.319	2079.22
-31628.0	7830.0	987.164	1990.15
-31628.0	7830.0	986.008	2007.1
-31628.0	7830.0	984.852	2011.06
-31628.0	7830.0	983.695	1926.38
-31628.0	7830.0	982.539	2079.51
-31628.0	7830.0	981.382	2150.46
-31628.0	7830.0	980.225	2048.51
-31628.0	7830.0	979.068	2119.44
-31628.0	7830.0	977.911	2078.01
-31628.0	7830.0	976.753	2105.71
-31628.0	7830.0	975.595	2053.51
-31628.0	7830.0	974.437	2055.3
-31628.0	7830.0	973.279	2070.04
-31628.0	7830.0	972.121	2117.14
-31628.0	7830.0	970.962	2054.19
-31628.0	7830.0	969.803	2109.91
-31628.0	7830.0	968.644	2159.14
-31628.0	7830.0	967.485	2055.23
-31628.0	7830.0	966.326	2067.79
-31628.0	7830.0	965.166	2080.36
-31628.0	7830.0	964.006	2142.49
-31628.0	7830.0	962.846	2150.72
-31628.0	7830.0	961.686	2064.14
-31628.0	7830.0	960.525	2100.39
-31628.0	7830.0	959.365	2158.16
-31628.0	7830.0	958.204	2093.17
-31628.0	7830.0	957.043	2103.55
-31628.0	7830.0	955.881	2098.87
-31628.0	7830.0	954.72	2113.55
-31628.0	7830.0	953.558	2162.66
-31628.0	7830.0	952.396	2127.84
-31628.0	7830.0	951.234	2222.11
-31628.0	7830.0	950.071	2170.08
-31628.0	7830.0	948.909	2087.98
-31628.0	7830.0	947.746	2177.89
-31628.0	7830.0	946.583	2218.34
-31628.0	7830.0	945.42	2149.16
-31628.0	7830.0	944.256	2174.55
-31628.0	7830.0	943.092	2202.09
-31628.0	7830.0	941.929	2107.17
-31628.0	7830.0	940.765	2194.84
-31628.0	7830.0	939.6	2175.11
-31628.0	7830.0	938.436	2157.54
-31628.0	7830.0	937.271	2075.58
-31628.0	7830.0	936.106	2113.83
-31628.0	7830.0	934.941	2091.99
-31628.0	7830.0	933.775	2121.64
-31628.0	7830.0	932.61	1994.71
-31628.0	7830.0	931.444	2032.94
-31628.0	7830.0	930.278	2028.28
-31628.0	7830.0	929.112	1884.28
-31628.0	7830.0	927.945	1943.95
-31628.0	7830.0	926.779	1922.16
-31628.0	7830.0	925.612	1945.38
-31628.0	7830.0	924.445	1975.01
-31628.0	7830.0	923.278	1903.97
-31628.0	7830.0	922.11	1882.21
-31628.0	7830.0	920.942	1860.45
-31628.0	7830.0	919.774	1986.4
-31628.0	7830.0	918.606	1874.75
-31628.0	7830.0	917.438	1833.75
-31628.0	7830.0	916.269	1820.58
-31628.0	7830.0	915.1	1792.44
-31628.0	7830.0	913.931	1783.55
-31628.0	7830.0	912.762	1776.81
-31628.0	7830.0	911.593	1834.2
-31628.0	7830.0	910.423	1793.25
-31628.0	7830.0	909.253	1797.19
-31628.0	7830.0	908.083	1709.26
-31628.0	7830.0	906.913	1796.53
-31628.0	7830.0	905.742	1768.43
-31628.0	7830.0	904.572	1701.91
-31628.0	7830.0	903.401	1780.59
-31628.0	7830.0	902.229	1820.82
-31628.0	7830.0	901.058	1833.29
-31628.0	7830.0	899.886	1809.48
-31628.0	7830.0	898.715	1730.2
-31628.0	7830.0	897.543	1727.75
-31628.0	7830.0	896.37	1742.36
-31628.0	7830.0	895.198	1788.94
-31628.0	7830.0	894.025	1750.24
-31628.0	7830.0	892.852	1852.22
-31628.0	7830.0	891.679	1749.59
-31628.0	7830.0	890.506	1702.39
-31628.0	7830.0	889.332	1702.07
-31628.0	7830.0	888.158	1735.84
-31628.0	7830.0	886.984	1705.7
-31628.0	7830.0	885.81	1637.25
-31628.0	7830.0	884.636	1666.75
-31628.0	7830.0	883.461	1798.39
-31628.0	7830.0	882.286	1668.26
-31628.0	7830.0	881.111	1665.82
-31628.0	7830.0	879.936	1710.18
-31628.0	7830.0	878.76	1663.07
-31628.0	7830.0	877.584	1671.27
-31628.0	7830.0	876.408	1690.09
-31628.0	7830.0	875.232	1751.41
-31628.0	7830.0	874.056	1734.08
-31628.0	7830.0	872.879	1684.89
-31628.0	7830.0	871.702	1739.81
-31628.0	7830.0	870.525	1728.86
-31628.0	7830.0	869.348	1694.57
-31628.0	7830.0	868.17	1673.02
-31628.0	7830.0	866.993	1698.18
-31628.0	7830.0	865.815	1753.04
-31628.0	7830.0	864.637	1776.05
-31628.0	7830.0	863.458	1733.29
-31628.0	7830.0	862.28	1616.3
-31628.0	7830.0	861.101	1715.67
-31628.0	7830.0	859.922	1590.25
-31628.0	7830.0	858.742	1647.19
-31628.0	7830.0	857.563	1710.47
-31628.0	7830.0	856.383	1777.96
-31628.0	7830.0	855.203	1724.66
-31628.0	7830.0	854.023	1593.0
-31628.0	7830.0	852.843	1719.77
-31628.0	7830.0	851.662	1702.51
-31628.0	7830.0	850.481	1604.8
-31628.0	7830.0	849.3	1701.87
-31628.0	7830.0	848.119	1733.29
-31628.0	7830.0	846.937	1728.73
-31628.0	7830.0	845.756	1673.4
-31628.0	7830.0	844.574	1628.67
-31628.0	7830.0	843.392	1636.82
-31628.0	7830.0	842.209	1718.97
-31628.0	7830.0	841.027	1729.22
-31628.0	7830.0	839.844	1695.08
-31628.0	7830.0	838.661	1711.66
-31628.0	7830.0	837.477	1694.44
-31628.0	7830.0	836.294	1746.92
-31628.0	7830.0	835.11	1685.35
-31628.0	7830.0	833.926	1727.26
-31628.0	7830.0	832.742	1756.49
-31628.0	7830.0	831.558	1694.94
-31628.0	7830.0	830.373	1734.72
-31628.0	7830.0	829.188	1706.96
-31628.0	7830.0	828.003	1664.45
-31628.0	7830.0	826.818	1681.01
-31628.0	7830.0	825.632	1714.43
-31628.0	7830.0	824.446	1695.13
-31628.0	7830.0	823.26	1732.75
-31628.0	7830.0	822.074	1713.45
-31628.0	7830.0	820.888	1662.55
-31628.0	7830.0	819.701	1618.0
-31628.0	7830.0	818.514	1659.81
-31628.0	7830.0	817.327	1731.1
-31628.0	7830.0	816.14	1671.82
-31628.0	7830.0	814.952	1688.34
-31628.0	7830.0	813.765	1755.37
-31628.0	7830.0	812.577	1725.58
-31628.0	7830.0	811.388	1672.65
-31628.0	7830.0	810.2	1613.43
-31628.0	7830.0	809.011	1711.97
-31628.0	7830.0	807.822	1713.75
-31628.0	7830.0	806.633	1692.4
-31628.0	7830.0	805.444	1708.89
-31628.0	7830.0	804.254	1704.36
-31628.0	7830.0	803.064	1676.72
-31628.0	7830.0	801.874	1691.1
-31628.0	7830.0	800.684	1655.07
-31628.0	7830.0	799.493	1631.66
-31628.0	7830.0	798.303	1736.32
-31628.0	7830.0	797.112	1725.5
-31628.0	7830.0	795.921	1710.47
-31628.0	7830.0	794.729	1682.87
-31628.0	7830.0	793.538	1707.72
-31628.0	7830.0	792.346	1673.83
-31628.0	7830.0	791.154	1704.97
-31628.0	7830.0	789.961	1702.55
-31628.0	7830.0	788.769	1672.87
-31628.0	7830.0	787.576	1657.88
-31628.0	7830.0	786.383	1640.8
-31628.0	7830.0	785.19	1581.82
-31628.0	7830.0	783.996	1669.49
-31628.0	7830.0	782.802	1719.43
-31628.0	7830.0	781.608	1616.5
-31628.0	7830.0	780.414	1685.28
-31628.0	7830.0	779.22	1666.11
-31628.0	7830.0	778.025	1711.83
-31628.0	7830.0	776.83	1717.78
-31628.0	7830.0	775.635	1732.09
-31628.0	7830.0	774.44	1702.48
-31628.0	7830.0	773.244	1735.61
-31628.0	7830.0	772.049	1729.0
-31628.0	7830.0	770.853	1657.6
-31628.0	7830.0	769.656	1653.1
-31628.0	7830.0	768.46	1640.24
-31628.0	7830.0	767.263	1690.06
-31628.0	7830.0	766.066	1631.25
-31628.0	7830.0	764.869	1620.5
-31628.0	7830.0	763.672	1643.15
-31628.0	7830.0	762.474	1690.84
-31628.0	7830.0	761.276	1669.65
-31628.0	7830.0	760.078	1696.45
-31628.0	7830.0	758.88	1694.04
-31628.0	7830.0	757.681	1758.37
-31628.0	7830.0	756.483	1695.46
-31628.0	7830.0	755.284	1690.97
-31628.0	7830.0	754.084	1751.09
-31628.0	7830.0	752.885	1575.68
-31628.0	7830.0	751.685	1654.56
-31628.0	7830.0	750.485	1635.49
-31628.0	7830.0	749.285	1626.84
-31628.0	7830.0	748.085	1718.15
-31628.0	7830.0	746.884	1713.66
-31628.0	7830.0	745.683	1688.34
-31628.0	7830.0	744.482	1644.3
-31628.0	7830.0	743.281	1654.39
-31628.0	7830.0	742.079	1672.79
-31628.0	7830.0	740.877	1691.19
-31628.0	7830.0	739.675	1651.34
-31628.0	7830.0	738.473	1723.8
-31628.0	7830.0	737.27	1565.46
-31628.0	7830.0	736.068	1639.99
-31628.0	7830.0	734.865	1662.53
-31628.0	7830.0	733.661	1674.67
-31628.0	7830.0	732.458	1620.33
-31628.0	7830.0	731.254	1630.4
-31628.0	7830.0	730.05	1744.29
-31628.0	7830.0	728.846	1669.21
-31628.0	7830.0	727.642	1637.75
-31628.0	7830.0	726.437	1658.18
-31628.0	7830.0	725.232	1680.68
-31628.0	7830.0	724.027	1680.35
-31628.0	7830.0	722.822	1682.1
-31628.0	7830.0	721.616	1623.7
-31628.0	7830.0	720.41	1662.78
-31628.0	7830.0	719.204	1662.45
-31628.0	7830.0	717.998	1705.65
-31628.0	7830.0	716.791	1661.8
-31628.0	7830.0	715.585	1640.76
-31628.0	7830.0	714.378	1828.92
-31628.0	7830.0	713.17	1696.03
-31628.0	7830.0	711.963	1724.68
-31628.0	7830.0	710.755	1666.38
-31628.0	7830.0	709.547	1732.28
-31628.0	7830.0	708.339	1694.7
-31628.0	7830.0	707.131	1721.26
-31628.0	7830.0	705.922	1722.99
-31628.0	7830.0	704.713	1670.95
-31628.0	7830.0	703.504	1707.84
-31628.0	7830.0	702.295	1717.84
-31628.0	7830.0	701.085	1713.37
-31628.0	7830.0	699.875	1651.04
-31628.0	7830.0	698.665	1687.9
-31628.0	7830.0	697.455	1722.68
-31628.0	7830.0	696.244	1693.43
-31628.0	7830.0	695.034	1703.42
-31628.0	7830.0	693.822	1694.83
-31628.0	7830.0	692.611	1663.53
-31628.0	7830.0	691.4	1720.98
-31628.0	7830.0	690.188	1708.27
-31628.0	7830.0	688.976	1668.74
-31628.0	7830.0	687.764	1715.84
-31628.0	7830.0	686.551	1696.94
-31628.0	7830.0	685.339	1793.5
-31628.0	7830.0	684.126	1762.23
-31628.0	7830.0	682.912	1712.42
-31628.0	7830.0	681.699	1742.99
-31628.0	7830.0	680.485	1740.58
-31628.0	7830.0	679.271	1797.9
-31628.0	7830.0	678.057	1758.42
-31628.0	7830.0	676.843	1768.37
-31628.0	7830.0	675.628	1755.67
-31628.0	7830.0	674.413	1710.05
-31628.0	7830.0	673.198	1781.72
-31628.0	7830.0	671.983	1740.23
-31628.0	7830.0	670.767	1811.86
-31628.0	7830.0	669.551	1778.6
-31628.0	7830.0	668.335	1786.47
-31628.0	7830.0	667.119	1782.01
-31628.0	7830.0	665.902	1824.81
-31628.0	7830.0	664.686	1760.75
-31628.0	7830.0	663.469	1778.89
-31628.0	7830.0	662.251	1751.84
-31628.0	7830.0	661.034	1784.34
-31628.0	7830.0	659.816	1765.51
-31628.0	7830.0	658.598	1816.47
-31628.0	7830.0	657.38	1826.37
-31628.0	7830.0	656.161	1787.03
-31628.0	7830.0	654.942	1798.98
-31628.0	7830.0	653.723	1841.69
-31628.0	7830.0	652.504	1835.17
-31628.0	7830.0	651.285	1881.95
-31628.0	7830.0	650.065	1834.44
-31628.0	7830.0	648.845	1821.77
-31628.0	7830.0	647.625	1759.95
-31628.0	7830.0	646.404	1780.08
-31628.0	7830.0	645.184	1851.4
-31628.0	7830.0	643.963	1838.75
-31628.0	7830.0	642.742	1805.62
-31628.0	7830.0	641.52	1854.39
-31628.0	7830.0	640.298	1864.25
-31628.0	7830.0	639.076	1745.21
-31628.0	7830.0	637.854	1912.59
-31628.0	7830.0	636.632	1944.93
-31628.0	7830.0	635.409	1915.92
-31628.0	7830.0	634.186	1846.03
-31628.0	7830.0	632.963	1866.1
-31628.0	7830.0	631.74	1777.85
-31628.0	7830.0	630.516	1855.13
-31628.0	7830.0	629.292	1805.74
-31628.0	7830.0	628.068	1893.19
-31628.0	7830.0	626.844	1802.97
-31628.0	7830.0	625.619	1831.19
-31628.0	7830.0	624.394	1810.41
-31628.0	7830.0	623.169	1838.61
-31628.0	7830.0	621.944	1936.18
-31628.0	7830.0	620.718	1880.71
-31628.0	7830.0	619.492	1872.18
-31628.0	7830.0	618.266	1851.41
-31628.0	7830.0	617.04	1814.34
-31628.0	7830.0	615.813	1813.98
-31628.0	7830.0	614.587	1876.78
-31628.0	7830.0	613.36	1851.96
-31628.0	7830.0	612.132	1867.88
-31628.0	7830.0	610.905	1790.11
-31628.0	7830.0	609.677	1793.82
-31628.0	7830.0	608.449	1848.43
-31628.0	7830.0	607.22	1909.11
-31628.0	7830.0	605.992	1853.79
-31628.0	7830.0	604.763	1875.79
-31628.0	7830.0	603.534	1787.95
-31628.0	7830.0	602.305	1846.56
-31628.0	7830.0	601.075	1801.46
-31628.0	7830.0	599.845	1809.23
-31628.0	7830.0	598.615	1810.89
-31628.0	7830.0	597.385	1800.37
-31628.0	7830.0	596.154	1856.89
-31628.0	7830.0	594.924	1821.98
-31628.0	7830.0	593.693	1823.64
-31628.0	7830.0	592.461	1853.73
-31628.0	7830.0	591.23	1869.59
-31628.0	7830.0	589.998	1783.97
-31628.0	7830.0	588.766	1767.38
-31628.0	7830.0	587.534	1831.94
-31628.0	7830.0	586.301	1791.0
-31628.0	7830.0	585.068	1843.37
-31628.0	7830.0	583.835	1788.25
-31628.0	7830.0	582.602	1789.91
-31628.0	7830.0	581.368	1787.52
-31628.0	7830.0	580.134	1779.06
-31628.0	7830.0	578.9	1827.31
-31628.0	7830.0	577.666	1826.94
-31628.0	7830.0	576.432	1867.07
-31628.0	7830.0	575.197	1858.59
-31628.0	7830.0	573.962	1813.68
-31628.0	7830.0	572.726	1839.62
-31628.0	7830.0	571.491	1857.46
-31628.0	7830.0	570.255	1871.24
-31628.0	7830.0	569.019	1850.64
-31628.0	7830.0	567.783	1866.44
-31628.0	7830.0	566.546	1880.21
-31628.0	7830.0	565.309	1849.51
-31628.0	7830.0	564.072	1871.36
-31628.0	7830.0	562.835	1891.18
-31628.0	7830.0	561.597	1878.68
-31628.0	7830.0	560.359	1924.75
-31628.0	7830.0	559.121	1942.53
-31628.0	7830.0	557.883	1879.55
-31628.0	7830.0	556.644	1891.27
-31628.0	7830.0	555.406	1917.12
-31628.0	7830.0	554.167	1922.78
-31628.0	7830.0	552.927	1974.84
-31628.0	7830.0	551.688	1990.57
-31628.0	7830.0	550.448	2024.44
-31628.0	7830.0	549.208	2024.03
-31628.0	7830.0	547.967	2033.69
-31628.0	7830.0	546.727	2144.11
-31628.0	7830.0	545.486	2079.2
-31628.0	7830.0	544.245	2119.06
-31628.0	7830.0	543.003	2173.0
-31628.0	7830.0	541.762	2263.16
-31628.0	7830.0	540.52	2353.28
-31628.0	7830.0	539.278	2336.7
-31628.0	7830.0	538.035	2491.17
-31628.0	7830.0	536.793	2575.15
-31628.0	7830.0	535.55	2673.18
-31628.0	7830.0	534.307	2897.87
-31628.0	7830.0	533.063	2983.73
-31628.0	7830.0	531.82	3359.02
-31628.0	7830.0	530.576	3716.07
-31628.0	7830.0	529.331	4241.76
-31628.0	7830.0	528.087	4889.78
-31628.0	7830.0	526.842	5961.34
-31628.0	7830.0	525.597	7727.26
-31628.0	7830.0	524.352	9992.38
-31628.0	7830.0	523.107	14035.0
-31628.0	7830.0	521.861	20668.9
-31628.0	7830.0	520.615	24095.7
-31628.0	7830.0	519.369	21527.0
-31628.0	7830.0	518.122	18054.8
-31628.0	7830.0	516.876	15089.4
-31628.0	7830.0	515.629	12899.0
-31628.0	7830.0	514.381	10936.0
-31628.0	7830.0	513.134	9607.15
-31628.0	7830.0	511.886	8689.53
-31628.0	7830.0	510.638	7818.37
-31628.0	7830.0	509.39	7195.9
-31628.0	7830.0	508.141	6633.76
-31628.0	7830.0	506.892	6282.06
-31628.0	7830.0	505.643	5926.49
-31628.0	7830.0	504.394	5675.13
-31628.0	7830.0	503.145	5597.93
-31628.0	7830.0	501.895	5318.74
-31628.0	7830.0	500.645	5335.64
-31628.0	7830.0	499.394	5176.58
-31628.0	7830.0	498.144	5005.59
-31628.0	7830.0	496.893	4992.56
-31628.0	7830.0	495.642	5017.51
-31628.0	7830.0	494.39	4682.84
-31628.0	7830.0	493.139	4645.92
-31628.0	7830.0	491.887	4471.22
-31628.0	7830.0	490.635	4312.57
-31628.0	7830.0	489.382	4289.71
-31628.0	7830.0	488.13	4280.84
-31628.0	7830.0	486.877	4006.6
-31628.0	7830.0	485.623	4075.59
-31628.0	7830.0	484.37	3941.11
-31628.0	7830.0	483.116	3940.3
-31628.0	7830.0	481.862	3881.66
-31628.0	7830.0	480.608	3821.06
-31628.0	7830.0	479.354	3694.72
-31628.0	7830.0	478.099	3751.73
-31628.0	7830.0	476.844	3661.32
-31628.0	7830.0	475.588	3718.31
-31628.0	7830.0	474.333	3643.87
-31628.0	7830.0	473.077	3565.47
-31628.0	7830.0	471.821	3481.13
-31628.0	7830.0	470.565	3410.76
-31628.0	7830.0	469.308	3441.89
-31628.0	7830.0	468.051	3363.59
-31628.0	7830.0	466.794	3400.68
-31628.0	7830.0	465.537	3459.62
-31628.0	7830.0	464.279	3331.68
-31628.0	7830.0	463.021	3255.46
-31628.0	7830.0	461.763	3209.08
-31628.0	7830.0	460.505	3198.48
-31628.0	7830.0	459.246	3177.95
-31628.0	7830.0	457.987	3109.77
-31628.0	7830.0	456.728	3095.23
-31628.0	7830.0	455.469	3060.84
-31628.0	7830.0	454.209	2996.69
-31628.0	7830.0	452.949	2880.99
-31628.0	7830.0	451.689	2961.72
-31628.0	7830.0	450.428	2923.42
-31628.0	7830.0	449.167	2895.05
-31628.0	7830.0	447.906	2842.9
-31628.0	7830.0	446.645	2913.66
-31628.0	7830.0	445.383	2804.06
-31628.0	7830.0	444.122	2829.23
-31628.0	7830.0	442.86	2818.74
-31628.0	7830.0	441.597	2808.25
-31628.0	7830.0	440.335	2843.3
-31628.0	7830.0	439.072	2797.18
-31628.0	7830.0	437.809	2735.24
-31628.0	7830.0	436.545	2744.56
-31628.0	7830.0	435.281	2745.96
-31628.0	7830.0	434.018	2725.61
-31628.0	7830.0	432.753	2748.77
-31628.0	7830.0	431.489	2686.9
-31628.0	7830.0	430.224	2767.39
-31628.0	7830.0	428.959	2701.59
-31628.0	7830.0	427.694	2580.5
-31628.0	7830.0	426.428	2647.12
-31628.0	7830.0	425.163	2648.54
-31628.0	7830.0	423.896	2612.44
-31628.0	7830.0	422.63	2566.49
-31628.0	7830.0	421.364	2737.67
-31628.0	7830.0	420.097	2569.36
-31628.0	7830.0	418.83	2612.23
-31628.0	7830.0	417.562	2645.21
-31628.0	7830.0	416.295	2622.96
-31628.0	7830.0	415.027	2590.87
-31628.0	7830.0	413.758	2643.55
-31628.0	7830.0	412.49	2631.17
-31628.0	7830.0	411.221	2532.09
-31628.0	7830.0	409.952	2622.18
-31628.0	7830.0	408.683	2586.18
-31628.0	7830.0	407.414	2465.51
-31628.0	7830.0	406.144	2571.31
-31628.0	7830.0	404.874	2533.37
-31628.0	7830.0	403.603	2522.99
-31628.0	7830.0	402.333	2414.25
-31628.0	7830.0	401.062	2557.34
-31628.0	7830.0	399.791	2554.84
-31628.0	7830.0	398.519	2524.81
-31628.0	7830.0	397.248	2589.15
-31628.0	7830.0	395.976	2458.88
-31628.0	7830.0	394.704	2489.8
-31628.0	7830.0	393.431	2483.39
-31628.0	7830.0	392.159	2443.58
-31628.0	7830.0	390.886	2541.26
-31628.0	7830.0	389.612	2550.54
-31628.0	7830.0	388.339	2530.37
-31628.0	7830.0	387.065	2482.73
-31628.0	7830.0	385.791	2492.02
-31628.0	7830.0	384.517	2501.31
-31628.0	7830.0	383.242	2555.7
-31628.0	7830.0	381.967	2423.77
-31628.0	7830.0	380.692	2487.96
-31628.0	7830.0	379.417	2422.75
-31628.0	7830.0	378.141	2555.5
-31628.0	7830.0	376.865	2486.39
-31628.0	7830.0	375.589	2462.35
-31628.0	7830.0	374.312	2497.09
-31628.0	7830.0	373.035	2570.97
-31628.0	7830.0	371.758	2472.54
-31628.0	7830.0	370.481	2468.1
-31628.0	7830.0	369.204	2404.96
-31628.0	7830.0	367.926	2455.32
-31628.0	7830.0	366.648	2425.46
-31628.0	7830.0	365.369	2403.44
-31628.0	7830.0	364.091	2537.84
-31628.0	7830.0	362.812	2478.66
-31628.0	7830.0	361.532	2526.99
-31628.0	7830.0	360.253	2411.17
-31628.0	7830.0	358.973	2504.43
-31628.0	7830.0	357.693	2425.78
-31628.0	7830.0	356.413	2522.9
-31628.0	7830.0	355.132	2498.94
-31628.0	7830.0	353.852	2535.5
-31628.0	7830.0	352.571	2454.95
-31628.0	7830.0	351.289	2528.57
-31628.0	7830.0	350.008	2469.51
-31628.0	7830.0	348.726	2506.04
-31628.0	7830.0	347.444	2462.62
-31628.0	7830.0	346.161	2540.07
-31628.0	7830.0	344.878	2444.03
-31628.0	7830.0	343.595	2503.92
-31628.0	7830.0	342.312	2585.21
-31628.0	7830.0	341.029	2475.59
-31628.0	7830.0	339.745	2533.48
-31628.0	7830.0	338.461	2612.77
-31628.0	7830.0	337.176	2561.61
-31628.0	7830.0	335.892	2555.22
-31628.0	7830.0	334.607	2644.18
-31628.0	7830.0	333.322	2593.04
-31628.0	7830.0	332.036	2590.55
-31628.0	7830.0	330.75	2578.33
-31628.0	7830.0	329.464	2667.21
-31628.0	7830.0	328.178	2625.83
-31628.0	7830.0	326.892	2598.06
-31628.0	7830.0	325.605	2585.85
-31628.0	7830.0	324.318	2663.0
-31628.0	7830.0	323.03	2613.88
-31628.0	7830.0	321.743	2628.86
-31628.0	7830.0	320.455	2674.89
-31628.0	7830.0	319.167	2645.21
-31628.0	7830.0	317.878	2735.84
-31628.0	7830.0	316.59	2677.06
-31628.0	7830.0	315.301	2626.07
-31628.0	7830.0	314.011	2681.74
-31628.0	7830.0	312.722	2762.59
-31628.0	7830.0	311.432	2670.91
-31628.0	7830.0	310.142	2627.71
-31628.0	7830.0	308.851	2691.08
-31628.0	7830.0	307.561	2729.25
-31628.0	7830.0	306.27	2780.95
-31628.0	7830.0	304.979	2797.79
-31628.0	7830.0	303.687	2959.8
-31628.0	7830.0	302.395	2796.59
-31628.0	7830.0	301.103	2819.22
-31628.0	7830.0	299.811	2772.19
-31628.0	7830.0	298.519	2845.09
-31628.0	7830.0	297.226	2714.93
-31628.0	7830.0	295.933	2725.95
-31628.0	7830.0	294.639	2698.31
-31628.0	7830.0	293.345	2664.88
-31628.0	7830.0	292.052	2637.26
-31628.0	7830.0	290.757	2677.26
-31628.0	7830.0	289.463	2697.94
-31628.0	7830.0	288.168	2608.54
-31628.0	7830.0	286.873	2629.22
-31628.0	7830.0	285.578	2684.63
-31628.0	7830.0	284.282	2639.67
-31628.0	7830.0	282.986	2583.16
-31628.0	7830.0	281.69	2603.83
-31628.0	7830.0	280.393	2628.34
-31628.0	7830.0	279.097	2467.76
-31628.0	7830.0	277.8	2548.19
-31628.0	7830.0	276.502	2534.15
-31628.0	7830.0	275.205	2466.18
-31628.0	7830.0	273.907	2457.95
-31628.0	7830.0	272.609	2459.35
-31628.0	7830.0	271.311	2506.96
-31628.0	7830.0	270.012	2465.99
-31628.0	7830.0	268.713	2396.18
-31628.0	7830.0	267.414	2405.29
-31628.0	7830.0	266.114	2366.3
-31628.0	7830.0	264.814	2419.65
-31628.0	7830.0	263.514	2390.28
-31628.0	7830.0	262.214	2424.38
-31628.0	7830.0	260.913	2364.27
-31628.0	7830.0	259.613	2298.43
-31628.0	7830.0	258.311	2367.1
-31628.0	7830.0	257.01	2332.02
-31628.0	7830.0	255.708	2337.28
-31628.0	7830.0	254.406	2283.02
-31628.0	7830.0	253.104	2307.48
-31628.0	7830.0	251.801	2349.21
-31628.0	7830.0	250.499	2275.79
-31628.0	7830.0	249.195	2273.39
-31628.0	7830.0	247.892	2255.64
-31628.0	7830.0	246.588	2310.76
-31628.0	7830.0	245.284	2218.24
-31628.0	7830.0	243.98	2246.52
-31628.0	7830.0	242.676	2251.79
-31628.0	7830.0	241.371	2207.23
-31628.0	7830.0	240.066	2191.44
-31628.0	7830.0	238.76	2227.35
-31628.0	7830.0	237.455	2230.71
-31628.0	7830.0	236.149	2214.91
-31628.0	7830.0	234.843	2204.87
-31628.0	7830.0	233.536	2164.21
-31628.0	7830.0	232.229	2163.75
-31628.0	7830.0	230.922	2147.98
-31628.0	7830.0	229.615	2153.26
-31628.0	7830.0	228.307	2200.59
-31628.0	7830.0	227.0	2137.04
-31628.0	7830.0	225.691	2199.65
-31628.0	7830.0	224.383	2080.71
-31628.0	7830.0	223.074	2082.18
-31628.0	7830.0	221.765	2118.02
-31628.0	7830.0	220.456	2148.11
-31628.0	7830.0	219.146	2151.47
-31628.0	7830.0	217.836	2120.47
-31628.0	7830.0	216.526	2047.5
-31628.0	7830.0	215.216	2119.56
-31628.0	7830.0	213.905	2117.19
-31628.0	7830.0	212.594	2057.62
-31628.0	7830.0	211.283	2089.59
-31628.0	7830.0	209.971	2089.14
-31628.0	7830.0	208.66	2077.26
-31628.0	7830.0	207.348	2177.79
-31628.0	7830.0	206.035	2152.56
-31628.0	7830.0	204.722	2117.82
-31628.0	7830.0	203.409	2204.95
-31628.0	7830.0	202.096	2153.08
-31628.0	7830.0	200.783	2196.39
-31628.0	7830.0	199.469	2148.35
-31628.0	7830.0	198.155	2204.96
-31628.0	7830.0	196.84	2170.25
-31628.0	7830.0	195.526	2184.99
-31628.0	7830.0	194.211	2100.87
-31628.0	7830.0	192.896	2193.56
-31628.0	7830.0	191.58	2428.73
-31628.0	7830.0	190.264	2312.31
-31628.0	7830.0	188.948	2298.52
-31628.0	7830.0	187.632	2260.04
-31628.0	7830.0	186.315	2189.3
-31628.0	7830.0	184.998	2287.54
-31628.0	7830.0	183.681	2266.17
-31628.0	7830.0	182.364	2235.32
-31628.0	7830.0	181.046	2305.03
-31628.0	7830.0	179.728	2196.42
-31628.0	7830.0	178.41	2271.8
-31628.0	7830.0	177.091	2309.23
-31628.0	7830.0	175.772	2322.0
-31628.0	7830.0	174.453	2315.82
-31628.0	7830.0	173.133	2305.85
-31628.0	7830.0	171.814	2339.45
-31628.0	7830.0	170.494	2293.49
-31628.0	7830.0	169.173	2372.52
-31628.0	7830.0	167.853	2281.14
-31628.0	7830.0	166.532	2295.79
-31628.0	7830.0	165.211	2314.22
-31628.0	7830.0	163.889	2264.53
-31628.0	7830.0	162.567	2413.47
-31628.0	7830.0	161.245	2288.14
-31628.0	7830.0	159.923	2376.5
-31628.0	7830.0	158.6	2370.32
-31628.0	7830.0	157.278	2434.06
-31628.0	7830.0	155.954	2382.52
-31628.0	7830.0	154.631	2453.79
-31628.0	7830.0	153.307	2462.71
-31628.0	7830.0	151.983	2437.63
-31628.0	7830.0	150.659	2408.79
-31628.0	7830.0	149.334	2383.73
-31628.0	7830.0	148.009	2419.07
-31628.0	7830.0	146.684	2446.84
-31628.0	7830.0	145.359	2378.42
-31628.0	7830.0	144.033	2472.19
-31628.0	7830.0	142.707	2488.62
-31628.0	7830.0	141.381	2439.08
-31628.0	7830.0	140.054	2353.75
-31628.0	7830.0	138.727	2379.62
-31628.0	7830.0	137.4	2397.94
-31628.0	7830.0	136.072	2414.37
-31628.0	7830.0	134.745	2410.09
-31628.0	7830.0	133.417	2392.62
-31628.0	7830.0	132.088	2433.51
-31628.0	7830.0	130.76	2432.99
-31628.0	7830.0	129.431	2423.06
-31628.0	7830.0	128.102	2392.44
-31628.0	7830.0	126.772	2391.92
-31628.0	7830.0	125.442	2483.53
-31628.0	7830.0	124.112	2419.09
-31628.0	7830.0	122.782	2379.1
-31628.0	7830.0	121.451	2369.19
-31628.0	7830.0	120.12	2346.14
-31628.0	7830.0	118.789	2383.19
-31628.0	7830.0	117.458	2311.33
-31628.0	7830.0	116.126	2295.81
-31628.0	7830.0	114.794	2417.31
-31628.0	7830.0	113.462	2294.82
-31628.0	7830.0	112.129	2314.96
-31628.0	7830.0	110.796	2361.35
-31628.0	7830.0	109.463	2252.08
-31628.0	7830.0	108.129	2214.1
-31628.0	7830.0	106.796	2101.16
-31628.0	7830.0	105.461	2198.15
-31628.0	7830.0	104.127	2178.94
-31628.0	7830.0	102.792	2082.94
-31628.0	7830.0	101.457	2001.96
-31628.0	7830.0	100.122	1949.1
-31628.0	7830.0	98.7867	1978.63
-31628.0	7830.0	97.4509	1987.56
-31628.0	7830.0	96.1148	1931.0
-31628.0	7830.0	94.7784	1919.36
-31628.0	7830.0	93.4418	1844.13
-31628.0	7830.0	92.1048	1804.46
-31628.0	7830.0	90.7676	1837.73
-31628.0	7830.0	89.43	1805.55
-31628.0	7830.0	88.0922	1767.79
-31628.0	7830.0	86.7541	1797.3
-31628.0	7830.0	85.4157	1699.78
