-31624.0	7832.0	1311.89	1882.96
-31624.0	7832.0	1310.78	1937.16
-31624.0	7832.0	1309.68	1893.71
-31624.0	7832.0	1308.58	1877.52
-31624.0	7832.0	1307.48	1983.9
-31624.0	7832.0	1306.38	1926.85
-31624.0	7832.0	1305.28	1844.85
-31624.0	7832.0	1304.18	1926.23
-31624.0	7832.0	1303.07	1937.26
-31624.0	7832.0	1301.97	1927.88
-31624.0	7832.0	1300.87	1859.54
-31624.0	7832.0	1299.77	1906.86
-31624.0	7832.0	1298.66	1954.16
-31624.0	7832.0	1297.56	1999.18
-31624.0	7832.0	1296.46	1949.0
-31624.0	7832.0	1295.35	1930.56
-31624.0	7832.0	1294.25	1903.06
-31624.0	7832.0	1293.15	1943.53
-31624.0	7832.0	1292.04	1983.98
-31624.0	7832.0	1290.94	1922.52
-31624.0	7832.0	1289.83	1919.95
-31624.0	7832.0	1288.73	1899.27
-31624.0	7832.0	1287.63	1898.96
-31624.0	7832.0	1286.52	1864.71
-31624.0	7832.0	1285.42	1934.55
-31624.0	7832.0	1284.31	1941.02
-31624.0	7832.0	1283.21	1918.09
-31624.0	7832.0	1282.1	1892.91
-31624.0	7832.0	1280.99	1937.82
-31624.0	7832.0	1279.89	1842.56
-31624.0	7832.0	1278.78	1806.09
-31624.0	7832.0	1277.68	1936.89
-31624.0	7832.0	1276.57	1900.42
-31624.0	7832.0	1275.46	1949.82
-31624.0	7832.0	1274.36	1987.9
-31624.0	7832.0	1273.25	2025.98
-31624.0	7832.0	1272.14	1957.9
-31624.0	7832.0	1271.04	1939.52
-31624.0	7832.0	1269.93	2034.02
-31624.0	7832.0	1268.82	1877.95
-31624.0	7832.0	1267.71	1895.7
-31624.0	7832.0	1266.61	1906.67
-31624.0	7832.0	1265.5	1937.95
-31624.0	7832.0	1264.39	1908.31
-31624.0	7832.0	1263.28	1941.83
-31624.0	7832.0	1262.17	1853.57
-31624.0	7832.0	1261.06	1873.56
-31624.0	7832.0	1259.95	1900.31
-31624.0	7832.0	1258.84	1888.73
-31624.0	7832.0	1257.74	1931.24
-31624.0	7832.0	1256.63	1912.9
-31624.0	7832.0	1255.52	1854.01
-31624.0	7832.0	1254.41	1795.15
-31624.0	7832.0	1253.3	1993.04
-31624.0	7832.0	1252.19	1925.16
-31624.0	7832.0	1251.08	1931.6
-31624.0	7832.0	1249.96	1926.78
-31624.0	7832.0	1248.85	1899.46
-31624.0	7832.0	1247.74	1901.4
-31624.0	7832.0	1246.63	1916.84
-31624.0	7832.0	1245.52	1889.53
-31624.0	7832.0	1244.41	1875.73
-31624.0	7832.0	1243.3	1864.18
-31624.0	7832.0	1242.18	2005.52
-31624.0	7832.0	1241.07	1886.05
-31624.0	7832.0	1239.96	1921.7
-31624.0	7832.0	1238.85	1867.45
-31624.0	7832.0	1237.74	1954.77
-31624.0	7832.0	1236.62	1848.87
-31624.0	7832.0	1235.51	1895.73
-31624.0	7832.0	1234.4	1832.54
-31624.0	7832.0	1233.28	1899.6
-31624.0	7832.0	1232.17	1888.07
-31624.0	7832.0	1231.06	1863.06
-31624.0	7832.0	1229.94	1853.78
-31624.0	7832.0	1228.83	1815.33
-31624.0	7832.0	1227.71	1915.99
-31624.0	7832.0	1226.6	1899.97
-31624.0	7832.0	1225.48	1823.4
-31624.0	7832.0	1224.37	1867.95
-31624.0	7832.0	1223.25	1807.11
-31624.0	7832.0	1222.14	1858.37
-31624.0	7832.0	1221.02	1842.37
-31624.0	7832.0	1219.91	1806.21
-31624.0	7832.0	1218.79	1844.01
-31624.0	7832.0	1217.68	1854.9
-31624.0	7832.0	1216.56	1836.68
-31624.0	7832.0	1215.44	1867.73
-31624.0	7832.0	1214.33	1849.5
-31624.0	7832.0	1213.21	1835.77
-31624.0	7832.0	1212.09	1913.81
-31624.0	7832.0	1210.98	1792.64
-31624.0	7832.0	1209.86	1895.27
-31624.0	7832.0	1208.74	1886.01
-31624.0	7832.0	1207.62	1843.19
-31624.0	7832.0	1206.51	1838.42
-31624.0	7832.0	1205.39	1891.78
-31624.0	7832.0	1204.27	1797.56
-31624.0	7832.0	1203.15	1888.91
-31624.0	7832.0	1202.03	1857.31
-31624.0	7832.0	1200.91	1899.46
-31624.0	7832.0	1199.8	1861.16
-31624.0	7832.0	1198.68	1802.77
-31624.0	7832.0	1197.56	1873.94
-31624.0	7832.0	1196.44	1815.57
-31624.0	7832.0	1195.32	1797.4
-31624.0	7832.0	1194.2	1785.94
-31624.0	7832.0	1193.08	1821.36
-31624.0	7832.0	1191.96	1845.6
-31624.0	7832.0	1190.84	1874.3
-31624.0	7832.0	1189.72	1860.6
-31624.0	7832.0	1188.6	1853.6
-31624.0	7832.0	1187.48	1844.37
-31624.0	7832.0	1186.35	1839.6
-31624.0	7832.0	1185.23	1845.98
-31624.0	7832.0	1184.11	1774.35
-31624.0	7832.0	1182.99	1785.19
-31624.0	7832.0	1181.87	1764.84
-31624.0	7832.0	1180.75	1806.87
-31624.0	7832.0	1179.62	1846.67
-31624.0	7832.0	1178.5	1768.41
-31624.0	7832.0	1177.38	1854.96
-31624.0	7832.0	1176.26	1879.14
-31624.0	7832.0	1175.13	1825.4
-31624.0	7832.0	1174.01	1740.51
-31624.0	7832.0	1172.89	1818.11
-31624.0	7832.0	1171.76	1844.5
-31624.0	7832.0	1170.64	1861.99
-31624.0	7832.0	1169.51	1799.4
-31624.0	7832.0	1168.39	1821.33
-31624.0	7832.0	1167.27	1807.69
-31624.0	7832.0	1166.14	1760.7
-31624.0	7832.0	1165.02	1798.19
-31624.0	7832.0	1163.89	1771.22
-31624.0	7832.0	1162.77	1853.13
-31624.0	7832.0	1161.64	1806.16
-31624.0	7832.0	1160.52	1823.63
-31624.0	7832.0	1159.39	1732.27
-31624.0	7832.0	1158.26	1769.72
-31624.0	7832.0	1157.14	1731.68
-31624.0	7832.0	1156.01	1840.16
-31624.0	7832.0	1154.88	1735.53
-31624.0	7832.0	1153.76	1786.28
-31624.0	7832.0	1152.63	1768.23
-31624.0	7832.0	1151.5	1832.26
-31624.0	7832.0	1150.38	1785.37
-31624.0	7832.0	1149.25	1816.11
-31624.0	7832.0	1148.12	1764.81
-31624.0	7832.0	1146.99	1786.68
-31624.0	7832.0	1145.87	1817.41
-31624.0	7832.0	1144.74	1861.42
-31624.0	7832.0	1143.61	1686.07
-31624.0	7832.0	1142.48	1699.08
-31624.0	7832.0	1141.35	1813.96
-31624.0	7832.0	1140.22	1764.93
-31624.0	7832.0	1139.09	1806.7
-31624.0	7832.0	1137.97	1844.03
-31624.0	7832.0	1136.84	1819.37
-31624.0	7832.0	1135.71	1768.16
-31624.0	7832.0	1134.58	1820.96
-31624.0	7832.0	1133.45	1743.22
-31624.0	7832.0	1132.32	1804.86
-31624.0	7832.0	1131.19	1795.7
-31624.0	7832.0	1130.05	1729.06
-31624.0	7832.0	1128.92	1766.35
-31624.0	7832.0	1127.79	1752.79
-31624.0	7832.0	1126.66	1743.65
-31624.0	7832.0	1125.53	1734.51
-31624.0	7832.0	1124.4	1725.38
-31624.0	7832.0	1123.27	1771.47
-31624.0	7832.0	1122.13	1839.63
-31624.0	7832.0	1121.0	1817.23
-31624.0	7832.0	1119.87	1730.82
-31624.0	7832.0	1118.74	1741.56
-31624.0	7832.0	1117.6	1699.33
-31624.0	7832.0	1116.47	1734.34
-31624.0	7832.0	1115.34	1705.37
-31624.0	7832.0	1114.2	1735.96
-31624.0	7832.0	1113.07	1751.1
-31624.0	7832.0	1111.94	1799.31
-31624.0	7832.0	1110.8	1823.25
-31624.0	7832.0	1109.67	1756.81
-31624.0	7832.0	1108.54	1716.83
-31624.0	7832.0	1107.4	1725.35
-31624.0	7832.0	1106.27	1747.09
-31624.0	7832.0	1105.13	1735.77
-31624.0	7832.0	1104.0	1832.38
-31624.0	7832.0	1102.86	1710.95
-31624.0	7832.0	1101.72	1671.03
-31624.0	7832.0	1100.59	1620.11
-31624.0	7832.0	1099.45	1756.29
-31624.0	7832.0	1098.32	1764.79
-31624.0	7832.0	1097.18	1724.88
-31624.0	7832.0	1096.04	1737.78
-31624.0	7832.0	1094.91	1851.84
-31624.0	7832.0	1093.77	1847.13
-31624.0	7832.0	1092.63	1805.03
-31624.0	7832.0	1091.5	1826.7
-31624.0	7832.0	1090.36	1791.22
-31624.0	7832.0	1089.22	1751.36
-31624.0	7832.0	1088.08	1744.46
-31624.0	7832.0	1086.95	1746.36
-31624.0	7832.0	1085.81	1765.82
-31624.0	7832.0	1084.67	1818.22
-31624.0	7832.0	1083.53	1701.54
-31624.0	7832.0	1082.39	1696.85
-31624.0	7832.0	1081.25	1621.94
-31624.0	7832.0	1080.11	1733.57
-31624.0	7832.0	1078.97	1748.63
-31624.0	7832.0	1077.83	1695.68
-31624.0	7832.0	1076.69	1706.35
-31624.0	7832.0	1075.55	1649.04
-31624.0	7832.0	1074.41	1732.06
-31624.0	7832.0	1073.27	1703.26
-31624.0	7832.0	1072.13	1702.97
-31624.0	7832.0	1070.99	1722.39
-31624.0	7832.0	1069.85	1768.1
-31624.0	7832.0	1068.71	1710.84
-31624.0	7832.0	1067.57	1653.6
-31624.0	7832.0	1066.43	1714.62
-31624.0	7832.0	1065.28	1677.1
-31624.0	7832.0	1064.14	1685.56
-31624.0	7832.0	1063.0	1672.14
-31624.0	7832.0	1061.86	1744.06
-31624.0	7832.0	1060.71	1824.71
-31624.0	7832.0	1059.57	1833.14
-31624.0	7832.0	1058.43	1736.58
-31624.0	7832.0	1057.29	1683.8
-31624.0	7832.0	1056.14	1611.35
-31624.0	7832.0	1055.0	1683.21
-31624.0	7832.0	1053.85	1632.64
-31624.0	7832.0	1052.71	1741.62
-31624.0	7832.0	1051.57	1682.32
-31624.0	7832.0	1050.42	1751.93
-31624.0	7832.0	1049.28	1657.7
-31624.0	7832.0	1048.13	1727.29
-31624.0	7832.0	1046.99	1783.75
-31624.0	7832.0	1045.84	1595.71
-31624.0	7832.0	1044.7	1739.48
-31624.0	7832.0	1043.55	1715.17
-31624.0	7832.0	1042.4	1775.95
-31624.0	7832.0	1041.26	1777.82
-31624.0	7832.0	1040.11	1714.26
-31624.0	7832.0	1038.97	1679.07
-31624.0	7832.0	1037.82	1702.75
-31624.0	7832.0	1036.67	1695.91
-31624.0	7832.0	1035.53	1782.79
-31624.0	7832.0	1034.38	1695.31
-31624.0	7832.0	1033.23	1723.34
-31624.0	7832.0	1032.08	1781.85
-31624.0	7832.0	1030.94	1631.26
-31624.0	7832.0	1029.79	1772.51
-31624.0	7832.0	1028.64	1746.07
-31624.0	7832.0	1027.49	1767.53
-31624.0	7832.0	1026.34	1769.39
-31624.0	7832.0	1025.19	1779.96
-31624.0	7832.0	1024.04	1751.36
-31624.0	7832.0	1022.89	1724.94
-31624.0	7832.0	1021.74	1744.21
-31624.0	7832.0	1020.59	1796.09
-31624.0	7832.0	1019.45	1767.51
-31624.0	7832.0	1018.29	1758.5
-31624.0	7832.0	1017.14	1708.2
-31624.0	7832.0	1015.99	1723.11
-31624.0	7832.0	1014.84	1770.6
-31624.0	7832.0	1013.69	1772.45
-31624.0	7832.0	1012.54	1765.62
-31624.0	7832.0	1011.39	1754.45
-31624.0	7832.0	1010.24	1808.41
-31624.0	7832.0	1009.09	1808.09
-31624.0	7832.0	1007.93	1788.24
-31624.0	7832.0	1006.78	1807.45
-31624.0	7832.0	1005.63	1791.94
-31624.0	7832.0	1004.48	1808.97
-31624.0	7832.0	1003.32	1823.83
-31624.0	7832.0	1002.17	1918.9
-31624.0	7832.0	1001.02	1862.2
-31624.0	7832.0	999.865	1874.87
-31624.0	7832.0	998.711	1868.03
-31624.0	7832.0	997.558	1869.86
-31624.0	7832.0	996.403	1852.2
-31624.0	7832.0	995.249	1897.35
-31624.0	7832.0	994.095	1920.83
-31624.0	7832.0	992.94	1892.34
-31624.0	7832.0	991.785	1920.14
-31624.0	7832.0	990.63	1943.61
-31624.0	7832.0	989.475	1943.26
-31624.0	7832.0	988.319	1919.11
-31624.0	7832.0	987.164	1983.66
-31624.0	7832.0	986.008	1983.31
-31624.0	7832.0	984.852	1954.84
-31624.0	7832.0	983.695	2136.1
-31624.0	7832.0	982.539	2070.86
-31624.0	7832.0	981.382	2027.27
-31624.0	7832.0	980.225	1953.43
-31624.0	7832.0	979.068	2043.82
-31624.0	7832.0	977.911	1928.97
-31624.0	7832.0	976.753	2066.84
-31624.0	7832.0	975.595	2103.18
-31624.0	7832.0	974.437	2135.18
-31624.0	7832.0	973.279	2113.21
-31624.0	7832.0	972.121	2099.88
-31624.0	7832.0	970.962	2108.13
-31624.0	7832.0	969.803	2094.81
-31624.0	7832.0	968.644	2139.72
-31624.0	7832.0	967.485	2037.98
-31624.0	7832.0	966.326	2138.95
-31624.0	7832.0	965.166	2073.89
-31624.0	7832.0	964.006	2136.02
-31624.0	7832.0	962.846	2040.81
-31624.0	7832.0	961.686	2003.81
-31624.0	7832.0	960.525	2100.39
-31624.0	7832.0	959.365	2091.39
-31624.0	7832.0	958.204	2138.39
-31624.0	7832.0	957.043	2234.89
-31624.0	7832.0	955.881	2137.61
-31624.0	7832.0	954.72	2087.72
-31624.0	7832.0	953.558	2104.56
-31624.0	7832.0	952.396	2067.6
-31624.0	7832.0	951.234	2080.13
-31624.0	7832.0	950.071	2043.19
-31624.0	7832.0	948.909	2008.41
-31624.0	7832.0	947.746	2171.44
-31624.0	7832.0	946.583	2158.15
-31624.0	7832.0	945.42	2121.22
-31624.0	7832.0	944.256	2191.74
-31624.0	7832.0	943.092	2129.04
-31624.0	7832.0	941.929	2074.95
-31624.0	7832.0	940.765	2194.84
-31624.0	7832.0	939.6	2192.29
-31624.0	7832.0	938.436	2118.9
-31624.0	7832.0	937.271	2120.66
-31624.0	7832.0	936.106	2118.13
-31624.0	7832.0	934.941	2091.99
-31624.0	7832.0	933.775	2063.72
-31624.0	7832.0	932.61	2011.87
-31624.0	7832.0	931.444	1996.49
-31624.0	7832.0	930.278	1916.79
-31624.0	7832.0	929.112	2019.33
-31624.0	7832.0	927.945	1924.66
-31624.0	7832.0	926.779	1915.74
-31624.0	7832.0	925.612	1938.95
-31624.0	7832.0	924.445	1955.73
-31624.0	7832.0	923.278	1856.85
-31624.0	7832.0	922.11	1847.95
-31624.0	7832.0	920.942	1886.15
-31624.0	7832.0	919.774	1967.14
-31624.0	7832.0	918.606	1913.27
-31624.0	7832.0	917.438	1902.22
-31624.0	7832.0	916.269	1805.6
-31624.0	7832.0	915.1	1815.96
-31624.0	7832.0	913.931	1764.3
-31624.0	7832.0	912.762	1753.29
-31624.0	7832.0	911.593	1836.34
-31624.0	7832.0	910.423	1731.27
-31624.0	7832.0	909.253	1788.65
-31624.0	7832.0	908.083	1719.95
-31624.0	7832.0	906.913	1747.4
-31624.0	7832.0	905.742	1776.98
-31624.0	7832.0	904.572	1748.89
-31624.0	7832.0	903.401	1718.68
-31624.0	7832.0	902.229	1795.2
-31624.0	7832.0	901.058	1764.99
-31624.0	7832.0	899.886	1751.86
-31624.0	7832.0	898.715	1670.47
-31624.0	7832.0	897.543	1727.75
-31624.0	7832.0	896.37	1787.14
-31624.0	7832.0	895.198	1786.81
-31624.0	7832.0	894.025	1750.24
-31624.0	7832.0	892.852	1803.2
-31624.0	7832.0	891.679	1764.51
-31624.0	7832.0	890.506	1813.19
-31624.0	7832.0	889.332	1751.07
-31624.0	7832.0	888.158	1693.24
-31624.0	7832.0	886.984	1720.61
-31624.0	7832.0	885.81	1767.13
-31624.0	7832.0	884.636	1707.2
-31624.0	7832.0	883.461	1723.9
-31624.0	7832.0	882.286	1676.77
-31624.0	7832.0	881.111	1723.26
-31624.0	7832.0	879.936	1731.45
-31624.0	7832.0	878.76	1692.85
-31624.0	7832.0	877.584	1739.31
-31624.0	7832.0	876.408	1726.23
-31624.0	7832.0	875.232	1717.4
-31624.0	7832.0	874.056	1770.21
-31624.0	7832.0	872.879	1738.01
-31624.0	7832.0	871.702	1733.44
-31624.0	7832.0	870.525	1694.88
-31624.0	7832.0	869.348	1832.59
-31624.0	7832.0	868.17	1749.45
-31624.0	7832.0	866.993	1751.24
-31624.0	7832.0	865.815	1708.47
-31624.0	7832.0	864.637	1659.35
-31624.0	7832.0	863.458	1709.95
-31624.0	7832.0	862.28	1658.72
-31624.0	7832.0	861.101	1732.64
-31624.0	7832.0	859.922	1694.15
-31624.0	7832.0	858.742	1706.55
-31624.0	7832.0	857.563	1695.63
-31624.0	7832.0	856.383	1693.19
-31624.0	7832.0	855.203	1705.59
-31624.0	7832.0	854.023	1620.53
-31624.0	7832.0	852.843	1764.25
-31624.0	7832.0	851.662	1662.28
-31624.0	7832.0	850.481	1678.9
-31624.0	7832.0	849.3	1642.6
-31624.0	7832.0	848.119	1688.85
-31624.0	7832.0	846.937	1730.85
-31624.0	7832.0	845.756	1643.79
-31624.0	7832.0	844.574	1660.4
-31624.0	7832.0	843.392	1708.72
-31624.0	7832.0	842.209	1708.4
-31624.0	7832.0	841.027	1627.75
-31624.0	7832.0	839.844	1739.46
-31624.0	7832.0	838.661	1652.49
-31624.0	7832.0	837.477	1685.98
-31624.0	7832.0	836.294	1711.01
-31624.0	7832.0	835.11	1615.65
-31624.0	7832.0	833.926	1731.48
-31624.0	7832.0	832.742	1680.49
-31624.0	7832.0	831.558	1758.27
-31624.0	7832.0	830.373	1717.84
-31624.0	7832.0	829.188	1652.1
-31624.0	7832.0	828.003	1653.9
-31624.0	7832.0	826.818	1674.68
-31624.0	7832.0	825.632	1687.01
-31624.0	7832.0	824.446	1644.53
-31624.0	7832.0	823.26	1658.97
-31624.0	7832.0	822.074	1633.36
-31624.0	7832.0	820.888	1668.87
-31624.0	7832.0	819.701	1748.61
-31624.0	7832.0	818.514	1632.43
-31624.0	7832.0	817.327	1710.04
-31624.0	7832.0	816.14	1772.88
-31624.0	7832.0	814.952	1734.65
-31624.0	7832.0	813.765	1772.21
-31624.0	7832.0	812.577	1681.38
-31624.0	7832.0	811.388	1729.45
-31624.0	7832.0	810.2	1718.61
-31624.0	7832.0	809.011	1724.59
-31624.0	7832.0	807.822	1692.72
-31624.0	7832.0	806.633	1629.33
-31624.0	7832.0	805.444	1664.75
-31624.0	7832.0	804.254	1731.68
-31624.0	7832.0	803.064	1632.59
-31624.0	7832.0	801.874	1682.7
-31624.0	7832.0	800.684	1707.58
-31624.0	7832.0	799.493	1669.46
-31624.0	7832.0	798.303	1740.52
-31624.0	7832.0	797.112	1735.99
-31624.0	7832.0	795.921	1649.61
-31624.0	7832.0	794.729	1659.79
-31624.0	7832.0	793.538	1651.08
-31624.0	7832.0	792.346	1686.42
-31624.0	7832.0	791.154	1675.61
-31624.0	7832.0	789.961	1698.35
-31624.0	7832.0	788.769	1674.97
-31624.0	7832.0	787.576	1649.49
-31624.0	7832.0	786.383	1586.31
-31624.0	7832.0	785.19	1686.57
-31624.0	7832.0	783.996	1631.79
-31624.0	7832.0	782.802	1677.55
-31624.0	7832.0	781.608	1612.31
-31624.0	7832.0	780.414	1605.72
-31624.0	7832.0	779.22	1664.02
-31624.0	7832.0	778.025	1720.2
-31624.0	7832.0	776.83	1650.83
-31624.0	7832.0	775.635	1700.71
-31624.0	7832.0	774.44	1658.56
-31624.0	7832.0	773.244	1662.42
-31624.0	7832.0	772.049	1701.82
-31624.0	7832.0	770.853	1693.13
-31624.0	7832.0	769.656	1682.36
-31624.0	7832.0	768.46	1669.49
-31624.0	7832.0	767.263	1742.29
-31624.0	7832.0	766.066	1693.91
-31624.0	7832.0	764.869	1633.03
-31624.0	7832.0	763.672	1622.27
-31624.0	7832.0	762.474	1669.97
-31624.0	7832.0	761.276	1581.99
-31624.0	7832.0	760.078	1646.37
-31624.0	7832.0	758.88	1673.17
-31624.0	7832.0	757.681	1685.36
-31624.0	7832.0	756.483	1672.52
-31624.0	7832.0	755.284	1682.63
-31624.0	7832.0	754.084	1688.55
-31624.0	7832.0	752.885	1692.39
-31624.0	7832.0	751.685	1704.57
-31624.0	7832.0	750.485	1625.07
-31624.0	7832.0	749.285	1683.08
-31624.0	7832.0	748.085	1736.9
-31624.0	7832.0	746.884	1686.59
-31624.0	7832.0	745.683	1602.99
-31624.0	7832.0	744.482	1690.09
-31624.0	7832.0	743.281	1631.5
-31624.0	7832.0	742.079	1699.84
-31624.0	7832.0	740.877	1732.79
-31624.0	7832.0	739.675	1670.06
-31624.0	7832.0	738.473	1646.86
-31624.0	7832.0	737.27	1592.49
-31624.0	7832.0	736.068	1610.89
-31624.0	7832.0	734.865	1633.43
-31624.0	7832.0	733.661	1591.56
-31624.0	7832.0	732.458	1616.18
-31624.0	7832.0	731.254	1651.17
-31624.0	7832.0	730.05	1663.31
-31624.0	7832.0	728.846	1658.83
-31624.0	7832.0	727.642	1581.7
-31624.0	7832.0	726.437	1658.18
-31624.0	7832.0	725.232	1686.9
-31624.0	7832.0	724.027	1719.77
-31624.0	7832.0	722.822	1692.47
-31624.0	7832.0	721.616	1638.22
-31624.0	7832.0	720.41	1654.49
-31624.0	7832.0	719.204	1685.25
-31624.0	7832.0	717.998	1691.14
-31624.0	7832.0	716.791	1665.95
-31624.0	7832.0	715.585	1649.05
-31624.0	7832.0	714.378	1895.2
-31624.0	7832.0	713.17	1718.81
-31624.0	7832.0	711.963	1672.92
-31624.0	7832.0	710.755	1604.28
-31624.0	7832.0	709.547	1703.31
-31624.0	7832.0	708.339	1688.49
-31624.0	7832.0	707.131	1754.36
-31624.0	7832.0	705.922	1685.76
-31624.0	7832.0	704.713	1563.41
-31624.0	7832.0	703.504	1703.7
-31624.0	7832.0	702.295	1678.56
-31624.0	7832.0	701.085	1667.9
-31624.0	7832.0	699.875	1682.03
-31624.0	7832.0	698.665	1650.71
-31624.0	7832.0	697.455	1702.03
-31624.0	7832.0	696.244	1685.17
-31624.0	7832.0	695.034	1709.61
-31624.0	7832.0	693.822	1674.18
-31624.0	7832.0	692.611	1655.28
-31624.0	7832.0	691.4	1735.43
-31624.0	7832.0	690.188	1710.33
-31624.0	7832.0	688.976	1730.62
-31624.0	7832.0	687.764	1639.53
-31624.0	7832.0	686.551	1694.88
-31624.0	7832.0	685.339	1719.28
-31624.0	7832.0	684.126	1716.88
-31624.0	7832.0	682.912	1718.6
-31624.0	7832.0	681.699	1701.78
-31624.0	7832.0	680.485	1750.88
-31624.0	7832.0	679.271	1699.05
-31624.0	7832.0	678.057	1764.6
-31624.0	7832.0	676.843	1737.49
-31624.0	7832.0	675.628	1778.31
-31624.0	7832.0	674.413	1788.25
-31624.0	7832.0	673.198	1783.78
-31624.0	7832.0	671.983	1748.45
-31624.0	7832.0	670.767	1793.35
-31624.0	7832.0	669.551	1813.56
-31624.0	7832.0	668.335	1772.08
-31624.0	7832.0	667.119	1792.28
-31624.0	7832.0	665.902	1796.04
-31624.0	7832.0	664.686	1830.61
-31624.0	7832.0	663.469	1828.19
-31624.0	7832.0	662.251	1797.02
-31624.0	7832.0	661.034	1831.57
-31624.0	7832.0	659.816	1839.42
-31624.0	7832.0	658.598	1748.74
-31624.0	7832.0	657.38	1801.75
-31624.0	7832.0	656.161	1768.56
-31624.0	7832.0	654.942	1813.34
-31624.0	7832.0	653.723	1837.58
-31624.0	7832.0	652.504	1790.06
-31624.0	7832.0	651.285	1834.8
-31624.0	7832.0	650.065	1838.54
-31624.0	7832.0	648.845	1780.79
-31624.0	7832.0	647.625	1805.02
-31624.0	7832.0	646.404	1880.45
-31624.0	7832.0	645.184	1869.84
-31624.0	7832.0	643.963	1822.37
-31624.0	7832.0	642.742	1756.49
-31624.0	7832.0	641.52	1827.78
-31624.0	7832.0	640.298	1890.85
-31624.0	7832.0	639.076	1773.85
-31624.0	7832.0	637.854	1836.91
-31624.0	7832.0	636.632	1922.44
-31624.0	7832.0	635.409	1766.65
-31624.0	7832.0	634.186	1799.01
-31624.0	7832.0	632.963	1772.08
-31624.0	7832.0	631.74	1851.42
-31624.0	7832.0	630.516	1873.52
-31624.0	7832.0	629.292	1775.1
-31624.0	7832.0	628.068	1827.84
-31624.0	7832.0	626.844	1866.27
-31624.0	7832.0	625.619	1878.14
-31624.0	7832.0	624.394	1853.27
-31624.0	7832.0	623.169	1781.48
-31624.0	7832.0	621.944	1830.08
-31624.0	7832.0	620.718	1860.31
-31624.0	7832.0	619.492	1868.1
-31624.0	7832.0	618.266	1847.33
-31624.0	7832.0	617.04	1908.12
-31624.0	7832.0	615.813	1842.51
-31624.0	7832.0	614.587	1852.33
-31624.0	7832.0	613.36	1868.25
-31624.0	7832.0	612.132	1898.43
-31624.0	7832.0	610.905	1855.28
-31624.0	7832.0	609.677	1828.44
-31624.0	7832.0	608.449	1897.28
-31624.0	7832.0	607.22	1900.97
-31624.0	7832.0	605.992	1943.32
-31624.0	7832.0	604.763	1786.27
-31624.0	7832.0	603.534	1824.56
-31624.0	7832.0	602.305	1842.5
-31624.0	7832.0	601.075	1781.13
-31624.0	7832.0	599.845	1835.65
-31624.0	7832.0	598.615	1843.41
-31624.0	7832.0	597.385	1822.72
-31624.0	7832.0	596.154	1852.82
-31624.0	7832.0	594.924	1846.36
-31624.0	7832.0	593.693	1831.77
-31624.0	7832.0	592.461	1790.79
-31624.0	7832.0	591.23	1822.9
-31624.0	7832.0	589.998	1806.3
-31624.0	7832.0	588.766	1864.78
-31624.0	7832.0	587.534	1809.62
-31624.0	7832.0	586.301	1754.49
-31624.0	7832.0	585.068	1792.67
-31624.0	7832.0	583.835	1820.69
-31624.0	7832.0	582.602	1836.54
-31624.0	7832.0	581.368	1779.42
-31624.0	7832.0	580.134	1819.58
-31624.0	7832.0	578.9	1798.95
-31624.0	7832.0	577.666	1828.97
-31624.0	7832.0	576.432	1834.67
-31624.0	7832.0	575.197	1830.25
-31624.0	7832.0	573.962	1795.47
-31624.0	7832.0	572.726	1882.12
-31624.0	7832.0	571.491	1861.51
-31624.0	7832.0	570.255	1780.21
-31624.0	7832.0	569.019	1893.11
-31624.0	7832.0	567.783	1848.24
-31624.0	7832.0	566.546	1847.86
-31624.0	7832.0	565.309	1813.12
-31624.0	7832.0	564.072	1849.13
-31624.0	7832.0	562.835	1895.22
-31624.0	7832.0	561.597	1866.56
-31624.0	7832.0	560.359	1845.98
-31624.0	7832.0	559.121	1910.22
-31624.0	7832.0	557.883	1889.64
-31624.0	7832.0	556.644	1909.44
-31624.0	7832.0	555.406	1923.18
-31624.0	7832.0	554.167	1930.85
-31624.0	7832.0	552.927	2009.13
-31624.0	7832.0	551.688	2030.9
-31624.0	7832.0	550.448	2014.36
-31624.0	7832.0	549.208	2076.44
-31624.0	7832.0	547.967	2108.26
-31624.0	7832.0	546.727	2083.65
-31624.0	7832.0	545.486	2111.43
-31624.0	7832.0	544.245	2239.92
-31624.0	7832.0	543.003	2237.44
-31624.0	7832.0	541.762	2239.0
-31624.0	7832.0	540.52	2311.01
-31624.0	7832.0	539.278	2292.42
-31624.0	7832.0	538.035	2378.48
-31624.0	7832.0	536.793	2561.07
-31624.0	7832.0	535.55	2729.5
-31624.0	7832.0	534.307	2863.68
-31624.0	7832.0	533.063	3062.14
-31624.0	7832.0	531.82	3314.8
-31624.0	7832.0	530.576	3643.72
-31624.0	7832.0	529.331	4259.85
-31624.0	7832.0	528.087	4944.02
-31624.0	7832.0	526.842	5846.85
-31624.0	7832.0	525.597	7518.42
-31624.0	7832.0	524.352	9930.14
-31624.0	7832.0	523.107	14051.1
-31624.0	7832.0	521.861	20757.2
-31624.0	7832.0	520.615	23969.3
-31624.0	7832.0	519.369	21595.2
-31624.0	7832.0	518.122	18133.1
-31624.0	7832.0	516.876	14995.1
-31624.0	7832.0	515.629	12688.5
-31624.0	7832.0	514.381	10803.8
-31624.0	7832.0	513.134	9549.04
-31624.0	7832.0	511.886	8515.22
-31624.0	7832.0	510.638	7830.39
-31624.0	7832.0	509.39	7165.86
-31624.0	7832.0	508.141	6687.82
-31624.0	7832.0	506.892	6143.92
-31624.0	7832.0	505.643	5906.48
-31624.0	7832.0	504.394	5735.16
-31624.0	7832.0	503.145	5571.92
-31624.0	7832.0	501.895	5394.75
-31624.0	7832.0	500.645	5205.65
-31624.0	7832.0	499.394	5108.6
-31624.0	7832.0	498.144	4993.6
-31624.0	7832.0	496.893	4912.62
-31624.0	7832.0	495.642	4745.75
-31624.0	7832.0	494.39	4700.82
-31624.0	7832.0	493.139	4619.95
-31624.0	7832.0	491.887	4501.17
-31624.0	7832.0	490.635	4320.55
-31624.0	7832.0	489.382	4297.7
-31624.0	7832.0	488.13	4087.26
-31624.0	7832.0	486.877	4014.58
-31624.0	7832.0	485.623	4013.75
-31624.0	7832.0	484.37	3887.26
-31624.0	7832.0	483.116	3906.4
-31624.0	7832.0	481.862	3789.96
-31624.0	7832.0	480.608	3703.46
-31624.0	7832.0	479.354	3692.73
-31624.0	7832.0	478.099	3697.94
-31624.0	7832.0	476.844	3697.17
-31624.0	7832.0	475.588	3626.7
-31624.0	7832.0	474.333	3556.25
-31624.0	7832.0	473.077	3587.37
-31624.0	7832.0	471.821	3552.79
-31624.0	7832.0	470.565	3490.36
-31624.0	7832.0	469.308	3441.89
-31624.0	7832.0	468.051	3480.95
-31624.0	7832.0	466.794	3400.68
-31624.0	7832.0	465.537	3350.27
-31624.0	7832.0	464.279	3274.03
-31624.0	7832.0	463.021	3233.6
-31624.0	7832.0	461.763	3199.15
-31624.0	7832.0	460.505	3240.2
-31624.0	7832.0	459.246	3158.09
-31624.0	7832.0	457.987	3123.67
-31624.0	7832.0	456.728	3037.65
-31624.0	7832.0	455.469	3003.27
-31624.0	7832.0	454.209	2953.03
-31624.0	7832.0	452.949	2932.58
-31624.0	7832.0	451.689	2870.47
-31624.0	7832.0	450.428	2879.79
-31624.0	7832.0	449.167	2914.88
-31624.0	7832.0	447.906	2884.53
-31624.0	7832.0	446.645	2885.91
-31624.0	7832.0	445.383	2782.26
-31624.0	7832.0	444.122	2831.21
-31624.0	7832.0	442.86	2703.85
-31624.0	7832.0	441.597	2802.31
-31624.0	7832.0	440.335	2756.18
-31624.0	7832.0	439.072	2757.58
-31624.0	7832.0	437.809	2770.86
-31624.0	7832.0	436.545	2738.62
-31624.0	7832.0	435.281	2637.15
-31624.0	7832.0	434.018	2684.07
-31624.0	7832.0	432.753	2758.66
-31624.0	7832.0	431.489	2686.9
-31624.0	7832.0	430.224	2729.83
-31624.0	7832.0	428.959	2709.49
-31624.0	7832.0	427.694	2620.01
-31624.0	7832.0	426.428	2712.31
-31624.0	7832.0	425.163	2672.24
-31624.0	7832.0	423.896	2675.63
-31624.0	7832.0	422.63	2714.56
-31624.0	7832.0	421.364	2694.25
-31624.0	7832.0	420.097	2638.43
-31624.0	7832.0	418.83	2651.69
-31624.0	7832.0	417.562	2562.36
-31624.0	7832.0	416.295	2595.35
-31624.0	7832.0	415.027	2561.29
-31624.0	7832.0	413.758	2501.61
-31624.0	7832.0	412.49	2562.18
-31624.0	7832.0	411.221	2492.68
-31624.0	7832.0	409.952	2588.69
-31624.0	7832.0	408.683	2643.3
-31624.0	7832.0	407.414	2498.99
-31624.0	7832.0	406.144	2606.75
-31624.0	7832.0	404.874	2462.5
-31624.0	7832.0	403.603	2469.86
-31624.0	7832.0	402.333	2589.36
-31624.0	7832.0	401.062	2563.24
-31624.0	7832.0	399.791	2476.17
-31624.0	7832.0	398.519	2442.22
-31624.0	7832.0	397.248	2516.41
-31624.0	7832.0	395.976	2508.02
-31624.0	7832.0	394.704	2517.32
-31624.0	7832.0	393.431	2465.7
-31624.0	7832.0	392.159	2476.97
-31624.0	7832.0	390.886	2535.37
-31624.0	7832.0	389.612	2470.04
-31624.0	7832.0	388.339	2353.7
-31624.0	7832.0	387.065	2470.96
-31624.0	7832.0	385.791	2474.36
-31624.0	7832.0	384.517	2489.53
-31624.0	7832.0	383.242	2479.2
-31624.0	7832.0	381.967	2406.12
-31624.0	7832.0	380.692	2511.49
-31624.0	7832.0	379.417	2465.87
-31624.0	7832.0	378.141	2553.54
-31624.0	7832.0	376.865	2517.73
-31624.0	7832.0	375.589	2499.57
-31624.0	7832.0	374.312	2434.41
-31624.0	7832.0	373.035	2498.52
-31624.0	7832.0	371.758	2509.74
-31624.0	7832.0	370.481	2499.42
-31624.0	7832.0	369.204	2526.29
-31624.0	7832.0	367.926	2535.53
-31624.0	7832.0	366.648	2421.55
-31624.0	7832.0	365.369	2477.75
-31624.0	7832.0	364.091	2533.93
-31624.0	7832.0	362.812	2443.47
-31624.0	7832.0	361.532	2484.0
-31624.0	7832.0	360.253	2518.64
-31624.0	7832.0	358.973	2490.76
-31624.0	7832.0	357.693	2511.72
-31624.0	7832.0	356.413	2515.09
-31624.0	7832.0	355.132	2524.32
-31624.0	7832.0	353.852	2502.31
-31624.0	7832.0	352.571	2406.16
-31624.0	7832.0	351.289	2468.09
-31624.0	7832.0	350.008	2446.11
-31624.0	7832.0	348.726	2420.23
-31624.0	7832.0	347.444	2491.86
-31624.0	7832.0	346.161	2471.84
-31624.0	7832.0	344.878	2570.72
-31624.0	7832.0	343.595	2513.66
-31624.0	7832.0	342.312	2571.57
-31624.0	7832.0	341.029	2537.92
-31624.0	7832.0	339.745	2496.48
-31624.0	7832.0	338.461	2569.94
-31624.0	7832.0	337.176	2524.62
-31624.0	7832.0	335.892	2535.76
-31624.0	7832.0	334.607	2568.3
-31624.0	7832.0	333.322	2559.97
-31624.0	7832.0	332.036	2569.15
-31624.0	7832.0	330.75	2541.39
-31624.0	7832.0	329.464	2540.85
-31624.0	7832.0	328.178	2614.16
-31624.0	7832.0	326.892	2634.98
-31624.0	7832.0	325.605	2665.51
-31624.0	7832.0	324.318	2589.19
-31624.0	7832.0	323.03	2662.43
-31624.0	7832.0	321.743	2593.91
-31624.0	7832.0	320.455	2622.48
-31624.0	7832.0	319.167	2602.51
-31624.0	7832.0	317.878	2689.27
-31624.0	7832.0	316.59	2684.82
-31624.0	7832.0	315.301	2721.1
-31624.0	7832.0	314.011	2778.69
-31624.0	7832.0	312.722	2700.56
-31624.0	7832.0	311.432	2630.2
-31624.0	7832.0	310.142	2662.59
-31624.0	7832.0	308.851	2691.08
-31624.0	7832.0	307.561	2789.29
-31624.0	7832.0	306.27	2773.21
-31624.0	7832.0	304.979	2780.36
-31624.0	7832.0	303.687	2886.24
-31624.0	7832.0	302.395	2763.69
-31624.0	7832.0	301.103	2757.3
-31624.0	7832.0	299.811	2748.97
-31624.0	7832.0	298.519	2839.29
-31624.0	7832.0	297.226	2772.94
-31624.0	7832.0	295.933	2702.75
-31624.0	7832.0	294.639	2731.17
-31624.0	7832.0	293.345	2709.33
-31624.0	7832.0	292.052	2724.2
-31624.0	7832.0	290.757	2634.77
-31624.0	7832.0	289.463	2582.06
-31624.0	7832.0	288.168	2691.57
-31624.0	7832.0	286.873	2650.45
-31624.0	7832.0	285.578	2572.69
-31624.0	7832.0	284.282	2579.86
-31624.0	7832.0	282.986	2608.24
-31624.0	7832.0	281.69	2555.61
-31624.0	7832.0	280.393	2562.78
-31624.0	7832.0	279.097	2465.83
-31624.0	7832.0	277.8	2503.86
-31624.0	7832.0	276.502	2543.79
-31624.0	7832.0	275.205	2589.49
-31624.0	7832.0	273.907	2463.72
-31624.0	7832.0	272.609	2422.75
-31624.0	7832.0	271.311	2439.56
-31624.0	7832.0	270.012	2537.22
-31624.0	7832.0	268.713	2380.78
-31624.0	7832.0	267.414	2364.88
-31624.0	7832.0	266.114	2397.08
-31624.0	7832.0	264.814	2356.17
-31624.0	7832.0	263.514	2332.59
-31624.0	7832.0	262.214	2314.79
-31624.0	7832.0	260.913	2337.36
-31624.0	7832.0	259.613	2290.74
-31624.0	7832.0	258.311	2282.56
-31624.0	7832.0	257.01	2362.75
-31624.0	7832.0	255.708	2323.84
-31624.0	7832.0	254.406	2300.3
-31624.0	7832.0	253.104	2288.29
-31624.0	7832.0	251.801	2230.22
-31624.0	7832.0	250.499	2214.39
-31624.0	7832.0	249.195	2164.03
-31624.0	7832.0	247.892	2246.05
-31624.0	7832.0	246.588	2212.96
-31624.0	7832.0	245.284	2206.74
-31624.0	7832.0	243.98	2190.93
-31624.0	7832.0	242.676	2182.79
-31624.0	7832.0	241.371	2216.81
-31624.0	7832.0	240.066	2250.82
-31624.0	7832.0	238.76	2146.92
-31624.0	7832.0	237.455	2163.69
-31624.0	7832.0	236.149	2226.4
-31624.0	7832.0	234.843	2191.47
-31624.0	7832.0	233.536	2187.17
-31624.0	7832.0	232.229	2079.57
-31624.0	7832.0	230.922	2140.33
-31624.0	7832.0	229.615	2193.41
-31624.0	7832.0	228.307	2143.23
-31624.0	7832.0	227.0	2114.1
-31624.0	7832.0	225.691	2127.03
-31624.0	7832.0	224.383	2076.89
-31624.0	7832.0	223.074	2019.14
-31624.0	7832.0	221.765	2081.73
-31624.0	7832.0	220.456	2094.65
-31624.0	7832.0	219.146	2090.38
-31624.0	7832.0	217.836	2141.46
-31624.0	7832.0	216.526	2041.78
-31624.0	7832.0	215.216	2100.48
-31624.0	7832.0	213.905	2054.25
-31624.0	7832.0	212.594	2111.02
-31624.0	7832.0	211.283	2148.69
-31624.0	7832.0	209.971	2171.11
-31624.0	7832.0	208.66	2041.05
-31624.0	7832.0	207.348	2139.69
-31624.0	7832.0	206.035	2156.37
-31624.0	7832.0	204.722	2102.58
-31624.0	7832.0	203.409	2149.73
-31624.0	7832.0	202.096	2128.33
-31624.0	7832.0	200.783	2141.19
-31624.0	7832.0	199.469	2123.61
-31624.0	7832.0	198.155	2180.22
-31624.0	7832.0	196.84	2202.58
-31624.0	7832.0	195.526	2211.61
-31624.0	7832.0	194.211	2251.06
-31624.0	7832.0	192.896	2208.76
-31624.0	7832.0	191.58	2462.94
-31624.0	7832.0	190.264	2299.01
-31624.0	7832.0	188.948	2232.03
-31624.0	7832.0	187.632	2208.76
-31624.0	7832.0	186.315	2227.27
-31624.0	7832.0	184.998	2255.27
-31624.0	7832.0	183.681	2258.58
-31624.0	7832.0	182.364	2254.3
-31624.0	7832.0	181.046	2259.5
-31624.0	7832.0	179.728	2289.36
-31624.0	7832.0	178.41	2252.84
-31624.0	7832.0	177.091	2286.48
-31624.0	7832.0	175.772	2270.82
-31624.0	7832.0	174.453	2281.71
-31624.0	7832.0	173.133	2355.11
-31624.0	7832.0	171.814	2254.2
-31624.0	7832.0	170.494	2318.11
-31624.0	7832.0	169.173	2393.35
-31624.0	7832.0	167.853	2271.68
-31624.0	7832.0	166.532	2354.46
-31624.0	7832.0	165.211	2374.77
-31624.0	7832.0	163.889	2400.74
-31624.0	7832.0	162.567	2290.52
-31624.0	7832.0	161.245	2350.54
-31624.0	7832.0	159.923	2350.04
-31624.0	7832.0	158.6	2377.88
-31624.0	7832.0	157.278	2398.16
-31624.0	7832.0	155.954	2382.52
-31624.0	7832.0	154.631	2414.12
-31624.0	7832.0	153.307	2536.36
-31624.0	7832.0	151.983	2420.63
-31624.0	7832.0	150.659	2388.02
-31624.0	7832.0	149.334	2453.56
-31624.0	7832.0	148.009	2477.56
-31624.0	7832.0	146.684	2409.11
-31624.0	7832.0	145.359	2446.32
-31624.0	7832.0	144.033	2462.76
-31624.0	7832.0	142.707	2366.08
-31624.0	7832.0	141.381	2427.77
-31624.0	7832.0	140.054	2359.4
-31624.0	7832.0	138.727	2362.66
-31624.0	7832.0	137.4	2348.97
-31624.0	7832.0	136.072	2380.48
-31624.0	7832.0	134.745	2376.2
-31624.0	7832.0	133.417	2347.45
-31624.0	7832.0	132.088	2384.58
-31624.0	7832.0	130.76	2404.76
-31624.0	7832.0	129.431	2398.6
-31624.0	7832.0	128.102	2441.34
-31624.0	7832.0	126.772	2410.73
-31624.0	7832.0	125.442	2427.13
-31624.0	7832.0	124.112	2325.1
-31624.0	7832.0	122.782	2356.55
-31624.0	7832.0	121.451	2341.01
-31624.0	7832.0	120.12	2316.08
-31624.0	7832.0	118.789	2371.92
-31624.0	7832.0	117.458	2333.86
-31624.0	7832.0	116.126	2314.58
-31624.0	7832.0	114.794	2340.36
-31624.0	7832.0	113.462	2311.71
-31624.0	7832.0	112.129	2333.72
-31624.0	7832.0	110.796	2284.45
-31624.0	7832.0	109.463	2208.95
-31624.0	7832.0	108.129	2289.09
-31624.0	7832.0	106.796	2191.13
-31624.0	7832.0	105.461	2138.18
-31624.0	7832.0	104.127	2077.77
-31624.0	7832.0	102.792	2082.94
-31624.0	7832.0	101.457	2056.27
-31624.0	7832.0	100.122	1907.91
-31624.0	7832.0	98.7867	1916.86
-31624.0	7832.0	97.4509	1944.52
-31624.0	7832.0	96.1148	1977.78
-31624.0	7832.0	94.7784	1883.81
-31624.0	7832.0	93.4418	1859.09
-31624.0	7832.0	92.1048	1813.81
-31624.0	7832.0	90.7676	1850.81
-31624.0	7832.0	89.43	1783.12
-31624.0	7832.0	88.0922	1780.87
-31624.0	7832.0	86.7541	1739.38
-31624.0	7832.0	85.4157	1699.78
