-31622.0	7844.0	1311.89	1894.32
-31622.0	7844.0	1310.78	1964.41
-31622.0	7844.0	1309.68	2002.7
-31622.0	7844.0	1308.58	1945.62
-31622.0	7844.0	1307.48	1952.12
-31622.0	7844.0	1306.38	1988.12
-31622.0	7844.0	1305.28	2015.04
-31622.0	7844.0	1304.18	1937.57
-31622.0	7844.0	1303.07	1939.53
-31622.0	7844.0	1301.97	1914.27
-31622.0	7844.0	1300.87	1889.02
-31622.0	7844.0	1299.77	1968.07
-31622.0	7844.0	1298.66	1913.35
-31622.0	7844.0	1297.56	2030.91
-31622.0	7844.0	1296.46	1903.67
-31622.0	7844.0	1295.35	1930.56
-31622.0	7844.0	1294.25	1977.82
-31622.0	7844.0	1293.15	1995.63
-31622.0	7844.0	1292.04	1963.6
-31622.0	7844.0	1290.94	1933.84
-31622.0	7844.0	1289.83	1949.38
-31622.0	7844.0	1288.73	1912.85
-31622.0	7844.0	1287.63	1928.38
-31622.0	7844.0	1286.52	1898.65
-31622.0	7844.0	1285.42	1887.03
-31622.0	7844.0	1284.31	1922.93
-31622.0	7844.0	1283.21	1904.52
-31622.0	7844.0	1282.1	1913.26
-31622.0	7844.0	1280.99	1912.95
-31622.0	7844.0	1279.89	1883.25
-31622.0	7844.0	1278.78	1953.02
-31622.0	7844.0	1277.68	1952.71
-31622.0	7844.0	1276.57	1862.0
-31622.0	7844.0	1275.46	1904.63
-31622.0	7844.0	1274.36	1976.61
-31622.0	7844.0	1273.25	1899.49
-31622.0	7844.0	1272.14	2003.07
-31622.0	7844.0	1271.04	1944.04
-31622.0	7844.0	1269.93	2020.48
-31622.0	7844.0	1268.82	1902.78
-31622.0	7844.0	1267.71	1909.24
-31622.0	7844.0	1266.61	1915.7
-31622.0	7844.0	1265.5	1913.13
-31622.0	7844.0	1264.39	1892.52
-31622.0	7844.0	1263.28	1856.13
-31622.0	7844.0	1262.17	1844.55
-31622.0	7844.0	1261.06	1848.76
-31622.0	7844.0	1259.95	1875.51
-31622.0	7844.0	1258.84	1821.11
-31622.0	7844.0	1257.74	1841.1
-31622.0	7844.0	1256.63	1966.97
-31622.0	7844.0	1255.52	1905.83
-31622.0	7844.0	1254.41	1894.26
-31622.0	7844.0	1253.3	1954.75
-31622.0	7844.0	1252.19	1907.15
-31622.0	7844.0	1251.08	1875.32
-31622.0	7844.0	1249.96	1893.02
-31622.0	7844.0	1248.85	1915.22
-31622.0	7844.0	1247.74	1876.65
-31622.0	7844.0	1246.63	1860.59
-31622.0	7844.0	1245.52	1887.28
-31622.0	7844.0	1244.41	1848.74
-31622.0	7844.0	1243.3	1855.18
-31622.0	7844.0	1242.18	1911.09
-31622.0	7844.0	1241.07	1960.23
-31622.0	7844.0	1239.96	1854.27
-31622.0	7844.0	1238.85	1898.91
-31622.0	7844.0	1237.74	1864.9
-31622.0	7844.0	1236.62	1927.5
-31622.0	7844.0	1235.51	1873.27
-31622.0	7844.0	1234.4	1888.69
-31622.0	7844.0	1233.28	1843.47
-31622.0	7844.0	1232.17	1881.33
-31622.0	7844.0	1231.06	1847.35
-31622.0	7844.0	1229.94	1887.44
-31622.0	7844.0	1228.83	1853.48
-31622.0	7844.0	1227.71	1877.85
-31622.0	7844.0	1226.6	1891.0
-31622.0	7844.0	1225.48	1899.66
-31622.0	7844.0	1224.37	1894.86
-31622.0	7844.0	1223.25	1934.91
-31622.0	7844.0	1222.14	1797.84
-31622.0	7844.0	1221.02	1840.13
-31622.0	7844.0	1219.91	1851.03
-31622.0	7844.0	1218.79	1900.02
-31622.0	7844.0	1217.68	1913.15
-31622.0	7844.0	1216.56	1868.04
-31622.0	7844.0	1215.44	1921.47
-31622.0	7844.0	1214.33	1851.74
-31622.0	7844.0	1213.21	1833.53
-31622.0	7844.0	1212.09	1851.13
-31622.0	7844.0	1210.98	1864.25
-31622.0	7844.0	1209.86	1901.98
-31622.0	7844.0	1208.74	1798.75
-31622.0	7844.0	1207.62	1809.64
-31622.0	7844.0	1206.51	1825.0
-31622.0	7844.0	1205.39	1873.89
-31622.0	7844.0	1204.27	1871.34
-31622.0	7844.0	1203.15	1821.85
-31622.0	7844.0	1202.03	1855.08
-31622.0	7844.0	1200.91	1863.71
-31622.0	7844.0	1199.8	1787.43
-31622.0	7844.0	1198.68	1825.11
-31622.0	7844.0	1197.56	1829.27
-31622.0	7844.0	1196.44	1766.44
-31622.0	7844.0	1195.32	1797.4
-31622.0	7844.0	1194.2	1808.27
-31622.0	7844.0	1193.08	1810.2
-31622.0	7844.0	1191.96	1821.05
-31622.0	7844.0	1190.84	1791.74
-31622.0	7844.0	1189.72	1860.6
-31622.0	7844.0	1188.6	1777.76
-31622.0	7844.0	1187.48	1837.68
-31622.0	7844.0	1186.35	1906.5
-31622.0	7844.0	1185.23	1859.36
-31622.0	7844.0	1184.11	1796.64
-31622.0	7844.0	1182.99	1827.54
-31622.0	7844.0	1181.87	1751.47
-31622.0	7844.0	1180.75	1867.03
-31622.0	7844.0	1179.62	1868.94
-31622.0	7844.0	1178.5	1857.5
-31622.0	7844.0	1177.38	1852.73
-31622.0	7844.0	1176.26	1896.95
-31622.0	7844.0	1175.13	1827.62
-31622.0	7844.0	1174.01	1842.9
-31622.0	7844.0	1172.89	1762.47
-31622.0	7844.0	1171.76	1891.23
-31622.0	7844.0	1170.64	1855.31
-31622.0	7844.0	1169.51	1855.0
-31622.0	7844.0	1168.39	1759.07
-31622.0	7844.0	1167.27	1874.39
-31622.0	7844.0	1166.14	1769.59
-31622.0	7844.0	1165.02	1842.64
-31622.0	7844.0	1163.89	1840.11
-31622.0	7844.0	1162.77	1815.36
-31622.0	7844.0	1161.64	1761.73
-31622.0	7844.0	1160.52	1759.21
-31622.0	7844.0	1159.39	1783.35
-31622.0	7844.0	1158.26	1796.37
-31622.0	7844.0	1157.14	1816.05
-31622.0	7844.0	1156.01	1871.23
-31622.0	7844.0	1154.88	1819.87
-31622.0	7844.0	1153.76	1901.66
-31622.0	7844.0	1152.63	1797.07
-31622.0	7844.0	1151.5	1743.53
-31622.0	7844.0	1150.38	1756.54
-31622.0	7844.0	1149.25	1820.55
-31622.0	7844.0	1148.12	1915.58
-31622.0	7844.0	1146.99	1808.85
-31622.0	7844.0	1145.87	1781.95
-31622.0	7844.0	1144.74	1766.13
-31622.0	7844.0	1143.61	1832.3
-31622.0	7844.0	1142.48	1730.09
-31622.0	7844.0	1141.35	1758.59
-31622.0	7844.0	1140.22	1789.29
-31622.0	7844.0	1139.09	1831.05
-31622.0	7844.0	1137.97	1830.74
-31622.0	7844.0	1136.84	1783.95
-31622.0	7844.0	1135.71	1790.29
-31622.0	7844.0	1134.58	1798.83
-31622.0	7844.0	1133.45	1767.56
-31622.0	7844.0	1132.32	1765.04
-31622.0	7844.0	1131.19	1782.43
-31622.0	7844.0	1130.05	1824.14
-31622.0	7844.0	1128.92	1781.83
-31622.0	7844.0	1127.79	1810.26
-31622.0	7844.0	1126.66	1796.69
-31622.0	7844.0	1125.53	1780.91
-31622.0	7844.0	1124.4	1765.14
-31622.0	7844.0	1123.27	1773.68
-31622.0	7844.0	1122.13	1753.5
-31622.0	7844.0	1121.0	1799.57
-31622.0	7844.0	1119.87	1801.47
-31622.0	7844.0	1118.74	1737.15
-31622.0	7844.0	1117.6	1783.19
-31622.0	7844.0	1116.47	1729.93
-31622.0	7844.0	1115.34	1798.03
-31622.0	7844.0	1114.2	1738.16
-31622.0	7844.0	1113.07	1770.94
-31622.0	7844.0	1111.94	1772.85
-31622.0	7844.0	1110.8	1763.72
-31622.0	7844.0	1109.67	1838.36
-31622.0	7844.0	1108.54	1736.67
-31622.0	7844.0	1107.4	1758.41
-31622.0	7844.0	1106.27	1696.42
-31622.0	7844.0	1105.13	1711.54
-31622.0	7844.0	1104.0	1797.14
-31622.0	7844.0	1102.86	1752.79
-31622.0	7844.0	1101.72	1710.66
-31622.0	7844.0	1100.59	1727.97
-31622.0	7844.0	1099.45	1751.88
-31622.0	7844.0	1098.32	1762.58
-31622.0	7844.0	1097.18	1694.08
-31622.0	7844.0	1096.04	1788.37
-31622.0	7844.0	1094.91	1739.68
-31622.0	7844.0	1093.77	1767.96
-31622.0	7844.0	1092.63	1822.62
-31622.0	7844.0	1091.5	1738.78
-31622.0	7844.0	1090.36	1716.5
-31622.0	7844.0	1089.22	1716.2
-31622.0	7844.0	1088.08	1744.46
-31622.0	7844.0	1086.95	1665.08
-31622.0	7844.0	1085.81	1730.68
-31622.0	7844.0	1084.67	1785.28
-31622.0	7844.0	1083.53	1776.19
-31622.0	7844.0	1082.39	1725.39
-31622.0	7844.0	1081.25	1727.29
-31622.0	7844.0	1080.11	1751.12
-31622.0	7844.0	1078.97	1724.49
-31622.0	7844.0	1077.83	1748.32
-31622.0	7844.0	1076.69	1739.25
-31622.0	7844.0	1075.55	1681.93
-31622.0	7844.0	1074.41	1707.95
-31622.0	7844.0	1073.27	1718.61
-31622.0	7844.0	1072.13	1696.39
-31622.0	7844.0	1070.99	1805.66
-31622.0	7844.0	1069.85	1713.33
-31622.0	7844.0	1068.71	1660.46
-31622.0	7844.0	1067.57	1697.4
-31622.0	7844.0	1066.43	1738.71
-31622.0	7844.0	1065.28	1740.6
-31622.0	7844.0	1064.14	1727.16
-31622.0	7844.0	1063.0	1648.06
-31622.0	7844.0	1061.86	1684.98
-31622.0	7844.0	1060.71	1765.63
-31622.0	7844.0	1059.57	1763.14
-31622.0	7844.0	1058.43	1646.91
-31622.0	7844.0	1057.29	1740.65
-31622.0	7844.0	1056.14	1703.18
-31622.0	7844.0	1055.0	1700.69
-31622.0	7844.0	1053.85	1724.44
-31622.0	7844.0	1052.71	1704.47
-31622.0	7844.0	1051.57	1658.29
-31622.0	7844.0	1050.42	1618.68
-31622.0	7844.0	1049.28	1714.49
-31622.0	7844.0	1048.13	1764.41
-31622.0	7844.0	1046.99	1707.34
-31622.0	7844.0	1045.84	1645.92
-31622.0	7844.0	1044.7	1680.55
-31622.0	7844.0	1043.55	1789.36
-31622.0	7844.0	1042.4	1717.05
-31622.0	7844.0	1041.26	1751.64
-31622.0	7844.0	1040.11	1742.61
-31622.0	7844.0	1038.97	1703.05
-31622.0	7844.0	1037.82	1809.58
-31622.0	7844.0	1036.67	1748.23
-31622.0	7844.0	1035.53	1761.0
-31622.0	7844.0	1034.38	1734.54
-31622.0	7844.0	1033.23	1777.81
-31622.0	7844.0	1032.08	1799.27
-31622.0	7844.0	1030.94	1727.08
-31622.0	7844.0	1029.79	1735.49
-31622.0	7844.0	1028.64	1763.48
-31622.0	7844.0	1027.49	1695.69
-31622.0	7844.0	1026.34	1721.51
-31622.0	7844.0	1025.19	1734.26
-31622.0	7844.0	1024.04	1799.22
-31622.0	7844.0	1022.89	1698.84
-31622.0	7844.0	1021.74	1774.66
-31622.0	7844.0	1020.59	1789.57
-31622.0	7844.0	1019.45	1658.8
-31622.0	7844.0	1018.29	1632.43
-31622.0	7844.0	1017.14	1773.4
-31622.0	7844.0	1015.99	1757.87
-31622.0	7844.0	1014.84	1857.5
-31622.0	7844.0	1013.69	1748.56
-31622.0	7844.0	1012.54	1809.06
-31622.0	7844.0	1011.39	1808.74
-31622.0	7844.0	1010.24	1854.0
-31622.0	7844.0	1009.09	1771.19
-31622.0	7844.0	1007.93	1736.15
-31622.0	7844.0	1006.78	1805.28
-31622.0	7844.0	1005.63	1817.97
-31622.0	7844.0	1004.48	1798.12
-31622.0	7844.0	1003.32	1836.84
-31622.0	7844.0	1002.17	1825.67
-31622.0	7844.0	1001.02	1818.84
-31622.0	7844.0	999.865	1855.36
-31622.0	7844.0	998.711	1857.2
-31622.0	7844.0	997.558	1904.53
-31622.0	7844.0	996.403	1873.86
-31622.0	7844.0	995.249	1884.36
-31622.0	7844.0	994.095	1931.66
-31622.0	7844.0	992.94	1894.51
-31622.0	7844.0	991.785	1911.49
-31622.0	7844.0	990.63	1943.61
-31622.0	7844.0	989.475	1919.46
-31622.0	7844.0	988.319	1960.22
-31622.0	7844.0	987.164	2029.09
-31622.0	7844.0	986.008	2000.61
-31622.0	7844.0	984.852	2004.57
-31622.0	7844.0	983.695	2101.51
-31622.0	7844.0	982.539	2062.22
-31622.0	7844.0	981.382	2089.94
-31622.0	7844.0	980.225	2076.6
-31622.0	7844.0	979.068	2007.09
-31622.0	7844.0	977.911	2039.13
-31622.0	7844.0	976.753	2060.36
-31622.0	7844.0	975.595	2047.03
-31622.0	7844.0	974.437	2042.35
-31622.0	7844.0	973.279	2100.26
-31622.0	7844.0	972.121	2114.99
-31622.0	7844.0	970.962	2090.87
-31622.0	7844.0	969.803	2185.42
-31622.0	7844.0	968.644	2075.01
-31622.0	7844.0	967.485	2066.01
-31622.0	7844.0	966.326	2091.51
-31622.0	7844.0	965.166	2088.98
-31622.0	7844.0	964.006	2136.02
-31622.0	7844.0	962.846	2159.34
-31622.0	7844.0	961.686	2072.76
-31622.0	7844.0	960.525	2154.25
-31622.0	7844.0	959.365	2112.93
-31622.0	7844.0	958.204	2121.16
-31622.0	7844.0	957.043	2155.23
-31622.0	7844.0	955.881	2146.23
-31622.0	7844.0	954.72	2156.6
-31622.0	7844.0	953.558	2104.56
-31622.0	7844.0	952.396	2106.33
-31622.0	7844.0	951.234	2131.76
-31622.0	7844.0	950.071	2112.01
-31622.0	7844.0	948.909	2081.52
-31622.0	7844.0	947.746	2242.39
-31622.0	7844.0	946.583	2216.19
-31622.0	7844.0	945.42	2159.91
-31622.0	7844.0	944.256	2163.81
-31622.0	7844.0	943.092	2150.53
-31622.0	7844.0	941.929	2087.84
-31622.0	7844.0	940.765	2199.14
-31622.0	7844.0	939.6	2243.82
-31622.0	7844.0	938.436	2151.1
-31622.0	7844.0	937.271	2155.0
-31622.0	7844.0	936.106	2051.6
-31622.0	7844.0	934.941	2104.86
-31622.0	7844.0	933.775	2046.56
-31622.0	7844.0	932.61	1971.11
-31622.0	7844.0	931.444	1966.46
-31622.0	7844.0	930.278	2006.84
-31622.0	7844.0	929.112	1965.74
-31622.0	7844.0	927.945	1948.24
-31622.0	7844.0	926.779	1958.59
-31622.0	7844.0	925.612	1947.52
-31622.0	7844.0	924.445	1936.45
-31622.0	7844.0	923.278	1968.22
-31622.0	7844.0	922.11	1828.68
-31622.0	7844.0	920.942	1826.2
-31622.0	7844.0	919.774	1973.56
-31622.0	7844.0	918.606	1889.73
-31622.0	7844.0	917.438	1878.69
-31622.0	7844.0	916.269	1871.92
-31622.0	7844.0	915.1	1867.3
-31622.0	7844.0	913.931	1879.79
-31622.0	7844.0	912.762	1800.33
-31622.0	7844.0	911.593	1740.14
-31622.0	7844.0	910.423	1782.57
-31622.0	7844.0	909.253	1775.83
-31622.0	7844.0	908.083	1828.91
-31622.0	7844.0	906.913	1758.08
-31622.0	7844.0	905.742	1781.25
-31622.0	7844.0	904.572	1746.75
-31622.0	7844.0	903.401	1754.97
-31622.0	7844.0	902.229	1763.18
-31622.0	7844.0	901.058	1797.01
-31622.0	7844.0	899.886	1704.92
-31622.0	7844.0	898.715	1711.0
-31622.0	7844.0	897.543	1708.55
-31622.0	7844.0	896.37	1740.23
-31622.0	7844.0	895.198	1707.92
-31622.0	7844.0	894.025	1752.37
-31622.0	7844.0	892.852	1760.57
-31622.0	7844.0	891.679	1755.98
-31622.0	7844.0	890.506	1749.27
-31622.0	7844.0	889.332	1757.46
-31622.0	7844.0	888.158	1729.45
-31622.0	7844.0	886.984	1724.87
-31622.0	7844.0	885.81	1667.06
-31622.0	7844.0	884.636	1747.64
-31622.0	7844.0	883.461	1774.98
-31622.0	7844.0	882.286	1685.28
-31622.0	7844.0	881.111	1674.33
-31622.0	7844.0	879.936	1695.29
-31622.0	7844.0	878.76	1724.75
-31622.0	7844.0	877.584	1688.28
-31622.0	7844.0	876.408	1673.08
-31622.0	7844.0	875.232	1670.64
-31622.0	7844.0	874.056	1672.46
-31622.0	7844.0	872.879	1653.02
-31622.0	7844.0	871.702	1705.82
-31622.0	7844.0	870.525	1720.37
-31622.0	7844.0	869.348	1747.65
-31622.0	7844.0	868.17	1698.49
-31622.0	7844.0	866.993	1659.97
-31622.0	7844.0	865.815	1678.76
-31622.0	7844.0	864.637	1708.15
-31622.0	7844.0	863.458	1733.29
-31622.0	7844.0	862.28	1682.06
-31622.0	7844.0	861.101	1707.19
-31622.0	7844.0	859.922	1653.86
-31622.0	7844.0	858.742	1638.71
-31622.0	7844.0	857.563	1706.23
-31622.0	7844.0	856.383	1714.39
-31622.0	7844.0	855.203	1705.59
-31622.0	7844.0	854.023	1739.16
-31622.0	7844.0	852.843	1645.64
-31622.0	7844.0	851.662	1704.63
-31622.0	7844.0	850.481	1674.67
-31622.0	7844.0	849.3	1742.09
-31622.0	7844.0	848.119	1686.73
-31622.0	7844.0	846.937	1701.23
-31622.0	7844.0	845.756	1609.94
-31622.0	7844.0	844.574	1666.74
-31622.0	7844.0	843.392	1708.72
-31622.0	7844.0	842.209	1697.83
-31622.0	7844.0	841.027	1729.22
-31622.0	7844.0	839.844	1773.28
-31622.0	7844.0	838.661	1658.83
-31622.0	7844.0	837.477	1666.97
-31622.0	7844.0	836.294	1649.76
-31622.0	7844.0	835.11	1676.9
-31622.0	7844.0	833.926	1706.14
-31622.0	7844.0	832.742	1779.71
-31622.0	7844.0	831.558	1749.82
-31622.0	7844.0	830.373	1669.3
-31622.0	7844.0	829.188	1702.74
-31622.0	7844.0	828.003	1723.52
-31622.0	7844.0	826.818	1613.51
-31622.0	7844.0	825.632	1634.29
-31622.0	7844.0	824.446	1657.18
-31622.0	7844.0	823.26	1743.29
-31622.0	7844.0	822.074	1730.31
-31622.0	7844.0	820.888	1704.7
-31622.0	7844.0	819.701	1717.01
-31622.0	7844.0	818.514	1640.86
-31622.0	7844.0	817.327	1665.82
-31622.0	7844.0	816.14	1686.56
-31622.0	7844.0	814.952	1717.81
-31622.0	7844.0	813.765	1702.75
-31622.0	7844.0	812.577	1670.86
-31622.0	7844.0	811.388	1647.4
-31622.0	7844.0	810.2	1619.74
-31622.0	7844.0	809.011	1617.33
-31622.0	7844.0	807.822	1669.59
-31622.0	7844.0	806.633	1637.73
-31622.0	7844.0	805.444	1698.38
-31622.0	7844.0	804.254	1691.75
-31622.0	7844.0	803.064	1672.52
-31622.0	7844.0	801.874	1703.71
-31622.0	7844.0	800.684	1596.26
-31622.0	7844.0	799.493	1673.66
-31622.0	7844.0	798.303	1683.84
-31622.0	7844.0	797.112	1744.39
-31622.0	7844.0	795.921	1775.54
-31622.0	7844.0	794.729	1798.28
-31622.0	7844.0	793.538	1682.55
-31622.0	7844.0	792.346	1682.22
-31622.0	7844.0	791.154	1669.32
-31622.0	7844.0	789.961	1734.0
-31622.0	7844.0	788.769	1666.58
-31622.0	7844.0	787.576	1685.12
-31622.0	7844.0	786.383	1663.85
-31622.0	7844.0	785.19	1648.86
-31622.0	7844.0	783.996	1661.11
-31622.0	7844.0	782.802	1618.91
-31622.0	7844.0	781.608	1635.35
-31622.0	7844.0	780.414	1672.72
-31622.0	7844.0	779.22	1636.81
-31622.0	7844.0	778.025	1684.63
-31622.0	7844.0	776.83	1671.75
-31622.0	7844.0	775.635	1690.25
-31622.0	7844.0	774.44	1740.12
-31622.0	7844.0	773.244	1666.6
-31622.0	7844.0	772.049	1708.09
-31622.0	7844.0	770.853	1720.31
-31622.0	7844.0	769.656	1669.82
-31622.0	7844.0	768.46	1638.15
-31622.0	7844.0	767.263	1681.71
-31622.0	7844.0	766.066	1668.85
-31622.0	7844.0	764.869	1658.09
-31622.0	7844.0	763.672	1697.43
-31622.0	7844.0	762.474	1665.79
-31622.0	7844.0	761.276	1667.56
-31622.0	7844.0	760.078	1690.19
-31622.0	7844.0	758.88	1706.55
-31622.0	7844.0	757.681	1666.59
-31622.0	7844.0	756.483	1660.01
-31622.0	7844.0	755.284	1690.97
-31622.0	7844.0	754.084	1686.47
-31622.0	7844.0	752.885	1573.59
-31622.0	7844.0	751.685	1644.14
-31622.0	7844.0	750.485	1689.65
-31622.0	7844.0	749.285	1687.24
-31622.0	7844.0	748.085	1718.15
-31622.0	7844.0	746.884	1619.96
-31622.0	7844.0	745.683	1667.52
-31622.0	7844.0	744.482	1785.84
-31622.0	7844.0	743.281	1627.34
-31622.0	7844.0	742.079	1658.23
-31622.0	7844.0	740.877	1651.67
-31622.0	7844.0	739.675	1632.63
-31622.0	7844.0	738.473	1630.23
-31622.0	7844.0	737.27	1669.41
-31622.0	7844.0	736.068	1617.12
-31622.0	7844.0	734.865	1564.85
-31622.0	7844.0	733.661	1572.86
-31622.0	7844.0	732.458	1649.41
-31622.0	7844.0	731.254	1642.86
-31622.0	7844.0	730.05	1638.39
-31622.0	7844.0	728.846	1648.45
-31622.0	7844.0	727.642	1668.88
-31622.0	7844.0	726.437	1666.48
-31622.0	7844.0	725.232	1728.4
-31622.0	7844.0	724.027	1632.64
-31622.0	7844.0	722.822	1661.36
-31622.0	7844.0	721.616	1590.52
-31622.0	7844.0	720.41	1596.43
-31622.0	7844.0	719.204	1633.43
-31622.0	7844.0	717.998	1678.71
-31622.0	7844.0	716.791	1672.16
-31622.0	7844.0	715.585	1628.33
-31622.0	7844.0	714.378	1936.63
-31622.0	7844.0	713.17	1720.88
-31622.0	7844.0	711.963	1706.05
-31622.0	7844.0	710.755	1687.08
-31622.0	7844.0	709.547	1724.01
-31622.0	7844.0	708.339	1626.41
-31622.0	7844.0	707.131	1708.85
-31622.0	7844.0	705.922	1694.03
-31622.0	7844.0	704.713	1714.38
-31622.0	7844.0	703.504	1707.84
-31622.0	7844.0	702.295	1678.56
-31622.0	7844.0	701.085	1707.17
-31622.0	7844.0	699.875	1679.97
-31622.0	7844.0	698.665	1758.14
-31622.0	7844.0	697.455	1681.37
-31622.0	7844.0	696.244	1687.23
-31622.0	7844.0	695.034	1649.74
-31622.0	7844.0	693.822	1748.5
-31622.0	7844.0	692.611	1752.28
-31622.0	7844.0	691.4	1708.6
-31622.0	7844.0	690.188	1720.64
-31622.0	7844.0	688.976	1687.3
-31622.0	7844.0	687.764	1684.91
-31622.0	7844.0	686.551	1738.18
-31622.0	7844.0	685.339	1768.76
-31622.0	7844.0	684.126	1809.63
-31622.0	7844.0	682.912	1770.12
-31622.0	7844.0	681.699	1736.81
-31622.0	7844.0	680.485	1711.74
-31622.0	7844.0	679.271	1752.59
-31622.0	7844.0	678.057	1783.13
-31622.0	7844.0	676.843	1774.55
-31622.0	7844.0	675.628	1757.73
-31622.0	7844.0	674.413	1736.8
-31622.0	7844.0	673.198	1796.12
-31622.0	7844.0	671.983	1812.22
-31622.0	7844.0	670.767	1818.03
-31622.0	7844.0	669.551	1743.65
-31622.0	7844.0	668.335	1770.03
-31622.0	7844.0	667.119	1740.9
-31622.0	7844.0	665.902	1775.49
-31622.0	7844.0	664.686	1791.57
-31622.0	7844.0	663.469	1893.92
-31622.0	7844.0	662.251	1821.67
-31622.0	7844.0	661.034	1792.56
-31622.0	7844.0	659.816	1812.73
-31622.0	7844.0	658.598	1849.31
-31622.0	7844.0	657.38	1820.22
-31622.0	7844.0	656.161	1842.42
-31622.0	7844.0	654.942	1840.0
-31622.0	7844.0	653.723	1782.21
-31622.0	7844.0	652.504	1790.06
-31622.0	7844.0	651.285	1779.45
-31622.0	7844.0	650.065	1756.55
-31622.0	7844.0	648.845	1805.38
-31622.0	7844.0	647.625	1786.58
-31622.0	7844.0	646.404	1792.37
-31622.0	7844.0	645.184	1781.77
-31622.0	7844.0	643.963	1775.27
-31622.0	7844.0	642.742	1824.05
-31622.0	7844.0	641.52	1780.7
-31622.0	7844.0	640.298	1813.09
-31622.0	7844.0	639.076	1812.73
-31622.0	7844.0	637.854	1830.77
-31622.0	7844.0	636.632	1897.9
-31622.0	7844.0	635.409	1797.32
-31622.0	7844.0	634.186	1856.25
-31622.0	7844.0	632.963	1782.3
-31622.0	7844.0	631.74	1777.85
-31622.0	7844.0	630.516	1865.35
-31622.0	7844.0	629.292	1809.82
-31622.0	7844.0	628.068	1805.37
-31622.0	7844.0	626.844	1815.22
-31622.0	7844.0	625.619	1833.23
-31622.0	7844.0	624.394	1798.16
-31622.0	7844.0	623.169	1865.14
-31622.0	7844.0	621.944	1909.65
-31622.0	7844.0	620.718	1858.27
-31622.0	7844.0	619.492	1888.49
-31622.0	7844.0	618.266	1908.5
-31622.0	7844.0	617.04	1883.65
-31622.0	7844.0	615.813	1846.59
-31622.0	7844.0	614.587	1864.56
-31622.0	7844.0	613.36	1813.25
-31622.0	7844.0	612.132	1855.66
-31622.0	7844.0	610.905	1812.52
-31622.0	7844.0	609.677	1836.58
-31622.0	7844.0	608.449	1889.14
-31622.0	7844.0	607.22	1858.23
-31622.0	7844.0	605.992	1866.0
-31622.0	7844.0	604.763	1735.41
-31622.0	7844.0	603.534	1792.02
-31622.0	7844.0	602.305	1858.76
-31622.0	7844.0	601.075	1929.55
-31622.0	7844.0	599.845	1833.62
-31622.0	7844.0	598.615	1823.09
-31622.0	7844.0	597.385	1798.33
-31622.0	7844.0	596.154	1804.07
-31622.0	7844.0	594.924	1911.35
-31622.0	7844.0	593.693	1896.75
-31622.0	7844.0	592.461	1835.46
-31622.0	7844.0	591.23	1822.9
-31622.0	7844.0	589.998	1767.74
-31622.0	7844.0	588.766	1807.96
-31622.0	7844.0	587.534	1746.73
-31622.0	7844.0	586.301	1827.51
-31622.0	7844.0	585.068	1819.03
-31622.0	7844.0	583.835	1836.91
-31622.0	7844.0	582.602	1862.89
-31622.0	7844.0	581.368	1797.66
-31622.0	7844.0	580.134	1849.97
-31622.0	7844.0	578.9	1884.04
-31622.0	7844.0	577.666	1749.98
-31622.0	7844.0	576.432	1832.65
-31622.0	7844.0	575.197	1755.34
-31622.0	7844.0	573.962	1844.05
-31622.0	7844.0	572.726	1803.2
-31622.0	7844.0	571.491	1816.99
-31622.0	7844.0	570.255	1816.62
-31622.0	7844.0	569.019	1816.25
-31622.0	7844.0	567.783	1830.04
-31622.0	7844.0	566.546	1847.86
-31622.0	7844.0	565.309	1847.49
-31622.0	7844.0	564.072	1822.86
-31622.0	7844.0	562.835	1927.55
-31622.0	7844.0	561.597	1870.6
-31622.0	7844.0	560.359	1914.65
-31622.0	7844.0	559.121	1877.91
-31622.0	7844.0	557.883	1877.53
-31622.0	7844.0	556.644	1865.03
-31622.0	7844.0	555.406	1909.05
-31622.0	7844.0	554.167	1920.77
-31622.0	7844.0	552.927	1978.87
-31622.0	7844.0	551.688	1998.64
-31622.0	7844.0	550.448	2058.72
-31622.0	7844.0	549.208	2064.34
-31622.0	7844.0	547.967	2047.8
-31622.0	7844.0	546.727	2158.21
-31622.0	7844.0	545.486	2087.25
-31622.0	7844.0	544.245	2129.13
-31622.0	7844.0	543.003	2243.48
-31622.0	7844.0	541.762	2303.43
-31622.0	7844.0	540.52	2347.25
-31622.0	7844.0	539.278	2397.08
-31622.0	7844.0	538.035	2565.62
-31622.0	7844.0	536.793	2615.39
-31622.0	7844.0	535.55	2671.17
-31622.0	7844.0	534.307	2739.0
-31622.0	7844.0	533.063	3074.21
-31622.0	7844.0	531.82	3302.74
-31622.0	7844.0	530.576	3637.69
-31622.0	7844.0	529.331	4040.83
-31622.0	7844.0	528.087	5016.35
-31622.0	7844.0	526.842	5893.05
-31622.0	7844.0	525.597	7544.52
-31622.0	7844.0	524.352	10032.5
-31622.0	7844.0	523.107	14037.0
-31622.0	7844.0	521.861	20496.3
-31622.0	7844.0	520.615	24424.8
-31622.0	7844.0	519.369	21629.3
-31622.0	7844.0	518.122	18135.1
-31622.0	7844.0	516.876	15247.8
-31622.0	7844.0	515.629	12977.2
-31622.0	7844.0	514.381	10986.2
-31622.0	7844.0	513.134	9605.15
-31622.0	7844.0	511.886	8613.4
-31622.0	7844.0	510.638	7780.31
-31622.0	7844.0	509.39	7261.99
-31622.0	7844.0	508.141	6769.92
-31622.0	7844.0	506.892	6416.18
-31622.0	7844.0	505.643	6062.59
-31622.0	7844.0	504.394	5721.15
-31622.0	7844.0	503.145	5515.9
-31622.0	7844.0	501.895	5406.75
-31622.0	7844.0	500.645	5357.64
-31622.0	7844.0	499.394	5196.57
-31622.0	7844.0	498.144	5111.54
-31622.0	7844.0	496.893	4986.57
-31622.0	7844.0	495.642	4945.57
-31622.0	7844.0	494.39	4718.8
-31622.0	7844.0	493.139	4572.01
-31622.0	7844.0	491.887	4471.22
-31622.0	7844.0	490.635	4348.5
-31622.0	7844.0	489.382	4249.79
-31622.0	7844.0	488.13	4193.03
-31622.0	7844.0	486.877	4112.35
-31622.0	7844.0	485.623	4019.73
-31622.0	7844.0	484.37	3891.25
-31622.0	7844.0	483.116	3938.3
-31622.0	7844.0	481.862	3831.82
-31622.0	7844.0	480.608	3827.04
-31622.0	7844.0	479.354	3702.69
-31622.0	7844.0	478.099	3767.67
-31622.0	7844.0	476.844	3725.06
-31622.0	7844.0	475.588	3568.94
-31622.0	7844.0	474.333	3639.88
-31622.0	7844.0	473.077	3615.24
-31622.0	7844.0	471.821	3542.83
-31622.0	7844.0	470.565	3550.06
-31622.0	7844.0	469.308	3451.83
-31622.0	7844.0	468.051	3473.0
-31622.0	7844.0	466.794	3337.04
-31622.0	7844.0	465.537	3350.27
-31622.0	7844.0	464.279	3252.16
-31622.0	7844.0	463.021	3229.62
-31622.0	7844.0	461.763	3248.82
-31622.0	7844.0	460.505	3182.59
-31622.0	7844.0	459.246	3233.57
-31622.0	7844.0	457.987	3068.07
-31622.0	7844.0	456.728	3079.34
-31622.0	7844.0	455.469	3074.73
-31622.0	7844.0	454.209	2931.2
-31622.0	7844.0	452.949	2994.09
-31622.0	7844.0	451.689	2939.9
-31622.0	7844.0	450.428	2923.42
-31622.0	7844.0	449.167	2922.81
-31622.0	7844.0	447.906	2836.95
-31622.0	7844.0	446.645	2872.04
-31622.0	7844.0	445.383	2764.43
-31622.0	7844.0	444.122	2856.97
-31622.0	7844.0	442.86	2818.74
-31622.0	7844.0	441.597	2740.91
-31622.0	7844.0	440.335	2791.82
-31622.0	7844.0	439.072	2886.26
-31622.0	7844.0	437.809	2762.95
-31622.0	7844.0	436.545	2748.52
-31622.0	7844.0	435.281	2706.4
-31622.0	7844.0	434.018	2690.01
-31622.0	7844.0	432.753	2780.41
-31622.0	7844.0	431.489	2728.42
-31622.0	7844.0	430.224	2731.81
-31622.0	7844.0	428.959	2733.21
-31622.0	7844.0	427.694	2621.99
-31622.0	7844.0	426.428	2560.2
-31622.0	7844.0	425.163	2670.27
-31622.0	7844.0	423.896	2734.87
-31622.0	7844.0	422.63	2700.74
-31622.0	7844.0	421.364	2664.64
-31622.0	7844.0	420.097	2628.56
-31622.0	7844.0	418.83	2669.44
-31622.0	7844.0	417.562	2623.51
-31622.0	7844.0	416.295	2575.63
-31622.0	7844.0	415.027	2557.35
-31622.0	7844.0	413.758	2645.52
-31622.0	7844.0	412.49	2544.45
-31622.0	7844.0	411.221	2559.68
-31622.0	7844.0	409.952	2568.99
-31622.0	7844.0	408.683	2533.0
-31622.0	7844.0	407.414	2524.59
-31622.0	7844.0	406.144	2514.21
-31622.0	7844.0	404.874	2531.4
-31622.0	7844.0	403.603	2497.41
-31622.0	7844.0	402.333	2520.5
-31622.0	7844.0	401.062	2443.25
-31622.0	7844.0	399.791	2470.27
-31622.0	7844.0	398.519	2532.67
-31622.0	7844.0	397.248	2514.44
-31622.0	7844.0	395.976	2506.05
-31622.0	7844.0	394.704	2511.42
-31622.0	7844.0	393.431	2465.7
-31622.0	7844.0	392.159	2502.51
-31622.0	7844.0	390.886	2580.53
-31622.0	7844.0	389.612	2483.78
-31622.0	7844.0	388.339	2445.96
-31622.0	7844.0	387.065	2502.36
-31622.0	7844.0	385.791	2635.26
-31622.0	7844.0	384.517	2485.61
-31622.0	7844.0	383.242	2524.32
-31622.0	7844.0	381.967	2513.98
-31622.0	7844.0	380.692	2478.16
-31622.0	7844.0	379.417	2483.51
-31622.0	7844.0	378.141	2594.7
-31622.0	7844.0	376.865	2539.29
-31622.0	7844.0	375.589	2385.96
-31622.0	7844.0	374.312	2467.71
-31622.0	7844.0	373.035	2504.39
-31622.0	7844.0	371.758	2429.47
-31622.0	7844.0	370.481	2483.76
-31622.0	7844.0	369.204	2469.54
-31622.0	7844.0	367.926	2480.75
-31622.0	7844.0	366.648	2454.8
-31622.0	7844.0	365.369	2391.7
-31622.0	7844.0	364.091	2422.48
-31622.0	7844.0	362.812	2488.43
-31622.0	7844.0	361.532	2497.68
-31622.0	7844.0	360.253	2452.21
-31622.0	7844.0	358.973	2529.83
-31622.0	7844.0	357.693	2484.37
-31622.0	7844.0	356.413	2485.8
-31622.0	7844.0	355.132	2502.84
-31622.0	7844.0	353.852	2484.75
-31622.0	7844.0	352.571	2501.78
-31622.0	7844.0	351.289	2524.67
-31622.0	7844.0	350.008	2500.72
-31622.0	7844.0	348.726	2511.89
-31622.0	7844.0	347.444	2513.31
-31622.0	7844.0	346.161	2483.54
-31622.0	7844.0	344.878	2535.63
-31622.0	7844.0	343.595	2498.07
-31622.0	7844.0	342.312	2559.88
-31622.0	7844.0	341.029	2475.59
-31622.0	7844.0	339.745	2525.69
-31622.0	7844.0	338.461	2603.03
-31622.0	7844.0	337.176	2581.07
-31622.0	7844.0	335.892	2592.2
-31622.0	7844.0	334.607	2574.14
-31622.0	7844.0	333.322	2618.33
-31622.0	7844.0	332.036	2600.27
-31622.0	7844.0	330.75	2533.61
-31622.0	7844.0	329.464	2581.67
-31622.0	7844.0	328.178	2577.24
-31622.0	7844.0	326.892	2596.12
-31622.0	7844.0	325.605	2609.17
-31622.0	7844.0	324.318	2633.86
-31622.0	7844.0	323.03	2631.36
-31622.0	7844.0	321.743	2692.93
-31622.0	7844.0	320.455	2641.89
-31622.0	7844.0	319.167	2637.45
-31622.0	7844.0	317.878	2667.93
-31622.0	7844.0	316.59	2638.26
-31622.0	7844.0	315.301	2709.46
-31622.0	7844.0	314.011	2734.09
-31622.0	7844.0	312.722	2708.31
-31622.0	7844.0	311.432	2713.55
-31622.0	7844.0	310.142	2654.83
-31622.0	7844.0	308.851	2679.46
-31622.0	7844.0	307.561	2835.78
-31622.0	7844.0	306.27	2777.08
-31622.0	7844.0	304.979	2745.51
-31622.0	7844.0	303.687	2841.71
-31622.0	7844.0	302.395	2829.5
-31622.0	7844.0	301.103	2865.66
-31622.0	7844.0	299.811	2812.81
-31622.0	7844.0	298.519	2779.33
-31622.0	7844.0	297.226	2718.8
-31622.0	7844.0	295.933	2747.21
-31622.0	7844.0	294.639	2725.37
-31622.0	7844.0	293.345	2624.3
-31622.0	7844.0	292.052	2706.82
-31622.0	7844.0	290.757	2663.74
-31622.0	7844.0	289.463	2632.27
-31622.0	7844.0	288.168	2625.92
-31622.0	7844.0	286.873	2654.31
-31622.0	7844.0	285.578	2626.73
-31622.0	7844.0	284.282	2631.96
-31622.0	7844.0	282.986	2575.45
-31622.0	7844.0	281.69	2574.9
-31622.0	7844.0	280.393	2620.63
-31622.0	7844.0	279.097	2458.12
-31622.0	7844.0	277.8	2507.71
-31622.0	7844.0	276.502	2541.86
-31622.0	7844.0	275.205	2516.27
-31622.0	7844.0	273.907	2450.24
-31622.0	7844.0	272.609	2507.49
-31622.0	7844.0	271.311	2424.16
-31622.0	7844.0	270.012	2537.22
-31622.0	7844.0	268.713	2467.39
-31622.0	7844.0	267.414	2426.45
-31622.0	7844.0	266.114	2466.34
-31622.0	7844.0	264.814	2375.41
-31622.0	7844.0	263.514	2342.21
-31622.0	7844.0	262.214	2439.76
-31622.0	7844.0	260.913	2325.83
-31622.0	7844.0	259.613	2392.59
-31622.0	7844.0	258.311	2353.65
-31622.0	7844.0	257.01	2337.78
-31622.0	7844.0	255.708	2335.36
-31622.0	7844.0	254.406	2336.78
-31622.0	7844.0	253.104	2317.08
-31622.0	7844.0	251.801	2283.96
-31622.0	7844.0	250.499	2327.6
-31622.0	7844.0	249.195	2269.55
-31622.0	7844.0	247.892	2228.78
-31622.0	7844.0	246.588	2247.48
-31622.0	7844.0	245.284	2212.49
-31622.0	7844.0	243.98	2235.02
-31622.0	7844.0	242.676	2165.55
-31622.0	7844.0	241.371	2218.73
-31622.0	7844.0	240.066	2201.01
-31622.0	7844.0	238.76	2221.61
-31622.0	7844.0	237.455	2165.6
-31622.0	7844.0	236.149	2138.34
-31622.0	7844.0	234.843	2141.71
-31622.0	7844.0	233.536	2068.53
-31622.0	7844.0	232.229	2142.7
-31622.0	7844.0	230.922	2167.11
-31622.0	7844.0	229.615	2197.24
-31622.0	7844.0	228.307	2116.47
-31622.0	7844.0	227.0	2073.96
-31622.0	7844.0	225.691	2174.8
-31622.0	7844.0	224.383	2053.96
-31622.0	7844.0	223.074	2053.52
-31622.0	7844.0	221.765	2066.45
-31622.0	7844.0	220.456	2073.64
-31622.0	7844.0	219.146	2027.38
-31622.0	7844.0	217.836	2101.38
-31622.0	7844.0	216.526	2057.04
-31622.0	7844.0	215.216	2071.86
-31622.0	7844.0	213.905	2069.51
-31622.0	7844.0	212.594	2059.53
-31622.0	7844.0	211.283	2120.1
-31622.0	7844.0	209.971	2110.11
-31622.0	7844.0	208.66	2094.41
-31622.0	7844.0	207.348	2113.01
-31622.0	7844.0	206.035	2076.37
-31622.0	7844.0	204.722	2134.96
-31622.0	7844.0	203.409	2176.39
-31622.0	7844.0	202.096	2088.35
-31622.0	7844.0	200.783	2143.1
-31622.0	7844.0	199.469	2144.54
-31622.0	7844.0	198.155	2199.25
-31622.0	7844.0	196.84	2177.85
-31622.0	7844.0	195.526	2169.78
-31622.0	7844.0	194.211	2175.02
-31622.0	7844.0	192.896	2212.56
-31622.0	7844.0	191.58	2383.12
-31622.0	7844.0	190.264	2327.51
-31622.0	7844.0	188.948	2224.43
-31622.0	7844.0	187.632	2191.67
-31622.0	7844.0	186.315	2261.45
-31622.0	7844.0	184.998	2224.89
-31622.0	7844.0	183.681	2332.6
-31622.0	7844.0	182.364	2339.69
-31622.0	7844.0	181.046	2320.21
-31622.0	7844.0	179.728	2295.05
-31622.0	7844.0	178.41	2258.53
-31622.0	7844.0	177.091	2326.3
-31622.0	7844.0	175.772	2263.24
-31622.0	7844.0	174.453	2296.87
-31622.0	7844.0	173.133	2275.53
-31622.0	7844.0	171.814	2352.71
-31622.0	7844.0	170.494	2348.41
-31622.0	7844.0	169.173	2349.8
-31622.0	7844.0	167.853	2341.72
-31622.0	7844.0	166.532	2345.0
-31622.0	7844.0	165.211	2388.02
-31622.0	7844.0	163.889	2351.56
-31622.0	7844.0	162.567	2322.68
-31622.0	7844.0	161.245	2339.2
-31622.0	7844.0	159.923	2412.43
-31622.0	7844.0	158.6	2360.87
-31622.0	7844.0	157.278	2443.51
-31622.0	7844.0	155.954	2329.62
-31622.0	7844.0	154.631	2378.23
-31622.0	7844.0	153.307	2413.6
-31622.0	7844.0	151.983	2456.51
-31622.0	7844.0	150.659	2459.76
-31622.0	7844.0	149.334	2461.11
-31622.0	7844.0	148.009	2400.2
-31622.0	7844.0	146.684	2401.57
-31622.0	7844.0	145.359	2487.81
-31622.0	7844.0	144.033	2485.39
-31622.0	7844.0	142.707	2492.39
-31622.0	7844.0	141.381	2439.08
-31622.0	7844.0	140.054	2415.94
-31622.0	7844.0	138.727	2439.91
-31622.0	7844.0	137.4	2386.64
-31622.0	7844.0	136.072	2423.79
-31622.0	7844.0	134.745	2347.95
-31622.0	7844.0	133.417	2371.92
-31622.0	7844.0	132.088	2412.81
-31622.0	7844.0	130.76	2359.6
-31622.0	7844.0	129.431	2392.96
-31622.0	7844.0	128.102	2337.9
-31622.0	7844.0	126.772	2406.97
-31622.0	7844.0	125.442	2455.33
-31622.0	7844.0	124.112	2264.96
-31622.0	7844.0	122.782	2420.44
-31622.0	7844.0	121.451	2356.04
-31622.0	7844.0	120.12	2246.58
-31622.0	7844.0	118.789	2355.02
-31622.0	7844.0	117.458	2285.04
-31622.0	7844.0	116.126	2295.81
-31622.0	7844.0	114.794	2276.55
-31622.0	7844.0	113.462	2352.99
-31622.0	7844.0	112.129	2284.94
-31622.0	7844.0	110.796	2273.2
-31622.0	7844.0	109.463	2257.71
-31622.0	7844.0	108.129	2234.72
-31622.0	7844.0	106.796	2198.63
-31622.0	7844.0	105.461	2145.68
-31622.0	7844.0	104.127	2053.41
-31622.0	7844.0	102.792	2073.57
-31622.0	7844.0	101.457	2052.52
-31622.0	7844.0	100.122	1975.32
-31622.0	7844.0	98.7867	1926.22
-31622.0	7844.0	97.4509	1918.32
-31622.0	7844.0	96.1148	1884.22
-31622.0	7844.0	94.7784	1910.0
-31622.0	7844.0	93.4418	1849.74
-31622.0	7844.0	92.1048	1774.55
-31622.0	7844.0	90.7676	1860.16
-31622.0	7844.0	89.43	1770.04
-31622.0	7844.0	88.0922	1747.23
-31622.0	7844.0	86.7541	1789.83
-31622.0	7844.0	85.4157	1772.63
