-31612.0	7820.0	1311.89	1912.49
-31612.0	7820.0	1310.78	1918.99
-31612.0	7820.0	1309.68	1991.35
-31612.0	7820.0	1308.58	1857.08
-31612.0	7820.0	1307.48	1952.12
-31612.0	7820.0	1306.38	2004.01
-31612.0	7820.0	1305.28	1949.23
-31612.0	7820.0	1304.18	1962.53
-31612.0	7820.0	1303.07	1885.09
-31612.0	7820.0	1301.97	1862.11
-31612.0	7820.0	1300.87	1891.29
-31612.0	7820.0	1299.77	1879.65
-31612.0	7820.0	1298.66	1929.22
-31612.0	7820.0	1297.56	1931.18
-31612.0	7820.0	1296.46	1905.94
-31612.0	7820.0	1295.35	1907.9
-31612.0	7820.0	1294.25	1939.31
-31612.0	7820.0	1293.15	1939.0
-31612.0	7820.0	1292.04	1895.65
-31612.0	7820.0	1290.94	2001.78
-31612.0	7820.0	1289.83	1990.14
-31612.0	7820.0	1288.73	1883.42
-31612.0	7820.0	1287.63	1921.59
-31612.0	7820.0	1286.52	1871.5
-31612.0	7820.0	1285.42	1916.45
-31612.0	7820.0	1284.31	1918.4
-31612.0	7820.0	1283.21	1961.07
-31612.0	7820.0	1282.1	1947.18
-31612.0	7820.0	1280.99	1922.0
-31612.0	7820.0	1279.89	1903.6
-31612.0	7820.0	1278.78	1878.43
-31612.0	7820.0	1277.68	1939.15
-31612.0	7820.0	1276.57	1923.01
-31612.0	7820.0	1275.46	1924.96
-31612.0	7820.0	1274.36	1877.21
-31612.0	7820.0	1273.25	1971.77
-31612.0	7820.0	1272.14	1951.13
-31612.0	7820.0	1271.04	1962.1
-31612.0	7820.0	1269.93	1943.72
-31612.0	7820.0	1268.82	1902.78
-31612.0	7820.0	1267.71	1882.16
-31612.0	7820.0	1266.61	1868.31
-31612.0	7820.0	1265.5	1858.99
-31612.0	7820.0	1264.39	1924.1
-31612.0	7820.0	1263.28	1892.21
-31612.0	7820.0	1262.17	1912.2
-31612.0	7820.0	1261.06	1896.11
-31612.0	7820.0	1259.95	1843.95
-31612.0	7820.0	1258.84	1834.64
-31612.0	7820.0	1257.74	1906.45
-31612.0	7820.0	1256.63	1899.38
-31612.0	7820.0	1255.52	1908.08
-31612.0	7820.0	1254.41	1878.49
-31612.0	7820.0	1253.3	1871.43
-31612.0	7820.0	1252.19	1920.66
-31612.0	7820.0	1251.08	1920.34
-31612.0	7820.0	1249.96	1933.54
-31612.0	7820.0	1248.85	1816.19
-31612.0	7820.0	1247.74	1876.65
-31612.0	7820.0	1246.63	1865.09
-31612.0	7820.0	1245.52	1903.03
-31612.0	7820.0	1244.41	1900.47
-31612.0	7820.0	1243.3	1882.17
-31612.0	7820.0	1242.18	1854.88
-31612.0	7820.0	1241.07	1863.57
-31612.0	7820.0	1239.96	1874.5
-31612.0	7820.0	1238.85	1892.17
-31612.0	7820.0	1237.74	1903.1
-31612.0	7820.0	1236.62	1880.32
-31612.0	7820.0	1235.51	1837.33
-31612.0	7820.0	1234.4	1805.59
-31612.0	7820.0	1233.28	1780.6
-31612.0	7820.0	1232.17	1872.35
-31612.0	7820.0	1231.06	1829.39
-31612.0	7820.0	1229.94	1838.07
-31612.0	7820.0	1228.83	1824.3
-31612.0	7820.0	1227.71	1904.77
-31612.0	7820.0	1226.6	1864.08
-31612.0	7820.0	1225.48	1850.32
-31612.0	7820.0	1224.37	1867.95
-31612.0	7820.0	1223.25	1818.32
-31612.0	7820.0	1222.14	1876.3
-31612.0	7820.0	1221.02	1797.55
-31612.0	7820.0	1219.91	1860.0
-31612.0	7820.0	1218.79	1805.92
-31612.0	7820.0	1217.68	1875.06
-31612.0	7820.0	1216.56	1892.67
-31612.0	7820.0	1215.44	1899.08
-31612.0	7820.0	1214.33	1878.61
-31612.0	7820.0	1213.21	1815.62
-31612.0	7820.0	1212.09	1873.51
-31612.0	7820.0	1210.98	1823.97
-31612.0	7820.0	1209.86	1834.85
-31612.0	7820.0	1208.74	1827.84
-31612.0	7820.0	1207.62	1955.04
-31612.0	7820.0	1206.51	1825.0
-31612.0	7820.0	1205.39	1858.24
-31612.0	7820.0	1204.27	1857.93
-31612.0	7820.0	1203.15	1821.85
-31612.0	7820.0	1202.03	1895.31
-31612.0	7820.0	1200.91	1924.04
-31612.0	7820.0	1199.8	1843.29
-31612.0	7820.0	1198.68	1822.88
-31612.0	7820.0	1197.56	1880.64
-31612.0	7820.0	1196.44	1793.24
-31612.0	7820.0	1195.32	1862.16
-31612.0	7820.0	1194.2	1899.8
-31612.0	7820.0	1193.08	1825.82
-31612.0	7820.0	1191.96	1805.43
-31612.0	7820.0	1190.84	1843.06
-31612.0	7820.0	1189.72	1818.22
-31612.0	7820.0	1188.6	1875.91
-31612.0	7820.0	1187.48	1842.14
-31612.0	7820.0	1186.35	1852.98
-31612.0	7820.0	1185.23	1843.76
-31612.0	7820.0	1184.11	1810.01
-31612.0	7820.0	1182.99	1818.62
-31612.0	7820.0	1181.87	1840.6
-31612.0	7820.0	1180.75	1786.82
-31612.0	7820.0	1179.62	1766.48
-31612.0	7820.0	1178.5	1741.68
-31612.0	7820.0	1177.38	1823.78
-31612.0	7820.0	1176.26	1905.85
-31612.0	7820.0	1175.13	1881.05
-31612.0	7820.0	1174.01	1776.12
-31612.0	7820.0	1172.89	1742.45
-31612.0	7820.0	1171.76	1844.5
-31612.0	7820.0	1170.64	1815.27
-31612.0	7820.0	1169.51	1794.95
-31612.0	7820.0	1168.39	1841.35
-31612.0	7820.0	1167.27	1729.86
-31612.0	7820.0	1166.14	1774.03
-31612.0	7820.0	1165.02	1767.07
-31612.0	7820.0	1163.89	1782.33
-31612.0	7820.0	1162.77	1753.14
-31612.0	7820.0	1161.64	1757.29
-31612.0	7820.0	1160.52	1725.89
-31612.0	7820.0	1159.39	1827.76
-31612.0	7820.0	1158.26	1798.59
-31612.0	7820.0	1157.14	1767.2
-31612.0	7820.0	1156.01	1746.93
-31612.0	7820.0	1154.88	1813.21
-31612.0	7820.0	1153.76	1790.72
-31612.0	7820.0	1152.63	1785.98
-31612.0	7820.0	1151.5	1821.17
-31612.0	7820.0	1150.38	1658.95
-31612.0	7820.0	1149.25	1742.94
-31612.0	7820.0	1148.12	1778.12
-31612.0	7820.0	1146.99	1784.46
-31612.0	7820.0	1145.87	1759.78
-31612.0	7820.0	1144.74	1803.8
-31612.0	7820.0	1143.61	1768.05
-31612.0	7820.0	1142.48	1765.53
-31612.0	7820.0	1141.35	1782.95
-31612.0	7820.0	1140.22	1738.36
-31612.0	7820.0	1139.09	1744.71
-31612.0	7820.0	1137.97	1835.17
-31612.0	7820.0	1136.84	1783.95
-31612.0	7820.0	1135.71	1746.03
-31612.0	7820.0	1134.58	1825.38
-31612.0	7820.0	1133.45	1785.25
-31612.0	7820.0	1132.32	1753.98
-31612.0	7820.0	1131.19	1744.84
-31612.0	7820.0	1130.05	1795.4
-31612.0	7820.0	1128.92	1885.73
-31612.0	7820.0	1127.79	1810.26
-31612.0	7820.0	1126.66	1739.23
-31612.0	7820.0	1125.53	1780.91
-31612.0	7820.0	1124.4	1756.31
-31612.0	7820.0	1123.27	1736.13
-31612.0	7820.0	1122.13	1760.12
-31612.0	7820.0	1121.0	1808.4
-31612.0	7820.0	1119.87	1757.31
-31612.0	7820.0	1118.74	1772.46
-31612.0	7820.0	1117.6	1787.61
-31612.0	7820.0	1116.47	1767.44
-31612.0	7820.0	1115.34	1809.06
-31612.0	7820.0	1114.2	1751.4
-31612.0	7820.0	1113.07	1764.33
-31612.0	7820.0	1111.94	1682.44
-31612.0	7820.0	1110.8	1776.95
-31612.0	7820.0	1109.67	1717.13
-31612.0	7820.0	1108.54	1712.43
-31612.0	7820.0	1107.4	1784.85
-31612.0	7820.0	1106.27	1769.12
-31612.0	7820.0	1105.13	1766.61
-31612.0	7820.0	1104.0	1764.11
-31612.0	7820.0	1102.86	1732.97
-31612.0	7820.0	1101.72	1734.88
-31612.0	7820.0	1100.59	1772.0
-31612.0	7820.0	1099.45	1747.48
-31612.0	7820.0	1098.32	1709.77
-31612.0	7820.0	1097.18	1724.88
-31612.0	7820.0	1096.04	1761.98
-31612.0	7820.0	1094.91	1741.88
-31612.0	7820.0	1093.77	1763.57
-31612.0	7820.0	1092.63	1849.01
-31612.0	7820.0	1091.5	1743.17
-31612.0	7820.0	1090.36	1824.19
-31612.0	7820.0	1089.22	1764.54
-31612.0	7820.0	1088.08	1731.28
-31612.0	7820.0	1086.95	1737.57
-31612.0	7820.0	1085.81	1651.62
-31612.0	7820.0	1084.67	1818.22
-31612.0	7820.0	1083.53	1683.98
-31612.0	7820.0	1082.39	1679.29
-31612.0	7820.0	1081.25	1689.98
-31612.0	7820.0	1080.11	1700.65
-31612.0	7820.0	1078.97	1768.37
-31612.0	7820.0	1077.83	1669.35
-31612.0	7820.0	1076.69	1728.28
-31612.0	7820.0	1075.55	1771.84
-31612.0	7820.0	1074.41	1753.99
-31612.0	7820.0	1073.27	1793.14
-31612.0	7820.0	1072.13	1740.23
-31612.0	7820.0	1070.99	1774.98
-31612.0	7820.0	1069.85	1638.84
-31612.0	7820.0	1068.71	1658.27
-31612.0	7820.0	1067.57	1657.98
-31612.0	7820.0	1066.43	1677.39
-31612.0	7820.0	1065.28	1788.76
-31612.0	7820.0	1064.14	1698.7
-31612.0	7820.0	1063.0	1691.84
-31612.0	7820.0	1061.86	1755.0
-31612.0	7820.0	1060.71	1717.5
-31612.0	7820.0	1059.57	1706.26
-31612.0	7820.0	1058.43	1721.27
-31612.0	7820.0	1057.29	1753.77
-31612.0	7820.0	1056.14	1700.99
-31612.0	7820.0	1055.0	1724.74
-31612.0	7820.0	1053.85	1735.37
-31612.0	7820.0	1052.71	1715.39
-31612.0	7820.0	1051.57	1673.58
-31612.0	7820.0	1050.42	1727.9
-31612.0	7820.0	1049.28	1629.31
-31612.0	7820.0	1048.13	1672.7
-31612.0	7820.0	1046.99	1722.62
-31612.0	7820.0	1045.84	1680.84
-31612.0	7820.0	1044.7	1750.39
-31612.0	7820.0	1043.55	1774.08
-31612.0	7820.0	1042.4	1688.68
-31612.0	7820.0	1041.26	1710.2
-31612.0	7820.0	1040.11	1679.36
-31612.0	7820.0	1038.97	1751.03
-31612.0	7820.0	1037.82	1733.28
-31612.0	7820.0	1036.67	1678.47
-31612.0	7820.0	1035.53	1763.18
-31612.0	7820.0	1034.38	1725.82
-31612.0	7820.0	1033.23	1729.87
-31612.0	7820.0	1032.08	1794.92
-31612.0	7820.0	1030.94	1737.97
-31612.0	7820.0	1029.79	1674.52
-31612.0	7820.0	1028.64	1807.03
-31612.0	7820.0	1027.49	1778.41
-31612.0	7820.0	1026.34	1788.98
-31612.0	7820.0	1025.19	1766.9
-31612.0	7820.0	1024.04	1718.72
-31612.0	7820.0	1022.89	1768.45
-31612.0	7820.0	1021.74	1731.16
-31612.0	7820.0	1020.59	1733.03
-31612.0	7820.0	1019.45	1767.51
-31612.0	7820.0	1018.29	1841.1
-31612.0	7820.0	1017.14	1732.11
-31612.0	7820.0	1015.99	1749.18
-31612.0	7820.0	1014.84	1722.8
-31612.0	7820.0	1013.69	1761.59
-31612.0	7820.0	1012.54	1804.71
-31612.0	7820.0	1011.39	1741.42
-31612.0	7820.0	1010.24	1745.46
-31612.0	7820.0	1009.09	1790.73
-31612.0	7820.0	1007.93	1792.58
-31612.0	7820.0	1006.78	1846.5
-31612.0	7820.0	1005.63	1878.71
-31612.0	7820.0	1004.48	1876.21
-31612.0	7820.0	1003.32	1845.51
-31612.0	7820.0	1002.17	1799.65
-31612.0	7820.0	1001.02	1838.35
-31612.0	7820.0	999.865	1868.37
-31612.0	7820.0	998.711	1876.7
-31612.0	7820.0	997.558	1971.7
-31612.0	7820.0	996.403	1860.86
-31612.0	7820.0	995.249	1899.52
-31612.0	7820.0	994.095	1888.35
-31612.0	7820.0	992.94	1957.3
-31612.0	7820.0	991.785	1887.67
-31612.0	7820.0	990.63	1919.8
-31612.0	7820.0	989.475	1964.9
-31612.0	7820.0	988.319	1906.13
-31612.0	7820.0	987.164	1938.24
-31612.0	7820.0	986.008	1963.84
-31612.0	7820.0	984.852	1935.38
-31612.0	7820.0	983.695	1984.76
-31612.0	7820.0	982.539	2016.82
-31612.0	7820.0	981.382	1990.52
-31612.0	7820.0	980.225	2039.87
-31612.0	7820.0	979.068	2026.54
-31612.0	7820.0	977.911	1995.93
-31612.0	7820.0	976.753	2043.08
-31612.0	7820.0	975.595	2088.06
-31612.0	7820.0	974.437	2072.57
-31612.0	7820.0	973.279	2106.73
-31612.0	7820.0	972.121	2099.88
-31612.0	7820.0	970.962	2032.61
-31612.0	7820.0	969.803	2122.85
-31612.0	7820.0	968.644	2116.0
-31612.0	7820.0	967.485	2016.41
-31612.0	7820.0	966.326	2110.92
-31612.0	7820.0	965.166	2104.07
-31612.0	7820.0	964.006	2073.51
-31612.0	7820.0	962.846	2070.98
-31612.0	7820.0	961.686	2027.51
-31612.0	7820.0	960.525	2132.7
-31612.0	7820.0	959.365	2110.78
-31612.0	7820.0	958.204	2134.08
-31612.0	7820.0	957.043	2183.22
-31612.0	7820.0	955.881	2077.34
-31612.0	7820.0	954.72	2070.51
-31612.0	7820.0	953.558	2121.77
-31612.0	7820.0	952.396	2069.75
-31612.0	7820.0	951.234	2121.0
-31612.0	7820.0	950.071	2170.08
-31612.0	7820.0	948.909	2111.63
-31612.0	7820.0	947.746	2177.89
-31612.0	7820.0	946.583	2179.65
-31612.0	7820.0	945.42	2166.35
-31612.0	7820.0	944.256	2159.51
-31612.0	7820.0	943.092	2163.42
-31612.0	7820.0	941.929	2096.43
-31612.0	7820.0	940.765	2156.18
-31612.0	7820.0	939.6	2097.82
-31612.0	7820.0	938.436	2078.11
-31612.0	7820.0	937.271	2082.02
-31612.0	7820.0	936.106	2094.52
-31612.0	7820.0	934.941	2113.45
-31612.0	7820.0	933.775	2035.83
-31612.0	7820.0	932.61	1938.94
-31612.0	7820.0	931.444	1945.02
-31612.0	7820.0	930.278	1983.26
-31612.0	7820.0	929.112	1963.6
-31612.0	7820.0	927.945	1935.38
-31612.0	7820.0	926.779	1896.45
-31612.0	7820.0	925.612	1891.82
-31612.0	7820.0	924.445	1921.46
-31612.0	7820.0	923.278	1897.55
-31612.0	7820.0	922.11	1860.8
-31612.0	7820.0	920.942	1903.27
-31612.0	7820.0	919.774	1911.48
-31612.0	7820.0	918.606	1930.39
-31612.0	7820.0	917.438	1889.38
-31612.0	7820.0	916.269	1850.53
-31612.0	7820.0	915.1	1798.85
-31612.0	7820.0	913.931	1742.92
-31612.0	7820.0	912.762	1731.91
-31612.0	7820.0	911.593	1782.89
-31612.0	7820.0	910.423	1754.78
-31612.0	7820.0	909.253	1728.81
-31612.0	7820.0	908.083	1702.85
-31612.0	7820.0	906.913	1738.85
-31612.0	7820.0	905.742	1744.94
-31612.0	7820.0	904.572	1695.5
-31612.0	7820.0	903.401	1686.65
-31612.0	7820.0	902.229	1771.72
-31612.0	7820.0	901.058	1816.21
-31612.0	7820.0	899.886	1702.78
-31612.0	7820.0	898.715	1672.6
-31612.0	7820.0	897.543	1704.29
-31612.0	7820.0	896.37	1729.56
-31612.0	7820.0	895.198	1774.02
-31612.0	7820.0	894.025	1795.01
-31612.0	7820.0	892.852	1788.28
-31612.0	7820.0	891.679	1764.51
-31612.0	7820.0	890.506	1706.65
-31612.0	7820.0	889.332	1731.9
-31612.0	7820.0	888.158	1742.23
-31612.0	7820.0	886.984	1748.29
-31612.0	7820.0	885.81	1688.35
-31612.0	7820.0	884.636	1751.9
-31612.0	7820.0	883.461	1728.16
-31612.0	7820.0	882.286	1681.03
-31612.0	7820.0	881.111	1682.84
-31612.0	7820.0	879.936	1701.67
-31612.0	7820.0	878.76	1701.35
-31612.0	7820.0	877.584	1756.32
-31612.0	7820.0	876.408	1711.35
-31612.0	7820.0	875.232	1738.66
-31612.0	7820.0	874.056	1727.71
-31612.0	7820.0	872.879	1716.76
-31612.0	7820.0	871.702	1714.32
-31612.0	7820.0	870.525	1739.48
-31612.0	7820.0	869.348	1730.67
-31612.0	7820.0	868.17	1723.97
-31612.0	7820.0	866.993	1740.63
-31612.0	7820.0	865.815	1661.78
-31612.0	7820.0	864.637	1718.76
-31612.0	7820.0	863.458	1656.91
-31612.0	7820.0	862.28	1667.21
-31612.0	7820.0	861.101	1639.33
-31612.0	7820.0	859.922	1706.87
-31612.0	7820.0	858.742	1717.15
-31612.0	7820.0	857.563	1718.95
-31612.0	7820.0	856.383	1686.84
-31612.0	7820.0	855.203	1675.93
-31612.0	7820.0	854.023	1747.63
-31612.0	7820.0	852.843	1764.25
-31612.0	7820.0	851.662	1672.86
-31612.0	7820.0	850.481	1655.61
-31612.0	7820.0	849.3	1659.53
-31612.0	7820.0	848.119	1693.08
-31612.0	7820.0	846.937	1699.11
-31612.0	7820.0	845.756	1713.6
-31612.0	7820.0	844.574	1662.51
-31612.0	7820.0	843.392	1689.69
-31612.0	7820.0	842.209	1721.09
-31612.0	7820.0	841.027	1722.88
-31612.0	7820.0	839.844	1625.33
-31612.0	7820.0	838.661	1692.64
-31612.0	7820.0	837.477	1599.36
-31612.0	7820.0	836.294	1685.67
-31612.0	7820.0	835.11	1607.2
-31612.0	7820.0	833.926	1685.03
-31612.0	7820.0	832.742	1718.49
-31612.0	7820.0	831.558	1663.28
-31612.0	7820.0	830.373	1652.42
-31612.0	7820.0	829.188	1654.21
-31612.0	7820.0	828.003	1632.8
-31612.0	7820.0	826.818	1647.26
-31612.0	7820.0	825.632	1695.45
-31612.0	7820.0	824.446	1722.53
-31612.0	7820.0	823.26	1686.37
-31612.0	7820.0	822.074	1675.51
-31612.0	7820.0	820.888	1698.37
-31612.0	7820.0	819.701	1704.37
-31612.0	7820.0	818.514	1708.26
-31612.0	7820.0	817.327	1773.22
-31612.0	7820.0	816.14	1722.35
-31612.0	7820.0	814.952	1682.02
-31612.0	7820.0	813.765	1732.22
-31612.0	7820.0	812.577	1666.65
-31612.0	7820.0	811.388	1668.44
-31612.0	7820.0	810.2	1684.95
-31612.0	7820.0	809.011	1674.11
-31612.0	7820.0	807.822	1709.54
-31612.0	7820.0	806.633	1652.45
-31612.0	7820.0	805.444	1618.5
-31612.0	7820.0	804.254	1643.41
-31612.0	7820.0	803.064	1718.74
-31612.0	7820.0	801.874	1617.58
-31612.0	7820.0	800.684	1650.87
-31612.0	7820.0	799.493	1724.06
-31612.0	7820.0	798.303	1658.64
-31612.0	7820.0	797.112	1696.11
-31612.0	7820.0	795.921	1716.77
-31612.0	7820.0	794.729	1670.28
-31612.0	7820.0	793.538	1739.19
-31612.0	7820.0	792.346	1600.42
-31612.0	7820.0	791.154	1663.03
-31612.0	7820.0	789.961	1673.19
-31612.0	7820.0	788.769	1708.51
-31612.0	7820.0	787.576	1649.49
-31612.0	7820.0	786.383	1668.04
-31612.0	7820.0	785.19	1661.43
-31612.0	7820.0	783.996	1688.34
-31612.0	7820.0	782.802	1679.64
-31612.0	7820.0	781.608	1639.53
-31612.0	7820.0	780.414	1605.72
-31612.0	7820.0	779.22	1649.37
-31612.0	7820.0	778.025	1684.63
-31612.0	7820.0	776.83	1632.0
-31612.0	7820.0	775.635	1604.49
-31612.0	7820.0	774.44	1658.56
-31612.0	7820.0	773.244	1693.79
-31612.0	7820.0	772.049	1729.0
-31612.0	7820.0	770.853	1693.13
-31612.0	7820.0	769.656	1674.0
-31612.0	7820.0	768.46	1648.6
-31612.0	7820.0	767.263	1736.02
-31612.0	7820.0	766.066	1652.14
-31612.0	7820.0	764.869	1599.61
-31612.0	7820.0	763.672	1603.48
-31612.0	7820.0	762.474	1630.31
-31612.0	7820.0	761.276	1600.77
-31612.0	7820.0	760.078	1688.1
-31612.0	7820.0	758.88	1802.52
-31612.0	7820.0	757.681	1724.99
-31612.0	7820.0	756.483	1666.27
-31612.0	7820.0	755.284	1634.67
-31612.0	7820.0	754.084	1728.16
-31612.0	7820.0	752.885	1654.88
-31612.0	7820.0	751.685	1629.55
-31612.0	7820.0	750.485	1750.07
-31612.0	7820.0	749.285	1685.16
-31612.0	7820.0	748.085	1641.1
-31612.0	7820.0	746.884	1699.08
-31612.0	7820.0	745.683	1623.81
-31612.0	7820.0	744.482	1700.5
-31612.0	7820.0	743.281	1621.09
-31612.0	7820.0	742.079	1685.28
-31612.0	7820.0	740.877	1651.67
-31612.0	7820.0	739.675	1626.39
-31612.0	7820.0	738.473	1657.26
-31612.0	7820.0	737.27	1619.52
-31612.0	7820.0	736.068	1662.85
-31612.0	7820.0	734.865	1641.74
-31612.0	7820.0	733.661	1637.27
-31612.0	7820.0	732.458	1614.1
-31612.0	7820.0	731.254	1647.01
-31612.0	7820.0	730.05	1634.23
-31612.0	7820.0	728.846	1650.52
-31612.0	7820.0	727.642	1596.23
-31612.0	7820.0	726.437	1633.28
-31612.0	7820.0	725.232	1643.33
-31612.0	7820.0	724.027	1611.89
-31612.0	7820.0	722.822	1628.17
-31612.0	7820.0	721.616	1654.81
-31612.0	7820.0	720.41	1650.34
-31612.0	7820.0	719.204	1652.09
-31612.0	7820.0	717.998	1697.36
-31612.0	7820.0	716.791	1678.38
-31612.0	7820.0	715.585	1617.97
-31612.0	7820.0	714.378	1884.85
-31612.0	7820.0	713.17	1693.96
-31612.0	7820.0	711.963	1701.91
-31612.0	7820.0	710.755	1664.31
-31612.0	7820.0	709.547	1643.29
-31612.0	7820.0	708.339	1690.56
-31612.0	7820.0	707.131	1692.3
-31612.0	7820.0	705.922	1691.96
-31612.0	7820.0	704.713	1697.83
-31612.0	7820.0	703.504	1707.84
-31612.0	7820.0	702.295	1713.7
-31612.0	7820.0	701.085	1698.9
-31612.0	7820.0	699.875	1609.71
-31612.0	7820.0	698.665	1642.45
-31612.0	7820.0	697.455	1714.42
-31612.0	7820.0	696.244	1736.8
-31612.0	7820.0	695.034	1728.2
-31612.0	7820.0	693.822	1771.21
-31612.0	7820.0	692.611	1731.64
-31612.0	7820.0	691.4	1747.81
-31612.0	7820.0	690.188	1733.02
-31612.0	7820.0	688.976	1714.12
-31612.0	7820.0	687.764	1767.4
-31612.0	7820.0	686.551	1779.42
-31612.0	7820.0	685.339	1764.64
-31612.0	7820.0	684.126	1762.23
-31612.0	7820.0	682.912	1743.33
-31612.0	7820.0	681.699	1788.31
-31612.0	7820.0	680.485	1769.42
-31612.0	7820.0	679.271	1717.58
-31612.0	7820.0	678.057	1766.66
-31612.0	7820.0	676.843	1706.61
-31612.0	7820.0	675.628	1722.74
-31612.0	7820.0	674.413	1738.86
-31612.0	7820.0	673.198	1789.95
-31612.0	7820.0	671.983	1785.48
-31612.0	7820.0	670.767	1824.2
-31612.0	7820.0	669.551	1805.33
-31612.0	7820.0	668.335	1702.19
-31612.0	7820.0	667.119	1784.06
-31612.0	7820.0	665.902	1826.86
-31612.0	7820.0	664.686	1791.57
-31612.0	7820.0	663.469	1758.35
-31612.0	7820.0	662.251	1799.07
-31612.0	7820.0	661.034	1823.36
-31612.0	7820.0	659.816	1839.42
-31612.0	7820.0	658.598	1717.95
-31612.0	7820.0	657.38	1760.7
-31612.0	7820.0	656.161	1776.77
-31612.0	7820.0	654.942	1786.67
-31612.0	7820.0	653.723	1810.92
-31612.0	7820.0	652.504	1792.11
-31612.0	7820.0	651.285	1717.95
-31612.0	7820.0	650.065	1731.95
-31612.0	7820.0	648.845	1766.44
-31612.0	7820.0	647.625	1745.6
-31612.0	7820.0	646.404	1825.14
-31612.0	7820.0	645.184	1822.73
-31612.0	7820.0	643.963	1857.18
-31612.0	7820.0	642.742	1815.86
-31612.0	7820.0	641.52	1745.91
-31612.0	7820.0	640.298	1782.39
-31612.0	7820.0	639.076	1837.28
-31612.0	7820.0	637.854	1865.55
-31612.0	7820.0	636.632	1901.99
-31612.0	7820.0	635.409	1832.08
-31612.0	7820.0	634.186	1835.81
-31612.0	7820.0	632.963	1862.01
-31612.0	7820.0	631.74	1867.77
-31612.0	7820.0	630.516	1828.57
-31612.0	7820.0	629.292	1771.01
-31612.0	7820.0	628.068	1833.97
-31612.0	7820.0	626.844	1819.3
-31612.0	7820.0	625.619	1845.48
-31612.0	7820.0	624.394	1851.23
-31612.0	7820.0	623.169	1836.57
-31612.0	7820.0	621.944	1877.01
-31612.0	7820.0	620.718	1864.39
-31612.0	7820.0	619.492	1880.33
-31612.0	7820.0	618.266	1847.33
-31612.0	7820.0	617.04	1859.19
-31612.0	7820.0	615.813	1852.7
-31612.0	7820.0	614.587	1862.52
-31612.0	7820.0	613.36	1896.78
-31612.0	7820.0	612.132	1878.06
-31612.0	7820.0	610.905	1877.68
-31612.0	7820.0	609.677	1785.68
-31612.0	7820.0	608.449	1848.43
-31612.0	7820.0	607.22	1884.69
-31612.0	7820.0	605.992	1874.14
-31612.0	7820.0	604.763	1851.38
-31612.0	7820.0	603.534	1798.12
-31612.0	7820.0	602.305	1795.72
-31612.0	7820.0	601.075	1756.73
-31612.0	7820.0	599.845	1833.62
-31612.0	7820.0	598.615	1825.12
-31612.0	7820.0	597.385	1851.17
-31612.0	7820.0	596.154	1836.57
-31612.0	7820.0	594.924	1882.92
-31612.0	7820.0	593.693	1894.72
-31612.0	7820.0	592.461	1794.85
-31612.0	7820.0	591.23	1847.26
-31612.0	7820.0	589.998	1871.24
-31612.0	7820.0	588.766	1846.52
-31612.0	7820.0	587.534	1850.2
-31612.0	7820.0	586.301	1821.43
-31612.0	7820.0	585.068	1839.31
-31612.0	7820.0	583.835	1814.61
-31612.0	7820.0	582.602	1826.4
-31612.0	7820.0	581.368	1773.34
-31612.0	7820.0	580.134	1801.34
-31612.0	7820.0	578.9	1734.13
-31612.0	7820.0	577.666	1818.84
-31612.0	7820.0	576.432	1775.95
-31612.0	7820.0	575.197	1769.51
-31612.0	7820.0	573.962	1817.73
-31612.0	7820.0	572.726	1778.91
-31612.0	7820.0	571.491	1810.92
-31612.0	7820.0	570.255	1792.35
-31612.0	7820.0	569.019	1830.41
-31612.0	7820.0	567.783	1838.13
-31612.0	7820.0	566.546	1862.01
-31612.0	7820.0	565.309	1918.23
-31612.0	7820.0	564.072	1830.94
-31612.0	7820.0	562.835	1885.12
-31612.0	7820.0	561.597	1890.8
-31612.0	7820.0	560.359	1908.59
-31612.0	7820.0	559.121	1942.53
-31612.0	7820.0	557.883	1889.64
-31612.0	7820.0	556.644	1978.07
-31612.0	7820.0	555.406	1939.32
-31612.0	7820.0	554.167	1894.54
-31612.0	7820.0	552.927	1928.44
-31612.0	7820.0	551.688	1972.42
-31612.0	7820.0	550.448	1998.23
-31612.0	7820.0	549.208	2104.66
-31612.0	7820.0	547.967	2037.72
-31612.0	7820.0	546.727	2105.82
-31612.0	7820.0	545.486	2055.02
-31612.0	7820.0	544.245	2167.4
-31612.0	7820.0	543.003	2259.6
-31612.0	7820.0	541.762	2261.15
-31612.0	7820.0	540.52	2369.39
-31612.0	7820.0	539.278	2387.02
-31612.0	7820.0	538.035	2434.82
-31612.0	7820.0	536.793	2595.27
-31612.0	7820.0	535.55	2626.92
-31612.0	7820.0	534.307	2857.65
-31612.0	7820.0	533.063	3038.02
-31612.0	7820.0	531.82	3326.86
-31612.0	7820.0	530.576	3661.81
-31612.0	7820.0	529.331	4087.04
-31612.0	7820.0	528.087	4831.52
-31612.0	7820.0	526.842	5885.01
-31612.0	7820.0	525.597	7442.11
-31612.0	7820.0	524.352	10026.5
-31612.0	7820.0	523.107	14133.4
-31612.0	7820.0	521.861	20727.1
-31612.0	7820.0	520.615	24384.7
-31612.0	7820.0	519.369	21651.4
-31612.0	7820.0	518.122	18139.1
-31612.0	7820.0	516.876	15273.9
-31612.0	7820.0	515.629	12987.2
-31612.0	7820.0	514.381	10932.0
-31612.0	7820.0	513.134	9583.1
-31612.0	7820.0	511.886	8497.19
-31612.0	7820.0	510.638	7790.32
-31612.0	7820.0	509.39	7147.84
-31612.0	7820.0	508.141	6743.89
-31612.0	7820.0	506.892	6354.12
-31612.0	7820.0	505.643	6064.6
-31612.0	7820.0	504.394	5929.27
-31612.0	7820.0	503.145	5491.9
-31612.0	7820.0	501.895	5310.74
-31612.0	7820.0	500.645	5357.64
-31612.0	7820.0	499.394	5154.58
-31612.0	7820.0	498.144	4993.6
-31612.0	7820.0	496.893	5006.55
-31612.0	7820.0	495.642	4761.74
-31612.0	7820.0	494.39	4818.69
-31612.0	7820.0	493.139	4701.84
-31612.0	7820.0	491.887	4541.11
-31612.0	7820.0	490.635	4348.5
-31612.0	7820.0	489.382	4301.69
-31612.0	7820.0	488.13	4167.09
-31612.0	7820.0	486.877	4072.44
-31612.0	7820.0	485.623	3914.0
-31612.0	7820.0	484.37	3917.18
-31612.0	7820.0	483.116	3858.54
-31612.0	7820.0	481.862	3774.01
-31612.0	7820.0	480.608	3831.03
-31612.0	7820.0	479.354	3784.4
-31612.0	7820.0	478.099	3803.54
-31612.0	7820.0	476.844	3685.22
-31612.0	7820.0	475.588	3668.52
-31612.0	7820.0	474.333	3572.18
-31612.0	7820.0	473.077	3543.57
-31612.0	7820.0	471.821	3497.06
-31612.0	7820.0	470.565	3504.29
-31612.0	7820.0	469.308	3467.75
-31612.0	7820.0	468.051	3399.4
-31612.0	7820.0	466.794	3392.73
-31612.0	7820.0	465.537	3318.45
-31612.0	7820.0	464.279	3240.24
-31612.0	7820.0	463.021	3183.91
-31612.0	7820.0	461.763	3250.81
-31612.0	7820.0	460.505	3192.52
-31612.0	7820.0	459.246	3086.59
-31612.0	7820.0	457.987	3085.94
-31612.0	7820.0	456.728	3075.37
-31612.0	7820.0	455.469	3102.52
-31612.0	7820.0	454.209	2998.68
-31612.0	7820.0	452.949	3004.01
-31612.0	7820.0	451.689	2929.98
-31612.0	7820.0	450.428	2951.19
-31612.0	7820.0	449.167	2899.02
-31612.0	7820.0	447.906	2945.99
-31612.0	7820.0	446.645	2921.59
-31612.0	7820.0	445.383	2847.66
-31612.0	7820.0	444.122	2805.46
-31612.0	7820.0	442.86	2840.53
-31612.0	7820.0	441.597	2822.11
-31612.0	7820.0	440.335	2777.96
-31612.0	7820.0	439.072	2844.69
-31612.0	7820.0	437.809	2743.15
-31612.0	7820.0	436.545	2750.5
-31612.0	7820.0	435.281	2763.77
-31612.0	7820.0	434.018	2735.5
-31612.0	7820.0	432.753	2748.77
-31612.0	7820.0	431.489	2700.74
-31612.0	7820.0	430.224	2763.43
-31612.0	7820.0	428.959	2741.12
-31612.0	7820.0	427.694	2679.29
-31612.0	7820.0	426.428	2690.58
-31612.0	7820.0	425.163	2646.57
-31612.0	7820.0	423.896	2663.78
-31612.0	7820.0	422.63	2594.13
-31612.0	7820.0	421.364	2644.9
-31612.0	7820.0	420.097	2614.75
-31612.0	7820.0	418.83	2608.28
-31612.0	7820.0	417.562	2558.42
-31612.0	7820.0	416.295	2599.3
-31612.0	7820.0	415.027	2582.98
-31612.0	7820.0	413.758	2600.18
-31612.0	7820.0	412.49	2566.13
-31612.0	7820.0	411.221	2579.38
-31612.0	7820.0	409.952	2543.38
-31612.0	7820.0	408.683	2588.15
-31612.0	7820.0	407.414	2439.91
-31612.0	7820.0	406.144	2510.27
-31612.0	7820.0	404.874	2529.43
-31612.0	7820.0	403.603	2485.6
-31612.0	7820.0	402.333	2435.89
-31612.0	7820.0	401.062	2437.34
-31612.0	7820.0	399.791	2539.1
-31612.0	7820.0	398.519	2560.2
-31612.0	7820.0	397.248	2526.24
-31612.0	7820.0	395.976	2462.81
-31612.0	7820.0	394.704	2458.36
-31612.0	7820.0	393.431	2471.6
-31612.0	7820.0	392.159	2408.22
-31612.0	7820.0	390.886	2515.73
-31612.0	7820.0	389.612	2472.0
-31612.0	7820.0	388.339	2463.63
-31612.0	7820.0	387.065	2492.55
-31612.0	7820.0	385.791	2503.8
-31612.0	7820.0	384.517	2501.31
-31612.0	7820.0	383.242	2471.36
-31612.0	7820.0	381.967	2553.2
-31612.0	7820.0	380.692	2542.86
-31612.0	7820.0	379.417	2491.36
-31612.0	7820.0	378.141	2569.22
-31612.0	7820.0	376.865	2539.29
-31612.0	7820.0	375.589	2489.78
-31612.0	7820.0	374.312	2497.09
-31612.0	7820.0	373.035	2435.86
-31612.0	7820.0	371.758	2445.13
-31612.0	7820.0	370.481	2468.1
-31612.0	7820.0	369.204	2469.54
-31612.0	7820.0	367.926	2437.71
-31612.0	7820.0	366.648	2405.9
-31612.0	7820.0	365.369	2387.79
-31612.0	7820.0	364.091	2453.76
-31612.0	7820.0	362.812	2488.43
-31612.0	7820.0	361.532	2441.0
-31612.0	7820.0	360.253	2446.34
-31612.0	7820.0	358.973	2447.78
-31612.0	7820.0	357.693	2443.36
-31612.0	7820.0	356.413	2421.36
-31612.0	7820.0	355.132	2491.13
-31612.0	7820.0	353.852	2578.44
-31612.0	7820.0	352.571	2476.41
-31612.0	7820.0	351.289	2516.86
-31612.0	7820.0	350.008	2389.54
-31612.0	7820.0	348.726	2449.49
-31612.0	7820.0	347.444	2491.86
-31612.0	7820.0	346.161	2499.13
-31612.0	7820.0	344.878	2463.52
-31612.0	7820.0	343.595	2449.36
-31612.0	7820.0	342.312	2511.18
-31612.0	7820.0	341.029	2510.65
-31612.0	7820.0	339.745	2584.11
-31612.0	7820.0	338.461	2552.41
-31612.0	7820.0	337.176	2536.3
-31612.0	7820.0	335.892	2537.71
-31612.0	7820.0	334.607	2579.97
-31612.0	7820.0	333.322	2593.04
-31612.0	7820.0	332.036	2631.39
-31612.0	7820.0	330.75	2555.0
-31612.0	7820.0	329.464	2614.72
-31612.0	7820.0	328.178	2633.6
-31612.0	7820.0	326.892	2586.4
-31612.0	7820.0	325.605	2583.91
-31612.0	7820.0	324.318	2581.42
-31612.0	7820.0	323.03	2608.06
-31612.0	7820.0	321.743	2611.39
-31612.0	7820.0	320.455	2758.36
-31612.0	7820.0	319.167	2546.23
-31612.0	7820.0	317.878	2710.62
-31612.0	7820.0	316.59	2624.68
-31612.0	7820.0	315.301	2606.67
-31612.0	7820.0	314.011	2677.86
-31612.0	7820.0	312.722	2659.84
-31612.0	7820.0	311.432	2688.35
-31612.0	7820.0	310.142	2701.34
-31612.0	7820.0	308.851	2708.52
-31612.0	7820.0	307.561	2800.92
-31612.0	7820.0	306.27	2709.3
-31612.0	7820.0	304.979	2735.83
-31612.0	7820.0	303.687	2816.55
-31612.0	7820.0	302.395	2804.34
-31612.0	7820.0	301.103	2852.11
-31612.0	7820.0	299.811	2789.6
-31612.0	7820.0	298.519	2812.21
-31612.0	7820.0	297.226	2755.54
-31612.0	7820.0	295.933	2662.15
-31612.0	7820.0	294.639	2725.37
-31612.0	7820.0	293.345	2686.14
-31612.0	7820.0	292.052	2654.65
-31612.0	7820.0	290.757	2679.19
-31612.0	7820.0	289.463	2657.38
-31612.0	7820.0	288.168	2595.03
-31612.0	7820.0	286.873	2650.45
-31612.0	7820.0	285.578	2574.62
-31612.0	7820.0	284.282	2595.29
-31612.0	7820.0	282.986	2641.04
-31612.0	7820.0	281.69	2540.18
-31612.0	7820.0	280.393	2576.27
-31612.0	7820.0	279.097	2537.17
-31612.0	7820.0	277.8	2530.84
-31612.0	7820.0	276.502	2576.55
-31612.0	7820.0	275.205	2498.93
-31612.0	7820.0	273.907	2467.58
-31612.0	7820.0	272.609	2411.2
-31612.0	7820.0	271.311	2508.88
-31612.0	7820.0	270.012	2467.92
-31612.0	7820.0	268.713	2423.12
-31612.0	7820.0	267.414	2459.17
-31612.0	7820.0	266.114	2360.53
-31612.0	7820.0	264.814	2415.8
-31612.0	7820.0	263.514	2388.36
-31612.0	7820.0	262.214	2360.93
-31612.0	7820.0	260.913	2377.73
-31612.0	7820.0	259.613	2308.03
-31612.0	7820.0	258.311	2363.26
-31612.0	7820.0	257.01	2378.12
-31612.0	7820.0	255.708	2277.74
-31612.0	7820.0	254.406	2286.86
-31612.0	7820.0	253.104	2301.72
-31612.0	7820.0	251.801	2299.31
-31612.0	7820.0	250.499	2287.31
-31612.0	7820.0	249.195	2204.32
-31612.0	7820.0	247.892	2236.46
-31612.0	7820.0	246.588	2226.39
-31612.0	7820.0	245.284	2231.66
-31612.0	7820.0	243.98	2231.18
-31612.0	7820.0	242.676	2200.04
-31612.0	7820.0	241.371	2140.17
-31612.0	7820.0	240.066	2172.28
-31612.0	7820.0	238.76	2231.19
-31612.0	7820.0	237.455	2117.74
-31612.0	7820.0	236.149	2121.11
-31612.0	7820.0	234.843	2151.28
-31612.0	7820.0	233.536	2177.61
-31612.0	7820.0	232.229	2198.18
-31612.0	7820.0	230.922	2157.54
-31612.0	7820.0	229.615	2103.54
-31612.0	7820.0	228.307	2099.26
-31612.0	7820.0	227.0	2181.0
-31612.0	7820.0	225.691	2186.27
-31612.0	7820.0	224.383	2057.78
-31612.0	7820.0	223.074	2108.92
-31612.0	7820.0	221.765	2127.56
-31612.0	7820.0	220.456	2081.28
-31612.0	7820.0	219.146	2088.47
-31612.0	7820.0	217.836	2063.21
-31612.0	7820.0	216.526	2148.64
-31612.0	7820.0	215.216	2043.24
-31612.0	7820.0	213.905	2124.82
-31612.0	7820.0	212.594	2091.95
-31612.0	7820.0	211.283	2095.31
-31612.0	7820.0	209.971	2176.83
-31612.0	7820.0	208.66	2077.26
-31612.0	7820.0	207.348	2067.29
-31612.0	7820.0	206.035	2127.8
-31612.0	7820.0	204.722	2159.72
-31612.0	7820.0	203.409	2187.81
-31612.0	7820.0	202.096	2101.68
-31612.0	7820.0	200.783	2173.55
-31612.0	7820.0	199.469	2195.92
-31612.0	7820.0	198.155	2172.61
-31612.0	7820.0	196.84	2156.93
-31612.0	7820.0	195.526	2137.45
-31612.0	7820.0	194.211	2216.84
-31612.0	7820.0	192.896	2193.56
-31612.0	7820.0	191.58	2394.53
-31612.0	7820.0	190.264	2352.21
-31612.0	7820.0	188.948	2256.73
-31612.0	7820.0	187.632	2260.04
-31612.0	7820.0	186.315	2282.34
-31612.0	7820.0	184.998	2279.95
-31612.0	7820.0	183.681	2226.31
-31612.0	7820.0	182.364	2210.65
-31612.0	7820.0	181.046	2282.27
-31612.0	7820.0	179.728	2332.99
-31612.0	7820.0	178.41	2243.36
-31612.0	7820.0	177.091	2324.4
-31612.0	7820.0	175.772	2293.57
-31612.0	7820.0	174.453	2276.02
-31612.0	7820.0	173.133	2324.79
-31612.0	7820.0	171.814	2276.93
-31612.0	7820.0	170.494	2355.99
-31612.0	7820.0	169.173	2321.4
-31612.0	7820.0	167.853	2252.75
-31612.0	7820.0	166.532	2271.19
-31612.0	7820.0	165.211	2380.45
-31612.0	7820.0	163.889	2325.07
-31612.0	7820.0	162.567	2303.76
-31612.0	7820.0	161.245	2348.65
-31612.0	7820.0	159.923	2264.96
-31612.0	7820.0	158.6	2421.36
-31612.0	7820.0	157.278	2392.49
-31612.0	7820.0	155.954	2371.19
-31612.0	7820.0	154.631	2400.9
-31612.0	7820.0	153.307	2419.27
-31612.0	7820.0	151.983	2388.54
-31612.0	7820.0	150.659	2418.22
-31612.0	7820.0	149.334	2527.17
-31612.0	7820.0	148.009	2464.36
-31612.0	7820.0	146.684	2337.43
-31612.0	7820.0	145.359	2444.43
-31612.0	7820.0	144.033	2453.33
-31612.0	7820.0	142.707	2371.73
-31612.0	7820.0	141.381	2469.24
-31612.0	7820.0	140.054	2432.9
-31612.0	7820.0	138.727	2413.53
-31612.0	7820.0	137.4	2437.5
-31612.0	7820.0	136.072	2478.41
-31612.0	7820.0	134.745	2361.13
-31612.0	7820.0	133.417	2373.8
-31612.0	7820.0	132.088	2369.52
-31612.0	7820.0	130.76	2401.0
-31612.0	7820.0	129.431	2477.61
-31612.0	7820.0	128.102	2334.13
-31612.0	7820.0	126.772	2399.45
-31612.0	7820.0	125.442	2410.21
-31612.0	7820.0	124.112	2360.82
-31612.0	7820.0	122.782	2369.7
-31612.0	7820.0	121.451	2397.37
-31612.0	7820.0	120.12	2314.21
-31612.0	7820.0	118.789	2281.78
-31612.0	7820.0	117.458	2337.62
-31612.0	7820.0	116.126	2316.46
-31612.0	7820.0	114.794	2323.47
-31612.0	7820.0	113.462	2285.44
-31612.0	7820.0	112.129	2299.95
-31612.0	7820.0	110.796	2278.82
-31612.0	7820.0	109.463	2259.58
-31612.0	7820.0	108.129	2212.22
-31612.0	7820.0	106.796	2217.37
-31612.0	7820.0	105.461	2235.63
-31612.0	7820.0	104.127	2126.48
-31612.0	7820.0	102.792	2067.95
-31612.0	7820.0	101.457	2020.69
-31612.0	7820.0	100.122	1971.57
-31612.0	7820.0	98.7867	1926.22
-31612.0	7820.0	97.4509	1942.65
-31612.0	7820.0	96.1148	1902.93
-31612.0	7820.0	94.7784	1876.33
-31612.0	7820.0	93.4418	1829.17
-31612.0	7820.0	92.1048	1720.32
-31612.0	7820.0	90.7676	1813.42
-31612.0	7820.0	89.43	1781.26
-31612.0	7820.0	88.0922	1771.53
-31612.0	7820.0	86.7541	1763.67
-31612.0	7820.0	85.4157	1724.06
