-31646.0	7814.0	1311.89	1951.1
-31646.0	7814.0	1310.78	2007.56
-31646.0	7814.0	1309.68	1934.58
-31646.0	7814.0	1308.58	1938.81
-31646.0	7814.0	1307.48	1927.15
-31646.0	7814.0	1306.38	1931.38
-31646.0	7814.0	1305.28	1969.65
-31646.0	7814.0	1304.18	1885.39
-31646.0	7814.0	1303.07	1962.22
-31646.0	7814.0	1301.97	1925.61
-31646.0	7814.0	1300.87	2056.83
-31646.0	7814.0	1299.77	1940.87
-31646.0	7814.0	1298.66	1888.41
-31646.0	7814.0	1297.56	2001.44
-31646.0	7814.0	1296.46	1908.2
-31646.0	7814.0	1295.35	1896.57
-31646.0	7814.0	1294.25	1889.47
-31646.0	7814.0	1293.15	1977.5
-31646.0	7814.0	1292.04	2051.93
-31646.0	7814.0	1290.94	2040.27
-31646.0	7814.0	1289.83	1994.66
-31646.0	7814.0	1288.73	1876.63
-31646.0	7814.0	1287.63	1969.12
-31646.0	7814.0	1286.52	1887.34
-31646.0	7814.0	1285.42	1891.56
-31646.0	7814.0	1284.31	1929.71
-31646.0	7814.0	1283.21	1940.71
-31646.0	7814.0	1282.1	1904.21
-31646.0	7814.0	1280.99	1960.44
-31646.0	7814.0	1279.89	1951.08
-31646.0	7814.0	1278.78	1853.56
-31646.0	7814.0	1277.68	1912.02
-31646.0	7814.0	1276.57	1895.9
-31646.0	7814.0	1275.46	1875.26
-31646.0	7814.0	1274.36	1974.35
-31646.0	7814.0	1273.25	1987.58
-31646.0	7814.0	1272.14	1975.97
-31646.0	7814.0	1271.04	1998.23
-31646.0	7814.0	1269.93	1943.72
-31646.0	7814.0	1268.82	1844.09
-31646.0	7814.0	1267.71	1794.14
-31646.0	7814.0	1266.61	1881.85
-31646.0	7814.0	1265.5	1897.34
-31646.0	7814.0	1264.39	1946.66
-31646.0	7814.0	1263.28	1880.94
-31646.0	7814.0	1262.17	1894.16
-31646.0	7814.0	1261.06	1900.62
-31646.0	7814.0	1259.95	1927.36
-31646.0	7814.0	1258.84	1796.32
-31646.0	7814.0	1257.74	1879.41
-31646.0	7814.0	1256.63	1924.16
-31646.0	7814.0	1255.52	1937.37
-31646.0	7814.0	1254.41	1840.2
-31646.0	7814.0	1253.3	1878.18
-31646.0	7814.0	1252.19	1929.66
-31646.0	7814.0	1251.08	1891.08
-31646.0	7814.0	1249.96	1965.05
-31646.0	7814.0	1248.85	1876.96
-31646.0	7814.0	1247.74	1863.15
-31646.0	7814.0	1246.63	1896.59
-31646.0	7814.0	1245.52	1891.78
-31646.0	7814.0	1244.41	1882.48
-31646.0	7814.0	1243.3	1864.18
-31646.0	7814.0	1242.18	1924.58
-31646.0	7814.0	1241.07	1913.02
-31646.0	7814.0	1239.96	1883.49
-31646.0	7814.0	1238.85	1887.68
-31646.0	7814.0	1237.74	1880.63
-31646.0	7814.0	1236.62	1846.62
-31646.0	7814.0	1235.51	1893.49
-31646.0	7814.0	1234.4	1834.79
-31646.0	7814.0	1233.28	1872.66
-31646.0	7814.0	1232.17	1831.94
-31646.0	7814.0	1231.06	1822.66
-31646.0	7814.0	1229.94	1829.09
-31646.0	7814.0	1228.83	1902.84
-31646.0	7814.0	1227.71	1848.68
-31646.0	7814.0	1226.6	1846.14
-31646.0	7814.0	1225.48	1917.6
-31646.0	7814.0	1224.37	1834.32
-31646.0	7814.0	1223.25	1851.95
-31646.0	7814.0	1222.14	1869.58
-31646.0	7814.0	1221.02	1965.65
-31646.0	7814.0	1219.91	1855.52
-31646.0	7814.0	1218.79	1866.41
-31646.0	7814.0	1217.68	1886.27
-31646.0	7814.0	1216.56	1814.28
-31646.0	7814.0	1215.44	1852.05
-31646.0	7814.0	1214.33	1860.7
-31646.0	7814.0	1213.21	1826.81
-31646.0	7814.0	1212.09	1779.5
-31646.0	7814.0	1210.98	1799.35
-31646.0	7814.0	1209.86	1792.34
-31646.0	7814.0	1208.74	1827.84
-31646.0	7814.0	1207.62	1885.69
-31646.0	7814.0	1206.51	1865.25
-31646.0	7814.0	1205.39	1856.0
-31646.0	7814.0	1204.27	1864.63
-31646.0	7814.0	1203.15	1850.91
-31646.0	7814.0	1202.03	1846.14
-31646.0	7814.0	1200.91	1816.78
-31646.0	7814.0	1199.8	1834.35
-31646.0	7814.0	1198.68	1782.67
-31646.0	7814.0	1197.56	1829.27
-31646.0	7814.0	1196.44	1746.34
-31646.0	7814.0	1195.32	1750.52
-31646.0	7814.0	1194.2	1817.2
-31646.0	7814.0	1193.08	1821.36
-31646.0	7814.0	1191.96	1825.52
-31646.0	7814.0	1190.84	1825.21
-31646.0	7814.0	1189.72	1833.83
-31646.0	7814.0	1188.6	1891.52
-31646.0	7814.0	1187.48	1920.2
-31646.0	7814.0	1186.35	1803.93
-31646.0	7814.0	1185.23	1803.63
-31646.0	7814.0	1184.11	1772.12
-31646.0	7814.0	1182.99	1878.8
-31646.0	7814.0	1181.87	1793.81
-31646.0	7814.0	1180.75	1882.63
-31646.0	7814.0	1179.62	1888.99
-31646.0	7814.0	1178.5	1808.5
-31646.0	7814.0	1177.38	1821.55
-31646.0	7814.0	1176.26	1832.38
-31646.0	7814.0	1175.13	1872.14
-31646.0	7814.0	1174.01	1776.12
-31646.0	7814.0	1172.89	1853.71
-31646.0	7814.0	1171.76	1837.83
-31646.0	7814.0	1170.64	1844.19
-31646.0	7814.0	1169.51	1839.43
-31646.0	7814.0	1168.39	1765.74
-31646.0	7814.0	1167.27	1807.69
-31646.0	7814.0	1166.14	1802.94
-31646.0	7814.0	1165.02	1771.51
-31646.0	7814.0	1163.89	1733.44
-31646.0	7814.0	1162.77	1817.58
-31646.0	7814.0	1161.64	1803.94
-31646.0	7814.0	1160.52	1756.99
-31646.0	7814.0	1159.39	1736.71
-31646.0	7814.0	1158.26	1718.65
-31646.0	7814.0	1157.14	1769.42
-31646.0	7814.0	1156.01	1811.3
-31646.0	7814.0	1154.88	1779.92
-31646.0	7814.0	1153.76	1788.5
-31646.0	7814.0	1152.63	1781.54
-31646.0	7814.0	1151.5	1759.06
-31646.0	7814.0	1150.38	1752.1
-31646.0	7814.0	1149.25	1800.59
-31646.0	7814.0	1148.12	1862.37
-31646.0	7814.0	1146.99	1822.15
-31646.0	7814.0	1145.87	1817.41
-31646.0	7814.0	1144.74	1861.42
-31646.0	7814.0	1143.61	1834.52
-31646.0	7814.0	1142.48	1789.9
-31646.0	7814.0	1141.35	1827.25
-31646.0	7814.0	1140.22	1840.22
-31646.0	7814.0	1139.09	1755.78
-31646.0	7814.0	1137.97	1826.32
-31646.0	7814.0	1136.84	1724.19
-31646.0	7814.0	1135.71	1781.44
-31646.0	7814.0	1134.58	1721.39
-31646.0	7814.0	1133.45	1765.34
-31646.0	7814.0	1132.32	1826.97
-31646.0	7814.0	1131.19	1791.28
-31646.0	7814.0	1130.05	1773.28
-31646.0	7814.0	1128.92	1737.61
-31646.0	7814.0	1127.79	1803.62
-31646.0	7814.0	1126.66	1803.32
-31646.0	7814.0	1125.53	1730.09
-31646.0	7814.0	1124.4	1762.93
-31646.0	7814.0	1123.27	1764.84
-31646.0	7814.0	1122.13	1802.08
-31646.0	7814.0	1121.0	1737.74
-31646.0	7814.0	1119.87	1688.88
-31646.0	7814.0	1118.74	1670.93
-31646.0	7814.0	1117.6	1763.33
-31646.0	7814.0	1116.47	1712.28
-31646.0	7814.0	1115.34	1738.46
-31646.0	7814.0	1114.2	1698.46
-31646.0	7814.0	1113.07	1735.66
-31646.0	7814.0	1111.94	1770.64
-31646.0	7814.0	1110.8	1739.47
-31646.0	7814.0	1109.67	1761.21
-31646.0	7814.0	1108.54	1769.73
-31646.0	7814.0	1107.4	1734.17
-31646.0	7814.0	1106.27	1676.59
-31646.0	7814.0	1105.13	1704.93
-31646.0	7814.0	1104.0	1748.69
-31646.0	7814.0	1102.86	1708.75
-31646.0	7814.0	1101.72	1807.53
-31646.0	7814.0	1100.59	1734.58
-31646.0	7814.0	1099.45	1769.49
-31646.0	7814.0	1098.32	1872.61
-31646.0	7814.0	1097.18	1779.88
-31646.0	7814.0	1096.04	1803.77
-31646.0	7814.0	1094.91	1730.88
-31646.0	7814.0	1093.77	1809.74
-31646.0	7814.0	1092.63	1802.84
-31646.0	7814.0	1091.5	1802.52
-31646.0	7814.0	1090.36	1861.55
-31646.0	7814.0	1089.22	1683.24
-31646.0	7814.0	1088.08	1722.49
-31646.0	7814.0	1086.95	1691.44
-31646.0	7814.0	1085.81	1704.33
-31646.0	7814.0	1084.67	1728.19
-31646.0	7814.0	1083.53	1703.74
-31646.0	7814.0	1082.39	1705.64
-31646.0	7814.0	1081.25	1736.07
-31646.0	7814.0	1080.11	1687.49
-31646.0	7814.0	1078.97	1759.6
-31646.0	7814.0	1077.83	1829.49
-31646.0	7814.0	1076.69	1765.56
-31646.0	7814.0	1075.55	1769.64
-31646.0	7814.0	1074.41	1699.18
-31646.0	7814.0	1073.27	1701.07
-31646.0	7814.0	1072.13	1729.27
-31646.0	7814.0	1070.99	1724.58
-31646.0	7814.0	1069.85	1757.15
-31646.0	7814.0	1068.71	1715.22
-31646.0	7814.0	1067.57	1703.97
-31646.0	7814.0	1066.43	1697.1
-31646.0	7814.0	1065.28	1755.92
-31646.0	7814.0	1064.14	1714.02
-31646.0	7814.0	1063.0	1735.61
-31646.0	7814.0	1061.86	1768.13
-31646.0	7814.0	1060.71	1783.14
-31646.0	7814.0	1059.57	1717.2
-31646.0	7814.0	1058.43	1699.4
-31646.0	7814.0	1057.29	1736.28
-31646.0	7814.0	1056.14	1751.28
-31646.0	7814.0	1055.0	1672.28
-31646.0	7814.0	1053.85	1783.45
-31646.0	7814.0	1052.71	1693.54
-31646.0	7814.0	1051.57	1726.02
-31646.0	7814.0	1050.42	1758.48
-31646.0	7814.0	1049.28	1731.96
-31646.0	7814.0	1048.13	1720.74
-31646.0	7814.0	1046.99	1805.59
-31646.0	7814.0	1045.84	1659.01
-31646.0	7814.0	1044.7	1754.75
-31646.0	7814.0	1043.55	1787.18
-31646.0	7814.0	1042.4	1745.41
-31646.0	7814.0	1041.26	1675.3
-31646.0	7814.0	1040.11	1698.99
-31646.0	7814.0	1038.97	1807.72
-31646.0	7814.0	1037.82	1746.36
-31646.0	7814.0	1036.67	1737.33
-31646.0	7814.0	1035.53	1737.02
-31646.0	7814.0	1034.38	1717.11
-31646.0	7814.0	1033.23	1677.59
-31646.0	7814.0	1032.08	1740.46
-31646.0	7814.0	1030.94	1770.64
-31646.0	7814.0	1029.79	1718.07
-31646.0	7814.0	1028.64	1743.89
-31646.0	7814.0	1027.49	1743.58
-31646.0	7814.0	1026.34	1762.86
-31646.0	7814.0	1025.19	1751.67
-31646.0	7814.0	1024.04	1736.13
-31646.0	7814.0	1022.89	1692.32
-31646.0	7814.0	1021.74	1761.61
-31646.0	7814.0	1020.59	1813.48
-31646.0	7814.0	1019.45	1780.55
-31646.0	7814.0	1018.29	1762.85
-31646.0	7814.0	1017.14	1792.96
-31646.0	7814.0	1015.99	1729.63
-31646.0	7814.0	1014.84	1770.6
-31646.0	7814.0	1013.69	1768.11
-31646.0	7814.0	1012.54	1811.23
-31646.0	7814.0	1011.39	1754.45
-31646.0	7814.0	1010.24	1791.05
-31646.0	7814.0	1009.09	1764.68
-31646.0	7814.0	1007.93	1747.0
-31646.0	7814.0	1006.78	1794.43
-31646.0	7814.0	1005.63	1781.09
-31646.0	7814.0	1004.48	1819.82
-31646.0	7814.0	1003.32	1852.02
-31646.0	7814.0	1002.17	1801.82
-31646.0	7814.0	1001.02	1840.52
-31646.0	7814.0	999.865	1868.37
-31646.0	7814.0	998.711	1898.37
-31646.0	7814.0	997.558	1885.03
-31646.0	7814.0	996.403	1876.03
-31646.0	7814.0	995.249	1806.38
-31646.0	7814.0	994.095	1944.65
-31646.0	7814.0	992.94	1944.31
-31646.0	7814.0	991.785	1965.6
-31646.0	7814.0	990.63	1950.1
-31646.0	7814.0	989.475	1917.29
-31646.0	7814.0	988.319	1895.31
-31646.0	7814.0	987.164	2011.78
-31646.0	7814.0	986.008	1976.82
-31646.0	7814.0	984.852	1948.35
-31646.0	7814.0	983.695	2021.51
-31646.0	7814.0	982.539	2060.06
-31646.0	7814.0	981.382	2141.81
-31646.0	7814.0	980.225	2139.27
-31646.0	7814.0	979.068	2048.14
-31646.0	7814.0	977.911	2041.29
-31646.0	7814.0	976.753	2017.17
-31646.0	7814.0	975.595	2113.97
-31646.0	7814.0	974.437	2035.87
-31646.0	7814.0	973.279	2048.45
-31646.0	7814.0	972.121	2052.4
-31646.0	7814.0	970.962	2105.97
-31646.0	7814.0	969.803	2127.17
-31646.0	7814.0	968.644	2081.49
-31646.0	7814.0	967.485	2031.51
-31646.0	7814.0	966.326	2154.04
-31646.0	7814.0	965.166	2119.16
-31646.0	7814.0	964.006	2082.13
-31646.0	7814.0	962.846	2167.96
-31646.0	7814.0	961.686	2092.15
-31646.0	7814.0	960.525	2231.8
-31646.0	7814.0	959.365	2246.47
-31646.0	7814.0	958.204	2078.09
-31646.0	7814.0	957.043	2114.32
-31646.0	7814.0	955.881	2163.45
-31646.0	7814.0	954.72	2175.97
-31646.0	7814.0	953.558	2188.48
-31646.0	7814.0	952.396	2127.84
-31646.0	7814.0	951.234	2133.91
-31646.0	7814.0	950.071	2094.81
-31646.0	7814.0	948.909	2064.32
-31646.0	7814.0	947.746	2212.29
-31646.0	7814.0	946.583	2143.1
-31646.0	7814.0	945.42	2159.91
-31646.0	7814.0	944.256	2122.98
-31646.0	7814.0	943.092	2131.19
-31646.0	7814.0	941.929	2147.98
-31646.0	7814.0	940.765	2134.71
-31646.0	7814.0	939.6	2140.76
-31646.0	7814.0	938.436	2065.23
-31646.0	7814.0	937.271	2043.39
-31646.0	7814.0	936.106	2133.15
-31646.0	7814.0	934.941	2128.47
-31646.0	7814.0	933.775	2025.11
-31646.0	7814.0	932.61	2048.33
-31646.0	7814.0	931.444	2002.92
-31646.0	7814.0	930.278	2047.58
-31646.0	7814.0	929.112	1957.17
-31646.0	7814.0	927.945	1913.94
-31646.0	7814.0	926.779	1920.02
-31646.0	7814.0	925.612	1938.95
-31646.0	7814.0	924.445	1994.29
-31646.0	7814.0	923.278	1933.96
-31646.0	7814.0	922.11	1922.89
-31646.0	7814.0	920.942	1860.45
-31646.0	7814.0	919.774	1997.11
-31646.0	7814.0	918.606	1938.95
-31646.0	7814.0	917.438	1878.69
-31646.0	7814.0	916.269	1874.06
-31646.0	7814.0	915.1	1854.47
-31646.0	7814.0	913.931	1792.11
-31646.0	7814.0	912.762	1755.43
-31646.0	7814.0	911.593	1729.45
-31646.0	7814.0	910.423	1780.43
-31646.0	7814.0	909.253	1730.95
-31646.0	7814.0	908.083	1769.09
-31646.0	7814.0	906.913	1781.58
-31646.0	7814.0	905.742	1813.29
-31646.0	7814.0	904.572	1759.57
-31646.0	7814.0	903.401	1643.95
-31646.0	7814.0	902.229	1720.49
-31646.0	7814.0	901.058	1829.02
-31646.0	7814.0	899.886	1689.98
-31646.0	7814.0	898.715	1704.6
-31646.0	7814.0	897.543	1693.62
-31646.0	7814.0	896.37	1774.35
-31646.0	7814.0	895.198	1714.32
-31646.0	7814.0	894.025	1720.39
-31646.0	7814.0	892.852	1749.92
-31646.0	7814.0	891.679	1749.59
-31646.0	7814.0	890.506	1772.7
-31646.0	7814.0	889.332	1742.55
-31646.0	7814.0	888.158	1710.28
-31646.0	7814.0	886.984	1748.29
-31646.0	7814.0	885.81	1675.58
-31646.0	7814.0	884.636	1732.74
-31646.0	7814.0	883.461	1706.88
-31646.0	7814.0	882.286	1681.03
-31646.0	7814.0	881.111	1727.52
-31646.0	7814.0	879.936	1678.27
-31646.0	7814.0	878.76	1680.09
-31646.0	7814.0	877.584	1703.16
-31646.0	7814.0	876.408	1719.85
-31646.0	7814.0	875.232	1736.53
-31646.0	7814.0	874.056	1693.71
-31646.0	7814.0	872.879	1672.14
-31646.0	7814.0	871.702	1714.32
-31646.0	7814.0	870.525	1788.33
-31646.0	7814.0	869.348	1666.96
-31646.0	7814.0	868.17	1719.73
-31646.0	7814.0	866.993	1687.56
-31646.0	7814.0	865.815	1738.18
-31646.0	7814.0	864.637	1699.66
-31646.0	7814.0	863.458	1690.86
-31646.0	7814.0	862.28	1648.12
-31646.0	7814.0	861.101	1645.69
-31646.0	7814.0	859.922	1672.94
-31646.0	7814.0	858.742	1700.19
-31646.0	7814.0	857.563	1708.35
-31646.0	7814.0	856.383	1712.27
-31646.0	7814.0	855.203	1665.33
-31646.0	7814.0	854.023	1679.85
-31646.0	7814.0	852.843	1668.94
-31646.0	7814.0	851.662	1734.27
-31646.0	7814.0	850.481	1681.02
-31646.0	7814.0	849.3	1657.42
-31646.0	7814.0	848.119	1699.43
-31646.0	7814.0	846.937	1694.88
-31646.0	7814.0	845.756	1675.52
-31646.0	7814.0	844.574	1749.23
-31646.0	7814.0	843.392	1734.1
-31646.0	7814.0	842.209	1742.23
-31646.0	7814.0	841.027	1712.31
-31646.0	7814.0	839.844	1625.33
-31646.0	7814.0	838.661	1686.3
-31646.0	7814.0	837.477	1671.2
-31646.0	7814.0	836.294	1637.08
-31646.0	7814.0	835.11	1700.13
-31646.0	7814.0	833.926	1756.82
-31646.0	7814.0	832.742	1720.6
-31646.0	7814.0	831.558	1707.61
-31646.0	7814.0	830.373	1696.73
-31646.0	7814.0	829.188	1719.62
-31646.0	7814.0	828.003	1746.72
-31646.0	7814.0	826.818	1752.72
-31646.0	7814.0	825.632	1748.17
-31646.0	7814.0	824.446	1610.79
-31646.0	7814.0	823.26	1667.4
-31646.0	7814.0	822.074	1690.27
-31646.0	7814.0	820.888	1721.55
-31646.0	7814.0	819.701	1735.97
-31646.0	7814.0	818.514	1621.9
-31646.0	7814.0	817.327	1787.96
-31646.0	7814.0	816.14	1726.56
-31646.0	7814.0	814.952	1696.76
-31646.0	7814.0	813.765	1709.07
-31646.0	7814.0	812.577	1677.18
-31646.0	7814.0	811.388	1641.09
-31646.0	7814.0	810.2	1642.88
-31646.0	7814.0	809.011	1720.38
-31646.0	7814.0	807.822	1749.49
-31646.0	7814.0	806.633	1646.14
-31646.0	7814.0	805.444	1643.73
-31646.0	7814.0	804.254	1641.31
-31646.0	7814.0	803.064	1638.9
-31646.0	7814.0	801.874	1668.0
-31646.0	7814.0	800.684	1638.27
-31646.0	7814.0	799.493	1709.36
-31646.0	7814.0	798.303	1713.23
-31646.0	7814.0	797.112	1704.5
-31646.0	7814.0	795.921	1660.1
-31646.0	7814.0	794.729	1726.93
-31646.0	7814.0	793.538	1697.23
-31646.0	7814.0	792.346	1682.22
-31646.0	7814.0	791.154	1732.23
-31646.0	7814.0	789.961	1731.9
-31646.0	7814.0	788.769	1748.34
-31646.0	7814.0	787.576	1716.56
-31646.0	7814.0	786.383	1695.28
-31646.0	7814.0	785.19	1705.43
-31646.0	7814.0	783.996	1698.82
-31646.0	7814.0	782.802	1685.92
-31646.0	7814.0	781.608	1652.1
-31646.0	7814.0	780.414	1658.06
-31646.0	7814.0	779.22	1655.65
-31646.0	7814.0	778.025	1663.7
-31646.0	7814.0	776.83	1684.3
-31646.0	7814.0	775.635	1635.87
-31646.0	7814.0	774.44	1662.74
-31646.0	7814.0	773.244	1693.79
-31646.0	7814.0	772.049	1710.18
-31646.0	7814.0	770.853	1670.14
-31646.0	7814.0	769.656	1671.91
-31646.0	7814.0	768.46	1667.4
-31646.0	7814.0	767.263	1669.17
-31646.0	7814.0	766.066	1652.14
-31646.0	7814.0	764.869	1681.06
-31646.0	7814.0	763.672	1682.82
-31646.0	7814.0	762.474	1624.05
-31646.0	7814.0	761.276	1642.51
-31646.0	7814.0	760.078	1700.62
-31646.0	7814.0	758.88	1729.5
-31646.0	7814.0	757.681	1672.85
-31646.0	7814.0	756.483	1701.72
-31646.0	7814.0	755.284	1688.88
-31646.0	7814.0	754.084	1701.06
-31646.0	7814.0	752.885	1615.28
-31646.0	7814.0	751.685	1617.05
-31646.0	7814.0	750.485	1604.23
-31646.0	7814.0	749.285	1570.59
-31646.0	7814.0	748.085	1686.92
-31646.0	7814.0	746.884	1640.78
-31646.0	7814.0	745.683	1655.03
-31646.0	7814.0	744.482	1731.72
-31646.0	7814.0	743.281	1619.01
-31646.0	7814.0	742.079	1685.28
-31646.0	7814.0	740.877	1655.83
-31646.0	7814.0	739.675	1601.43
-31646.0	7814.0	738.473	1617.75
-31646.0	7814.0	737.27	1621.6
-31646.0	7814.0	736.068	1656.61
-31646.0	7814.0	734.865	1600.18
-31646.0	7814.0	733.661	1645.58
-31646.0	7814.0	732.458	1697.19
-31646.0	7814.0	731.254	1684.4
-31646.0	7814.0	730.05	1642.54
-31646.0	7814.0	728.846	1658.83
-31646.0	7814.0	727.642	1648.13
-31646.0	7814.0	726.437	1674.78
-31646.0	7814.0	725.232	1678.61
-31646.0	7814.0	724.027	1663.76
-31646.0	7814.0	722.822	1574.24
-31646.0	7814.0	721.616	1667.25
-31646.0	7814.0	720.41	1704.24
-31646.0	7814.0	719.204	1728.79
-31646.0	7814.0	717.998	1709.79
-31646.0	7814.0	716.791	1643.15
-31646.0	7814.0	715.585	1626.26
-31646.0	7814.0	714.378	1845.49
-31646.0	7814.0	713.17	1745.73
-31646.0	7814.0	711.963	1737.1
-31646.0	7814.0	710.755	1699.5
-31646.0	7814.0	709.547	1746.77
-31646.0	7814.0	708.339	1671.94
-31646.0	7814.0	707.131	1690.23
-31646.0	7814.0	705.922	1714.72
-31646.0	7814.0	704.713	1724.72
-31646.0	7814.0	703.504	1701.64
-31646.0	7814.0	702.295	1664.09
-31646.0	7814.0	701.085	1696.83
-31646.0	7814.0	699.875	1653.1
-31646.0	7814.0	698.665	1689.97
-31646.0	7814.0	697.455	1656.58
-31646.0	7814.0	696.244	1645.93
-31646.0	7814.0	695.034	1688.97
-31646.0	7814.0	693.822	1692.76
-31646.0	7814.0	692.611	1713.07
-31646.0	7814.0	691.4	1751.94
-31646.0	7814.0	690.188	1730.96
-31646.0	7814.0	688.976	1709.99
-31646.0	7814.0	687.764	1719.96
-31646.0	7814.0	686.551	1736.12
-31646.0	7814.0	685.339	1826.48
-31646.0	7814.0	684.126	1766.35
-31646.0	7814.0	682.912	1747.45
-31646.0	7814.0	681.699	1773.89
-31646.0	7814.0	680.485	1713.8
-31646.0	7814.0	679.271	1779.37
-31646.0	7814.0	678.057	1791.37
-31646.0	7814.0	676.843	1791.01
-31646.0	7814.0	675.628	1803.01
-31646.0	7814.0	674.413	1794.42
-31646.0	7814.0	673.198	1824.93
-31646.0	7814.0	671.983	1845.13
-31646.0	7814.0	670.767	1832.43
-31646.0	7814.0	669.551	1786.83
-31646.0	7814.0	668.335	1889.26
-31646.0	7814.0	667.119	1845.72
-31646.0	7814.0	665.902	1767.27
-31646.0	7814.0	664.686	1758.7
-31646.0	7814.0	663.469	1850.79
-31646.0	7814.0	662.251	1823.72
-31646.0	7814.0	661.034	1850.05
-31646.0	7814.0	659.816	1827.1
-31646.0	7814.0	658.598	1742.58
-31646.0	7814.0	657.38	1758.65
-31646.0	7814.0	656.161	1729.58
-31646.0	7814.0	654.942	1801.03
-31646.0	7814.0	653.723	1831.43
-31646.0	7814.0	652.504	1796.21
-31646.0	7814.0	651.285	1824.55
-31646.0	7814.0	650.065	1828.29
-31646.0	7814.0	648.845	1741.85
-31646.0	7814.0	647.625	1815.26
-31646.0	7814.0	646.404	1812.85
-31646.0	7814.0	645.184	1894.41
-31646.0	7814.0	643.963	1844.89
-31646.0	7814.0	642.742	1817.91
-31646.0	7814.0	641.52	1835.97
-31646.0	7814.0	640.298	1886.76
-31646.0	7814.0	639.076	1825.0
-31646.0	7814.0	637.854	1863.5
-31646.0	7814.0	636.632	1891.76
-31646.0	7814.0	635.409	1862.75
-31646.0	7814.0	634.186	1878.74
-31646.0	7814.0	632.963	1788.43
-31646.0	7814.0	631.74	1908.64
-31646.0	7814.0	630.516	1875.56
-31646.0	7814.0	629.292	1834.33
-31646.0	7814.0	628.068	1852.35
-31646.0	7814.0	626.844	1790.72
-31646.0	7814.0	625.619	1784.23
-31646.0	7814.0	624.394	1881.85
-31646.0	7814.0	623.169	1848.82
-31646.0	7814.0	621.944	1815.8
-31646.0	7814.0	620.718	1880.71
-31646.0	7814.0	619.492	1853.82
-31646.0	7814.0	618.266	1820.82
-31646.0	7814.0	617.04	1842.88
-31646.0	7814.0	615.813	1885.31
-31646.0	7814.0	614.587	1915.5
-31646.0	7814.0	613.36	1823.43
-31646.0	7814.0	612.132	1867.88
-31646.0	7814.0	610.905	1875.65
-31646.0	7814.0	609.677	1891.56
-31646.0	7814.0	608.449	1866.75
-31646.0	7814.0	607.22	1905.04
-31646.0	7814.0	605.992	1855.82
-31646.0	7814.0	604.763	1814.76
-31646.0	7814.0	603.534	1838.8
-31646.0	7814.0	602.305	1785.55
-31646.0	7814.0	601.075	1783.16
-31646.0	7814.0	599.845	1795.0
-31646.0	7814.0	598.615	1745.85
-31646.0	7814.0	597.385	1867.42
-31646.0	7814.0	596.154	1804.07
-31646.0	7814.0	594.924	1872.76
-31646.0	7814.0	593.693	1845.98
-31646.0	7814.0	592.461	1823.27
-31646.0	7814.0	591.23	1778.25
-31646.0	7814.0	589.998	1814.42
-31646.0	7814.0	588.766	1876.95
-31646.0	7814.0	587.534	1807.6
-31646.0	7814.0	586.301	1811.29
-31646.0	7814.0	585.068	1835.25
-31646.0	7814.0	583.835	1826.77
-31646.0	7814.0	582.602	1834.51
-31646.0	7814.0	581.368	1864.54
-31646.0	7814.0	580.134	1872.26
-31646.0	7814.0	578.9	1886.06
-31646.0	7814.0	577.666	1808.71
-31646.0	7814.0	576.432	1806.32
-31646.0	7814.0	575.197	1818.1
-31646.0	7814.0	573.962	1886.56
-31646.0	7814.0	572.726	1825.46
-31646.0	7814.0	571.491	1930.3
-31646.0	7814.0	570.255	1820.67
-31646.0	7814.0	569.019	1826.37
-31646.0	7814.0	567.783	1864.42
-31646.0	7814.0	566.546	1928.73
-31646.0	7814.0	565.309	1875.78
-31646.0	7814.0	564.072	1839.03
-31646.0	7814.0	562.835	1889.16
-31646.0	7814.0	561.597	1933.22
-31646.0	7814.0	560.359	1876.27
-31646.0	7814.0	559.121	1940.51
-31646.0	7814.0	557.883	1897.72
-31646.0	7814.0	556.644	1980.08
-31646.0	7814.0	555.406	1941.34
-31646.0	7814.0	554.167	1890.5
-31646.0	7814.0	552.927	2041.4
-31646.0	7814.0	551.688	2061.16
-31646.0	7814.0	550.448	2032.5
-31646.0	7814.0	549.208	2106.68
-31646.0	7814.0	547.967	2078.03
-31646.0	7814.0	546.727	2101.79
-31646.0	7814.0	545.486	2171.87
-31646.0	7814.0	544.245	2133.16
-31646.0	7814.0	543.003	2233.42
-31646.0	7814.0	541.762	2305.44
-31646.0	7814.0	540.52	2407.64
-31646.0	7814.0	539.278	2374.94
-31646.0	7814.0	538.035	2519.34
-31646.0	7814.0	536.793	2609.35
-31646.0	7814.0	535.55	2761.69
-31646.0	7814.0	534.307	2871.73
-31646.0	7814.0	533.063	3078.23
-31646.0	7814.0	531.82	3250.47
-31646.0	7814.0	530.576	3657.79
-31646.0	7814.0	529.331	4201.58
-31646.0	7814.0	528.087	4815.45
-31646.0	7814.0	526.842	5842.83
-31646.0	7814.0	525.597	7550.55
-31646.0	7814.0	524.352	9992.38
-31646.0	7814.0	523.107	14163.5
-31646.0	7814.0	521.861	20881.6
-31646.0	7814.0	520.615	24069.6
-31646.0	7814.0	519.369	21743.7
-31646.0	7814.0	518.122	18155.1
-31646.0	7814.0	516.876	15091.4
-31646.0	7814.0	515.629	12969.2
-31646.0	7814.0	514.381	11196.6
-31646.0	7814.0	513.134	9659.26
-31646.0	7814.0	511.886	8747.64
-31646.0	7814.0	510.638	8030.7
-31646.0	7814.0	509.39	7296.04
-31646.0	7814.0	508.141	6809.97
-31646.0	7814.0	506.892	6262.04
-31646.0	7814.0	505.643	6076.6
-31646.0	7814.0	504.394	5755.17
-31646.0	7814.0	503.145	5615.94
-31646.0	7814.0	501.895	5468.76
-31646.0	7814.0	500.645	5391.63
-31646.0	7814.0	499.394	5288.55
-31646.0	7814.0	498.144	5111.54
-31646.0	7814.0	496.893	5008.55
-31646.0	7814.0	495.642	5029.5
-31646.0	7814.0	494.39	4776.73
-31646.0	7814.0	493.139	4675.88
-31646.0	7814.0	491.887	4463.23
-31646.0	7814.0	490.635	4410.4
-31646.0	7814.0	489.382	4177.93
-31646.0	7814.0	488.13	4203.01
-31646.0	7814.0	486.877	4090.4
-31646.0	7814.0	485.623	4107.51
-31646.0	7814.0	484.37	3983.0
-31646.0	7814.0	483.116	3934.32
-31646.0	7814.0	481.862	3917.55
-31646.0	7814.0	480.608	3775.22
-31646.0	7814.0	479.354	3748.53
-31646.0	7814.0	478.099	3745.76
-31646.0	7814.0	476.844	3778.84
-31646.0	7814.0	475.588	3630.68
-31646.0	7814.0	474.333	3637.89
-31646.0	7814.0	473.077	3617.23
-31646.0	7814.0	471.821	3556.77
-31646.0	7814.0	470.565	3540.11
-31646.0	7814.0	469.308	3447.85
-31646.0	7814.0	468.051	3423.27
-31646.0	7814.0	466.794	3388.75
-31646.0	7814.0	465.537	3407.93
-31646.0	7814.0	464.279	3337.64
-31646.0	7814.0	463.021	3356.82
-31646.0	7814.0	461.763	3236.9
-31646.0	7814.0	460.505	3156.76
-31646.0	7814.0	459.246	3203.77
-31646.0	7814.0	457.987	3054.17
-31646.0	7814.0	456.728	3073.39
-31646.0	7814.0	455.469	2941.74
-31646.0	7814.0	454.209	2925.25
-31646.0	7814.0	452.949	2906.78
-31646.0	7814.0	451.689	2914.11
-31646.0	7814.0	450.428	2978.95
-31646.0	7814.0	449.167	2944.62
-31646.0	7814.0	447.906	2880.57
-31646.0	7814.0	446.645	2860.15
-31646.0	7814.0	445.383	2800.1
-31646.0	7814.0	444.122	2787.63
-31646.0	7814.0	442.86	2814.78
-31646.0	7814.0	441.597	2782.5
-31646.0	7814.0	440.335	2781.92
-31646.0	7814.0	439.072	2765.5
-31646.0	7814.0	437.809	2838.15
-31646.0	7814.0	436.545	2776.22
-31646.0	7814.0	435.281	2819.16
-31646.0	7814.0	434.018	2759.23
-31646.0	7814.0	432.753	2732.95
-31646.0	7814.0	431.489	2754.13
-31646.0	7814.0	430.224	2706.11
-31646.0	7814.0	428.959	2824.12
-31646.0	7814.0	427.694	2718.81
-31646.0	7814.0	426.428	2706.38
-31646.0	7814.0	425.163	2703.84
-31646.0	7814.0	423.896	2713.15
-31646.0	7814.0	422.63	2657.3
-31646.0	7814.0	421.364	2715.96
-31646.0	7814.0	420.097	2652.24
-31646.0	7814.0	418.83	2590.52
-31646.0	7814.0	417.562	2582.09
-31646.0	7814.0	416.295	2595.35
-31646.0	7814.0	415.027	2553.4
-31646.0	7814.0	413.758	2537.1
-31646.0	7814.0	412.49	2570.07
-31646.0	7814.0	411.221	2488.74
-31646.0	7814.0	409.952	2610.36
-31646.0	7814.0	408.683	2562.54
-31646.0	7814.0	407.414	2540.34
-31646.0	7814.0	406.144	2524.06
-31646.0	7814.0	404.874	2505.81
-31646.0	7814.0	403.603	2585.97
-31646.0	7814.0	402.333	2551.98
-31646.0	7814.0	401.062	2496.36
-31646.0	7814.0	399.791	2550.91
-31646.0	7814.0	398.519	2583.8
-31646.0	7814.0	397.248	2502.65
-31646.0	7814.0	395.976	2502.12
-31646.0	7814.0	394.704	2487.84
-31646.0	7814.0	393.431	2471.6
-31646.0	7814.0	392.159	2447.51
-31646.0	7814.0	390.886	2476.45
-31646.0	7814.0	389.612	2422.91
-31646.0	7814.0	388.339	2465.59
-31646.0	7814.0	387.065	2480.77
-31646.0	7814.0	385.791	2470.44
-31646.0	7814.0	384.517	2515.04
-31646.0	7814.0	383.242	2457.63
-31646.0	7814.0	381.967	2563.0
-31646.0	7814.0	380.692	2476.2
-31646.0	7814.0	379.417	2512.92
-31646.0	7814.0	378.141	2537.86
-31646.0	7814.0	376.865	2490.3
-31646.0	7814.0	375.589	2507.41
-31646.0	7814.0	374.312	2487.29
-31646.0	7814.0	373.035	2584.67
-31646.0	7814.0	371.758	2556.72
-31646.0	7814.0	370.481	2520.95
-31646.0	7814.0	369.204	2559.55
-31646.0	7814.0	367.926	2465.1
-31646.0	7814.0	366.648	2452.85
-31646.0	7814.0	365.369	2432.77
-31646.0	7814.0	364.091	2520.24
-31646.0	7814.0	362.812	2388.74
-31646.0	7814.0	361.532	2454.68
-31646.0	7814.0	360.253	2438.53
-31646.0	7814.0	358.973	2533.74
-31646.0	7814.0	357.693	2451.17
-31646.0	7814.0	356.413	2435.03
-31646.0	7814.0	355.132	2530.18
-31646.0	7814.0	353.852	2523.78
-31646.0	7814.0	352.571	2482.27
-31646.0	7814.0	351.289	2511.01
-31646.0	7814.0	350.008	2537.79
-31646.0	7814.0	348.726	2570.4
-31646.0	7814.0	347.444	2534.76
-31646.0	7814.0	346.161	2559.56
-31646.0	7814.0	344.878	2481.06
-31646.0	7814.0	343.595	2486.38
-31646.0	7814.0	342.312	2593.0
-31646.0	7814.0	341.029	2493.12
-31646.0	7814.0	339.745	2471.17
-31646.0	7814.0	338.461	2521.26
-31646.0	7814.0	337.176	2598.59
-31646.0	7814.0	335.892	2559.12
-31646.0	7814.0	334.607	2556.63
-31646.0	7814.0	333.322	2583.32
-31646.0	7814.0	332.036	2582.77
-31646.0	7814.0	330.75	2545.28
-31646.0	7814.0	329.464	2597.22
-31646.0	7814.0	328.178	2664.7
-31646.0	7814.0	326.892	2666.08
-31646.0	7814.0	325.605	2648.02
-31646.0	7814.0	324.318	2697.96
-31646.0	7814.0	323.03	2666.32
-31646.0	7814.0	321.743	2685.17
-31646.0	7814.0	320.455	2700.12
-31646.0	7814.0	319.167	2635.51
-31646.0	7814.0	317.878	2685.39
-31646.0	7814.0	316.59	2711.98
-31646.0	7814.0	315.301	2610.55
-31646.0	7814.0	314.011	2751.55
-31646.0	7814.0	312.722	2665.66
-31646.0	7814.0	311.432	2661.22
-31646.0	7814.0	310.142	2707.16
-31646.0	7814.0	308.851	2679.46
-31646.0	7814.0	307.561	2738.93
-31646.0	7814.0	306.27	2842.93
-31646.0	7814.0	304.979	2772.62
-31646.0	7814.0	303.687	2878.49
-31646.0	7814.0	302.395	2798.53
-31646.0	7814.0	301.103	2873.4
-31646.0	7814.0	299.811	2841.83
-31646.0	7814.0	298.519	2835.42
-31646.0	7814.0	297.226	2788.41
-31646.0	7814.0	295.933	2749.15
-31646.0	7814.0	294.639	2769.82
-31646.0	7814.0	293.345	2784.69
-31646.0	7814.0	292.052	2784.1
-31646.0	7814.0	290.757	2654.08
-31646.0	7814.0	289.463	2634.2
-31646.0	7814.0	288.168	2687.7
-31646.0	7814.0	286.873	2588.68
-31646.0	7814.0	285.578	2622.87
-31646.0	7814.0	284.282	2643.53
-31646.0	7814.0	282.986	2621.75
-31646.0	7814.0	281.69	2586.47
-31646.0	7814.0	280.393	2539.64
-31646.0	7814.0	279.097	2527.53
-31646.0	7814.0	277.8	2540.48
-31646.0	7814.0	276.502	2516.81
-31646.0	7814.0	275.205	2568.29
-31646.0	7814.0	273.907	2554.26
-31646.0	7814.0	272.609	2443.94
-31646.0	7814.0	271.311	2481.92
-31646.0	7814.0	270.012	2444.82
-31646.0	7814.0	268.713	2451.99
-31646.0	7814.0	267.414	2430.3
-31646.0	7814.0	266.114	2350.91
-31646.0	7814.0	264.814	2390.79
-31646.0	7814.0	263.514	2351.82
-31646.0	7814.0	262.214	2424.38
-31646.0	7814.0	260.913	2362.35
-31646.0	7814.0	259.613	2402.2
-31646.0	7814.0	258.311	2394.0
-31646.0	7814.0	257.01	2333.94
-31646.0	7814.0	255.708	2310.39
-31646.0	7814.0	254.406	2307.98
-31646.0	7814.0	253.104	2319.0
-31646.0	7814.0	251.801	2299.31
-31646.0	7814.0	250.499	2281.55
-31646.0	7814.0	249.195	2306.0
-31646.0	7814.0	247.892	2219.19
-31646.0	7814.0	246.588	2264.74
-31646.0	7814.0	245.284	2248.92
-31646.0	7814.0	243.98	2192.85
-31646.0	7814.0	242.676	2192.38
-31646.0	7814.0	241.371	2224.48
-31646.0	7814.0	240.066	2252.74
-31646.0	7814.0	238.76	2231.19
-31646.0	7814.0	237.455	2226.88
-31646.0	7814.0	236.149	2205.34
-31646.0	7814.0	234.843	2155.11
-31646.0	7814.0	233.536	2122.11
-31646.0	7814.0	232.229	2136.96
-31646.0	7814.0	230.922	2237.88
-31646.0	7814.0	229.615	2193.41
-31646.0	7814.0	228.307	2127.94
-31646.0	7814.0	227.0	2156.15
-31646.0	7814.0	225.691	2205.38
-31646.0	7814.0	224.383	2107.46
-31646.0	7814.0	223.074	2045.88
-31646.0	7814.0	221.765	2053.08
-31646.0	7814.0	220.456	2060.28
-31646.0	7814.0	219.146	2080.83
-31646.0	7814.0	217.836	2110.92
-31646.0	7814.0	216.526	2079.94
-31646.0	7814.0	215.216	2140.54
-31646.0	7814.0	213.905	2061.88
-31646.0	7814.0	212.594	2078.6
-31646.0	7814.0	211.283	2135.35
-31646.0	7814.0	209.971	2152.05
-31646.0	7814.0	208.66	2143.96
-31646.0	7814.0	207.348	2149.21
-31646.0	7814.0	206.035	2122.08
-31646.0	7814.0	204.722	2096.87
-31646.0	7814.0	203.409	2178.29
-31646.0	7814.0	202.096	2191.15
-31646.0	7814.0	200.783	2188.78
-31646.0	7814.0	199.469	2146.44
-31646.0	7814.0	198.155	2161.2
-31646.0	7814.0	196.84	2155.03
-31646.0	7814.0	195.526	2223.02
-31646.0	7814.0	194.211	2188.32
-31646.0	7814.0	192.896	2239.18
-31646.0	7814.0	191.58	2445.84
-31646.0	7814.0	190.264	2329.41
-31646.0	7814.0	188.948	2323.21
-31646.0	7814.0	187.632	2227.75
-31646.0	7814.0	186.315	2312.72
-31646.0	7814.0	184.998	2243.88
-31646.0	7814.0	183.681	2266.17
-31646.0	7814.0	182.364	2239.12
-31646.0	7814.0	181.046	2329.7
-31646.0	7814.0	179.728	2270.4
-31646.0	7814.0	178.41	2285.08
-31646.0	7814.0	177.091	2295.96
-31646.0	7814.0	175.772	2284.09
-31646.0	7814.0	174.453	2327.19
-31646.0	7814.0	173.133	2372.16
-31646.0	7814.0	171.814	2365.97
-31646.0	7814.0	170.494	2344.62
-31646.0	7814.0	169.173	2383.88
-31646.0	7814.0	167.853	2413.66
-31646.0	7814.0	166.532	2316.61
-31646.0	7814.0	165.211	2274.48
-31646.0	7814.0	163.889	2366.69
-31646.0	7814.0	162.567	2286.74
-31646.0	7814.0	161.245	2365.67
-31646.0	7814.0	159.923	2391.63
-31646.0	7814.0	158.6	2417.58
-31646.0	7814.0	157.278	2418.94
-31646.0	7814.0	155.954	2410.87
-31646.0	7814.0	154.631	2506.68
-31646.0	7814.0	153.307	2428.71
-31646.0	7814.0	151.983	2473.5
-31646.0	7814.0	150.659	2501.29
-31646.0	7814.0	149.334	2487.54
-31646.0	7814.0	148.009	2537.95
-31646.0	7814.0	146.684	2450.62
-31646.0	7814.0	145.359	2414.25
-31646.0	7814.0	144.033	2415.62
-31646.0	7814.0	142.707	2401.9
-31646.0	7814.0	141.381	2440.96
-31646.0	7814.0	140.054	2380.13
-31646.0	7814.0	138.727	2366.43
-31646.0	7814.0	137.4	2354.62
-31646.0	7814.0	136.072	2440.74
-31646.0	7814.0	134.745	2314.06
-31646.0	7814.0	133.417	2283.44
-31646.0	7814.0	132.088	2427.87
-31646.0	7814.0	130.76	2425.46
-31646.0	7814.0	129.431	2408.01
-31646.0	7814.0	128.102	2424.41
-31646.0	7814.0	126.772	2427.65
-31646.0	7814.0	125.442	2400.81
-31646.0	7814.0	124.112	2345.78
-31646.0	7814.0	122.782	2382.86
-31646.0	7814.0	121.451	2314.71
-31646.0	7814.0	120.12	2359.29
-31646.0	7814.0	118.789	2351.27
-31646.0	7814.0	117.458	2350.76
-31646.0	7814.0	116.126	2312.71
-31646.0	7814.0	114.794	2319.71
-31646.0	7814.0	113.462	2341.73
-31646.0	7814.0	112.129	2284.94
-31646.0	7814.0	110.796	2278.82
-31646.0	7814.0	109.463	2244.58
-31646.0	7814.0	108.129	2300.34
-31646.0	7814.0	106.796	2193.0
-31646.0	7814.0	105.461	2136.31
-31646.0	7814.0	104.127	2135.85
-31646.0	7814.0	102.792	2023.0
-31646.0	7814.0	101.457	2041.29
-31646.0	7814.0	100.122	2018.38
-31646.0	7814.0	98.7867	1929.96
-31646.0	7814.0	97.4509	1925.8
-31646.0	7814.0	96.1148	1891.71
-31646.0	7814.0	94.7784	1953.03
-31646.0	7814.0	93.4418	1827.3
-31646.0	7814.0	92.1048	1817.55
-31646.0	7814.0	90.7676	1805.94
-31646.0	7814.0	89.43	1835.46
-31646.0	7814.0	88.0922	1782.74
-31646.0	7814.0	86.7541	1814.11
-31646.0	7814.0	85.4157	1733.4
