-31610.0	7836.0	1311.89	1942.01
-31610.0	7836.0	1310.78	1943.98
-31610.0	7836.0	1309.68	2045.84
-31610.0	7836.0	1308.58	1929.73
-31610.0	7836.0	1307.48	1884.03
-31610.0	7836.0	1306.38	1954.08
-31610.0	7836.0	1305.28	1944.69
-31610.0	7836.0	1304.18	1939.84
-31610.0	7836.0	1303.07	1928.19
-31610.0	7836.0	1301.97	1884.79
-31610.0	7836.0	1300.87	1970.66
-31610.0	7836.0	1299.77	1934.06
-31610.0	7836.0	1298.66	2019.9
-31610.0	7836.0	1297.56	1990.11
-31610.0	7836.0	1296.46	1951.26
-31610.0	7836.0	1295.35	1966.81
-31610.0	7836.0	1294.25	1986.88
-31610.0	7836.0	1293.15	1966.18
-31610.0	7836.0	1292.04	1952.27
-31610.0	7836.0	1290.94	1906.67
-31610.0	7836.0	1289.83	1962.97
-31610.0	7836.0	1288.73	1953.6
-31610.0	7836.0	1287.63	1980.44
-31610.0	7836.0	1286.52	1853.39
-31610.0	7836.0	1285.42	1887.03
-31610.0	7836.0	1284.31	1898.04
-31610.0	7836.0	1283.21	1893.21
-31610.0	7836.0	1282.1	1908.74
-31610.0	7836.0	1280.99	1953.65
-31610.0	7836.0	1279.89	1903.6
-31610.0	7836.0	1278.78	1968.84
-31610.0	7836.0	1277.68	1973.05
-31610.0	7836.0	1276.57	1893.64
-31610.0	7836.0	1275.46	1884.29
-31610.0	7836.0	1274.36	1893.03
-31610.0	7836.0	1273.25	1944.67
-31610.0	7836.0	1272.14	1960.16
-31610.0	7836.0	1271.04	1914.68
-31610.0	7836.0	1269.93	1916.63
-31610.0	7836.0	1268.82	1916.32
-31610.0	7836.0	1267.71	1952.12
-31610.0	7836.0	1266.61	1881.85
-31610.0	7836.0	1265.5	1845.45
-31610.0	7836.0	1264.39	1894.78
-31610.0	7836.0	1263.28	1923.79
-31610.0	7836.0	1262.17	1860.34
-31610.0	7836.0	1261.06	1896.11
-31610.0	7836.0	1259.95	1868.75
-31610.0	7836.0	1258.84	1913.52
-31610.0	7836.0	1257.74	1919.97
-31610.0	7836.0	1256.63	1971.48
-31610.0	7836.0	1255.52	1944.12
-31610.0	7836.0	1254.41	1921.28
-31610.0	7836.0	1253.3	1948.0
-31610.0	7836.0	1252.19	1853.11
-31610.0	7836.0	1251.08	1920.34
-31610.0	7836.0	1249.96	1942.54
-31610.0	7836.0	1248.85	1867.95
-31610.0	7836.0	1247.74	1831.65
-31610.0	7836.0	1246.63	1892.09
-31610.0	7836.0	1245.52	1777.06
-31610.0	7836.0	1244.41	1839.74
-31610.0	7836.0	1243.3	1864.18
-31610.0	7836.0	1242.18	1942.57
-31610.0	7836.0	1241.07	1852.33
-31610.0	7836.0	1239.96	1896.98
-31610.0	7836.0	1238.85	1887.68
-31610.0	7836.0	1237.74	1882.87
-31610.0	7836.0	1236.62	1896.05
-31610.0	7836.0	1235.51	1866.53
-31610.0	7836.0	1234.4	1850.51
-31610.0	7836.0	1233.28	1872.66
-31610.0	7836.0	1232.17	1899.29
-31610.0	7836.0	1231.06	1824.9
-31610.0	7836.0	1229.94	1761.76
-31610.0	7836.0	1228.83	1869.18
-31610.0	7836.0	1227.71	1837.47
-31610.0	7836.0	1226.6	1843.89
-31610.0	7836.0	1225.48	1816.68
-31610.0	7836.0	1224.37	1901.59
-31610.0	7836.0	1223.25	1793.66
-31610.0	7836.0	1222.14	1880.79
-31610.0	7836.0	1221.02	1819.96
-31610.0	7836.0	1219.91	1803.97
-31610.0	7836.0	1218.79	1794.71
-31610.0	7836.0	1217.68	1841.46
-31610.0	7836.0	1216.56	1800.84
-31610.0	7836.0	1215.44	1831.89
-31610.0	7836.0	1214.33	1867.42
-31610.0	7836.0	1213.21	1784.28
-31610.0	7836.0	1212.09	1844.42
-31610.0	7836.0	1210.98	1823.97
-31610.0	7836.0	1209.86	1839.33
-31610.0	7836.0	1208.74	1816.65
-31610.0	7836.0	1207.62	1865.56
-31610.0	7836.0	1206.51	1780.27
-31610.0	7836.0	1205.39	1820.22
-31610.0	7836.0	1204.27	1793.09
-31610.0	7836.0	1203.15	1788.32
-31610.0	7836.0	1202.03	1888.6
-31610.0	7836.0	1200.91	1863.71
-31610.0	7836.0	1199.8	1776.26
-31610.0	7836.0	1198.68	1842.98
-31610.0	7836.0	1197.56	1798.0
-31610.0	7836.0	1196.44	1831.2
-31610.0	7836.0	1195.32	1804.1
-31610.0	7836.0	1194.2	1741.29
-31610.0	7836.0	1193.08	1783.41
-31610.0	7836.0	1191.96	1845.6
-31610.0	7836.0	1190.84	1802.9
-31610.0	7836.0	1189.72	1827.14
-31610.0	7836.0	1188.6	1775.53
-31610.0	7836.0	1187.48	1857.75
-31610.0	7836.0	1186.35	1799.47
-31610.0	7836.0	1185.23	1852.67
-31610.0	7836.0	1184.11	1778.8
-31610.0	7836.0	1182.99	1794.11
-31610.0	7836.0	1181.87	1891.85
-31610.0	7836.0	1180.75	1795.73
-31610.0	7836.0	1179.62	1826.62
-31610.0	7836.0	1178.5	1804.04
-31610.0	7836.0	1177.38	1819.33
-31610.0	7836.0	1176.26	1803.44
-31610.0	7836.0	1175.13	1794.23
-31610.0	7836.0	1174.01	1793.93
-31610.0	7836.0	1172.89	1762.47
-31610.0	7836.0	1171.76	1831.15
-31610.0	7836.0	1170.64	1775.23
-31610.0	7836.0	1169.51	1732.67
-31610.0	7836.0	1168.39	1814.66
-31610.0	7836.0	1167.27	1812.13
-31610.0	7836.0	1166.14	1769.59
-31610.0	7836.0	1165.02	1844.86
-31610.0	7836.0	1163.89	1773.44
-31610.0	7836.0	1162.77	1775.36
-31610.0	7836.0	1161.64	1746.18
-31610.0	7836.0	1160.52	1903.59
-31610.0	7836.0	1159.39	1825.54
-31610.0	7836.0	1158.26	1778.6
-31610.0	7836.0	1157.14	1693.94
-31610.0	7836.0	1156.01	1773.56
-31610.0	7836.0	1154.88	1815.43
-31610.0	7836.0	1153.76	1824.0
-31610.0	7836.0	1152.63	1746.04
-31610.0	7836.0	1151.5	1821.17
-31610.0	7836.0	1150.38	1783.15
-31610.0	7836.0	1149.25	1742.94
-31610.0	7836.0	1148.12	1842.41
-31610.0	7836.0	1146.99	1788.9
-31610.0	7836.0	1145.87	1863.95
-31610.0	7836.0	1144.74	1799.37
-31610.0	7836.0	1143.61	1807.93
-31610.0	7836.0	1142.48	1774.39
-31610.0	7836.0	1141.35	1853.83
-31610.0	7836.0	1140.22	1840.22
-31610.0	7836.0	1139.09	1718.14
-31610.0	7836.0	1137.97	1759.9
-31610.0	7836.0	1136.84	1777.31
-31610.0	7836.0	1135.71	1719.47
-31610.0	7836.0	1134.58	1743.52
-31610.0	7836.0	1133.45	1805.16
-31610.0	7836.0	1132.32	1818.13
-31610.0	7836.0	1131.19	1747.05
-31610.0	7836.0	1130.05	1713.59
-31610.0	7836.0	1128.92	1711.08
-31610.0	7836.0	1127.79	1730.68
-31610.0	7836.0	1126.66	1717.13
-31610.0	7836.0	1125.53	1730.09
-31610.0	7836.0	1124.4	1838.05
-31610.0	7836.0	1123.27	1733.92
-31610.0	7836.0	1122.13	1746.87
-31610.0	7836.0	1121.0	1790.73
-31610.0	7836.0	1119.87	1748.48
-31610.0	7836.0	1118.74	1772.46
-31610.0	7836.0	1117.6	1728.02
-31610.0	7836.0	1116.47	1749.79
-31610.0	7836.0	1115.34	1767.14
-31610.0	7836.0	1114.2	1764.63
-31610.0	7836.0	1113.07	1757.71
-31610.0	7836.0	1111.94	1839.0
-31610.0	7836.0	1110.8	1801.2
-31610.0	7836.0	1109.67	1754.6
-31610.0	7836.0	1108.54	1697.0
-31610.0	7836.0	1107.4	1714.34
-31610.0	7836.0	1106.27	1716.24
-31610.0	7836.0	1105.13	1786.44
-31610.0	7836.0	1104.0	1750.89
-31610.0	7836.0	1102.86	1708.75
-31610.0	7836.0	1101.72	1701.85
-31610.0	7836.0	1100.59	1723.57
-31610.0	7836.0	1099.45	1666.05
-31610.0	7836.0	1098.32	1751.58
-31610.0	7836.0	1097.18	1764.48
-31610.0	7836.0	1096.04	1812.57
-31610.0	7836.0	1094.91	1788.06
-31610.0	7836.0	1093.77	1794.35
-31610.0	7836.0	1092.63	1879.79
-31610.0	7836.0	1091.5	1822.31
-31610.0	7836.0	1090.36	1758.26
-31610.0	7836.0	1089.22	1606.33
-31610.0	7836.0	1088.08	1671.96
-31610.0	7836.0	1086.95	1700.23
-31610.0	7836.0	1085.81	1680.17
-31610.0	7836.0	1084.67	1774.3
-31610.0	7836.0	1083.53	1745.45
-31610.0	7836.0	1082.39	1661.73
-31610.0	7836.0	1081.25	1685.59
-31610.0	7836.0	1080.11	1733.57
-31610.0	7836.0	1078.97	1709.13
-31610.0	7836.0	1077.83	1722.0
-31610.0	7836.0	1076.69	1732.67
-31610.0	7836.0	1075.55	1732.36
-31610.0	7836.0	1074.41	1683.83
-31610.0	7836.0	1073.27	1720.8
-31610.0	7836.0	1072.13	1738.03
-31610.0	7836.0	1070.99	1707.05
-31610.0	7836.0	1069.85	1726.47
-31610.0	7836.0	1068.71	1726.17
-31610.0	7836.0	1067.57	1754.34
-31610.0	7836.0	1066.43	1714.62
-31610.0	7836.0	1065.28	1685.86
-31610.0	7836.0	1064.14	1716.21
-31610.0	7836.0	1063.0	1674.33
-31610.0	7836.0	1061.86	1674.03
-31610.0	7836.0	1060.71	1737.19
-31610.0	7836.0	1059.57	1789.39
-31610.0	7836.0	1058.43	1730.02
-31610.0	7836.0	1057.29	1725.34
-31610.0	7836.0	1056.14	1762.21
-31610.0	7836.0	1055.0	1740.04
-31610.0	7836.0	1053.85	1744.11
-31610.0	7836.0	1052.71	1706.65
-31610.0	7836.0	1051.57	1734.76
-31610.0	7836.0	1050.42	1649.26
-31610.0	7836.0	1049.28	1666.44
-31610.0	7836.0	1048.13	1663.96
-31610.0	7836.0	1046.99	1733.54
-31610.0	7836.0	1045.84	1693.94
-31610.0	7836.0	1044.7	1724.2
-31610.0	7836.0	1043.55	1760.99
-31610.0	7836.0	1042.4	1673.41
-31610.0	7836.0	1041.26	1745.1
-31610.0	7836.0	1040.11	1670.64
-31610.0	7836.0	1038.97	1729.22
-31610.0	7836.0	1037.82	1702.75
-31610.0	7836.0	1036.67	1667.58
-31610.0	7836.0	1035.53	1645.49
-31610.0	7836.0	1034.38	1747.61
-31610.0	7836.0	1033.23	1705.91
-31610.0	7836.0	1032.08	1696.89
-31610.0	7836.0	1030.94	1727.08
-31610.0	7836.0	1029.79	1728.96
-31610.0	7836.0	1028.64	1807.03
-31610.0	7836.0	1027.49	1713.11
-31610.0	7836.0	1026.34	1749.8
-31610.0	7836.0	1025.19	1756.02
-31610.0	7836.0	1024.04	1788.34
-31610.0	7836.0	1022.89	1774.97
-31610.0	7836.0	1021.74	1752.91
-31610.0	7836.0	1020.59	1728.68
-31610.0	7836.0	1019.45	1669.67
-31610.0	7836.0	1018.29	1732.41
-31610.0	7836.0	1017.14	1749.49
-31610.0	7836.0	1015.99	1731.8
-31610.0	7836.0	1014.84	1705.42
-31610.0	7836.0	1013.69	1785.49
-31610.0	7836.0	1012.54	1785.17
-31610.0	7836.0	1011.39	1763.14
-31610.0	7836.0	1010.24	1775.85
-31610.0	7836.0	1009.09	1769.02
-31610.0	7836.0	1007.93	1764.36
-31610.0	7836.0	1006.78	1816.13
-31610.0	7836.0	1005.63	1763.74
-31610.0	7836.0	1004.48	1767.76
-31610.0	7836.0	1003.32	1786.96
-31610.0	7836.0	1002.17	1847.35
-31610.0	7836.0	1001.02	1844.85
-31610.0	7836.0	999.865	1857.53
-31610.0	7836.0	998.711	1885.37
-31610.0	7836.0	997.558	1963.03
-31610.0	7836.0	996.403	1902.02
-31610.0	7836.0	995.249	1914.68
-31610.0	7836.0	994.095	1931.66
-31610.0	7836.0	992.94	1920.49
-31610.0	7836.0	991.785	2017.56
-31610.0	7836.0	990.63	1995.55
-31610.0	7836.0	989.475	1932.44
-31610.0	7836.0	988.319	1923.44
-31610.0	7836.0	987.164	2061.54
-31610.0	7836.0	986.008	1950.86
-31610.0	7836.0	984.852	1957.0
-31610.0	7836.0	983.695	2058.26
-31610.0	7836.0	982.539	2012.5
-31610.0	7836.0	981.382	2055.36
-31610.0	7836.0	980.225	2115.5
-31610.0	7836.0	979.068	1985.49
-31610.0	7836.0	977.911	1991.61
-31610.0	7836.0	976.753	2064.68
-31610.0	7836.0	975.595	2031.92
-31610.0	7836.0	974.437	2048.82
-31610.0	7836.0	973.279	2037.66
-31610.0	7836.0	972.121	2160.31
-31610.0	7836.0	970.962	2082.24
-31610.0	7836.0	969.803	2129.32
-31610.0	7836.0	968.644	2124.62
-31610.0	7836.0	967.485	2094.05
-31610.0	7836.0	966.326	2115.23
-31610.0	7836.0	965.166	1996.28
-31610.0	7836.0	964.006	2069.2
-31610.0	7836.0	962.846	2049.43
-31610.0	7836.0	961.686	2085.69
-31610.0	7836.0	960.525	2152.09
-31610.0	7836.0	959.365	2110.78
-31610.0	7836.0	958.204	2050.1
-31610.0	7836.0	957.043	2071.26
-31610.0	7836.0	955.881	2133.31
-31610.0	7836.0	954.72	2057.59
-31610.0	7836.0	953.558	2070.13
-31610.0	7836.0	952.396	2099.87
-31610.0	7836.0	951.234	2191.99
-31610.0	7836.0	950.071	2088.36
-31610.0	7836.0	948.909	2171.84
-31610.0	7836.0	947.746	2081.15
-31610.0	7836.0	946.583	2138.8
-31610.0	7836.0	945.42	2091.13
-31610.0	7836.0	944.256	2223.98
-31610.0	7836.0	943.092	2111.85
-31610.0	7836.0	941.929	2072.81
-31610.0	7836.0	940.765	2151.89
-31610.0	7836.0	939.6	2147.2
-31610.0	7836.0	938.436	2101.73
-31610.0	7836.0	937.271	2097.05
-31610.0	7836.0	936.106	2098.81
-31610.0	7836.0	934.941	2079.12
-31610.0	7836.0	933.775	2085.17
-31610.0	7836.0	932.61	2039.75
-31610.0	7836.0	931.444	2000.77
-31610.0	7836.0	930.278	1970.39
-31610.0	7836.0	929.112	1950.74
-31610.0	7836.0	927.945	1924.66
-31610.0	7836.0	926.779	1877.16
-31610.0	7836.0	925.612	1917.53
-31610.0	7836.0	924.445	1908.61
-31610.0	7836.0	923.278	1863.28
-31610.0	7836.0	922.11	1873.64
-31610.0	7836.0	920.942	1813.35
-31610.0	7836.0	919.774	1883.66
-31610.0	7836.0	918.606	1821.25
-31610.0	7836.0	917.438	1857.29
-31610.0	7836.0	916.269	1876.2
-31610.0	7836.0	915.1	1783.88
-31610.0	7836.0	913.931	1832.74
-31610.0	7836.0	912.762	1823.85
-31610.0	7836.0	911.593	1829.92
-31610.0	7836.0	910.423	1765.47
-31610.0	7836.0	909.253	1782.24
-31610.0	7836.0	908.083	1822.5
-31610.0	7836.0	906.913	1745.26
-31610.0	7836.0	905.742	1796.2
-31610.0	7836.0	904.572	1780.92
-31610.0	7836.0	903.401	1789.13
-31610.0	7836.0	902.229	1769.59
-31610.0	7836.0	901.058	1790.6
-31610.0	7836.0	899.886	1745.46
-31610.0	7836.0	898.715	1766.47
-31610.0	7836.0	897.543	1725.62
-31610.0	7836.0	896.37	1744.49
-31610.0	7836.0	895.198	1710.05
-31610.0	7836.0	894.025	1718.26
-31610.0	7836.0	892.852	1758.44
-31610.0	7836.0	891.679	1732.54
-31610.0	7836.0	890.506	1691.74
-31610.0	7836.0	889.332	1734.03
-31610.0	7836.0	888.158	1716.67
-31610.0	7836.0	886.984	1688.67
-31610.0	7836.0	885.81	1639.38
-31610.0	7836.0	884.636	1662.49
-31610.0	7836.0	883.461	1672.83
-31610.0	7836.0	882.286	1723.58
-31610.0	7836.0	881.111	1697.73
-31610.0	7836.0	879.936	1648.49
-31610.0	7836.0	878.76	1673.71
-31610.0	7836.0	877.584	1684.02
-31610.0	7836.0	876.408	1732.61
-31610.0	7836.0	875.232	1700.4
-31610.0	7836.0	874.056	1680.96
-31610.0	7836.0	872.879	1693.39
-31610.0	7836.0	871.702	1678.2
-31610.0	7836.0	870.525	1705.5
-31610.0	7836.0	869.348	1703.06
-31610.0	7836.0	868.17	1692.13
-31610.0	7836.0	866.993	1696.05
-31610.0	7836.0	865.815	1678.76
-31610.0	7836.0	864.637	1752.71
-31610.0	7836.0	863.458	1709.95
-31610.0	7836.0	862.28	1682.06
-31610.0	7836.0	861.101	1698.71
-31610.0	7836.0	859.922	1607.21
-31610.0	7836.0	858.742	1717.15
-31610.0	7836.0	857.563	1731.66
-31610.0	7836.0	856.383	1678.36
-31610.0	7836.0	855.203	1642.03
-31610.0	7836.0	854.023	1715.86
-31610.0	7836.0	852.843	1764.25
-31610.0	7836.0	851.662	1710.98
-31610.0	7836.0	850.481	1687.37
-31610.0	7836.0	849.3	1668.0
-31610.0	7836.0	848.119	1714.25
-31610.0	7836.0	846.937	1735.08
-31610.0	7836.0	845.756	1645.9
-31610.0	7836.0	844.574	1628.67
-31610.0	7836.0	843.392	1763.71
-31610.0	7836.0	842.209	1672.46
-31610.0	7836.0	841.027	1691.17
-31610.0	7836.0	839.844	1640.12
-31610.0	7836.0	838.661	1641.93
-31610.0	7836.0	837.477	1675.42
-31610.0	7836.0	836.294	1683.55
-31610.0	7836.0	835.11	1700.13
-31610.0	7836.0	833.926	1687.14
-31610.0	7836.0	832.742	1703.71
-31610.0	7836.0	831.558	1718.16
-31610.0	7836.0	830.373	1793.81
-31610.0	7836.0	829.188	1677.42
-31610.0	7836.0	828.003	1649.68
-31610.0	7836.0	826.818	1640.93
-31610.0	7836.0	825.632	1665.92
-31610.0	7836.0	824.446	1726.75
-31610.0	7836.0	823.26	1745.4
-31610.0	7836.0	822.074	1734.53
-31610.0	7836.0	820.888	1746.84
-31610.0	7836.0	819.701	1746.51
-31610.0	7836.0	818.514	1687.2
-31610.0	7836.0	817.327	1729.0
-31610.0	7836.0	816.14	1678.13
-31610.0	7836.0	814.952	1705.18
-31610.0	7836.0	813.765	1605.93
-31610.0	7836.0	812.577	1660.34
-31610.0	7836.0	811.388	1657.92
-31610.0	7836.0	810.2	1682.85
-31610.0	7836.0	809.011	1655.19
-31610.0	7836.0	807.822	1726.36
-31610.0	7836.0	806.633	1742.85
-31610.0	7836.0	805.444	1664.75
-31610.0	7836.0	804.254	1668.63
-31610.0	7836.0	803.064	1714.54
-31610.0	7836.0	801.874	1684.8
-31610.0	7836.0	800.684	1606.77
-31610.0	7836.0	799.493	1665.26
-31610.0	7836.0	798.303	1614.55
-31610.0	7836.0	797.112	1677.22
-31610.0	7836.0	795.921	1725.17
-31610.0	7836.0	794.729	1739.52
-31610.0	7836.0	793.538	1734.99
-31610.0	7836.0	792.346	1713.69
-31610.0	7836.0	791.154	1679.8
-31610.0	7836.0	789.961	1700.45
-31610.0	7836.0	788.769	1689.64
-31610.0	7836.0	787.576	1641.11
-31610.0	7836.0	786.383	1665.94
-31610.0	7836.0	785.19	1556.68
-31610.0	7836.0	783.996	1606.65
-31610.0	7836.0	782.802	1660.79
-31610.0	7836.0	781.608	1660.47
-31610.0	7836.0	780.414	1612.0
-31610.0	7836.0	779.22	1754.02
-31610.0	7836.0	778.025	1661.61
-31610.0	7836.0	776.83	1625.72
-31610.0	7836.0	775.635	1621.22
-31610.0	7836.0	774.44	1675.29
-31610.0	7836.0	773.244	1674.97
-31610.0	7836.0	772.049	1674.64
-31610.0	7836.0	770.853	1670.14
-31610.0	7836.0	769.656	1669.82
-31610.0	7836.0	768.46	1648.6
-31610.0	7836.0	767.263	1664.99
-31610.0	7836.0	766.066	1647.96
-31610.0	7836.0	764.869	1674.79
-31610.0	7836.0	763.672	1712.05
-31610.0	7836.0	762.474	1626.13
-31610.0	7836.0	761.276	1596.6
-31610.0	7836.0	760.078	1652.63
-31610.0	7836.0	758.88	1714.9
-31610.0	7836.0	757.681	1643.65
-31610.0	7836.0	756.483	1664.18
-31610.0	7836.0	755.284	1626.33
-31610.0	7836.0	754.084	1655.2
-31610.0	7836.0	752.885	1638.2
-31610.0	7836.0	751.685	1675.4
-31610.0	7836.0	750.485	1652.15
-31610.0	7836.0	749.285	1626.84
-31610.0	7836.0	748.085	1655.68
-31610.0	7836.0	746.884	1659.52
-31610.0	7836.0	745.683	1717.49
-31610.0	7836.0	744.482	1715.07
-31610.0	7836.0	743.281	1712.66
-31610.0	7836.0	742.079	1624.94
-31610.0	7836.0	740.877	1659.99
-31610.0	7836.0	739.675	1672.14
-31610.0	7836.0	738.473	1665.58
-31610.0	7836.0	737.27	1521.8
-31610.0	7836.0	736.068	1633.75
-31610.0	7836.0	734.865	1598.1
-31610.0	7836.0	733.661	1641.42
-31610.0	7836.0	732.458	1634.87
-31610.0	7836.0	731.254	1586.78
-31610.0	7836.0	730.05	1615.55
-31610.0	7836.0	728.846	1652.6
-31610.0	7836.0	727.642	1569.25
-31610.0	7836.0	726.437	1614.6
-31610.0	7836.0	725.232	1664.08
-31610.0	7836.0	724.027	1686.57
-31610.0	7836.0	722.822	1663.43
-31610.0	7836.0	721.616	1661.03
-31610.0	7836.0	720.41	1621.31
-31610.0	7836.0	719.204	1674.89
-31610.0	7836.0	717.998	1626.9
-31610.0	7836.0	716.791	1634.86
-31610.0	7836.0	715.585	1622.11
-31610.0	7836.0	714.378	1872.42
-31610.0	7836.0	713.17	1751.94
-31610.0	7836.0	711.963	1666.71
-31610.0	7836.0	710.755	1649.82
-31610.0	7836.0	709.547	1726.07
-31610.0	7836.0	708.339	1663.66
-31610.0	7836.0	707.131	1706.78
-31610.0	7836.0	705.922	1644.39
-31610.0	7836.0	704.713	1675.09
-31610.0	7836.0	703.504	1647.88
-31610.0	7836.0	702.295	1664.09
-31610.0	7836.0	701.085	1723.7
-31610.0	7836.0	699.875	1739.89
-31610.0	7836.0	698.665	1689.97
-31610.0	7836.0	697.455	1706.16
-31610.0	7836.0	696.244	1718.21
-31610.0	7836.0	695.034	1693.1
-31610.0	7836.0	693.822	1647.35
-31610.0	7836.0	692.611	1700.68
-31610.0	7836.0	691.4	1727.17
-31610.0	7836.0	690.188	1747.46
-31610.0	7836.0	688.976	1687.3
-31610.0	7836.0	687.764	1752.96
-31610.0	7836.0	686.551	1707.25
-31610.0	7836.0	685.339	1774.94
-31610.0	7836.0	684.126	1822.0
-31610.0	7836.0	682.912	1770.12
-31610.0	7836.0	681.699	1765.65
-31610.0	7836.0	680.485	1757.06
-31610.0	7836.0	679.271	1746.42
-31610.0	7836.0	678.057	1842.85
-31610.0	7836.0	676.843	1782.78
-31610.0	7836.0	675.628	1796.83
-31610.0	7836.0	674.413	1763.55
-31610.0	7836.0	673.198	1798.18
-31610.0	7836.0	671.983	1808.11
-31610.0	7836.0	670.767	1781.01
-31610.0	7836.0	669.551	1772.43
-31610.0	7836.0	668.335	1804.97
-31610.0	7836.0	667.119	1777.9
-31610.0	7836.0	665.902	1777.54
-31610.0	7836.0	664.686	1801.84
-31610.0	7836.0	663.469	1891.87
-31610.0	7836.0	662.251	1792.91
-31610.0	7836.0	661.034	1774.08
-31610.0	7836.0	659.816	1835.31
-31610.0	7836.0	658.598	1828.79
-31610.0	7836.0	657.38	1787.38
-31610.0	7836.0	656.161	1811.65
-31610.0	7836.0	654.942	1780.52
-31610.0	7836.0	653.723	1815.03
-31610.0	7836.0	652.504	1814.66
-31610.0	7836.0	651.285	1746.65
-31610.0	7836.0	650.065	1779.1
-31610.0	7836.0	648.845	1758.25
-31610.0	7836.0	647.625	1751.75
-31610.0	7836.0	646.404	1886.6
-31610.0	7836.0	645.184	1839.11
-31610.0	7836.0	643.963	1834.65
-31610.0	7836.0	642.742	1817.91
-31610.0	7836.0	641.52	1815.5
-31610.0	7836.0	640.298	1802.86
-31610.0	7836.0	639.076	1820.91
-31610.0	7836.0	637.854	1859.41
-31610.0	7836.0	636.632	1822.22
-31610.0	7836.0	635.409	1758.47
-31610.0	7836.0	634.186	1799.01
-31610.0	7836.0	632.963	1833.39
-31610.0	7836.0	631.74	1867.77
-31610.0	7836.0	630.516	1851.05
-31610.0	7836.0	629.292	1828.21
-31610.0	7836.0	628.068	1833.97
-31610.0	7836.0	626.844	1884.64
-31610.0	7836.0	625.619	1812.81
-31610.0	7836.0	624.394	1838.98
-31610.0	7836.0	623.169	1826.37
-31610.0	7836.0	621.944	1868.85
-31610.0	7836.0	620.718	1827.68
-31610.0	7836.0	619.492	1847.7
-31610.0	7836.0	618.266	1802.47
-31610.0	7836.0	617.04	1810.26
-31610.0	7836.0	615.813	1822.13
-31610.0	7836.0	614.587	1950.14
-31610.0	7836.0	613.36	1866.22
-31610.0	7836.0	612.132	1859.73
-31610.0	7836.0	610.905	1828.81
-31610.0	7836.0	609.677	1791.79
-31610.0	7836.0	608.449	1828.07
-31610.0	7836.0	607.22	1852.13
-31610.0	7836.0	605.992	1837.51
-31610.0	7836.0	604.763	1792.38
-31610.0	7836.0	603.534	1808.29
-31610.0	7836.0	602.305	1848.6
-31610.0	7836.0	601.075	1878.72
-31610.0	7836.0	599.845	1795.0
-31610.0	7836.0	598.615	1825.12
-31610.0	7836.0	597.385	1806.46
-31610.0	7836.0	596.154	1818.29
-31610.0	7836.0	594.924	1813.86
-31610.0	7836.0	593.693	1819.58
-31610.0	7836.0	592.461	1766.42
-31610.0	7836.0	591.23	1808.69
-31610.0	7836.0	589.998	1767.74
-31610.0	7836.0	588.766	1838.4
-31610.0	7836.0	587.534	1803.54
-31610.0	7836.0	586.301	1778.83
-31610.0	7836.0	585.068	1835.25
-31610.0	7836.0	583.835	1847.05
-31610.0	7836.0	582.602	1804.1
-31610.0	7836.0	581.368	1797.66
-31610.0	7836.0	580.134	1831.74
-31610.0	7836.0	578.9	1766.54
-31610.0	7836.0	577.666	1863.4
-31610.0	7836.0	576.432	1777.97
-31610.0	7836.0	575.197	1834.3
-31610.0	7836.0	573.962	1738.79
-31610.0	7836.0	572.726	1778.91
-31610.0	7836.0	571.491	1877.69
-31610.0	7836.0	570.255	1857.08
-31610.0	7836.0	569.019	1876.93
-31610.0	7836.0	567.783	1789.6
-31610.0	7836.0	566.546	1815.51
-31610.0	7836.0	565.309	1825.25
-31610.0	7836.0	564.072	1865.3
-31610.0	7836.0	562.835	1806.32
-31610.0	7836.0	561.597	1876.66
-31610.0	7836.0	560.359	1845.98
-31610.0	7836.0	559.121	1902.14
-31610.0	7836.0	557.883	1873.49
-31610.0	7836.0	556.644	1913.48
-31610.0	7836.0	555.406	1969.59
-31610.0	7836.0	554.167	1844.1
-31610.0	7836.0	552.927	1940.54
-31610.0	7836.0	551.688	1982.5
-31610.0	7836.0	550.448	2014.36
-31610.0	7836.0	549.208	2040.15
-31610.0	7836.0	547.967	2031.67
-31610.0	7836.0	546.727	2079.62
-31610.0	7836.0	545.486	2175.9
-31610.0	7836.0	544.245	2125.1
-31610.0	7836.0	543.003	2195.15
-31610.0	7836.0	541.762	2216.85
-31610.0	7836.0	540.52	2309.0
-31610.0	7836.0	539.278	2290.41
-31610.0	7836.0	538.035	2456.96
-31610.0	7836.0	536.793	2561.07
-31610.0	7836.0	535.55	2691.29
-31610.0	7836.0	534.307	2835.53
-31610.0	7836.0	533.063	3060.13
-31610.0	7836.0	531.82	3280.63
-31610.0	7836.0	530.576	3641.71
-31610.0	7836.0	529.331	4141.29
-31610.0	7836.0	528.087	4938.0
-31610.0	7836.0	526.842	5870.95
-31610.0	7836.0	525.597	7496.33
-31610.0	7836.0	524.352	10010.4
-31610.0	7836.0	523.107	14175.5
-31610.0	7836.0	521.861	20853.5
-31610.0	7836.0	520.615	24127.8
-31610.0	7836.0	519.369	21625.3
-31610.0	7836.0	518.122	17828.2
-31610.0	7836.0	516.876	15103.4
-31610.0	7836.0	515.629	12724.6
-31610.0	7836.0	514.381	10847.9
-31610.0	7836.0	513.134	9386.71
-31610.0	7836.0	511.886	8429.07
-31610.0	7836.0	510.638	7696.17
-31610.0	7836.0	509.39	7041.69
-31610.0	7836.0	508.141	6557.67
-31610.0	7836.0	506.892	6169.95
-31610.0	7836.0	505.643	5892.46
-31610.0	7836.0	504.394	5695.14
-31610.0	7836.0	503.145	5471.89
-31610.0	7836.0	501.895	5346.74
-31610.0	7836.0	500.645	5279.64
-31610.0	7836.0	499.394	5176.58
-31610.0	7836.0	498.144	4993.6
-31610.0	7836.0	496.893	5068.51
-31610.0	7836.0	495.642	4937.58
-31610.0	7836.0	494.39	4660.86
-31610.0	7836.0	493.139	4731.8
-31610.0	7836.0	491.887	4399.33
-31610.0	7836.0	490.635	4332.53
-31610.0	7836.0	489.382	4213.86
-31610.0	7836.0	488.13	4139.15
-31610.0	7836.0	486.877	4138.29
-31610.0	7836.0	485.623	4065.62
-31610.0	7836.0	484.37	4020.89
-31610.0	7836.0	483.116	3872.5
-31610.0	7836.0	481.862	3827.84
-31610.0	7836.0	480.608	3713.43
-31610.0	7836.0	479.354	3658.85
-31610.0	7836.0	478.099	3660.08
-31610.0	7836.0	476.844	3744.98
-31610.0	7836.0	475.588	3620.72
-31610.0	7836.0	474.333	3663.78
-31610.0	7836.0	473.077	3601.3
-31610.0	7836.0	471.821	3485.11
-31610.0	7836.0	470.565	3504.29
-31610.0	7836.0	469.308	3416.02
-31610.0	7836.0	468.051	3433.21
-31610.0	7836.0	466.794	3289.31
-31610.0	7836.0	465.537	3288.63
-31610.0	7836.0	464.279	3264.09
-31610.0	7836.0	463.021	3219.69
-31610.0	7836.0	461.763	3221.0
-31610.0	7836.0	460.505	3111.07
-31610.0	7836.0	459.246	3076.66
-31610.0	7836.0	457.987	3048.21
-31610.0	7836.0	456.728	3146.85
-31610.0	7836.0	455.469	2991.36
-31610.0	7836.0	454.209	2901.44
-31610.0	7836.0	452.949	3023.85
-31610.0	7836.0	451.689	2924.03
-31610.0	7836.0	450.428	2909.54
-31610.0	7836.0	449.167	2879.19
-31610.0	7836.0	447.906	2819.11
-31610.0	7836.0	446.645	2858.16
-31610.0	7836.0	445.383	2704.98
-31610.0	7836.0	444.122	2809.42
-31610.0	7836.0	442.86	2808.83
-31610.0	7836.0	441.597	2808.25
-31610.0	7836.0	440.335	2803.7
-31610.0	7836.0	439.072	2787.28
-31610.0	7836.0	437.809	2828.26
-31610.0	7836.0	436.545	2691.13
-31610.0	7836.0	435.281	2728.16
-31610.0	7836.0	434.018	2697.92
-31610.0	7836.0	432.753	2683.51
-31610.0	7836.0	431.489	2718.54
-31610.0	7836.0	430.224	2714.02
-31610.0	7836.0	428.959	2735.19
-31610.0	7836.0	427.694	2659.53
-31610.0	7836.0	426.428	2611.56
-31610.0	7836.0	425.163	2658.42
-31610.0	7836.0	423.896	2748.69
-31610.0	7836.0	422.63	2574.39
-31610.0	7836.0	421.364	2611.35
-31610.0	7836.0	420.097	2685.79
-31610.0	7836.0	418.83	2645.77
-31610.0	7836.0	417.562	2584.06
-31610.0	7836.0	416.295	2571.69
-31610.0	7836.0	415.027	2543.54
-31610.0	7836.0	413.758	2598.21
-31610.0	7836.0	412.49	2518.82
-31610.0	7836.0	411.221	2526.18
-31610.0	7836.0	409.952	2531.56
-31610.0	7836.0	408.683	2540.87
-31610.0	7836.0	407.414	2477.32
-31610.0	7836.0	406.144	2472.87
-31610.0	7836.0	404.874	2533.37
-31610.0	7836.0	403.603	2562.36
-31610.0	7836.0	402.333	2512.63
-31610.0	7836.0	401.062	2484.56
-31610.0	7836.0	399.791	2543.04
-31610.0	7836.0	398.519	2513.01
-31610.0	7836.0	397.248	2514.44
-31610.0	7836.0	395.976	2478.54
-31610.0	7836.0	394.704	2407.27
-31610.0	7836.0	393.431	2475.53
-31610.0	7836.0	392.159	2482.86
-31610.0	7836.0	390.886	2592.32
-31610.0	7836.0	389.612	2505.38
-31610.0	7836.0	388.339	2406.7
-31610.0	7836.0	387.065	2482.73
-31610.0	7836.0	385.791	2495.95
-31610.0	7836.0	384.517	2452.26
-31610.0	7836.0	383.242	2483.13
-31610.0	7836.0	381.967	2447.3
-31610.0	7836.0	380.692	2570.3
-31610.0	7836.0	379.417	2489.4
-31610.0	7836.0	378.141	2533.94
-31610.0	7836.0	376.865	2511.86
-31610.0	7836.0	375.589	2485.86
-31610.0	7836.0	374.312	2428.54
-31610.0	7836.0	373.035	2488.73
-31610.0	7836.0	371.758	2484.29
-31610.0	7836.0	370.481	2477.89
-31610.0	7836.0	369.204	2500.85
-31610.0	7836.0	367.926	2412.28
-31610.0	7836.0	366.648	2388.3
-31610.0	7836.0	365.369	2430.82
-31610.0	7836.0	364.091	2524.15
-31610.0	7836.0	362.812	2476.7
-31610.0	7836.0	361.532	2458.59
-31610.0	7836.0	360.253	2454.16
-31610.0	7836.0	358.973	2469.27
-31610.0	7836.0	357.693	2357.42
-31610.0	7836.0	356.413	2518.99
-31610.0	7836.0	355.132	2383.75
-31610.0	7836.0	353.852	2551.11
-31610.0	7836.0	352.571	2410.06
-31610.0	7836.0	351.289	2534.42
-31610.0	7836.0	350.008	2477.32
-31610.0	7836.0	348.726	2447.54
-31610.0	7836.0	347.444	2462.62
-31610.0	7836.0	346.161	2586.86
-31610.0	7836.0	344.878	2516.14
-31610.0	7836.0	343.595	2535.1
-31610.0	7836.0	342.312	2542.35
-31610.0	7836.0	341.029	2497.01
-31610.0	7836.0	339.745	2572.43
-31610.0	7836.0	338.461	2507.64
-31610.0	7836.0	337.176	2620.0
-31610.0	7836.0	335.892	2564.95
-31610.0	7836.0	334.607	2544.95
-31610.0	7836.0	333.322	2567.76
-31610.0	7836.0	332.036	2578.88
-31610.0	7836.0	330.75	2512.22
-31610.0	7836.0	329.464	2564.18
-31610.0	7836.0	328.178	2616.11
-31610.0	7836.0	326.892	2603.89
-31610.0	7836.0	325.605	2535.34
-31610.0	7836.0	324.318	2663.0
-31610.0	7836.0	323.03	2586.7
-31610.0	7836.0	321.743	2595.85
-31610.0	7836.0	320.455	2665.18
-31610.0	7836.0	319.167	2592.81
-31610.0	7836.0	317.878	2598.08
-31610.0	7836.0	316.59	2630.5
-31610.0	7836.0	315.301	2575.64
-31610.0	7836.0	314.011	2596.42
-31610.0	7836.0	312.722	2657.9
-31610.0	7836.0	311.432	2698.04
-31610.0	7836.0	310.142	2662.59
-31610.0	7836.0	308.851	2749.2
-31610.0	7836.0	307.561	2804.79
-31610.0	7836.0	306.27	2839.05
-31610.0	7836.0	304.979	2743.57
-31610.0	7836.0	303.687	2812.68
-31610.0	7836.0	302.395	2763.69
-31610.0	7836.0	301.103	2741.82
-31610.0	7836.0	299.811	2797.34
-31610.0	7836.0	298.519	2759.99
-31610.0	7836.0	297.226	2755.54
-31610.0	7836.0	295.933	2654.42
-31610.0	7836.0	294.639	2711.84
-31610.0	7836.0	293.345	2657.15
-31610.0	7836.0	292.052	2718.41
-31610.0	7836.0	290.757	2644.43
-31610.0	7836.0	289.463	2595.58
-31610.0	7836.0	288.168	2678.05
-31610.0	7836.0	286.873	2627.29
-31610.0	7836.0	285.578	2570.76
-31610.0	7836.0	284.282	2533.55
-31610.0	7836.0	282.986	2608.24
-31610.0	7836.0	281.69	2555.61
-31610.0	7836.0	280.393	2539.64
-31610.0	7836.0	279.097	2535.24
-31610.0	7836.0	277.8	2571.32
-31610.0	7836.0	276.502	2509.1
-31610.0	7836.0	275.205	2587.56
-31610.0	7836.0	273.907	2498.4
-31610.0	7836.0	272.609	2459.35
-31610.0	7836.0	271.311	2466.52
-31610.0	7836.0	270.012	2483.32
-31610.0	7836.0	268.713	2367.31
-31610.0	7836.0	267.414	2384.12
-31610.0	7836.0	266.114	2422.09
-31610.0	7836.0	264.814	2386.95
-31610.0	7836.0	263.514	2330.67
-31610.0	7836.0	262.214	2318.64
-31610.0	7836.0	260.913	2312.37
-31610.0	7836.0	259.613	2369.53
-31610.0	7836.0	258.311	2324.83
-31610.0	7836.0	257.01	2268.63
-31610.0	7836.0	255.708	2364.17
-31610.0	7836.0	254.406	2300.3
-31610.0	7836.0	253.104	2236.45
-31610.0	7836.0	251.801	2276.28
-31610.0	7836.0	250.499	2270.04
-31610.0	7836.0	249.195	2271.47
-31610.0	7836.0	247.892	2242.21
-31610.0	7836.0	246.588	2230.22
-31610.0	7836.0	245.284	2243.17
-31610.0	7836.0	243.98	2152.59
-31610.0	7836.0	242.676	2203.88
-31610.0	7836.0	241.371	2207.23
-31610.0	7836.0	240.066	2210.59
-31610.0	7836.0	238.76	2190.97
-31610.0	7836.0	237.455	2144.54
-31610.0	7836.0	236.149	2153.65
-31610.0	7836.0	234.843	2216.35
-31610.0	7836.0	233.536	2164.21
-31610.0	7836.0	232.229	2159.92
-31610.0	7836.0	230.922	2136.5
-31610.0	7836.0	229.615	2118.83
-31610.0	7836.0	228.307	2143.23
-31610.0	7836.0	227.0	2152.33
-31610.0	7836.0	225.691	2128.94
-31610.0	7836.0	224.383	1975.63
-31610.0	7836.0	223.074	2053.52
-31610.0	7836.0	221.765	2079.82
-31610.0	7836.0	220.456	2144.29
-31610.0	7836.0	219.146	2096.11
-31610.0	7836.0	217.836	2101.38
-31610.0	7836.0	216.526	2076.12
-31610.0	7836.0	215.216	2079.49
-31610.0	7836.0	213.905	2044.71
-31610.0	7836.0	212.594	1977.53
-31610.0	7836.0	211.283	2144.88
-31610.0	7836.0	209.971	2199.7
-31610.0	7836.0	208.66	2174.45
-31610.0	7836.0	207.348	2073.0
-31610.0	7836.0	206.035	2097.32
-31610.0	7836.0	204.722	2100.68
-31610.0	7836.0	203.409	2121.17
-31610.0	7836.0	202.096	2118.81
-31610.0	7836.0	200.783	2167.84
-31610.0	7836.0	199.469	2108.38
-31610.0	7836.0	198.155	2147.88
-31610.0	7836.0	196.84	2143.62
-31610.0	7836.0	195.526	2171.68
-31610.0	7836.0	194.211	2157.9
-31610.0	7836.0	192.896	2159.34
-31610.0	7836.0	191.58	2430.64
-31610.0	7836.0	190.264	2335.11
-31610.0	7836.0	188.948	2266.22
-31610.0	7836.0	187.632	2258.14
-31610.0	7836.0	186.315	2276.64
-31610.0	7836.0	184.998	2196.42
-31610.0	7836.0	183.681	2285.15
-31610.0	7836.0	182.364	2229.63
-31610.0	7836.0	181.046	2250.02
-31610.0	7836.0	179.728	2296.95
-31610.0	7836.0	178.41	2249.05
-31610.0	7836.0	177.091	2349.05
-31610.0	7836.0	175.772	2331.48
-31610.0	7836.0	174.453	2308.24
-31610.0	7836.0	173.133	2250.9
-31610.0	7836.0	171.814	2212.53
-31610.0	7836.0	170.494	2314.32
-31610.0	7836.0	169.173	2317.61
-31610.0	7836.0	167.853	2260.32
-31610.0	7836.0	166.532	2290.11
-31610.0	7836.0	165.211	2359.63
-31610.0	7836.0	163.889	2289.13
-31610.0	7836.0	162.567	2358.61
-31610.0	7836.0	161.245	2248.43
-31610.0	7836.0	159.923	2308.44
-31610.0	7836.0	158.6	2402.45
-31610.0	7836.0	157.278	2417.05
-31610.0	7836.0	155.954	2388.19
-31610.0	7836.0	154.631	2472.68
-31610.0	7836.0	153.307	2428.71
-31610.0	7836.0	151.983	2380.98
-31610.0	7836.0	150.659	2499.4
-31610.0	7836.0	149.334	2413.93
-31610.0	7836.0	148.009	2447.37
-31610.0	7836.0	146.684	2435.53
-31610.0	7836.0	145.359	2402.94
-31610.0	7836.0	144.033	2402.42
-31610.0	7836.0	142.707	2371.73
-31610.0	7836.0	141.381	2425.88
-31610.0	7836.0	140.054	2398.98
-31610.0	7836.0	138.727	2451.21
-31610.0	7836.0	137.4	2397.94
-31610.0	7836.0	136.072	2369.18
-31610.0	7836.0	134.745	2376.2
-31610.0	7836.0	133.417	2347.45
-31610.0	7836.0	132.088	2350.7
-31610.0	7836.0	130.76	2406.65
-31610.0	7836.0	129.431	2430.58
-31610.0	7836.0	128.102	2381.16
-31610.0	7836.0	126.772	2403.21
-31610.0	7836.0	125.442	2333.13
-31610.0	7836.0	124.112	2302.55
-31610.0	7836.0	122.782	2264.47
-31610.0	7836.0	121.451	2301.55
-31610.0	7836.0	120.12	2338.63
-31610.0	7836.0	118.789	2317.46
-31610.0	7836.0	117.458	2243.74
-31610.0	7836.0	116.126	2352.13
-31610.0	7836.0	114.794	2282.18
-31610.0	7836.0	113.462	2242.28
-31610.0	7836.0	112.129	2320.59
-31610.0	7836.0	110.796	2308.83
-31610.0	7836.0	109.463	2184.57
-31610.0	7836.0	108.129	2234.72
-31610.0	7836.0	106.796	2144.27
-31610.0	7836.0	105.461	2216.89
-31610.0	7836.0	104.127	2098.38
-31610.0	7836.0	102.792	2032.36
-31610.0	7836.0	101.457	1970.12
-31610.0	7836.0	100.122	1934.12
-31610.0	7836.0	98.7867	1896.27
-31610.0	7836.0	97.4509	2002.54
-31610.0	7836.0	96.1148	1919.77
-31610.0	7836.0	94.7784	1857.62
-31610.0	7836.0	93.4418	1812.34
-31610.0	7836.0	92.1048	1854.95
-31610.0	7836.0	90.7676	1837.73
-31610.0	7836.0	89.43	1814.9
-31610.0	7836.0	88.0922	1788.35
-31610.0	7836.0	86.7541	1780.49
-31610.0	7836.0	85.4157	1724.06
