-31608.0	7810.0	1311.89	1885.23
-31608.0	7810.0	1310.78	1946.25
-31608.0	7810.0	1309.68	1927.77
-31608.0	7810.0	1308.58	1868.44
-31608.0	7810.0	1307.48	1911.26
-31608.0	7810.0	1306.38	1999.47
-31608.0	7810.0	1305.28	1976.46
-31608.0	7810.0	1304.18	1905.81
-31608.0	7810.0	1303.07	1898.7
-31608.0	7810.0	1301.97	1891.59
-31608.0	7810.0	1300.87	1986.53
-31608.0	7810.0	1299.77	1915.92
-31608.0	7810.0	1298.66	1945.09
-31608.0	7810.0	1297.56	2076.24
-31608.0	7810.0	1296.46	1996.59
-31608.0	7810.0	1295.35	1953.22
-31608.0	7810.0	1294.25	1921.18
-31608.0	7810.0	1293.15	1950.32
-31608.0	7810.0	1292.04	1965.86
-31608.0	7810.0	1290.94	1974.6
-31608.0	7810.0	1289.83	1947.12
-31608.0	7810.0	1288.73	1960.39
-31608.0	7810.0	1287.63	1930.65
-31608.0	7810.0	1286.52	1878.29
-31608.0	7810.0	1285.42	1907.4
-31608.0	7810.0	1284.31	1934.24
-31608.0	7810.0	1283.21	1884.16
-31608.0	7810.0	1282.1	1981.11
-31608.0	7810.0	1280.99	1917.47
-31608.0	7810.0	1279.89	1867.43
-31608.0	7810.0	1278.78	1873.91
-31608.0	7810.0	1277.68	1936.89
-31608.0	7810.0	1276.57	1898.16
-31608.0	7810.0	1275.46	1927.22
-31608.0	7810.0	1274.36	1908.84
-31608.0	7810.0	1273.25	1946.93
-31608.0	7810.0	1272.14	1964.68
-31608.0	7810.0	1271.04	1919.2
-31608.0	7810.0	1269.93	1950.49
-31608.0	7810.0	1268.82	1934.38
-31608.0	7810.0	1267.71	1961.15
-31608.0	7810.0	1266.61	1926.98
-31608.0	7810.0	1265.5	1915.39
-31608.0	7810.0	1264.39	1838.38
-31608.0	7810.0	1263.28	1856.13
-31608.0	7810.0	1262.17	1961.81
-31608.0	7810.0	1261.06	1893.85
-31608.0	7810.0	1259.95	1841.7
-31608.0	7810.0	1258.84	1843.65
-31608.0	7810.0	1257.74	1924.48
-31608.0	7810.0	1256.63	1863.33
-31608.0	7810.0	1255.52	1869.78
-31608.0	7810.0	1254.41	1887.5
-31608.0	7810.0	1253.3	1884.94
-31608.0	7810.0	1252.19	1911.65
-31608.0	7810.0	1251.08	1857.31
-31608.0	7810.0	1249.96	1872.76
-31608.0	7810.0	1248.85	1908.46
-31608.0	7810.0	1247.74	1903.65
-31608.0	7810.0	1246.63	1941.59
-31608.0	7810.0	1245.52	1909.78
-31608.0	7810.0	1244.41	1891.47
-31608.0	7810.0	1243.3	1940.64
-31608.0	7810.0	1242.18	1852.63
-31608.0	7810.0	1241.07	1899.54
-31608.0	7810.0	1239.96	1890.24
-31608.0	7810.0	1238.85	1883.18
-31608.0	7810.0	1237.74	1880.63
-31608.0	7810.0	1236.62	1873.58
-31608.0	7810.0	1235.51	1862.04
-31608.0	7810.0	1234.4	1843.77
-31608.0	7810.0	1233.28	1883.88
-31608.0	7810.0	1232.17	1800.51
-31608.0	7810.0	1231.06	1863.06
-31608.0	7810.0	1229.94	1860.51
-31608.0	7810.0	1228.83	1835.52
-31608.0	7810.0	1227.71	1920.48
-31608.0	7810.0	1226.6	1848.38
-31608.0	7810.0	1225.48	1792.0
-31608.0	7810.0	1224.37	1897.1
-31608.0	7810.0	1223.25	1876.61
-31608.0	7810.0	1222.14	1896.48
-31608.0	7810.0	1221.02	1817.72
-31608.0	7810.0	1219.91	1857.76
-31608.0	7810.0	1218.79	1826.08
-31608.0	7810.0	1217.68	1832.5
-31608.0	7810.0	1216.56	1897.15
-31608.0	7810.0	1215.44	1934.91
-31608.0	7810.0	1214.33	1903.24
-31608.0	7810.0	1213.21	1842.48
-31608.0	7810.0	1212.09	1824.27
-31608.0	7810.0	1210.98	1837.4
-31608.0	7810.0	1209.86	1752.06
-31608.0	7810.0	1208.74	1778.62
-31608.0	7810.0	1207.62	1836.48
-31608.0	7810.0	1206.51	1829.47
-31608.0	7810.0	1205.39	1856.0
-31608.0	7810.0	1204.27	1799.8
-31608.0	7810.0	1203.15	1759.26
-31608.0	7810.0	1202.03	1928.83
-31608.0	7810.0	1200.91	1879.35
-31608.0	7810.0	1199.8	1849.99
-31608.0	7810.0	1198.68	1762.56
-31608.0	7810.0	1197.56	1780.13
-31608.0	7810.0	1196.44	1782.07
-31608.0	7810.0	1195.32	1821.97
-31608.0	7810.0	1194.2	1750.22
-31608.0	7810.0	1193.08	1814.66
-31608.0	7810.0	1191.96	1805.43
-31608.0	7810.0	1190.84	1849.76
-31608.0	7810.0	1189.72	1798.14
-31608.0	7810.0	1188.6	1802.3
-31608.0	7810.0	1187.48	1828.76
-31608.0	7810.0	1186.35	1870.82
-31608.0	7810.0	1185.23	1801.4
-31608.0	7810.0	1184.11	1776.57
-31608.0	7810.0	1182.99	1769.59
-31608.0	7810.0	1181.87	1811.63
-31608.0	7810.0	1180.75	1815.79
-31608.0	7810.0	1179.62	1786.52
-31608.0	7810.0	1178.5	1812.95
-31608.0	7810.0	1177.38	1870.54
-31608.0	7810.0	1176.26	1943.7
-31608.0	7810.0	1175.13	1889.95
-31608.0	7810.0	1174.01	1874.06
-31608.0	7810.0	1172.89	1844.81
-31608.0	7810.0	1171.76	1831.15
-31608.0	7810.0	1170.64	1875.34
-31608.0	7810.0	1169.51	1790.5
-31608.0	7810.0	1168.39	1787.98
-31608.0	7810.0	1167.27	1803.24
-31608.0	7810.0	1166.14	1774.03
-31608.0	7810.0	1165.02	1769.29
-31608.0	7810.0	1163.89	1771.22
-31608.0	7810.0	1162.77	1777.58
-31608.0	7810.0	1161.64	1803.94
-31608.0	7810.0	1160.52	1799.2
-31608.0	7810.0	1159.39	1794.45
-31608.0	7810.0	1158.26	1758.62
-31608.0	7810.0	1157.14	1751.66
-31608.0	7810.0	1156.01	1844.6
-31608.0	7810.0	1154.88	1815.43
-31608.0	7810.0	1153.76	1832.88
-31608.0	7810.0	1152.63	1819.26
-31608.0	7810.0	1151.5	1807.86
-31608.0	7810.0	1150.38	1736.58
-31608.0	7810.0	1149.25	1829.42
-31608.0	7810.0	1148.12	1744.86
-31608.0	7810.0	1146.99	1882.0
-31608.0	7810.0	1145.87	1848.44
-31608.0	7810.0	1144.74	1777.21
-31608.0	7810.0	1143.61	1774.69
-31608.0	7810.0	1142.48	1758.89
-31608.0	7810.0	1141.35	1760.8
-31608.0	7810.0	1140.22	1780.43
-31608.0	7810.0	1139.09	1811.13
-31608.0	7810.0	1137.97	1762.12
-31608.0	7810.0	1136.84	1786.17
-31608.0	7810.0	1135.71	1788.07
-31608.0	7810.0	1134.58	1763.43
-31608.0	7810.0	1133.45	1732.16
-31608.0	7810.0	1132.32	1769.47
-31608.0	7810.0	1131.19	1797.91
-31608.0	7810.0	1130.05	1748.96
-31608.0	7810.0	1128.92	1737.61
-31608.0	7810.0	1127.79	1805.83
-31608.0	7810.0	1126.66	1832.05
-31608.0	7810.0	1125.53	1752.19
-31608.0	7810.0	1124.4	1776.19
-31608.0	7810.0	1123.27	1786.93
-31608.0	7810.0	1122.13	1753.5
-31608.0	7810.0	1121.0	1717.87
-31608.0	7810.0	1119.87	1675.63
-31608.0	7810.0	1118.74	1732.73
-31608.0	7810.0	1117.6	1750.09
-31608.0	7810.0	1116.47	1670.35
-31608.0	7810.0	1115.34	1747.28
-31608.0	7810.0	1114.2	1707.28
-31608.0	7810.0	1113.07	1764.33
-31608.0	7810.0	1111.94	1805.92
-31608.0	7810.0	1110.8	1774.75
-31608.0	7810.0	1109.67	1770.03
-31608.0	7810.0	1108.54	1754.3
-31608.0	7810.0	1107.4	1778.24
-31608.0	7810.0	1106.27	1674.38
-31608.0	7810.0	1105.13	1733.57
-31608.0	7810.0	1104.0	1764.11
-31608.0	7810.0	1102.86	1675.72
-31608.0	7810.0	1101.72	1767.9
-31608.0	7810.0	1100.59	1694.95
-31608.0	7810.0	1099.45	1756.29
-31608.0	7810.0	1098.32	1740.58
-31608.0	7810.0	1097.18	1779.88
-31608.0	7810.0	1096.04	1770.78
-31608.0	7810.0	1094.91	1812.26
-31608.0	7810.0	1093.77	1730.58
-31608.0	7810.0	1092.63	1780.85
-31608.0	7810.0	1091.5	1817.91
-31608.0	7810.0	1090.36	1773.64
-31608.0	7810.0	1089.22	1661.26
-31608.0	7810.0	1088.08	1691.74
-31608.0	7810.0	1086.95	1676.07
-31608.0	7810.0	1085.81	1741.66
-31608.0	7810.0	1084.67	1811.63
-31608.0	7810.0	1083.53	1710.32
-31608.0	7810.0	1082.39	1705.64
-31608.0	7810.0	1081.25	1681.2
-31608.0	7810.0	1080.11	1740.15
-31608.0	7810.0	1078.97	1726.69
-31608.0	7810.0	1077.83	1708.84
-31608.0	7810.0	1076.69	1765.56
-31608.0	7810.0	1075.55	1712.63
-31608.0	7810.0	1074.41	1736.45
-31608.0	7810.0	1073.27	1703.26
-31608.0	7810.0	1072.13	1751.19
-31608.0	7810.0	1070.99	1761.84
-31608.0	7810.0	1069.85	1722.09
-31608.0	7810.0	1068.71	1660.46
-31608.0	7810.0	1067.57	1710.54
-31608.0	7810.0	1066.43	1747.47
-31608.0	7810.0	1065.28	1749.35
-31608.0	7810.0	1064.14	1720.59
-31608.0	7810.0	1063.0	1724.67
-31608.0	7810.0	1061.86	1724.36
-31608.0	7810.0	1060.71	1710.94
-31608.0	7810.0	1059.57	1789.39
-31608.0	7810.0	1058.43	1690.65
-31608.0	7810.0	1057.29	1727.53
-31608.0	7810.0	1056.14	1714.11
-31608.0	7810.0	1055.0	1718.18
-31608.0	7810.0	1053.85	1724.44
-31608.0	7810.0	1052.71	1704.47
-31608.0	7810.0	1051.57	1688.87
-31608.0	7810.0	1050.42	1741.01
-31608.0	7810.0	1049.28	1734.15
-31608.0	7810.0	1048.13	1716.37
-31608.0	7810.0	1046.99	1716.07
-31608.0	7810.0	1045.84	1626.27
-31608.0	7810.0	1044.7	1687.09
-31608.0	7810.0	1043.55	1723.89
-31608.0	7810.0	1042.4	1793.41
-31608.0	7810.0	1041.26	1758.19
-31608.0	7810.0	1040.11	1709.9
-31608.0	7810.0	1038.97	1707.42
-31608.0	7810.0	1037.82	1783.42
-31608.0	7810.0	1036.67	1685.01
-31608.0	7810.0	1035.53	1689.08
-31608.0	7810.0	1034.38	1719.28
-31608.0	7810.0	1033.23	1653.62
-31608.0	7810.0	1032.08	1736.1
-31608.0	7810.0	1030.94	1670.46
-31608.0	7810.0	1029.79	1761.62
-31608.0	7810.0	1028.64	1785.26
-31608.0	7810.0	1027.49	1715.28
-31608.0	7810.0	1026.34	1664.92
-31608.0	7810.0	1025.19	1756.02
-31608.0	7810.0	1024.04	1718.72
-31608.0	7810.0	1022.89	1738.0
-31608.0	7810.0	1021.74	1772.48
-31608.0	7810.0	1020.59	1800.44
-31608.0	7810.0	1019.45	1674.02
-31608.0	7810.0	1018.29	1741.11
-31608.0	7810.0	1017.14	1801.65
-31608.0	7810.0	1015.99	1764.39
-31608.0	7810.0	1014.84	1811.87
-31608.0	7810.0	1013.69	1742.04
-31608.0	7810.0	1012.54	1828.6
-31608.0	7810.0	1011.39	1717.54
-31608.0	7810.0	1010.24	1793.22
-31608.0	7810.0	1009.09	1740.8
-31608.0	7810.0	1007.93	1744.83
-31608.0	7810.0	1006.78	1783.58
-31608.0	7810.0	1005.63	1824.48
-31608.0	7810.0	1004.48	1845.84
-31608.0	7810.0	1003.32	1799.97
-31608.0	7810.0	1002.17	1892.89
-31608.0	7810.0	1001.02	1909.89
-31608.0	7810.0	999.865	1848.86
-31608.0	7810.0	998.711	1826.86
-31608.0	7810.0	997.558	1895.87
-31608.0	7810.0	996.403	1876.03
-31608.0	7810.0	995.249	1845.37
-31608.0	7810.0	994.095	1955.48
-31608.0	7810.0	992.94	1935.65
-31608.0	7810.0	991.785	1980.76
-31608.0	7810.0	990.63	1943.61
-31608.0	7810.0	989.475	1930.28
-31608.0	7810.0	988.319	1960.22
-31608.0	7810.0	987.164	1951.21
-31608.0	7810.0	986.008	1978.98
-31608.0	7810.0	984.852	2008.9
-31608.0	7810.0	983.695	2023.67
-31608.0	7810.0	982.539	2049.25
-31608.0	7810.0	981.382	2085.62
-31608.0	7810.0	980.225	2050.67
-31608.0	7810.0	979.068	2102.15
-31608.0	7810.0	977.911	2017.53
-31608.0	7810.0	976.753	2114.35
-31608.0	7810.0	975.595	2036.24
-31608.0	7810.0	974.437	2098.48
-31608.0	7810.0	973.279	2100.26
-31608.0	7810.0	972.121	2037.29
-31608.0	7810.0	970.962	2023.98
-31608.0	7810.0	969.803	2118.54
-31608.0	7810.0	968.644	2135.41
-31608.0	7810.0	967.485	2029.35
-31608.0	7810.0	966.326	2123.86
-31608.0	7810.0	965.166	2095.45
-31608.0	7810.0	964.006	2082.13
-31608.0	7810.0	962.846	2086.07
-31608.0	7810.0	961.686	2046.91
-31608.0	7810.0	960.525	2091.77
-31608.0	7810.0	959.365	2087.09
-31608.0	7810.0	958.204	2207.3
-31608.0	7810.0	957.043	2150.92
-31608.0	7810.0	955.881	2126.85
-31608.0	7810.0	954.72	2059.74
-31608.0	7810.0	953.558	2132.53
-31608.0	7810.0	952.396	2151.51
-31608.0	7810.0	951.234	2148.97
-31608.0	7810.0	950.071	2069.0
-31608.0	7810.0	948.909	2201.94
-31608.0	7810.0	947.746	2087.6
-31608.0	7810.0	946.583	2067.87
-31608.0	7810.0	945.42	2198.59
-31608.0	7810.0	944.256	2148.77
-31608.0	7810.0	943.092	2098.96
-31608.0	7810.0	941.929	2130.8
-31608.0	7810.0	940.765	2136.85
-31608.0	7810.0	939.6	2142.91
-31608.0	7810.0	938.436	2086.7
-31608.0	7810.0	937.271	2094.9
-31608.0	7810.0	936.106	2064.47
-31608.0	7810.0	934.941	2089.84
-31608.0	7810.0	933.775	2100.19
-31608.0	7810.0	932.61	2001.14
-31608.0	7810.0	931.444	2037.23
-31608.0	7810.0	930.278	1955.38
-31608.0	7810.0	929.112	1982.89
-31608.0	7810.0	927.945	1931.09
-31608.0	7810.0	926.779	1924.31
-31608.0	7810.0	925.612	1973.23
-31608.0	7810.0	924.445	1968.58
-31608.0	7810.0	923.278	1908.26
-31608.0	7810.0	922.11	1882.21
-31608.0	7810.0	920.942	1836.9
-31608.0	7810.0	919.774	1988.54
-31608.0	7810.0	918.606	1874.75
-31608.0	7810.0	917.438	1846.59
-31608.0	7810.0	916.269	1921.13
-31608.0	7810.0	915.1	1867.3
-31608.0	7810.0	913.931	1830.6
-31608.0	7810.0	912.762	1813.16
-31608.0	7810.0	911.593	1814.96
-31608.0	7810.0	910.423	1818.9
-31608.0	7810.0	909.253	1810.02
-31608.0	7810.0	908.083	1730.63
-31608.0	7810.0	906.913	1717.49
-31608.0	7810.0	905.742	1772.71
-31608.0	7810.0	904.572	1686.96
-31608.0	7810.0	903.401	1742.16
-31608.0	7810.0	902.229	1754.65
-31608.0	7810.0	901.058	1698.83
-31608.0	7810.0	899.886	1745.46
-31608.0	7810.0	898.715	1681.14
-31608.0	7810.0	897.543	1695.76
-31608.0	7810.0	896.37	1721.03
-31608.0	7810.0	895.198	1778.28
-31608.0	7810.0	894.025	1760.9
-31608.0	7810.0	892.852	1764.84
-31608.0	7810.0	891.679	1668.61
-31608.0	7810.0	890.506	1762.05
-31608.0	7810.0	889.332	1719.12
-31608.0	7810.0	888.158	1742.23
-31608.0	7810.0	886.984	1795.14
-31608.0	7810.0	885.81	1662.8
-31608.0	7810.0	884.636	1762.54
-31608.0	7810.0	883.461	1685.59
-31608.0	7810.0	882.286	1638.47
-31608.0	7810.0	881.111	1661.56
-31608.0	7810.0	879.936	1710.18
-31608.0	7810.0	878.76	1790.67
-31608.0	7810.0	877.584	1735.06
-31608.0	7810.0	876.408	1758.12
-31608.0	7810.0	875.232	1753.54
-31608.0	7810.0	874.056	1759.59
-31608.0	7810.0	872.879	1721.01
-31608.0	7810.0	871.702	1763.18
-31608.0	7810.0	870.525	1665.15
-31608.0	7810.0	869.348	1734.91
-31608.0	7810.0	868.17	1632.68
-31608.0	7810.0	866.993	1691.81
-31608.0	7810.0	865.815	1729.69
-31608.0	7810.0	864.637	1631.76
-31608.0	7810.0	863.458	1709.95
-31608.0	7810.0	862.28	1682.06
-31608.0	7810.0	861.101	1616.0
-31608.0	7810.0	859.922	1689.91
-31608.0	7810.0	858.742	1655.67
-31608.0	7810.0	857.563	1646.88
-31608.0	7810.0	856.383	1686.84
-31608.0	7810.0	855.203	1625.08
-31608.0	7810.0	854.023	1688.32
-31608.0	7810.0	852.843	1688.0
-31608.0	7810.0	851.662	1685.57
-31608.0	7810.0	850.481	1617.5
-31608.0	7810.0	849.3	1661.65
-31608.0	7810.0	848.119	1619.01
-31608.0	7810.0	846.937	1669.49
-31608.0	7810.0	845.756	1694.56
-31608.0	7810.0	844.574	1711.16
-31608.0	7810.0	843.392	1721.41
-31608.0	7810.0	842.209	1727.43
-31608.0	7810.0	841.027	1667.91
-31608.0	7810.0	839.844	1661.26
-31608.0	7810.0	838.661	1646.15
-31608.0	7810.0	837.477	1660.63
-31608.0	7810.0	836.294	1662.43
-31608.0	7810.0	835.11	1721.25
-31608.0	7810.0	833.926	1716.7
-31608.0	7810.0	832.742	1777.6
-31608.0	7810.0	831.558	1694.94
-31608.0	7810.0	830.373	1684.07
-31608.0	7810.0	829.188	1679.53
-31608.0	7810.0	828.003	1729.84
-31608.0	7810.0	826.818	1613.51
-31608.0	7810.0	825.632	1651.16
-31608.0	7810.0	824.446	1688.8
-31608.0	7810.0	823.26	1717.99
-31608.0	7810.0	822.074	1688.16
-31608.0	7810.0	820.888	1681.52
-31608.0	7810.0	819.701	1674.88
-31608.0	7810.0	818.514	1638.75
-31608.0	7810.0	817.327	1674.24
-31608.0	7810.0	816.14	1701.29
-31608.0	7810.0	814.952	1722.02
-31608.0	7810.0	813.765	1692.23
-31608.0	7810.0	812.577	1651.92
-31608.0	7810.0	811.388	1626.36
-31608.0	7810.0	810.2	1642.88
-31608.0	7810.0	809.011	1638.36
-31608.0	7810.0	807.822	1627.53
-31608.0	7810.0	806.633	1597.79
-31608.0	7810.0	805.444	1633.22
-31608.0	7810.0	804.254	1691.75
-31608.0	7810.0	803.064	1668.31
-31608.0	7810.0	801.874	1607.07
-31608.0	7810.0	800.684	1617.27
-31608.0	7810.0	799.493	1774.45
-31608.0	7810.0	798.303	1751.02
-31608.0	7810.0	797.112	1742.29
-31608.0	7810.0	795.921	1632.82
-31608.0	7810.0	794.729	1687.06
-31608.0	7810.0	793.538	1693.04
-31608.0	7810.0	792.346	1688.52
-31608.0	7810.0	791.154	1719.65
-31608.0	7810.0	789.961	1715.13
-31608.0	7810.0	788.769	1712.7
-31608.0	7810.0	787.576	1641.11
-31608.0	7810.0	786.383	1624.03
-31608.0	7810.0	785.19	1636.29
-31608.0	7810.0	783.996	1623.41
-31608.0	7810.0	782.802	1675.45
-31608.0	7810.0	781.608	1608.13
-31608.0	7810.0	780.414	1603.63
-31608.0	7810.0	779.22	1638.9
-31608.0	7810.0	778.025	1619.75
-31608.0	7810.0	776.83	1585.97
-31608.0	7810.0	775.635	1665.15
-31608.0	7810.0	774.44	1629.28
-31608.0	7810.0	773.244	1731.43
-31608.0	7810.0	772.049	1685.1
-31608.0	7810.0	770.853	1670.14
-31608.0	7810.0	769.656	1732.51
-31608.0	7810.0	768.46	1690.39
-31608.0	7810.0	767.263	1736.02
-31608.0	7810.0	766.066	1700.18
-31608.0	7810.0	764.869	1678.97
-31608.0	7810.0	763.672	1726.66
-31608.0	7810.0	762.474	1678.32
-31608.0	7810.0	761.276	1642.51
-31608.0	7810.0	760.078	1638.02
-31608.0	7810.0	758.88	1704.47
-31608.0	7810.0	757.681	1722.91
-31608.0	7810.0	756.483	1655.84
-31608.0	7810.0	755.284	1701.39
-31608.0	7810.0	754.084	1688.55
-31608.0	7810.0	752.885	1586.1
-31608.0	7810.0	751.685	1710.82
-31608.0	7810.0	750.485	1593.82
-31608.0	7810.0	749.285	1616.42
-31608.0	7810.0	748.085	1639.02
-31608.0	7810.0	746.884	1692.83
-31608.0	7810.0	745.683	1657.11
-31608.0	7810.0	744.482	1646.39
-31608.0	7810.0	743.281	1637.74
-31608.0	7810.0	742.079	1662.39
-31608.0	7810.0	740.877	1732.79
-31608.0	7810.0	739.675	1547.35
-31608.0	7810.0	738.473	1611.51
-31608.0	7810.0	737.27	1629.91
-31608.0	7810.0	736.068	1716.89
-31608.0	7810.0	734.865	1608.49
-31608.0	7810.0	733.661	1591.56
-31608.0	7810.0	732.458	1659.8
-31608.0	7810.0	731.254	1647.01
-31608.0	7810.0	730.05	1673.69
-31608.0	7810.0	728.846	1675.44
-31608.0	7810.0	727.642	1621.14
-31608.0	7810.0	726.437	1622.9
-31608.0	7810.0	725.232	1688.98
-31608.0	7810.0	724.027	1665.83
-31608.0	7810.0	722.822	1669.65
-31608.0	7810.0	721.616	1650.66
-31608.0	7810.0	720.41	1658.63
-31608.0	7810.0	719.204	1614.78
-31608.0	7810.0	717.998	1637.26
-31608.0	7810.0	716.791	1651.44
-31608.0	7810.0	715.585	1582.75
-31608.0	7810.0	714.378	1812.35
-31608.0	7810.0	713.17	1722.95
-31608.0	7810.0	711.963	1670.85
-31608.0	7810.0	710.755	1620.84
-31608.0	7810.0	709.547	1676.4
-31608.0	7810.0	708.339	1671.94
-31608.0	7810.0	707.131	1712.98
-31608.0	7810.0	705.922	1660.94
-31608.0	7810.0	704.713	1644.07
-31608.0	7810.0	703.504	1652.01
-31608.0	7810.0	702.295	1672.36
-31608.0	7810.0	701.085	1643.1
-31608.0	7810.0	699.875	1667.57
-31608.0	7810.0	698.665	1692.03
-31608.0	7810.0	697.455	1644.19
-31608.0	7810.0	696.244	1676.91
-31608.0	7810.0	695.034	1722.0
-31608.0	7810.0	693.822	1731.98
-31608.0	7810.0	692.611	1715.13
-31608.0	7810.0	691.4	1743.68
-31608.0	7810.0	690.188	1675.26
-31608.0	7810.0	688.976	1695.55
-31608.0	7810.0	687.764	1670.47
-31608.0	7810.0	686.551	1709.31
-31608.0	7810.0	685.339	1748.15
-31608.0	7810.0	684.126	1741.62
-31608.0	7810.0	682.912	1718.6
-31608.0	7810.0	681.699	1736.81
-31608.0	7810.0	680.485	1724.1
-31608.0	7810.0	679.271	1717.58
-31608.0	7810.0	678.057	1791.37
-31608.0	7810.0	676.843	1753.96
-31608.0	7810.0	675.628	1765.96
-31608.0	7810.0	674.413	1790.3
-31608.0	7810.0	673.198	1771.43
-31608.0	7810.0	671.983	1797.82
-31608.0	7810.0	670.767	1766.62
-31608.0	7810.0	669.551	1790.94
-31608.0	7810.0	668.335	1825.53
-31608.0	7810.0	667.119	1802.56
-31608.0	7810.0	665.902	1765.21
-31608.0	7810.0	664.686	1822.39
-31608.0	7810.0	663.469	1840.52
-31608.0	7810.0	662.251	1803.18
-31608.0	7810.0	661.034	1784.34
-31608.0	7810.0	659.816	1744.98
-31608.0	7810.0	658.598	1806.21
-31608.0	7810.0	657.38	1777.12
-31608.0	7810.0	656.161	1826.01
-31608.0	7810.0	654.942	1731.28
-31608.0	7810.0	653.723	1800.67
-31608.0	7810.0	652.504	1785.96
-31608.0	7810.0	651.285	1791.75
-31608.0	7810.0	650.065	1760.65
-31608.0	7810.0	648.845	1840.22
-31608.0	7810.0	647.625	1757.9
-31608.0	7810.0	646.404	1870.21
-31608.0	7810.0	645.184	1773.58
-31608.0	7810.0	643.963	1851.03
-31608.0	7810.0	642.742	1830.19
-31608.0	7810.0	641.52	1795.03
-31608.0	7810.0	640.298	1874.48
-31608.0	7810.0	639.076	1790.22
-31608.0	7810.0	637.854	1849.18
-31608.0	7810.0	636.632	1856.99
-31608.0	7810.0	635.409	1813.68
-31608.0	7810.0	634.186	1790.83
-31608.0	7810.0	632.963	1770.03
-31608.0	7810.0	631.74	1804.42
-31608.0	7810.0	630.516	1857.18
-31608.0	7810.0	629.292	1883.36
-31608.0	7810.0	628.068	1921.78
-31608.0	7810.0	626.844	1827.47
-31608.0	7810.0	625.619	1865.89
-31608.0	7810.0	624.394	1847.15
-31608.0	7810.0	623.169	1848.82
-31608.0	7810.0	621.944	1856.61
-31608.0	7810.0	620.718	1860.31
-31608.0	7810.0	619.492	1847.7
-31608.0	7810.0	618.266	1775.97
-31608.0	7810.0	617.04	1861.23
-31608.0	7810.0	615.813	1820.09
-31608.0	7810.0	614.587	1880.86
-31608.0	7810.0	613.36	1876.4
-31608.0	7810.0	612.132	1839.36
-31608.0	7810.0	610.905	1828.81
-31608.0	7810.0	609.677	1818.26
-31608.0	7810.0	608.449	1842.32
-31608.0	7810.0	607.22	1835.84
-31608.0	7810.0	605.992	1811.05
-31608.0	7810.0	604.763	1800.52
-31608.0	7810.0	603.534	1822.53
-31608.0	7810.0	602.305	1801.82
-31608.0	7810.0	601.075	1831.96
-31608.0	7810.0	599.845	1762.47
-31608.0	7810.0	598.615	1792.6
-31608.0	7810.0	597.385	1806.46
-31608.0	7810.0	596.154	1791.88
-31608.0	7810.0	594.924	1852.45
-31608.0	7810.0	593.693	1813.49
-31608.0	7810.0	592.461	1886.22
-31608.0	7810.0	591.23	1859.44
-31608.0	7810.0	589.998	1826.59
-31608.0	7810.0	588.766	1812.02
-31608.0	7810.0	587.534	1821.8
-31608.0	7810.0	586.301	1815.34
-31608.0	7810.0	585.068	1849.45
-31608.0	7810.0	583.835	1830.83
-31608.0	7810.0	582.602	1777.75
-31608.0	7810.0	581.368	1781.44
-31608.0	7810.0	580.134	1783.11
-31608.0	7810.0	578.9	1764.51
-31608.0	7810.0	577.666	1790.49
-31608.0	7810.0	576.432	1856.95
-31608.0	7810.0	575.197	1810.0
-31608.0	7810.0	573.962	1791.42
-31608.0	7810.0	572.726	1774.86
-31608.0	7810.0	571.491	1847.34
-31608.0	7810.0	570.255	1855.06
-31608.0	7810.0	569.019	1806.14
-31608.0	7810.0	567.783	1795.66
-31608.0	7810.0	566.546	1876.17
-31608.0	7810.0	565.309	1803.02
-31608.0	7810.0	564.072	1863.28
-31608.0	7810.0	562.835	1846.73
-31608.0	7810.0	561.597	1933.22
-31608.0	7810.0	560.359	1967.16
-31608.0	7810.0	559.121	1984.93
-31608.0	7810.0	557.883	1986.55
-31608.0	7810.0	556.644	1897.33
-31608.0	7810.0	555.406	1951.43
-31608.0	7810.0	554.167	1920.77
-31608.0	7810.0	552.927	1960.72
-31608.0	7810.0	551.688	2075.27
-31608.0	7810.0	550.448	2066.78
-31608.0	7810.0	549.208	2108.7
-31608.0	7810.0	547.967	2132.45
-31608.0	7810.0	546.727	2093.73
-31608.0	7810.0	545.486	2067.11
-31608.0	7810.0	544.245	2207.69
-31608.0	7810.0	543.003	2267.65
-31608.0	7810.0	541.762	2224.9
-31608.0	7810.0	540.52	2292.89
-31608.0	7810.0	539.278	2316.57
-31608.0	7810.0	538.035	2458.97
-31608.0	7810.0	536.793	2557.05
-31608.0	7810.0	535.55	2731.52
-31608.0	7810.0	534.307	2813.41
-31608.0	7810.0	533.063	3031.98
-31608.0	7810.0	531.82	3334.9
-31608.0	7810.0	530.576	3679.9
-31608.0	7810.0	529.331	4235.73
-31608.0	7810.0	528.087	4759.2
-31608.0	7810.0	526.842	5957.32
-31608.0	7810.0	525.597	7640.91
-31608.0	7810.0	524.352	9982.34
-31608.0	7810.0	523.107	14149.4
-31608.0	7810.0	521.861	20412.0
-31608.0	7810.0	520.615	24033.5
-31608.0	7810.0	519.369	21354.5
-31608.0	7810.0	518.122	18117.0
-31608.0	7810.0	516.876	15109.4
-31608.0	7810.0	515.629	12642.4
-31608.0	7810.0	514.381	10918.0
-31608.0	7810.0	513.134	9350.64
-31608.0	7810.0	511.886	8473.15
-31608.0	7810.0	510.638	7752.26
-31608.0	7810.0	509.39	7165.86
-31608.0	7810.0	508.141	6633.76
-31608.0	7810.0	506.892	6248.02
-31608.0	7810.0	505.643	5922.49
-31608.0	7810.0	504.394	5649.12
-31608.0	7810.0	503.145	5619.94
-31608.0	7810.0	501.895	5332.74
-31608.0	7810.0	500.645	5365.64
-31608.0	7810.0	499.394	5080.6
-31608.0	7810.0	498.144	5041.57
-31608.0	7810.0	496.893	4972.58
-31608.0	7810.0	495.642	4893.62
-31608.0	7810.0	494.39	4744.77
-31608.0	7810.0	493.139	4633.93
-31608.0	7810.0	491.887	4413.31
-31608.0	7810.0	490.635	4336.52
-31608.0	7810.0	489.382	4259.77
-31608.0	7810.0	488.13	4143.14
-31608.0	7810.0	486.877	4056.48
-31608.0	7810.0	485.623	4009.76
-31608.0	7810.0	484.37	3879.29
-31608.0	7810.0	483.116	3928.33
-31608.0	7810.0	481.862	3805.91
-31608.0	7810.0	480.608	3717.41
-31608.0	7810.0	479.354	3756.5
-31608.0	7810.0	478.099	3739.78
-31608.0	7810.0	476.844	3711.12
-31608.0	7810.0	475.588	3592.84
-31608.0	7810.0	474.333	3673.73
-31608.0	7810.0	473.077	3563.48
-31608.0	7810.0	471.821	3505.02
-31608.0	7810.0	470.565	3550.06
-31608.0	7810.0	469.308	3320.52
-31608.0	7810.0	468.051	3387.46
-31608.0	7810.0	466.794	3436.48
-31608.0	7810.0	465.537	3368.16
-31608.0	7810.0	464.279	3323.73
-31608.0	7810.0	463.021	3215.71
-31608.0	7810.0	461.763	3209.08
-31608.0	7810.0	460.505	3208.41
-31608.0	7810.0	459.246	3092.55
-31608.0	7810.0	457.987	3030.34
-31608.0	7810.0	456.728	3154.79
-31608.0	7810.0	455.469	2999.3
-31608.0	7810.0	454.209	2966.93
-31608.0	7810.0	452.949	2950.43
-31608.0	7810.0	451.689	2866.5
-31608.0	7810.0	450.428	2984.9
-31608.0	7810.0	449.167	2916.86
-31608.0	7810.0	447.906	2848.85
-31608.0	7810.0	446.645	2860.15
-31608.0	7810.0	445.383	2845.68
-31608.0	7810.0	444.122	2831.21
-31608.0	7810.0	442.86	2723.66
-31608.0	7810.0	441.597	2772.6
-31608.0	7810.0	440.335	2787.86
-31608.0	7810.0	439.072	2749.67
-31608.0	7810.0	437.809	2790.65
-31608.0	7810.0	436.545	2728.73
-31608.0	7810.0	435.281	2692.55
-31608.0	7810.0	434.018	2743.41
-31608.0	7810.0	432.753	2804.14
-31608.0	7810.0	431.489	2744.24
-31608.0	7810.0	430.224	2706.11
-31608.0	7810.0	428.959	2719.38
-31608.0	7810.0	427.694	2681.27
-31608.0	7810.0	426.428	2704.41
-31608.0	7810.0	425.163	2691.99
-31608.0	7810.0	423.896	2657.86
-31608.0	7810.0	422.63	2574.39
-31608.0	7810.0	421.364	2692.27
-31608.0	7810.0	420.097	2679.87
-31608.0	7810.0	418.83	2661.55
-31608.0	7810.0	417.562	2599.84
-31608.0	7810.0	416.295	2622.96
-31608.0	7810.0	415.027	2653.96
-31608.0	7810.0	413.758	2556.81
-31608.0	7810.0	412.49	2526.71
-31608.0	7810.0	411.221	2567.56
-31608.0	7810.0	409.952	2531.56
-31608.0	7810.0	408.683	2534.97
-31608.0	7810.0	407.414	2554.13
-31608.0	7810.0	406.144	2547.68
-31608.0	7810.0	404.874	2505.81
-31608.0	7810.0	403.603	2495.44
-31608.0	7810.0	402.333	2550.01
-31608.0	7810.0	401.062	2553.41
-31608.0	7810.0	399.791	2543.04
-31608.0	7810.0	398.519	2485.48
-31608.0	7810.0	397.248	2520.34
-31608.0	7810.0	395.976	2423.5
-31608.0	7810.0	394.704	2478.01
-31608.0	7810.0	393.431	2465.7
-31608.0	7810.0	392.159	2649.83
-31608.0	7810.0	390.886	2498.05
-31608.0	7810.0	389.612	2442.55
-31608.0	7810.0	388.339	2449.89
-31608.0	7810.0	387.065	2496.47
-31608.0	7810.0	385.791	2541.08
-31608.0	7810.0	384.517	2467.96
-31608.0	7810.0	383.242	2396.82
-31608.0	7810.0	381.967	2478.68
-31608.0	7810.0	380.692	2507.57
-31608.0	7810.0	379.417	2456.07
-31608.0	7810.0	378.141	2502.59
-31608.0	7810.0	376.865	2486.39
-31608.0	7810.0	375.589	2425.13
-31608.0	7810.0	374.312	2504.92
-31608.0	7810.0	373.035	2467.19
-31608.0	7810.0	371.758	2488.2
-31608.0	7810.0	370.481	2434.83
-31608.0	7810.0	369.204	2410.83
-31608.0	7810.0	367.926	2480.75
-31608.0	7810.0	366.648	2382.43
-31608.0	7810.0	365.369	2466.02
-31608.0	7810.0	364.091	2504.6
-31608.0	7810.0	362.812	2451.29
-31608.0	7810.0	361.532	2405.82
-31608.0	7810.0	360.253	2368.19
-31608.0	7810.0	358.973	2459.5
-31608.0	7810.0	357.693	2494.14
-31608.0	7810.0	356.413	2532.66
-31608.0	7810.0	355.132	2467.7
-31608.0	7810.0	353.852	2515.98
-31608.0	7810.0	352.571	2427.63
-31608.0	7810.0	351.289	2460.28
-31608.0	7810.0	350.008	2430.5
-31608.0	7810.0	348.726	2486.54
-31608.0	7810.0	347.444	2468.47
-31608.0	7810.0	346.161	2497.18
-31608.0	7810.0	344.878	2516.14
-31608.0	7810.0	343.595	2515.61
-31608.0	7810.0	342.312	2480.01
-31608.0	7810.0	341.029	2534.02
-31608.0	7810.0	339.745	2502.33
-31608.0	7810.0	338.461	2453.12
-31608.0	7810.0	337.176	2534.35
-31608.0	7810.0	335.892	2549.39
-31608.0	7810.0	334.607	2581.92
-31608.0	7810.0	333.322	2561.92
-31608.0	7810.0	332.036	2553.6
-31608.0	7810.0	330.75	2603.61
-31608.0	7810.0	329.464	2550.57
-31608.0	7810.0	328.178	2637.49
-31608.0	7810.0	326.892	2568.92
-31608.0	7810.0	325.605	2535.34
-31608.0	7810.0	324.318	2606.67
-31608.0	7810.0	323.03	2611.94
-31608.0	7810.0	321.743	2586.15
-31608.0	7810.0	320.455	2674.89
-31608.0	7810.0	319.167	2612.22
-31608.0	7810.0	317.878	2633.0
-31608.0	7810.0	316.59	2675.12
-31608.0	7810.0	315.301	2693.95
-31608.0	7810.0	314.011	2722.46
-31608.0	7810.0	312.722	2690.86
-31608.0	7810.0	311.432	2636.02
-31608.0	7810.0	310.142	2664.52
-31608.0	7810.0	308.851	2706.58
-31608.0	7810.0	307.561	2690.51
-31608.0	7810.0	306.27	2707.36
-31608.0	7810.0	304.979	2718.4
-31608.0	7810.0	303.687	2903.66
-31608.0	7810.0	302.395	2804.34
-31608.0	7810.0	301.103	2865.66
-31608.0	7810.0	299.811	2739.3
-31608.0	7810.0	298.519	2804.48
-31608.0	7810.0	297.226	2742.0
-31608.0	7810.0	295.933	2714.35
-31608.0	7810.0	294.639	2721.5
-31608.0	7810.0	293.345	2608.84
-31608.0	7810.0	292.052	2644.99
-31608.0	7810.0	290.757	2642.49
-31608.0	7810.0	289.463	2595.58
-31608.0	7810.0	288.168	2656.81
-31608.0	7810.0	286.873	2690.99
-31608.0	7810.0	285.578	2547.6
-31608.0	7810.0	284.282	2614.59
-31608.0	7810.0	282.986	2664.19
-31608.0	7810.0	281.69	2584.54
-31608.0	7810.0	280.393	2591.7
-31608.0	7810.0	279.097	2579.58
-31608.0	7810.0	277.8	2552.04
-31608.0	7810.0	276.502	2568.84
-31608.0	7810.0	275.205	2558.66
-31608.0	7810.0	273.907	2444.46
-31608.0	7810.0	272.609	2436.23
-31608.0	7810.0	271.311	2414.53
-31608.0	7810.0	270.012	2423.64
-31608.0	7810.0	268.713	2438.52
-31608.0	7810.0	267.414	2418.76
-31608.0	7810.0	266.114	2404.77
-31608.0	7810.0	264.814	2363.87
-31608.0	7810.0	263.514	2332.59
-31608.0	7810.0	262.214	2376.31
-31608.0	7810.0	260.913	2416.17
-31608.0	7810.0	259.613	2438.71
-31608.0	7810.0	258.311	2369.02
-31608.0	7810.0	257.01	2358.91
-31608.0	7810.0	255.708	2237.41
-31608.0	7810.0	254.406	2286.86
-31608.0	7810.0	253.104	2247.97
-31608.0	7810.0	251.801	2297.39
-31608.0	7810.0	250.499	2279.63
-31608.0	7810.0	249.195	2259.96
-31608.0	7810.0	247.892	2200.01
-31608.0	7810.0	246.588	2272.41
-31608.0	7810.0	245.284	2289.18
-31608.0	7810.0	243.98	2212.02
-31608.0	7810.0	242.676	2159.8
-31608.0	7810.0	241.371	2186.16
-31608.0	7810.0	240.066	2191.44
-31608.0	7810.0	238.76	2231.19
-31608.0	7810.0	237.455	2177.09
-31608.0	7810.0	236.149	2134.51
-31608.0	7810.0	234.843	2124.48
-31608.0	7810.0	233.536	2120.2
-31608.0	7810.0	232.229	2171.4
-31608.0	7810.0	230.922	2146.07
-31608.0	7810.0	229.615	2120.75
-31608.0	7810.0	228.307	2156.62
-31608.0	7810.0	227.0	2173.36
-31608.0	7810.0	225.691	2119.38
-31608.0	7810.0	224.383	2132.3
-31608.0	7810.0	223.074	2068.8
-31608.0	7810.0	221.765	2100.83
-31608.0	7810.0	220.456	2121.38
-31608.0	7810.0	219.146	2115.2
-31608.0	7810.0	217.836	2076.57
-31608.0	7810.0	216.526	2129.55
-31608.0	7810.0	215.216	2079.49
-31608.0	7810.0	213.905	2038.99
-31608.0	7810.0	212.594	2076.69
-31608.0	7810.0	211.283	2112.47
-31608.0	7810.0	209.971	2113.92
-31608.0	7810.0	208.66	2090.6
-31608.0	7810.0	207.348	2124.45
-31608.0	7810.0	206.035	2122.08
-31608.0	7810.0	204.722	2125.44
-31608.0	7810.0	203.409	2124.98
-31608.0	7810.0	202.096	2080.74
-31608.0	7810.0	200.783	2154.52
-31608.0	7810.0	199.469	2205.43
-31608.0	7810.0	198.155	2223.98
-31608.0	7810.0	196.84	2168.34
-31608.0	7810.0	195.526	2122.24
-31608.0	7810.0	194.211	2178.82
-31608.0	7810.0	192.896	2182.15
-31608.0	7810.0	191.58	2358.42
-31608.0	7810.0	190.264	2257.21
-31608.0	7810.0	188.948	2239.63
-31608.0	7810.0	187.632	2184.07
-31608.0	7810.0	186.315	2227.27
-31608.0	7810.0	184.998	2272.35
-31608.0	7810.0	183.681	2218.72
-31608.0	7810.0	182.364	2311.22
-31608.0	7810.0	181.046	2327.8
-31608.0	7810.0	179.728	2283.67
-31608.0	7810.0	178.41	2277.49
-31608.0	7810.0	177.091	2278.9
-31608.0	7810.0	175.772	2223.44
-31608.0	7810.0	174.453	2234.33
-31608.0	7810.0	173.133	2288.79
-31608.0	7810.0	171.814	2282.62
-31608.0	7810.0	170.494	2302.96
-31608.0	7810.0	169.173	2336.54
-31608.0	7810.0	167.853	2279.25
-31608.0	7810.0	166.532	2261.72
-31608.0	7810.0	165.211	2344.49
-31608.0	7810.0	163.889	2353.45
-31608.0	7810.0	162.567	2411.58
-31608.0	7810.0	161.245	2346.76
-31608.0	7810.0	159.923	2291.43
-31608.0	7810.0	158.6	2336.3
-31608.0	7810.0	157.278	2381.15
-31608.0	7810.0	155.954	2407.09
-31608.0	7810.0	154.631	2433.01
-31608.0	7810.0	153.307	2415.49
-31608.0	7810.0	151.983	2380.98
-31608.0	7810.0	150.659	2382.36
-31608.0	7810.0	149.334	2419.59
-31608.0	7810.0	148.009	2371.89
-31608.0	7810.0	146.684	2384.59
-31608.0	7810.0	145.359	2472.72
-31608.0	7810.0	144.033	2360.93
-31608.0	7810.0	142.707	2339.68
-31608.0	7810.0	141.381	2380.65
-31608.0	7810.0	140.054	2393.32
-31608.0	7810.0	138.727	2426.72
-31608.0	7810.0	137.4	2441.27
-31608.0	7810.0	136.072	2453.92
-31608.0	7810.0	134.745	2363.02
-31608.0	7810.0	133.417	2403.92
-31608.0	7810.0	132.088	2371.41
-31608.0	7810.0	130.76	2369.01
-31608.0	7810.0	129.431	2394.84
-31608.0	7810.0	128.102	2399.96
-31608.0	7810.0	126.772	2410.73
-31608.0	7810.0	125.442	2410.21
-31608.0	7810.0	124.112	2390.89
-31608.0	7810.0	122.782	2386.62
-31608.0	7810.0	121.451	2342.89
-31608.0	7810.0	120.12	2265.37
-31608.0	7810.0	118.789	2311.83
-31608.0	7810.0	117.458	2281.29
-31608.0	7810.0	116.126	2314.58
-31608.0	7810.0	114.794	2323.47
-31608.0	7810.0	113.462	2264.8
-31608.0	7810.0	112.129	2322.46
-31608.0	7810.0	110.796	2284.45
-31608.0	7810.0	109.463	2222.08
-31608.0	7810.0	108.129	2268.47
-31608.0	7810.0	106.796	2228.61
-31608.0	7810.0	105.461	2207.52
-31608.0	7810.0	104.127	2156.46
-31608.0	7810.0	102.792	2097.92
-31608.0	7810.0	101.457	2003.83
-31608.0	7810.0	100.122	1964.08
-31608.0	7810.0	98.7867	1885.04
-31608.0	7810.0	97.4509	1905.22
-31608.0	7810.0	96.1148	1899.19
-31608.0	7810.0	94.7784	1911.88
-31608.0	7810.0	93.4418	1877.8
-31608.0	7810.0	92.1048	1843.73
-31608.0	7810.0	90.7676	1820.9
-31608.0	7810.0	89.43	1788.73
-31608.0	7810.0	88.0922	1821.98
-31608.0	7810.0	86.7541	1789.83
-31608.0	7810.0	85.4157	1793.18
