-31606.0	7800.0	1311.89	1892.04
-31606.0	7800.0	1310.78	1946.25
-31606.0	7800.0	1309.68	1927.77
-31606.0	7800.0	1308.58	1916.11
-31606.0	7800.0	1307.48	1902.18
-31606.0	7800.0	1306.38	1938.19
-31606.0	7800.0	1305.28	1931.08
-31606.0	7800.0	1304.18	1971.61
-31606.0	7800.0	1303.07	1914.58
-31606.0	7800.0	1301.97	1877.98
-31606.0	7800.0	1300.87	1904.89
-31606.0	7800.0	1299.77	1888.72
-31606.0	7800.0	1298.66	1970.03
-31606.0	7800.0	1297.56	2069.44
-31606.0	7800.0	1296.46	1930.87
-31606.0	7800.0	1295.35	1937.35
-31606.0	7800.0	1294.25	1971.03
-31606.0	7800.0	1293.15	1982.04
-31606.0	7800.0	1292.04	1981.72
-31606.0	7800.0	1290.94	1942.9
-31606.0	7800.0	1289.83	1967.49
-31606.0	7800.0	1288.73	1899.27
-31606.0	7800.0	1287.63	1973.65
-31606.0	7800.0	1286.52	1948.44
-31606.0	7800.0	1285.42	1873.46
-31606.0	7800.0	1284.31	1911.62
-31606.0	7800.0	1283.21	1920.35
-31606.0	7800.0	1282.1	1922.31
-31606.0	7800.0	1280.99	1951.39
-31606.0	7800.0	1279.89	1851.6
-31606.0	7800.0	1278.78	1867.12
-31606.0	7800.0	1277.68	1939.15
-31606.0	7800.0	1276.57	1920.75
-31606.0	7800.0	1275.46	1909.15
-31606.0	7800.0	1274.36	1906.58
-31606.0	7800.0	1273.25	1931.12
-31606.0	7800.0	1272.14	1955.64
-31606.0	7800.0	1271.04	1982.42
-31606.0	7800.0	1269.93	1961.78
-31606.0	7800.0	1268.82	1927.61
-31606.0	7800.0	1267.71	1927.29
-31606.0	7800.0	1266.61	1861.55
-31606.0	7800.0	1265.5	1861.24
-31606.0	7800.0	1264.39	1948.91
-31606.0	7800.0	1263.28	1910.26
-31606.0	7800.0	1262.17	1864.85
-31606.0	7800.0	1261.06	1869.05
-31606.0	7800.0	1259.95	1859.73
-31606.0	7800.0	1258.84	1850.41
-31606.0	7800.0	1257.74	1877.15
-31606.0	7800.0	1256.63	1933.18
-31606.0	7800.0	1255.52	1874.29
-31606.0	7800.0	1254.41	1943.81
-31606.0	7800.0	1253.3	1972.77
-31606.0	7800.0	1252.19	1913.9
-31606.0	7800.0	1251.08	1877.57
-31606.0	7800.0	1249.96	1960.55
-31606.0	7800.0	1248.85	1843.2
-31606.0	7800.0	1247.74	1820.4
-31606.0	7800.0	1246.63	1853.85
-31606.0	7800.0	1245.52	1837.8
-31606.0	7800.0	1244.41	1826.25
-31606.0	7800.0	1243.3	1855.18
-31606.0	7800.0	1242.18	1956.06
-31606.0	7800.0	1241.07	1868.07
-31606.0	7800.0	1239.96	1928.44
-31606.0	7800.0	1238.85	1869.7
-31606.0	7800.0	1237.74	1898.6
-31606.0	7800.0	1236.62	1864.59
-31606.0	7800.0	1235.51	1886.75
-31606.0	7800.0	1234.4	1823.56
-31606.0	7800.0	1233.28	1859.19
-31606.0	7800.0	1232.17	1847.65
-31606.0	7800.0	1231.06	1836.13
-31606.0	7800.0	1229.94	1793.18
-31606.0	7800.0	1228.83	1813.08
-31606.0	7800.0	1227.71	1886.82
-31606.0	7800.0	1226.6	1906.7
-31606.0	7800.0	1225.48	1868.26
-31606.0	7800.0	1224.37	1814.13
-31606.0	7800.0	1223.25	1856.43
-31606.0	7800.0	1222.14	1927.86
-31606.0	7800.0	1221.02	1835.65
-31606.0	7800.0	1219.91	1824.14
-31606.0	7800.0	1218.79	1828.32
-31606.0	7800.0	1217.68	1863.86
-31606.0	7800.0	1216.56	1751.56
-31606.0	7800.0	1215.44	1892.36
-31606.0	7800.0	1214.33	1840.55
-31606.0	7800.0	1213.21	1842.48
-31606.0	7800.0	1212.09	1804.13
-31606.0	7800.0	1210.98	1817.25
-31606.0	7800.0	1209.86	1816.95
-31606.0	7800.0	1208.74	1834.55
-31606.0	7800.0	1207.62	1881.22
-31606.0	7800.0	1206.51	1871.96
-31606.0	7800.0	1205.39	1804.57
-31606.0	7800.0	1204.27	1851.22
-31606.0	7800.0	1203.15	1848.68
-31606.0	7800.0	1202.03	1857.31
-31606.0	7800.0	1200.91	1863.71
-31606.0	7800.0	1199.8	1774.02
-31606.0	7800.0	1198.68	1834.05
-31606.0	7800.0	1197.56	1831.51
-31606.0	7800.0	1196.44	1824.5
-31606.0	7800.0	1195.32	1875.55
-31606.0	7800.0	1194.2	1772.55
-31606.0	7800.0	1193.08	1756.63
-31606.0	7800.0	1191.96	1816.59
-31606.0	7800.0	1190.84	1827.45
-31606.0	7800.0	1189.72	1860.6
-31606.0	7800.0	1188.6	1806.76
-31606.0	7800.0	1187.48	1824.3
-31606.0	7800.0	1186.35	1859.67
-31606.0	7800.0	1185.23	1837.07
-31606.0	7800.0	1184.11	1865.74
-31606.0	7800.0	1182.99	1805.25
-31606.0	7800.0	1181.87	1767.07
-31606.0	7800.0	1180.75	1786.82
-31606.0	7800.0	1179.62	1793.21
-31606.0	7800.0	1178.5	1888.68
-31606.0	7800.0	1177.38	1799.29
-31606.0	7800.0	1176.26	1916.99
-31606.0	7800.0	1175.13	1838.75
-31606.0	7800.0	1174.01	1809.51
-31606.0	7800.0	1172.89	1802.53
-31606.0	7800.0	1171.76	1877.88
-31606.0	7800.0	1170.64	1808.6
-31606.0	7800.0	1169.51	1801.62
-31606.0	7800.0	1168.39	1850.24
-31606.0	7800.0	1167.27	1818.8
-31606.0	7800.0	1166.14	1711.79
-31606.0	7800.0	1165.02	1862.65
-31606.0	7800.0	1163.89	1820.11
-31606.0	7800.0	1162.77	1806.47
-31606.0	7800.0	1161.64	1743.96
-31606.0	7800.0	1160.52	1852.5
-31606.0	7800.0	1159.39	1765.58
-31606.0	7800.0	1158.26	1780.82
-31606.0	7800.0	1157.14	1740.56
-31606.0	7800.0	1156.01	1784.66
-31606.0	7800.0	1154.88	1804.33
-31606.0	7800.0	1153.76	1812.91
-31606.0	7800.0	1152.63	1777.1
-31606.0	7800.0	1151.5	1754.62
-31606.0	7800.0	1150.38	1745.45
-31606.0	7800.0	1149.25	1760.68
-31606.0	7800.0	1148.12	1786.98
-31606.0	7800.0	1146.99	1755.65
-31606.0	7800.0	1145.87	1744.27
-31606.0	7800.0	1144.74	1766.13
-31606.0	7800.0	1143.61	1712.66
-31606.0	7800.0	1142.48	1705.72
-31606.0	7800.0	1141.35	1767.45
-31606.0	7800.0	1140.22	1795.93
-31606.0	7800.0	1139.09	1704.85
-31606.0	7800.0	1137.97	1846.24
-31606.0	7800.0	1136.84	1845.93
-31606.0	7800.0	1135.71	1834.55
-31606.0	7800.0	1134.58	1792.19
-31606.0	7800.0	1133.45	1780.83
-31606.0	7800.0	1132.32	1745.14
-31606.0	7800.0	1131.19	1766.95
-31606.0	7800.0	1130.05	1771.07
-31606.0	7800.0	1128.92	1823.83
-31606.0	7800.0	1127.79	1792.57
-31606.0	7800.0	1126.66	1772.38
-31606.0	7800.0	1125.53	1772.07
-31606.0	7800.0	1124.4	1754.1
-31606.0	7800.0	1123.27	1804.6
-31606.0	7800.0	1122.13	1744.66
-31606.0	7800.0	1121.0	1819.44
-31606.0	7800.0	1119.87	1746.27
-31606.0	7800.0	1118.74	1803.37
-31606.0	7800.0	1117.6	1783.19
-31606.0	7800.0	1116.47	1767.44
-31606.0	7800.0	1115.34	1789.2
-31606.0	7800.0	1114.2	1760.22
-31606.0	7800.0	1113.07	1748.89
-31606.0	7800.0	1111.94	1845.61
-31606.0	7800.0	1110.8	1827.66
-31606.0	7800.0	1109.67	1783.26
-31606.0	7800.0	1108.54	1734.47
-31606.0	7800.0	1107.4	1723.15
-31606.0	7800.0	1106.27	1645.74
-31606.0	7800.0	1105.13	1735.77
-31606.0	7800.0	1104.0	1755.3
-31606.0	7800.0	1102.86	1728.57
-31606.0	7800.0	1101.72	1688.64
-31606.0	7800.0	1100.59	1738.98
-31606.0	7800.0	1099.45	1758.49
-31606.0	7800.0	1098.32	1799.99
-31606.0	7800.0	1097.18	1746.88
-31606.0	7800.0	1096.04	1801.57
-31606.0	7800.0	1094.91	1779.27
-31606.0	7800.0	1093.77	1781.16
-31606.0	7800.0	1092.63	1833.62
-31606.0	7800.0	1091.5	1749.77
-31606.0	7800.0	1090.36	1832.98
-31606.0	7800.0	1089.22	1755.75
-31606.0	7800.0	1088.08	1746.66
-31606.0	7800.0	1086.95	1810.06
-31606.0	7800.0	1085.81	1759.23
-31606.0	7800.0	1084.67	1811.63
-31606.0	7800.0	1083.53	1780.58
-31606.0	7800.0	1082.39	1690.27
-31606.0	7800.0	1081.25	1668.03
-31606.0	7800.0	1080.11	1775.26
-31606.0	7800.0	1078.97	1781.54
-31606.0	7800.0	1077.83	1803.16
-31606.0	7800.0	1076.69	1789.69
-31606.0	7800.0	1075.55	1721.4
-31606.0	7800.0	1074.41	1764.95
-31606.0	7800.0	1073.27	1736.15
-31606.0	7800.0	1072.13	1713.93
-31606.0	7800.0	1070.99	1796.9
-31606.0	7800.0	1069.85	1713.33
-31606.0	7800.0	1068.71	1686.74
-31606.0	7800.0	1067.57	1706.16
-31606.0	7800.0	1066.43	1699.29
-31606.0	7800.0	1065.28	1712.13
-31606.0	7800.0	1064.14	1674.62
-31606.0	7800.0	1063.0	1713.72
-31606.0	7800.0	1061.86	1728.74
-31606.0	7800.0	1060.71	1785.32
-31606.0	7800.0	1059.57	1787.2
-31606.0	7800.0	1058.43	1736.58
-31606.0	7800.0	1057.29	1755.96
-31606.0	7800.0	1056.14	1742.53
-31606.0	7800.0	1055.0	1761.9
-31606.0	7800.0	1053.85	1741.92
-31606.0	7800.0	1052.71	1665.13
-31606.0	7800.0	1051.57	1763.16
-31606.0	7800.0	1050.42	1690.76
-31606.0	7800.0	1049.28	1648.97
-31606.0	7800.0	1048.13	1663.96
-31606.0	7800.0	1046.99	1617.82
-31606.0	7800.0	1045.84	1680.84
-31606.0	7800.0	1044.7	1715.47
-31606.0	7800.0	1043.55	1743.53
-31606.0	7800.0	1042.4	1712.68
-31606.0	7800.0	1041.26	1775.64
-31606.0	7800.0	1040.11	1709.9
-31606.0	7800.0	1038.97	1696.51
-31606.0	7800.0	1037.82	1715.83
-31606.0	7800.0	1036.67	1752.59
-31606.0	7800.0	1035.53	1771.9
-31606.0	7800.0	1034.38	1723.64
-31606.0	7800.0	1033.23	1760.38
-31606.0	7800.0	1032.08	1770.96
-31606.0	7800.0	1030.94	1714.02
-31606.0	7800.0	1029.79	1763.8
-31606.0	7800.0	1028.64	1741.71
-31606.0	7800.0	1027.49	1734.87
-31606.0	7800.0	1026.34	1773.74
-31606.0	7800.0	1025.19	1690.74
-31606.0	7800.0	1024.04	1755.71
-31606.0	7800.0	1022.89	1764.1
-31606.0	7800.0	1021.74	1779.01
-31606.0	7800.0	1020.59	1787.39
-31606.0	7800.0	1019.45	1726.2
-31606.0	7800.0	1018.29	1762.85
-31606.0	7800.0	1017.14	1771.23
-31606.0	7800.0	1015.99	1796.99
-31606.0	7800.0	1014.84	1811.87
-31606.0	7800.0	1013.69	1729.01
-31606.0	7800.0	1012.54	1778.65
-31606.0	7800.0	1011.39	1802.22
-31606.0	7800.0	1010.24	1797.56
-31606.0	7800.0	1009.09	1853.67
-31606.0	7800.0	1007.93	1809.94
-31606.0	7800.0	1006.78	1809.62
-31606.0	7800.0	1005.63	1887.39
-31606.0	7800.0	1004.48	1867.53
-31606.0	7800.0	1003.32	1839.01
-31606.0	7800.0	1002.17	1884.21
-31606.0	7800.0	1001.02	1851.36
-31606.0	7800.0	999.865	1872.7
-31606.0	7800.0	998.711	1818.19
-31606.0	7800.0	997.558	1804.86
-31606.0	7800.0	996.403	1880.36
-31606.0	7800.0	995.249	1862.7
-31606.0	7800.0	994.095	1868.86
-31606.0	7800.0	992.94	1944.31
-31606.0	7800.0	991.785	1972.1
-31606.0	7800.0	990.63	1887.33
-31606.0	7800.0	989.475	1861.03
-31606.0	7800.0	988.319	2027.29
-31606.0	7800.0	987.164	2072.35
-31606.0	7800.0	986.008	1966.0
-31606.0	7800.0	984.852	2024.04
-31606.0	7800.0	983.695	2062.59
-31606.0	7800.0	982.539	2068.7
-31606.0	7800.0	981.382	2057.52
-31606.0	7800.0	980.225	2078.76
-31606.0	7800.0	979.068	2037.34
-31606.0	7800.0	977.911	2045.61
-31606.0	7800.0	976.753	2043.08
-31606.0	7800.0	975.595	2044.87
-31606.0	7800.0	974.437	2098.48
-31606.0	7800.0	973.279	2048.45
-31606.0	7800.0	972.121	2108.51
-31606.0	7800.0	970.962	2075.76
-31606.0	7800.0	969.803	2086.18
-31606.0	7800.0	968.644	2122.47
-31606.0	7800.0	967.485	2085.42
-31606.0	7800.0	966.326	2044.08
-31606.0	7800.0	965.166	2097.6
-31606.0	7800.0	964.006	2123.09
-31606.0	7800.0	962.846	2070.98
-31606.0	7800.0	961.686	2072.76
-31606.0	7800.0	960.525	2143.48
-31606.0	7800.0	959.365	2153.86
-31606.0	7800.0	958.204	2091.01
-31606.0	7800.0	957.043	2187.52
-31606.0	7800.0	955.881	2148.38
-31606.0	7800.0	954.72	2096.33
-31606.0	7800.0	953.558	2214.31
-31606.0	7800.0	952.396	2056.84
-31606.0	7800.0	951.234	2129.61
-31606.0	7800.0	950.071	2116.32
-31606.0	7800.0	948.909	2158.94
-31606.0	7800.0	947.746	2205.84
-31606.0	7800.0	946.583	2177.5
-31606.0	7800.0	945.42	2181.4
-31606.0	7800.0	944.256	2105.79
-31606.0	7800.0	943.092	2184.9
-31606.0	7800.0	941.929	2165.17
-31606.0	7800.0	940.765	2166.92
-31606.0	7800.0	939.6	2211.62
-31606.0	7800.0	938.436	2129.63
-31606.0	7800.0	937.271	2101.34
-31606.0	7800.0	936.106	2079.5
-31606.0	7800.0	934.941	2094.14
-31606.0	7800.0	933.775	2102.33
-31606.0	7800.0	932.61	2074.07
-31606.0	7800.0	931.444	1968.61
-31606.0	7800.0	930.278	1955.38
-31606.0	7800.0	929.112	1970.03
-31606.0	7800.0	927.945	1924.66
-31606.0	7800.0	926.779	1902.88
-31606.0	7800.0	925.612	1956.09
-31606.0	7800.0	924.445	1917.17
-31606.0	7800.0	923.278	1888.98
-31606.0	7800.0	922.11	1862.94
-31606.0	7800.0	920.942	1804.79
-31606.0	7800.0	919.774	1922.19
-31606.0	7800.0	918.606	1844.79
-31606.0	7800.0	917.438	1921.48
-31606.0	7800.0	916.269	1835.55
-31606.0	7800.0	915.1	1796.71
-31606.0	7800.0	913.931	1755.75
-31606.0	7800.0	912.762	1783.22
-31606.0	7800.0	911.593	1763.65
-31606.0	7800.0	910.423	1806.08
-31606.0	7800.0	909.253	1792.92
-31606.0	7800.0	908.083	1790.45
-31606.0	7800.0	906.913	1758.08
-31606.0	7800.0	905.742	1738.53
-31606.0	7800.0	904.572	1706.18
-31606.0	7800.0	903.401	1699.46
-31606.0	7800.0	902.229	1720.49
-31606.0	7800.0	901.058	1705.23
-31606.0	7800.0	899.886	1756.13
-31606.0	7800.0	898.715	1736.6
-31606.0	7800.0	897.543	1717.09
-31606.0	7800.0	896.37	1774.35
-31606.0	7800.0	895.198	1776.15
-31606.0	7800.0	894.025	1771.56
-31606.0	7800.0	892.852	1766.97
-31606.0	7800.0	891.679	1768.77
-31606.0	7800.0	890.506	1719.44
-31606.0	7800.0	889.332	1693.55
-31606.0	7800.0	888.158	1757.13
-31606.0	7800.0	886.984	1748.29
-31606.0	7800.0	885.81	1718.16
-31606.0	7800.0	884.636	1788.08
-31606.0	7800.0	883.461	1732.42
-31606.0	7800.0	882.286	1657.62
-31606.0	7800.0	881.111	1678.58
-31606.0	7800.0	879.936	1750.59
-31606.0	7800.0	878.76	1752.39
-31606.0	7800.0	877.584	1730.8
-31606.0	7800.0	876.408	1696.47
-31606.0	7800.0	875.232	1721.66
-31606.0	7800.0	874.056	1704.33
-31606.0	7800.0	872.879	1725.26
-31606.0	7800.0	871.702	1673.96
-31606.0	7800.0	870.525	1756.48
-31606.0	7800.0	869.348	1705.18
-31606.0	7800.0	868.17	1673.02
-31606.0	7800.0	866.993	1700.3
-31606.0	7800.0	865.815	1693.61
-31606.0	7800.0	864.637	1680.57
-31606.0	7800.0	863.458	1667.52
-31606.0	7800.0	862.28	1656.6
-31606.0	7800.0	861.101	1666.9
-31606.0	7800.0	859.922	1664.46
-31606.0	7800.0	858.742	1657.79
-31606.0	7800.0	857.563	1695.63
-31606.0	7800.0	856.383	1705.91
-31606.0	7800.0	855.203	1678.04
-31606.0	7800.0	854.023	1724.33
-31606.0	7800.0	852.843	1755.78
-31606.0	7800.0	851.662	1622.04
-31606.0	7800.0	850.481	1636.56
-31606.0	7800.0	849.3	1670.12
-31606.0	7800.0	848.119	1671.92
-31606.0	7800.0	846.937	1665.26
-31606.0	7800.0	845.756	1628.98
-31606.0	7800.0	844.574	1706.93
-31606.0	7800.0	843.392	1662.2
-31606.0	7800.0	842.209	1725.32
-31606.0	7800.0	841.027	1760.93
-31606.0	7800.0	839.844	1682.39
-31606.0	7800.0	838.661	1677.85
-31606.0	7800.0	837.477	1745.14
-31606.0	7800.0	836.294	1687.78
-31606.0	7800.0	835.11	1719.14
-31606.0	7800.0	833.926	1761.04
-31606.0	7800.0	832.742	1701.6
-31606.0	7800.0	831.558	1701.28
-31606.0	7800.0	830.373	1713.62
-31606.0	7800.0	829.188	1641.55
-31606.0	7800.0	828.003	1700.31
-31606.0	7800.0	826.818	1695.77
-31606.0	7800.0	825.632	1682.79
-31606.0	7800.0	824.446	1707.78
-31606.0	7800.0	823.26	1694.8
-31606.0	7800.0	822.074	1700.81
-31606.0	7800.0	820.888	1698.37
-31606.0	7800.0	819.701	1681.2
-31606.0	7800.0	818.514	1676.67
-31606.0	7800.0	817.327	1714.25
-31606.0	7800.0	816.14	1753.93
-31606.0	7800.0	814.952	1751.49
-31606.0	7800.0	813.765	1666.97
-31606.0	7800.0	812.577	1683.49
-31606.0	7800.0	811.388	1666.34
-31606.0	7800.0	810.2	1619.74
-31606.0	7800.0	809.011	1709.87
-31606.0	7800.0	807.822	1650.66
-31606.0	7800.0	806.633	1698.7
-31606.0	7800.0	805.444	1696.28
-31606.0	7800.0	804.254	1658.13
-31606.0	7800.0	803.064	1685.12
-31606.0	7800.0	801.874	1630.18
-31606.0	7800.0	800.684	1623.57
-31606.0	7800.0	799.493	1766.06
-31606.0	7800.0	798.303	1738.42
-31606.0	7800.0	797.112	1683.51
-31606.0	7800.0	795.921	1693.68
-31606.0	7800.0	794.729	1716.44
-31606.0	7800.0	793.538	1722.41
-31606.0	7800.0	792.346	1749.34
-31606.0	7800.0	791.154	1681.9
-31606.0	7800.0	789.961	1710.93
-31606.0	7800.0	788.769	1746.24
-31606.0	7800.0	787.576	1676.74
-31606.0	7800.0	786.383	1707.85
-31606.0	7800.0	785.19	1644.67
-31606.0	7800.0	783.996	1688.34
-31606.0	7800.0	782.802	1602.15
-31606.0	7800.0	781.608	1635.35
-31606.0	7800.0	780.414	1658.06
-31606.0	7800.0	779.22	1651.46
-31606.0	7800.0	778.025	1638.59
-31606.0	7800.0	776.83	1657.1
-31606.0	7800.0	775.635	1673.52
-31606.0	7800.0	774.44	1610.45
-31606.0	7800.0	773.244	1660.33
-31606.0	7800.0	772.049	1685.1
-31606.0	7800.0	770.853	1716.13
-31606.0	7800.0	769.656	1690.72
-31606.0	7800.0	768.46	1677.85
-31606.0	7800.0	767.263	1669.17
-31606.0	7800.0	766.066	1658.41
-31606.0	7800.0	764.869	1618.41
-31606.0	7800.0	763.672	1655.68
-31606.0	7800.0	762.474	1711.72
-31606.0	7800.0	761.276	1586.16
-31606.0	7800.0	760.078	1625.5
-31606.0	7800.0	758.88	1689.86
-31606.0	7800.0	757.681	1685.36
-31606.0	7800.0	756.483	1747.6
-31606.0	7800.0	755.284	1688.88
-31606.0	7800.0	754.084	1694.81
-31606.0	7800.0	752.885	1692.39
-31606.0	7800.0	751.685	1592.04
-31606.0	7800.0	750.485	1650.07
-31606.0	7800.0	749.285	1637.25
-31606.0	7800.0	748.085	1666.09
-31606.0	7800.0	746.884	1609.55
-31606.0	7800.0	745.683	1709.16
-31606.0	7800.0	744.482	1646.39
-31606.0	7800.0	743.281	1621.09
-31606.0	7800.0	742.079	1641.58
-31606.0	7800.0	740.877	1689.11
-31606.0	7800.0	739.675	1622.23
-31606.0	7800.0	738.473	1626.07
-31606.0	7800.0	737.27	1596.65
-31606.0	7800.0	736.068	1625.44
-31606.0	7800.0	734.865	1685.39
-31606.0	7800.0	733.661	1691.29
-31606.0	7800.0	732.458	1663.95
-31606.0	7800.0	731.254	1630.4
-31606.0	7800.0	730.05	1679.92
-31606.0	7800.0	728.846	1679.59
-31606.0	7800.0	727.642	1650.2
-31606.0	7800.0	726.437	1672.71
-31606.0	7800.0	725.232	1655.78
-31606.0	7800.0	724.027	1665.83
-31606.0	7800.0	722.822	1692.47
-31606.0	7800.0	721.616	1611.26
-31606.0	7800.0	720.41	1646.19
-31606.0	7800.0	719.204	1685.25
-31606.0	7800.0	717.998	1670.42
-31606.0	7800.0	716.791	1659.73
-31606.0	7800.0	715.585	1725.7
-31606.0	7800.0	714.378	1878.63
-31606.0	7800.0	713.17	1673.25
-31606.0	7800.0	711.963	1643.93
-31606.0	7800.0	710.755	1635.33
-31606.0	7800.0	709.547	1655.71
-31606.0	7800.0	708.339	1647.1
-31606.0	7800.0	707.131	1686.09
-31606.0	7800.0	705.922	1683.69
-31606.0	7800.0	704.713	1679.22
-31606.0	7800.0	703.504	1732.65
-31606.0	7800.0	702.295	1701.3
-31606.0	7800.0	701.085	1707.17
-31606.0	7800.0	699.875	1688.23
-31606.0	7800.0	698.665	1679.64
-31606.0	7800.0	697.455	1751.6
-31606.0	7800.0	696.244	1722.34
-31606.0	7800.0	695.034	1686.9
-31606.0	7800.0	693.822	1727.86
-31606.0	7800.0	692.611	1721.32
-31606.0	7800.0	691.4	1729.24
-31606.0	7800.0	690.188	1718.58
-31606.0	7800.0	688.976	1660.49
-31606.0	7800.0	687.764	1635.41
-31606.0	7800.0	686.551	1826.84
-31606.0	7800.0	685.339	1727.53
-31606.0	7800.0	684.126	1753.98
-31606.0	7800.0	682.912	1794.85
-31606.0	7800.0	681.699	1767.71
-31606.0	7800.0	680.485	1759.12
-31606.0	7800.0	679.271	1738.18
-31606.0	7800.0	678.057	1727.54
-31606.0	7800.0	676.843	1766.31
-31606.0	7800.0	675.628	1751.55
-31606.0	7800.0	674.413	1784.13
-31606.0	7800.0	673.198	1861.96
-31606.0	7800.0	671.983	1775.2
-31606.0	7800.0	670.767	1756.33
-31606.0	7800.0	669.551	1809.45
-31606.0	7800.0	668.335	1759.75
-31606.0	7800.0	667.119	1796.39
-31606.0	7800.0	665.902	1763.16
-31606.0	7800.0	664.686	1771.03
-31606.0	7800.0	663.469	1854.89
-31606.0	7800.0	662.251	1823.72
-31606.0	7800.0	661.034	1825.41
-31606.0	7800.0	659.816	1757.3
-31606.0	7800.0	658.598	1771.32
-31606.0	7800.0	657.38	1770.96
-31606.0	7800.0	656.161	1856.78
-31606.0	7800.0	654.942	1842.05
-31606.0	7800.0	653.723	1794.52
-31606.0	7800.0	652.504	1814.66
-31606.0	7800.0	651.285	1806.1
-31606.0	7800.0	650.065	1799.59
-31606.0	7800.0	648.845	1762.35
-31606.0	7800.0	647.625	1778.38
-31606.0	7800.0	646.404	1823.1
-31606.0	7800.0	645.184	1880.08
-31606.0	7800.0	643.963	1801.89
-31606.0	7800.0	642.742	1809.72
-31606.0	7800.0	641.52	1803.22
-31606.0	7800.0	640.298	1837.64
-31606.0	7800.0	639.076	1822.95
-31606.0	7800.0	637.854	1836.91
-31606.0	7800.0	636.632	1865.17
-31606.0	7800.0	635.409	1844.35
-31606.0	7800.0	634.186	1841.94
-31606.0	7800.0	632.963	1784.34
-31606.0	7800.0	631.74	1855.5
-31606.0	7800.0	630.516	1867.39
-31606.0	7800.0	629.292	1760.8
-31606.0	7800.0	628.068	1811.5
-31606.0	7800.0	626.844	1845.85
-31606.0	7800.0	625.619	1872.02
-31606.0	7800.0	624.394	1912.46
-31606.0	7800.0	623.169	1871.26
-31606.0	7800.0	621.944	1907.61
-31606.0	7800.0	620.718	1864.39
-31606.0	7800.0	619.492	1819.15
-31606.0	7800.0	618.266	1849.37
-31606.0	7800.0	617.04	1838.8
-31606.0	7800.0	615.813	1860.85
-31606.0	7800.0	614.587	1882.9
-31606.0	7800.0	613.36	1823.43
-31606.0	7800.0	612.132	1845.47
-31606.0	7800.0	610.905	1863.43
-31606.0	7800.0	609.677	1887.49
-31606.0	7800.0	608.449	1821.96
-31606.0	7800.0	607.22	1872.48
-31606.0	7800.0	605.992	1843.61
-31606.0	7800.0	604.763	1890.03
-31606.0	7800.0	603.534	1844.9
-31606.0	7800.0	602.305	1864.87
-31606.0	7800.0	601.075	1868.56
-31606.0	7800.0	599.845	1825.49
-31606.0	7800.0	598.615	1853.57
-31606.0	7800.0	597.385	1841.01
-31606.0	7800.0	596.154	1862.98
-31606.0	7800.0	594.924	1925.57
-31606.0	7800.0	593.693	1815.52
-31606.0	7800.0	592.461	1835.46
-31606.0	7800.0	591.23	1831.02
-31606.0	7800.0	589.998	1846.89
-31606.0	7800.0	588.766	1822.17
-31606.0	7800.0	587.534	1789.34
-31606.0	7800.0	586.301	1843.74
-31606.0	7800.0	585.068	1833.23
-31606.0	7800.0	583.835	1840.96
-31606.0	7800.0	582.602	1852.75
-31606.0	7800.0	581.368	1805.76
-31606.0	7800.0	580.134	1837.82
-31606.0	7800.0	578.9	1843.52
-31606.0	7800.0	577.666	1814.79
-31606.0	7800.0	576.432	1763.8
-31606.0	7800.0	575.197	1757.36
-31606.0	7800.0	573.962	1789.39
-31606.0	7800.0	572.726	1774.86
-31606.0	7800.0	571.491	1798.78
-31606.0	7800.0	570.255	1784.26
-31606.0	7800.0	569.019	1840.52
-31606.0	7800.0	567.783	1874.53
-31606.0	7800.0	566.546	1855.95
-31606.0	7800.0	565.309	1821.21
-31606.0	7800.0	564.072	1837.0
-31606.0	7800.0	562.835	1903.31
-31606.0	7800.0	561.597	1892.82
-31606.0	7800.0	560.359	1938.88
-31606.0	7800.0	559.121	1912.24
-31606.0	7800.0	557.883	1881.57
-31606.0	7800.0	556.644	1911.46
-31606.0	7800.0	555.406	1927.21
-31606.0	7800.0	554.167	1949.01
-31606.0	7800.0	552.927	1986.94
-31606.0	7800.0	551.688	1990.57
-31606.0	7800.0	550.448	1986.13
-31606.0	7800.0	549.208	2098.62
-31606.0	7800.0	547.967	2090.12
-31606.0	7800.0	546.727	2075.59
-31606.0	7800.0	545.486	2105.39
-31606.0	7800.0	544.245	2090.86
-31606.0	7800.0	543.003	2189.11
-31606.0	7800.0	541.762	2194.7
-31606.0	7800.0	540.52	2246.59
-31606.0	7800.0	539.278	2330.66
-31606.0	7800.0	538.035	2523.36
-31606.0	7800.0	536.793	2549.0
-31606.0	7800.0	535.55	2715.42
-31606.0	7800.0	534.307	2915.97
-31606.0	7800.0	533.063	3017.91
-31606.0	7800.0	531.82	3326.86
-31606.0	7800.0	530.576	3651.76
-31606.0	7800.0	529.331	4185.5
-31606.0	7800.0	528.087	4803.4
-31606.0	7800.0	526.842	5870.95
-31606.0	7800.0	525.597	7504.36
-31606.0	7800.0	524.352	10076.7
-31606.0	7800.0	523.107	14149.4
-31606.0	7800.0	521.861	20839.5
-31606.0	7800.0	520.615	24051.6
-31606.0	7800.0	519.369	21352.5
-31606.0	7800.0	518.122	17904.4
-31606.0	7800.0	516.876	14850.8
-31606.0	7800.0	515.629	12652.4
-31606.0	7800.0	514.381	10719.6
-31606.0	7800.0	513.134	9330.6
-31606.0	7800.0	511.886	8417.05
-31606.0	7800.0	510.638	7592.01
-31606.0	7800.0	509.39	7037.68
-31606.0	7800.0	508.141	6529.64
-31606.0	7800.0	506.892	6244.02
-31606.0	7800.0	505.643	5886.46
-31606.0	7800.0	504.394	5611.09
-31606.0	7800.0	503.145	5483.89
-31606.0	7800.0	501.895	5262.73
-31606.0	7800.0	500.645	5203.65
-31606.0	7800.0	499.394	5074.61
-31606.0	7800.0	498.144	5059.56
-31606.0	7800.0	496.893	4924.61
-31606.0	7800.0	495.642	4813.69
-31606.0	7800.0	494.39	4790.72
-31606.0	7800.0	493.139	4556.03
-31606.0	7800.0	491.887	4435.27
-31606.0	7800.0	490.635	4354.49
-31606.0	7800.0	489.382	4237.82
-31606.0	7800.0	488.13	4157.11
-31606.0	7800.0	486.877	4118.34
-31606.0	7800.0	485.623	4085.56
-31606.0	7800.0	484.37	3907.21
-31606.0	7800.0	483.116	3888.45
-31606.0	7800.0	481.862	3861.73
-31606.0	7800.0	480.608	3731.37
-31606.0	7800.0	479.354	3766.46
-31606.0	7800.0	478.099	3687.98
-31606.0	7800.0	476.844	3687.21
-31606.0	7800.0	475.588	3632.67
-31606.0	7800.0	474.333	3556.25
-31606.0	7800.0	473.077	3517.69
-31606.0	7800.0	471.821	3487.1
-31606.0	7800.0	470.565	3406.78
-31606.0	7800.0	469.308	3356.34
-31606.0	7800.0	468.051	3419.29
-31606.0	7800.0	466.794	3329.09
-31606.0	7800.0	465.537	3356.23
-31606.0	7800.0	464.279	3262.1
-31606.0	7800.0	463.021	3168.01
-31606.0	7800.0	461.763	3224.98
-31606.0	7800.0	460.505	3190.53
-31606.0	7800.0	459.246	3158.09
-31606.0	7800.0	457.987	3113.75
-31606.0	7800.0	456.728	3117.07
-31606.0	7800.0	455.469	3027.09
-31606.0	7800.0	454.209	2949.06
-31606.0	7800.0	452.949	2831.39
-31606.0	7800.0	451.689	2836.75
-31606.0	7800.0	450.428	2941.27
-31606.0	7800.0	449.167	2891.08
-31606.0	7800.0	447.906	2848.85
-31606.0	7800.0	446.645	2844.29
-31606.0	7800.0	445.383	2887.29
-31606.0	7800.0	444.122	2868.86
-31606.0	7800.0	442.86	2785.06
-31606.0	7800.0	441.597	2792.4
-31606.0	7800.0	440.335	2791.82
-31606.0	7800.0	439.072	2814.99
-31606.0	7800.0	437.809	2701.59
-31606.0	7800.0	436.545	2752.47
-31606.0	7800.0	435.281	2761.79
-31606.0	7800.0	434.018	2695.94
-31606.0	7800.0	432.753	2709.22
-31606.0	7800.0	431.489	2688.88
-31606.0	7800.0	430.224	2650.76
-31606.0	7800.0	428.959	2646.25
-31606.0	7800.0	427.694	2590.37
-31606.0	7800.0	426.428	2605.64
-31606.0	7800.0	425.163	2656.44
-31606.0	7800.0	423.896	2618.37
-31606.0	7800.0	422.63	2588.2
-31606.0	7800.0	421.364	2625.16
-31606.0	7800.0	420.097	2638.43
-31606.0	7800.0	418.83	2592.5
-31606.0	7800.0	417.562	2580.12
-31606.0	7800.0	416.295	2595.35
-31606.0	7800.0	415.027	2519.88
-31606.0	7800.0	413.758	2596.24
-31606.0	7800.0	412.49	2495.17
-31606.0	7800.0	411.221	2569.53
-31606.0	7800.0	409.952	2533.53
-31606.0	7800.0	408.683	2491.63
-31606.0	7800.0	407.414	2465.51
-31606.0	7800.0	406.144	2463.02
-31606.0	7800.0	404.874	2478.25
-31606.0	7800.0	403.603	2471.83
-31606.0	7800.0	402.333	2494.92
-31606.0	7800.0	401.062	2472.75
-31606.0	7800.0	399.791	2487.97
-31606.0	7800.0	398.519	2511.04
-31606.0	7800.0	397.248	2484.96
-31606.0	7800.0	395.976	2478.54
-31606.0	7800.0	394.704	2468.19
-31606.0	7800.0	393.431	2577.69
-31606.0	7800.0	392.159	2496.61
-31606.0	7800.0	390.886	2492.16
-31606.0	7800.0	389.612	2434.69
-31606.0	7800.0	388.339	2416.51
-31606.0	7800.0	387.065	2419.93
-31606.0	7800.0	385.791	2521.46
-31606.0	7800.0	384.517	2497.38
-31606.0	7800.0	383.242	2418.4
-31606.0	7800.0	381.967	2408.08
-31606.0	7800.0	380.692	2478.16
-31606.0	7800.0	379.417	2448.23
-31606.0	7800.0	378.141	2573.14
-31606.0	7800.0	376.865	2466.79
-31606.0	7800.0	375.589	2464.31
-31606.0	7800.0	374.312	2424.62
-31606.0	7800.0	373.035	2510.27
-31606.0	7800.0	371.758	2415.77
-31606.0	7800.0	370.481	2438.74
-31606.0	7800.0	369.204	2455.84
-31606.0	7800.0	367.926	2517.93
-31606.0	7800.0	366.648	2431.33
-31606.0	7800.0	365.369	2438.64
-31606.0	7800.0	364.091	2506.55
-31606.0	7800.0	362.812	2496.25
-31606.0	7800.0	361.532	2501.58
-31606.0	7800.0	360.253	2428.76
-31606.0	7800.0	358.973	2463.41
-31606.0	7800.0	357.693	2515.62
-31606.0	7800.0	356.413	2460.41
-31606.0	7800.0	355.132	2528.22
-31606.0	7800.0	353.852	2488.65
-31606.0	7800.0	352.571	2474.46
-31606.0	7800.0	351.289	2491.5
-31606.0	7800.0	350.008	2533.88
-31606.0	7800.0	348.726	2490.44
-31606.0	7800.0	347.444	2523.06
-31606.0	7800.0	346.161	2495.23
-31606.0	7800.0	344.878	2525.89
-31606.0	7800.0	343.595	2463.0
-31606.0	7800.0	342.312	2518.97
-31606.0	7800.0	341.029	2497.01
-31606.0	7800.0	339.745	2414.7
-31606.0	7800.0	338.461	2552.41
-31606.0	7800.0	337.176	2532.41
-31606.0	7800.0	335.892	2557.17
-31606.0	7800.0	334.607	2644.18
-31606.0	7800.0	333.322	2616.39
-31606.0	7800.0	332.036	2516.64
-31606.0	7800.0	330.75	2560.83
-31606.0	7800.0	329.464	2482.53
-31606.0	7800.0	328.178	2598.62
-31606.0	7800.0	326.892	2592.23
-31606.0	7800.0	325.605	2615.0
-31606.0	7800.0	324.318	2631.92
-31606.0	7800.0	323.03	2608.06
-31606.0	7800.0	321.743	2601.68
-31606.0	7800.0	320.455	2748.65
-31606.0	7800.0	319.167	2608.34
-31606.0	7800.0	317.878	2611.66
-31606.0	7800.0	316.59	2657.66
-31606.0	7800.0	315.301	2697.83
-31606.0	7800.0	314.011	2705.01
-31606.0	7800.0	312.722	2644.33
-31606.0	7800.0	311.432	2682.54
-31606.0	7800.0	310.142	2705.22
-31606.0	7800.0	308.851	2712.39
-31606.0	7800.0	307.561	2702.13
-31606.0	7800.0	306.27	2808.07
-31606.0	7800.0	304.979	2761.0
-31606.0	7800.0	303.687	2781.7
-31606.0	7800.0	302.395	2752.08
-31606.0	7800.0	301.103	2766.97
-31606.0	7800.0	299.811	2698.68
-31606.0	7800.0	298.519	2781.27
-31606.0	7800.0	297.226	2726.53
-31606.0	7800.0	295.933	2654.42
-31606.0	7800.0	294.639	2725.37
-31606.0	7800.0	293.345	2639.76
-31606.0	7800.0	292.052	2695.22
-31606.0	7800.0	290.757	2636.7
-31606.0	7800.0	289.463	2587.85
-31606.0	7800.0	288.168	2620.13
-31606.0	7800.0	286.873	2613.78
-31606.0	7800.0	285.578	2617.08
-31606.0	7800.0	284.282	2608.8
-31606.0	7800.0	282.986	2602.46
-31606.0	7800.0	281.69	2596.11
-31606.0	7800.0	280.393	2570.49
-31606.0	7800.0	279.097	2498.61
-31606.0	7800.0	277.8	2573.25
-31606.0	7800.0	276.502	2522.59
-31606.0	7800.0	275.205	2512.42
-31606.0	7800.0	273.907	2457.95
-31606.0	7800.0	272.609	2364.98
-31606.0	7800.0	271.311	2414.53
-31606.0	7800.0	270.012	2354.34
-31606.0	7800.0	268.713	2461.62
-31606.0	7800.0	267.414	2439.92
-31606.0	7800.0	266.114	2366.3
-31606.0	7800.0	264.814	2402.33
-31606.0	7800.0	263.514	2332.59
-31606.0	7800.0	262.214	2387.85
-31606.0	7800.0	260.913	2371.96
-31606.0	7800.0	259.613	2313.8
-31606.0	7800.0	258.311	2272.96
-31606.0	7800.0	257.01	2310.89
-31606.0	7800.0	255.708	2285.43
-31606.0	7800.0	254.406	2327.18
-31606.0	7800.0	253.104	2244.13
-31606.0	7800.0	251.801	2251.33
-31606.0	7800.0	250.499	2202.87
-31606.0	7800.0	249.195	2211.99
-31606.0	7800.0	247.892	2288.24
-31606.0	7800.0	246.588	2230.22
-31606.0	7800.0	245.284	2223.99
-31606.0	7800.0	243.98	2210.1
-31606.0	7800.0	242.676	2221.12
-31606.0	7800.0	241.371	2268.55
-31606.0	7800.0	240.066	2166.53
-31606.0	7800.0	238.76	2152.66
-31606.0	7800.0	237.455	2188.58
-31606.0	7800.0	236.149	2117.28
-31606.0	7800.0	234.843	2181.9
-31606.0	7800.0	233.536	2066.62
-31606.0	7800.0	232.229	2186.7
-31606.0	7800.0	230.922	2113.55
-31606.0	7800.0	229.615	2126.48
-31606.0	7800.0	228.307	2099.26
-31606.0	7800.0	227.0	2094.99
-31606.0	7800.0	225.691	2180.54
-31606.0	7800.0	224.383	2082.62
-31606.0	7800.0	223.074	2063.07
-31606.0	7800.0	221.765	2087.46
-31606.0	7800.0	220.456	2027.82
-31606.0	7800.0	219.146	2105.65
-31606.0	7800.0	217.836	2109.02
-31606.0	7800.0	216.526	2108.56
-31606.0	7800.0	215.216	2075.68
-31606.0	7800.0	213.905	2071.42
-31606.0	7800.0	212.594	2015.67
-31606.0	7800.0	211.283	2045.74
-31606.0	7800.0	209.971	2138.7
-31606.0	7800.0	208.66	2067.73
-31606.0	7800.0	207.348	2130.16
-31606.0	7800.0	206.035	2129.7
-31606.0	7800.0	204.722	2155.91
-31606.0	7800.0	203.409	2136.4
-31606.0	7800.0	202.096	2113.1
-31606.0	7800.0	200.783	2122.16
-31606.0	7800.0	199.469	2108.38
-31606.0	7800.0	198.155	2125.05
-31606.0	7800.0	196.84	2115.09
-31606.0	7800.0	195.526	2108.93
-31606.0	7800.0	194.211	2116.08
-31606.0	7800.0	192.896	2142.23
-31606.0	7800.0	191.58	2417.33
-31606.0	7800.0	190.264	2283.81
-31606.0	7800.0	188.948	2304.22
-31606.0	7800.0	187.632	2254.34
-31606.0	7800.0	186.315	2272.84
-31606.0	7800.0	184.998	2243.88
-31606.0	7800.0	183.681	2268.07
-31606.0	7800.0	182.364	2220.14
-31606.0	7800.0	181.046	2244.33
-31606.0	7800.0	179.728	2221.08
-31606.0	7800.0	178.41	2269.91
-31606.0	7800.0	177.091	2258.04
-31606.0	7800.0	175.772	2225.33
-31606.0	7800.0	174.453	2293.08
-31606.0	7800.0	173.133	2288.79
-31606.0	7800.0	171.814	2237.15
-31606.0	7800.0	170.494	2346.52
-31606.0	7800.0	169.173	2300.57
-31606.0	7800.0	167.853	2250.85
-31606.0	7800.0	166.532	2305.25
-31606.0	7800.0	165.211	2291.51
-31606.0	7800.0	163.889	2292.91
-31606.0	7800.0	162.567	2356.72
-31606.0	7800.0	161.245	2280.57
-31606.0	7800.0	159.923	2302.77
-31606.0	7800.0	158.6	2362.76
-31606.0	7800.0	157.278	2373.59
-31606.0	7800.0	155.954	2382.52
-31606.0	7800.0	154.631	2433.01
-31606.0	7800.0	153.307	2464.59
-31606.0	7800.0	151.983	2405.53
-31606.0	7800.0	150.659	2355.93
-31606.0	7800.0	149.334	2408.27
-31606.0	7800.0	148.009	2398.31
-31606.0	7800.0	146.684	2424.21
-31606.0	7800.0	145.359	2406.71
-31606.0	7800.0	144.033	2408.07
-31606.0	7800.0	142.707	2377.39
-31606.0	7800.0	141.381	2422.11
-31606.0	7800.0	140.054	2393.32
-31606.0	7800.0	138.727	2372.08
-31606.0	7800.0	137.4	2356.5
-31606.0	7800.0	136.072	2348.46
-31606.0	7800.0	134.745	2464.69
-31606.0	7800.0	133.417	2375.68
-31606.0	7800.0	132.088	2348.82
-31606.0	7800.0	130.76	2393.47
-31606.0	7800.0	129.431	2460.68
-31606.0	7800.0	128.102	2362.35
-31606.0	7800.0	126.772	2356.2
-31606.0	7800.0	125.442	2359.45
-31606.0	7800.0	124.112	2370.21
-31606.0	7800.0	122.782	2380.98
-31606.0	7800.0	121.451	2309.07
-31606.0	7800.0	120.12	2282.27
-31606.0	7800.0	118.789	2321.22
-31606.0	7800.0	117.458	2292.55
-31606.0	7800.0	116.126	2284.55
-31606.0	7800.0	114.794	2263.41
-31606.0	7800.0	113.462	2285.44
-31606.0	7800.0	112.129	2277.44
-31606.0	7800.0	110.796	2284.45
-31606.0	7800.0	109.463	2233.33
-31606.0	7800.0	108.129	2232.85
-31606.0	7800.0	106.796	2176.13
-31606.0	7800.0	105.461	2162.55
-31606.0	7800.0	104.127	2042.17
-31606.0	7800.0	102.792	2067.95
-31606.0	7800.0	101.457	2009.45
-31606.0	7800.0	100.122	1939.74
-31606.0	7800.0	98.7867	1961.79
-31606.0	7800.0	97.4509	1899.6
-31606.0	7800.0	96.1148	1889.83
-31606.0	7800.0	94.7784	1872.59
-31606.0	7800.0	93.4418	1846.0
-31606.0	7800.0	92.1048	1851.21
-31606.0	7800.0	90.7676	1833.99
-31606.0	7800.0	89.43	1796.21
-31606.0	7800.0	88.0922	1805.16
-31606.0	7800.0	86.7541	1780.49
-31606.0	7800.0	85.4157	1724.06
