-31604.0	7832.0	1311.89	1848.89
-31604.0	7832.0	1310.78	1943.98
-31604.0	7832.0	1309.68	1943.66
-31604.0	7832.0	1308.58	1893.41
-31604.0	7832.0	1307.48	1977.09
-31604.0	7832.0	1306.38	1985.85
-31604.0	7832.0	1305.28	1935.61
-31604.0	7832.0	1304.18	1930.77
-31604.0	7832.0	1303.07	1948.6
-31604.0	7832.0	1301.97	1975.51
-31604.0	7832.0	1300.87	1995.6
-31604.0	7832.0	1299.77	1897.79
-31604.0	7832.0	1298.66	1890.68
-31604.0	7832.0	1297.56	1962.91
-31604.0	7832.0	1296.46	1960.33
-31604.0	7832.0	1295.35	1946.42
-31604.0	7832.0	1294.25	1864.55
-31604.0	7832.0	1293.15	1957.12
-31604.0	7832.0	1292.04	2004.36
-31604.0	7832.0	1290.94	2015.36
-31604.0	7832.0	1289.83	1910.89
-31604.0	7832.0	1288.73	2001.13
-31604.0	7832.0	1287.63	1960.07
-31604.0	7832.0	1286.52	1950.7
-31604.0	7832.0	1285.42	1936.81
-31604.0	7832.0	1284.31	1922.93
-31604.0	7832.0	1283.21	1872.85
-31604.0	7832.0	1282.1	1956.23
-31604.0	7832.0	1280.99	1928.78
-31604.0	7832.0	1279.89	1917.16
-31604.0	7832.0	1278.78	1898.77
-31604.0	7832.0	1277.68	1932.37
-31604.0	7832.0	1276.57	1952.39
-31604.0	7832.0	1275.46	1866.22
-31604.0	7832.0	1274.36	1969.83
-31604.0	7832.0	1273.25	1845.29
-31604.0	7832.0	1272.14	1910.48
-31604.0	7832.0	1271.04	1840.17
-31604.0	7832.0	1269.93	1862.45
-31604.0	7832.0	1268.82	1934.38
-31604.0	7832.0	1267.71	1922.78
-31604.0	7832.0	1266.61	1924.72
-31604.0	7832.0	1265.5	1881.55
-31604.0	7832.0	1264.39	1881.24
-31604.0	7832.0	1263.28	1919.28
-31604.0	7832.0	1262.17	1878.38
-31604.0	7832.0	1261.06	1907.38
-31604.0	7832.0	1259.95	1918.34
-31604.0	7832.0	1258.84	1906.76
-31604.0	7832.0	1257.74	1877.15
-31604.0	7832.0	1256.63	1863.33
-31604.0	7832.0	1255.52	1824.73
-31604.0	7832.0	1254.41	1898.76
-31604.0	7832.0	1253.3	1898.45
-31604.0	7832.0	1252.19	1911.65
-31604.0	7832.0	1251.08	1929.35
-31604.0	7832.0	1249.96	1920.03
-31604.0	7832.0	1248.85	1845.45
-31604.0	7832.0	1247.74	1903.65
-31604.0	7832.0	1246.63	1858.35
-31604.0	7832.0	1245.52	1907.53
-31604.0	7832.0	1244.41	1868.98
-31604.0	7832.0	1243.3	1920.4
-31604.0	7832.0	1242.18	1859.38
-31604.0	7832.0	1241.07	1859.07
-31604.0	7832.0	1239.96	1865.51
-31604.0	7832.0	1238.85	1871.95
-31604.0	7832.0	1237.74	1907.59
-31604.0	7832.0	1236.62	1909.52
-31604.0	7832.0	1235.51	1855.3
-31604.0	7832.0	1234.4	1794.36
-31604.0	7832.0	1233.28	1836.73
-31604.0	7832.0	1232.17	1923.99
-31604.0	7832.0	1231.06	1881.02
-31604.0	7832.0	1229.94	1826.85
-31604.0	7832.0	1228.83	1853.48
-31604.0	7832.0	1227.71	1832.98
-31604.0	7832.0	1226.6	1884.27
-31604.0	7832.0	1225.48	1857.05
-31604.0	7832.0	1224.37	1881.41
-31604.0	7832.0	1223.25	1840.74
-31604.0	7832.0	1222.14	1869.58
-31604.0	7832.0	1221.02	1862.55
-31604.0	7832.0	1219.91	1875.68
-31604.0	7832.0	1218.79	1882.1
-31604.0	7832.0	1217.68	1890.75
-31604.0	7832.0	1216.56	1868.04
-31604.0	7832.0	1215.44	1843.09
-31604.0	7832.0	1214.33	1759.94
-31604.0	7832.0	1213.21	1902.93
-31604.0	7832.0	1212.09	1904.85
-31604.0	7832.0	1210.98	1846.35
-31604.0	7832.0	1209.86	1843.81
-31604.0	7832.0	1208.74	1881.53
-31604.0	7832.0	1207.62	1840.96
-31604.0	7832.0	1206.51	1838.42
-31604.0	7832.0	1205.39	1864.94
-31604.0	7832.0	1204.27	1848.98
-31604.0	7832.0	1203.15	1835.26
-31604.0	7832.0	1202.03	1846.14
-31604.0	7832.0	1200.91	1872.64
-31604.0	7832.0	1199.8	1816.48
-31604.0	7832.0	1198.68	1793.83
-31604.0	7832.0	1197.56	1862.78
-31604.0	7832.0	1196.44	1791.0
-31604.0	7832.0	1195.32	1837.6
-31604.0	7832.0	1194.2	1812.73
-31604.0	7832.0	1193.08	1830.29
-31604.0	7832.0	1191.96	1876.85
-31604.0	7832.0	1190.84	1849.76
-31604.0	7832.0	1189.72	1838.29
-31604.0	7832.0	1188.6	1855.83
-31604.0	7832.0	1187.48	1877.82
-31604.0	7832.0	1186.35	1837.37
-31604.0	7832.0	1185.23	1817.0
-31604.0	7832.0	1184.11	1830.07
-31604.0	7832.0	1182.99	1829.77
-31604.0	7832.0	1181.87	1740.33
-31604.0	7832.0	1180.75	1786.82
-31604.0	7832.0	1179.62	1797.66
-31604.0	7832.0	1178.5	1848.59
-31604.0	7832.0	1177.38	1812.65
-31604.0	7832.0	1176.26	1937.03
-31604.0	7832.0	1175.13	1814.27
-31604.0	7832.0	1174.01	1862.93
-31604.0	7832.0	1172.89	1773.6
-31604.0	7832.0	1171.76	1844.5
-31604.0	7832.0	1170.64	1839.74
-31604.0	7832.0	1169.51	1803.85
-31604.0	7832.0	1168.39	1830.23
-31604.0	7832.0	1167.27	1783.23
-31604.0	7832.0	1166.14	1814.05
-31604.0	7832.0	1165.02	1809.3
-31604.0	7832.0	1163.89	1737.88
-31604.0	7832.0	1162.77	1793.14
-31604.0	7832.0	1161.64	1752.85
-31604.0	7832.0	1160.52	1870.27
-31604.0	7832.0	1159.39	1841.09
-31604.0	7832.0	1158.26	1778.6
-31604.0	7832.0	1157.14	1804.94
-31604.0	7832.0	1156.01	1797.98
-31604.0	7832.0	1154.88	1815.43
-31604.0	7832.0	1153.76	1846.19
-31604.0	7832.0	1152.63	1808.16
-31604.0	7832.0	1151.5	1752.4
-31604.0	7832.0	1150.38	1745.45
-31604.0	7832.0	1149.25	1778.42
-31604.0	7832.0	1148.12	1780.33
-31604.0	7832.0	1146.99	1791.11
-31604.0	7832.0	1145.87	1824.06
-31604.0	7832.0	1144.74	1788.29
-31604.0	7832.0	1143.61	1732.6
-31604.0	7832.0	1142.48	1750.03
-31604.0	7832.0	1141.35	1758.59
-31604.0	7832.0	1140.22	1705.14
-31604.0	7832.0	1139.09	1766.85
-31604.0	7832.0	1137.97	1801.97
-31604.0	7832.0	1136.84	1826.01
-31604.0	7832.0	1135.71	1783.65
-31604.0	7832.0	1134.58	1818.75
-31604.0	7832.0	1133.45	1756.49
-31604.0	7832.0	1132.32	1736.29
-31604.0	7832.0	1131.19	1808.97
-31604.0	7832.0	1130.05	1784.34
-31604.0	7832.0	1128.92	1826.04
-31604.0	7832.0	1127.79	1732.89
-31604.0	7832.0	1126.66	1672.93
-31604.0	7832.0	1125.53	1765.45
-31604.0	7832.0	1124.4	1725.38
-31604.0	7832.0	1123.27	1738.34
-31604.0	7832.0	1122.13	1855.09
-31604.0	7832.0	1121.0	1801.78
-31604.0	7832.0	1119.87	1735.24
-31604.0	7832.0	1118.74	1776.88
-31604.0	7832.0	1117.6	1734.64
-31604.0	7832.0	1116.47	1740.96
-31604.0	7832.0	1115.34	1773.76
-31604.0	7832.0	1114.2	1810.95
-31604.0	7832.0	1113.07	1720.22
-31604.0	7832.0	1111.94	1693.46
-31604.0	7832.0	1110.8	1717.42
-31604.0	7832.0	1109.67	1743.58
-31604.0	7832.0	1108.54	1688.18
-31604.0	7832.0	1107.4	1760.61
-31604.0	7832.0	1106.27	1722.85
-31604.0	7832.0	1105.13	1729.16
-31604.0	7832.0	1104.0	1812.56
-31604.0	7832.0	1102.86	1622.87
-31604.0	7832.0	1101.72	1693.05
-31604.0	7832.0	1100.59	1688.35
-31604.0	7832.0	1099.45	1765.09
-31604.0	7832.0	1098.32	1811.0
-31604.0	7832.0	1097.18	1755.68
-31604.0	7832.0	1096.04	1693.78
-31604.0	7832.0	1094.91	1706.69
-31604.0	7832.0	1093.77	1770.16
-31604.0	7832.0	1092.63	1805.03
-31604.0	7832.0	1091.5	1734.38
-31604.0	7832.0	1090.36	1716.5
-31604.0	7832.0	1089.22	1707.41
-31604.0	7832.0	1088.08	1691.74
-31604.0	7832.0	1086.95	1691.44
-31604.0	7832.0	1085.81	1664.79
-31604.0	7832.0	1084.67	1723.79
-31604.0	7832.0	1083.53	1767.41
-31604.0	7832.0	1082.39	1670.51
-31604.0	7832.0	1081.25	1720.7
-31604.0	7832.0	1080.11	1742.35
-31604.0	7832.0	1078.97	1704.75
-31604.0	7832.0	1077.83	1717.61
-31604.0	7832.0	1076.69	1717.31
-31604.0	7832.0	1075.55	1725.79
-31604.0	7832.0	1074.41	1718.91
-31604.0	7832.0	1073.27	1714.22
-31604.0	7832.0	1072.13	1681.05
-31604.0	7832.0	1070.99	1739.92
-31604.0	7832.0	1069.85	1739.62
-31604.0	7832.0	1068.71	1675.79
-31604.0	7832.0	1067.57	1739.01
-31604.0	7832.0	1066.43	1714.62
-31604.0	7832.0	1065.28	1744.97
-31604.0	7832.0	1064.14	1751.24
-31604.0	7832.0	1063.0	1715.91
-31604.0	7832.0	1061.86	1741.87
-31604.0	7832.0	1060.71	1761.26
-31604.0	7832.0	1059.57	1756.57
-31604.0	7832.0	1058.43	1773.76
-31604.0	7832.0	1057.29	1710.04
-31604.0	7832.0	1056.14	1694.43
-31604.0	7832.0	1055.0	1731.3
-31604.0	7832.0	1053.85	1768.15
-31604.0	7832.0	1052.71	1673.87
-31604.0	7832.0	1051.57	1682.32
-31604.0	7832.0	1050.42	1743.19
-31604.0	7832.0	1049.28	1721.04
-31604.0	7832.0	1048.13	1755.68
-31604.0	7832.0	1046.99	1698.6
-31604.0	7832.0	1045.84	1628.45
-31604.0	7832.0	1044.7	1732.93
-31604.0	7832.0	1043.55	1776.27
-31604.0	7832.0	1042.4	1771.59
-31604.0	7832.0	1041.26	1699.29
-31604.0	7832.0	1040.11	1651.01
-31604.0	7832.0	1038.97	1720.5
-31604.0	7832.0	1037.82	1724.56
-31604.0	7832.0	1036.67	1689.37
-31604.0	7832.0	1035.53	1743.56
-31604.0	7832.0	1034.38	1762.87
-31604.0	7832.0	1033.23	1725.52
-31604.0	7832.0	1032.08	1773.13
-31604.0	7832.0	1030.94	1663.93
-31604.0	7832.0	1029.79	1731.13
-31604.0	7832.0	1028.64	1796.14
-31604.0	7832.0	1027.49	1763.17
-31604.0	7832.0	1026.34	1751.98
-31604.0	7832.0	1025.19	1795.19
-31604.0	7832.0	1024.04	1742.66
-31604.0	7832.0	1022.89	1751.05
-31604.0	7832.0	1021.74	1833.38
-31604.0	7832.0	1020.59	1776.52
-31604.0	7832.0	1019.45	1697.94
-31604.0	7832.0	1018.29	1738.94
-31604.0	7832.0	1017.14	1762.53
-31604.0	7832.0	1015.99	1733.97
-31604.0	7832.0	1014.84	1753.22
-31604.0	7832.0	1013.69	1811.55
-31604.0	7832.0	1012.54	1791.68
-31604.0	7832.0	1011.39	1830.45
-31604.0	7832.0	1010.24	1771.51
-31604.0	7832.0	1009.09	1851.5
-31604.0	7832.0	1007.93	1801.26
-31604.0	7832.0	1006.78	1772.73
-31604.0	7832.0	1005.63	1846.17
-31604.0	7832.0	1004.48	1871.87
-31604.0	7832.0	1003.32	1847.68
-31604.0	7832.0	1002.17	1869.03
-31604.0	7832.0	1001.02	1870.87
-31604.0	7832.0	999.865	1857.53
-31604.0	7832.0	998.711	1868.03
-31604.0	7832.0	997.558	1885.03
-31604.0	7832.0	996.403	1893.36
-31604.0	7832.0	995.249	1927.68
-31604.0	7832.0	994.095	1879.69
-31604.0	7832.0	992.94	1890.18
-31604.0	7832.0	991.785	1911.49
-31604.0	7832.0	990.63	1891.66
-31604.0	7832.0	989.475	1932.44
-31604.0	7832.0	988.319	1975.36
-31604.0	7832.0	987.164	2026.93
-31604.0	7832.0	986.008	1942.21
-31604.0	7832.0	984.852	1993.76
-31604.0	7832.0	983.695	2038.81
-31604.0	7832.0	982.539	2044.92
-31604.0	7832.0	981.382	2042.4
-31604.0	7832.0	980.225	2076.6
-31604.0	7832.0	979.068	2076.23
-31604.0	7832.0	977.911	2024.01
-31604.0	7832.0	976.753	2043.08
-31604.0	7832.0	975.595	2066.47
-31604.0	7832.0	974.437	2087.68
-31604.0	7832.0	973.279	2072.2
-31604.0	7832.0	972.121	2086.93
-31604.0	7832.0	970.962	2099.5
-31604.0	7832.0	969.803	2122.85
-31604.0	7832.0	968.644	2135.41
-31604.0	7832.0	967.485	1988.38
-31604.0	7832.0	966.326	2061.33
-31604.0	7832.0	965.166	2084.67
-31604.0	7832.0	964.006	2112.31
-31604.0	7832.0	962.846	2111.93
-31604.0	7832.0	961.686	2154.64
-31604.0	7832.0	960.525	2115.47
-31604.0	7832.0	959.365	2143.09
-31604.0	7832.0	958.204	2082.4
-31604.0	7832.0	957.043	2120.78
-31604.0	7832.0	955.881	2141.92
-31604.0	7832.0	954.72	2014.55
-31604.0	7832.0	953.558	2169.12
-31604.0	7832.0	952.396	2132.15
-31604.0	7832.0	951.234	2080.13
-31604.0	7832.0	950.071	2170.08
-31604.0	7832.0	948.909	2124.53
-31604.0	7832.0	947.746	2141.34
-31604.0	7832.0	946.583	2085.07
-31604.0	7832.0	945.42	2136.27
-31604.0	7832.0	944.256	2183.15
-31604.0	7832.0	943.092	2150.53
-31604.0	7832.0	941.929	2049.18
-31604.0	7832.0	940.765	2117.53
-31604.0	7832.0	939.6	2046.28
-31604.0	7832.0	938.436	2088.84
-31604.0	7832.0	937.271	2131.39
-31604.0	7832.0	936.106	1989.36
-31604.0	7832.0	934.941	2087.7
-31604.0	7832.0	933.775	2106.62
-31604.0	7832.0	932.61	2041.89
-31604.0	7832.0	931.444	1983.62
-31604.0	7832.0	930.278	1972.54
-31604.0	7832.0	929.112	1952.88
-31604.0	7832.0	927.945	1916.09
-31604.0	7832.0	926.779	1881.45
-31604.0	7832.0	925.612	1900.39
-31604.0	7832.0	924.445	1915.03
-31604.0	7832.0	923.278	1880.41
-31604.0	7832.0	922.11	1854.37
-31604.0	7832.0	920.942	1862.6
-31604.0	7832.0	919.774	1954.3
-31604.0	7832.0	918.606	1844.79
-31604.0	7832.0	917.438	1906.5
-31604.0	7832.0	916.269	1856.95
-31604.0	7832.0	915.1	1830.94
-31604.0	7832.0	913.931	1837.02
-31604.0	7832.0	912.762	1783.22
-31604.0	7832.0	911.593	1817.1
-31604.0	7832.0	910.423	1799.66
-31604.0	7832.0	909.253	1737.36
-31604.0	7832.0	908.083	1752.0
-31604.0	7832.0	906.913	1708.95
-31604.0	7832.0	905.742	1762.03
-31604.0	7832.0	904.572	1821.49
-31604.0	7832.0	903.401	1778.46
-31604.0	7832.0	902.229	1788.8
-31604.0	7832.0	901.058	1756.46
-31604.0	7832.0	899.886	1743.33
-31604.0	7832.0	898.715	1689.67
-31604.0	7832.0	897.543	1653.09
-31604.0	7832.0	896.37	1738.09
-31604.0	7832.0	895.198	1731.37
-31604.0	7832.0	894.025	1809.93
-31604.0	7832.0	892.852	1771.23
-31604.0	7832.0	891.679	1755.98
-31604.0	7832.0	890.506	1776.96
-31604.0	7832.0	889.332	1748.94
-31604.0	7832.0	888.158	1708.15
-31604.0	7832.0	886.984	1763.2
-31604.0	7832.0	885.81	1733.06
-31604.0	7832.0	884.636	1724.22
-31604.0	7832.0	883.461	1740.93
-31604.0	7832.0	882.286	1695.92
-31604.0	7832.0	881.111	1684.97
-31604.0	7832.0	879.936	1688.91
-31604.0	7832.0	878.76	1716.24
-31604.0	7832.0	877.584	1739.31
-31604.0	7832.0	876.408	1755.99
-31604.0	7832.0	875.232	1785.42
-31604.0	7832.0	874.056	1723.46
-31604.0	7832.0	872.879	1704.01
-31604.0	7832.0	871.702	1684.58
-31604.0	7832.0	870.525	1724.62
-31604.0	7832.0	869.348	1652.1
-31604.0	7832.0	868.17	1721.85
-31604.0	7832.0	866.993	1659.97
-31604.0	7832.0	865.815	1725.45
-31604.0	7832.0	864.637	1784.54
-31604.0	7832.0	863.458	1705.71
-31604.0	7832.0	862.28	1631.15
-31604.0	7832.0	861.101	1649.93
-31604.0	7832.0	859.922	1670.82
-31604.0	7832.0	858.742	1651.43
-31604.0	7832.0	857.563	1695.63
-31604.0	7832.0	856.383	1638.1
-31604.0	7832.0	855.203	1635.67
-31604.0	7832.0	854.023	1711.62
-31604.0	7832.0	852.843	1707.07
-31604.0	7832.0	851.662	1672.86
-31604.0	7832.0	850.481	1655.61
-31604.0	7832.0	849.3	1735.74
-31604.0	7832.0	848.119	1686.73
-31604.0	7832.0	846.937	1730.85
-31604.0	7832.0	845.756	1679.75
-31604.0	7832.0	844.574	1643.48
-31604.0	7832.0	843.392	1706.61
-31604.0	7832.0	842.209	1748.57
-31604.0	7832.0	841.027	1621.41
-31604.0	7832.0	839.844	1678.17
-31604.0	7832.0	838.661	1745.47
-31604.0	7832.0	837.477	1688.1
-31604.0	7832.0	836.294	1797.62
-31604.0	7832.0	835.11	1668.45
-31604.0	7832.0	833.926	1769.49
-31604.0	7832.0	832.742	1724.82
-31604.0	7832.0	831.558	1699.17
-31604.0	7832.0	830.373	1688.29
-31604.0	7832.0	829.188	1685.86
-31604.0	7832.0	828.003	1649.68
-31604.0	7832.0	826.818	1643.04
-31604.0	7832.0	825.632	1644.84
-31604.0	7832.0	824.446	1697.23
-31604.0	7832.0	823.26	1682.16
-31604.0	7832.0	822.074	1664.98
-31604.0	7832.0	820.888	1673.09
-31604.0	7832.0	819.701	1708.59
-31604.0	7832.0	818.514	1727.22
-31604.0	7832.0	817.327	1665.82
-31604.0	7832.0	816.14	1764.46
-31604.0	7832.0	814.952	1690.45
-31604.0	7832.0	813.765	1700.65
-31604.0	7832.0	812.577	1675.07
-31604.0	7832.0	811.388	1668.44
-31604.0	7832.0	810.2	1613.43
-31604.0	7832.0	809.011	1674.11
-31604.0	7832.0	807.822	1650.66
-31604.0	7832.0	806.633	1658.76
-31604.0	7832.0	805.444	1694.17
-31604.0	7832.0	804.254	1710.66
-31604.0	7832.0	803.064	1624.19
-31604.0	7832.0	801.874	1701.61
-31604.0	7832.0	800.684	1673.98
-31604.0	7832.0	799.493	1679.96
-31604.0	7832.0	798.303	1677.54
-31604.0	7832.0	797.112	1727.59
-31604.0	7832.0	795.921	1693.68
-31604.0	7832.0	794.729	1613.62
-31604.0	7832.0	793.538	1707.72
-31604.0	7832.0	792.346	1623.49
-31604.0	7832.0	791.154	1677.71
-31604.0	7832.0	789.961	1677.38
-31604.0	7832.0	788.769	1727.37
-31604.0	7832.0	787.576	1718.66
-31604.0	7832.0	786.383	1674.32
-31604.0	7832.0	785.19	1613.24
-31604.0	7832.0	783.996	1638.07
-31604.0	7832.0	782.802	1631.47
-31604.0	7832.0	781.608	1639.53
-31604.0	7832.0	780.414	1679.0
-31604.0	7832.0	779.22	1659.83
-31604.0	7832.0	778.025	1684.63
-31604.0	7832.0	776.83	1650.83
-31604.0	7832.0	775.635	1658.88
-31604.0	7832.0	774.44	1654.37
-31604.0	7832.0	773.244	1639.42
-31604.0	7832.0	772.049	1691.37
-31604.0	7832.0	770.853	1701.49
-31604.0	7832.0	769.656	1667.73
-31604.0	7832.0	768.46	1688.3
-31604.0	7832.0	767.263	1591.88
-31604.0	7832.0	766.066	1654.23
-31604.0	7832.0	764.869	1635.11
-31604.0	7832.0	763.672	1664.03
-31604.0	7832.0	762.474	1672.06
-31604.0	7832.0	761.276	1730.17
-31604.0	7832.0	760.078	1713.14
-31604.0	7832.0	758.88	1671.09
-31604.0	7832.0	757.681	1718.74
-31604.0	7832.0	756.483	1703.81
-31604.0	7832.0	755.284	1651.35
-31604.0	7832.0	754.084	1692.72
-31604.0	7832.0	752.885	1663.22
-31604.0	7832.0	751.685	1667.06
-31604.0	7832.0	750.485	1614.65
-31604.0	7832.0	749.285	1703.91
-31604.0	7832.0	748.085	1666.09
-31604.0	7832.0	746.884	1746.97
-31604.0	7832.0	745.683	1627.97
-31604.0	7832.0	744.482	1708.83
-31604.0	7832.0	743.281	1679.36
-31604.0	7832.0	742.079	1683.2
-31604.0	7832.0	740.877	1749.43
-31604.0	7832.0	739.675	1684.62
-31604.0	7832.0	738.473	1698.85
-31604.0	7832.0	737.27	1615.36
-31604.0	7832.0	736.068	1637.91
-31604.0	7832.0	734.865	1639.67
-31604.0	7832.0	733.661	1620.65
-31604.0	7832.0	732.458	1632.79
-31604.0	7832.0	731.254	1617.94
-31604.0	7832.0	730.05	1596.86
-31604.0	7832.0	728.846	1625.61
-31604.0	7832.0	727.642	1639.82
-31604.0	7832.0	726.437	1678.93
-31604.0	7832.0	725.232	1664.08
-31604.0	7832.0	724.027	1696.95
-31604.0	7832.0	722.822	1690.39
-31604.0	7832.0	721.616	1663.1
-31604.0	7832.0	720.41	1698.02
-31604.0	7832.0	719.204	1695.62
-31604.0	7832.0	717.998	1657.98
-31604.0	7832.0	716.791	1620.36
-31604.0	7832.0	715.585	1584.82
-31604.0	7832.0	714.378	1926.27
-31604.0	7832.0	713.17	1679.46
-31604.0	7832.0	711.963	1658.43
-31604.0	7832.0	710.755	1670.52
-31604.0	7832.0	709.547	1726.07
-31604.0	7832.0	708.339	1748.5
-31604.0	7832.0	707.131	1675.74
-31604.0	7832.0	705.922	1613.36
-31604.0	7832.0	704.713	1668.88
-31604.0	7832.0	703.504	1714.04
-31604.0	7832.0	702.295	1670.29
-31604.0	7832.0	701.085	1665.83
-31604.0	7832.0	699.875	1750.22
-31604.0	7832.0	698.665	1656.91
-31604.0	7832.0	697.455	1697.9
-31604.0	7832.0	696.244	1712.02
-31604.0	7832.0	695.034	1688.97
-31604.0	7832.0	693.822	1676.25
-31604.0	7832.0	692.611	1704.81
-31604.0	7832.0	691.4	1749.87
-31604.0	7832.0	690.188	1749.53
-31604.0	7832.0	688.976	1681.11
-31604.0	7832.0	687.764	1703.47
-31604.0	7832.0	686.551	1699.01
-31604.0	7832.0	685.339	1774.94
-31604.0	7832.0	684.126	1706.58
-31604.0	7832.0	682.912	1770.12
-31604.0	7832.0	681.699	1740.93
-31604.0	7832.0	680.485	1715.86
-31604.0	7832.0	679.271	1738.18
-31604.0	7832.0	678.057	1842.85
-31604.0	7832.0	676.843	1743.67
-31604.0	7832.0	675.628	1778.31
-31604.0	7832.0	674.413	1784.13
-31604.0	7832.0	673.198	1826.98
-31604.0	7832.0	671.983	1867.76
-31604.0	7832.0	670.767	1741.94
-31604.0	7832.0	669.551	1801.22
-31604.0	7832.0	668.335	1827.59
-31604.0	7832.0	667.119	1782.01
-31604.0	7832.0	665.902	1740.55
-31604.0	7832.0	664.686	1795.68
-31604.0	7832.0	663.469	1832.3
-31604.0	7832.0	662.251	1764.16
-31604.0	7832.0	661.034	1819.25
-31604.0	7832.0	659.816	1796.31
-31604.0	7832.0	658.598	1804.16
-31604.0	7832.0	657.38	1731.97
-31604.0	7832.0	656.161	1735.73
-31604.0	7832.0	654.942	1749.75
-31604.0	7832.0	653.723	1802.72
-31604.0	7832.0	652.504	1751.1
-31604.0	7832.0	651.285	1892.2
-31604.0	7832.0	650.065	1824.19
-31604.0	7832.0	648.845	1811.53
-31604.0	7832.0	647.625	1817.31
-31604.0	7832.0	646.404	1857.92
-31604.0	7832.0	645.184	1818.63
-31604.0	7832.0	643.963	1801.89
-31604.0	7832.0	642.742	1854.76
-31604.0	7832.0	641.52	1788.89
-31604.0	7832.0	640.298	1792.62
-31604.0	7832.0	639.076	1806.59
-31604.0	7832.0	637.854	1836.91
-31604.0	7832.0	636.632	1807.91
-31604.0	7832.0	635.409	1819.82
-31604.0	7832.0	634.186	1901.22
-31604.0	7832.0	632.963	1819.09
-31604.0	7832.0	631.74	1871.85
-31604.0	7832.0	630.516	1834.7
-31604.0	7832.0	629.292	1799.61
-31604.0	7832.0	628.068	1872.77
-31604.0	7832.0	626.844	1813.18
-31604.0	7832.0	625.619	1796.48
-31604.0	7832.0	624.394	1877.76
-31604.0	7832.0	623.169	1875.35
-31604.0	7832.0	621.944	1932.1
-31604.0	7832.0	620.718	1827.68
-31604.0	7832.0	619.492	1831.39
-31604.0	7832.0	618.266	1839.17
-31604.0	7832.0	617.04	1808.23
-31604.0	7832.0	615.813	1846.59
-31604.0	7832.0	614.587	1838.06
-31604.0	7832.0	613.36	1874.37
-31604.0	7832.0	612.132	1835.29
-31604.0	7832.0	610.905	1834.92
-31604.0	7832.0	609.677	1828.44
-31604.0	7832.0	608.449	1842.32
-31604.0	7832.0	607.22	1913.18
-31604.0	7832.0	605.992	1857.86
-31604.0	7832.0	604.763	1896.14
-31604.0	7832.0	603.534	1824.56
-31604.0	7832.0	602.305	1809.96
-31604.0	7832.0	601.075	1825.86
-31604.0	7832.0	599.845	1817.36
-31604.0	7832.0	598.615	1825.12
-31604.0	7832.0	597.385	1865.39
-31604.0	7832.0	596.154	1795.94
-31604.0	7832.0	594.924	1797.61
-31604.0	7832.0	593.693	1894.72
-31604.0	7832.0	592.461	1890.28
-31604.0	7832.0	591.23	1770.13
-31604.0	7832.0	589.998	1834.71
-31604.0	7832.0	588.766	1816.08
-31604.0	7832.0	587.534	1819.77
-31604.0	7832.0	586.301	1795.06
-31604.0	7832.0	585.068	1829.17
-31604.0	7832.0	583.835	1812.58
-31604.0	7832.0	582.602	1808.16
-31604.0	7832.0	581.368	1763.2
-31604.0	7832.0	580.134	1756.77
-31604.0	7832.0	578.9	1796.93
-31604.0	7832.0	577.666	1837.07
-31604.0	7832.0	576.432	1867.07
-31604.0	7832.0	575.197	1830.25
-31604.0	7832.0	573.962	1835.95
-31604.0	7832.0	572.726	1778.91
-31604.0	7832.0	571.491	1837.23
-31604.0	7832.0	570.255	1788.3
-31604.0	7832.0	569.019	1781.87
-31604.0	7832.0	567.783	1775.44
-31604.0	7832.0	566.546	1898.4
-31604.0	7832.0	565.309	1843.44
-31604.0	7832.0	564.072	1857.21
-31604.0	7832.0	562.835	1864.92
-31604.0	7832.0	561.597	1876.66
-31604.0	7832.0	560.359	1870.22
-31604.0	7832.0	559.121	1821.37
-31604.0	7832.0	557.883	1863.4
-31604.0	7832.0	556.644	1873.11
-31604.0	7832.0	555.406	1941.34
-31604.0	7832.0	554.167	1930.85
-31604.0	7832.0	552.927	1946.6
-31604.0	7832.0	551.688	2051.07
-31604.0	7832.0	550.448	1984.11
-31604.0	7832.0	549.208	2050.23
-31604.0	7832.0	547.967	2051.83
-31604.0	7832.0	546.727	2061.49
-31604.0	7832.0	545.486	2157.77
-31604.0	7832.0	544.245	2157.33
-31604.0	7832.0	543.003	2146.82
-31604.0	7832.0	541.762	2263.16
-31604.0	7832.0	540.52	2284.84
-31604.0	7832.0	539.278	2312.55
-31604.0	7832.0	538.035	2396.59
-31604.0	7832.0	536.793	2522.84
-31604.0	7832.0	535.55	2669.16
-31604.0	7832.0	534.307	2797.32
-31604.0	7832.0	533.063	2981.72
-31604.0	7832.0	531.82	3284.65
-31604.0	7832.0	530.576	3587.45
-31604.0	7832.0	529.331	4163.4
-31604.0	7832.0	528.087	4841.57
-31604.0	7832.0	526.842	5933.22
-31604.0	7832.0	525.597	7548.54
-31604.0	7832.0	524.352	9958.25
-31604.0	7832.0	523.107	14247.8
-31604.0	7832.0	521.861	20721.1
-31604.0	7832.0	520.615	23975.3
-31604.0	7832.0	519.369	21216.1
-31604.0	7832.0	518.122	17826.2
-31604.0	7832.0	516.876	14782.6
-31604.0	7832.0	515.629	12762.7
-31604.0	7832.0	514.381	10877.9
-31604.0	7832.0	513.134	9454.85
-31604.0	7832.0	511.886	8543.27
-31604.0	7832.0	510.638	7790.32
-31604.0	7832.0	509.39	7123.8
-31604.0	7832.0	508.141	6729.87
-31604.0	7832.0	506.892	6244.02
-31604.0	7832.0	505.643	5920.49
-31604.0	7832.0	504.394	5783.19
-31604.0	7832.0	503.145	5529.91
-31604.0	7832.0	501.895	5424.75
-31604.0	7832.0	500.645	5257.64
-31604.0	7832.0	499.394	5170.58
-31604.0	7832.0	498.144	5121.53
-31604.0	7832.0	496.893	4932.61
-31604.0	7832.0	495.642	4887.62
-31604.0	7832.0	494.39	4742.77
-31604.0	7832.0	493.139	4639.92
-31604.0	7832.0	491.887	4553.09
-31604.0	7832.0	490.635	4354.49
-31604.0	7832.0	489.382	4279.73
-31604.0	7832.0	488.13	4214.98
-31604.0	7832.0	486.877	4116.34
-31604.0	7832.0	485.623	4003.77
-31604.0	7832.0	484.37	3947.1
-31604.0	7832.0	483.116	3998.13
-31604.0	7832.0	481.862	3861.73
-31604.0	7832.0	480.608	3771.23
-31604.0	7832.0	479.354	3798.35
-31604.0	7832.0	478.099	3701.92
-31604.0	7832.0	476.844	3774.86
-31604.0	7832.0	475.588	3827.85
-31604.0	7832.0	474.333	3572.18
-31604.0	7832.0	473.077	3545.56
-31604.0	7832.0	471.821	3459.24
-31604.0	7832.0	470.565	3498.32
-31604.0	7832.0	469.308	3408.06
-31604.0	7832.0	468.051	3367.57
-31604.0	7832.0	466.794	3358.92
-31604.0	7832.0	465.537	3399.97
-31604.0	7832.0	464.279	3305.84
-31604.0	7832.0	463.021	3205.78
-31604.0	7832.0	461.763	3282.6
-31604.0	7832.0	460.505	3194.51
-31604.0	7832.0	459.246	3140.21
-31604.0	7832.0	457.987	3117.72
-31604.0	7832.0	456.728	3029.71
-31604.0	7832.0	455.469	3023.12
-31604.0	7832.0	454.209	3008.6
-31604.0	7832.0	452.949	2980.2
-31604.0	7832.0	451.689	2949.82
-31604.0	7832.0	450.428	2899.62
-31604.0	7832.0	449.167	2922.81
-31604.0	7832.0	447.906	2902.38
-31604.0	7832.0	446.645	2872.04
-31604.0	7832.0	445.383	2859.55
-31604.0	7832.0	444.122	2874.8
-31604.0	7832.0	442.86	2731.58
-31604.0	7832.0	441.597	2766.66
-31604.0	7832.0	440.335	2791.82
-31604.0	7832.0	439.072	2769.46
-31604.0	7832.0	437.809	2764.92
-31604.0	7832.0	436.545	2766.33
-31604.0	7832.0	435.281	2763.77
-31604.0	7832.0	434.018	2674.18
-31604.0	7832.0	432.753	2750.75
-31604.0	7832.0	431.489	2601.89
-31604.0	7832.0	430.224	2708.09
-31604.0	7832.0	428.959	2725.31
-31604.0	7832.0	427.694	2679.29
-31604.0	7832.0	426.428	2734.04
-31604.0	7832.0	425.163	2611.02
-31604.0	7832.0	423.896	2663.78
-31604.0	7832.0	422.63	2578.33
-31604.0	7832.0	421.364	2704.12
-31604.0	7832.0	420.097	2666.06
-31604.0	7832.0	418.83	2667.47
-31604.0	7832.0	417.562	2591.95
-31604.0	7832.0	416.295	2563.8
-31604.0	7832.0	415.027	2581.01
-31604.0	7832.0	413.758	2568.64
-31604.0	7832.0	412.49	2607.52
-31604.0	7832.0	411.221	2512.38
-31604.0	7832.0	409.952	2570.96
-31604.0	7832.0	408.683	2586.18
-31604.0	7832.0	407.414	2550.19
-31604.0	7832.0	406.144	2581.15
-31604.0	7832.0	404.874	2545.18
-31604.0	7832.0	403.603	2416.72
-31604.0	7832.0	402.333	2496.89
-31604.0	7832.0	401.062	2512.1
-31604.0	7832.0	399.791	2487.97
-31604.0	7832.0	398.519	2564.13
-31604.0	7832.0	397.248	2524.27
-31604.0	7832.0	395.976	2462.81
-31604.0	7832.0	394.704	2519.28
-31604.0	7832.0	393.431	2491.25
-31604.0	7832.0	392.159	2492.69
-31604.0	7832.0	390.886	2492.16
-31604.0	7832.0	389.612	2501.45
-31604.0	7832.0	388.339	2487.18
-31604.0	7832.0	387.065	2488.62
-31604.0	7832.0	385.791	2566.59
-31604.0	7832.0	384.517	2458.15
-31604.0	7832.0	383.242	2438.01
-31604.0	7832.0	381.967	2541.43
-31604.0	7832.0	380.692	2540.9
-31604.0	7832.0	379.417	2495.28
-31604.0	7832.0	378.141	2520.23
-31604.0	7832.0	376.865	2486.39
-31604.0	7832.0	375.589	2544.63
-31604.0	7832.0	374.312	2444.21
-31604.0	7832.0	373.035	2508.31
-31604.0	7832.0	371.758	2468.62
-31604.0	7832.0	370.481	2446.57
-31604.0	7832.0	369.204	2483.24
-31604.0	7832.0	367.926	2478.8
-31604.0	7832.0	366.648	2398.08
-31604.0	7832.0	365.369	2438.64
-31604.0	7832.0	364.091	2457.67
-31604.0	7832.0	362.812	2451.29
-31604.0	7832.0	361.532	2468.36
-31604.0	7832.0	360.253	2481.52
-31604.0	7832.0	358.973	2520.06
-31604.0	7832.0	357.693	2414.06
-31604.0	7832.0	356.413	2438.93
-31604.0	7832.0	355.132	2522.37
-31604.0	7832.0	353.852	2502.31
-31604.0	7832.0	352.571	2579.84
-31604.0	7832.0	351.289	2501.25
-31604.0	7832.0	350.008	2442.2
-31604.0	7832.0	348.726	2426.08
-31604.0	7832.0	347.444	2470.42
-31604.0	7832.0	346.161	2514.73
-31604.0	7832.0	344.878	2557.07
-31604.0	7832.0	343.595	2492.23
-31604.0	7832.0	342.312	2460.53
-31604.0	7832.0	341.029	2586.61
-31604.0	7832.0	339.745	2506.22
-31604.0	7832.0	338.461	2542.68
-31604.0	7832.0	337.176	2610.27
-31604.0	7832.0	335.892	2537.71
-31604.0	7832.0	334.607	2509.93
-31604.0	7832.0	333.322	2540.52
-31604.0	7832.0	332.036	2596.38
-31604.0	7832.0	330.75	2586.11
-31604.0	7832.0	329.464	2529.18
-31604.0	7832.0	328.178	2565.57
-31604.0	7832.0	326.892	2563.09
-31604.0	7832.0	325.605	2512.03
-31604.0	7832.0	324.318	2647.46
-31604.0	7832.0	323.03	2608.06
-31604.0	7832.0	321.743	2656.04
-31604.0	7832.0	320.455	2686.54
-31604.0	7832.0	319.167	2612.22
-31604.0	7832.0	317.878	2634.94
-31604.0	7832.0	316.59	2669.3
-31604.0	7832.0	315.301	2719.16
-31604.0	7832.0	314.011	2658.47
-31604.0	7832.0	312.722	2752.9
-31604.0	7832.0	311.432	2723.24
-31604.0	7832.0	310.142	2647.08
-31604.0	7832.0	308.851	2739.52
-31604.0	7832.0	307.561	2773.8
-31604.0	7832.0	306.27	2773.21
-31604.0	7832.0	304.979	2817.15
-31604.0	7832.0	303.687	2849.46
-31604.0	7832.0	302.395	2827.56
-31604.0	7832.0	301.103	2815.35
-31604.0	7832.0	299.811	2776.06
-31604.0	7832.0	298.519	2800.61
-31604.0	7832.0	297.226	2749.73
-31604.0	7832.0	295.933	2712.42
-31604.0	7832.0	294.639	2634.52
-31604.0	7832.0	293.345	2690.0
-31604.0	7832.0	292.052	2683.63
-31604.0	7832.0	290.757	2621.25
-31604.0	7832.0	289.463	2624.55
-31604.0	7832.0	288.168	2593.09
-31604.0	7832.0	286.873	2598.33
-31604.0	7832.0	285.578	2530.23
-31604.0	7832.0	284.282	2537.41
-31604.0	7832.0	282.986	2604.38
-31604.0	7832.0	281.69	2522.82
-31604.0	7832.0	280.393	2522.28
-31604.0	7832.0	279.097	2496.68
-31604.0	7832.0	277.8	2478.8
-31604.0	7832.0	276.502	2449.36
-31604.0	7832.0	275.205	2479.66
-31604.0	7832.0	273.907	2486.84
-31604.0	7832.0	272.609	2453.57
-31604.0	7832.0	271.311	2481.92
-31604.0	7832.0	270.012	2423.64
-31604.0	7832.0	268.713	2415.43
-31604.0	7832.0	267.414	2420.68
-31604.0	7832.0	266.114	2372.07
-31604.0	7832.0	264.814	2433.11
-31604.0	7832.0	263.514	2342.21
-31604.0	7832.0	262.214	2405.15
-31604.0	7832.0	260.913	2431.55
-31604.0	7832.0	259.613	2325.33
-31604.0	7832.0	258.311	2382.47
-31604.0	7832.0	257.01	2285.92
-31604.0	7832.0	255.708	2262.38
-31604.0	7832.0	254.406	2281.1
-31604.0	7832.0	253.104	2272.93
-31604.0	7832.0	251.801	2272.44
-31604.0	7832.0	250.499	2248.93
-31604.0	7832.0	249.195	2250.36
-31604.0	7832.0	247.892	2265.23
-31604.0	7832.0	246.588	2232.14
-31604.0	7832.0	245.284	2266.17
-31604.0	7832.0	243.98	2221.6
-31604.0	7832.0	242.676	2188.54
-31604.0	7832.0	241.371	2218.73
-31604.0	7832.0	240.066	2260.4
-31604.0	7832.0	238.76	2183.31
-31604.0	7832.0	237.455	2228.79
-31604.0	7832.0	236.149	2220.66
-31604.0	7832.0	234.843	2162.76
-31604.0	7832.0	233.536	2156.56
-31604.0	7832.0	232.229	2194.36
-31604.0	7832.0	230.922	2195.8
-31604.0	7832.0	229.615	2124.57
-31604.0	7832.0	228.307	2147.06
-31604.0	7832.0	227.0	2181.0
-31604.0	7832.0	225.691	2144.22
-31604.0	7832.0	224.383	2120.84
-31604.0	7832.0	223.074	2103.19
-31604.0	7832.0	221.765	2114.2
-31604.0	7832.0	220.456	2056.46
-31604.0	7832.0	219.146	2191.56
-31604.0	7832.0	217.836	2187.27
-31604.0	7832.0	216.526	2045.59
-31604.0	7832.0	215.216	2033.71
-31604.0	7832.0	213.905	2018.01
-31604.0	7832.0	212.594	2034.74
-31604.0	7832.0	211.283	2118.19
-31604.0	7832.0	209.971	2064.36
-31604.0	7832.0	208.66	2103.94
-31604.0	7832.0	207.348	2120.63
-31604.0	7832.0	206.035	2171.61
-31604.0	7832.0	204.722	2104.49
-31604.0	7832.0	203.409	2184.01
-31604.0	7832.0	202.096	2092.16
-31604.0	7832.0	200.783	2167.84
-31604.0	7832.0	199.469	2138.83
-31604.0	7832.0	198.155	2170.71
-31604.0	7832.0	196.84	2181.66
-31604.0	7832.0	195.526	2171.68
-31604.0	7832.0	194.211	2119.88
-31604.0	7832.0	192.896	2111.82
-31604.0	7832.0	191.58	2354.62
-31604.0	7832.0	190.264	2278.11
-31604.0	7832.0	188.948	2243.43
-31604.0	7832.0	187.632	2220.15
-31604.0	7832.0	186.315	2189.3
-31604.0	7832.0	184.998	2224.89
-31604.0	7832.0	183.681	2283.25
-31604.0	7832.0	182.364	2290.35
-31604.0	7832.0	181.046	2251.91
-31604.0	7832.0	179.728	2213.49
-31604.0	7832.0	178.41	2188.36
-31604.0	7832.0	177.091	2277.0
-31604.0	7832.0	175.772	2299.26
-31604.0	7832.0	174.453	2253.28
-31604.0	7832.0	173.133	2298.27
-31604.0	7832.0	171.814	2286.41
-31604.0	7832.0	170.494	2331.37
-31604.0	7832.0	169.173	2344.12
-31604.0	7832.0	167.853	2305.75
-31604.0	7832.0	166.532	2295.79
-31604.0	7832.0	165.211	2359.63
-31604.0	7832.0	163.889	2345.88
-31604.0	7832.0	162.567	2352.94
-31604.0	7832.0	161.245	2399.71
-31604.0	7832.0	159.923	2365.16
-31604.0	7832.0	158.6	2381.66
-31604.0	7832.0	157.278	2396.27
-31604.0	7832.0	155.954	2459.99
-31604.0	7832.0	154.631	2436.79
-31604.0	7832.0	153.307	2449.49
-31604.0	7832.0	151.983	2511.27
-31604.0	7832.0	150.659	2401.23
-31604.0	7832.0	149.334	2504.52
-31604.0	7832.0	148.009	2460.58
-31604.0	7832.0	146.684	2467.6
-31604.0	7832.0	145.359	2440.66
-31604.0	7832.0	144.033	2389.22
-31604.0	7832.0	142.707	2447.15
-31604.0	7832.0	141.381	2424.0
-31604.0	7832.0	140.054	2398.98
-31604.0	7832.0	138.727	2372.08
-31604.0	7832.0	137.4	2394.17
-31604.0	7832.0	136.072	2403.07
-31604.0	7832.0	134.745	2413.85
-31604.0	7832.0	133.417	2370.04
-31604.0	7832.0	132.088	2407.16
-31604.0	7832.0	130.76	2410.41
-31604.0	7832.0	129.431	2466.33
-31604.0	7832.0	128.102	2369.87
-31604.0	7832.0	126.772	2390.04
-31604.0	7832.0	125.442	2366.97
-31604.0	7832.0	124.112	2355.18
-31604.0	7832.0	122.782	2373.46
-31604.0	7832.0	121.451	2325.98
-31604.0	7832.0	120.12	2349.9
-31604.0	7832.0	118.789	2304.32
-31604.0	7832.0	117.458	2380.8
-31604.0	7832.0	116.126	2247.0
-31604.0	7832.0	114.794	2276.55
-31604.0	7832.0	113.462	2292.94
-31604.0	7832.0	112.129	2313.08
-31604.0	7832.0	110.796	2282.58
-31604.0	7832.0	109.463	2238.95
-31604.0	7832.0	108.129	2234.72
-31604.0	7832.0	106.796	2163.01
-31604.0	7832.0	105.461	2151.3
-31604.0	7832.0	104.127	2094.63
-31604.0	7832.0	102.792	2088.56
-31604.0	7832.0	101.457	1990.72
-31604.0	7832.0	100.122	2005.27
-31604.0	7832.0	98.7867	1911.24
-31604.0	7832.0	97.4509	1948.26
-31604.0	7832.0	96.1148	1871.12
-31604.0	7832.0	94.7784	1898.78
-31604.0	7832.0	93.4418	1864.7
-31604.0	7832.0	92.1048	1888.61
-31604.0	7832.0	90.7676	1901.29
-31604.0	7832.0	89.43	1783.12
-31604.0	7832.0	88.0922	1691.17
-31604.0	7832.0	86.7541	1767.41
-31604.0	7832.0	85.4157	1757.69
