-31602.0	7834.0	1311.89	1944.29
-31602.0	7834.0	1310.78	1973.5
-31602.0	7834.0	1309.68	1948.21
-31602.0	7834.0	1308.58	1870.71
-31602.0	7834.0	1307.48	1968.01
-31602.0	7834.0	1306.38	2015.36
-31602.0	7834.0	1305.28	1856.19
-31602.0	7834.0	1304.18	1928.5
-31602.0	7834.0	1303.07	1898.7
-31602.0	7834.0	1301.97	1941.49
-31602.0	7834.0	1300.87	1957.05
-31602.0	7834.0	1299.77	1852.44
-31602.0	7834.0	1298.66	1924.69
-31602.0	7834.0	1297.56	1985.58
-31602.0	7834.0	1296.46	2050.98
-31602.0	7834.0	1295.35	1896.57
-31602.0	7834.0	1294.25	1937.04
-31602.0	7834.0	1293.15	1957.12
-31602.0	7834.0	1292.04	1920.57
-31602.0	7834.0	1290.94	1958.75
-31602.0	7834.0	1289.83	1999.19
-31602.0	7834.0	1288.73	1853.99
-31602.0	7834.0	1287.63	1951.02
-31602.0	7834.0	1286.52	1916.76
-31602.0	7834.0	1285.42	1898.35
-31602.0	7834.0	1284.31	1882.21
-31602.0	7834.0	1283.21	1927.14
-31602.0	7834.0	1282.1	1899.69
-31602.0	7834.0	1280.99	1953.65
-31602.0	7834.0	1279.89	1917.16
-31602.0	7834.0	1278.78	1891.99
-31602.0	7834.0	1277.68	1941.41
-31602.0	7834.0	1276.57	1812.29
-31602.0	7834.0	1275.46	1913.67
-31602.0	7834.0	1274.36	1935.95
-31602.0	7834.0	1273.25	1955.96
-31602.0	7834.0	1272.14	1957.9
-31602.0	7834.0	1271.04	1989.19
-31602.0	7834.0	1269.93	1921.15
-31602.0	7834.0	1268.82	1941.15
-31602.0	7834.0	1267.71	1927.29
-31602.0	7834.0	1266.61	1917.96
-31602.0	7834.0	1265.5	1886.06
-31602.0	7834.0	1264.39	1978.24
-31602.0	7834.0	1263.28	1894.47
-31602.0	7834.0	1262.17	1864.85
-31602.0	7834.0	1261.06	1884.83
-31602.0	7834.0	1259.95	1830.43
-31602.0	7834.0	1258.84	1744.48
-31602.0	7834.0	1257.74	1901.94
-31602.0	7834.0	1256.63	1930.92
-31602.0	7834.0	1255.52	1876.54
-31602.0	7834.0	1254.41	1867.23
-31602.0	7834.0	1253.3	1927.73
-31602.0	7834.0	1252.19	1918.41
-31602.0	7834.0	1251.08	1897.83
-31602.0	7834.0	1249.96	1942.54
-31602.0	7834.0	1248.85	1883.71
-31602.0	7834.0	1247.74	1894.65
-31602.0	7834.0	1246.63	1869.59
-31602.0	7834.0	1245.52	1858.04
-31602.0	7834.0	1244.41	1844.24
-31602.0	7834.0	1243.3	1911.4
-31602.0	7834.0	1242.18	1893.1
-31602.0	7834.0	1241.07	1901.78
-31602.0	7834.0	1239.96	1903.72
-31602.0	7834.0	1238.85	1919.14
-31602.0	7834.0	1237.74	1833.44
-31602.0	7834.0	1236.62	1882.57
-31602.0	7834.0	1235.51	1859.8
-31602.0	7834.0	1234.4	1861.74
-31602.0	7834.0	1233.28	1901.85
-31602.0	7834.0	1232.17	1923.99
-31602.0	7834.0	1231.06	1919.18
-31602.0	7834.0	1229.94	1860.51
-31602.0	7834.0	1228.83	1914.06
-31602.0	7834.0	1227.71	1918.23
-31602.0	7834.0	1226.6	1846.14
-31602.0	7834.0	1225.48	1825.65
-31602.0	7834.0	1224.37	1838.8
-31602.0	7834.0	1223.25	1934.91
-31602.0	7834.0	1222.14	1903.2
-31602.0	7834.0	1221.02	1851.34
-31602.0	7834.0	1219.91	1801.73
-31602.0	7834.0	1218.79	1810.4
-31602.0	7834.0	1217.68	1843.7
-31602.0	7834.0	1216.56	1876.99
-31602.0	7834.0	1215.44	1905.8
-31602.0	7834.0	1214.33	1809.2
-31602.0	7834.0	1213.21	1840.24
-31602.0	7834.0	1212.09	1848.89
-31602.0	7834.0	1210.98	1875.44
-31602.0	7834.0	1209.86	1848.28
-31602.0	7834.0	1208.74	1861.4
-31602.0	7834.0	1207.62	1899.12
-31602.0	7834.0	1206.51	1847.36
-31602.0	7834.0	1205.39	1869.42
-31602.0	7834.0	1204.27	1799.8
-31602.0	7834.0	1203.15	1855.38
-31602.0	7834.0	1202.03	1872.96
-31602.0	7834.0	1200.91	1861.47
-31602.0	7834.0	1199.8	1849.99
-31602.0	7834.0	1198.68	1889.89
-31602.0	7834.0	1197.56	1869.48
-31602.0	7834.0	1196.44	1871.4
-31602.0	7834.0	1195.32	1804.1
-31602.0	7834.0	1194.2	1830.59
-31602.0	7834.0	1193.08	1859.3
-31602.0	7834.0	1191.96	1858.99
-31602.0	7834.0	1190.84	1840.83
-31602.0	7834.0	1189.72	1844.99
-31602.0	7834.0	1188.6	1831.3
-31602.0	7834.0	1187.48	1822.07
-31602.0	7834.0	1186.35	1841.83
-31602.0	7834.0	1185.23	1892.8
-31602.0	7834.0	1184.11	1756.51
-31602.0	7834.0	1182.99	1747.3
-31602.0	7834.0	1181.87	1856.2
-31602.0	7834.0	1180.75	1853.66
-31602.0	7834.0	1179.62	1864.49
-31602.0	7834.0	1178.5	1833.0
-31602.0	7834.0	1177.38	1875.0
-31602.0	7834.0	1176.26	1934.8
-31602.0	7834.0	1175.13	1818.72
-31602.0	7834.0	1174.01	1813.96
-31602.0	7834.0	1172.89	1746.9
-31602.0	7834.0	1171.76	1886.78
-31602.0	7834.0	1170.64	1853.09
-31602.0	7834.0	1169.51	1814.97
-31602.0	7834.0	1168.39	1819.11
-31602.0	7834.0	1167.27	1781.0
-31602.0	7834.0	1166.14	1751.8
-31602.0	7834.0	1165.02	1778.18
-31602.0	7834.0	1163.89	1757.88
-31602.0	7834.0	1162.77	1819.8
-31602.0	7834.0	1161.64	1768.4
-31602.0	7834.0	1160.52	1870.27
-31602.0	7834.0	1159.39	1821.1
-31602.0	7834.0	1158.26	1774.16
-31602.0	7834.0	1157.14	1745.0
-31602.0	7834.0	1156.01	1820.18
-31602.0	7834.0	1154.88	1828.75
-31602.0	7834.0	1153.76	1859.5
-31602.0	7834.0	1152.63	1799.29
-31602.0	7834.0	1151.5	1825.6
-31602.0	7834.0	1150.38	1823.07
-31602.0	7834.0	1149.25	1805.03
-31602.0	7834.0	1148.12	1791.42
-31602.0	7834.0	1146.99	1773.38
-31602.0	7834.0	1145.87	1817.41
-31602.0	7834.0	1144.74	1856.99
-31602.0	7834.0	1143.61	1734.81
-31602.0	7834.0	1142.48	1756.67
-31602.0	7834.0	1141.35	1725.36
-31602.0	7834.0	1140.22	1756.07
-31602.0	7834.0	1139.09	1722.56
-31602.0	7834.0	1137.97	1786.47
-31602.0	7834.0	1136.84	1783.95
-31602.0	7834.0	1135.71	1739.39
-31602.0	7834.0	1134.58	1789.98
-31602.0	7834.0	1133.45	1725.52
-31602.0	7834.0	1132.32	1740.71
-31602.0	7834.0	1131.19	1735.99
-31602.0	7834.0	1130.05	1797.61
-31602.0	7834.0	1128.92	1812.77
-31602.0	7834.0	1127.79	1779.31
-31602.0	7834.0	1126.66	1860.77
-31602.0	7834.0	1125.53	1716.83
-31602.0	7834.0	1124.4	1707.7
-31602.0	7834.0	1123.27	1800.18
-31602.0	7834.0	1122.13	1698.29
-31602.0	7834.0	1121.0	1768.65
-31602.0	7834.0	1119.87	1717.57
-31602.0	7834.0	1118.74	1708.45
-31602.0	7834.0	1117.6	1730.23
-31602.0	7834.0	1116.47	1703.45
-31602.0	7834.0	1115.34	1700.95
-31602.0	7834.0	1114.2	1775.66
-31602.0	7834.0	1113.07	1740.07
-31602.0	7834.0	1111.94	1761.82
-31602.0	7834.0	1110.8	1781.36
-31602.0	7834.0	1109.67	1827.34
-31602.0	7834.0	1108.54	1745.48
-31602.0	7834.0	1107.4	1718.74
-31602.0	7834.0	1106.27	1683.2
-31602.0	7834.0	1105.13	1766.61
-31602.0	7834.0	1104.0	1702.44
-31602.0	7834.0	1102.86	1726.37
-31602.0	7834.0	1101.72	1776.71
-31602.0	7834.0	1100.59	1659.73
-31602.0	7834.0	1099.45	1758.49
-31602.0	7834.0	1098.32	1760.38
-31602.0	7834.0	1097.18	1790.88
-31602.0	7834.0	1096.04	1781.77
-31602.0	7834.0	1094.91	1790.26
-31602.0	7834.0	1093.77	1739.38
-31602.0	7834.0	1092.63	1723.69
-31602.0	7834.0	1091.5	1778.34
-31602.0	7834.0	1090.36	1802.21
-31602.0	7834.0	1089.22	1744.77
-31602.0	7834.0	1088.08	1713.71
-31602.0	7834.0	1086.95	1733.18
-31602.0	7834.0	1085.81	1669.19
-31602.0	7834.0	1084.67	1765.52
-31602.0	7834.0	1083.53	1776.19
-31602.0	7834.0	1082.39	1725.39
-31602.0	7834.0	1081.25	1606.57
-31602.0	7834.0	1080.11	1733.57
-31602.0	7834.0	1078.97	1726.69
-31602.0	7834.0	1077.83	1649.61
-31602.0	7834.0	1076.69	1783.11
-31602.0	7834.0	1075.55	1723.59
-31602.0	7834.0	1074.41	1653.13
-31602.0	7834.0	1073.27	1771.22
-31602.0	7834.0	1072.13	1698.58
-31602.0	7834.0	1070.99	1671.99
-31602.0	7834.0	1069.85	1636.64
-31602.0	7834.0	1068.71	1697.7
-31602.0	7834.0	1067.57	1701.78
-31602.0	7834.0	1066.43	1703.67
-31602.0	7834.0	1065.28	1753.73
-31602.0	7834.0	1064.14	1722.78
-31602.0	7834.0	1063.0	1753.12
-31602.0	7834.0	1061.86	1667.47
-31602.0	7834.0	1060.71	1715.31
-31602.0	7834.0	1059.57	1701.89
-31602.0	7834.0	1058.43	1649.1
-31602.0	7834.0	1057.29	1692.54
-31602.0	7834.0	1056.14	1681.31
-31602.0	7834.0	1055.0	1667.9
-31602.0	7834.0	1053.85	1728.81
-31602.0	7834.0	1052.71	1706.65
-31602.0	7834.0	1051.57	1697.61
-31602.0	7834.0	1050.42	1730.08
-31602.0	7834.0	1049.28	1729.78
-31602.0	7834.0	1048.13	1749.13
-31602.0	7834.0	1046.99	1746.64
-31602.0	7834.0	1045.84	1693.94
-31602.0	7834.0	1044.7	1737.29
-31602.0	7834.0	1043.55	1691.16
-31602.0	7834.0	1042.4	1725.77
-31602.0	7834.0	1041.26	1769.1
-31602.0	7834.0	1040.11	1670.64
-31602.0	7834.0	1038.97	1753.21
-31602.0	7834.0	1037.82	1694.03
-31602.0	7834.0	1036.67	1759.13
-31602.0	7834.0	1035.53	1761.0
-31602.0	7834.0	1034.38	1695.31
-31602.0	7834.0	1033.23	1692.84
-31602.0	7834.0	1032.08	1762.24
-31602.0	7834.0	1030.94	1740.15
-31602.0	7834.0	1029.79	1630.97
-31602.0	7834.0	1028.64	1796.14
-31602.0	7834.0	1027.49	1739.23
-31602.0	7834.0	1026.34	1699.75
-31602.0	7834.0	1025.19	1727.73
-31602.0	7834.0	1024.04	1712.2
-31602.0	7834.0	1022.89	1801.08
-31602.0	7834.0	1021.74	1811.63
-31602.0	7834.0	1020.59	1830.88
-31602.0	7834.0	1019.45	1743.59
-31602.0	7834.0	1018.29	1741.11
-31602.0	7834.0	1017.14	1682.12
-31602.0	7834.0	1015.99	1747.01
-31602.0	7834.0	1014.84	1777.11
-31602.0	7834.0	1013.69	1765.94
-31602.0	7834.0	1012.54	1791.68
-31602.0	7834.0	1011.39	1782.68
-31602.0	7834.0	1010.24	1725.92
-31602.0	7834.0	1009.09	1760.34
-31602.0	7834.0	1007.93	1744.83
-31602.0	7834.0	1006.78	1807.45
-31602.0	7834.0	1005.63	1804.95
-31602.0	7834.0	1004.48	1891.39
-31602.0	7834.0	1003.32	1750.09
-31602.0	7834.0	1002.17	1799.65
-31602.0	7834.0	1001.02	1873.04
-31602.0	7834.0	999.865	1885.71
-31602.0	7834.0	998.711	1887.54
-31602.0	7834.0	997.558	1878.53
-31602.0	7834.0	996.403	1837.04
-31602.0	7834.0	995.249	1799.89
-31602.0	7834.0	994.095	1879.69
-31602.0	7834.0	992.94	1959.46
-31602.0	7834.0	991.785	1959.11
-31602.0	7834.0	990.63	1947.94
-31602.0	7834.0	989.475	1947.59
-31602.0	7834.0	988.319	1973.2
-31602.0	7834.0	987.164	2055.05
-31602.0	7834.0	986.008	1931.4
-31602.0	7834.0	984.852	1993.76
-31602.0	7834.0	983.695	2069.07
-31602.0	7834.0	982.539	2062.22
-31602.0	7834.0	981.382	2076.98
-31602.0	7834.0	980.225	2031.22
-31602.0	7834.0	979.068	2022.22
-31602.0	7834.0	977.911	2047.77
-31602.0	7834.0	976.753	2051.72
-31602.0	7834.0	975.595	2053.51
-31602.0	7834.0	974.437	2050.98
-31602.0	7834.0	973.279	2132.64
-31602.0	7834.0	972.121	2132.25
-31602.0	7834.0	970.962	2062.82
-31602.0	7834.0	969.803	2099.12
-31602.0	7834.0	968.644	2120.31
-31602.0	7834.0	967.485	2014.25
-31602.0	7834.0	966.326	2067.79
-31602.0	7834.0	965.166	2028.62
-31602.0	7834.0	964.006	2118.78
-31602.0	7834.0	962.846	2094.69
-31602.0	7834.0	961.686	2044.75
-31602.0	7834.0	960.525	2156.4
-31602.0	7834.0	959.365	2080.62
-31602.0	7834.0	958.204	2084.55
-31602.0	7834.0	957.043	2127.24
-31602.0	7834.0	955.881	2139.77
-31602.0	7834.0	954.72	2130.77
-31602.0	7834.0	953.558	2138.99
-31602.0	7834.0	952.396	2093.42
-31602.0	7834.0	951.234	2108.1
-31602.0	7834.0	950.071	2004.48
-31602.0	7834.0	948.909	2064.32
-31602.0	7834.0	947.746	2126.29
-31602.0	7834.0	946.583	2093.66
-31602.0	7834.0	945.42	2189.99
-31602.0	7834.0	944.256	2144.47
-31602.0	7834.0	943.092	2167.71
-31602.0	7834.0	941.929	2120.06
-31602.0	7834.0	940.765	2050.95
-31602.0	7834.0	939.6	2104.26
-31602.0	7834.0	938.436	2176.86
-31602.0	7834.0	937.271	2097.05
-31602.0	7834.0	936.106	2090.23
-31602.0	7834.0	934.941	2083.41
-31602.0	7834.0	933.775	2037.98
-31602.0	7834.0	932.61	1990.42
-31602.0	7834.0	931.444	1981.47
-31602.0	7834.0	930.278	1974.68
-31602.0	7834.0	929.112	1912.15
-31602.0	7834.0	927.945	1856.08
-31602.0	7834.0	926.779	1851.45
-31602.0	7834.0	925.612	1874.68
-31602.0	7834.0	924.445	1906.46
-31602.0	7834.0	923.278	1882.56
-31602.0	7834.0	922.11	1865.08
-31602.0	7834.0	920.942	1815.5
-31602.0	7834.0	919.774	1969.28
-31602.0	7834.0	918.606	1964.64
-31602.0	7834.0	917.438	1863.71
-31602.0	7834.0	916.269	1882.62
-31602.0	7834.0	915.1	1869.44
-31602.0	7834.0	913.931	1794.24
-31602.0	7834.0	912.762	1757.56
-31602.0	7834.0	911.593	1834.2
-31602.0	7834.0	910.423	1767.6
-31602.0	7834.0	909.253	1803.61
-31602.0	7834.0	908.083	1846.0
-31602.0	7834.0	906.913	1764.49
-31602.0	7834.0	905.742	1759.89
-31602.0	7834.0	904.572	1701.91
-31602.0	7834.0	903.401	1693.06
-31602.0	7834.0	902.229	1773.86
-31602.0	7834.0	901.058	1767.13
-31602.0	7834.0	899.886	1683.58
-31602.0	7834.0	898.715	1768.61
-31602.0	7834.0	897.543	1732.02
-31602.0	7834.0	896.37	1770.08
-31602.0	7834.0	895.198	1782.55
-31602.0	7834.0	894.025	1726.79
-31602.0	7834.0	892.852	1843.7
-31602.0	7834.0	891.679	1738.94
-31602.0	7834.0	890.506	1702.39
-31602.0	7834.0	889.332	1714.86
-31602.0	7834.0	888.158	1712.41
-31602.0	7834.0	886.984	1767.46
-31602.0	7834.0	885.81	1652.16
-31602.0	7834.0	884.636	1783.83
-31602.0	7834.0	883.461	1745.19
-31602.0	7834.0	882.286	1702.3
-31602.0	7834.0	881.111	1653.05
-31602.0	7834.0	879.936	1710.18
-31602.0	7834.0	878.76	1765.15
-31602.0	7834.0	877.584	1667.01
-31602.0	7834.0	876.408	1692.21
-31602.0	7834.0	875.232	1651.51
-31602.0	7834.0	874.056	1674.58
-31602.0	7834.0	872.879	1697.64
-31602.0	7834.0	871.702	1684.58
-31602.0	7834.0	870.525	1697.01
-31602.0	7834.0	869.348	1662.71
-31602.0	7834.0	868.17	1711.23
-31602.0	7834.0	866.993	1723.65
-31602.0	7834.0	865.815	1712.72
-31602.0	7834.0	864.637	1659.35
-31602.0	7834.0	863.458	1639.94
-31602.0	7834.0	862.28	1667.21
-31602.0	7834.0	861.101	1679.62
-31602.0	7834.0	859.922	1679.31
-31602.0	7834.0	858.742	1655.67
-31602.0	7834.0	857.563	1636.28
-31602.0	7834.0	856.383	1754.65
-31602.0	7834.0	855.203	1775.51
-31602.0	7834.0	854.023	1722.21
-31602.0	7834.0	852.843	1685.89
-31602.0	7834.0	851.662	1651.69
-31602.0	7834.0	850.481	1655.61
-31602.0	7834.0	849.3	1693.4
-31602.0	7834.0	848.119	1741.76
-31602.0	7834.0	846.937	1711.81
-31602.0	7834.0	845.756	1626.86
-31602.0	7834.0	844.574	1656.17
-31602.0	7834.0	843.392	1681.23
-31602.0	7834.0	842.209	1678.8
-31602.0	7834.0	841.027	1737.68
-31602.0	7834.0	839.844	1705.64
-31602.0	7834.0	838.661	1641.93
-31602.0	7834.0	837.477	1614.15
-31602.0	7834.0	836.294	1656.09
-31602.0	7834.0	835.11	1668.45
-31602.0	7834.0	833.926	1777.94
-31602.0	7834.0	832.742	1783.93
-31602.0	7834.0	831.558	1684.39
-31602.0	7834.0	830.373	1671.41
-31602.0	7834.0	829.188	1704.85
-31602.0	7834.0	828.003	1679.21
-31602.0	7834.0	826.818	1718.97
-31602.0	7834.0	825.632	1689.12
-31602.0	7834.0	824.446	1671.93
-31602.0	7834.0	823.26	1629.46
-31602.0	7834.0	822.074	1675.51
-31602.0	7834.0	820.888	1708.91
-31602.0	7834.0	819.701	1723.33
-31602.0	7834.0	818.514	1670.35
-31602.0	7834.0	817.327	1674.24
-31602.0	7834.0	816.14	1694.98
-31602.0	7834.0	814.952	1705.18
-31602.0	7834.0	813.765	1717.49
-31602.0	7834.0	812.577	1618.25
-31602.0	7834.0	811.388	1718.94
-31602.0	7834.0	810.2	1689.16
-31602.0	7834.0	809.011	1678.32
-31602.0	7834.0	807.822	1699.03
-31602.0	7834.0	806.633	1623.02
-31602.0	7834.0	805.444	1673.16
-31602.0	7834.0	804.254	1662.33
-31602.0	7834.0	803.064	1733.45
-31602.0	7834.0	801.874	1676.4
-31602.0	7834.0	800.684	1671.88
-31602.0	7834.0	799.493	1684.16
-31602.0	7834.0	798.303	1694.33
-31602.0	7834.0	797.112	1744.39
-31602.0	7834.0	795.921	1678.99
-31602.0	7834.0	794.729	1672.38
-31602.0	7834.0	793.538	1707.72
-31602.0	7834.0	792.346	1694.81
-31602.0	7834.0	791.154	1688.19
-31602.0	7834.0	789.961	1664.8
-31602.0	7834.0	788.769	1712.7
-31602.0	7834.0	787.576	1691.41
-31602.0	7834.0	786.383	1670.13
-31602.0	7834.0	785.19	1638.39
-31602.0	7834.0	783.996	1659.02
-31602.0	7834.0	782.802	1646.13
-31602.0	7834.0	781.608	1658.38
-31602.0	7834.0	780.414	1601.54
-31602.0	7834.0	779.22	1664.02
-31602.0	7834.0	778.025	1657.42
-31602.0	7834.0	776.83	1627.81
-31602.0	7834.0	775.635	1623.31
-31602.0	7834.0	774.44	1637.64
-31602.0	7834.0	773.244	1685.42
-31602.0	7834.0	772.049	1712.28
-31602.0	7834.0	770.853	1665.96
-31602.0	7834.0	769.656	1667.73
-31602.0	7834.0	768.46	1631.88
-31602.0	7834.0	767.263	1648.28
-31602.0	7834.0	766.066	1641.7
-31602.0	7834.0	764.869	1674.79
-31602.0	7834.0	763.672	1618.1
-31602.0	7834.0	762.474	1711.72
-31602.0	7834.0	761.276	1642.51
-31602.0	7834.0	760.078	1650.54
-31602.0	7834.0	758.88	1691.95
-31602.0	7834.0	757.681	1695.79
-31602.0	7834.0	756.483	1672.52
-31602.0	7834.0	755.284	1670.12
-31602.0	7834.0	754.084	1648.95
-31602.0	7834.0	752.885	1590.27
-31602.0	7834.0	751.685	1627.47
-31602.0	7834.0	750.485	1608.4
-31602.0	7834.0	749.285	1699.74
-31602.0	7834.0	748.085	1682.75
-31602.0	7834.0	746.884	1674.09
-31602.0	7834.0	745.683	1675.85
-31602.0	7834.0	744.482	1746.29
-31602.0	7834.0	743.281	1673.12
-31602.0	7834.0	742.079	1643.66
-31602.0	7834.0	740.877	1705.75
-31602.0	7834.0	739.675	1626.39
-31602.0	7834.0	738.473	1626.07
-31602.0	7834.0	737.27	1584.17
-31602.0	7834.0	736.068	1617.12
-31602.0	7834.0	734.865	1593.95
-31602.0	7834.0	733.661	1618.57
-31602.0	7834.0	732.458	1580.86
-31602.0	7834.0	731.254	1626.25
-31602.0	7834.0	730.05	1659.15
-31602.0	7834.0	728.846	1596.54
-31602.0	7834.0	727.642	1668.88
-31602.0	7834.0	726.437	1587.62
-31602.0	7834.0	725.232	1680.68
-31602.0	7834.0	724.027	1707.32
-31602.0	7834.0	722.822	1650.99
-31602.0	7834.0	721.616	1656.88
-31602.0	7834.0	720.41	1664.85
-31602.0	7834.0	719.204	1687.33
-31602.0	7834.0	717.998	1674.56
-31602.0	7834.0	716.791	1699.1
-31602.0	7834.0	715.585	1675.98
-31602.0	7834.0	714.378	1864.13
-31602.0	7834.0	713.17	1725.02
-31602.0	7834.0	711.963	1629.44
-31602.0	7834.0	710.755	1651.89
-31602.0	7834.0	709.547	1659.85
-31602.0	7834.0	708.339	1642.97
-31602.0	7834.0	707.131	1715.05
-31602.0	7834.0	705.922	1646.46
-31602.0	7834.0	704.713	1714.38
-31602.0	7834.0	703.504	1705.77
-31602.0	7834.0	702.295	1639.28
-31602.0	7834.0	701.085	1649.3
-31602.0	7834.0	699.875	1671.7
-31602.0	7834.0	698.665	1702.36
-31602.0	7834.0	697.455	1640.06
-31602.0	7834.0	696.244	1742.99
-31602.0	7834.0	695.034	1719.94
-31602.0	7834.0	693.822	1684.51
-31602.0	7834.0	692.611	1729.58
-31602.0	7834.0	691.4	1718.92
-31602.0	7834.0	690.188	1714.45
-31602.0	7834.0	688.976	1679.05
-31602.0	7834.0	687.764	1662.22
-31602.0	7834.0	686.551	1686.63
-31602.0	7834.0	685.339	1735.78
-31602.0	7834.0	684.126	1774.59
-31602.0	7834.0	682.912	1753.64
-31602.0	7834.0	681.699	1726.51
-31602.0	7834.0	680.485	1771.48
-31602.0	7834.0	679.271	1762.89
-31602.0	7834.0	678.057	1774.9
-31602.0	7834.0	676.843	1714.85
-31602.0	7834.0	675.628	1753.61
-31602.0	7834.0	674.413	1769.73
-31602.0	7834.0	673.198	1802.29
-31602.0	7834.0	671.983	1810.16
-31602.0	7834.0	670.767	1764.56
-31602.0	7834.0	669.551	1782.72
-31602.0	7834.0	668.335	1788.53
-31602.0	7834.0	667.119	1843.67
-31602.0	7834.0	665.902	1767.27
-31602.0	7834.0	664.686	1783.35
-31602.0	7834.0	663.469	1815.87
-31602.0	7834.0	662.251	1739.52
-31602.0	7834.0	661.034	1739.17
-31602.0	7834.0	659.816	1751.14
-31602.0	7834.0	658.598	1781.58
-31602.0	7834.0	657.38	1777.12
-31602.0	7834.0	656.161	1791.13
-31602.0	7834.0	654.942	1786.67
-31602.0	7834.0	653.723	1864.25
-31602.0	7834.0	652.504	1773.65
-31602.0	7834.0	651.285	1765.1
-31602.0	7834.0	650.065	1834.44
-31602.0	7834.0	648.845	1704.97
-31602.0	7834.0	647.625	1772.24
-31602.0	7834.0	646.404	1812.85
-31602.0	7834.0	645.184	1806.35
-31602.0	7834.0	643.963	1887.89
-31602.0	7834.0	642.742	1768.78
-31602.0	7834.0	641.52	1776.61
-31602.0	7834.0	640.298	1798.76
-31602.0	7834.0	639.076	1784.08
-31602.0	7834.0	637.854	1912.59
-31602.0	7834.0	636.632	1895.85
-31602.0	7834.0	635.409	1803.46
-31602.0	7834.0	634.186	1864.43
-31602.0	7834.0	632.963	1751.64
-31602.0	7834.0	631.74	1873.9
-31602.0	7834.0	630.516	1804.05
-31602.0	7834.0	629.292	1842.5
-31602.0	7834.0	628.068	1852.35
-31602.0	7834.0	626.844	1847.89
-31602.0	7834.0	625.619	1747.49
-31602.0	7834.0	624.394	1792.04
-31602.0	7834.0	623.169	1816.17
-31602.0	7834.0	621.944	1850.49
-31602.0	7834.0	620.718	1799.12
-31602.0	7834.0	619.492	1819.15
-31602.0	7834.0	618.266	1855.49
-31602.0	7834.0	617.04	1826.57
-31602.0	7834.0	615.813	1836.4
-31602.0	7834.0	614.587	1836.03
-31602.0	7834.0	613.36	1825.47
-31602.0	7834.0	612.132	1835.29
-31602.0	7834.0	610.905	1818.62
-31602.0	7834.0	609.677	1744.96
-31602.0	7834.0	608.449	1850.46
-31602.0	7834.0	607.22	1782.92
-31602.0	7834.0	605.992	1778.5
-31602.0	7834.0	604.763	1916.48
-31602.0	7834.0	603.534	1844.9
-31602.0	7834.0	602.305	1895.37
-31602.0	7834.0	601.075	1836.02
-31602.0	7834.0	599.845	1770.6
-31602.0	7834.0	598.615	1819.02
-31602.0	7834.0	597.385	1808.49
-31602.0	7834.0	596.154	1860.95
-31602.0	7834.0	594.924	1868.7
-31602.0	7834.0	593.693	1850.04
-31602.0	7834.0	592.461	1855.76
-31602.0	7834.0	591.23	1810.72
-31602.0	7834.0	589.998	1790.06
-31602.0	7834.0	588.766	1793.76
-31602.0	7834.0	587.534	1789.34
-31602.0	7834.0	586.301	1807.23
-31602.0	7834.0	585.068	1784.56
-31602.0	7834.0	583.835	1855.16
-31602.0	7834.0	582.602	1789.91
-31602.0	7834.0	581.368	1805.76
-31602.0	7834.0	580.134	1825.66
-31602.0	7834.0	578.9	1833.39
-31602.0	7834.0	577.666	1760.1
-31602.0	7834.0	576.432	1858.97
-31602.0	7834.0	575.197	1797.86
-31602.0	7834.0	573.962	1757.01
-31602.0	7834.0	572.726	1831.53
-31602.0	7834.0	571.491	1814.97
-31602.0	7834.0	570.255	1802.46
-31602.0	7834.0	569.019	1836.48
-31602.0	7834.0	567.783	1886.66
-31602.0	7834.0	566.546	1894.36
-31602.0	7834.0	565.309	1823.23
-31602.0	7834.0	564.072	1847.11
-31602.0	7834.0	562.835	1877.04
-31602.0	7834.0	561.597	1844.34
-31602.0	7834.0	560.359	1858.1
-31602.0	7834.0	559.121	1863.78
-31602.0	7834.0	557.883	1883.58
-31602.0	7834.0	556.644	1858.98
-31602.0	7834.0	555.406	1909.05
-31602.0	7834.0	554.167	1971.21
-31602.0	7834.0	552.927	2029.3
-31602.0	7834.0	551.688	1988.55
-31602.0	7834.0	550.448	2038.55
-31602.0	7834.0	549.208	2090.55
-31602.0	7834.0	547.967	2092.14
-31602.0	7834.0	546.727	2059.47
-31602.0	7834.0	545.486	2161.8
-31602.0	7834.0	544.245	2264.09
-31602.0	7834.0	543.003	2285.78
-31602.0	7834.0	541.762	2261.15
-31602.0	7834.0	540.52	2246.59
-31602.0	7834.0	539.278	2318.59
-31602.0	7834.0	538.035	2414.7
-31602.0	7834.0	536.793	2561.07
-31602.0	7834.0	535.55	2663.13
-31602.0	7834.0	534.307	2815.42
-31602.0	7834.0	533.063	2921.4
-31602.0	7834.0	531.82	3254.49
-31602.0	7834.0	530.576	3657.79
-31602.0	7834.0	529.331	4087.04
-31602.0	7834.0	528.087	4863.67
-31602.0	7834.0	526.842	5891.04
-31602.0	7834.0	525.597	7472.23
-31602.0	7834.0	524.352	9763.5
-31602.0	7834.0	523.107	14107.3
-31602.0	7834.0	521.861	20245.5
-31602.0	7834.0	520.615	23628.2
-31602.0	7834.0	519.369	21224.1
-31602.0	7834.0	518.122	17844.2
-31602.0	7834.0	516.876	14820.7
-31602.0	7834.0	515.629	12660.4
-31602.0	7834.0	514.381	10705.5
-31602.0	7834.0	513.134	9394.73
-31602.0	7834.0	511.886	8395.01
-31602.0	7834.0	510.638	7584.0
-31602.0	7834.0	509.39	7039.69
-31602.0	7834.0	508.141	6497.6
-31602.0	7834.0	506.892	6215.99
-31602.0	7834.0	505.643	5952.51
-31602.0	7834.0	504.394	5655.12
-31602.0	7834.0	503.145	5367.85
-31602.0	7834.0	501.895	5178.72
-31602.0	7834.0	500.645	5223.64
-31602.0	7834.0	499.394	5248.56
-31602.0	7834.0	498.144	4951.62
-31602.0	7834.0	496.893	4990.57
-31602.0	7834.0	495.642	4853.65
-31602.0	7834.0	494.39	4674.85
-31602.0	7834.0	493.139	4522.08
-31602.0	7834.0	491.887	4423.29
-31602.0	7834.0	490.635	4312.57
-31602.0	7834.0	489.382	4259.77
-31602.0	7834.0	488.13	4089.25
-31602.0	7834.0	486.877	4042.51
-31602.0	7834.0	485.623	3975.84
-31602.0	7834.0	484.37	3879.29
-31602.0	7834.0	483.116	3874.49
-31602.0	7834.0	481.862	3740.11
-31602.0	7834.0	480.608	3757.28
-31602.0	7834.0	479.354	3764.47
-31602.0	7834.0	478.099	3590.35
-31602.0	7834.0	476.844	3685.22
-31602.0	7834.0	475.588	3507.2
-31602.0	7834.0	474.333	3655.81
-31602.0	7834.0	473.077	3531.63
-31602.0	7834.0	471.821	3554.78
-31602.0	7834.0	470.565	3440.61
-31602.0	7834.0	469.308	3338.43
-31602.0	7834.0	468.051	3355.64
-31602.0	7834.0	466.794	3243.57
-31602.0	7834.0	465.537	3288.63
-31602.0	7834.0	464.279	3242.22
-31602.0	7834.0	463.021	3179.94
-31602.0	7834.0	461.763	3193.19
-31602.0	7834.0	460.505	3158.75
-31602.0	7834.0	459.246	3114.39
-31602.0	7834.0	457.987	3099.84
-31602.0	7834.0	456.728	3055.52
-31602.0	7834.0	455.469	2997.32
-31602.0	7834.0	454.209	2921.28
-31602.0	7834.0	452.949	2948.45
-31602.0	7834.0	451.689	2890.31
-31602.0	7834.0	450.428	2840.12
-31602.0	7834.0	449.167	2825.65
-31602.0	7834.0	447.906	2880.57
-31602.0	7834.0	446.645	2832.4
-31602.0	7834.0	445.383	2829.82
-31602.0	7834.0	444.122	2797.53
-31602.0	7834.0	442.86	2820.72
-31602.0	7834.0	441.597	2762.7
-31602.0	7834.0	440.335	2669.06
-31602.0	7834.0	439.072	2795.2
-31602.0	7834.0	437.809	2743.15
-31602.0	7834.0	436.545	2758.41
-31602.0	7834.0	435.281	2734.09
-31602.0	7834.0	434.018	2794.84
-31602.0	7834.0	432.753	2671.65
-31602.0	7834.0	431.489	2710.63
-31602.0	7834.0	430.224	2678.43
-31602.0	7834.0	428.959	2737.16
-31602.0	7834.0	427.694	2683.24
-31602.0	7834.0	426.428	2581.93
-31602.0	7834.0	425.163	2664.34
-31602.0	7834.0	423.896	2539.38
-31602.0	7834.0	422.63	2661.25
-31602.0	7834.0	421.364	2660.69
-31602.0	7834.0	420.097	2602.91
-31602.0	7834.0	418.83	2631.96
-31602.0	7834.0	417.562	2517.0
-31602.0	7834.0	416.295	2490.83
-31602.0	7834.0	415.027	2484.39
-31602.0	7834.0	413.758	2541.04
-31602.0	7834.0	412.49	2562.18
-31602.0	7834.0	411.221	2577.41
-31602.0	7834.0	409.952	2509.89
-31602.0	7834.0	408.683	2560.57
-31602.0	7834.0	407.414	2563.97
-31602.0	7834.0	406.144	2488.62
-31602.0	7834.0	404.874	2509.75
-31602.0	7834.0	403.603	2499.38
-31602.0	7834.0	402.333	2471.31
-31602.0	7834.0	401.062	2486.52
-31602.0	7834.0	399.791	2425.03
-31602.0	7834.0	398.519	2495.31
-31602.0	7834.0	397.248	2386.66
-31602.0	7834.0	395.976	2421.54
-31602.0	7834.0	394.704	2403.34
-31602.0	7834.0	393.431	2446.06
-31602.0	7834.0	392.159	2500.54
-31602.0	7834.0	390.886	2545.18
-31602.0	7834.0	389.612	2501.45
-31602.0	7834.0	388.339	2373.33
-31602.0	7834.0	387.065	2504.32
-31602.0	7834.0	385.791	2460.63
-31602.0	7834.0	384.517	2403.22
-31602.0	7834.0	383.242	2418.4
-31602.0	7834.0	381.967	2474.76
-31602.0	7834.0	380.692	2462.47
-31602.0	7834.0	379.417	2536.44
-31602.0	7834.0	378.141	2477.11
-31602.0	7834.0	376.865	2460.91
-31602.0	7834.0	375.589	2403.59
-31602.0	7834.0	374.312	2407.0
-31602.0	7834.0	373.035	2522.01
-31602.0	7834.0	371.758	2404.02
-31602.0	7834.0	370.481	2391.77
-31602.0	7834.0	369.204	2387.35
-31602.0	7834.0	367.926	2408.37
-31602.0	7834.0	366.648	2409.81
-31602.0	7834.0	365.369	2473.84
-31602.0	7834.0	364.091	2397.06
-31602.0	7834.0	362.812	2470.84
-31602.0	7834.0	361.532	2458.59
-31602.0	7834.0	360.253	2428.76
-31602.0	7834.0	358.973	2439.97
-31602.0	7834.0	357.693	2501.95
-31602.0	7834.0	356.413	2419.41
-31602.0	7834.0	355.132	2543.84
-31602.0	7834.0	353.852	2504.26
-31602.0	7834.0	352.571	2441.29
-31602.0	7834.0	351.289	2456.38
-31602.0	7834.0	350.008	2457.81
-31602.0	7834.0	348.726	2433.89
-31602.0	7834.0	347.444	2484.06
-31602.0	7834.0	346.161	2440.65
-31602.0	7834.0	344.878	2484.96
-31602.0	7834.0	343.595	2449.36
-31602.0	7834.0	342.312	2480.01
-31602.0	7834.0	341.029	2475.59
-31602.0	7834.0	339.745	2463.38
-31602.0	7834.0	338.461	2567.99
-31602.0	7834.0	337.176	2608.32
-31602.0	7834.0	335.892	2504.63
-31602.0	7834.0	334.607	2597.49
-31602.0	7834.0	333.322	2503.56
-31602.0	7834.0	332.036	2602.22
-31602.0	7834.0	330.75	2523.89
-31602.0	7834.0	329.464	2527.24
-31602.0	7834.0	328.178	2573.35
-31602.0	7834.0	326.892	2582.52
-31602.0	7834.0	325.605	2618.88
-31602.0	7834.0	324.318	2548.4
-31602.0	7834.0	323.03	2611.94
-31602.0	7834.0	321.743	2623.04
-31602.0	7834.0	320.455	2669.07
-31602.0	7834.0	319.167	2573.4
-31602.0	7834.0	317.878	2648.53
-31602.0	7834.0	316.59	2651.84
-31602.0	7834.0	315.301	2587.28
-31602.0	7834.0	314.011	2586.72
-31602.0	7834.0	312.722	2605.56
-31602.0	7834.0	311.432	2657.34
-31602.0	7834.0	310.142	2635.46
-31602.0	7834.0	308.851	2644.58
-31602.0	7834.0	307.561	2737.0
-31602.0	7834.0	306.27	2670.57
-31602.0	7834.0	304.979	2737.77
-31602.0	7834.0	303.687	2791.38
-31602.0	7834.0	302.395	2754.02
-31602.0	7834.0	301.103	2794.06
-31602.0	7834.0	299.811	2741.24
-31602.0	7834.0	298.519	2752.26
-31602.0	7834.0	297.226	2720.73
-31602.0	7834.0	295.933	2696.95
-31602.0	7834.0	294.639	2615.19
-31602.0	7834.0	293.345	2661.01
-31602.0	7834.0	292.052	2650.79
-31602.0	7834.0	290.757	2625.11
-31602.0	7834.0	289.463	2560.82
-31602.0	7834.0	288.168	2643.3
-31602.0	7834.0	286.873	2604.12
-31602.0	7834.0	285.578	2617.08
-31602.0	7834.0	284.282	2579.86
-31602.0	7834.0	282.986	2594.74
-31602.0	7834.0	281.69	2540.18
-31602.0	7834.0	280.393	2501.07
-31602.0	7834.0	279.097	2506.32
-31602.0	7834.0	277.8	2486.51
-31602.0	7834.0	276.502	2499.47
-31602.0	7834.0	275.205	2547.1
-31602.0	7834.0	273.907	2456.02
-31602.0	7834.0	272.609	2482.46
-31602.0	7834.0	271.311	2381.8
-31602.0	7834.0	270.012	2423.64
-31602.0	7834.0	268.713	2434.67
-31602.0	7834.0	267.414	2393.74
-31602.0	7834.0	266.114	2354.75
-31602.0	7834.0	264.814	2400.41
-31602.0	7834.0	263.514	2378.74
-31602.0	7834.0	262.214	2297.49
-31602.0	7834.0	260.913	2371.96
-31602.0	7834.0	259.613	2344.55
-31602.0	7834.0	258.311	2299.85
-31602.0	7834.0	257.01	2332.02
-31602.0	7834.0	255.708	2266.22
-31602.0	7834.0	254.406	2313.74
-31602.0	7834.0	253.104	2269.09
-31602.0	7834.0	251.801	2255.17
-31602.0	7834.0	250.499	2254.68
-31602.0	7834.0	249.195	2236.93
-31602.0	7834.0	247.892	2226.87
-31602.0	7834.0	246.588	2249.4
-31602.0	7834.0	245.284	2277.68
-31602.0	7834.0	243.98	2250.35
-31602.0	7834.0	242.676	2272.87
-31602.0	7834.0	241.371	2178.49
-31602.0	7834.0	240.066	2193.35
-31602.0	7834.0	238.76	2116.27
-31602.0	7834.0	237.455	2190.5
-31602.0	7834.0	236.149	2190.03
-31602.0	7834.0	234.843	2162.76
-31602.0	7834.0	233.536	2160.38
-31602.0	7834.0	232.229	2131.22
-31602.0	7834.0	230.922	2121.2
-31602.0	7834.0	229.615	2137.96
-31602.0	7834.0	228.307	2131.76
-31602.0	7834.0	227.0	2173.36
-31602.0	7834.0	225.691	2104.09
-31602.0	7834.0	224.383	2120.84
-31602.0	7834.0	223.074	1992.39
-31602.0	7834.0	221.765	2142.84
-31602.0	7834.0	220.456	2079.37
-31602.0	7834.0	219.146	2073.2
-31602.0	7834.0	217.836	2091.84
-31602.0	7834.0	216.526	2110.47
-31602.0	7834.0	215.216	2077.59
-31602.0	7834.0	213.905	2027.55
-31602.0	7834.0	212.594	2076.69
-31602.0	7834.0	211.283	2122.0
-31602.0	7834.0	209.971	2058.64
-31602.0	7834.0	208.66	2182.07
-31602.0	7834.0	207.348	2103.49
-31602.0	7834.0	206.035	2072.56
-31602.0	7834.0	204.722	2148.29
-31602.0	7834.0	203.409	2081.18
-31602.0	7834.0	202.096	2143.56
-31602.0	7834.0	200.783	2125.97
-31602.0	7834.0	199.469	2127.41
-31602.0	7834.0	198.155	2180.22
-31602.0	7834.0	196.84	2183.56
-31602.0	7834.0	195.526	2190.7
-31602.0	7834.0	194.211	2154.1
-31602.0	7834.0	192.896	2187.85
-31602.0	7834.0	191.58	2381.22
-31602.0	7834.0	190.264	2226.81
-31602.0	7834.0	188.948	2262.42
-31602.0	7834.0	187.632	2166.98
-31602.0	7834.0	186.315	2227.27
-31602.0	7834.0	184.998	2215.4
-31602.0	7834.0	183.681	2250.99
-31602.0	7834.0	182.364	2223.94
-31602.0	7834.0	181.046	2308.83
-31602.0	7834.0	179.728	2291.26
-31602.0	7834.0	178.41	2184.57
-31602.0	7834.0	177.091	2250.46
-31602.0	7834.0	175.772	2306.84
-31602.0	7834.0	174.453	2247.59
-31602.0	7834.0	173.133	2281.21
-31602.0	7834.0	171.814	2286.41
-31602.0	7834.0	170.494	2297.28
-31602.0	7834.0	169.173	2283.53
-31602.0	7834.0	167.853	2296.29
-31602.0	7834.0	166.532	2354.46
-31602.0	7834.0	165.211	2314.22
-31602.0	7834.0	163.889	2378.04
-31602.0	7834.0	162.567	2354.83
-31602.0	7834.0	161.245	2395.93
-31602.0	7834.0	159.923	2278.19
-31602.0	7834.0	158.6	2377.88
-31602.0	7834.0	157.278	2381.15
-31602.0	7834.0	155.954	2344.74
-31602.0	7834.0	154.631	2399.01
-31602.0	7834.0	153.307	2458.93
-31602.0	7834.0	151.983	2362.1
-31602.0	7834.0	150.659	2412.56
-31602.0	7834.0	149.334	2430.91
-31602.0	7834.0	148.009	2345.48
-31602.0	7834.0	146.684	2422.32
-31602.0	7834.0	145.359	2387.85
-31602.0	7834.0	144.033	2355.27
-31602.0	7834.0	142.707	2334.03
-31602.0	7834.0	141.381	2380.65
-31602.0	7834.0	140.054	2374.48
-31602.0	7834.0	138.727	2428.61
-31602.0	7834.0	137.4	2322.59
-31602.0	7834.0	136.072	2371.06
-31602.0	7834.0	134.745	2357.37
-31602.0	7834.0	133.417	2386.98
-31602.0	7834.0	132.088	2343.17
-31602.0	7834.0	130.76	2357.72
-31602.0	7834.0	129.431	2409.89
-31602.0	7834.0	128.102	2366.11
-31602.0	7834.0	126.772	2393.8
-31602.0	7834.0	125.442	2408.33
-31602.0	7834.0	124.112	2347.66
-31602.0	7834.0	122.782	2371.58
-31602.0	7834.0	121.451	2361.68
-31602.0	7834.0	120.12	2306.69
-31602.0	7834.0	118.789	2281.78
-31602.0	7834.0	117.458	2296.31
-31602.0	7834.0	116.126	2310.83
-31602.0	7834.0	114.794	2208.98
-31602.0	7834.0	113.462	2296.7
-31602.0	7834.0	112.129	2283.07
-31602.0	7834.0	110.796	2171.92
-31602.0	7834.0	109.463	2229.58
-31602.0	7834.0	108.129	2259.09
-31602.0	7834.0	106.796	2144.27
-31602.0	7834.0	105.461	2136.31
-31602.0	7834.0	104.127	2059.03
-31602.0	7834.0	102.792	2052.97
-31602.0	7834.0	101.457	2022.56
-31602.0	7834.0	100.122	1962.21
-31602.0	7834.0	98.7867	1929.96
-31602.0	7834.0	97.4509	1912.7
-31602.0	7834.0	96.1148	1949.71
-31602.0	7834.0	94.7784	1917.49
-31602.0	7834.0	93.4418	1816.08
-31602.0	7834.0	92.1048	1789.5
-31602.0	7834.0	90.7676	1804.07
-31602.0	7834.0	89.43	1756.96
-31602.0	7834.0	88.0922	1721.07
-31602.0	7834.0	86.7541	1746.86
-31602.0	7834.0	85.4157	1780.1
