-31644.0	7838.0	1311.89	1917.03
-31644.0	7838.0	1310.78	1894.01
-31644.0	7838.0	1309.68	1961.83
-31644.0	7838.0	1308.58	1950.16
-31644.0	7838.0	1307.48	1949.85
-31644.0	7838.0	1306.38	1981.31
-31644.0	7838.0	1305.28	1949.23
-31644.0	7838.0	1304.18	1928.5
-31644.0	7838.0	1303.07	2025.73
-31644.0	7838.0	1301.97	1946.02
-31644.0	7838.0	1300.87	1934.37
-31644.0	7838.0	1299.77	1920.46
-31644.0	7838.0	1298.66	1904.28
-31644.0	7838.0	1297.56	1983.31
-31644.0	7838.0	1296.46	1985.26
-31644.0	7838.0	1295.35	1957.75
-31644.0	7838.0	1294.25	1959.7
-31644.0	7838.0	1293.15	2016.01
-31644.0	7838.0	1292.04	1940.95
-31644.0	7838.0	1290.94	1888.56
-31644.0	7838.0	1289.83	1953.91
-31644.0	7838.0	1288.73	1915.11
-31644.0	7838.0	1287.63	1939.7
-31644.0	7838.0	1286.52	1905.44
-31644.0	7838.0	1285.42	2000.17
-31644.0	7838.0	1284.31	1938.76
-31644.0	7838.0	1283.21	1940.71
-31644.0	7838.0	1282.1	1999.2
-31644.0	7838.0	1280.99	1946.87
-31644.0	7838.0	1279.89	1966.9
-31644.0	7838.0	1278.78	1905.55
-31644.0	7838.0	1277.68	1905.24
-31644.0	7838.0	1276.57	1852.96
-31644.0	7838.0	1275.46	1979.19
-31644.0	7838.0	1274.36	1985.64
-31644.0	7838.0	1273.25	1969.51
-31644.0	7838.0	1272.14	1948.87
-31644.0	7838.0	1271.04	1914.68
-31644.0	7838.0	1269.93	2006.93
-31644.0	7838.0	1268.82	1941.15
-31644.0	7838.0	1267.71	1936.32
-31644.0	7838.0	1266.61	1942.78
-31644.0	7838.0	1265.5	1852.22
-31644.0	7838.0	1264.39	1869.96
-31644.0	7838.0	1263.28	1948.6
-31644.0	7838.0	1262.17	1862.59
-31644.0	7838.0	1261.06	1900.62
-31644.0	7838.0	1259.95	1916.09
-31644.0	7838.0	1258.84	1872.95
-31644.0	7838.0	1257.74	1850.11
-31644.0	7838.0	1256.63	1861.08
-31644.0	7838.0	1255.52	1973.41
-31644.0	7838.0	1254.41	1941.56
-31644.0	7838.0	1253.3	1945.74
-31644.0	7838.0	1252.19	1909.4
-31644.0	7838.0	1251.08	1976.63
-31644.0	7838.0	1249.96	1989.81
-31644.0	7838.0	1248.85	1996.24
-31644.0	7838.0	1247.74	1887.9
-31644.0	7838.0	1246.63	1844.85
-31644.0	7838.0	1245.52	1858.04
-31644.0	7838.0	1244.41	1850.99
-31644.0	7838.0	1243.3	1884.42
-31644.0	7838.0	1242.18	1888.61
-31644.0	7838.0	1241.07	1881.55
-31644.0	7838.0	1239.96	1863.26
-31644.0	7838.0	1238.85	1923.63
-31644.0	7838.0	1237.74	1894.11
-31644.0	7838.0	1236.62	1893.8
-31644.0	7838.0	1235.51	1960.87
-31644.0	7838.0	1234.4	1843.77
-31644.0	7838.0	1233.28	1919.81
-31644.0	7838.0	1232.17	1890.31
-31644.0	7838.0	1231.06	1856.33
-31644.0	7838.0	1229.94	1921.11
-31644.0	7838.0	1228.83	1871.43
-31644.0	7838.0	1227.71	1902.53
-31644.0	7838.0	1226.6	1886.51
-31644.0	7838.0	1225.48	1780.79
-31644.0	7838.0	1224.37	1847.77
-31644.0	7838.0	1223.25	1930.42
-31644.0	7838.0	1222.14	1909.93
-31644.0	7838.0	1221.02	1936.51
-31644.0	7838.0	1219.91	1875.68
-31644.0	7838.0	1218.79	1792.47
-31644.0	7838.0	1217.68	1801.14
-31644.0	7838.0	1216.56	1805.32
-31644.0	7838.0	1215.44	1934.91
-31644.0	7838.0	1214.33	1791.29
-31644.0	7838.0	1213.21	1896.21
-31644.0	7838.0	1212.09	1839.94
-31644.0	7838.0	1210.98	1848.59
-31644.0	7838.0	1209.86	1866.18
-31644.0	7838.0	1208.74	1863.63
-31644.0	7838.0	1207.62	1874.51
-31644.0	7838.0	1206.51	1831.71
-31644.0	7838.0	1205.39	1894.01
-31644.0	7838.0	1204.27	1904.88
-31644.0	7838.0	1203.15	1828.56
-31644.0	7838.0	1202.03	1848.37
-31644.0	7838.0	1200.91	1921.81
-31644.0	7838.0	1199.8	1836.58
-31644.0	7838.0	1198.68	1793.83
-31644.0	7838.0	1197.56	1862.78
-31644.0	7838.0	1196.44	1844.6
-31644.0	7838.0	1195.32	1844.29
-31644.0	7838.0	1194.2	1828.36
-31644.0	7838.0	1193.08	1832.52
-31644.0	7838.0	1191.96	1892.47
-31644.0	7838.0	1190.84	1820.75
-31644.0	7838.0	1189.72	1822.68
-31644.0	7838.0	1188.6	1833.53
-31644.0	7838.0	1187.48	1799.77
-31644.0	7838.0	1186.35	1852.98
-31644.0	7838.0	1185.23	1921.79
-31644.0	7838.0	1184.11	1870.2
-31644.0	7838.0	1182.99	1854.28
-31644.0	7838.0	1181.87	1898.54
-31644.0	7838.0	1180.75	1846.98
-31644.0	7838.0	1179.62	1770.93
-31644.0	7838.0	1178.5	1817.41
-31644.0	7838.0	1177.38	1785.93
-31644.0	7838.0	1176.26	1979.33
-31644.0	7838.0	1175.13	1823.17
-31644.0	7838.0	1174.01	1856.25
-31644.0	7838.0	1172.89	1869.29
-31644.0	7838.0	1171.76	1875.65
-31644.0	7838.0	1170.64	1817.5
-31644.0	7838.0	1169.51	1799.4
-31644.0	7838.0	1168.39	1816.89
-31644.0	7838.0	1167.27	1834.37
-31644.0	7838.0	1166.14	1771.81
-31644.0	7838.0	1165.02	1829.3
-31644.0	7838.0	1163.89	1793.44
-31644.0	7838.0	1162.77	1804.25
-31644.0	7838.0	1161.64	1781.73
-31644.0	7838.0	1160.52	1805.86
-31644.0	7838.0	1159.39	1794.45
-31644.0	7838.0	1158.26	1796.37
-31644.0	7838.0	1157.14	1784.96
-31644.0	7838.0	1156.01	1840.16
-31644.0	7838.0	1154.88	1810.99
-31644.0	7838.0	1153.76	1850.63
-31644.0	7838.0	1152.63	1823.69
-31644.0	7838.0	1151.5	1792.33
-31644.0	7838.0	1150.38	1807.55
-31644.0	7838.0	1149.25	1758.46
-31644.0	7838.0	1148.12	1782.55
-31644.0	7838.0	1146.99	1835.45
-31644.0	7838.0	1145.87	1812.97
-31644.0	7838.0	1144.74	1737.32
-31644.0	7838.0	1143.61	1810.14
-31644.0	7838.0	1142.48	1705.72
-31644.0	7838.0	1141.35	1765.23
-31644.0	7838.0	1140.22	1762.72
-31644.0	7838.0	1139.09	1733.63
-31644.0	7838.0	1137.97	1832.96
-31644.0	7838.0	1136.84	1845.93
-31644.0	7838.0	1135.71	1785.86
-31644.0	7838.0	1134.58	1761.22
-31644.0	7838.0	1133.45	1747.65
-31644.0	7838.0	1132.32	1718.59
-31644.0	7838.0	1131.19	1782.43
-31644.0	7838.0	1130.05	1760.02
-31644.0	7838.0	1128.92	1772.98
-31644.0	7838.0	1127.79	1814.68
-31644.0	7838.0	1126.66	1843.1
-31644.0	7838.0	1125.53	1767.65
-31644.0	7838.0	1124.4	1785.03
-31644.0	7838.0	1123.27	1744.96
-31644.0	7838.0	1122.13	1788.83
-31644.0	7838.0	1121.0	1777.49
-31644.0	7838.0	1119.87	1803.67
-31644.0	7838.0	1118.74	1757.01
-31644.0	7838.0	1117.6	1809.68
-31644.0	7838.0	1116.47	1787.3
-31644.0	7838.0	1115.34	1800.23
-31644.0	7838.0	1114.2	1830.8
-31644.0	7838.0	1113.07	1801.82
-31644.0	7838.0	1111.94	1792.69
-31644.0	7838.0	1110.8	1796.79
-31644.0	7838.0	1109.67	1778.85
-31644.0	7838.0	1108.54	1725.65
-31644.0	7838.0	1107.4	1714.34
-31644.0	7838.0	1106.27	1738.27
-31644.0	7838.0	1105.13	1801.86
-31644.0	7838.0	1104.0	1779.52
-31644.0	7838.0	1102.86	1708.75
-31644.0	7838.0	1101.72	1693.05
-31644.0	7838.0	1100.59	1763.19
-31644.0	7838.0	1099.45	1793.7
-31644.0	7838.0	1098.32	1786.79
-31644.0	7838.0	1097.18	1819.48
-31644.0	7838.0	1096.04	1849.97
-31644.0	7838.0	1094.91	1746.28
-31644.0	7838.0	1093.77	1816.34
-31644.0	7838.0	1092.63	1936.95
-31644.0	7838.0	1091.5	1762.96
-31644.0	7838.0	1090.36	1723.09
-31644.0	7838.0	1089.22	1700.82
-31644.0	7838.0	1088.08	1658.78
-31644.0	7838.0	1086.95	1783.7
-31644.0	7838.0	1085.81	1763.63
-31644.0	7838.0	1084.67	1787.48
-31644.0	7838.0	1083.53	1747.65
-31644.0	7838.0	1082.39	1696.85
-31644.0	7838.0	1081.25	1687.78
-31644.0	7838.0	1080.11	1742.35
-31644.0	7838.0	1078.97	1777.15
-31644.0	7838.0	1077.83	1702.26
-31644.0	7838.0	1076.69	1754.6
-31644.0	7838.0	1075.55	1782.8
-31644.0	7838.0	1074.41	1756.18
-31644.0	7838.0	1073.27	1733.95
-31644.0	7838.0	1072.13	1687.63
-31644.0	7838.0	1070.99	1680.76
-31644.0	7838.0	1069.85	1722.09
-31644.0	7838.0	1068.71	1675.79
-31644.0	7838.0	1067.57	1787.2
-31644.0	7838.0	1066.43	1723.38
-31644.0	7838.0	1065.28	1685.86
-31644.0	7838.0	1064.14	1727.16
-31644.0	7838.0	1063.0	1746.55
-31644.0	7838.0	1061.86	1715.61
-31644.0	7838.0	1060.71	1752.51
-31644.0	7838.0	1059.57	1760.95
-31644.0	7838.0	1058.43	1769.39
-31644.0	7838.0	1057.29	1734.09
-31644.0	7838.0	1056.14	1753.46
-31644.0	7838.0	1055.0	1643.86
-31644.0	7838.0	1053.85	1761.59
-31644.0	7838.0	1052.71	1719.76
-31644.0	7838.0	1051.57	1682.32
-31644.0	7838.0	1050.42	1784.69
-31644.0	7838.0	1049.28	1740.7
-31644.0	7838.0	1048.13	1764.41
-31644.0	7838.0	1046.99	1768.47
-31644.0	7838.0	1045.84	1737.6
-31644.0	7838.0	1044.7	1778.76
-31644.0	7838.0	1043.55	1741.35
-31644.0	7838.0	1042.4	1679.96
-31644.0	7838.0	1041.26	1764.73
-31644.0	7838.0	1040.11	1755.7
-31644.0	7838.0	1038.97	1733.58
-31644.0	7838.0	1037.82	1728.92
-31644.0	7838.0	1036.67	1811.44
-31644.0	7838.0	1035.53	1695.61
-31644.0	7838.0	1034.38	1745.43
-31644.0	7838.0	1033.23	1758.2
-31644.0	7838.0	1032.08	1718.68
-31644.0	7838.0	1030.94	1768.47
-31644.0	7838.0	1029.79	1770.33
-31644.0	7838.0	1028.64	1783.08
-31644.0	7838.0	1027.49	1726.17
-31644.0	7838.0	1026.34	1728.04
-31644.0	7838.0	1025.19	1740.79
-31644.0	7838.0	1024.04	1712.2
-31644.0	7838.0	1022.89	1753.22
-31644.0	7838.0	1021.74	1711.59
-31644.0	7838.0	1020.59	1787.39
-31644.0	7838.0	1019.45	1726.2
-31644.0	7838.0	1018.29	1769.37
-31644.0	7838.0	1017.14	1797.31
-31644.0	7838.0	1015.99	1812.2
-31644.0	7838.0	1014.84	1822.74
-31644.0	7838.0	1013.69	1785.49
-31644.0	7838.0	1012.54	1806.89
-31644.0	7838.0	1011.39	1795.71
-31644.0	7838.0	1010.24	1860.52
-31644.0	7838.0	1009.09	1777.7
-31644.0	7838.0	1007.93	1803.43
-31644.0	7838.0	1006.78	1805.28
-31644.0	7838.0	1005.63	1817.97
-31644.0	7838.0	1004.48	1776.43
-31644.0	7838.0	1003.32	1849.85
-31644.0	7838.0	1002.17	1856.03
-31644.0	7838.0	1001.02	1849.19
-31644.0	7838.0	999.865	1835.85
-31644.0	7838.0	998.711	1857.2
-31644.0	7838.0	997.558	1872.03
-31644.0	7838.0	996.403	1899.86
-31644.0	7838.0	995.249	1908.18
-31644.0	7838.0	994.095	1897.01
-31644.0	7838.0	992.94	1883.68
-31644.0	7838.0	991.785	1892.0
-31644.0	7838.0	990.63	1991.22
-31644.0	7838.0	989.475	1928.11
-31644.0	7838.0	988.319	1979.69
-31644.0	7838.0	987.164	1959.87
-31644.0	7838.0	986.008	1903.28
-31644.0	7838.0	984.852	1941.86
-31644.0	7838.0	983.695	1976.11
-31644.0	7838.0	982.539	2060.06
-31644.0	7838.0	981.382	2059.69
-31644.0	7838.0	980.225	2011.78
-31644.0	7838.0	979.068	2065.42
-31644.0	7838.0	977.911	2049.93
-31644.0	7838.0	976.753	2069.0
-31644.0	7838.0	975.595	2021.12
-31644.0	7838.0	974.437	2044.51
-31644.0	7838.0	973.279	2136.95
-31644.0	7838.0	972.121	2071.82
-31644.0	7838.0	970.962	2121.08
-31644.0	7838.0	969.803	2088.33
-31644.0	7838.0	968.644	2109.53
-31644.0	7838.0	967.485	2057.39
-31644.0	7838.0	966.326	2156.2
-31644.0	7838.0	965.166	2073.89
-31644.0	7838.0	964.006	2108.0
-31644.0	7838.0	962.846	2152.87
-31644.0	7838.0	961.686	2111.54
-31644.0	7838.0	960.525	2162.86
-31644.0	7838.0	959.365	2186.16
-31644.0	7838.0	958.204	2142.7
-31644.0	7838.0	957.043	2204.75
-31644.0	7838.0	955.881	2131.16
-31644.0	7838.0	954.72	2141.53
-31644.0	7838.0	953.558	2108.86
-31644.0	7838.0	952.396	2125.69
-31644.0	7838.0	951.234	2194.14
-31644.0	7838.0	950.071	2170.08
-31644.0	7838.0	948.909	2075.07
-31644.0	7838.0	947.746	2180.04
-31644.0	7838.0	946.583	2192.54
-31644.0	7838.0	945.42	2142.71
-31644.0	7838.0	944.256	2144.47
-31644.0	7838.0	943.092	2178.45
-31644.0	7838.0	941.929	2126.51
-31644.0	7838.0	940.765	2246.38
-31644.0	7838.0	939.6	2147.2
-31644.0	7838.0	938.436	2142.51
-31644.0	7838.0	937.271	2041.24
-31644.0	7838.0	936.106	2081.64
-31644.0	7838.0	934.941	2128.47
-31644.0	7838.0	933.775	2025.11
-31644.0	7838.0	932.61	2020.44
-31644.0	7838.0	931.444	2007.21
-31644.0	7838.0	930.278	2116.19
-31644.0	7838.0	929.112	1925.01
-31644.0	7838.0	927.945	1961.1
-31644.0	7838.0	926.779	1905.02
-31644.0	7838.0	925.612	1919.67
-31644.0	7838.0	924.445	1902.18
-31644.0	7838.0	923.278	1968.22
-31644.0	7838.0	922.11	1862.94
-31644.0	7838.0	920.942	1856.17
-31644.0	7838.0	919.774	1973.56
-31644.0	7838.0	918.606	1881.17
-31644.0	7838.0	917.438	1895.8
-31644.0	7838.0	916.269	1831.27
-31644.0	7838.0	915.1	1736.82
-31644.0	7838.0	913.931	1826.32
-31644.0	7838.0	912.762	1806.74
-31644.0	7838.0	911.593	1791.44
-31644.0	7838.0	910.423	1731.27
-31644.0	7838.0	909.253	1773.69
-31644.0	7838.0	908.083	1769.09
-31644.0	7838.0	906.913	1790.12
-31644.0	7838.0	905.742	1787.66
-31644.0	7838.0	904.572	1757.43
-31644.0	7838.0	903.401	1737.89
-31644.0	7838.0	902.229	1754.65
-31644.0	7838.0	901.058	1839.69
-31644.0	7838.0	899.886	1796.67
-31644.0	7838.0	898.715	1685.4
-31644.0	7838.0	897.543	1702.15
-31644.0	7838.0	896.37	1755.15
-31644.0	7838.0	895.198	1720.71
-31644.0	7838.0	894.025	1692.68
-31644.0	7838.0	892.852	1794.68
-31644.0	7838.0	891.679	1796.47
-31644.0	7838.0	890.506	1734.35
-31644.0	7838.0	889.332	1680.77
-31644.0	7838.0	888.158	1714.54
-31644.0	7838.0	886.984	1752.55
-31644.0	7838.0	885.81	1718.16
-31644.0	7838.0	884.636	1762.54
-31644.0	7838.0	883.461	1789.88
-31644.0	7838.0	882.286	1700.18
-31644.0	7838.0	881.111	1678.58
-31644.0	7838.0	879.936	1688.91
-31644.0	7838.0	878.76	1652.44
-31644.0	7838.0	877.584	1690.4
-31644.0	7838.0	876.408	1707.1
-31644.0	7838.0	875.232	1721.66
-31644.0	7838.0	874.056	1725.58
-31644.0	7838.0	872.879	1738.01
-31644.0	7838.0	871.702	1720.69
-31644.0	7838.0	870.525	1739.48
-31644.0	7838.0	869.348	1692.44
-31644.0	7838.0	868.17	1692.13
-31644.0	7838.0	866.993	1640.86
-31644.0	7838.0	865.815	1661.78
-31644.0	7838.0	864.637	1674.2
-31644.0	7838.0	863.458	1627.21
-31644.0	7838.0	862.28	1633.27
-31644.0	7838.0	861.101	1656.29
-31644.0	7838.0	859.922	1670.82
-31644.0	7838.0	858.742	1736.23
-31644.0	7838.0	857.563	1708.35
-31644.0	7838.0	856.383	1695.31
-31644.0	7838.0	855.203	1716.18
-31644.0	7838.0	854.023	1739.16
-31644.0	7838.0	852.843	1766.37
-31644.0	7838.0	851.662	1687.69
-31644.0	7838.0	850.481	1689.49
-31644.0	7838.0	849.3	1718.8
-31644.0	7838.0	848.119	1735.41
-31644.0	7838.0	846.937	1779.52
-31644.0	7838.0	845.756	1645.9
-31644.0	7838.0	844.574	1700.59
-31644.0	7838.0	843.392	1712.95
-31644.0	7838.0	842.209	1740.12
-31644.0	7838.0	841.027	1691.17
-31644.0	7838.0	839.844	1737.35
-31644.0	7838.0	838.661	1644.04
-31644.0	7838.0	837.477	1677.53
-31644.0	7838.0	836.294	1732.14
-31644.0	7838.0	835.11	1710.69
-31644.0	7838.0	833.926	1697.7
-31644.0	7838.0	832.742	1705.82
-31644.0	7838.0	831.558	1735.05
-31644.0	7838.0	830.373	1779.04
-31644.0	7838.0	829.188	1698.52
-31644.0	7838.0	828.003	1698.2
-31644.0	7838.0	826.818	1697.88
-31644.0	7838.0	825.632	1665.92
-31644.0	7838.0	824.446	1671.93
-31644.0	7838.0	823.26	1686.37
-31644.0	7838.0	822.074	1664.98
-31644.0	7838.0	820.888	1647.8
-31644.0	7838.0	819.701	1681.2
-31644.0	7838.0	818.514	1672.45
-31644.0	7838.0	817.327	1729.0
-31644.0	7838.0	816.14	1732.88
-31644.0	7838.0	814.952	1740.97
-31644.0	7838.0	813.765	1673.29
-31644.0	7838.0	812.577	1685.59
-31644.0	7838.0	811.388	1655.82
-31644.0	7838.0	810.2	1710.19
-31644.0	7838.0	809.011	1701.45
-31644.0	7838.0	807.822	1707.44
-31644.0	7838.0	806.633	1692.4
-31644.0	7838.0	805.444	1698.38
-31644.0	7838.0	804.254	1687.55
-31644.0	7838.0	803.064	1662.01
-31644.0	7838.0	801.874	1646.99
-31644.0	7838.0	800.684	1625.67
-31644.0	7838.0	799.493	1696.76
-31644.0	7838.0	798.303	1784.61
-31644.0	7838.0	797.112	1691.91
-31644.0	7838.0	795.921	1712.57
-31644.0	7838.0	794.729	1647.2
-31644.0	7838.0	793.538	1755.97
-31644.0	7838.0	792.346	1602.52
-31644.0	7838.0	791.154	1673.51
-31644.0	7838.0	789.961	1723.51
-31644.0	7838.0	788.769	1735.76
-31644.0	7838.0	787.576	1632.73
-31644.0	7838.0	786.383	1684.8
-31644.0	7838.0	785.19	1697.05
-31644.0	7838.0	783.996	1663.21
-31644.0	7838.0	782.802	1644.04
-31644.0	7838.0	781.608	1637.44
-31644.0	7838.0	780.414	1699.93
-31644.0	7838.0	779.22	1668.21
-31644.0	7838.0	778.025	1699.28
-31644.0	7838.0	776.83	1636.18
-31644.0	7838.0	775.635	1717.45
-31644.0	7838.0	774.44	1692.02
-31644.0	7838.0	773.244	1645.69
-31644.0	7838.0	772.049	1729.0
-31644.0	7838.0	770.853	1739.12
-31644.0	7838.0	769.656	1632.2
-31644.0	7838.0	768.46	1748.89
-31644.0	7838.0	767.263	1736.02
-31644.0	7838.0	766.066	1708.53
-31644.0	7838.0	764.869	1664.35
-31644.0	7838.0	763.672	1632.71
-31644.0	7838.0	762.474	1690.84
-31644.0	7838.0	761.276	1661.3
-31644.0	7838.0	760.078	1663.06
-31644.0	7838.0	758.88	1719.07
-31644.0	7838.0	757.681	1729.17
-31644.0	7838.0	756.483	1739.26
-31644.0	7838.0	755.284	1699.31
-31644.0	7838.0	754.084	1690.64
-31644.0	7838.0	752.885	1598.6
-31644.0	7838.0	751.685	1654.56
-31644.0	7838.0	750.485	1629.24
-31644.0	7838.0	749.285	1676.83
-31644.0	7838.0	748.085	1639.02
-31644.0	7838.0	746.884	1736.56
-31644.0	7838.0	745.683	1648.79
-31644.0	7838.0	744.482	1717.15
-31644.0	7838.0	743.281	1646.07
-31644.0	7838.0	742.079	1701.92
-31644.0	7838.0	740.877	1701.59
-31644.0	7838.0	739.675	1653.42
-31644.0	7838.0	738.473	1665.58
-31644.0	7838.0	737.27	1592.49
-31644.0	7838.0	736.068	1650.38
-31644.0	7838.0	734.865	1664.6
-31644.0	7838.0	733.661	1572.86
-31644.0	7838.0	732.458	1655.65
-31644.0	7838.0	731.254	1599.25
-31644.0	7838.0	730.05	1694.45
-31644.0	7838.0	728.846	1650.52
-31644.0	7838.0	727.642	1635.67
-31644.0	7838.0	726.437	1645.73
-31644.0	7838.0	725.232	1657.86
-31644.0	7838.0	724.027	1636.79
-31644.0	7838.0	722.822	1706.99
-31644.0	7838.0	721.616	1646.51
-31644.0	7838.0	720.41	1698.02
-31644.0	7838.0	719.204	1679.04
-31644.0	7838.0	717.998	1674.56
-31644.0	7838.0	716.791	1668.02
-31644.0	7838.0	715.585	1632.47
-31644.0	7838.0	714.378	1849.63
-31644.0	7838.0	713.17	1687.75
-31644.0	7838.0	711.963	1666.71
-31644.0	7838.0	710.755	1658.1
-31644.0	7838.0	709.547	1668.12
-31644.0	7838.0	708.339	1614.0
-31644.0	7838.0	707.131	1708.85
-31644.0	7838.0	705.922	1660.94
-31644.0	7838.0	704.713	1646.13
-31644.0	7838.0	703.504	1769.87
-31644.0	7838.0	702.295	1647.55
-31644.0	7838.0	701.085	1630.69
-31644.0	7838.0	699.875	1729.56
-31644.0	7838.0	698.665	1667.24
-31644.0	7838.0	697.455	1697.9
-31644.0	7838.0	696.244	1749.19
-31644.0	7838.0	695.034	1672.45
-31644.0	7838.0	693.822	1736.11
-31644.0	7838.0	692.611	1653.21
-31644.0	7838.0	691.4	1749.87
-31644.0	7838.0	690.188	1726.83
-31644.0	7838.0	688.976	1742.99
-31644.0	7838.0	687.764	1666.34
-31644.0	7838.0	686.551	1758.8
-31644.0	7838.0	685.339	1797.62
-31644.0	7838.0	684.126	1799.33
-31644.0	7838.0	682.912	1745.39
-31644.0	7838.0	681.699	1798.61
-31644.0	7838.0	680.485	1709.68
-31644.0	7838.0	679.271	1723.76
-31644.0	7838.0	678.057	1717.24
-31644.0	7838.0	676.843	1807.48
-31644.0	7838.0	675.628	1780.37
-31644.0	7838.0	674.413	1747.09
-31644.0	7838.0	673.198	1761.15
-31644.0	7838.0	671.983	1816.34
-31644.0	7838.0	670.767	1861.22
-31644.0	7838.0	669.551	1782.72
-31644.0	7838.0	668.335	1846.09
-31644.0	7838.0	667.119	1786.12
-31644.0	7838.0	665.902	1771.38
-31644.0	7838.0	664.686	1851.15
-31644.0	7838.0	663.469	1844.62
-31644.0	7838.0	662.251	1821.67
-31644.0	7838.0	661.034	1817.2
-31644.0	7838.0	659.816	1790.15
-31644.0	7838.0	658.598	1818.53
-31644.0	7838.0	657.38	1758.65
-31644.0	7838.0	656.161	1670.08
-31644.0	7838.0	654.942	1778.46
-31644.0	7838.0	653.723	1841.69
-31644.0	7838.0	652.504	1773.65
-31644.0	7838.0	651.285	1791.75
-31644.0	7838.0	650.065	1809.84
-31644.0	7838.0	648.845	1762.35
-31644.0	7838.0	647.625	1784.53
-31644.0	7838.0	646.404	1823.1
-31644.0	7838.0	645.184	1853.45
-31644.0	7838.0	643.963	1867.41
-31644.0	7838.0	642.742	1738.07
-31644.0	7838.0	641.52	1790.94
-31644.0	7838.0	640.298	1894.94
-31644.0	7838.0	639.076	1822.95
-31644.0	7838.0	637.854	1836.91
-31644.0	7838.0	636.632	1881.53
-31644.0	7838.0	635.409	1889.34
-31644.0	7838.0	634.186	1778.56
-31644.0	7838.0	632.963	1831.35
-31644.0	7838.0	631.74	1867.77
-31644.0	7838.0	630.516	1834.7
-31644.0	7838.0	629.292	1850.67
-31644.0	7838.0	628.068	1882.98
-31644.0	7838.0	626.844	1847.89
-31644.0	7838.0	625.619	1833.23
-31644.0	7838.0	624.394	1832.86
-31644.0	7838.0	623.169	1812.09
-31644.0	7838.0	621.944	1899.45
-31644.0	7838.0	620.718	1901.11
-31644.0	7838.0	619.492	1919.08
-31644.0	7838.0	618.266	1828.98
-31644.0	7838.0	617.04	1814.34
-31644.0	7838.0	615.813	1901.62
-31644.0	7838.0	614.587	1866.59
-31644.0	7838.0	613.36	1837.69
-31644.0	7838.0	612.132	1863.8
-31644.0	7838.0	610.905	1816.59
-31644.0	7838.0	609.677	1808.08
-31644.0	7838.0	608.449	1852.5
-31644.0	7838.0	607.22	1852.13
-31644.0	7838.0	605.992	1857.86
-31644.0	7838.0	604.763	1871.72
-31644.0	7838.0	603.534	1844.9
-31644.0	7838.0	602.305	1844.53
-31644.0	7838.0	601.075	1860.42
-31644.0	7838.0	599.845	1813.29
-31644.0	7838.0	598.615	1816.99
-31644.0	7838.0	597.385	1867.42
-31644.0	7838.0	596.154	1891.42
-31644.0	7838.0	594.924	1819.95
-31644.0	7838.0	593.693	1833.8
-31644.0	7838.0	592.461	1892.31
-31644.0	7838.0	591.23	1841.17
-31644.0	7838.0	589.998	1808.33
-31644.0	7838.0	588.766	1858.69
-31644.0	7838.0	587.534	1795.42
-31644.0	7838.0	586.301	1774.78
-31644.0	7838.0	585.068	1827.14
-31644.0	7838.0	583.835	1820.69
-31644.0	7838.0	582.602	1897.35
-31644.0	7838.0	581.368	1836.16
-31644.0	7838.0	580.134	1868.21
-31644.0	7838.0	578.9	1847.57
-31644.0	7838.0	577.666	1812.76
-31644.0	7838.0	576.432	1877.2
-31644.0	7838.0	575.197	1814.05
-31644.0	7838.0	573.962	1906.8
-31644.0	7838.0	572.726	1815.34
-31644.0	7838.0	571.491	1910.07
-31644.0	7838.0	570.255	1867.2
-31644.0	7838.0	569.019	1858.73
-31644.0	7838.0	567.783	1834.08
-31644.0	7838.0	566.546	1886.27
-31644.0	7838.0	565.309	1853.55
-31644.0	7838.0	564.072	1828.92
-31644.0	7838.0	562.835	1844.71
-31644.0	7838.0	561.597	1915.04
-31644.0	7838.0	560.359	1896.47
-31644.0	7838.0	559.121	1958.68
-31644.0	7838.0	557.883	1867.43
-31644.0	7838.0	556.644	1867.05
-31644.0	7838.0	555.406	1931.25
-31644.0	7838.0	554.167	1965.15
-31644.0	7838.0	552.927	1958.7
-31644.0	7838.0	551.688	1946.2
-31644.0	7838.0	550.448	2000.24
-31644.0	7838.0	549.208	2128.86
-31644.0	7838.0	547.967	2080.05
-31644.0	7838.0	546.727	2123.95
-31644.0	7838.0	545.486	2187.99
-31644.0	7838.0	544.245	2213.73
-31644.0	7838.0	543.003	2211.26
-31644.0	7838.0	541.762	2230.94
-31644.0	7838.0	540.52	2266.72
-31644.0	7838.0	539.278	2443.37
-31644.0	7838.0	538.035	2465.01
-31644.0	7838.0	536.793	2577.16
-31644.0	7838.0	535.55	2745.6
-31644.0	7838.0	534.307	2851.62
-31644.0	7838.0	533.063	3122.46
-31644.0	7838.0	531.82	3338.92
-31644.0	7838.0	530.576	3710.04
-31644.0	7838.0	529.331	4163.4
-31644.0	7838.0	528.087	4883.76
-31644.0	7838.0	526.842	5830.78
-31644.0	7838.0	525.597	7586.69
-31644.0	7838.0	524.352	9934.15
-31644.0	7838.0	523.107	14255.8
-31644.0	7838.0	521.861	20881.6
-31644.0	7838.0	520.615	24304.4
-31644.0	7838.0	519.369	21627.3
-31644.0	7838.0	518.122	18289.5
-31644.0	7838.0	516.876	15209.7
-31644.0	7838.0	515.629	13007.3
-31644.0	7838.0	514.381	11164.6
-31644.0	7838.0	513.134	9757.45
-31644.0	7838.0	511.886	8687.53
-31644.0	7838.0	510.638	7824.38
-31644.0	7838.0	509.39	7288.03
-31644.0	7838.0	508.141	6691.83
-31644.0	7838.0	506.892	6356.13
-31644.0	7838.0	505.643	5998.55
-31644.0	7838.0	504.394	5781.19
-31644.0	7838.0	503.145	5621.94
-31644.0	7838.0	501.895	5454.76
-31644.0	7838.0	500.645	5335.64
-31644.0	7838.0	499.394	5212.57
-31644.0	7838.0	498.144	5117.54
-31644.0	7838.0	496.893	5010.55
-31644.0	7838.0	495.642	4869.64
-31644.0	7838.0	494.39	4786.72
-31644.0	7838.0	493.139	4655.9
-31644.0	7838.0	491.887	4597.03
-31644.0	7838.0	490.635	4434.36
-31644.0	7838.0	489.382	4235.82
-31644.0	7838.0	488.13	4171.08
-31644.0	7838.0	486.877	4104.37
-31644.0	7838.0	485.623	4027.71
-31644.0	7838.0	484.37	3961.06
-31644.0	7838.0	483.116	3950.27
-31644.0	7838.0	481.862	3859.73
-31644.0	7838.0	480.608	3687.51
-31644.0	7838.0	479.354	3734.58
-31644.0	7838.0	478.099	3737.79
-31644.0	7838.0	476.844	3762.91
-31644.0	7838.0	475.588	3772.08
-31644.0	7838.0	474.333	3667.76
-31644.0	7838.0	473.077	3569.45
-31644.0	7838.0	471.821	3588.61
-31644.0	7838.0	470.565	3518.22
-31644.0	7838.0	469.308	3499.58
-31644.0	7838.0	468.051	3407.36
-31644.0	7838.0	466.794	3376.82
-31644.0	7838.0	465.537	3421.84
-31644.0	7838.0	464.279	3264.09
-31644.0	7838.0	463.021	3162.05
-31644.0	7838.0	461.763	3244.85
-31644.0	7838.0	460.505	3212.39
-31644.0	7838.0	459.246	3195.83
-31644.0	7838.0	457.987	3085.94
-31644.0	7838.0	456.728	3128.98
-31644.0	7838.0	455.469	3130.31
-31644.0	7838.0	454.209	3082.03
-31644.0	7838.0	452.949	2970.28
-31644.0	7838.0	451.689	2971.64
-31644.0	7838.0	450.428	2971.02
-31644.0	7838.0	449.167	2992.21
-31644.0	7838.0	447.906	2904.36
-31644.0	7838.0	446.645	2895.82
-31644.0	7838.0	445.383	2861.53
-31644.0	7838.0	444.122	2769.8
-31644.0	7838.0	442.86	2826.66
-31644.0	7838.0	441.597	2792.4
-31644.0	7838.0	440.335	2789.84
-31644.0	7838.0	439.072	2860.52
-31644.0	7838.0	437.809	2798.57
-31644.0	7838.0	436.545	2805.9
-31644.0	7838.0	435.281	2738.05
-31644.0	7838.0	434.018	2753.3
-31644.0	7838.0	432.753	2768.55
-31644.0	7838.0	431.489	2764.01
-31644.0	7838.0	430.224	2684.36
-31644.0	7838.0	428.959	2701.59
-31644.0	7838.0	427.694	2673.36
-31644.0	7838.0	426.428	2694.53
-31644.0	7838.0	425.163	2630.77
-31644.0	7838.0	423.896	2663.78
-31644.0	7838.0	422.63	2582.28
-31644.0	7838.0	421.364	2629.11
-31644.0	7838.0	420.097	2596.99
-31644.0	7838.0	418.83	2564.87
-31644.0	7838.0	417.562	2649.16
-31644.0	7838.0	416.295	2654.52
-31644.0	7838.0	415.027	2598.75
-31644.0	7838.0	413.758	2582.44
-31644.0	7838.0	412.49	2648.9
-31644.0	7838.0	411.221	2591.2
-31644.0	7838.0	409.952	2600.51
-31644.0	7838.0	408.683	2558.6
-31644.0	7838.0	407.414	2589.57
-31644.0	7838.0	406.144	2543.74
-31644.0	7838.0	404.874	2519.59
-31644.0	7838.0	403.603	2503.31
-31644.0	7838.0	402.333	2536.24
-31644.0	7838.0	401.062	2500.29
-31644.0	7838.0	399.791	2594.17
-31644.0	7838.0	398.519	2570.03
-31644.0	7838.0	397.248	2565.56
-31644.0	7838.0	395.976	2513.92
-31644.0	7838.0	394.704	2478.01
-31644.0	7838.0	393.431	2505.0
-31644.0	7838.0	392.159	2547.69
-31644.0	7838.0	390.886	2578.57
-31644.0	7838.0	389.612	2487.71
-31644.0	7838.0	388.339	2398.85
-31644.0	7838.0	387.065	2521.99
-31644.0	7838.0	385.791	2482.21
-31644.0	7838.0	384.517	2548.39
-31644.0	7838.0	383.242	2424.28
-31644.0	7838.0	381.967	2566.92
-31644.0	7838.0	380.692	2493.84
-31644.0	7838.0	379.417	2471.75
-31644.0	7838.0	378.141	2531.98
-31644.0	7838.0	376.865	2470.71
-31644.0	7838.0	375.589	2474.11
-31644.0	7838.0	374.312	2520.59
-31644.0	7838.0	373.035	2496.56
-31644.0	7838.0	371.758	2437.3
-31644.0	7838.0	370.481	2509.2
-31644.0	7838.0	369.204	2522.37
-31644.0	7838.0	367.926	2553.14
-31644.0	7838.0	366.648	2454.8
-31644.0	7838.0	365.369	2393.66
-31644.0	7838.0	364.091	2434.21
-31644.0	7838.0	362.812	2558.8
-31644.0	7838.0	361.532	2454.68
-31644.0	7838.0	360.253	2479.56
-31644.0	7838.0	358.973	2520.06
-31644.0	7838.0	357.693	2478.51
-31644.0	7838.0	356.413	2550.24
-31644.0	7838.0	355.132	2508.7
-31644.0	7838.0	353.852	2560.87
-31644.0	7838.0	352.571	2482.27
-31644.0	7838.0	351.289	2512.96
-31644.0	7838.0	350.008	2492.92
-31644.0	7838.0	348.726	2500.19
-31644.0	7838.0	347.444	2515.26
-31644.0	7838.0	346.161	2469.89
-31644.0	7838.0	344.878	2498.6
-31644.0	7838.0	343.595	2546.79
-31644.0	7838.0	342.312	2554.04
-31644.0	7838.0	341.029	2569.08
-31644.0	7838.0	339.745	2549.06
-31644.0	7838.0	338.461	2567.99
-31644.0	7838.0	337.176	2649.2
-31644.0	7838.0	335.892	2549.39
-31644.0	7838.0	334.607	2554.68
-31644.0	7838.0	333.322	2544.41
-31644.0	7838.0	332.036	2576.93
-31644.0	7838.0	330.75	2613.33
-31644.0	7838.0	329.464	2630.27
-31644.0	7838.0	328.178	2577.24
-31644.0	7838.0	326.892	2584.46
-31644.0	7838.0	325.605	2669.39
-31644.0	7838.0	324.318	2670.77
-31644.0	7838.0	323.03	2650.78
-31644.0	7838.0	321.743	2710.41
-31644.0	7838.0	320.455	2750.59
-31644.0	7838.0	319.167	2645.21
-31644.0	7838.0	317.878	2648.53
-31644.0	7838.0	316.59	2696.46
-31644.0	7838.0	315.301	2690.07
-31644.0	7838.0	314.011	2641.02
-31644.0	7838.0	312.722	2683.11
-31644.0	7838.0	311.432	2707.73
-31644.0	7838.0	310.142	2649.02
-31644.0	7838.0	308.851	2727.89
-31644.0	7838.0	307.561	2808.66
-31644.0	7838.0	306.27	2810.0
-31644.0	7838.0	304.979	2766.81
-31644.0	7838.0	303.687	2866.88
-31644.0	7838.0	302.395	2808.21
-31644.0	7838.0	301.103	2765.04
-31644.0	7838.0	299.811	2779.93
-31644.0	7838.0	298.519	2796.74
-31644.0	7838.0	297.226	2859.96
-31644.0	7838.0	295.933	2799.41
-31644.0	7838.0	294.639	2675.11
-31644.0	7838.0	293.345	2684.2
-31644.0	7838.0	292.052	2699.09
-31644.0	7838.0	290.757	2646.36
-31644.0	7838.0	289.463	2663.17
-31644.0	7838.0	288.168	2691.57
-31644.0	7838.0	286.873	2613.78
-31644.0	7838.0	285.578	2763.76
-31644.0	7838.0	284.282	2639.67
-31644.0	7838.0	282.986	2677.69
-31644.0	7838.0	281.69	2675.19
-31644.0	7838.0	280.393	2531.92
-31644.0	7838.0	279.097	2488.97
-31644.0	7838.0	277.8	2546.26
-31644.0	7838.0	276.502	2495.61
-31644.0	7838.0	275.205	2508.56
-31644.0	7838.0	273.907	2521.51
-31644.0	7838.0	272.609	2474.75
-31644.0	7838.0	271.311	2503.11
-31644.0	7838.0	270.012	2485.24
-31644.0	7838.0	268.713	2434.67
-31644.0	7838.0	267.414	2459.17
-31644.0	7838.0	266.114	2452.87
-31644.0	7838.0	264.814	2410.03
-31644.0	7838.0	263.514	2347.98
-31644.0	7838.0	262.214	2391.69
-31644.0	7838.0	260.913	2446.92
-31644.0	7838.0	259.613	2306.11
-31644.0	7838.0	258.311	2334.44
-31644.0	7838.0	257.01	2358.91
-31644.0	7838.0	255.708	2329.6
-31644.0	7838.0	254.406	2254.21
-31644.0	7838.0	253.104	2320.92
-31644.0	7838.0	251.801	2337.7
-31644.0	7838.0	250.499	2220.14
-31644.0	7838.0	249.195	2336.7
-31644.0	7838.0	247.892	2257.55
-31644.0	7838.0	246.588	2297.34
-31644.0	7838.0	245.284	2352.45
-31644.0	7838.0	243.98	2212.02
-31644.0	7838.0	242.676	2224.96
-31644.0	7838.0	241.371	2201.49
-31644.0	7838.0	240.066	2216.34
-31644.0	7838.0	238.76	2167.98
-31644.0	7838.0	237.455	2238.37
-31644.0	7838.0	236.149	2155.57
-31644.0	7838.0	234.843	2162.76
-31644.0	7838.0	233.536	2185.26
-31644.0	7838.0	232.229	2205.83
-31644.0	7838.0	230.922	2197.71
-31644.0	7838.0	229.615	2206.8
-31644.0	7838.0	228.307	2192.94
-31644.0	7838.0	227.0	2184.83
-31644.0	7838.0	225.691	2142.31
-31644.0	7838.0	224.383	2055.87
-31644.0	7838.0	223.074	2091.73
-31644.0	7838.0	221.765	2106.56
-31644.0	7838.0	220.456	2134.75
-31644.0	7838.0	219.146	2103.74
-31644.0	7838.0	217.836	2051.76
-31644.0	7838.0	216.526	2102.84
-31644.0	7838.0	215.216	2121.46
-31644.0	7838.0	213.905	2111.47
-31644.0	7838.0	212.594	2095.76
-31644.0	7838.0	211.283	2108.66
-31644.0	7838.0	209.971	2077.71
-31644.0	7838.0	208.66	2145.87
-31644.0	7838.0	207.348	2149.21
-31644.0	7838.0	206.035	2156.37
-31644.0	7838.0	204.722	2121.63
-31644.0	7838.0	203.409	2195.43
-31644.0	7838.0	202.096	2164.5
-31644.0	7838.0	200.783	2162.13
-31644.0	7838.0	199.469	2230.17
-31644.0	7838.0	198.155	2187.83
-31644.0	7838.0	196.84	2170.25
-31644.0	7838.0	195.526	2184.99
-31644.0	7838.0	194.211	2194.03
-31644.0	7838.0	192.896	2210.66
-31644.0	7838.0	191.58	2436.34
-31644.0	7838.0	190.264	2357.91
-31644.0	7838.0	188.948	2283.32
-31644.0	7838.0	187.632	2280.93
-31644.0	7838.0	186.315	2255.75
-31644.0	7838.0	184.998	2223.0
-31644.0	7838.0	183.681	2311.72
-31644.0	7838.0	182.364	2297.94
-31644.0	7838.0	181.046	2310.73
-31644.0	7838.0	179.728	2296.95
-31644.0	7838.0	178.41	2199.74
-31644.0	7838.0	177.091	2301.65
-31644.0	7838.0	175.772	2308.73
-31644.0	7838.0	174.453	2304.45
-31644.0	7838.0	173.133	2273.64
-31644.0	7838.0	171.814	2343.23
-31644.0	7838.0	170.494	2393.86
-31644.0	7838.0	169.173	2366.84
-31644.0	7838.0	167.853	2313.32
-31644.0	7838.0	166.532	2284.43
-31644.0	7838.0	165.211	2365.31
-31644.0	7838.0	163.889	2309.94
-31644.0	7838.0	162.567	2324.57
-31644.0	7838.0	161.245	2337.31
-31644.0	7838.0	159.923	2399.19
-31644.0	7838.0	158.6	2372.21
-31644.0	7838.0	157.278	2422.72
-31644.0	7838.0	155.954	2416.53
-31644.0	7838.0	154.631	2444.35
-31644.0	7838.0	153.307	2421.16
-31644.0	7838.0	151.983	2352.66
-31644.0	7838.0	150.659	2388.02
-31644.0	7838.0	149.334	2417.7
-31644.0	7838.0	148.009	2430.39
-31644.0	7838.0	146.684	2477.03
-31644.0	7838.0	145.359	2442.54
-31644.0	7838.0	144.033	2438.25
-31644.0	7838.0	142.707	2469.77
-31644.0	7838.0	141.381	2363.68
-31644.0	7838.0	140.054	2383.9
-31644.0	7838.0	138.727	2428.61
-31644.0	7838.0	137.4	2403.59
-31644.0	7838.0	136.072	2425.67
-31644.0	7838.0	134.745	2443.98
-31644.0	7838.0	133.417	2400.15
-31644.0	7838.0	132.088	2412.81
-31644.0	7838.0	130.76	2404.76
-31644.0	7838.0	129.431	2419.29
-31644.0	7838.0	128.102	2471.44
-31644.0	7838.0	126.772	2410.73
-31644.0	7838.0	125.442	2470.37
-31644.0	7838.0	124.112	2377.73
-31644.0	7838.0	122.782	2350.91
-31644.0	7838.0	121.451	2416.16
-31644.0	7838.0	120.12	2334.87
-31644.0	7838.0	118.789	2287.41
-31644.0	7838.0	117.458	2405.21
-31644.0	7838.0	116.126	2286.43
-31644.0	7838.0	114.794	2334.73
-31644.0	7838.0	113.462	2401.77
-31644.0	7838.0	112.129	2273.69
-31644.0	7838.0	110.796	2295.7
-31644.0	7838.0	109.463	2246.45
-31644.0	7838.0	108.129	2238.47
-31644.0	7838.0	106.796	2183.63
-31644.0	7838.0	105.461	2153.18
-31644.0	7838.0	104.127	2107.74
-31644.0	7838.0	102.792	2086.68
-31644.0	7838.0	101.457	2013.2
-31644.0	7838.0	100.122	1986.55
-31644.0	7838.0	98.7867	1933.71
-31644.0	7838.0	97.4509	1966.98
-31644.0	7838.0	96.1148	1887.96
-31644.0	7838.0	94.7784	1876.33
-31644.0	7838.0	93.4418	1879.67
-31644.0	7838.0	92.1048	1862.43
-31644.0	7838.0	90.7676	1798.47
-31644.0	7838.0	89.43	1784.99
-31644.0	7838.0	88.0922	1780.87
-31644.0	7838.0	86.7541	1748.72
-31644.0	7838.0	85.4157	1776.37
