-31642.0	7800.0	1311.89	1894.32
-31642.0	7800.0	1310.78	1937.16
-31642.0	7800.0	1309.68	1907.33
-31642.0	7800.0	1308.58	1938.81
-31642.0	7800.0	1307.48	1968.01
-31642.0	7800.0	1306.38	1892.8
-31642.0	7800.0	1305.28	1892.5
-31642.0	7800.0	1304.18	1937.57
-31642.0	7800.0	1303.07	1889.62
-31642.0	7800.0	1301.97	1961.9
-31642.0	7800.0	1300.87	1968.39
-31642.0	7800.0	1299.77	2029.29
-31642.0	7800.0	1298.66	1979.09
-31642.0	7800.0	1297.56	2078.51
-31642.0	7800.0	1296.46	1998.85
-31642.0	7800.0	1295.35	1937.35
-31642.0	7800.0	1294.25	1966.49
-31642.0	7800.0	1293.15	1925.41
-31642.0	7800.0	1292.04	1900.18
-31642.0	7800.0	1290.94	2006.31
-31642.0	7800.0	1289.83	1919.95
-31642.0	7800.0	1288.73	1958.12
-31642.0	7800.0	1287.63	1953.28
-31642.0	7800.0	1286.52	1864.71
-31642.0	7800.0	1285.42	1907.4
-31642.0	7800.0	1284.31	1993.06
-31642.0	7800.0	1283.21	1927.14
-31642.0	7800.0	1282.1	1901.95
-31642.0	7800.0	1280.99	1992.09
-31642.0	7800.0	1279.89	1910.38
-31642.0	7800.0	1278.78	1907.81
-31642.0	7800.0	1277.68	1952.71
-31642.0	7800.0	1276.57	1900.42
-31642.0	7800.0	1275.46	1947.56
-31642.0	7800.0	1274.36	1861.4
-31642.0	7800.0	1273.25	1998.87
-31642.0	7800.0	1272.14	1951.13
-31642.0	7800.0	1271.04	1883.07
-31642.0	7800.0	1269.93	1837.62
-31642.0	7800.0	1268.82	1970.49
-31642.0	7800.0	1267.71	1920.52
-31642.0	7800.0	1266.61	1877.34
-31642.0	7800.0	1265.5	1908.62
-31642.0	7800.0	1264.39	1978.24
-31642.0	7800.0	1263.28	1896.72
-31642.0	7800.0	1262.17	1880.63
-31642.0	7800.0	1261.06	1945.71
-31642.0	7800.0	1259.95	1866.49
-31642.0	7800.0	1258.84	1852.67
-31642.0	7800.0	1257.74	1915.46
-31642.0	7800.0	1256.63	1906.14
-31642.0	7800.0	1255.52	1910.33
-31642.0	7800.0	1254.41	1934.8
-31642.0	7800.0	1253.3	1941.24
-31642.0	7800.0	1252.19	1958.94
-31642.0	7800.0	1251.08	1888.83
-31642.0	7800.0	1249.96	1902.02
-31642.0	7800.0	1248.85	1915.22
-31642.0	7800.0	1247.74	1876.65
-31642.0	7800.0	1246.63	1876.34
-31642.0	7800.0	1245.52	1894.03
-31642.0	7800.0	1244.41	1871.23
-31642.0	7800.0	1243.3	1850.69
-31642.0	7800.0	1242.18	1933.57
-31642.0	7800.0	1241.07	1917.52
-31642.0	7800.0	1239.96	1917.21
-31642.0	7800.0	1238.85	1903.41
-31642.0	7800.0	1237.74	1941.29
-31642.0	7800.0	1236.62	1905.03
-31642.0	7800.0	1235.51	1859.8
-31642.0	7800.0	1234.4	1756.19
-31642.0	7800.0	1233.28	1870.41
-31642.0	7800.0	1232.17	1888.07
-31642.0	7800.0	1231.06	1847.35
-31642.0	7800.0	1229.94	1844.8
-31642.0	7800.0	1228.83	1891.62
-31642.0	7800.0	1227.71	1918.23
-31642.0	7800.0	1226.6	1870.81
-31642.0	7800.0	1225.48	1859.29
-31642.0	7800.0	1224.37	1937.47
-31642.0	7800.0	1223.25	1899.03
-31642.0	7800.0	1222.14	1844.92
-31642.0	7800.0	1221.02	1788.58
-31642.0	7800.0	1219.91	1810.7
-31642.0	7800.0	1218.79	1830.56
-31642.0	7800.0	1217.68	1944.51
-31642.0	7800.0	1216.56	1912.83
-31642.0	7800.0	1215.44	1876.68
-31642.0	7800.0	1214.33	1894.29
-31642.0	7800.0	1213.21	1934.27
-31642.0	7800.0	1212.09	1886.94
-31642.0	7800.0	1210.98	1785.92
-31642.0	7800.0	1209.86	1781.15
-31642.0	7800.0	1208.74	1879.3
-31642.0	7800.0	1207.62	1899.12
-31642.0	7800.0	1206.51	1874.2
-31642.0	7800.0	1205.39	1876.12
-31642.0	7800.0	1204.27	1835.57
-31642.0	7800.0	1203.15	1841.97
-31642.0	7800.0	1202.03	1964.59
-31642.0	7800.0	1200.91	1798.9
-31642.0	7800.0	1199.8	1774.02
-31642.0	7800.0	1198.68	1863.09
-31642.0	7800.0	1197.56	1860.54
-31642.0	7800.0	1196.44	1846.83
-31642.0	7800.0	1195.32	1817.5
-31642.0	7800.0	1194.2	1832.82
-31642.0	7800.0	1193.08	1879.39
-31642.0	7800.0	1191.96	1794.27
-31642.0	7800.0	1190.84	1782.82
-31642.0	7800.0	1189.72	1820.45
-31642.0	7800.0	1188.6	1860.29
-31642.0	7800.0	1187.48	1822.07
-31642.0	7800.0	1186.35	1886.43
-31642.0	7800.0	1185.23	1774.64
-31642.0	7800.0	1184.11	1818.93
-31642.0	7800.0	1182.99	1898.86
-31642.0	7800.0	1181.87	1833.92
-31642.0	7800.0	1180.75	1811.33
-31642.0	7800.0	1179.62	1802.12
-31642.0	7800.0	1178.5	1828.54
-31642.0	7800.0	1177.38	1788.15
-31642.0	7800.0	1176.26	1845.74
-31642.0	7800.0	1175.13	1843.2
-31642.0	7800.0	1174.01	1847.35
-31642.0	7800.0	1172.89	1773.6
-31642.0	7800.0	1171.76	1826.7
-31642.0	7800.0	1170.64	1855.31
-31642.0	7800.0	1169.51	1852.78
-31642.0	7800.0	1168.39	1861.36
-31642.0	7800.0	1167.27	1863.27
-31642.0	7800.0	1166.14	1829.61
-31642.0	7800.0	1165.02	1789.3
-31642.0	7800.0	1163.89	1811.22
-31642.0	7800.0	1162.77	1864.24
-31642.0	7800.0	1161.64	1861.7
-31642.0	7800.0	1160.52	1812.52
-31642.0	7800.0	1159.39	1812.22
-31642.0	7800.0	1158.26	1718.65
-31642.0	7800.0	1157.14	1733.9
-31642.0	7800.0	1156.01	1840.16
-31642.0	7800.0	1154.88	1862.04
-31642.0	7800.0	1153.76	1870.6
-31642.0	7800.0	1152.63	1821.47
-31642.0	7800.0	1151.5	1801.2
-31642.0	7800.0	1150.38	1774.28
-31642.0	7800.0	1149.25	1716.33
-31642.0	7800.0	1148.12	1835.76
-31642.0	7800.0	1146.99	1886.43
-31642.0	7800.0	1145.87	1779.73
-31642.0	7800.0	1144.74	1812.67
-31642.0	7800.0	1143.61	1801.28
-31642.0	7800.0	1142.48	1750.03
-31642.0	7800.0	1141.35	1763.02
-31642.0	7800.0	1140.22	1838.01
-31642.0	7800.0	1139.09	1769.06
-31642.0	7800.0	1137.97	1797.54
-31642.0	7800.0	1136.84	1748.54
-31642.0	7800.0	1135.71	1779.22
-31642.0	7800.0	1134.58	1787.77
-31642.0	7800.0	1133.45	1723.31
-31642.0	7800.0	1132.32	1798.22
-31642.0	7800.0	1131.19	1753.68
-31642.0	7800.0	1130.05	1733.49
-31642.0	7800.0	1128.92	1795.09
-31642.0	7800.0	1127.79	1803.62
-31642.0	7800.0	1126.66	1779.01
-31642.0	7800.0	1125.53	1738.93
-31642.0	7800.0	1124.4	1785.03
-31642.0	7800.0	1123.27	1753.8
-31642.0	7800.0	1122.13	1764.54
-31642.0	7800.0	1121.0	1773.07
-31642.0	7800.0	1119.87	1699.91
-31642.0	7800.0	1118.74	1807.78
-31642.0	7800.0	1117.6	1814.09
-31642.0	7800.0	1116.47	1670.35
-31642.0	7800.0	1115.34	1727.43
-31642.0	7800.0	1114.2	1702.87
-31642.0	7800.0	1113.07	1748.89
-31642.0	7800.0	1111.94	1816.95
-31642.0	7800.0	1110.8	1821.04
-31642.0	7800.0	1109.67	1743.58
-31642.0	7800.0	1108.54	1769.73
-31642.0	7800.0	1107.4	1745.18
-31642.0	7800.0	1106.27	1645.74
-31642.0	7800.0	1105.13	1720.35
-31642.0	7800.0	1104.0	1665.0
-31642.0	7800.0	1102.86	1706.55
-31642.0	7800.0	1101.72	1737.08
-31642.0	7800.0	1100.59	1664.14
-31642.0	7800.0	1099.45	1771.69
-31642.0	7800.0	1098.32	1753.78
-31642.0	7800.0	1097.18	1764.48
-31642.0	7800.0	1096.04	1786.17
-31642.0	7800.0	1094.91	1746.28
-31642.0	7800.0	1093.77	1781.16
-31642.0	7800.0	1092.63	1783.05
-31642.0	7800.0	1091.5	1754.16
-31642.0	7800.0	1090.36	1797.82
-31642.0	7800.0	1089.22	1790.91
-31642.0	7800.0	1088.08	1669.76
-31642.0	7800.0	1086.95	1629.94
-31642.0	7800.0	1085.81	1682.36
-31642.0	7800.0	1084.67	1767.71
-31642.0	7800.0	1083.53	1793.75
-31642.0	7800.0	1082.39	1685.88
-31642.0	7800.0	1081.25	1668.03
-31642.0	7800.0	1080.11	1784.04
-31642.0	7800.0	1078.97	1735.46
-31642.0	7800.0	1077.83	1772.45
-31642.0	7800.0	1076.69	1826.98
-31642.0	7800.0	1075.55	1732.36
-31642.0	7800.0	1074.41	1723.29
-31642.0	7800.0	1073.27	1725.18
-31642.0	7800.0	1072.13	1722.69
-31642.0	7800.0	1070.99	1735.54
-31642.0	7800.0	1069.85	1676.08
-31642.0	7800.0	1068.71	1677.98
-31642.0	7800.0	1067.57	1739.01
-31642.0	7800.0	1066.43	1710.24
-31642.0	7800.0	1065.28	1731.84
-31642.0	7800.0	1064.14	1738.1
-31642.0	7800.0	1063.0	1691.84
-31642.0	7800.0	1061.86	1717.8
-31642.0	7800.0	1060.71	1745.94
-31642.0	7800.0	1059.57	1730.32
-31642.0	7800.0	1058.43	1745.33
-31642.0	7800.0	1057.29	1760.33
-31642.0	7800.0	1056.14	1705.36
-31642.0	7800.0	1055.0	1735.67
-31642.0	7800.0	1053.85	1733.18
-31642.0	7800.0	1052.71	1693.54
-31642.0	7800.0	1051.57	1717.28
-31642.0	7800.0	1050.42	1712.61
-31642.0	7800.0	1049.28	1648.97
-31642.0	7800.0	1048.13	1698.9
-31642.0	7800.0	1046.99	1702.97
-31642.0	7800.0	1045.84	1669.93
-31642.0	7800.0	1044.7	1708.92
-31642.0	7800.0	1043.55	1784.99
-31642.0	7800.0	1042.4	1658.14
-31642.0	7800.0	1041.26	1679.66
-31642.0	7800.0	1040.11	1746.97
-31642.0	7800.0	1038.97	1679.07
-31642.0	7800.0	1037.82	1731.1
-31642.0	7800.0	1036.67	1704.63
-31642.0	7800.0	1035.53	1756.64
-31642.0	7800.0	1034.38	1699.67
-31642.0	7800.0	1033.23	1736.41
-31642.0	7800.0	1032.08	1675.11
-31642.0	7800.0	1030.94	1700.95
-31642.0	7800.0	1029.79	1720.25
-31642.0	7800.0	1028.64	1826.62
-31642.0	7800.0	1027.49	1697.87
-31642.0	7800.0	1026.34	1741.1
-31642.0	7800.0	1025.19	1793.01
-31642.0	7800.0	1024.04	1716.55
-31642.0	7800.0	1022.89	1774.97
-31642.0	7800.0	1021.74	1750.74
-31642.0	7800.0	1020.59	1780.87
-31642.0	7800.0	1019.45	1728.37
-31642.0	7800.0	1018.29	1767.19
-31642.0	7800.0	1017.14	1840.77
-31642.0	7800.0	1015.99	1738.32
-31642.0	7800.0	1014.84	1829.25
-31642.0	7800.0	1013.69	1822.41
-31642.0	7800.0	1012.54	1798.2
-31642.0	7800.0	1011.39	1819.59
-31642.0	7800.0	1010.24	1810.58
-31642.0	7800.0	1009.09	1818.94
-31642.0	7800.0	1007.93	1816.45
-31642.0	7800.0	1006.78	1846.5
-31642.0	7800.0	1005.63	1861.36
-31642.0	7800.0	1004.48	1828.49
-31642.0	7800.0	1003.32	1819.49
-31642.0	7800.0	1002.17	1875.54
-31642.0	7800.0	1001.02	1868.7
-31642.0	7800.0	999.865	1859.7
-31642.0	7800.0	998.711	1846.36
-31642.0	7800.0	997.558	1867.7
-31642.0	7800.0	996.403	1858.7
-31642.0	7800.0	995.249	1925.51
-31642.0	7800.0	994.095	1923.0
-31642.0	7800.0	992.94	1846.87
-31642.0	7800.0	991.785	1928.8
-31642.0	7800.0	990.63	2025.85
-31642.0	7800.0	989.475	1943.26
-31642.0	7800.0	988.319	2001.33
-31642.0	7800.0	987.164	1987.99
-31642.0	7800.0	986.008	2026.56
-31642.0	7800.0	984.852	1957.0
-31642.0	7800.0	983.695	2040.97
-31642.0	7800.0	982.539	2001.69
-31642.0	7800.0	981.382	2044.56
-31642.0	7800.0	980.225	2096.05
-31642.0	7800.0	979.068	2024.38
-31642.0	7800.0	977.911	2000.25
-31642.0	7800.0	976.753	2094.92
-31642.0	7800.0	975.595	2049.19
-31642.0	7800.0	974.437	2089.84
-31642.0	7800.0	973.279	2065.72
-31642.0	7800.0	972.121	2052.4
-31642.0	7800.0	970.962	2021.82
-31642.0	7800.0	969.803	2064.6
-31642.0	7800.0	968.644	2075.01
-31642.0	7800.0	967.485	2135.02
-31642.0	7800.0	966.326	2119.54
-31642.0	7800.0	965.166	2069.58
-31642.0	7800.0	964.006	2155.42
-31642.0	7800.0	962.846	2092.53
-31642.0	7800.0	961.686	2109.39
-31642.0	7800.0	960.525	2117.62
-31642.0	7800.0	959.365	2123.7
-31642.0	7800.0	958.204	2091.01
-31642.0	7800.0	957.043	2161.69
-31642.0	7800.0	955.881	2139.77
-31642.0	7800.0	954.72	2117.86
-31642.0	7800.0	953.558	2164.81
-31642.0	7800.0	952.396	2136.45
-31642.0	7800.0	951.234	2146.82
-31642.0	7800.0	950.071	2114.16
-31642.0	7800.0	948.909	2158.94
-31642.0	7800.0	947.746	2085.45
-31642.0	7800.0	946.583	2110.86
-31642.0	7800.0	945.42	2142.71
-31642.0	7800.0	944.256	2157.36
-31642.0	7800.0	943.092	2144.08
-31642.0	7800.0	941.929	2064.21
-31642.0	7800.0	940.765	2089.61
-31642.0	7800.0	939.6	2065.61
-31642.0	7800.0	938.436	2123.19
-31642.0	7800.0	937.271	2045.53
-31642.0	7800.0	936.106	2092.37
-31642.0	7800.0	934.941	2119.88
-31642.0	7800.0	933.775	2128.08
-31642.0	7800.0	932.61	2052.62
-31642.0	7800.0	931.444	2013.64
-31642.0	7800.0	930.278	2004.7
-31642.0	7800.0	929.112	1931.44
-31642.0	7800.0	927.945	1958.95
-31642.0	7800.0	926.779	1885.74
-31642.0	7800.0	925.612	1936.81
-31642.0	7800.0	924.445	1932.17
-31642.0	7800.0	923.278	1865.42
-31642.0	7800.0	922.11	1873.64
-31642.0	7800.0	920.942	1824.06
-31642.0	7800.0	919.774	1941.45
-31642.0	7800.0	918.606	1840.51
-31642.0	7800.0	917.438	1857.29
-31642.0	7800.0	916.269	1865.5
-31642.0	7800.0	915.1	1848.05
-31642.0	7800.0	913.931	1858.4
-31642.0	7800.0	912.762	1821.71
-31642.0	7800.0	911.593	1834.2
-31642.0	7800.0	910.423	1795.39
-31642.0	7800.0	909.253	1777.96
-31642.0	7800.0	908.083	1771.22
-31642.0	7800.0	906.913	1753.81
-31642.0	7800.0	905.742	1811.15
-31642.0	7800.0	904.572	1725.4
-31642.0	7800.0	903.401	1752.84
-31642.0	7800.0	902.229	1797.34
-31642.0	7800.0	901.058	1724.44
-31642.0	7800.0	899.886	1730.52
-31642.0	7800.0	898.715	1698.2
-31642.0	7800.0	897.543	1725.62
-31642.0	7800.0	896.37	1699.71
-31642.0	7800.0	895.198	1763.36
-31642.0	7800.0	894.025	1726.79
-31642.0	7800.0	892.852	1766.97
-31642.0	7800.0	891.679	1785.82
-31642.0	7800.0	890.506	1755.66
-31642.0	7800.0	889.332	1714.86
-31642.0	7800.0	888.158	1731.58
-31642.0	7800.0	886.984	1773.84
-31642.0	7800.0	885.81	1724.55
-31642.0	7800.0	884.636	1734.87
-31642.0	7800.0	883.461	1809.03
-31642.0	7800.0	882.286	1761.88
-31642.0	7800.0	881.111	1721.13
-31642.0	7800.0	879.936	1705.92
-31642.0	7800.0	878.76	1780.04
-31642.0	7800.0	877.584	1722.3
-31642.0	7800.0	876.408	1728.35
-31642.0	7800.0	875.232	1713.15
-31642.0	7800.0	874.056	1710.71
-31642.0	7800.0	872.879	1680.64
-31642.0	7800.0	871.702	1701.57
-31642.0	7800.0	870.525	1767.1
-31642.0	7800.0	869.348	1741.28
-31642.0	7800.0	868.17	1662.4
-31642.0	7800.0	866.993	1649.35
-31642.0	7800.0	865.815	1723.33
-31642.0	7800.0	864.637	1659.35
-31642.0	7800.0	863.458	1701.47
-31642.0	7800.0	862.28	1620.54
-31642.0	7800.0	861.101	1673.26
-31642.0	7800.0	859.922	1708.99
-31642.0	7800.0	858.742	1717.15
-31642.0	7800.0	857.563	1665.96
-31642.0	7800.0	856.383	1669.88
-31642.0	7800.0	855.203	1654.74
-31642.0	7800.0	854.023	1720.1
-31642.0	7800.0	852.843	1717.65
-31642.0	7800.0	851.662	1681.33
-31642.0	7800.0	850.481	1668.31
-31642.0	7800.0	849.3	1676.47
-31642.0	7800.0	848.119	1737.53
-31642.0	7800.0	846.937	1644.1
-31642.0	7800.0	845.756	1683.98
-31642.0	7800.0	844.574	1675.2
-31642.0	7800.0	843.392	1685.46
-31642.0	7800.0	842.209	1729.55
-31642.0	7800.0	841.027	1746.13
-31642.0	7800.0	839.844	1661.26
-31642.0	7800.0	838.661	1737.02
-31642.0	7800.0	837.477	1709.22
-31642.0	7800.0	836.294	1727.91
-31642.0	7800.0	835.11	1723.36
-31642.0	7800.0	833.926	1731.48
-31642.0	7800.0	832.742	1665.71
-31642.0	7800.0	831.558	1659.06
-31642.0	7800.0	830.373	1660.86
-31642.0	7800.0	829.188	1662.65
-31642.0	7800.0	828.003	1643.35
-31642.0	7800.0	826.818	1704.21
-31642.0	7800.0	825.632	1655.38
-31642.0	7800.0	824.446	1690.91
-31642.0	7800.0	823.26	1770.69
-31642.0	7800.0	822.074	1696.59
-31642.0	7800.0	820.888	1723.66
-31642.0	7800.0	819.701	1641.17
-31642.0	7800.0	818.514	1682.98
-31642.0	7800.0	817.327	1722.68
-31642.0	7800.0	816.14	1753.93
-31642.0	7800.0	814.952	1711.5
-31642.0	7800.0	813.765	1688.02
-31642.0	7800.0	812.577	1696.11
-31642.0	7800.0	811.388	1704.21
-31642.0	7800.0	810.2	1634.47
-31642.0	7800.0	809.011	1661.49
-31642.0	7800.0	807.822	1713.75
-31642.0	7800.0	806.633	1618.81
-31642.0	7800.0	805.444	1666.85
-31642.0	7800.0	804.254	1677.04
-31642.0	7800.0	803.064	1666.21
-31642.0	7800.0	801.874	1653.29
-31642.0	7800.0	800.684	1581.56
-31642.0	7800.0	799.493	1700.96
-31642.0	7800.0	798.303	1751.02
-31642.0	7800.0	797.112	1696.11
-31642.0	7800.0	795.921	1737.76
-31642.0	7800.0	794.729	1733.23
-31642.0	7800.0	793.538	1728.7
-31642.0	7800.0	792.346	1671.74
-31642.0	7800.0	791.154	1665.12
-31642.0	7800.0	789.961	1679.48
-31642.0	7800.0	788.769	1689.64
-31642.0	7800.0	787.576	1674.65
-31642.0	7800.0	786.383	1598.88
-31642.0	7800.0	785.19	1640.48
-31642.0	7800.0	783.996	1577.32
-31642.0	7800.0	782.802	1646.13
-31642.0	7800.0	781.608	1660.47
-31642.0	7800.0	780.414	1668.53
-31642.0	7800.0	779.22	1634.72
-31642.0	7800.0	778.025	1649.05
-31642.0	7800.0	776.83	1611.07
-31642.0	7800.0	775.635	1633.77
-31642.0	7800.0	774.44	1671.11
-31642.0	7800.0	773.244	1660.33
-31642.0	7800.0	772.049	1701.82
-31642.0	7800.0	770.853	1674.32
-31642.0	7800.0	769.656	1644.74
-31642.0	7800.0	768.46	1627.7
-31642.0	7800.0	767.263	1687.97
-31642.0	7800.0	766.066	1691.83
-31642.0	7800.0	764.869	1699.85
-31642.0	7800.0	763.672	1701.61
-31642.0	7800.0	762.474	1630.31
-31642.0	7800.0	761.276	1634.17
-31642.0	7800.0	760.078	1654.72
-31642.0	7800.0	758.88	1621.02
-31642.0	7800.0	757.681	1672.85
-31642.0	7800.0	756.483	1682.95
-31642.0	7800.0	755.284	1697.22
-31642.0	7800.0	754.084	1717.74
-31642.0	7800.0	752.885	1640.29
-31642.0	7800.0	751.685	1667.06
-31642.0	7800.0	750.485	1722.99
-31642.0	7800.0	749.285	1670.58
-31642.0	7800.0	748.085	1703.58
-31642.0	7800.0	746.884	1665.77
-31642.0	7800.0	745.683	1638.38
-31642.0	7800.0	744.482	1708.83
-31642.0	7800.0	743.281	1660.63
-31642.0	7800.0	742.079	1728.97
-31642.0	7800.0	740.877	1697.43
-31642.0	7800.0	739.675	1670.06
-31642.0	7800.0	738.473	1698.85
-31642.0	7800.0	737.27	1631.99
-31642.0	7800.0	736.068	1600.49
-31642.0	7800.0	734.865	1679.15
-31642.0	7800.0	733.661	1633.11
-31642.0	7800.0	732.458	1628.64
-31642.0	7800.0	731.254	1624.17
-31642.0	7800.0	730.05	1621.77
-31642.0	7800.0	728.846	1619.38
-31642.0	7800.0	727.642	1658.5
-31642.0	7800.0	726.437	1658.18
-31642.0	7800.0	725.232	1635.03
-31642.0	7800.0	724.027	1690.72
-31642.0	7800.0	722.822	1613.65
-31642.0	7800.0	721.616	1675.55
-31642.0	7800.0	720.41	1751.93
-31642.0	7800.0	719.204	1685.25
-31642.0	7800.0	717.998	1711.87
-31642.0	7800.0	716.791	1628.65
-31642.0	7800.0	715.585	1675.98
-31642.0	7800.0	714.378	1965.63
-31642.0	7800.0	713.17	1751.94
-31642.0	7800.0	711.963	1629.44
-31642.0	7800.0	710.755	1672.59
-31642.0	7800.0	709.547	1726.07
-31642.0	7800.0	708.339	1750.57
-31642.0	7800.0	707.131	1696.43
-31642.0	7800.0	705.922	1708.51
-31642.0	7800.0	704.713	1701.97
-31642.0	7800.0	703.504	1724.38
-31642.0	7800.0	702.295	1684.76
-31642.0	7800.0	701.085	1734.03
-31642.0	7800.0	699.875	1667.57
-31642.0	7800.0	698.665	1636.25
-31642.0	7800.0	697.455	1658.65
-31642.0	7800.0	696.244	1709.95
-31642.0	7800.0	695.034	1757.1
-31642.0	7800.0	693.822	1721.66
-31642.0	7800.0	692.611	1684.17
-31642.0	7800.0	691.4	1698.28
-31642.0	7800.0	690.188	1685.57
-31642.0	7800.0	688.976	1763.62
-31642.0	7800.0	687.764	1771.52
-31642.0	7800.0	686.551	1740.24
-31642.0	7800.0	685.339	1774.94
-31642.0	7800.0	684.126	1712.76
-31642.0	7800.0	682.912	1749.51
-31642.0	7800.0	681.699	1771.83
-31642.0	7800.0	680.485	1715.86
-31642.0	7800.0	679.271	1709.35
-31642.0	7800.0	678.057	1791.37
-31642.0	7800.0	676.843	1774.55
-31642.0	7800.0	675.628	1784.48
-31642.0	7800.0	674.413	1728.57
-31642.0	7800.0	673.198	1802.29
-31642.0	7800.0	671.983	1803.99
-31642.0	7800.0	670.767	1836.54
-31642.0	7800.0	669.551	1772.43
-31642.0	7800.0	668.335	1807.03
-31642.0	7800.0	667.119	1839.56
-31642.0	7800.0	665.902	1804.26
-31642.0	7800.0	664.686	1752.54
-31642.0	7800.0	663.469	1809.7
-31642.0	7800.0	662.251	1786.75
-31642.0	7800.0	661.034	1786.4
-31642.0	7800.0	659.816	1833.26
-31642.0	7800.0	658.598	1826.74
-31642.0	7800.0	657.38	1781.23
-31642.0	7800.0	656.161	1758.3
-31642.0	7800.0	654.942	1840.0
-31642.0	7800.0	653.723	1888.86
-31642.0	7800.0	652.504	1826.97
-31642.0	7800.0	651.285	1756.9
-31642.0	7800.0	650.065	1768.85
-31642.0	7800.0	648.845	1795.13
-31642.0	7800.0	647.625	1780.43
-31642.0	7800.0	646.404	1859.97
-31642.0	7800.0	645.184	1849.35
-31642.0	7800.0	643.963	1867.41
-31642.0	7800.0	642.742	1869.09
-31642.0	7800.0	641.52	1838.01
-31642.0	7800.0	640.298	1827.41
-31642.0	7800.0	639.076	1833.18
-31642.0	7800.0	637.854	1886.0
-31642.0	7800.0	636.632	1869.26
-31642.0	7800.0	635.409	1836.17
-31642.0	7800.0	634.186	1831.72
-31642.0	7800.0	632.963	1894.71
-31642.0	7800.0	631.74	1822.81
-31642.0	7800.0	630.516	1844.92
-31642.0	7800.0	629.292	1877.23
-31642.0	7800.0	628.068	1907.49
-31642.0	7800.0	626.844	1796.84
-31642.0	7800.0	625.619	1845.48
-31642.0	7800.0	624.394	1838.98
-31642.0	7800.0	623.169	1836.57
-31642.0	7800.0	621.944	1905.57
-31642.0	7800.0	620.718	1864.39
-31642.0	7800.0	619.492	1778.36
-31642.0	7800.0	618.266	1796.36
-31642.0	7800.0	617.04	1820.46
-31642.0	7800.0	615.813	1873.08
-31642.0	7800.0	614.587	1895.12
-31642.0	7800.0	613.36	1845.84
-31642.0	7800.0	612.132	1910.65
-31642.0	7800.0	610.905	1891.94
-31642.0	7800.0	609.677	1852.87
-31642.0	7800.0	608.449	1787.36
-31642.0	7800.0	607.22	1890.8
-31642.0	7800.0	605.992	1863.96
-31642.0	7800.0	604.763	1859.52
-31642.0	7800.0	603.534	1883.55
-31642.0	7800.0	602.305	1856.73
-31642.0	7800.0	601.075	1803.49
-31642.0	7800.0	599.845	1847.85
-31642.0	7800.0	598.615	1879.99
-31642.0	7800.0	597.385	1782.08
-31642.0	7800.0	596.154	1840.63
-31642.0	7800.0	594.924	1824.01
-31642.0	7800.0	593.693	1787.09
-31642.0	7800.0	592.461	1865.91
-31642.0	7800.0	591.23	1792.46
-31642.0	7800.0	589.998	1806.3
-31642.0	7800.0	588.766	1844.49
-31642.0	7800.0	587.534	1789.34
-31642.0	7800.0	586.301	1817.37
-31642.0	7800.0	585.068	1814.97
-31642.0	7800.0	583.835	1800.41
-31642.0	7800.0	582.602	1842.62
-31642.0	7800.0	581.368	1811.84
-31642.0	7800.0	580.134	1791.21
-31642.0	7800.0	578.9	1815.16
-31642.0	7800.0	577.666	1810.74
-31642.0	7800.0	576.432	1838.72
-31642.0	7800.0	575.197	1722.95
-31642.0	7800.0	573.962	1767.13
-31642.0	7800.0	572.726	1855.81
-31642.0	7800.0	571.491	1863.53
-31642.0	7800.0	570.255	1836.85
-31642.0	7800.0	569.019	1858.73
-31642.0	7800.0	567.783	1825.99
-31642.0	7800.0	566.546	1910.54
-31642.0	7800.0	565.309	1841.42
-31642.0	7800.0	564.072	1901.67
-31642.0	7800.0	562.835	1905.33
-31642.0	7800.0	561.597	1852.42
-31642.0	7800.0	560.359	1904.55
-31642.0	7800.0	559.121	1875.89
-31642.0	7800.0	557.883	1865.41
-31642.0	7800.0	556.644	1879.16
-31642.0	7800.0	555.406	1931.25
-31642.0	7800.0	554.167	1918.75
-31642.0	7800.0	552.927	1912.3
-31642.0	7800.0	551.688	1978.47
-31642.0	7800.0	550.448	2022.42
-31642.0	7800.0	549.208	2114.74
-31642.0	7800.0	547.967	2082.06
-31642.0	7800.0	546.727	2053.42
-31642.0	7800.0	545.486	2145.68
-31642.0	7800.0	544.245	2159.34
-31642.0	7800.0	543.003	2205.22
-31642.0	7800.0	541.762	2299.4
-31642.0	7800.0	540.52	2347.25
-31642.0	7800.0	539.278	2356.83
-31642.0	7800.0	538.035	2420.74
-31642.0	7800.0	536.793	2649.59
-31642.0	7800.0	535.55	2777.78
-31642.0	7800.0	534.307	2827.48
-31642.0	7800.0	533.063	3007.86
-31642.0	7800.0	531.82	3316.81
-31642.0	7800.0	530.576	3673.87
-31642.0	7800.0	529.331	4091.06
-31642.0	7800.0	528.087	5008.31
-31642.0	7800.0	526.842	5917.15
-31642.0	7800.0	525.597	7432.07
-31642.0	7800.0	524.352	9908.05
-31642.0	7800.0	523.107	14269.9
-31642.0	7800.0	521.861	20837.5
-31642.0	7800.0	520.615	24234.2
-31642.0	7800.0	519.369	21775.8
-31642.0	7800.0	518.122	18185.2
-31642.0	7800.0	516.876	15243.8
-31642.0	7800.0	515.629	13069.4
-31642.0	7800.0	514.381	11010.2
-31642.0	7800.0	513.134	9531.0
-31642.0	7800.0	511.886	8821.77
-31642.0	7800.0	510.638	7850.42
-31642.0	7800.0	509.39	7201.91
-31642.0	7800.0	508.141	6637.77
-31642.0	7800.0	506.892	6328.1
-31642.0	7800.0	505.643	6024.57
-31642.0	7800.0	504.394	5783.19
-31642.0	7800.0	503.145	5539.91
-31642.0	7800.0	501.895	5424.75
-31642.0	7800.0	500.645	5303.64
-31642.0	7800.0	499.394	5172.58
-31642.0	7800.0	498.144	5137.53
-31642.0	7800.0	496.893	5026.54
-31642.0	7800.0	495.642	5017.51
-31642.0	7800.0	494.39	4814.69
-31642.0	7800.0	493.139	4653.91
-31642.0	7800.0	491.887	4437.27
-31642.0	7800.0	490.635	4418.38
-31642.0	7800.0	489.382	4333.63
-31642.0	7800.0	488.13	4149.13
-31642.0	7800.0	486.877	4052.49
-31642.0	7800.0	485.623	4071.6
-31642.0	7800.0	484.37	3977.02
-31642.0	7800.0	483.116	3928.33
-31642.0	7800.0	481.862	3911.57
-31642.0	7800.0	480.608	3769.24
-31642.0	7800.0	479.354	3728.6
-31642.0	7800.0	478.099	3729.82
-31642.0	7800.0	476.844	3725.06
-31642.0	7800.0	475.588	3678.48
-31642.0	7800.0	474.333	3572.18
-31642.0	7800.0	473.077	3513.71
-31642.0	7800.0	471.821	3499.05
-31642.0	7800.0	470.565	3410.76
-31642.0	7800.0	469.308	3344.4
-31642.0	7800.0	468.051	3411.33
-31642.0	7800.0	466.794	3424.55
-31642.0	7800.0	465.537	3344.3
-31642.0	7800.0	464.279	3345.59
-31642.0	7800.0	463.021	3199.81
-31642.0	7800.0	461.763	3252.8
-31642.0	7800.0	460.505	3142.86
-31642.0	7800.0	459.246	3193.84
-31642.0	7800.0	457.987	3123.67
-31642.0	7800.0	456.728	3111.11
-31642.0	7800.0	455.469	3009.23
-31642.0	7800.0	454.209	2976.85
-31642.0	7800.0	452.949	3007.97
-31642.0	7800.0	451.689	2953.79
-31642.0	7800.0	450.428	2947.22
-31642.0	7800.0	449.167	2952.55
-31642.0	7800.0	447.906	2936.08
-31642.0	7800.0	446.645	2864.11
-31642.0	7800.0	445.383	2728.76
-31642.0	7800.0	444.122	2749.98
-31642.0	7800.0	442.86	2783.08
-31642.0	7800.0	441.597	2841.92
-31642.0	7800.0	440.335	2758.16
-31642.0	7800.0	439.072	2816.97
-31642.0	7800.0	437.809	2820.34
-31642.0	7800.0	436.545	2772.26
-31642.0	7800.0	435.281	2781.57
-31642.0	7800.0	434.018	2678.14
-31642.0	7800.0	432.753	2798.21
-31642.0	7800.0	431.489	2698.77
-31642.0	7800.0	430.224	2727.85
-31642.0	7800.0	428.959	2754.95
-31642.0	7800.0	427.694	2621.99
-31642.0	7800.0	426.428	2672.8
-31642.0	7800.0	425.163	2745.32
-31642.0	7800.0	423.896	2663.78
-31642.0	7800.0	422.63	2667.17
-31642.0	7800.0	421.364	2644.9
-31642.0	7800.0	420.097	2618.69
-31642.0	7800.0	418.83	2600.39
-31642.0	7800.0	417.562	2589.98
-31642.0	7800.0	416.295	2630.85
-31642.0	7800.0	415.027	2525.8
-31642.0	7800.0	413.758	2627.78
-31642.0	7800.0	412.49	2662.7
-31642.0	7800.0	411.221	2595.15
-31642.0	7800.0	409.952	2557.17
-31642.0	7800.0	408.683	2568.45
-31642.0	7800.0	407.414	2514.74
-31642.0	7800.0	406.144	2533.9
-31642.0	7800.0	404.874	2537.3
-31642.0	7800.0	403.603	2546.61
-31642.0	7800.0	402.333	2502.79
-31642.0	7800.0	401.062	2539.64
-31642.0	7800.0	399.791	2505.67
-31642.0	7800.0	398.519	2520.87
-31642.0	7800.0	397.248	2540.0
-31642.0	7800.0	395.976	2519.81
-31642.0	7800.0	394.704	2513.39
-31642.0	7800.0	393.431	2505.0
-31642.0	7800.0	392.159	2420.01
-31642.0	7800.0	390.886	2452.88
-31642.0	7800.0	389.612	2517.16
-31642.0	7800.0	388.339	2481.29
-31642.0	7800.0	387.065	2490.58
-31642.0	7800.0	385.791	2586.21
-31642.0	7800.0	384.517	2473.84
-31642.0	7800.0	383.242	2555.7
-31642.0	7800.0	381.967	2476.72
-31642.0	7800.0	380.692	2513.45
-31642.0	7800.0	379.417	2467.83
-31642.0	7800.0	378.141	2502.59
-31642.0	7800.0	376.865	2588.27
-31642.0	7800.0	375.589	2401.63
-31642.0	7800.0	374.312	2471.63
-31642.0	7800.0	373.035	2516.14
-31642.0	7800.0	371.758	2486.24
-31642.0	7800.0	370.481	2452.44
-31642.0	7800.0	369.204	2514.55
-31642.0	7800.0	367.926	2461.19
-31642.0	7800.0	366.648	2443.07
-31642.0	7800.0	365.369	2450.37
-31642.0	7800.0	364.091	2438.12
-31642.0	7800.0	362.812	2484.52
-31642.0	7800.0	361.532	2511.36
-31642.0	7800.0	360.253	2454.16
-31642.0	7800.0	358.973	2504.43
-31642.0	7800.0	357.693	2402.34
-31642.0	7800.0	356.413	2522.9
-31642.0	7800.0	355.132	2426.7
-31642.0	7800.0	353.852	2555.01
-31642.0	7800.0	352.571	2495.93
-31642.0	7800.0	351.289	2509.06
-31642.0	7800.0	350.008	2555.34
-31642.0	7800.0	348.726	2445.59
-31642.0	7800.0	347.444	2585.45
-31642.0	7800.0	346.161	2471.84
-31642.0	7800.0	344.878	2543.43
-31642.0	7800.0	343.595	2548.74
-31642.0	7800.0	342.312	2583.26
-31642.0	7800.0	341.029	2520.39
-31642.0	7800.0	339.745	2531.54
-31642.0	7800.0	338.461	2546.57
-31642.0	7800.0	337.176	2571.34
-31642.0	7800.0	335.892	2504.63
-31642.0	7800.0	334.607	2513.82
-31642.0	7800.0	333.322	2575.54
-31642.0	7800.0	332.036	2606.11
-31642.0	7800.0	330.75	2574.44
-31642.0	7800.0	329.464	2614.72
-31642.0	7800.0	328.178	2614.16
-31642.0	7800.0	326.892	2574.74
-31642.0	7800.0	325.605	2578.08
-31642.0	7800.0	324.318	2626.09
-31642.0	7800.0	323.03	2662.43
-31642.0	7800.0	321.743	2667.69
-31642.0	7800.0	320.455	2667.12
-31642.0	7800.0	319.167	2722.84
-31642.0	7800.0	317.878	2720.32
-31642.0	7800.0	316.59	2725.56
-31642.0	7800.0	315.301	2631.88
-31642.0	7800.0	314.011	2739.91
-31642.0	7800.0	312.722	2714.13
-31642.0	7800.0	311.432	2810.46
-31642.0	7800.0	310.142	2689.72
-31642.0	7800.0	308.851	2687.21
-31642.0	7800.0	307.561	2822.22
-31642.0	7800.0	306.27	2755.78
-31642.0	7800.0	304.979	2791.98
-31642.0	7800.0	303.687	2895.92
-31642.0	7800.0	302.395	2810.14
-31642.0	7800.0	301.103	2761.17
-31642.0	7800.0	299.811	2816.68
-31642.0	7800.0	298.519	2812.21
-31642.0	7800.0	297.226	2800.01
-31642.0	7800.0	295.933	2683.42
-31642.0	7800.0	294.639	2669.31
-31642.0	7800.0	293.345	2595.31
-31642.0	7800.0	292.052	2720.34
-31642.0	7800.0	290.757	2551.71
-31642.0	7800.0	289.463	2678.62
-31642.0	7800.0	288.168	2712.81
-31642.0	7800.0	286.873	2611.85
-31642.0	7800.0	285.578	2574.62
-31642.0	7800.0	284.282	2581.79
-31642.0	7800.0	282.986	2608.24
-31642.0	7800.0	281.69	2536.32
-31642.0	7800.0	280.393	2518.42
-31642.0	7800.0	279.097	2467.76
-31642.0	7800.0	277.8	2544.33
-31642.0	7800.0	276.502	2480.19
-31642.0	7800.0	275.205	2560.59
-31642.0	7800.0	273.907	2509.95
-31642.0	7800.0	272.609	2463.2
-31642.0	7800.0	271.311	2429.94
-31642.0	7800.0	270.012	2414.02
-31642.0	7800.0	268.713	2463.54
-31642.0	7800.0	267.414	2403.36
-31642.0	7800.0	266.114	2422.09
-31642.0	7800.0	264.814	2356.17
-31642.0	7800.0	263.514	2340.28
-31642.0	7800.0	262.214	2357.09
-31642.0	7800.0	260.913	2389.26
-31642.0	7800.0	259.613	2288.82
-31642.0	7800.0	258.311	2322.91
-31642.0	7800.0	257.01	2247.5
-31642.0	7800.0	255.708	2377.61
-31642.0	7800.0	254.406	2300.3
-31642.0	7800.0	253.104	2330.52
-31642.0	7800.0	251.801	2312.75
-31642.0	7800.0	250.499	2258.52
-31642.0	7800.0	249.195	2265.71
-31642.0	7800.0	247.892	2238.37
-31642.0	7800.0	246.588	2322.27
-31642.0	7800.0	245.284	2199.07
-31642.0	7800.0	243.98	2248.44
-31642.0	7800.0	242.676	2223.04
-31642.0	7800.0	241.371	2205.32
-31642.0	7800.0	240.066	2185.69
-31642.0	7800.0	238.76	2189.05
-31642.0	7800.0	237.455	2221.13
-31642.0	7800.0	236.149	2222.57
-31642.0	7800.0	234.843	2160.85
-31642.0	7800.0	233.536	2160.38
-31642.0	7800.0	232.229	2192.44
-31642.0	7800.0	230.922	2207.27
-31642.0	7800.0	229.615	2181.94
-31642.0	7800.0	228.307	2189.12
-31642.0	7800.0	227.0	2196.3
-31642.0	7800.0	225.691	2123.2
-31642.0	7800.0	224.383	2076.89
-31642.0	7800.0	223.074	2061.16
-31642.0	7800.0	221.765	2152.39
-31642.0	7800.0	220.456	2102.28
-31642.0	7800.0	219.146	2092.29
-31642.0	7800.0	217.836	2097.56
-31642.0	7800.0	216.526	2127.64
-31642.0	7800.0	215.216	2138.63
-31642.0	7800.0	213.905	2079.05
-31642.0	7800.0	212.594	2042.37
-31642.0	7800.0	211.283	2003.8
-31642.0	7800.0	209.971	2085.33
-31642.0	7800.0	208.66	2077.26
-31642.0	7800.0	207.348	2145.4
-31642.0	7800.0	206.035	2129.7
-31642.0	7800.0	204.722	2131.15
-31642.0	7800.0	203.409	2149.73
-31642.0	7800.0	202.096	2170.21
-31642.0	7800.0	200.783	2169.74
-31642.0	7800.0	199.469	2163.57
-31642.0	7800.0	198.155	2132.66
-31642.0	7800.0	196.84	2168.34
-31642.0	7800.0	195.526	2205.91
-31642.0	7800.0	194.211	2136.99
-31642.0	7800.0	192.896	2163.14
-31642.0	7800.0	191.58	2390.73
-31642.0	7800.0	190.264	2291.41
-31642.0	7800.0	188.948	2328.91
-31642.0	7800.0	187.632	2252.44
-31642.0	7800.0	186.315	2251.96
-31642.0	7800.0	184.998	2213.5
-31642.0	7800.0	183.681	2228.21
-31642.0	7800.0	182.364	2296.04
-31642.0	7800.0	181.046	2295.55
-31642.0	7800.0	179.728	2241.95
-31642.0	7800.0	178.41	2330.59
-31642.0	7800.0	177.091	2292.17
-31642.0	7800.0	175.772	2282.2
-31642.0	7800.0	174.453	2291.18
-31642.0	7800.0	173.133	2285.0
-31642.0	7800.0	171.814	2307.24
-31642.0	7800.0	170.494	2331.37
-31642.0	7800.0	169.173	2268.38
-31642.0	7800.0	167.853	2305.75
-31642.0	7800.0	166.532	2333.64
-31642.0	7800.0	165.211	2372.88
-31642.0	7800.0	163.889	2391.28
-31642.0	7800.0	162.567	2317.0
-31642.0	7800.0	161.245	2388.36
-31642.0	7800.0	159.923	2308.44
-31642.0	7800.0	158.6	2368.43
-31642.0	7800.0	157.278	2390.6
-31642.0	7800.0	155.954	2390.08
-31642.0	7800.0	154.631	2533.13
-31642.0	7800.0	153.307	2387.16
-31642.0	7800.0	151.983	2407.42
-31642.0	7800.0	150.659	2495.62
-31642.0	7800.0	149.334	2406.38
-31642.0	7800.0	148.009	2426.62
-31642.0	7800.0	146.684	2444.96
-31642.0	7800.0	145.359	2427.46
-31642.0	7800.0	144.033	2445.79
-31642.0	7800.0	142.707	2432.06
-31642.0	7800.0	141.381	2424.0
-31642.0	7800.0	140.054	2366.94
-31642.0	7800.0	138.727	2453.1
-31642.0	7800.0	137.4	2394.17
-31642.0	7800.0	136.072	2425.67
-31642.0	7800.0	134.745	2393.14
-31642.0	7800.0	133.417	2413.33
-31642.0	7800.0	132.088	2382.7
-31642.0	7800.0	130.76	2440.52
-31642.0	7800.0	129.431	2458.8
-31642.0	7800.0	128.102	2428.18
-31642.0	7800.0	126.772	2455.86
-31642.0	7800.0	125.442	2382.01
-31642.0	7800.0	124.112	2373.97
-31642.0	7800.0	122.782	2373.46
-31642.0	7800.0	121.451	2299.68
-31642.0	7800.0	120.12	2332.99
-31642.0	7800.0	118.789	2270.51
-31642.0	7800.0	117.458	2333.86
-31642.0	7800.0	116.126	2248.88
-31642.0	7800.0	114.794	2299.07
-31642.0	7800.0	113.462	2253.54
-31642.0	7800.0	112.129	2311.21
-31642.0	7800.0	110.796	2271.32
-31642.0	7800.0	109.463	2182.7
-31642.0	7800.0	108.129	2244.09
-31642.0	7800.0	106.796	2226.74
-31642.0	7800.0	105.461	2100.7
-31642.0	7800.0	104.127	2118.99
-31642.0	7800.0	102.792	2084.81
-31642.0	7800.0	101.457	1921.43
-31642.0	7800.0	100.122	1986.55
-31642.0	7800.0	98.7867	1883.16
-31642.0	7800.0	97.4509	1920.19
-31642.0	7800.0	96.1148	1945.97
-31642.0	7800.0	94.7784	1878.2
-31642.0	7800.0	93.4418	1870.32
-31642.0	7800.0	92.1048	1862.43
-31642.0	7800.0	90.7676	1828.38
-31642.0	7800.0	89.43	1777.52
-31642.0	7800.0	88.0922	1773.4
-31642.0	7800.0	86.7541	1802.91
-31642.0	7800.0	85.4157	1718.46
