-31642.0	7842.0	1311.89	1960.19
-31642.0	7842.0	1310.78	1998.48
-31642.0	7842.0	1309.68	2011.78
-31642.0	7842.0	1308.58	1943.35
-31642.0	7842.0	1307.48	1929.42
-31642.0	7842.0	1306.38	1976.78
-31642.0	7842.0	1305.28	1894.77
-31642.0	7842.0	1304.18	2023.79
-31642.0	7842.0	1303.07	1980.36
-31642.0	7842.0	1301.97	1995.92
-31642.0	7842.0	1300.87	1900.36
-31642.0	7842.0	1299.77	1934.06
-31642.0	7842.0	1298.66	2008.56
-31642.0	7842.0	1297.56	2021.84
-31642.0	7842.0	1296.46	1937.67
-31642.0	7842.0	1295.35	1996.27
-31642.0	7842.0	1294.25	1971.03
-31642.0	7842.0	1293.15	2000.16
-31642.0	7842.0	1292.04	1983.98
-31642.0	7842.0	1290.94	1913.46
-31642.0	7842.0	1289.83	1956.17
-31642.0	7842.0	1288.73	1856.26
-31642.0	7842.0	1287.63	1860.48
-31642.0	7842.0	1286.52	1912.23
-31642.0	7842.0	1285.42	1889.3
-31642.0	7842.0	1284.31	2006.63
-31642.0	7842.0	1283.21	1979.16
-31642.0	7842.0	1282.1	1949.44
-31642.0	7842.0	1280.99	1964.96
-31642.0	7842.0	1279.89	1984.99
-31642.0	7842.0	1278.78	1842.26
-31642.0	7842.0	1277.68	1848.74
-31642.0	7842.0	1276.57	1929.79
-31642.0	7842.0	1275.46	1956.59
-31642.0	7842.0	1274.36	1960.79
-31642.0	7842.0	1273.25	1944.67
-31642.0	7842.0	1272.14	1989.52
-31642.0	7842.0	1271.04	1964.36
-31642.0	7842.0	1269.93	1968.55
-31642.0	7842.0	1268.82	1891.49
-31642.0	7842.0	1267.71	1945.35
-31642.0	7842.0	1266.61	1996.93
-31642.0	7842.0	1265.5	1913.13
-31642.0	7842.0	1264.39	1989.51
-31642.0	7842.0	1263.28	1957.62
-31642.0	7842.0	1262.17	1948.28
-31642.0	7842.0	1261.06	1934.43
-31642.0	7842.0	1259.95	1902.56
-31642.0	7842.0	1258.84	1841.4
-31642.0	7842.0	1257.74	1841.1
-31642.0	7842.0	1256.63	1980.49
-31642.0	7842.0	1255.52	1914.84
-31642.0	7842.0	1254.41	1932.55
-31642.0	7842.0	1253.3	1932.23
-31642.0	7842.0	1252.19	1931.92
-31642.0	7842.0	1251.08	1990.13
-31642.0	7842.0	1249.96	1942.54
-31642.0	7842.0	1248.85	1921.97
-31642.0	7842.0	1247.74	1887.9
-31642.0	7842.0	1246.63	1921.34
-31642.0	7842.0	1245.52	1898.53
-31642.0	7842.0	1244.41	1884.73
-31642.0	7842.0	1243.3	1927.14
-31642.0	7842.0	1242.18	1926.83
-31642.0	7842.0	1241.07	1895.04
-31642.0	7842.0	1239.96	1946.43
-31642.0	7842.0	1238.85	1937.12
-31642.0	7842.0	1237.74	1824.46
-31642.0	7842.0	1236.62	1862.35
-31642.0	7842.0	1235.51	1862.04
-31642.0	7842.0	1234.4	1861.74
-31642.0	7842.0	1233.28	1852.45
-31642.0	7842.0	1232.17	1836.43
-31642.0	7842.0	1231.06	1887.75
-31642.0	7842.0	1229.94	1880.71
-31642.0	7842.0	1228.83	1900.6
-31642.0	7842.0	1227.71	1967.59
-31642.0	7842.0	1226.6	1837.16
-31642.0	7842.0	1225.48	1843.59
-31642.0	7842.0	1224.37	1919.53
-31642.0	7842.0	1223.25	1858.68
-31642.0	7842.0	1222.14	1860.61
-31642.0	7842.0	1221.02	1889.44
-31642.0	7842.0	1219.91	1916.02
-31642.0	7842.0	1218.79	1844.01
-31642.0	7842.0	1217.68	1801.14
-31642.0	7842.0	1216.56	1883.71
-31642.0	7842.0	1215.44	1883.4
-31642.0	7842.0	1214.33	1827.11
-31642.0	7842.0	1213.21	1846.96
-31642.0	7842.0	1212.09	1835.46
-31642.0	7842.0	1210.98	1815.02
-31642.0	7842.0	1209.86	1848.28
-31642.0	7842.0	1208.74	1868.11
-31642.0	7842.0	1207.62	1957.28
-31642.0	7842.0	1206.51	1916.69
-31642.0	7842.0	1205.39	1887.31
-31642.0	7842.0	1204.27	1826.63
-31642.0	7842.0	1203.15	1810.68
-31642.0	7842.0	1202.03	1982.47
-31642.0	7842.0	1200.91	1857.0
-31642.0	7842.0	1199.8	1865.63
-31642.0	7842.0	1198.68	1865.32
-31642.0	7842.0	1197.56	1818.11
-31642.0	7842.0	1196.44	1799.94
-31642.0	7842.0	1195.32	1815.27
-31642.0	7842.0	1194.2	1797.11
-31642.0	7842.0	1193.08	1839.21
-31642.0	7842.0	1191.96	1838.91
-31642.0	7842.0	1190.84	1845.3
-31642.0	7842.0	1189.72	1744.6
-31642.0	7842.0	1188.6	1808.99
-31642.0	7842.0	1187.48	1851.06
-31642.0	7842.0	1186.35	1868.59
-31642.0	7842.0	1185.23	1874.97
-31642.0	7842.0	1184.11	1827.84
-31642.0	7842.0	1182.99	1854.28
-31642.0	7842.0	1181.87	1778.21
-31642.0	7842.0	1180.75	1786.82
-31642.0	7842.0	1179.62	1831.08
-31642.0	7842.0	1178.5	1924.31
-31642.0	7842.0	1177.38	1843.82
-31642.0	7842.0	1176.26	1963.74
-31642.0	7842.0	1175.13	1878.82
-31642.0	7842.0	1174.01	1825.09
-31642.0	7842.0	1172.89	1827.01
-31642.0	7842.0	1171.76	1880.1
-31642.0	7842.0	1170.64	1897.58
-31642.0	7842.0	1169.51	1819.41
-31642.0	7842.0	1168.39	1832.45
-31642.0	7842.0	1167.27	1834.37
-31642.0	7842.0	1166.14	1785.15
-31642.0	7842.0	1165.02	1818.19
-31642.0	7842.0	1163.89	1773.44
-31642.0	7842.0	1162.77	1762.03
-31642.0	7842.0	1161.64	1846.15
-31642.0	7842.0	1160.52	1854.73
-31642.0	7842.0	1159.39	1743.37
-31642.0	7842.0	1158.26	1729.75
-31642.0	7842.0	1157.14	1787.18
-31642.0	7842.0	1156.01	1853.47
-31642.0	7842.0	1154.88	1833.19
-31642.0	7842.0	1153.76	1852.85
-31642.0	7842.0	1152.63	1830.35
-31642.0	7842.0	1151.5	1847.78
-31642.0	7842.0	1150.38	1780.94
-31642.0	7842.0	1149.25	1789.5
-31642.0	7842.0	1148.12	1811.37
-31642.0	7842.0	1146.99	1815.5
-31642.0	7842.0	1145.87	1757.57
-31642.0	7842.0	1144.74	1781.64
-31642.0	7842.0	1143.61	1827.87
-31642.0	7842.0	1142.48	1792.11
-31642.0	7842.0	1141.35	1740.87
-31642.0	7842.0	1140.22	1838.01
-31642.0	7842.0	1139.09	1782.34
-31642.0	7842.0	1137.97	1883.87
-31642.0	7842.0	1136.84	1856.99
-31642.0	7842.0	1135.71	1752.67
-31642.0	7842.0	1134.58	1721.39
-31642.0	7842.0	1133.45	1743.22
-31642.0	7842.0	1132.32	1753.98
-31642.0	7842.0	1131.19	1793.49
-31642.0	7842.0	1130.05	1757.81
-31642.0	7842.0	1128.92	1841.51
-31642.0	7842.0	1127.79	1735.1
-31642.0	7842.0	1126.66	1827.63
-31642.0	7842.0	1125.53	1730.09
-31642.0	7842.0	1124.4	1740.84
-31642.0	7842.0	1123.27	1725.08
-31642.0	7842.0	1122.13	1782.21
-31642.0	7842.0	1121.0	1777.49
-31642.0	7842.0	1119.87	1752.9
-31642.0	7842.0	1118.74	1825.44
-31642.0	7842.0	1117.6	1776.57
-31642.0	7842.0	1116.47	1690.21
-31642.0	7842.0	1115.34	1789.2
-31642.0	7842.0	1114.2	1817.57
-31642.0	7842.0	1113.07	1784.18
-31642.0	7842.0	1111.94	1814.74
-31642.0	7842.0	1110.8	1834.27
-31642.0	7842.0	1109.67	1752.4
-31642.0	7842.0	1108.54	1694.8
-31642.0	7842.0	1107.4	1767.22
-31642.0	7842.0	1106.27	1760.31
-31642.0	7842.0	1105.13	1740.18
-31642.0	7842.0	1104.0	1715.65
-31642.0	7842.0	1102.86	1697.74
-31642.0	7842.0	1101.72	1688.64
-31642.0	7842.0	1100.59	1683.95
-31642.0	7842.0	1099.45	1738.68
-31642.0	7842.0	1098.32	1760.38
-31642.0	7842.0	1097.18	1757.88
-31642.0	7842.0	1096.04	1722.38
-31642.0	7842.0	1094.91	1766.07
-31642.0	7842.0	1093.77	1805.35
-31642.0	7842.0	1092.63	1750.07
-31642.0	7842.0	1091.5	1809.12
-31642.0	7842.0	1090.36	1758.26
-31642.0	7842.0	1089.22	1786.52
-31642.0	7842.0	1088.08	1726.89
-31642.0	7842.0	1086.95	1724.39
-31642.0	7842.0	1085.81	1715.31
-31642.0	7842.0	1084.67	1708.42
-31642.0	7842.0	1083.53	1747.65
-31642.0	7842.0	1082.39	1734.17
-31642.0	7842.0	1081.25	1705.34
-31642.0	7842.0	1080.11	1773.07
-31642.0	7842.0	1078.97	1724.49
-31642.0	7842.0	1077.83	1748.32
-31642.0	7842.0	1076.69	1750.21
-31642.0	7842.0	1075.55	1644.65
-31642.0	7842.0	1074.41	1703.56
-31642.0	7842.0	1073.27	1712.03
-31642.0	7842.0	1072.13	1757.76
-31642.0	7842.0	1070.99	1755.26
-31642.0	7842.0	1069.85	1739.62
-31642.0	7842.0	1068.71	1721.79
-31642.0	7842.0	1067.57	1752.15
-31642.0	7842.0	1066.43	1775.94
-31642.0	7842.0	1065.28	1786.57
-31642.0	7842.0	1064.14	1744.67
-31642.0	7842.0	1063.0	1744.36
-31642.0	7842.0	1061.86	1770.32
-31642.0	7842.0	1060.71	1776.57
-31642.0	7842.0	1059.57	1745.64
-31642.0	7842.0	1058.43	1732.21
-31642.0	7842.0	1057.29	1712.22
-31642.0	7842.0	1056.14	1746.91
-31642.0	7842.0	1055.0	1707.25
-31642.0	7842.0	1053.85	1717.88
-31642.0	7842.0	1052.71	1743.8
-31642.0	7842.0	1051.57	1699.8
-31642.0	7842.0	1050.42	1671.1
-31642.0	7842.0	1049.28	1734.15
-31642.0	7842.0	1048.13	1764.41
-31642.0	7842.0	1046.99	1746.64
-31642.0	7842.0	1045.84	1737.6
-31642.0	7842.0	1044.7	1698.01
-31642.0	7842.0	1043.55	1771.9
-31642.0	7842.0	1042.4	1738.86
-31642.0	7842.0	1041.26	1718.92
-31642.0	7842.0	1040.11	1698.99
-31642.0	7842.0	1038.97	1687.79
-31642.0	7842.0	1037.82	1748.54
-31642.0	7842.0	1036.67	1724.25
-31642.0	7842.0	1035.53	1732.66
-31642.0	7842.0	1034.38	1697.49
-31642.0	7842.0	1033.23	1747.3
-31642.0	7842.0	1032.08	1762.24
-31642.0	7842.0	1030.94	1748.86
-31642.0	7842.0	1029.79	1705.0
-31642.0	7842.0	1028.64	1811.38
-31642.0	7842.0	1027.49	1728.34
-31642.0	7842.0	1026.34	1723.69
-31642.0	7842.0	1025.19	1773.43
-31642.0	7842.0	1024.04	1731.78
-31642.0	7842.0	1022.89	1790.2
-31642.0	7842.0	1021.74	1807.28
-31642.0	7842.0	1020.59	1815.66
-31642.0	7842.0	1019.45	1743.59
-31642.0	7842.0	1018.29	1708.5
-31642.0	7842.0	1017.14	1742.97
-31642.0	7842.0	1015.99	1831.75
-31642.0	7842.0	1014.84	1822.74
-31642.0	7842.0	1013.69	1820.24
-31642.0	7842.0	1012.54	1735.22
-31642.0	7842.0	1011.39	1732.74
-31642.0	7842.0	1010.24	1778.02
-31642.0	7842.0	1009.09	1805.92
-31642.0	7842.0	1007.93	1796.92
-31642.0	7842.0	1006.78	1859.52
-31642.0	7842.0	1005.63	1850.51
-31642.0	7842.0	1004.48	1841.51
-31642.0	7842.0	1003.32	1817.32
-31642.0	7842.0	1002.17	1895.05
-31642.0	7842.0	1001.02	1805.83
-31642.0	7842.0	999.865	1801.17
-31642.0	7842.0	998.711	1874.53
-31642.0	7842.0	997.558	1880.7
-31642.0	7842.0	996.403	1845.7
-31642.0	7842.0	995.249	1849.7
-31642.0	7842.0	994.095	1881.85
-31642.0	7842.0	992.94	1961.63
-31642.0	7842.0	991.785	1937.46
-31642.0	7842.0	990.63	1919.8
-31642.0	7842.0	989.475	1943.26
-31642.0	7842.0	988.319	1992.67
-31642.0	7842.0	987.164	1914.44
-31642.0	7842.0	986.008	2022.24
-31642.0	7842.0	984.852	2006.74
-31642.0	7842.0	983.695	2097.18
-31642.0	7842.0	982.539	2105.45
-31642.0	7842.0	981.382	2100.75
-31642.0	7842.0	980.225	2124.14
-31642.0	7842.0	979.068	2004.93
-31642.0	7842.0	977.911	2062.89
-31642.0	7842.0	976.753	2144.59
-31642.0	7842.0	975.595	2044.87
-31642.0	7842.0	974.437	2145.98
-31642.0	7842.0	973.279	2108.89
-31642.0	7842.0	972.121	2199.15
-31642.0	7842.0	970.962	2138.34
-31642.0	7842.0	969.803	2146.58
-31642.0	7842.0	968.644	2040.5
-31642.0	7842.0	967.485	2061.7
-31642.0	7842.0	966.326	2076.42
-31642.0	7842.0	965.166	2088.98
-31642.0	7842.0	964.006	2108.0
-31642.0	7842.0	962.846	2107.62
-31642.0	7842.0	961.686	2102.93
-31642.0	7842.0	960.525	2177.94
-31642.0	7842.0	959.365	2166.78
-31642.0	7842.0	958.204	2155.62
-31642.0	7842.0	957.043	2159.53
-31642.0	7842.0	955.881	2133.31
-31642.0	7842.0	954.72	2135.07
-31642.0	7842.0	953.558	2169.12
-31642.0	7842.0	952.396	2129.99
-31642.0	7842.0	951.234	2123.15
-31642.0	7842.0	950.071	2112.01
-31642.0	7842.0	948.909	2068.62
-31642.0	7842.0	947.746	2182.19
-31642.0	7842.0	946.583	2183.95
-31642.0	7842.0	945.42	2224.38
-31642.0	7842.0	944.256	2206.79
-31642.0	7842.0	943.092	2199.94
-31642.0	7842.0	941.929	2111.47
-31642.0	7842.0	940.765	2104.64
-31642.0	7842.0	939.6	2127.88
-31642.0	7842.0	938.436	2129.63
-31642.0	7842.0	937.271	2032.66
-31642.0	7842.0	936.106	2111.69
-31642.0	7842.0	934.941	2111.3
-31642.0	7842.0	933.775	2029.4
-31642.0	7842.0	932.61	2016.15
-31642.0	7842.0	931.444	2060.82
-31642.0	7842.0	930.278	2021.85
-31642.0	7842.0	929.112	1995.75
-31642.0	7842.0	927.945	1918.23
-31642.0	7842.0	926.779	1887.88
-31642.0	7842.0	925.612	2020.37
-31642.0	7842.0	924.445	1985.72
-31642.0	7842.0	923.278	1948.95
-31642.0	7842.0	922.11	1940.02
-31642.0	7842.0	920.942	1982.49
-31642.0	7842.0	919.774	1956.44
-31642.0	7842.0	918.606	1874.75
-31642.0	7842.0	917.438	1861.57
-31642.0	7842.0	916.269	1910.43
-31642.0	7842.0	915.1	1796.71
-31642.0	7842.0	913.931	1879.79
-31642.0	7842.0	912.762	1755.43
-31642.0	7842.0	911.593	1765.79
-31642.0	7842.0	910.423	1769.74
-31642.0	7842.0	909.253	1765.14
-31642.0	7842.0	908.083	1769.09
-31642.0	7842.0	906.913	1779.44
-31642.0	7842.0	905.742	1830.37
-31642.0	7842.0	904.572	1761.7
-31642.0	7842.0	903.401	1776.32
-31642.0	7842.0	902.229	1773.86
-31642.0	7842.0	901.058	1777.8
-31642.0	7842.0	899.886	1721.99
-31642.0	7842.0	898.715	1689.67
-31642.0	7842.0	897.543	1712.82
-31642.0	7842.0	896.37	1757.29
-31642.0	7842.0	895.198	1759.09
-31642.0	7842.0	894.025	1780.09
-31642.0	7842.0	892.852	1773.36
-31642.0	7842.0	891.679	1813.52
-31642.0	7842.0	890.506	1813.19
-31642.0	7842.0	889.332	1776.63
-31642.0	7842.0	888.158	1703.89
-31642.0	7842.0	886.984	1750.42
-31642.0	7842.0	885.81	1767.13
-31642.0	7842.0	884.636	1749.77
-31642.0	7842.0	883.461	1736.67
-31642.0	7842.0	882.286	1725.71
-31642.0	7842.0	881.111	1727.52
-31642.0	7842.0	879.936	1769.74
-31642.0	7842.0	878.76	1703.48
-31642.0	7842.0	877.584	1709.54
-31642.0	7842.0	876.408	1736.86
-31642.0	7842.0	875.232	1751.41
-31642.0	7842.0	874.056	1729.83
-31642.0	7842.0	872.879	1650.9
-31642.0	7842.0	871.702	1663.33
-31642.0	7842.0	870.525	1739.48
-31642.0	7842.0	869.348	1781.63
-31642.0	7842.0	868.17	1677.26
-31642.0	7842.0	866.993	1715.16
-31642.0	7842.0	865.815	1740.31
-31642.0	7842.0	864.637	1680.57
-31642.0	7842.0	863.458	1720.56
-31642.0	7842.0	862.28	1635.39
-31642.0	7842.0	861.101	1713.55
-31642.0	7842.0	859.922	1713.23
-31642.0	7842.0	858.742	1702.31
-31642.0	7842.0	857.563	1738.02
-31642.0	7842.0	856.383	1705.91
-31642.0	7842.0	855.203	1667.45
-31642.0	7842.0	854.023	1715.86
-31642.0	7842.0	852.843	1755.78
-31642.0	7842.0	851.662	1687.69
-31642.0	7842.0	850.481	1681.02
-31642.0	7842.0	849.3	1716.69
-31642.0	7842.0	848.119	1682.5
-31642.0	7842.0	846.937	1718.15
-31642.0	7842.0	845.756	1686.1
-31642.0	7842.0	844.574	1732.31
-31642.0	7842.0	843.392	1780.63
-31642.0	7842.0	842.209	1687.26
-31642.0	7842.0	841.027	1724.99
-31642.0	7842.0	839.844	1699.3
-31642.0	7842.0	838.661	1652.49
-31642.0	7842.0	837.477	1637.39
-31642.0	7842.0	836.294	1757.49
-31642.0	7842.0	835.11	1774.05
-31642.0	7842.0	833.926	1758.93
-31642.0	7842.0	832.742	1743.82
-31642.0	7842.0	831.558	1684.39
-31642.0	7842.0	830.373	1694.62
-31642.0	7842.0	829.188	1696.41
-31642.0	7842.0	828.003	1702.42
-31642.0	7842.0	826.818	1655.7
-31642.0	7842.0	825.632	1691.23
-31642.0	7842.0	824.446	1674.04
-31642.0	7842.0	823.26	1747.5
-31642.0	7842.0	822.074	1757.71
-31642.0	7842.0	820.888	1799.52
-31642.0	7842.0	819.701	1740.19
-31642.0	7842.0	818.514	1668.24
-31642.0	7842.0	817.327	1758.48
-31642.0	7842.0	816.14	1737.09
-31642.0	7842.0	814.952	1709.39
-31642.0	7842.0	813.765	1706.96
-31642.0	7842.0	812.577	1700.32
-31642.0	7842.0	811.388	1718.94
-31642.0	7842.0	810.2	1714.4
-31642.0	7842.0	809.011	1608.92
-31642.0	7842.0	807.822	1684.31
-31642.0	7842.0	806.633	1690.29
-31642.0	7842.0	805.444	1679.46
-31642.0	7842.0	804.254	1683.34
-31642.0	7842.0	803.064	1643.1
-31642.0	7842.0	801.874	1642.79
-31642.0	7842.0	800.684	1724.39
-31642.0	7842.0	799.493	1700.96
-31642.0	7842.0	798.303	1765.72
-31642.0	7842.0	797.112	1729.69
-31642.0	7842.0	795.921	1718.87
-31642.0	7842.0	794.729	1682.87
-31642.0	7842.0	793.538	1703.53
-31642.0	7842.0	792.346	1690.61
-31642.0	7842.0	791.154	1623.18
-31642.0	7842.0	789.961	1713.03
-31642.0	7842.0	788.769	1712.7
-31642.0	7842.0	787.576	1729.14
-31642.0	7842.0	786.383	1659.66
-31642.0	7842.0	785.19	1623.72
-31642.0	7842.0	783.996	1671.59
-31642.0	7842.0	782.802	1650.32
-31642.0	7842.0	781.608	1629.06
-31642.0	7842.0	780.414	1697.84
-31642.0	7842.0	779.22	1653.56
-31642.0	7842.0	778.025	1674.16
-31642.0	7842.0	776.83	1663.38
-31642.0	7842.0	775.635	1658.88
-31642.0	7842.0	774.44	1689.93
-31642.0	7842.0	773.244	1620.6
-31642.0	7842.0	772.049	1737.36
-31642.0	7842.0	770.853	1703.58
-31642.0	7842.0	769.656	1690.72
-31642.0	7842.0	768.46	1692.48
-31642.0	7842.0	767.263	1723.49
-31642.0	7842.0	766.066	1706.45
-31642.0	7842.0	764.869	1670.62
-31642.0	7842.0	763.672	1728.75
-31642.0	7842.0	762.474	1655.36
-31642.0	7842.0	761.276	1659.21
-31642.0	7842.0	760.078	1644.28
-31642.0	7842.0	758.88	1662.74
-31642.0	7842.0	757.681	1714.57
-31642.0	7842.0	756.483	1697.55
-31642.0	7842.0	755.284	1705.56
-31642.0	7842.0	754.084	1638.52
-31642.0	7842.0	752.885	1606.94
-31642.0	7842.0	751.685	1652.47
-31642.0	7842.0	750.485	1633.4
-31642.0	7842.0	749.285	1643.5
-31642.0	7842.0	748.085	1657.76
-31642.0	7842.0	746.884	1724.07
-31642.0	7842.0	745.683	1680.01
-31642.0	7842.0	744.482	1685.93
-31642.0	7842.0	743.281	1629.42
-31642.0	7842.0	742.079	1672.79
-31642.0	7842.0	740.877	1678.71
-31642.0	7842.0	739.675	1580.63
-31642.0	7842.0	738.473	1657.26
-31642.0	7842.0	737.27	1642.38
-31642.0	7842.0	736.068	1573.47
-31642.0	7842.0	734.865	1645.9
-31642.0	7842.0	733.661	1628.96
-31642.0	7842.0	732.458	1649.41
-31642.0	7842.0	731.254	1644.94
-31642.0	7842.0	730.05	1704.84
-31642.0	7842.0	728.846	1675.44
-31642.0	7842.0	727.642	1675.11
-31642.0	7842.0	726.437	1656.1
-31642.0	7842.0	725.232	1664.08
-31642.0	7842.0	724.027	1638.86
-31642.0	7842.0	722.822	1709.06
-31642.0	7842.0	721.616	1673.47
-31642.0	7842.0	720.41	1662.78
-31642.0	7842.0	719.204	1695.62
-31642.0	7842.0	717.998	1657.98
-31642.0	7842.0	716.791	1692.88
-31642.0	7842.0	715.585	1673.91
-31642.0	7842.0	714.378	1870.35
-31642.0	7842.0	713.17	1768.51
-31642.0	7842.0	711.963	1714.33
-31642.0	7842.0	710.755	1701.57
-31642.0	7842.0	709.547	1690.89
-31642.0	7842.0	708.339	1657.45
-31642.0	7842.0	707.131	1692.3
-31642.0	7842.0	705.922	1710.58
-31642.0	7842.0	704.713	1722.65
-31642.0	7842.0	703.504	1755.39
-31642.0	7842.0	702.295	1736.44
-31642.0	7842.0	701.085	1694.77
-31642.0	7842.0	699.875	1651.04
-31642.0	7842.0	698.665	1702.36
-31642.0	7842.0	697.455	1724.75
-31642.0	7842.0	696.244	1745.06
-31642.0	7842.0	695.034	1724.07
-31642.0	7842.0	693.822	1758.82
-31642.0	7842.0	692.611	1744.03
-31642.0	7842.0	691.4	1716.86
-31642.0	7842.0	690.188	1730.96
-31642.0	7842.0	688.976	1693.49
-31642.0	7842.0	687.764	1697.28
-31642.0	7842.0	686.551	1777.36
-31642.0	7842.0	685.339	1756.39
-31642.0	7842.0	684.126	1665.36
-31642.0	7842.0	682.912	1685.63
-31642.0	7842.0	681.699	1792.43
-31642.0	7842.0	680.485	1703.51
-31642.0	7842.0	679.271	1736.12
-31642.0	7842.0	678.057	1840.79
-31642.0	7842.0	676.843	1753.96
-31642.0	7842.0	675.628	1784.48
-31642.0	7842.0	674.413	1771.78
-31642.0	7842.0	673.198	1812.58
-31642.0	7842.0	671.983	1826.62
-31642.0	7842.0	670.767	1815.97
-31642.0	7842.0	669.551	1778.6
-31642.0	7842.0	668.335	1749.47
-31642.0	7842.0	667.119	1775.84
-31642.0	7842.0	665.902	1773.43
-31642.0	7842.0	664.686	1808.01
-31642.0	7842.0	663.469	1811.76
-31642.0	7842.0	662.251	1737.46
-31642.0	7842.0	661.034	1774.08
-31642.0	7842.0	659.816	1845.58
-31642.0	7842.0	658.598	1795.95
-31642.0	7842.0	657.38	1830.48
-31642.0	7842.0	656.161	1758.3
-31642.0	7842.0	654.942	1831.8
-31642.0	7842.0	653.723	1839.64
-31642.0	7842.0	652.504	1792.11
-31642.0	7842.0	651.285	1765.1
-31642.0	7842.0	650.065	1742.2
-31642.0	7842.0	648.845	1764.4
-31642.0	7842.0	647.625	1805.02
-31642.0	7842.0	646.404	1814.9
-31642.0	7842.0	645.184	1861.64
-31642.0	7842.0	643.963	1877.65
-31642.0	7842.0	642.742	1846.57
-31642.0	7842.0	641.52	1780.7
-31642.0	7842.0	640.298	1821.27
-31642.0	7842.0	639.076	1814.77
-31642.0	7842.0	637.854	1888.05
-31642.0	7842.0	636.632	1899.94
-31642.0	7842.0	635.409	1838.22
-31642.0	7842.0	634.186	1848.07
-31642.0	7842.0	632.963	1855.88
-31642.0	7842.0	631.74	1837.11
-31642.0	7842.0	630.516	1826.53
-31642.0	7842.0	629.292	1834.33
-31642.0	7842.0	628.068	1807.42
-31642.0	7842.0	626.844	1778.47
-31642.0	7842.0	625.619	1874.06
-31642.0	7842.0	624.394	1881.85
-31642.0	7842.0	623.169	1881.47
-31642.0	7842.0	621.944	1897.41
-31642.0	7842.0	620.718	1854.19
-31642.0	7842.0	619.492	1831.39
-31642.0	7842.0	618.266	1849.37
-31642.0	7842.0	617.04	1846.96
-31642.0	7842.0	615.813	1917.92
-31642.0	7842.0	614.587	1840.1
-31642.0	7842.0	613.36	1866.22
-31642.0	7842.0	612.132	1880.1
-31642.0	7842.0	610.905	1889.9
-31642.0	7842.0	609.677	1824.37
-31642.0	7842.0	608.449	1891.18
-31642.0	7842.0	607.22	1854.16
-31642.0	7842.0	605.992	1886.34
-31642.0	7842.0	604.763	1826.96
-31642.0	7842.0	603.534	1836.77
-31642.0	7842.0	602.305	1828.26
-31642.0	7842.0	601.075	1827.89
-31642.0	7842.0	599.845	1817.36
-31642.0	7842.0	598.615	1768.21
-31642.0	7842.0	597.385	1798.33
-31642.0	7842.0	596.154	1842.67
-31642.0	7842.0	594.924	1884.95
-31642.0	7842.0	593.693	1848.01
-31642.0	7842.0	592.461	1861.85
-31642.0	7842.0	591.23	1873.65
-31642.0	7842.0	589.998	1804.27
-31642.0	7842.0	588.766	1822.17
-31642.0	7842.0	587.534	1793.39
-31642.0	7842.0	586.301	1793.03
-31642.0	7842.0	585.068	1867.7
-31642.0	7842.0	583.835	1851.1
-31642.0	7842.0	582.602	1842.62
-31642.0	7842.0	581.368	1819.95
-31642.0	7842.0	580.134	1813.5
-31642.0	7842.0	578.9	1798.95
-31642.0	7842.0	577.666	1830.99
-31642.0	7842.0	576.432	1834.67
-31642.0	7842.0	575.197	1785.71
-31642.0	7842.0	573.962	1835.95
-31642.0	7842.0	572.726	1841.65
-31642.0	7842.0	571.491	1897.93
-31642.0	7842.0	570.255	1863.15
-31642.0	7842.0	569.019	1848.61
-31642.0	7842.0	567.783	1815.88
-31642.0	7842.0	566.546	1898.4
-31642.0	7842.0	565.309	1853.55
-31642.0	7842.0	564.072	1869.34
-31642.0	7842.0	562.835	1852.79
-31642.0	7842.0	561.597	1888.78
-31642.0	7842.0	560.359	1918.69
-31642.0	7842.0	559.121	1932.43
-31642.0	7842.0	557.883	1843.21
-31642.0	7842.0	556.644	1915.49
-31642.0	7842.0	555.406	1925.19
-31642.0	7842.0	554.167	1967.17
-31642.0	7842.0	552.927	1997.03
-31642.0	7842.0	551.688	2012.75
-31642.0	7842.0	550.448	2064.77
-31642.0	7842.0	549.208	2064.34
-31642.0	7842.0	547.967	2132.45
-31642.0	7842.0	546.727	2075.59
-31642.0	7842.0	545.486	2175.9
-31642.0	7842.0	544.245	2189.56
-31642.0	7842.0	543.003	2239.46
-31642.0	7842.0	541.762	2251.08
-31642.0	7842.0	540.52	2319.06
-31642.0	7842.0	539.278	2385.01
-31642.0	7842.0	538.035	2487.14
-31642.0	7842.0	536.793	2607.34
-31642.0	7842.0	535.55	2739.56
-31642.0	7842.0	534.307	2917.98
-31642.0	7842.0	533.063	3094.31
-31642.0	7842.0	531.82	3326.86
-31642.0	7842.0	530.576	3669.85
-31642.0	7842.0	529.331	4131.25
-31642.0	7842.0	528.087	4873.71
-31642.0	7842.0	526.842	5903.09
-31642.0	7842.0	525.597	7486.29
-31642.0	7842.0	524.352	9978.32
-31642.0	7842.0	523.107	14340.1
-31642.0	7842.0	521.861	20757.2
-31642.0	7842.0	520.615	24334.5
-31642.0	7842.0	519.369	21444.8
-31642.0	7842.0	518.122	18335.6
-31642.0	7842.0	516.876	15149.5
-31642.0	7842.0	515.629	12873.0
-31642.0	7842.0	514.381	11046.3
-31642.0	7842.0	513.134	9819.58
-31642.0	7842.0	511.886	8677.51
-31642.0	7842.0	510.638	7852.42
-31642.0	7842.0	509.39	7298.04
-31642.0	7842.0	508.141	6661.79
-31642.0	7842.0	506.892	6390.16
-31642.0	7842.0	505.643	6064.6
-31642.0	7842.0	504.394	5893.25
-31642.0	7842.0	503.145	5587.93
-31642.0	7842.0	501.895	5376.75
-31642.0	7842.0	500.645	5265.64
-31642.0	7842.0	499.394	5288.55
-31642.0	7842.0	498.144	5211.49
-31642.0	7842.0	496.893	4986.57
-31642.0	7842.0	495.642	4861.65
-31642.0	7842.0	494.39	4766.75
-31642.0	7842.0	493.139	4735.8
-31642.0	7842.0	491.887	4499.18
-31642.0	7842.0	490.635	4360.48
-31642.0	7842.0	489.382	4327.64
-31642.0	7842.0	488.13	4103.22
-31642.0	7842.0	486.877	4070.45
-31642.0	7842.0	485.623	4153.39
-31642.0	7842.0	484.37	4002.94
-31642.0	7842.0	483.116	3986.16
-31642.0	7842.0	481.862	3879.67
-31642.0	7842.0	480.608	3819.07
-31642.0	7842.0	479.354	3726.61
-31642.0	7842.0	478.099	3695.95
-31642.0	7842.0	476.844	3748.96
-31642.0	7842.0	475.588	3797.98
-31642.0	7842.0	474.333	3669.75
-31642.0	7842.0	473.077	3605.28
-31642.0	7842.0	471.821	3590.6
-31642.0	7842.0	470.565	3577.92
-31642.0	7842.0	469.308	3485.66
-31642.0	7842.0	468.051	3425.26
-31642.0	7842.0	466.794	3442.44
-31642.0	7842.0	465.537	3409.91
-31642.0	7842.0	464.279	3357.52
-31642.0	7842.0	463.021	3289.25
-31642.0	7842.0	461.763	3278.63
-31642.0	7842.0	460.505	3262.05
-31642.0	7842.0	459.246	3138.23
-31642.0	7842.0	457.987	3111.76
-31642.0	7842.0	456.728	3115.08
-31642.0	7842.0	455.469	3011.21
-31642.0	7842.0	454.209	2992.73
-31642.0	7842.0	452.949	2998.05
-31642.0	7842.0	451.689	2884.36
-31642.0	7842.0	450.428	3052.34
-31642.0	7842.0	449.167	2877.2
-31642.0	7842.0	447.906	2906.34
-31642.0	7842.0	446.645	2858.16
-31642.0	7842.0	445.383	2934.85
-31642.0	7842.0	444.122	2837.16
-31642.0	7842.0	442.86	2806.85
-31642.0	7842.0	441.597	2814.19
-31642.0	7842.0	440.335	2718.56
-31642.0	7842.0	439.072	2737.79
-31642.0	7842.0	437.809	2850.03
-31642.0	7842.0	436.545	2770.28
-31642.0	7842.0	435.281	2670.79
-31642.0	7842.0	434.018	2735.5
-31642.0	7842.0	432.753	2659.78
-31642.0	7842.0	431.489	2716.56
-31642.0	7842.0	430.224	2708.09
-31642.0	7842.0	428.959	2774.71
-31642.0	7842.0	427.694	2703.0
-31642.0	7842.0	426.428	2686.63
-31642.0	7842.0	425.163	2731.49
-31642.0	7842.0	423.896	2578.87
-31642.0	7842.0	422.63	2665.2
-31642.0	7842.0	421.364	2668.59
-31642.0	7842.0	420.097	2725.26
-31642.0	7842.0	418.83	2626.04
-31642.0	7842.0	417.562	2651.13
-31642.0	7842.0	416.295	2668.32
-31642.0	7842.0	415.027	2592.84
-31642.0	7842.0	413.758	2608.06
-31642.0	7842.0	412.49	2546.42
-31642.0	7842.0	411.221	2579.38
-31642.0	7842.0	409.952	2598.54
-31642.0	7842.0	408.683	2552.69
-31642.0	7842.0	407.414	2532.46
-31642.0	7842.0	406.144	2514.21
-31642.0	7842.0	404.874	2543.21
-31642.0	7842.0	403.603	2463.95
-31642.0	7842.0	402.333	2540.17
-31642.0	7842.0	401.062	2498.33
-31642.0	7842.0	399.791	2511.57
-31642.0	7842.0	398.519	2544.47
-31642.0	7842.0	397.248	2575.39
-31642.0	7842.0	395.976	2492.29
-31642.0	7842.0	394.704	2531.07
-31642.0	7842.0	393.431	2567.87
-31642.0	7842.0	392.159	2465.19
-31642.0	7842.0	390.886	2490.2
-31642.0	7842.0	389.612	2519.12
-31642.0	7842.0	388.339	2463.63
-31642.0	7842.0	387.065	2372.83
-31642.0	7842.0	385.791	2545.0
-31642.0	7842.0	384.517	2469.92
-31642.0	7842.0	383.242	2492.93
-31642.0	7842.0	381.967	2574.77
-31642.0	7842.0	380.692	2568.34
-31642.0	7842.0	379.417	2522.72
-31642.0	7842.0	378.141	2520.23
-31642.0	7842.0	376.865	2502.06
-31642.0	7842.0	375.589	2499.57
-31642.0	7842.0	374.312	2487.29
-31642.0	7842.0	373.035	2551.39
-31642.0	7842.0	371.758	2554.76
-31642.0	7842.0	370.481	2524.86
-31642.0	7842.0	369.204	2524.33
-31642.0	7842.0	367.926	2527.71
-31642.0	7842.0	366.648	2437.2
-31642.0	7842.0	365.369	2462.11
-31642.0	7842.0	364.091	2455.72
-31642.0	7842.0	362.812	2525.57
-31642.0	7842.0	361.532	2462.5
-31642.0	7842.0	360.253	2456.11
-31642.0	7842.0	358.973	2553.27
-31642.0	7842.0	357.693	2464.84
-31642.0	7842.0	356.413	2436.98
-31642.0	7842.0	355.132	2522.37
-31642.0	7842.0	353.852	2529.64
-31642.0	7842.0	352.571	2490.07
-31642.0	7842.0	351.289	2468.09
-31642.0	7842.0	350.008	2522.18
-31642.0	7842.0	348.726	2578.2
-31642.0	7842.0	347.444	2525.01
-31642.0	7842.0	346.161	2534.22
-31642.0	7842.0	344.878	2553.17
-31642.0	7842.0	343.595	2443.51
-31642.0	7842.0	342.312	2546.25
-31642.0	7842.0	341.029	2497.01
-31642.0	7842.0	339.745	2605.53
-31642.0	7842.0	338.461	2593.3
-31642.0	7842.0	337.176	2614.16
-31642.0	7842.0	335.892	2605.82
-31642.0	7842.0	334.607	2663.64
-31642.0	7842.0	333.322	2649.46
-31642.0	7842.0	332.036	2654.73
-31642.0	7842.0	330.75	2661.94
-31642.0	7842.0	329.464	2624.44
-31642.0	7842.0	328.178	2606.39
-31642.0	7842.0	326.892	2584.46
-31642.0	7842.0	325.605	2667.45
-31642.0	7842.0	324.318	2707.67
-31642.0	7842.0	323.03	2561.45
-31642.0	7842.0	321.743	2615.27
-31642.0	7842.0	320.455	2696.24
-31642.0	7842.0	319.167	2689.85
-31642.0	7842.0	317.878	2737.78
-31642.0	7842.0	316.59	2686.76
-31642.0	7842.0	315.301	2649.34
-31642.0	7842.0	314.011	2675.92
-31642.0	7842.0	312.722	2698.62
-31642.0	7842.0	311.432	2676.72
-31642.0	7842.0	310.142	2774.98
-31642.0	7842.0	308.851	2753.08
-31642.0	7842.0	307.561	2800.92
-31642.0	7842.0	306.27	2765.46
-31642.0	7842.0	304.979	2791.98
-31642.0	7842.0	303.687	2917.21
-31642.0	7842.0	302.395	2843.04
-31642.0	7842.0	301.103	2830.83
-31642.0	7842.0	299.811	2793.47
-31642.0	7842.0	298.519	2831.55
-31642.0	7842.0	297.226	2836.75
-31642.0	7842.0	295.933	2758.81
-31642.0	7842.0	294.639	2657.72
-31642.0	7842.0	293.345	2684.2
-31642.0	7842.0	292.052	2772.51
-31642.0	7842.0	290.757	2688.85
-31642.0	7842.0	289.463	2622.62
-31642.0	7842.0	288.168	2710.87
-31642.0	7842.0	286.873	2598.33
-31642.0	7842.0	285.578	2613.22
-31642.0	7842.0	284.282	2666.69
-31642.0	7842.0	282.986	2642.97
-31642.0	7842.0	281.69	2628.9
-31642.0	7842.0	280.393	2597.49
-31642.0	7842.0	279.097	2556.44
-31642.0	7842.0	277.8	2569.39
-31642.0	7842.0	276.502	2549.57
-31642.0	7842.0	275.205	2491.22
-31642.0	7842.0	273.907	2461.8
-31642.0	7842.0	272.609	2440.09
-31642.0	7842.0	271.311	2558.94
-31642.0	7842.0	270.012	2433.27
-31642.0	7842.0	268.713	2432.75
-31642.0	7842.0	267.414	2426.45
-31642.0	7842.0	266.114	2422.09
-31642.0	7842.0	264.814	2394.64
-31642.0	7842.0	263.514	2399.9
-31642.0	7842.0	262.214	2364.78
-31642.0	7842.0	260.913	2458.46
-31642.0	7842.0	259.613	2377.22
-31642.0	7842.0	258.311	2359.42
-31642.0	7842.0	257.01	2428.06
-31642.0	7842.0	255.708	2377.61
-31642.0	7842.0	254.406	2231.17
-31642.0	7842.0	253.104	2213.42
-31642.0	7842.0	251.801	2283.96
-31642.0	7842.0	250.499	2314.17
-31642.0	7842.0	249.195	2277.22
-31642.0	7842.0	247.892	2334.28
-31642.0	7842.0	246.588	2308.85
-31642.0	7842.0	245.284	2327.52
-31642.0	7842.0	243.98	2248.44
-31642.0	7842.0	242.676	2224.96
-31642.0	7842.0	241.371	2272.38
-31642.0	7842.0	240.066	2271.89
-31642.0	7842.0	238.76	2217.78
-31642.0	7842.0	237.455	2253.68
-31642.0	7842.0	236.149	2172.8
-31642.0	7842.0	234.843	2239.32
-31642.0	7842.0	233.536	2194.83
-31642.0	7842.0	232.229	2217.31
-31642.0	7842.0	230.922	2230.23
-31642.0	7842.0	229.615	2202.98
-31642.0	7842.0	228.307	2164.26
-31642.0	7842.0	227.0	2203.94
-31642.0	7842.0	225.691	2172.89
-31642.0	7842.0	224.383	2023.39
-31642.0	7842.0	223.074	2032.51
-31642.0	7842.0	221.765	2079.82
-31642.0	7842.0	220.456	2134.75
-31642.0	7842.0	219.146	2101.83
-31642.0	7842.0	217.836	2139.55
-31642.0	7842.0	216.526	2108.56
-31642.0	7842.0	215.216	2062.32
-31642.0	7842.0	213.905	2071.42
-31642.0	7842.0	212.594	2011.86
-31642.0	7842.0	211.283	2122.0
-31642.0	7842.0	209.971	2132.98
-31642.0	7842.0	208.66	2124.9
-31642.0	7842.0	207.348	2200.66
-31642.0	7842.0	206.035	2148.75
-31642.0	7842.0	204.722	2213.04
-31642.0	7842.0	203.409	2191.62
-31642.0	7842.0	202.096	2179.73
-31642.0	7842.0	200.783	2160.23
-31642.0	7842.0	199.469	2123.61
-31642.0	7842.0	198.155	2203.05
-31642.0	7842.0	196.84	2215.89
-31642.0	7842.0	195.526	2268.66
-31642.0	7842.0	194.211	2203.53
-31642.0	7842.0	192.896	2174.55
-31642.0	7842.0	191.58	2386.93
-31642.0	7842.0	190.264	2367.41
-31642.0	7842.0	188.948	2370.7
-31642.0	7842.0	187.632	2254.34
-31642.0	7842.0	186.315	2291.83
-31642.0	7842.0	184.998	2257.17
-31642.0	7842.0	183.681	2292.74
-31642.0	7842.0	182.364	2250.5
-31642.0	7842.0	181.046	2344.87
-31642.0	7842.0	179.728	2312.12
-31642.0	7842.0	178.41	2286.97
-31642.0	7842.0	177.091	2337.67
-31642.0	7842.0	175.772	2282.2
-31642.0	7842.0	174.453	2300.66
-31642.0	7842.0	173.133	2372.16
-31642.0	7842.0	171.814	2367.86
-31642.0	7842.0	170.494	2429.85
-31642.0	7842.0	169.173	2275.95
-31642.0	7842.0	167.853	2322.79
-31642.0	7842.0	166.532	2401.78
-31642.0	7842.0	165.211	2302.86
-31642.0	7842.0	163.889	2417.77
-31642.0	7842.0	162.567	2375.64
-31642.0	7842.0	161.245	2412.95
-31642.0	7842.0	159.923	2378.39
-31642.0	7842.0	158.6	2400.56
-31642.0	7842.0	157.278	2411.39
-31642.0	7842.0	155.954	2376.86
-31642.0	7842.0	154.631	2569.02
-31642.0	7842.0	153.307	2472.15
-31642.0	7842.0	151.983	2443.29
-31642.0	7842.0	150.659	2412.56
-31642.0	7842.0	149.334	2449.79
-31642.0	7842.0	148.009	2443.6
-31642.0	7842.0	146.684	2484.58
-31642.0	7842.0	145.359	2487.81
-31642.0	7842.0	144.033	2394.87
-31642.0	7842.0	142.707	2418.87
-31642.0	7842.0	141.381	2408.92
-31642.0	7842.0	140.054	2374.48
-31642.0	7842.0	138.727	2381.5
-31642.0	7842.0	137.4	2296.22
-31642.0	7842.0	136.072	2399.31
-31642.0	7842.0	134.745	2387.49
-31642.0	7842.0	133.417	2407.68
-31642.0	7842.0	132.088	2450.45
-31642.0	7842.0	130.76	2412.29
-31642.0	7842.0	129.431	2430.58
-31642.0	7842.0	128.102	2467.67
-31642.0	7842.0	126.772	2380.64
-31642.0	7842.0	125.442	2438.41
-31642.0	7842.0	124.112	2385.25
-31642.0	7842.0	122.782	2456.15
-31642.0	7842.0	121.451	2372.95
-31642.0	7842.0	120.12	2368.68
-31642.0	7842.0	118.789	2360.66
-31642.0	7842.0	117.458	2363.9
-31642.0	7842.0	116.126	2295.81
-31642.0	7842.0	114.794	2297.19
-31642.0	7842.0	113.462	2364.25
-31642.0	7842.0	112.129	2352.48
-31642.0	7842.0	110.796	2280.7
-31642.0	7842.0	109.463	2250.2
-31642.0	7842.0	108.129	2272.22
-31642.0	7842.0	106.796	2179.88
-31642.0	7842.0	105.461	2183.16
-31642.0	7842.0	104.127	2148.96
-31642.0	7842.0	102.792	2133.51
-31642.0	7842.0	101.457	1990.72
-31642.0	7842.0	100.122	1943.49
-31642.0	7842.0	98.7867	1898.14
-31642.0	7842.0	97.4509	1952.0
-31642.0	7842.0	96.1148	1964.68
-31642.0	7842.0	94.7784	1911.88
-31642.0	7842.0	93.4418	1875.93
-31642.0	7842.0	92.1048	1907.31
-31642.0	7842.0	90.7676	1789.12
-31642.0	7842.0	89.43	1818.64
-31642.0	7842.0	88.0922	1799.56
-31642.0	7842.0	86.7541	1842.14
-31642.0	7842.0	85.4157	1759.55
