-31638.0	7838.0	1311.89	1896.59
-31638.0	7838.0	1310.78	1982.58
-31638.0	7838.0	1309.68	1957.29
-31638.0	7838.0	1308.58	1929.73
-31638.0	7838.0	1307.48	1940.77
-31638.0	7838.0	1306.38	1969.97
-31638.0	7838.0	1305.28	1976.46
-31638.0	7838.0	1304.18	1944.38
-31638.0	7838.0	1303.07	1921.38
-31638.0	7838.0	1301.97	1853.03
-31638.0	7838.0	1300.87	1957.05
-31638.0	7838.0	1299.77	1983.95
-31638.0	7838.0	1298.66	1990.43
-31638.0	7838.0	1297.56	2005.98
-31638.0	7838.0	1296.46	1949.0
-31638.0	7838.0	1295.35	1916.96
-31638.0	7838.0	1294.25	2034.46
-31638.0	7838.0	1293.15	1988.83
-31638.0	7838.0	1292.04	1891.12
-31638.0	7838.0	1290.94	1983.66
-31638.0	7838.0	1289.83	1915.42
-31638.0	7838.0	1288.73	1976.23
-31638.0	7838.0	1287.63	1953.28
-31638.0	7838.0	1286.52	1962.02
-31638.0	7838.0	1285.42	1979.8
-31638.0	7838.0	1284.31	1945.55
-31638.0	7838.0	1283.21	1976.9
-31638.0	7838.0	1282.1	1963.01
-31638.0	7838.0	1280.99	2005.66
-31638.0	7838.0	1279.89	1944.29
-31638.0	7838.0	1278.78	1984.67
-31638.0	7838.0	1277.68	1939.15
-31638.0	7838.0	1276.57	1913.98
-31638.0	7838.0	1275.46	1958.85
-31638.0	7838.0	1274.36	2024.05
-31638.0	7838.0	1273.25	1935.63
-31638.0	7838.0	1272.14	1933.06
-31638.0	7838.0	1271.04	1885.33
-31638.0	7838.0	1269.93	1991.13
-31638.0	7838.0	1268.82	1918.58
-31638.0	7838.0	1267.71	2013.05
-31638.0	7838.0	1266.61	1915.7
-31638.0	7838.0	1265.5	1928.92
-31638.0	7838.0	1264.39	1919.59
-31638.0	7838.0	1263.28	1901.23
-31638.0	7838.0	1262.17	1939.26
-31638.0	7838.0	1261.06	1945.71
-31638.0	7838.0	1259.95	1916.09
-31638.0	7838.0	1258.84	1920.28
-31638.0	7838.0	1257.74	1897.44
-31638.0	7838.0	1256.63	1892.62
-31638.0	7838.0	1255.52	1847.26
-31638.0	7838.0	1254.41	1901.01
-31638.0	7838.0	1253.3	1871.43
-31638.0	7838.0	1252.19	1895.89
-31638.0	7838.0	1251.08	1931.6
-31638.0	7838.0	1249.96	1897.52
-31638.0	7838.0	1248.85	1942.22
-31638.0	7838.0	1247.74	1939.66
-31638.0	7838.0	1246.63	1912.34
-31638.0	7838.0	1245.52	1889.53
-31638.0	7838.0	1244.41	1839.74
-31638.0	7838.0	1243.3	1846.19
-31638.0	7838.0	1242.18	1969.55
-31638.0	7838.0	1241.07	1922.02
-31638.0	7838.0	1239.96	1896.98
-31638.0	7838.0	1238.85	1800.04
-31638.0	7838.0	1237.74	1846.92
-31638.0	7838.0	1236.62	1900.54
-31638.0	7838.0	1235.51	1830.6
-31638.0	7838.0	1234.4	1796.61
-31638.0	7838.0	1233.28	1834.49
-31638.0	7838.0	1232.17	1838.67
-31638.0	7838.0	1231.06	1824.9
-31638.0	7838.0	1229.94	1871.73
-31638.0	7838.0	1228.83	1848.99
-31638.0	7838.0	1227.71	1886.82
-31638.0	7838.0	1226.6	1882.03
-31638.0	7838.0	1225.48	1843.59
-31638.0	7838.0	1224.37	1937.47
-31638.0	7838.0	1223.25	1872.13
-31638.0	7838.0	1222.14	1916.65
-31638.0	7838.0	1221.02	1943.23
-31638.0	7838.0	1219.91	1844.31
-31638.0	7838.0	1218.79	1879.86
-31638.0	7838.0	1217.68	1852.66
-31638.0	7838.0	1216.56	1841.16
-31638.0	7838.0	1215.44	1892.36
-31638.0	7838.0	1214.33	1840.55
-31638.0	7838.0	1213.21	1932.03
-31638.0	7838.0	1212.09	1837.7
-31638.0	7838.0	1210.98	1821.73
-31638.0	7838.0	1209.86	1821.43
-31638.0	7838.0	1208.74	1912.85
-31638.0	7838.0	1207.62	1950.56
-31638.0	7838.0	1206.51	1901.04
-31638.0	7838.0	1205.39	1795.62
-31638.0	7838.0	1204.27	1770.73
-31638.0	7838.0	1203.15	1859.85
-31638.0	7838.0	1202.03	1884.13
-31638.0	7838.0	1200.91	1953.09
-31638.0	7838.0	1199.8	1845.52
-31638.0	7838.0	1198.68	1854.15
-31638.0	7838.0	1197.56	1795.77
-31638.0	7838.0	1196.44	1862.47
-31638.0	7838.0	1195.32	1788.47
-31638.0	7838.0	1194.2	1823.89
-31638.0	7838.0	1193.08	1787.88
-31638.0	7838.0	1191.96	1885.77
-31638.0	7838.0	1190.84	1845.3
-31638.0	7838.0	1189.72	1847.22
-31638.0	7838.0	1188.6	1835.76
-31638.0	7838.0	1187.48	1813.15
-31638.0	7838.0	1186.35	1846.29
-31638.0	7838.0	1185.23	1832.61
-31638.0	7838.0	1184.11	1812.24
-31638.0	7838.0	1182.99	1829.77
-31638.0	7838.0	1181.87	1802.72
-31638.0	7838.0	1180.75	1844.75
-31638.0	7838.0	1179.62	1875.63
-31638.0	7838.0	1178.5	1821.86
-31638.0	7838.0	1177.38	1859.41
-31638.0	7838.0	1176.26	1914.76
-31638.0	7838.0	1175.13	1858.79
-31638.0	7838.0	1174.01	1849.57
-31638.0	7838.0	1172.89	1887.09
-31638.0	7838.0	1171.76	1762.18
-31638.0	7838.0	1170.64	1866.44
-31638.0	7838.0	1169.51	1808.29
-31638.0	7838.0	1168.39	1888.05
-31638.0	7838.0	1167.27	1829.92
-31638.0	7838.0	1166.14	1774.03
-31638.0	7838.0	1165.02	1800.41
-31638.0	7838.0	1163.89	1775.66
-31638.0	7838.0	1162.77	1799.8
-31638.0	7838.0	1161.64	1846.15
-31638.0	7838.0	1160.52	1812.52
-31638.0	7838.0	1159.39	1750.03
-31638.0	7838.0	1158.26	1751.96
-31638.0	7838.0	1157.14	1751.66
-31638.0	7838.0	1156.01	1817.96
-31638.0	7838.0	1154.88	1799.9
-31638.0	7838.0	1153.76	1852.85
-31638.0	7838.0	1152.63	1772.66
-31638.0	7838.0	1151.5	1874.4
-31638.0	7838.0	1150.38	1809.77
-31638.0	7838.0	1149.25	1818.33
-31638.0	7838.0	1148.12	1840.19
-31638.0	7838.0	1146.99	1777.81
-31638.0	7838.0	1145.87	1770.86
-31638.0	7838.0	1144.74	1812.67
-31638.0	7838.0	1143.61	1776.91
-31638.0	7838.0	1142.48	1794.33
-31638.0	7838.0	1141.35	1776.31
-31638.0	7838.0	1140.22	1842.44
-31638.0	7838.0	1139.09	1784.56
-31638.0	7838.0	1137.97	1828.53
-31638.0	7838.0	1136.84	1823.79
-31638.0	7838.0	1135.71	1750.45
-31638.0	7838.0	1134.58	1763.43
-31638.0	7838.0	1133.45	1809.59
-31638.0	7838.0	1132.32	1798.22
-31638.0	7838.0	1131.19	1769.16
-31638.0	7838.0	1130.05	1631.78
-31638.0	7838.0	1128.92	1819.41
-31638.0	7838.0	1127.79	1816.89
-31638.0	7838.0	1126.66	1796.69
-31638.0	7838.0	1125.53	1756.61
-31638.0	7838.0	1124.4	1762.93
-31638.0	7838.0	1123.27	1769.26
-31638.0	7838.0	1122.13	1727.0
-31638.0	7838.0	1121.0	1770.86
-31638.0	7838.0	1119.87	1702.12
-31638.0	7838.0	1118.74	1734.94
-31638.0	7838.0	1117.6	1697.12
-31638.0	7838.0	1116.47	1765.24
-31638.0	7838.0	1115.34	1742.87
-31638.0	7838.0	1114.2	1738.16
-31638.0	7838.0	1113.07	1751.1
-31638.0	7838.0	1111.94	1812.54
-31638.0	7838.0	1110.8	1754.9
-31638.0	7838.0	1109.67	1741.38
-31638.0	7838.0	1108.54	1723.45
-31638.0	7838.0	1107.4	1776.03
-31638.0	7838.0	1106.27	1696.42
-31638.0	7838.0	1105.13	1718.15
-31638.0	7838.0	1104.0	1748.69
-31638.0	7838.0	1102.86	1719.76
-31638.0	7838.0	1101.72	1704.05
-31638.0	7838.0	1100.59	1754.39
-31638.0	7838.0	1099.45	1800.3
-31638.0	7838.0	1098.32	1795.59
-31638.0	7838.0	1097.18	1784.28
-31638.0	7838.0	1096.04	1728.98
-31638.0	7838.0	1094.91	1788.06
-31638.0	7838.0	1093.77	1827.34
-31638.0	7838.0	1092.63	1824.82
-31638.0	7838.0	1091.5	1802.52
-31638.0	7838.0	1090.36	1868.15
-31638.0	7838.0	1089.22	1744.77
-31638.0	7838.0	1088.08	1715.9
-31638.0	7838.0	1086.95	1678.26
-31638.0	7838.0	1085.81	1759.23
-31638.0	7838.0	1084.67	1712.81
-31638.0	7838.0	1083.53	1763.01
-31638.0	7838.0	1082.39	1712.22
-31638.0	7838.0	1081.25	1709.73
-31638.0	7838.0	1080.11	1751.12
-31638.0	7838.0	1078.97	1709.13
-31638.0	7838.0	1077.83	1675.93
-31638.0	7838.0	1076.69	1816.01
-31638.0	7838.0	1075.55	1710.44
-31638.0	7838.0	1074.41	1756.18
-31638.0	7838.0	1073.27	1712.03
-31638.0	7838.0	1072.13	1718.31
-31638.0	7838.0	1070.99	1715.82
-31638.0	7838.0	1069.85	1697.99
-31638.0	7838.0	1068.71	1686.74
-31638.0	7838.0	1067.57	1701.78
-31638.0	7838.0	1066.43	1703.67
-31638.0	7838.0	1065.28	1699.0
-31638.0	7838.0	1064.14	1687.75
-31638.0	7838.0	1063.0	1713.72
-31638.0	7838.0	1061.86	1671.85
-31638.0	7838.0	1060.71	1717.5
-31638.0	7838.0	1059.57	1690.95
-31638.0	7838.0	1058.43	1721.27
-31638.0	7838.0	1057.29	1712.22
-31638.0	7838.0	1056.14	1644.15
-31638.0	7838.0	1055.0	1632.93
-31638.0	7838.0	1053.85	1713.51
-31638.0	7838.0	1052.71	1711.02
-31638.0	7838.0	1051.57	1730.39
-31638.0	7838.0	1050.42	1734.45
-31638.0	7838.0	1049.28	1751.62
-31638.0	7838.0	1048.13	1779.7
-31638.0	7838.0	1046.99	1726.99
-31638.0	7838.0	1045.84	1744.15
-31638.0	7838.0	1044.7	1774.4
-31638.0	7838.0	1043.55	1699.89
-31638.0	7838.0	1042.4	1721.41
-31638.0	7838.0	1041.26	1701.47
-31638.0	7838.0	1040.11	1668.46
-31638.0	7838.0	1038.97	1792.46
-31638.0	7838.0	1037.82	1768.16
-31638.0	7838.0	1036.67	1739.51
-31638.0	7838.0	1035.53	1756.64
-31638.0	7838.0	1034.38	1719.28
-31638.0	7838.0	1033.23	1738.59
-31638.0	7838.0	1032.08	1744.82
-31638.0	7838.0	1030.94	1783.71
-31638.0	7838.0	1029.79	1818.24
-31638.0	7838.0	1028.64	1702.53
-31638.0	7838.0	1027.49	1754.47
-31638.0	7838.0	1026.34	1684.51
-31638.0	7838.0	1025.19	1753.84
-31638.0	7838.0	1024.04	1805.75
-31638.0	7838.0	1022.89	1707.54
-31638.0	7838.0	1021.74	1722.46
-31638.0	7838.0	1020.59	1752.6
-31638.0	7838.0	1019.45	1754.46
-31638.0	7838.0	1018.29	1775.89
-31638.0	7838.0	1017.14	1814.69
-31638.0	7838.0	1015.99	1707.9
-31638.0	7838.0	1014.84	1766.25
-31638.0	7838.0	1013.69	1796.35
-31638.0	7838.0	1012.54	1776.48
-31638.0	7838.0	1011.39	1782.68
-31638.0	7838.0	1010.24	1741.11
-31638.0	7838.0	1009.09	1805.92
-31638.0	7838.0	1007.93	1831.64
-31638.0	7838.0	1006.78	1907.26
-31638.0	7838.0	1005.63	1874.38
-31638.0	7838.0	1004.48	1824.15
-31638.0	7838.0	1003.32	1823.83
-31638.0	7838.0	1002.17	1901.56
-31638.0	7838.0	1001.02	1875.2
-31638.0	7838.0	999.865	1911.72
-31638.0	7838.0	998.711	1870.2
-31638.0	7838.0	997.558	1965.2
-31638.0	7838.0	996.403	1852.2
-31638.0	7838.0	995.249	1927.68
-31638.0	7838.0	994.095	1959.81
-31638.0	7838.0	992.94	1896.67
-31638.0	7838.0	991.785	1941.79
-31638.0	7838.0	990.63	1932.79
-31638.0	7838.0	989.475	2014.67
-31638.0	7838.0	988.319	1955.89
-31638.0	7838.0	987.164	1983.66
-31638.0	7838.0	986.008	1944.38
-31638.0	7838.0	984.852	2008.9
-31638.0	7838.0	983.695	1973.94
-31638.0	7838.0	982.539	2109.77
-31638.0	7838.0	981.382	2038.07
-31638.0	7838.0	980.225	2052.83
-31638.0	7838.0	979.068	2035.18
-31638.0	7838.0	977.911	2028.33
-31638.0	7838.0	976.753	2079.8
-31638.0	7838.0	975.595	2053.51
-31638.0	7838.0	974.437	2120.07
-31638.0	7838.0	973.279	2156.38
-31638.0	7838.0	972.121	2078.3
-31638.0	7838.0	970.962	2101.66
-31638.0	7838.0	969.803	2092.65
-31638.0	7838.0	968.644	2066.39
-31638.0	7838.0	967.485	2029.35
-31638.0	7838.0	966.326	2145.42
-31638.0	7838.0	965.166	2127.78
-31638.0	7838.0	964.006	2058.42
-31638.0	7838.0	962.846	2144.25
-31638.0	7838.0	961.686	2152.48
-31638.0	7838.0	960.525	2154.25
-31638.0	7838.0	959.365	2166.78
-31638.0	7838.0	958.204	2099.63
-31638.0	7838.0	957.043	2122.93
-31638.0	7838.0	955.881	2210.81
-31638.0	7838.0	954.72	2124.31
-31638.0	7838.0	953.558	2138.99
-31638.0	7838.0	952.396	2183.78
-31638.0	7838.0	951.234	2224.26
-31638.0	7838.0	950.071	2187.29
-31638.0	7838.0	948.909	2167.54
-31638.0	7838.0	947.746	2141.34
-31638.0	7838.0	946.583	2110.86
-31638.0	7838.0	945.42	2136.27
-31638.0	7838.0	944.256	2120.83
-31638.0	7838.0	943.092	2187.05
-31638.0	7838.0	941.929	2094.29
-31638.0	7838.0	940.765	2175.51
-31638.0	7838.0	939.6	2168.67
-31638.0	7838.0	938.436	2114.61
-31638.0	7838.0	937.271	2084.17
-31638.0	7838.0	936.106	2015.12
-31638.0	7838.0	934.941	2134.9
-31638.0	7838.0	933.775	2057.28
-31638.0	7838.0	932.61	2044.04
-31638.0	7838.0	931.444	1962.17
-31638.0	7838.0	930.278	1944.66
-31638.0	7838.0	929.112	1957.17
-31638.0	7838.0	927.945	1933.23
-31638.0	7838.0	926.779	1827.88
-31638.0	7838.0	925.612	2018.22
-31638.0	7838.0	924.445	2037.13
-31638.0	7838.0	923.278	1946.81
-31638.0	7838.0	922.11	1948.59
-31638.0	7838.0	920.942	1841.19
-31638.0	7838.0	919.774	1979.98
-31638.0	7838.0	918.606	1889.73
-31638.0	7838.0	917.438	1902.22
-31638.0	7838.0	916.269	1895.45
-31638.0	7838.0	915.1	1854.47
-31638.0	7838.0	913.931	1770.72
-31638.0	7838.0	912.762	1785.36
-31638.0	7838.0	911.593	1802.13
-31638.0	7838.0	910.423	1771.88
-31638.0	7838.0	909.253	1799.33
-31638.0	7838.0	908.083	1831.05
-31638.0	7838.0	906.913	1730.31
-31638.0	7838.0	905.742	1721.45
-31638.0	7838.0	904.572	1736.08
-31638.0	7838.0	903.401	1746.43
-31638.0	7838.0	902.229	1812.28
-31638.0	7838.0	901.058	1788.47
-31638.0	7838.0	899.886	1751.86
-31638.0	7838.0	898.715	1689.67
-31638.0	7838.0	897.543	1736.28
-31638.0	7838.0	896.37	1802.07
-31638.0	7838.0	895.198	1752.7
-31638.0	7838.0	894.025	1741.71
-31638.0	7838.0	892.852	1769.1
-31638.0	7838.0	891.679	1753.85
-31638.0	7838.0	890.506	1768.44
-31638.0	7838.0	889.332	1712.73
-31638.0	7838.0	888.158	1755.01
-31638.0	7838.0	886.984	1709.96
-31638.0	7838.0	885.81	1718.16
-31638.0	7838.0	884.636	1783.83
-31638.0	7838.0	883.461	1706.88
-31638.0	7838.0	882.286	1698.05
-31638.0	7838.0	881.111	1716.88
-31638.0	7838.0	879.936	1791.01
-31638.0	7838.0	878.76	1739.63
-31638.0	7838.0	877.584	1732.93
-31638.0	7838.0	876.408	1726.23
-31638.0	7838.0	875.232	1702.53
-31638.0	7838.0	874.056	1706.46
-31638.0	7838.0	872.879	1680.64
-31638.0	7838.0	871.702	1673.96
-31638.0	7838.0	870.525	1826.56
-31638.0	7838.0	869.348	1749.78
-31638.0	7838.0	868.17	1728.22
-31638.0	7838.0	866.993	1747.0
-31638.0	7838.0	865.815	1683.0
-31638.0	7838.0	864.637	1701.78
-31638.0	7838.0	863.458	1684.49
-31638.0	7838.0	862.28	1618.42
-31638.0	7838.0	861.101	1679.62
-31638.0	7838.0	859.922	1708.99
-31638.0	7838.0	858.742	1670.51
-31638.0	7838.0	857.563	1746.5
-31638.0	7838.0	856.383	1710.15
-31638.0	7838.0	855.203	1650.5
-31638.0	7838.0	854.023	1734.92
-31638.0	7838.0	852.843	1711.3
-31638.0	7838.0	851.662	1668.63
-31638.0	7838.0	850.481	1628.09
-31638.0	7838.0	849.3	1682.82
-31638.0	7838.0	848.119	1667.69
-31638.0	7838.0	846.937	1739.31
-31638.0	7838.0	845.756	1705.14
-31638.0	7838.0	844.574	1622.33
-31638.0	7838.0	843.392	1734.1
-31638.0	7838.0	842.209	1672.46
-31638.0	7838.0	841.027	1686.94
-31638.0	7838.0	839.844	1606.31
-31638.0	7838.0	838.661	1646.15
-31638.0	7838.0	837.477	1707.11
-31638.0	7838.0	836.294	1715.24
-31638.0	7838.0	835.11	1657.89
-31638.0	7838.0	833.926	1727.26
-31638.0	7838.0	832.742	1760.71
-31638.0	7838.0	831.558	1720.27
-31638.0	7838.0	830.373	1766.38
-31638.0	7838.0	829.188	1690.08
-31638.0	7838.0	828.003	1664.45
-31638.0	7838.0	826.818	1687.33
-31638.0	7838.0	825.632	1729.19
-31638.0	7838.0	824.446	1648.74
-31638.0	7838.0	823.26	1722.21
-31638.0	7838.0	822.074	1713.45
-31638.0	7838.0	820.888	1698.37
-31638.0	7838.0	819.701	1693.84
-31638.0	7838.0	818.514	1691.41
-31638.0	7838.0	817.327	1659.5
-31638.0	7838.0	816.14	1734.98
-31638.0	7838.0	814.952	1719.92
-31638.0	7838.0	813.765	1725.9
-31638.0	7838.0	812.577	1681.38
-31638.0	7838.0	811.388	1670.54
-31638.0	7838.0	810.2	1642.88
-31638.0	7838.0	809.011	1726.69
-31638.0	7838.0	807.822	1663.28
-31638.0	7838.0	806.633	1694.5
-31638.0	7838.0	805.444	1687.87
-31638.0	7838.0	804.254	1702.26
-31638.0	7838.0	803.064	1689.33
-31638.0	7838.0	801.874	1720.51
-31638.0	7838.0	800.684	1608.87
-31638.0	7838.0	799.493	1663.16
-31638.0	7838.0	798.303	1782.51
-31638.0	7838.0	797.112	1748.59
-31638.0	7838.0	795.921	1783.93
-31638.0	7838.0	794.729	1737.43
-31638.0	7838.0	793.538	1695.13
-31638.0	7838.0	792.346	1701.1
-31638.0	7838.0	791.154	1700.78
-31638.0	7838.0	789.961	1631.26
-31638.0	7838.0	788.769	1760.92
-31638.0	7838.0	787.576	1693.51
-31638.0	7838.0	786.383	1684.8
-31638.0	7838.0	785.19	1671.91
-31638.0	7838.0	783.996	1671.59
-31638.0	7838.0	782.802	1641.94
-31638.0	7838.0	781.608	1645.82
-31638.0	7838.0	780.414	1622.47
-31638.0	7838.0	779.22	1657.74
-31638.0	7838.0	778.025	1695.09
-31638.0	7838.0	776.83	1665.47
-31638.0	7838.0	775.635	1671.43
-31638.0	7838.0	774.44	1689.93
-31638.0	7838.0	773.244	1704.24
-31638.0	7838.0	772.049	1657.92
-31638.0	7838.0	770.853	1695.22
-31638.0	7838.0	769.656	1667.73
-31638.0	7838.0	768.46	1675.76
-31638.0	7838.0	767.263	1717.22
-31638.0	7838.0	766.066	1693.91
-31638.0	7838.0	764.869	1649.73
-31638.0	7838.0	763.672	1645.24
-31638.0	7838.0	762.474	1647.01
-31638.0	7838.0	761.276	1703.04
-31638.0	7838.0	760.078	1635.94
-31638.0	7838.0	758.88	1712.81
-31638.0	7838.0	757.681	1695.79
-31638.0	7838.0	756.483	1714.23
-31638.0	7838.0	755.284	1738.92
-31638.0	7838.0	754.084	1671.88
-31638.0	7838.0	752.885	1606.94
-31638.0	7838.0	751.685	1635.8
-31638.0	7838.0	750.485	1672.99
-31638.0	7838.0	749.285	1678.91
-31638.0	7838.0	748.085	1589.03
-31638.0	7838.0	746.884	1661.6
-31638.0	7838.0	745.683	1738.31
-31638.0	7838.0	744.482	1642.22
-31638.0	7838.0	743.281	1687.69
-31638.0	7838.0	742.079	1635.34
-31638.0	7838.0	740.877	1705.75
-31638.0	7838.0	739.675	1665.9
-31638.0	7838.0	738.473	1723.8
-31638.0	7838.0	737.27	1671.49
-31638.0	7838.0	736.068	1598.41
-31638.0	7838.0	734.865	1631.35
-31638.0	7838.0	733.661	1595.71
-31638.0	7838.0	732.458	1668.11
-31638.0	7838.0	731.254	1599.25
-31638.0	7838.0	730.05	1696.53
-31638.0	7838.0	728.846	1638.07
-31638.0	7838.0	727.642	1625.29
-31638.0	7838.0	726.437	1656.1
-31638.0	7838.0	725.232	1599.76
-31638.0	7838.0	724.027	1632.64
-31638.0	7838.0	722.822	1644.76
-31638.0	7838.0	721.616	1667.25
-31638.0	7838.0	720.41	1683.51
-31638.0	7838.0	719.204	1668.67
-31638.0	7838.0	717.998	1701.5
-31638.0	7838.0	716.791	1730.18
-31638.0	7838.0	715.585	1700.84
-31638.0	7838.0	714.378	1882.77
-31638.0	7838.0	713.17	1772.65
-31638.0	7838.0	711.963	1672.92
-31638.0	7838.0	710.755	1645.68
-31638.0	7838.0	709.547	1717.8
-31638.0	7838.0	708.339	1694.7
-31638.0	7838.0	707.131	1708.85
-31638.0	7838.0	705.922	1751.95
-31638.0	7838.0	704.713	1637.86
-31638.0	7838.0	703.504	1707.84
-31638.0	7838.0	702.295	1633.08
-31638.0	7838.0	701.085	1641.03
-31638.0	7838.0	699.875	1663.44
-31638.0	7838.0	698.665	1652.78
-31638.0	7838.0	697.455	1691.7
-31638.0	7838.0	696.244	1699.63
-31638.0	7838.0	695.034	1752.97
-31638.0	7838.0	693.822	1835.2
-31638.0	7838.0	692.611	1729.58
-31638.0	7838.0	691.4	1760.19
-31638.0	7838.0	690.188	1757.78
-31638.0	7838.0	688.976	1751.24
-31638.0	7838.0	687.764	1668.41
-31638.0	7838.0	686.551	1769.11
-31638.0	7838.0	685.339	1787.31
-31638.0	7838.0	684.126	1778.72
-31638.0	7838.0	682.912	1798.97
-31638.0	7838.0	681.699	1728.57
-31638.0	7838.0	680.485	1775.6
-31638.0	7838.0	679.271	1725.82
-31638.0	7838.0	678.057	1830.49
-31638.0	7838.0	676.843	1747.78
-31638.0	7838.0	675.628	1716.56
-31638.0	7838.0	674.413	1782.07
-31638.0	7838.0	673.198	1814.64
-31638.0	7838.0	671.983	1841.02
-31638.0	7838.0	670.767	1799.52
-31638.0	7838.0	669.551	1788.88
-31638.0	7838.0	668.335	1780.31
-31638.0	7838.0	667.119	1777.9
-31638.0	7838.0	665.902	1828.92
-31638.0	7838.0	664.686	1783.35
-31638.0	7838.0	663.469	1883.65
-31638.0	7838.0	662.251	1815.5
-31638.0	7838.0	661.034	1866.48
-31638.0	7838.0	659.816	1814.78
-31638.0	7838.0	658.598	1818.53
-31638.0	7838.0	657.38	1764.81
-31638.0	7838.0	656.161	1844.47
-31638.0	7838.0	654.942	1807.18
-31638.0	7838.0	653.723	1856.04
-31638.0	7838.0	652.504	1820.81
-31638.0	7838.0	651.285	1814.3
-31638.0	7838.0	650.065	1856.98
-31638.0	7838.0	648.845	1780.79
-31638.0	7838.0	647.625	1802.97
-31638.0	7838.0	646.404	1806.71
-31638.0	7838.0	645.184	1880.08
-31638.0	7838.0	643.963	1851.03
-31638.0	7838.0	642.742	1813.81
-31638.0	7838.0	641.52	1797.08
-31638.0	7838.0	640.298	1839.69
-31638.0	7838.0	639.076	1822.95
-31638.0	7838.0	637.854	1875.77
-31638.0	7838.0	636.632	1867.22
-31638.0	7838.0	635.409	1825.95
-31638.0	7838.0	634.186	1899.18
-31638.0	7838.0	632.963	1866.1
-31638.0	7838.0	631.74	1835.07
-31638.0	7838.0	630.516	1904.17
-31638.0	7838.0	629.292	1836.38
-31638.0	7838.0	628.068	1868.68
-31638.0	7838.0	626.844	1839.72
-31638.0	7838.0	625.619	1890.39
-31638.0	7838.0	624.394	1830.82
-31638.0	7838.0	623.169	1942.69
-31638.0	7838.0	621.944	1905.57
-31638.0	7838.0	620.718	1839.91
-31638.0	7838.0	619.492	1963.95
-31638.0	7838.0	618.266	1902.38
-31638.0	7838.0	617.04	1832.69
-31638.0	7838.0	615.813	1907.73
-31638.0	7838.0	614.587	1872.71
-31638.0	7838.0	613.36	1815.28
-31638.0	7838.0	612.132	1837.32
-31638.0	7838.0	610.905	1883.79
-31638.0	7838.0	609.677	1814.19
-31638.0	7838.0	608.449	1844.36
-31638.0	7838.0	607.22	1888.76
-31638.0	7838.0	605.992	1892.45
-31638.0	7838.0	604.763	1877.83
-31638.0	7838.0	603.534	1826.59
-31638.0	7838.0	602.305	1836.39
-31638.0	7838.0	601.075	1937.69
-31638.0	7838.0	599.845	1860.05
-31638.0	7838.0	598.615	1871.87
-31638.0	7838.0	597.385	1867.42
-31638.0	7838.0	596.154	1887.36
-31638.0	7838.0	594.924	1854.48
-31638.0	7838.0	593.693	1886.6
-31638.0	7838.0	592.461	1845.61
-31638.0	7838.0	591.23	1881.77
-31638.0	7838.0	589.998	1810.36
-31638.0	7838.0	588.766	1789.7
-31638.0	7838.0	587.534	1750.79
-31638.0	7838.0	586.301	1823.46
-31638.0	7838.0	585.068	1831.2
-31638.0	7838.0	583.835	1828.8
-31638.0	7838.0	582.602	1802.08
-31638.0	7838.0	581.368	1821.98
-31638.0	7838.0	580.134	1870.24
-31638.0	7838.0	578.9	1875.93
-31638.0	7838.0	577.666	1820.87
-31638.0	7838.0	576.432	1733.42
-31638.0	7838.0	575.197	1791.78
-31638.0	7838.0	573.962	1785.35
-31638.0	7838.0	572.726	1797.12
-31638.0	7838.0	571.491	1899.95
-31638.0	7838.0	570.255	1804.49
-31638.0	7838.0	569.019	1850.64
-31638.0	7838.0	567.783	1817.91
-31638.0	7838.0	566.546	1918.62
-31638.0	7838.0	565.309	1774.72
-31638.0	7838.0	564.072	1893.59
-31638.0	7838.0	562.835	1923.51
-31638.0	7838.0	561.597	1890.8
-31638.0	7838.0	560.359	1884.35
-31638.0	7838.0	559.121	1942.53
-31638.0	7838.0	557.883	1923.96
-31638.0	7838.0	556.644	1889.25
-31638.0	7838.0	555.406	1935.28
-31638.0	7838.0	554.167	1882.43
-31638.0	7838.0	552.927	1986.94
-31638.0	7838.0	551.688	2038.97
-31638.0	7838.0	550.448	2020.41
-31638.0	7838.0	549.208	2017.98
-31638.0	7838.0	547.967	2130.44
-31638.0	7838.0	546.727	2075.59
-31638.0	7838.0	545.486	2127.55
-31638.0	7838.0	544.245	2215.74
-31638.0	7838.0	543.003	2189.11
-31638.0	7838.0	541.762	2331.62
-31638.0	7838.0	540.52	2381.47
-31638.0	7838.0	539.278	2324.63
-31638.0	7838.0	538.035	2465.01
-31638.0	7838.0	536.793	2615.39
-31638.0	7838.0	535.55	2828.06
-31638.0	7838.0	534.307	2895.86
-31638.0	7838.0	533.063	3106.38
-31638.0	7838.0	531.82	3365.05
-31638.0	7838.0	530.576	3706.02
-31638.0	7838.0	529.331	4209.61
-31638.0	7838.0	528.087	4903.84
-31638.0	7838.0	526.842	5862.92
-31638.0	7838.0	525.597	7526.45
-31638.0	7838.0	524.352	10036.5
-31638.0	7838.0	523.107	14217.7
-31638.0	7838.0	521.861	20823.4
-31638.0	7838.0	520.615	24410.7
-31638.0	7838.0	519.369	21661.4
-31638.0	7838.0	518.122	18217.3
-31638.0	7838.0	516.876	15077.4
-31638.0	7838.0	515.629	12748.7
-31638.0	7838.0	514.381	10952.1
-31638.0	7838.0	513.134	9587.11
-31638.0	7838.0	511.886	8501.2
-31638.0	7838.0	510.638	7888.48
-31638.0	7838.0	509.39	7165.86
-31638.0	7838.0	508.141	6633.76
-31638.0	7838.0	506.892	6322.09
-31638.0	7838.0	505.643	5976.53
-31638.0	7838.0	504.394	5759.18
-31638.0	7838.0	503.145	5565.92
-31638.0	7838.0	501.895	5458.76
-31638.0	7838.0	500.645	5333.64
-31638.0	7838.0	499.394	5200.57
-31638.0	7838.0	498.144	5009.59
-31638.0	7838.0	496.893	5076.51
-31638.0	7838.0	495.642	4865.64
-31638.0	7838.0	494.39	4710.81
-31638.0	7838.0	493.139	4546.05
-31638.0	7838.0	491.887	4457.24
-31638.0	7838.0	490.635	4402.41
-31638.0	7838.0	489.382	4269.75
-31638.0	7838.0	488.13	4244.92
-31638.0	7838.0	486.877	4148.27
-31638.0	7838.0	485.623	4091.55
-31638.0	7838.0	484.37	3963.05
-31638.0	7838.0	483.116	3842.59
-31638.0	7838.0	481.862	3867.71
-31638.0	7838.0	480.608	3765.25
-31638.0	7838.0	479.354	3742.55
-31638.0	7838.0	478.099	3709.89
-31638.0	7838.0	476.844	3679.24
-31638.0	7838.0	475.588	3586.87
-31638.0	7838.0	474.333	3633.91
-31638.0	7838.0	473.077	3573.43
-31638.0	7838.0	471.821	3528.9
-31638.0	7838.0	470.565	3498.32
-31638.0	7838.0	469.308	3328.48
-31638.0	7838.0	468.051	3373.54
-31638.0	7838.0	466.794	3346.99
-31638.0	7838.0	465.537	3362.2
-31638.0	7838.0	464.279	3281.98
-31638.0	7838.0	463.021	3203.79
-31638.0	7838.0	461.763	3248.82
-31638.0	7838.0	460.505	3172.65
-31638.0	7838.0	459.246	3072.68
-31638.0	7838.0	457.987	3068.07
-31638.0	7838.0	456.728	3055.52
-31638.0	7838.0	455.469	3054.88
-31638.0	7838.0	454.209	2982.8
-31638.0	7838.0	452.949	2982.18
-31638.0	7838.0	451.689	2894.27
-31638.0	7838.0	450.428	2945.24
-31638.0	7838.0	449.167	2887.12
-31638.0	7838.0	447.906	2878.59
-31638.0	7838.0	446.645	2848.25
-31638.0	7838.0	445.383	2905.13
-31638.0	7838.0	444.122	2874.8
-31638.0	7838.0	442.86	2794.97
-31638.0	7838.0	441.597	2782.5
-31638.0	7838.0	440.335	2774.0
-31638.0	7838.0	439.072	2793.22
-31638.0	7838.0	437.809	2735.24
-31638.0	7838.0	436.545	2659.47
-31638.0	7838.0	435.281	2743.99
-31638.0	7838.0	434.018	2705.83
-31638.0	7838.0	432.753	2655.83
-31638.0	7838.0	431.489	2609.8
-31638.0	7838.0	430.224	2672.5
-31638.0	7838.0	428.959	2671.95
-31638.0	7838.0	427.694	2653.6
-31638.0	7838.0	426.428	2625.39
-31638.0	7838.0	425.163	2725.57
-31638.0	7838.0	423.896	2622.32
-31638.0	7838.0	422.63	2562.54
-31638.0	7838.0	421.364	2638.98
-31638.0	7838.0	420.097	2632.51
-31638.0	7838.0	418.83	2629.98
-31638.0	7838.0	417.562	2552.5
-31638.0	7838.0	416.295	2587.46
-31638.0	7838.0	415.027	2636.22
-31638.0	7838.0	413.758	2617.92
-31638.0	7838.0	412.49	2619.34
-31638.0	7838.0	411.221	2585.29
-31638.0	7838.0	409.952	2555.2
-31638.0	7838.0	408.683	2544.81
-31638.0	7838.0	407.414	2573.82
-31638.0	7838.0	406.144	2496.49
-31638.0	7838.0	404.874	2454.63
-31638.0	7838.0	403.603	2467.89
-31638.0	7838.0	402.333	2500.82
-31638.0	7838.0	401.062	2594.72
-31638.0	7838.0	399.791	2605.97
-31638.0	7838.0	398.519	2601.49
-31638.0	7838.0	397.248	2561.63
-31638.0	7838.0	395.976	2561.09
-31638.0	7838.0	394.704	2501.6
-31638.0	7838.0	393.431	2569.83
-31638.0	7838.0	392.159	2484.83
-31638.0	7838.0	390.886	2539.29
-31638.0	7838.0	389.612	2472.0
-31638.0	7838.0	388.339	2455.78
-31638.0	7838.0	387.065	2472.92
-31638.0	7838.0	385.791	2552.85
-31638.0	7838.0	384.517	2438.53
-31638.0	7838.0	383.242	2430.17
-31638.0	7838.0	381.967	2447.3
-31638.0	7838.0	380.692	2436.99
-31638.0	7838.0	379.417	2459.99
-31638.0	7838.0	378.141	2449.68
-31638.0	7838.0	376.865	2500.1
-31638.0	7838.0	375.589	2487.82
-31638.0	7838.0	374.312	2438.33
-31638.0	7838.0	373.035	2469.15
-31638.0	7838.0	371.758	2431.43
-31638.0	7838.0	370.481	2511.16
-31638.0	7838.0	369.204	2481.28
-31638.0	7838.0	367.926	2459.23
-31638.0	7838.0	366.648	2464.58
-31638.0	7838.0	365.369	2446.46
-31638.0	7838.0	364.091	2461.58
-31638.0	7838.0	362.812	2486.48
-31638.0	7838.0	361.532	2452.73
-31638.0	7838.0	360.253	2497.15
-31638.0	7838.0	358.973	2492.71
-31638.0	7838.0	357.693	2476.56
-31638.0	7838.0	356.413	2464.32
-31638.0	7838.0	355.132	2526.27
-31638.0	7838.0	353.852	2603.81
-31638.0	7838.0	352.571	2462.75
-31638.0	7838.0	351.289	2464.18
-31638.0	7838.0	350.008	2528.03
-31638.0	7838.0	348.726	2513.84
-31638.0	7838.0	347.444	2597.15
-31638.0	7838.0	346.161	2569.31
-31638.0	7838.0	344.878	2549.28
-31638.0	7838.0	343.595	2496.12
-31638.0	7838.0	342.312	2561.83
-31638.0	7838.0	341.029	2485.33
-31638.0	7838.0	339.745	2484.8
-31638.0	7838.0	338.461	2566.04
-31638.0	7838.0	337.176	2501.26
-31638.0	7838.0	335.892	2541.6
-31638.0	7838.0	334.607	2611.11
-31638.0	7838.0	333.322	2583.32
-31638.0	7838.0	332.036	2664.45
-31638.0	7838.0	330.75	2564.72
-31638.0	7838.0	329.464	2521.41
-31638.0	7838.0	328.178	2559.74
-31638.0	7838.0	326.892	2617.5
-31638.0	7838.0	325.605	2675.22
-31638.0	7838.0	324.318	2626.09
-31638.0	7838.0	323.03	2629.42
-31638.0	7838.0	321.743	2652.16
-31638.0	7838.0	320.455	2641.89
-31638.0	7838.0	319.167	2596.69
-31638.0	7838.0	317.878	2576.74
-31638.0	7838.0	316.59	2717.8
-31638.0	7838.0	315.301	2585.34
-31638.0	7838.0	314.011	2714.7
-31638.0	7838.0	312.722	2663.72
-31638.0	7838.0	311.432	2727.12
-31638.0	7838.0	310.142	2734.29
-31638.0	7838.0	308.851	2687.21
-31638.0	7838.0	307.561	2727.31
-31638.0	7838.0	306.27	2769.33
-31638.0	7838.0	304.979	2811.34
-31638.0	7838.0	303.687	2853.33
-31638.0	7838.0	302.395	2819.82
-31638.0	7838.0	301.103	2830.83
-31638.0	7838.0	299.811	2785.73
-31638.0	7838.0	298.519	2829.62
-31638.0	7838.0	297.226	2765.2
-31638.0	7838.0	295.933	2685.35
-31638.0	7838.0	294.639	2719.57
-31638.0	7838.0	293.345	2765.37
-31638.0	7838.0	292.052	2737.73
-31638.0	7838.0	290.757	2609.66
-31638.0	7838.0	289.463	2612.96
-31638.0	7838.0	288.168	2647.16
-31638.0	7838.0	286.873	2526.91
-31638.0	7838.0	285.578	2559.18
-31638.0	7838.0	284.282	2562.49
-31638.0	7838.0	282.986	2639.11
-31638.0	7838.0	281.69	2603.83
-31638.0	7838.0	280.393	2547.35
-31638.0	7838.0	279.097	2514.03
-31638.0	7838.0	277.8	2513.49
-31638.0	7838.0	276.502	2505.25
-31638.0	7838.0	275.205	2504.71
-31638.0	7838.0	273.907	2519.59
-31638.0	7838.0	272.609	2347.64
-31638.0	7838.0	271.311	2487.7
-31638.0	7838.0	270.012	2485.24
-31638.0	7838.0	268.713	2459.69
-31638.0	7838.0	267.414	2389.89
-31638.0	7838.0	266.114	2404.77
-31638.0	7838.0	264.814	2417.72
-31638.0	7838.0	263.514	2365.28
-31638.0	7838.0	262.214	2362.85
-31638.0	7838.0	260.913	2402.71
-31638.0	7838.0	259.613	2336.86
-31638.0	7838.0	258.311	2309.46
-31638.0	7838.0	257.01	2310.89
-31638.0	7838.0	255.708	2327.68
-31638.0	7838.0	254.406	2265.73
-31638.0	7838.0	253.104	2313.24
-31638.0	7838.0	251.801	2289.71
-31638.0	7838.0	250.499	2200.96
-31638.0	7838.0	249.195	2302.16
-31638.0	7838.0	247.892	2224.95
-31638.0	7838.0	246.588	2310.76
-31638.0	7838.0	245.284	2268.09
-31638.0	7838.0	243.98	2171.76
-31638.0	7838.0	242.676	2152.13
-31638.0	7838.0	241.371	2255.13
-31638.0	7838.0	240.066	2250.82
-31638.0	7838.0	238.76	2233.1
-31638.0	7838.0	237.455	2177.09
-31638.0	7838.0	236.149	2151.74
-31638.0	7838.0	234.843	2145.54
-31638.0	7838.0	233.536	2141.25
-31638.0	7838.0	232.229	2224.97
-31638.0	7838.0	230.922	2174.76
-31638.0	7838.0	229.615	2197.24
-31638.0	7838.0	228.307	2106.91
-31638.0	7838.0	227.0	2146.6
-31638.0	7838.0	225.691	2190.09
-31638.0	7838.0	224.383	2117.01
-31638.0	7838.0	223.074	2099.37
-31638.0	7838.0	221.765	2119.93
-31638.0	7838.0	220.456	2119.47
-31638.0	7838.0	219.146	2080.83
-31638.0	7838.0	217.836	2093.75
-31638.0	7838.0	216.526	2066.58
-31638.0	7838.0	215.216	2106.2
-31638.0	7838.0	213.905	2046.62
-31638.0	7838.0	212.594	2038.55
-31638.0	7838.0	211.283	2070.53
-31638.0	7838.0	209.971	2108.2
-31638.0	7838.0	208.66	2117.28
-31638.0	7838.0	207.348	2046.33
-31638.0	7838.0	206.035	2135.42
-31638.0	7838.0	204.722	2134.96
-31638.0	7838.0	203.409	2161.16
-31638.0	7838.0	202.096	2160.69
-31638.0	7838.0	200.783	2175.45
-31638.0	7838.0	199.469	2197.82
-31638.0	7838.0	198.155	2140.27
-31638.0	7838.0	196.84	2088.46
-31638.0	7838.0	195.526	2112.73
-31638.0	7838.0	194.211	2169.31
-31638.0	7838.0	192.896	2206.86
-31638.0	7838.0	191.58	2354.62
-31638.0	7838.0	190.264	2308.51
-31638.0	7838.0	188.948	2315.61
-31638.0	7838.0	187.632	2242.95
-31638.0	7838.0	186.315	2284.24
-31638.0	7838.0	184.998	2253.37
-31638.0	7838.0	183.681	2201.64
-31638.0	7838.0	182.364	2252.4
-31638.0	7838.0	181.046	2331.59
-31638.0	7838.0	179.728	2234.36
-31638.0	7838.0	178.41	2222.5
-31638.0	7838.0	177.091	2259.94
-31638.0	7838.0	175.772	2261.35
-31638.0	7838.0	174.453	2310.13
-31638.0	7838.0	173.133	2269.85
-31638.0	7838.0	171.814	2309.14
-31638.0	7838.0	170.494	2242.35
-31638.0	7838.0	169.173	2300.57
-31638.0	7838.0	167.853	2296.29
-31638.0	7838.0	166.532	2314.72
-31638.0	7838.0	165.211	2265.02
-31638.0	7838.0	163.889	2294.8
-31638.0	7838.0	162.567	2335.92
-31638.0	7838.0	161.245	2409.16
-31638.0	7838.0	159.923	2376.5
-31638.0	7838.0	158.6	2434.59
-31638.0	7838.0	157.278	2454.85
-31638.0	7838.0	155.954	2433.54
-31638.0	7838.0	154.631	2474.57
-31638.0	7838.0	153.307	2436.27
-31638.0	7838.0	151.983	2413.08
-31638.0	7838.0	150.659	2416.34
-31638.0	7838.0	149.334	2487.54
-31638.0	7838.0	148.009	2366.23
-31638.0	7838.0	146.684	2403.45
-31638.0	7838.0	145.359	2425.57
-31638.0	7838.0	144.033	2379.79
-31638.0	7838.0	142.707	2454.69
-31638.0	7838.0	141.381	2418.34
-31638.0	7838.0	140.054	2348.1
-31638.0	7838.0	138.727	2364.55
-31638.0	7838.0	137.4	2369.69
-31638.0	7838.0	136.072	2412.49
-31638.0	7838.0	134.745	2391.26
-31638.0	7838.0	133.417	2366.27
-31638.0	7838.0	132.088	2407.16
-31638.0	7838.0	130.76	2385.95
-31638.0	7838.0	129.431	2408.01
-31638.0	7838.0	128.102	2371.75
-31638.0	7838.0	126.772	2453.98
-31638.0	7838.0	125.442	2427.13
-31638.0	7838.0	124.112	2402.17
-31638.0	7838.0	122.782	2356.55
-31638.0	7838.0	121.451	2356.04
-31638.0	7838.0	120.12	2355.53
-31638.0	7838.0	118.789	2356.9
-31638.0	7838.0	117.458	2331.98
-31638.0	7838.0	116.126	2337.11
-31638.0	7838.0	114.794	2308.45
-31638.0	7838.0	113.462	2296.7
-31638.0	7838.0	112.129	2294.32
-31638.0	7838.0	110.796	2314.46
-31638.0	7838.0	109.463	2261.46
-31638.0	7838.0	108.129	2210.35
-31638.0	7838.0	106.796	2222.99
-31638.0	7838.0	105.461	2196.28
-31638.0	7838.0	104.127	2158.33
-31638.0	7838.0	102.792	2051.1
-31638.0	7838.0	101.457	2018.82
-31638.0	7838.0	100.122	1967.83
-31638.0	7838.0	98.7867	1933.71
-31638.0	7838.0	97.4509	1961.36
-31638.0	7838.0	96.1148	1908.55
-31638.0	7838.0	94.7784	1876.33
-31638.0	7838.0	93.4418	1857.22
-31638.0	7838.0	92.1048	1847.47
-31638.0	7838.0	90.7676	1841.46
-31638.0	7838.0	89.43	1792.47
-31638.0	7838.0	88.0922	1764.05
-31638.0	7838.0	86.7541	1787.96
-31638.0	7838.0	85.4157	1710.99
