-31638.0	7848.0	1311.89	1935.2
-31638.0	7848.0	1310.78	1989.4
-31638.0	7848.0	1309.68	2009.51
-31638.0	7848.0	1308.58	1945.62
-31638.0	7848.0	1307.48	1954.39
-31638.0	7848.0	1306.38	2001.74
-31638.0	7848.0	1305.28	1994.61
-31638.0	7848.0	1304.18	1933.04
-31638.0	7848.0	1303.07	1934.99
-31638.0	7848.0	1301.97	1943.76
-31638.0	7848.0	1300.87	1959.32
-31638.0	7848.0	1299.77	1884.18
-31638.0	7848.0	1298.66	1874.81
-31638.0	7848.0	1297.56	2017.31
-31638.0	7848.0	1296.46	1958.06
-31638.0	7848.0	1295.35	1962.28
-31638.0	7848.0	1294.25	1973.29
-31638.0	7848.0	1293.15	1979.77
-31638.0	7848.0	1292.04	1990.78
-31638.0	7848.0	1290.94	1983.66
-31638.0	7848.0	1289.83	1947.12
-31638.0	7848.0	1288.73	1856.26
-31638.0	7848.0	1287.63	1930.65
-31638.0	7848.0	1286.52	1916.76
-31638.0	7848.0	1285.42	1916.45
-31638.0	7848.0	1284.31	1945.55
-31638.0	7848.0	1283.21	1902.26
-31638.0	7848.0	1282.1	1951.71
-31638.0	7848.0	1280.99	1931.04
-31638.0	7848.0	1279.89	1899.08
-31638.0	7848.0	1278.78	1923.64
-31638.0	7848.0	1277.68	1986.61
-31638.0	7848.0	1276.57	1938.83
-31638.0	7848.0	1275.46	1915.92
-31638.0	7848.0	1274.36	1929.17
-31638.0	7848.0	1273.25	1962.74
-31638.0	7848.0	1272.14	1982.74
-31638.0	7848.0	1271.04	1937.26
-31638.0	7848.0	1269.93	1930.18
-31638.0	7848.0	1268.82	1846.35
-31638.0	7848.0	1267.71	1913.75
-31638.0	7848.0	1266.61	1895.39
-31638.0	7848.0	1265.5	1858.99
-31638.0	7848.0	1264.39	1946.66
-31638.0	7848.0	1263.28	1880.94
-31638.0	7848.0	1262.17	1891.91
-31638.0	7848.0	1261.06	1909.63
-31638.0	7848.0	1259.95	1864.24
-31638.0	7848.0	1258.84	1888.73
-31638.0	7848.0	1257.74	1940.25
-31638.0	7848.0	1256.63	1912.9
-31638.0	7848.0	1255.52	1932.86
-31638.0	7848.0	1254.41	1968.58
-31638.0	7848.0	1253.3	1948.0
-31638.0	7848.0	1252.19	1990.46
-31638.0	7848.0	1251.08	1990.13
-31638.0	7848.0	1249.96	1971.8
-31638.0	7848.0	1248.85	1948.97
-31638.0	7848.0	1247.74	1822.65
-31638.0	7848.0	1246.63	1966.34
-31638.0	7848.0	1245.52	1932.27
-31638.0	7848.0	1244.41	1904.97
-31638.0	7848.0	1243.3	1904.66
-31638.0	7848.0	1242.18	1951.56
-31638.0	7848.0	1241.07	1946.74
-31638.0	7848.0	1239.96	1836.29
-31638.0	7848.0	1238.85	1838.24
-31638.0	7848.0	1237.74	1840.18
-31638.0	7848.0	1236.62	1898.29
-31638.0	7848.0	1235.51	1947.39
-31638.0	7848.0	1234.4	1825.8
-31638.0	7848.0	1233.28	1899.6
-31638.0	7848.0	1232.17	1845.41
-31638.0	7848.0	1231.06	1883.27
-31638.0	7848.0	1229.94	1882.96
-31638.0	7848.0	1228.83	1911.82
-31638.0	7848.0	1227.71	1907.02
-31638.0	7848.0	1226.6	1904.46
-31638.0	7848.0	1225.48	1904.14
-31638.0	7848.0	1224.37	1856.74
-31638.0	7848.0	1223.25	1881.1
-31638.0	7848.0	1222.14	1851.64
-31638.0	7848.0	1221.02	1858.06
-31638.0	7848.0	1219.91	1866.72
-31638.0	7848.0	1218.79	1841.77
-31638.0	7848.0	1217.68	1850.42
-31638.0	7848.0	1216.56	1838.92
-31638.0	7848.0	1215.44	1883.4
-31638.0	7848.0	1214.33	1860.7
-31638.0	7848.0	1213.21	1898.45
-31638.0	7848.0	1212.09	1846.65
-31638.0	7848.0	1210.98	1864.25
-31638.0	7848.0	1209.86	1866.18
-31638.0	7848.0	1208.74	1886.01
-31638.0	7848.0	1207.62	1876.75
-31638.0	7848.0	1206.51	1827.23
-31638.0	7848.0	1205.39	1887.31
-31638.0	7848.0	1204.27	1853.46
-31638.0	7848.0	1203.15	1844.21
-31638.0	7848.0	1202.03	1957.89
-31638.0	7848.0	1200.91	1926.28
-31638.0	7848.0	1199.8	1825.41
-31638.0	7848.0	1198.68	1854.15
-31638.0	7848.0	1197.56	1833.74
-31638.0	7848.0	1196.44	1786.54
-31638.0	7848.0	1195.32	1759.45
-31638.0	7848.0	1194.2	1826.13
-31638.0	7848.0	1193.08	1823.59
-31638.0	7848.0	1191.96	1803.2
-31638.0	7848.0	1190.84	1874.3
-31638.0	7848.0	1189.72	1849.45
-31638.0	7848.0	1188.6	1858.06
-31638.0	7848.0	1187.48	1875.59
-31638.0	7848.0	1186.35	1908.73
-31638.0	7848.0	1185.23	1854.9
-31638.0	7848.0	1184.11	1854.59
-31638.0	7848.0	1182.99	1753.99
-31638.0	7848.0	1181.87	1747.01
-31638.0	7848.0	1180.75	1855.89
-31638.0	7848.0	1179.62	1871.17
-31638.0	7848.0	1178.5	1979.99
-31638.0	7848.0	1177.38	1879.45
-31638.0	7848.0	1176.26	1948.16
-31638.0	7848.0	1175.13	1885.5
-31638.0	7848.0	1174.01	1849.57
-31638.0	7848.0	1172.89	1802.53
-31638.0	7848.0	1171.76	1822.25
-31638.0	7848.0	1170.64	1879.78
-31638.0	7848.0	1169.51	1770.48
-31638.0	7848.0	1168.39	1876.93
-31638.0	7848.0	1167.27	1834.37
-31638.0	7848.0	1166.14	1838.5
-31638.0	7848.0	1165.02	1835.97
-31638.0	7848.0	1163.89	1791.22
-31638.0	7848.0	1162.77	1806.47
-31638.0	7848.0	1161.64	1750.62
-31638.0	7848.0	1160.52	1825.85
-31638.0	7848.0	1159.39	1858.85
-31638.0	7848.0	1158.26	1783.04
-31638.0	7848.0	1157.14	1729.46
-31638.0	7848.0	1156.01	1797.98
-31638.0	7848.0	1154.88	1830.97
-31638.0	7848.0	1153.76	1863.94
-31638.0	7848.0	1152.63	1803.72
-31638.0	7848.0	1151.5	1770.15
-31638.0	7848.0	1150.38	1838.6
-31638.0	7848.0	1149.25	1785.07
-31638.0	7848.0	1148.12	1793.64
-31638.0	7848.0	1146.99	1835.45
-31638.0	7848.0	1145.87	1790.81
-31638.0	7848.0	1144.74	1834.83
-31638.0	7848.0	1143.61	1819.01
-31638.0	7848.0	1142.48	1765.53
-31638.0	7848.0	1141.35	1780.74
-31638.0	7848.0	1140.22	1758.29
-31638.0	7848.0	1139.09	1804.49
-31638.0	7848.0	1137.97	1852.88
-31638.0	7848.0	1136.84	1768.46
-31638.0	7848.0	1135.71	1765.94
-31638.0	7848.0	1134.58	1827.6
-31638.0	7848.0	1133.45	1785.25
-31638.0	7848.0	1132.32	1826.97
-31638.0	7848.0	1131.19	1844.35
-31638.0	7848.0	1130.05	1762.23
-31638.0	7848.0	1128.92	1843.72
-31638.0	7848.0	1127.79	1761.63
-31638.0	7848.0	1126.66	1717.13
-31638.0	7848.0	1125.53	1772.07
-31638.0	7848.0	1124.4	1809.33
-31638.0	7848.0	1123.27	1767.05
-31638.0	7848.0	1122.13	1788.83
-31638.0	7848.0	1121.0	1762.03
-31638.0	7848.0	1119.87	1741.86
-31638.0	7848.0	1118.74	1792.33
-31638.0	7848.0	1117.6	1769.95
-31638.0	7848.0	1116.47	1674.77
-31638.0	7848.0	1115.34	1787.0
-31638.0	7848.0	1114.2	1815.36
-31638.0	7848.0	1113.07	1746.68
-31638.0	7848.0	1111.94	1850.02
-31638.0	7848.0	1110.8	1752.7
-31638.0	7848.0	1109.67	1783.26
-31638.0	7848.0	1108.54	1743.28
-31638.0	7848.0	1107.4	1837.73
-31638.0	7848.0	1106.27	1773.53
-31638.0	7848.0	1105.13	1753.4
-31638.0	7848.0	1104.0	1744.28
-31638.0	7848.0	1102.86	1754.99
-31638.0	7848.0	1101.72	1825.14
-31638.0	7848.0	1100.59	1727.97
-31638.0	7848.0	1099.45	1771.69
-31638.0	7848.0	1098.32	1824.2
-31638.0	7848.0	1097.18	1779.88
-31638.0	7848.0	1096.04	1779.57
-31638.0	7848.0	1094.91	1770.47
-31638.0	7848.0	1093.77	1732.78
-31638.0	7848.0	1092.63	1827.02
-31638.0	7848.0	1091.5	1791.53
-31638.0	7848.0	1090.36	1778.04
-31638.0	7848.0	1089.22	1744.77
-31638.0	7848.0	1088.08	1753.25
-31638.0	7848.0	1086.95	1737.57
-31638.0	7848.0	1085.81	1719.7
-31638.0	7848.0	1084.67	1763.32
-31638.0	7848.0	1083.53	1780.58
-31638.0	7848.0	1082.39	1764.9
-31638.0	7848.0	1081.25	1762.4
-31638.0	7848.0	1080.11	1751.12
-31638.0	7848.0	1078.97	1750.82
-31638.0	7848.0	1077.83	1724.19
-31638.0	7848.0	1076.69	1699.77
-31638.0	7848.0	1075.55	1776.22
-31638.0	7848.0	1074.41	1694.79
-31638.0	7848.0	1073.27	1769.03
-31638.0	7848.0	1072.13	1773.1
-31638.0	7848.0	1070.99	1718.01
-31638.0	7848.0	1069.85	1680.46
-31638.0	7848.0	1068.71	1645.12
-31638.0	7848.0	1067.57	1664.55
-31638.0	7848.0	1066.43	1727.76
-31638.0	7848.0	1065.28	1731.84
-31638.0	7848.0	1064.14	1733.72
-31638.0	7848.0	1063.0	1685.27
-31638.0	7848.0	1061.86	1678.41
-31638.0	7848.0	1060.71	1772.2
-31638.0	7848.0	1059.57	1747.82
-31638.0	7848.0	1058.43	1778.14
-31638.0	7848.0	1057.29	1751.59
-31638.0	7848.0	1056.14	1744.72
-31638.0	7848.0	1055.0	1746.6
-31638.0	7848.0	1053.85	1717.88
-31638.0	7848.0	1052.71	1671.69
-31638.0	7848.0	1051.57	1669.21
-31638.0	7848.0	1050.42	1682.02
-31638.0	7848.0	1049.28	1734.15
-31638.0	7848.0	1048.13	1698.9
-31638.0	7848.0	1046.99	1628.74
-31638.0	7848.0	1045.84	1702.67
-31638.0	7848.0	1044.7	1798.4
-31638.0	7848.0	1043.55	1710.8
-31638.0	7848.0	1042.4	1675.59
-31638.0	7848.0	1041.26	1701.47
-31638.0	7848.0	1040.11	1799.32
-31638.0	7848.0	1038.97	1687.79
-31638.0	7848.0	1037.82	1768.16
-31638.0	7848.0	1036.67	1717.71
-31638.0	7848.0	1035.53	1689.08
-31638.0	7848.0	1034.38	1673.52
-31638.0	7848.0	1033.23	1708.09
-31638.0	7848.0	1032.08	1814.52
-31638.0	7848.0	1030.94	1720.55
-31638.0	7848.0	1029.79	1746.38
-31638.0	7848.0	1028.64	1839.68
-31638.0	7848.0	1027.49	1684.81
-31638.0	7848.0	1026.34	1751.98
-31638.0	7848.0	1025.19	1788.66
-31638.0	7848.0	1024.04	1683.91
-31638.0	7848.0	1022.89	1733.65
-31638.0	7848.0	1021.74	1752.91
-31638.0	7848.0	1020.59	1735.2
-31638.0	7848.0	1019.45	1710.98
-31638.0	7848.0	1018.29	1758.5
-31638.0	7848.0	1017.14	1699.51
-31638.0	7848.0	1015.99	1775.26
-31638.0	7848.0	1014.84	1811.87
-31638.0	7848.0	1013.69	1835.44
-31638.0	7848.0	1012.54	1722.19
-31638.0	7848.0	1011.39	1780.51
-31638.0	7848.0	1010.24	1741.11
-31638.0	7848.0	1009.09	1732.12
-31638.0	7848.0	1007.93	1818.62
-31638.0	7848.0	1006.78	1863.86
-31638.0	7848.0	1005.63	1867.87
-31638.0	7848.0	1004.48	1854.52
-31638.0	7848.0	1003.32	1784.79
-31638.0	7848.0	1002.17	1808.32
-31638.0	7848.0	1001.02	1894.72
-31638.0	7848.0	999.865	1911.72
-31638.0	7848.0	998.711	1917.88
-31638.0	7848.0	997.558	1824.36
-31638.0	7848.0	996.403	1865.2
-31638.0	7848.0	995.249	1795.55
-31638.0	7848.0	994.095	1784.4
-31638.0	7848.0	992.94	1924.82
-31638.0	7848.0	991.785	1993.75
-31638.0	7848.0	990.63	1926.29
-31638.0	7848.0	989.475	2010.34
-31638.0	7848.0	988.319	1949.4
-31638.0	7848.0	987.164	1979.34
-31638.0	7848.0	986.008	1929.24
-31638.0	7848.0	984.852	2056.47
-31638.0	7848.0	983.695	2025.83
-31638.0	7848.0	982.539	2114.1
-31638.0	7848.0	981.382	2107.23
-31638.0	7848.0	980.225	2089.57
-31638.0	7848.0	979.068	2041.66
-31638.0	7848.0	977.911	2039.13
-31638.0	7848.0	976.753	2032.28
-31638.0	7848.0	975.595	2144.2
-31638.0	7848.0	974.437	2092.0
-31638.0	7848.0	973.279	2085.15
-31638.0	7848.0	972.121	2076.14
-31638.0	7848.0	970.962	2097.34
-31638.0	7848.0	969.803	2112.06
-31638.0	7848.0	968.644	2105.21
-31638.0	7848.0	967.485	2063.86
-31638.0	7848.0	966.326	2115.23
-31638.0	7848.0	965.166	2073.89
-31638.0	7848.0	964.006	2204.99
-31638.0	7848.0	962.846	2239.07
-31638.0	7848.0	961.686	2156.79
-31638.0	7848.0	960.525	2175.79
-31638.0	7848.0	959.365	2112.93
-31638.0	7848.0	958.204	2147.0
-31638.0	7848.0	957.043	2176.76
-31638.0	7848.0	955.881	2103.17
-31638.0	7848.0	954.72	2068.35
-31638.0	7848.0	953.558	2128.23
-31638.0	7848.0	952.396	2069.75
-31638.0	7848.0	951.234	2127.46
-31638.0	7848.0	950.071	2079.75
-31638.0	7848.0	948.909	2137.43
-31638.0	7848.0	947.746	2171.44
-31638.0	7848.0	946.583	2153.85
-31638.0	7848.0	945.42	2157.76
-31638.0	7848.0	944.256	2185.3
-31638.0	7848.0	943.092	2086.07
-31638.0	7848.0	941.929	2143.69
-31638.0	7848.0	940.765	2181.95
-31638.0	7848.0	939.6	2046.28
-31638.0	7848.0	938.436	2163.98
-31638.0	7848.0	937.271	2105.63
-31638.0	7848.0	936.106	2124.56
-31638.0	7848.0	934.941	2064.1
-31638.0	7848.0	933.775	2055.14
-31638.0	7848.0	932.61	2011.87
-31638.0	7848.0	931.444	2000.77
-31638.0	7848.0	930.278	2034.71
-31638.0	7848.0	929.112	1925.01
-31638.0	7848.0	927.945	1965.38
-31638.0	7848.0	926.779	1913.59
-31638.0	7848.0	925.612	2009.65
-31638.0	7848.0	924.445	1919.32
-31638.0	7848.0	923.278	1901.83
-31638.0	7848.0	922.11	1807.26
-31638.0	7848.0	920.942	1916.12
-31638.0	7848.0	919.774	1997.11
-31638.0	7848.0	918.606	1911.13
-31638.0	7848.0	917.438	1889.38
-31638.0	7848.0	916.269	1927.54
-31638.0	7848.0	915.1	1805.27
-31638.0	7848.0	913.931	1869.09
-31638.0	7848.0	912.762	1808.88
-31638.0	7848.0	911.593	1765.79
-31638.0	7848.0	910.423	1814.63
-31638.0	7848.0	909.253	1867.72
-31638.0	7848.0	908.083	1867.37
-31638.0	7848.0	906.913	1820.03
-31638.0	7848.0	905.742	1856.0
-31638.0	7848.0	904.572	1755.29
-31638.0	7848.0	903.401	1686.65
-31638.0	7848.0	902.229	1769.59
-31638.0	7848.0	901.058	1741.52
-31638.0	7848.0	899.886	1773.2
-31638.0	7848.0	898.715	1715.27
-31638.0	7848.0	897.543	1740.55
-31638.0	7848.0	896.37	1793.54
-31638.0	7848.0	895.198	1731.37
-31638.0	7848.0	894.025	1756.64
-31638.0	7848.0	892.852	1724.34
-31638.0	7848.0	891.679	1724.02
-31638.0	7848.0	890.506	1745.0
-31638.0	7848.0	889.332	1650.95
-31638.0	7848.0	888.158	1684.72
-31638.0	7848.0	886.984	1773.84
-31638.0	7848.0	885.81	1733.06
-31638.0	7848.0	884.636	1717.84
-31638.0	7848.0	883.461	1728.16
-31638.0	7848.0	882.286	1732.09
-31638.0	7848.0	881.111	1706.24
-31638.0	7848.0	879.936	1729.32
-31638.0	7848.0	878.76	1705.61
-31638.0	7848.0	877.584	1694.66
-31638.0	7848.0	876.408	1715.6
-31638.0	7848.0	875.232	1736.53
-31638.0	7848.0	874.056	1717.08
-31638.0	7848.0	872.879	1659.4
-31638.0	7848.0	871.702	1782.3
-31638.0	7848.0	870.525	1730.99
-31638.0	7848.0	869.348	1707.31
-31638.0	7848.0	868.17	1668.77
-31638.0	7848.0	866.993	1755.49
-31638.0	7848.0	865.815	1689.37
-31638.0	7848.0	864.637	1744.22
-31638.0	7848.0	863.458	1701.47
-31638.0	7848.0	862.28	1684.18
-31638.0	7848.0	861.101	1679.62
-31638.0	7848.0	859.922	1698.39
-31638.0	7848.0	858.742	1706.55
-31638.0	7848.0	857.563	1738.02
-31638.0	7848.0	856.383	1724.98
-31638.0	7848.0	855.203	1625.08
-31638.0	7848.0	854.023	1626.89
-31638.0	7848.0	852.843	1656.23
-31638.0	7848.0	851.662	1696.16
-31638.0	7848.0	850.481	1668.31
-31638.0	7848.0	849.3	1657.42
-31638.0	7848.0	848.119	1674.04
-31638.0	7848.0	846.937	1705.46
-31638.0	7848.0	845.756	1696.68
-31638.0	7848.0	844.574	1679.43
-31638.0	7848.0	843.392	1719.3
-31638.0	7848.0	842.209	1778.18
-31638.0	7848.0	841.027	1678.48
-31638.0	7848.0	839.844	1663.37
-31638.0	7848.0	838.661	1660.95
-31638.0	7848.0	837.477	1698.66
-31638.0	7848.0	836.294	1751.15
-31638.0	7848.0	835.11	1712.8
-31638.0	7848.0	833.926	1729.37
-31638.0	7848.0	832.742	1714.27
-31638.0	7848.0	831.558	1724.49
-31638.0	7848.0	830.373	1724.17
-31638.0	7848.0	829.188	1643.66
-31638.0	7848.0	828.003	1641.24
-31638.0	7848.0	826.818	1708.42
-31638.0	7848.0	825.632	1737.62
-31638.0	7848.0	824.446	1722.53
-31638.0	7848.0	823.26	1690.59
-31638.0	7848.0	822.074	1603.86
-31638.0	7848.0	820.888	1692.05
-31638.0	7848.0	819.701	1687.52
-31638.0	7848.0	818.514	1666.13
-31638.0	7848.0	817.327	1712.15
-31638.0	7848.0	816.14	1772.88
-31638.0	7848.0	814.952	1726.23
-31638.0	7848.0	813.765	1704.86
-31638.0	7848.0	812.577	1681.38
-31638.0	7848.0	811.388	1634.78
-31638.0	7848.0	810.2	1680.74
-31638.0	7848.0	809.011	1613.12
-31638.0	7848.0	807.822	1686.41
-31638.0	7848.0	806.633	1738.65
-31638.0	7848.0	805.444	1687.87
-31638.0	7848.0	804.254	1618.2
-31638.0	7848.0	803.064	1678.82
-31638.0	7848.0	801.874	1674.3
-31638.0	7848.0	800.684	1625.67
-31638.0	7848.0	799.493	1749.26
-31638.0	7848.0	798.303	1711.13
-31638.0	7848.0	797.112	1679.31
-31638.0	7848.0	795.921	1664.3
-31638.0	7848.0	794.729	1701.75
-31638.0	7848.0	793.538	1663.66
-31638.0	7848.0	792.346	1701.1
-31638.0	7848.0	791.154	1740.62
-31638.0	7848.0	789.961	1708.84
-31638.0	7848.0	788.769	1723.18
-31638.0	7848.0	787.576	1674.65
-31638.0	7848.0	786.383	1678.51
-31638.0	7848.0	785.19	1659.34
-31638.0	7848.0	783.996	1633.88
-31638.0	7848.0	782.802	1608.44
-31638.0	7848.0	781.608	1666.76
-31638.0	7848.0	780.414	1601.54
-31638.0	7848.0	779.22	1647.28
-31638.0	7848.0	778.025	1665.79
-31638.0	7848.0	776.83	1692.67
-31638.0	7848.0	775.635	1646.32
-31638.0	7848.0	774.44	1731.76
-31638.0	7848.0	773.244	1689.6
-31638.0	7848.0	772.049	1657.92
-31638.0	7848.0	770.853	1676.41
-31638.0	7848.0	769.656	1686.54
-31638.0	7848.0	768.46	1669.49
-31638.0	7848.0	767.263	1792.43
-31638.0	7848.0	766.066	1723.16
-31638.0	7848.0	764.869	1706.12
-31638.0	7848.0	763.672	1703.7
-31638.0	7848.0	762.474	1726.33
-31638.0	7848.0	761.276	1721.82
-31638.0	7848.0	760.078	1700.62
-31638.0	7848.0	758.88	1748.28
-31638.0	7848.0	757.681	1693.71
-31638.0	7848.0	756.483	1680.87
-31638.0	7848.0	755.284	1705.56
-31638.0	7848.0	754.084	1707.32
-31638.0	7848.0	752.885	1629.87
-31638.0	7848.0	751.685	1698.32
-31638.0	7848.0	750.485	1656.32
-31638.0	7848.0	749.285	1585.18
-31638.0	7848.0	748.085	1666.09
-31638.0	7848.0	746.884	1686.59
-31638.0	7848.0	745.683	1652.95
-31638.0	7848.0	744.482	1640.14
-31638.0	7848.0	743.281	1687.69
-31638.0	7848.0	742.079	1710.24
-31638.0	7848.0	740.877	1753.59
-31638.0	7848.0	739.675	1726.22
-31638.0	7848.0	738.473	1707.17
-31638.0	7848.0	737.27	1652.78
-31638.0	7848.0	736.068	1629.59
-31638.0	7848.0	734.865	1664.6
-31638.0	7848.0	733.661	1655.97
-31638.0	7848.0	732.458	1634.87
-31638.0	7848.0	731.254	1669.86
-31638.0	7848.0	730.05	1630.08
-31638.0	7848.0	728.846	1662.98
-31638.0	7848.0	727.642	1598.31
-31638.0	7848.0	726.437	1622.9
-31638.0	7848.0	725.232	1707.65
-31638.0	7848.0	724.027	1680.35
-31638.0	7848.0	722.822	1613.65
-31638.0	7848.0	721.616	1605.04
-31638.0	7848.0	720.41	1704.24
-31638.0	7848.0	719.204	1703.91
-31638.0	7848.0	717.998	1713.94
-31638.0	7848.0	716.791	1688.74
-31638.0	7848.0	715.585	1688.41
-31638.0	7848.0	714.378	1901.42
-31638.0	7848.0	713.17	1727.09
-31638.0	7848.0	711.963	1697.77
-31638.0	7848.0	710.755	1633.26
-31638.0	7848.0	709.547	1713.66
-31638.0	7848.0	708.339	1669.87
-31638.0	7848.0	707.131	1661.26
-31638.0	7848.0	705.922	1706.44
-31638.0	7848.0	704.713	1637.86
-31638.0	7848.0	703.504	1676.82
-31638.0	7848.0	702.295	1651.69
-31638.0	7848.0	701.085	1688.56
-31638.0	7848.0	699.875	1698.56
-31638.0	7848.0	698.665	1689.97
-31638.0	7848.0	697.455	1675.17
-31638.0	7848.0	696.244	1685.17
-31638.0	7848.0	695.034	1717.87
-31638.0	7848.0	693.822	1785.66
-31638.0	7848.0	692.611	1785.31
-31638.0	7848.0	691.4	1749.87
-31638.0	7848.0	690.188	1737.15
-31638.0	7848.0	688.976	1716.18
-31638.0	7848.0	687.764	1672.53
-31638.0	7848.0	686.551	1729.93
-31638.0	7848.0	685.339	1733.71
-31638.0	7848.0	684.126	1735.43
-31638.0	7848.0	682.912	1718.6
-31638.0	7848.0	681.699	1755.35
-31638.0	7848.0	680.485	1701.45
-31638.0	7848.0	679.271	1764.95
-31638.0	7848.0	678.057	1801.66
-31638.0	7848.0	676.843	1768.37
-31638.0	7848.0	675.628	1772.14
-31638.0	7848.0	674.413	1751.21
-31638.0	7848.0	673.198	1822.87
-31638.0	7848.0	671.983	1723.77
-31638.0	7848.0	670.767	1815.97
-31638.0	7848.0	669.551	1745.7
-31638.0	7848.0	668.335	1753.58
-31638.0	7848.0	667.119	1821.06
-31638.0	7848.0	665.902	1814.53
-31638.0	7848.0	664.686	1795.68
-31638.0	7848.0	663.469	1822.03
-31638.0	7848.0	662.251	1784.7
-31638.0	7848.0	661.034	1843.89
-31638.0	7848.0	659.816	1730.61
-31638.0	7848.0	658.598	1816.47
-31638.0	7848.0	657.38	1799.69
-31638.0	7848.0	656.161	1709.06
-31638.0	7848.0	654.942	1837.95
-31638.0	7848.0	653.723	1862.2
-31638.0	7848.0	652.504	1826.97
-31638.0	7848.0	651.285	1816.35
-31638.0	7848.0	650.065	1762.7
-31638.0	7848.0	648.845	1739.8
-31638.0	7848.0	647.625	1821.41
-31638.0	7848.0	646.404	1839.48
-31638.0	7848.0	645.184	1857.55
-31638.0	7848.0	643.963	1848.99
-31638.0	7848.0	642.742	1854.76
-31638.0	7848.0	641.52	1725.44
-31638.0	7848.0	640.298	1851.97
-31638.0	7848.0	639.076	1825.0
-31638.0	7848.0	637.854	1867.59
-31638.0	7848.0	636.632	1844.72
-31638.0	7848.0	635.409	1832.08
-31638.0	7848.0	634.186	1878.74
-31638.0	7848.0	632.963	1831.35
-31638.0	7848.0	631.74	1847.33
-31638.0	7848.0	630.516	1863.3
-31638.0	7848.0	629.292	1834.33
-31638.0	7848.0	628.068	1858.47
-31638.0	7848.0	626.844	1876.48
-31638.0	7848.0	625.619	1833.23
-31638.0	7848.0	624.394	1881.85
-31638.0	7848.0	623.169	1865.14
-31638.0	7848.0	621.944	1923.93
-31638.0	7848.0	620.718	1831.76
-31638.0	7848.0	619.492	1876.25
-31638.0	7848.0	618.266	1849.37
-31638.0	7848.0	617.04	1871.42
-31638.0	7848.0	615.813	1877.16
-31638.0	7848.0	614.587	1895.12
-31638.0	7848.0	613.36	1858.07
-31638.0	7848.0	612.132	1892.32
-31638.0	7848.0	610.905	1885.83
-31638.0	7848.0	609.677	1852.87
-31638.0	7848.0	608.449	1862.68
-31638.0	7848.0	607.22	1903.01
-31638.0	7848.0	605.992	1888.38
-31638.0	7848.0	604.763	1804.58
-31638.0	7848.0	603.534	1804.22
-31638.0	7848.0	602.305	1771.32
-31638.0	7848.0	601.075	1874.66
-31638.0	7848.0	599.845	1807.19
-31638.0	7848.0	598.615	1821.05
-31638.0	7848.0	597.385	1849.13
-31638.0	7848.0	596.154	1838.6
-31638.0	7848.0	594.924	1824.01
-31638.0	7848.0	593.693	1894.72
-31638.0	7848.0	592.461	1841.55
-31638.0	7848.0	591.23	1786.37
-31638.0	7848.0	589.998	1828.62
-31638.0	7848.0	588.766	1787.67
-31638.0	7848.0	587.534	1840.06
-31638.0	7848.0	586.301	1805.2
-31638.0	7848.0	585.068	1855.53
-31638.0	7848.0	583.835	1853.13
-31638.0	7848.0	582.602	1866.94
-31638.0	7848.0	581.368	1872.64
-31638.0	7848.0	580.134	1825.66
-31638.0	7848.0	578.9	1835.42
-31638.0	7848.0	577.666	1875.55
-31638.0	7848.0	576.432	1812.4
-31638.0	7848.0	575.197	1824.18
-31638.0	7848.0	573.962	1785.35
-31638.0	7848.0	572.726	1849.74
-31638.0	7848.0	571.491	1833.18
-31638.0	7848.0	570.255	1865.17
-31638.0	7848.0	569.019	1826.37
-31638.0	7848.0	567.783	1864.42
-31638.0	7848.0	566.546	1876.17
-31638.0	7848.0	565.309	1803.02
-31638.0	7848.0	564.072	1832.96
-31638.0	7848.0	562.835	1897.24
-31638.0	7848.0	561.597	1860.5
-31638.0	7848.0	560.359	1934.84
-31638.0	7848.0	559.121	1867.81
-31638.0	7848.0	557.883	1909.83
-31638.0	7848.0	556.644	1919.53
-31638.0	7848.0	555.406	1949.41
-31638.0	7848.0	554.167	1955.06
-31638.0	7848.0	552.927	1960.72
-31638.0	7848.0	551.688	2043.0
-31638.0	7848.0	550.448	2008.31
-31638.0	7848.0	549.208	2011.93
-31638.0	7848.0	547.967	2078.03
-31638.0	7848.0	546.727	2136.05
-31638.0	7848.0	545.486	2181.95
-31638.0	7848.0	544.245	2113.01
-31638.0	7848.0	543.003	2243.48
-31638.0	7848.0	541.762	2299.4
-31638.0	7848.0	540.52	2387.51
-31638.0	7848.0	539.278	2374.94
-31638.0	7848.0	538.035	2418.72
-31638.0	7848.0	536.793	2577.16
-31638.0	7848.0	535.55	2701.34
-31638.0	7848.0	534.307	2905.91
-31638.0	7848.0	533.063	3011.88
-31638.0	7848.0	531.82	3272.58
-31638.0	7848.0	530.576	3681.91
-31638.0	7848.0	529.331	4247.79
-31638.0	7848.0	528.087	4849.6
-31638.0	7848.0	526.842	5852.88
-31638.0	7848.0	525.597	7440.1
-31638.0	7848.0	524.352	9988.36
-31638.0	7848.0	523.107	14271.9
-31638.0	7848.0	521.861	20506.4
-31638.0	7848.0	520.615	24244.2
-31638.0	7848.0	519.369	21846.0
-31638.0	7848.0	518.122	18094.9
-31638.0	7848.0	516.876	15199.7
-31638.0	7848.0	515.629	12921.1
-31638.0	7848.0	514.381	11142.5
-31638.0	7848.0	513.134	9593.12
-31638.0	7848.0	511.886	8577.33
-31638.0	7848.0	510.638	7782.31
-31638.0	7848.0	509.39	7161.85
-31638.0	7848.0	508.141	6757.91
-31638.0	7848.0	506.892	6356.13
-31638.0	7848.0	505.643	5924.49
-31638.0	7848.0	504.394	5663.12
-31638.0	7848.0	503.145	5543.91
-31638.0	7848.0	501.895	5410.75
-31638.0	7848.0	500.645	5205.65
-31638.0	7848.0	499.394	5150.59
-31638.0	7848.0	498.144	5093.55
-31638.0	7848.0	496.893	4908.62
-31638.0	7848.0	495.642	4829.68
-31638.0	7848.0	494.39	4746.77
-31638.0	7848.0	493.139	4615.96
-31638.0	7848.0	491.887	4495.18
-31638.0	7848.0	490.635	4288.61
-31638.0	7848.0	489.382	4367.56
-31638.0	7848.0	488.13	4230.95
-31638.0	7848.0	486.877	4072.44
-31638.0	7848.0	485.623	4057.64
-31638.0	7848.0	484.37	3977.02
-31638.0	7848.0	483.116	3896.43
-31638.0	7848.0	481.862	3965.4
-31638.0	7848.0	480.608	3811.1
-31638.0	7848.0	479.354	3778.42
-31638.0	7848.0	478.099	3747.75
-31638.0	7848.0	476.844	3770.88
-31638.0	7848.0	475.588	3602.8
-31638.0	7848.0	474.333	3621.96
-31638.0	7848.0	473.077	3589.36
-31638.0	7848.0	471.821	3497.06
-31638.0	7848.0	470.565	3492.35
-31638.0	7848.0	469.308	3406.07
-31638.0	7848.0	468.051	3540.63
-31638.0	7848.0	466.794	3432.5
-31638.0	7848.0	465.537	3477.52
-31638.0	7848.0	464.279	3285.96
-31638.0	7848.0	463.021	3213.73
-31638.0	7848.0	461.763	3173.32
-31638.0	7848.0	460.505	3170.67
-31638.0	7848.0	459.246	3106.45
-31638.0	7848.0	457.987	3066.09
-31638.0	7848.0	456.728	3053.53
-31638.0	7848.0	455.469	3033.05
-31638.0	7848.0	454.209	2960.97
-31638.0	7848.0	452.949	2986.15
-31638.0	7848.0	451.689	2916.1
-31638.0	7848.0	450.428	2899.62
-31638.0	7848.0	449.167	2863.32
-31638.0	7848.0	447.906	2850.83
-31638.0	7848.0	446.645	2921.59
-31638.0	7848.0	445.383	2853.6
-31638.0	7848.0	444.122	2821.31
-31638.0	7848.0	442.86	2792.99
-31638.0	7848.0	441.597	2820.13
-31638.0	7848.0	440.335	2770.04
-31638.0	7848.0	439.072	2741.75
-31638.0	7848.0	437.809	2673.88
-31638.0	7848.0	436.545	2734.67
-31638.0	7848.0	435.281	2785.53
-31638.0	7848.0	434.018	2788.9
-31638.0	7848.0	432.753	2703.29
-31638.0	7848.0	431.489	2675.04
-31638.0	7848.0	430.224	2676.46
-31638.0	7848.0	428.959	2735.19
-31638.0	7848.0	427.694	2714.86
-31638.0	7848.0	426.428	2666.88
-31638.0	7848.0	425.163	2770.99
-31638.0	7848.0	423.896	2683.53
-31638.0	7848.0	422.63	2609.92
-31638.0	7848.0	421.364	2715.96
-31638.0	7848.0	420.097	2622.64
-31638.0	7848.0	418.83	2584.6
-31638.0	7848.0	417.562	2603.79
-31638.0	7848.0	416.295	2638.74
-31638.0	7848.0	415.027	2606.64
-31638.0	7848.0	413.758	2560.75
-31638.0	7848.0	412.49	2589.78
-31638.0	7848.0	411.221	2538.0
-31638.0	7848.0	409.952	2568.99
-31638.0	7848.0	408.683	2562.54
-31638.0	7848.0	407.414	2520.65
-31638.0	7848.0	406.144	2533.9
-31638.0	7848.0	404.874	2531.4
-31638.0	7848.0	403.603	2554.48
-31638.0	7848.0	402.333	2522.46
-31638.0	7848.0	401.062	2449.15
-31638.0	7848.0	399.791	2537.14
-31638.0	7848.0	398.519	2534.64
-31638.0	7848.0	397.248	2514.44
-31638.0	7848.0	395.976	2451.02
-31638.0	7848.0	394.704	2470.15
-31638.0	7848.0	393.431	2505.0
-31638.0	7848.0	392.159	2431.79
-31638.0	7848.0	390.886	2445.03
-31638.0	7848.0	389.612	2495.56
-31638.0	7848.0	388.339	2487.18
-31638.0	7848.0	387.065	2527.88
-31638.0	7848.0	385.791	2562.66
-31638.0	7848.0	384.517	2475.8
-31638.0	7848.0	383.242	2449.78
-31638.0	7848.0	381.967	2480.64
-31638.0	7848.0	380.692	2476.2
-31638.0	7848.0	379.417	2510.96
-31638.0	7848.0	378.141	2512.39
-31638.0	7848.0	376.865	2502.06
-31638.0	7848.0	375.589	2515.24
-31638.0	7848.0	374.312	2450.08
-31638.0	7848.0	373.035	2459.36
-31638.0	7848.0	371.758	2531.27
-31638.0	7848.0	370.481	2462.23
-31638.0	7848.0	369.204	2395.18
-31638.0	7848.0	367.926	2435.76
-31638.0	7848.0	366.648	2423.51
-31638.0	7848.0	365.369	2350.64
-31638.0	7848.0	364.091	2457.67
-31638.0	7848.0	362.812	2437.61
-31638.0	7848.0	361.532	2452.73
-31638.0	7848.0	360.253	2442.44
-31638.0	7848.0	358.973	2535.69
-31638.0	7848.0	357.693	2460.93
-31638.0	7848.0	356.413	2526.81
-31638.0	7848.0	355.132	2524.32
-31638.0	7848.0	353.852	2492.55
-31638.0	7848.0	352.571	2451.04
-31638.0	7848.0	351.289	2487.6
-31638.0	7848.0	350.008	2459.76
-31638.0	7848.0	348.726	2509.94
-31638.0	7848.0	347.444	2556.21
-31638.0	7848.0	346.161	2489.39
-31638.0	7848.0	344.878	2512.25
-31638.0	7848.0	343.595	2538.99
-31638.0	7848.0	342.312	2536.51
-31638.0	7848.0	341.029	2652.83
-31638.0	7848.0	339.745	2574.38
-31638.0	7848.0	338.461	2573.83
-31638.0	7848.0	337.176	2542.14
-31638.0	7848.0	335.892	2520.19
-31638.0	7848.0	334.607	2591.65
-31638.0	7848.0	333.322	2540.52
-31638.0	7848.0	332.036	2481.64
-31638.0	7848.0	330.75	2525.83
-31638.0	7848.0	329.464	2653.6
-31638.0	7848.0	328.178	2653.04
-31638.0	7848.0	326.892	2621.38
-31638.0	7848.0	325.605	2583.91
-31638.0	7848.0	324.318	2645.52
-31638.0	7848.0	323.03	2631.36
-31638.0	7848.0	321.743	2628.86
-31638.0	7848.0	320.455	2643.83
-31638.0	7848.0	319.167	2672.38
-31638.0	7848.0	317.878	2669.87
-31638.0	7848.0	316.59	2638.26
-31638.0	7848.0	315.301	2622.19
-31638.0	7848.0	314.011	2623.57
-31638.0	7848.0	312.722	2644.33
-31638.0	7848.0	311.432	2701.92
-31638.0	7848.0	310.142	2672.28
-31638.0	7848.0	308.851	2745.33
-31638.0	7848.0	307.561	2737.0
-31638.0	7848.0	306.27	2740.29
-31638.0	7848.0	304.979	2743.57
-31638.0	7848.0	303.687	2828.16
-31638.0	7848.0	302.395	2794.66
-31638.0	7848.0	301.103	2881.14
-31638.0	7848.0	299.811	2795.4
-31638.0	7848.0	298.519	2767.73
-31638.0	7848.0	297.226	2767.14
-31638.0	7848.0	295.933	2725.95
-31638.0	7848.0	294.639	2690.58
-31638.0	7848.0	293.345	2724.79
-31638.0	7848.0	292.052	2751.25
-31638.0	7848.0	290.757	2669.54
-31638.0	7848.0	289.463	2527.99
-31638.0	7848.0	288.168	2681.91
-31638.0	7848.0	286.873	2650.45
-31638.0	7848.0	285.578	2676.91
-31638.0	7848.0	284.282	2645.46
-31638.0	7848.0	282.986	2652.61
-31638.0	7848.0	281.69	2555.61
-31638.0	7848.0	280.393	2576.27
-31638.0	7848.0	279.097	2487.04
-31638.0	7848.0	277.8	2580.96
-31638.0	7848.0	276.502	2545.72
-31638.0	7848.0	275.205	2468.1
-31638.0	7848.0	273.907	2463.72
-31638.0	7848.0	272.609	2457.42
-31638.0	7848.0	271.311	2451.12
-31638.0	7848.0	270.012	2446.74
-31638.0	7848.0	268.713	2376.93
-31638.0	7848.0	267.414	2401.44
-31638.0	7848.0	266.114	2400.93
-31638.0	7848.0	264.814	2335.02
-31638.0	7848.0	263.514	2347.98
-31638.0	7848.0	262.214	2357.09
-31638.0	7848.0	260.913	2381.57
-31638.0	7848.0	259.613	2421.42
-31638.0	7848.0	258.311	2313.3
-31638.0	7848.0	257.01	2320.49
-31638.0	7848.0	255.708	2348.8
-31638.0	7848.0	254.406	2258.05
-31638.0	7848.0	253.104	2290.21
-31638.0	7848.0	251.801	2293.55
-31638.0	7848.0	250.499	2294.98
-31638.0	7848.0	249.195	2332.86
-31638.0	7848.0	247.892	2361.13
-31638.0	7848.0	246.588	2314.6
-31638.0	7848.0	245.284	2222.08
-31638.0	7848.0	243.98	2235.02
-31638.0	7848.0	242.676	2180.88
-31638.0	7848.0	241.371	2293.45
-31638.0	7848.0	240.066	2252.74
-31638.0	7848.0	238.76	2229.27
-31638.0	7848.0	237.455	2221.13
-31638.0	7848.0	236.149	2153.65
-31638.0	7848.0	234.843	2206.78
-31638.0	7848.0	233.536	2158.47
-31638.0	7848.0	232.229	2152.27
-31638.0	7848.0	230.922	2167.11
-31638.0	7848.0	229.615	2153.26
-31638.0	7848.0	228.307	2196.77
-31638.0	7848.0	227.0	2190.56
-31638.0	7848.0	225.691	2205.38
-31638.0	7848.0	224.383	2073.07
-31638.0	7848.0	223.074	2057.34
-31638.0	7848.0	221.765	2125.65
-31638.0	7848.0	220.456	2081.28
-31638.0	7848.0	219.146	2057.93
-31638.0	7848.0	217.836	2120.47
-31638.0	7848.0	216.526	2152.45
-31638.0	7848.0	215.216	2064.23
-31638.0	7848.0	213.905	2092.4
-31638.0	7848.0	212.594	2078.6
-31638.0	7848.0	211.283	2078.15
-31638.0	7848.0	209.971	2071.99
-31638.0	7848.0	208.66	2102.03
-31638.0	7848.0	207.348	2093.96
-31638.0	7848.0	206.035	2106.84
-31638.0	7848.0	204.722	2136.86
-31638.0	7848.0	203.409	2147.83
-31638.0	7848.0	202.096	2143.56
-31638.0	7848.0	200.783	2196.39
-31638.0	7848.0	199.469	2157.86
-31638.0	7848.0	198.155	2182.13
-31638.0	7848.0	196.84	2137.91
-31638.0	7848.0	195.526	2154.57
-31638.0	7848.0	194.211	2165.51
-31638.0	7848.0	192.896	2187.85
-31638.0	7848.0	191.58	2461.04
-31638.0	7848.0	190.264	2278.11
-31638.0	7848.0	188.948	2222.53
-31638.0	7848.0	187.632	2239.15
-31638.0	7848.0	186.315	2310.82
-31638.0	7848.0	184.998	2283.74
-31638.0	7848.0	183.681	2283.25
-31638.0	7848.0	182.364	2210.65
-31638.0	7848.0	181.046	2306.93
-31638.0	7848.0	179.728	2325.4
-31638.0	7848.0	178.41	2237.67
-31638.0	7848.0	177.091	2263.73
-31638.0	7848.0	175.772	2284.09
-31638.0	7848.0	174.453	2251.38
-31638.0	7848.0	173.133	2252.79
-31638.0	7848.0	171.814	2259.89
-31638.0	7848.0	170.494	2388.18
-31638.0	7848.0	169.173	2315.72
-31638.0	7848.0	167.853	2273.57
-31638.0	7848.0	166.532	2369.6
-31638.0	7848.0	165.211	2300.97
-31638.0	7848.0	163.889	2408.31
-31638.0	7848.0	162.567	2386.99
-31638.0	7848.0	161.245	2380.8
-31638.0	7848.0	159.923	2374.61
-31638.0	7848.0	158.6	2396.78
-31638.0	7848.0	157.278	2362.25
-31638.0	7848.0	155.954	2369.3
-31638.0	7848.0	154.631	2487.79
-31638.0	7848.0	153.307	2345.61
-31638.0	7848.0	151.983	2394.2
-31638.0	7848.0	150.659	2465.42
-31638.0	7848.0	149.334	2398.83
-31638.0	7848.0	148.009	2400.2
-31638.0	7848.0	146.684	2448.73
-31638.0	7848.0	145.359	2387.85
-31638.0	7848.0	144.033	2351.5
-31638.0	7848.0	142.707	2386.82
-31638.0	7848.0	141.381	2454.16
-31638.0	7848.0	140.054	2423.48
-31638.0	7848.0	138.727	2355.13
-31638.0	7848.0	137.4	2345.2
-31638.0	7848.0	136.072	2412.49
-31638.0	7848.0	134.745	2408.2
-31638.0	7848.0	133.417	2402.04
-31638.0	7848.0	132.088	2450.45
-31638.0	7848.0	130.76	2421.7
-31638.0	7848.0	129.431	2398.6
-31638.0	7848.0	128.102	2446.98
-31638.0	7848.0	126.772	2401.33
-31638.0	7848.0	125.442	2323.73
-31638.0	7848.0	124.112	2409.69
-31638.0	7848.0	122.782	2399.77
-31638.0	7848.0	121.451	2344.77
-31638.0	7848.0	120.12	2316.08
-31638.0	7848.0	118.789	2379.44
-31638.0	7848.0	117.458	2354.51
-31638.0	7848.0	116.126	2297.69
-31638.0	7848.0	114.794	2257.78
-31638.0	7848.0	113.462	2272.3
-31638.0	7848.0	112.129	2331.84
-31638.0	7848.0	110.796	2305.08
-31638.0	7848.0	109.463	2203.33
-31638.0	7848.0	108.129	2249.72
-31638.0	7848.0	106.796	2136.77
-31638.0	7848.0	105.461	2134.44
-31638.0	7848.0	104.127	2154.58
-31638.0	7848.0	102.792	2054.84
-31638.0	7848.0	101.457	2024.43
-31638.0	7848.0	100.122	1956.59
-31638.0	7848.0	98.7867	1920.6
-31638.0	7848.0	97.4509	1965.1
-31638.0	7848.0	96.1148	1934.74
-31638.0	7848.0	94.7784	1898.78
-31638.0	7848.0	93.4418	1862.83
-31638.0	7848.0	92.1048	1795.11
-31638.0	7848.0	90.7676	1852.68
-31638.0	7848.0	89.43	1818.64
-31638.0	7848.0	88.0922	1780.87
-31638.0	7848.0	86.7541	1743.12
-31638.0	7848.0	85.4157	1772.63
