-31648.0	7834.0	1311.89	2200.95
-31648.0	7834.0	1310.78	2171.08
-31648.0	7834.0	1309.68	2266.1
-31648.0	7834.0	1308.58	2195.35
-31648.0	7834.0	1307.48	2183.65
-31648.0	7834.0	1306.38	2265.01
-31648.0	7834.0	1305.28	2187.49
-31648.0	7834.0	1304.18	2250.67
-31648.0	7834.0	1303.07	2227.63
-31648.0	7834.0	1301.97	2172.83
-31648.0	7834.0	1300.87	2129.4
-31648.0	7834.0	1299.77	2185.74
-31648.0	7834.0	1298.66	2196.73
-31648.0	7834.0	1297.56	2259.84
-31648.0	7834.0	1296.46	2277.61
-31648.0	7834.0	1295.35	2209.26
-31648.0	7834.0	1294.25	2276.87
-31648.0	7834.0	1293.15	2330.87
-31648.0	7834.0	1292.04	2194.61
-31648.0	7834.0	1290.94	2259.93
-31648.0	7834.0	1289.83	2293.52
-31648.0	7834.0	1288.73	2202.61
-31648.0	7834.0	1287.63	2308.63
-31648.0	7834.0	1286.52	2224.53
-31648.0	7834.0	1285.42	2237.74
-31648.0	7834.0	1284.31	2228.33
-31648.0	7834.0	1283.21	2175.95
-31648.0	7834.0	1282.1	2229.88
-31648.0	7834.0	1280.99	2211.43
-31648.0	7834.0	1279.89	2213.33
-31648.0	7834.0	1278.78	2199.41
-31648.0	7834.0	1277.68	2115.43
-31648.0	7834.0	1276.57	2243.89
-31648.0	7834.0	1275.46	2250.31
-31648.0	7834.0	1274.36	2290.61
-31648.0	7834.0	1273.25	2317.34
-31648.0	7834.0	1272.14	2255.99
-31648.0	7834.0	1271.04	2246.59
-31648.0	7834.0	1269.93	2207.85
-31648.0	7834.0	1268.82	2184.92
-31648.0	7834.0	1267.71	2171.03
-31648.0	7834.0	1266.61	2195.5
-31648.0	7834.0	1265.5	2219.96
-31648.0	7834.0	1264.39	2215.08
-31648.0	7834.0	1263.28	2153.83
-31648.0	7834.0	1262.17	2198.58
-31648.0	7834.0	1261.06	2263.6
-31648.0	7834.0	1259.95	2195.61
-31648.0	7834.0	1258.84	2159.19
-31648.0	7834.0	1257.74	2156.59
-31648.0	7834.0	1256.63	2178.77
-31648.0	7834.0	1255.52	2128.85
-31648.0	7834.0	1254.41	2144.27
-31648.0	7834.0	1253.3	2243.01
-31648.0	7834.0	1252.19	2247.15
-31648.0	7834.0	1251.08	2222.02
-31648.0	7834.0	1249.96	2217.15
-31648.0	7834.0	1248.85	2165.03
-31648.0	7834.0	1247.74	2202.93
-31648.0	7834.0	1246.63	2186.82
-31648.0	7834.0	1245.52	2215.7
-31648.0	7834.0	1244.41	2147.87
-31648.0	7834.0	1243.3	2149.77
-31648.0	7834.0	1242.18	2169.65
-31648.0	7834.0	1241.07	2247.97
-31648.0	7834.0	1239.96	2229.62
-31648.0	7834.0	1238.85	2222.52
-31648.0	7834.0	1237.74	2152.5
-31648.0	7834.0	1236.62	2194.83
-31648.0	7834.0	1235.51	2234.9
-31648.0	7834.0	1234.4	2187.37
-31648.0	7834.0	1233.28	2209.47
-31648.0	7834.0	1232.17	2121.55
-31648.0	7834.0	1231.06	2148.13
-31648.0	7834.0	1229.94	2188.18
-31648.0	7834.0	1228.83	2165.38
-31648.0	7834.0	1227.71	2156.05
-31648.0	7834.0	1226.6	2104.1
-31648.0	7834.0	1225.48	2110.48
-31648.0	7834.0	1224.37	2103.41
-31648.0	7834.0	1223.25	2141.18
-31648.0	7834.0	1222.14	2158.76
-31648.0	7834.0	1221.02	2239.09
-31648.0	7834.0	1219.91	2175.97
-31648.0	7834.0	1218.79	2191.3
-31648.0	7834.0	1217.68	2146.13
-31648.0	7834.0	1216.56	2103.22
-31648.0	7834.0	1215.44	2196.93
-31648.0	7834.0	1214.33	2102.52
-31648.0	7834.0	1213.21	2055.16
-31648.0	7834.0	1212.09	2097.35
-31648.0	7834.0	1210.98	2103.72
-31648.0	7834.0	1209.86	2114.56
-31648.0	7834.0	1208.74	2179.09
-31648.0	7834.0	1207.62	2216.75
-31648.0	7834.0	1206.51	2189.55
-31648.0	7834.0	1205.39	2142.23
-31648.0	7834.0	1204.27	2119.51
-31648.0	7834.0	1203.15	2213.05
-31648.0	7834.0	1202.03	2192.56
-31648.0	7834.0	1200.91	2198.9
-31648.0	7834.0	1199.8	2035.44
-31648.0	7834.0	1198.68	2012.76
-31648.0	7834.0	1197.56	2086.13
-31648.0	7834.0	1196.44	2150.55
-31648.0	7834.0	1195.32	2152.42
-31648.0	7834.0	1194.2	2118.58
-31648.0	7834.0	1193.08	2127.15
-31648.0	7834.0	1191.96	2164.73
-31648.0	7834.0	1190.84	2193.38
-31648.0	7834.0	1189.72	2175.17
-31648.0	7834.0	1188.6	2105.66
-31648.0	7834.0	1187.48	2185.59
-31648.0	7834.0	1186.35	2216.44
-31648.0	7834.0	1185.23	2164.8
-31648.0	7834.0	1184.11	2046.29
-31648.0	7834.0	1182.99	2094.98
-31648.0	7834.0	1181.87	2092.4
-31648.0	7834.0	1180.75	2109.88
-31648.0	7834.0	1179.62	2142.94
-31648.0	7834.0	1178.5	2184.9
-31648.0	7834.0	1177.38	2175.62
-31648.0	7834.0	1176.26	2237.6
-31648.0	7834.0	1175.13	2192.7
-31648.0	7834.0	1174.01	2145.59
-31648.0	7834.0	1172.89	2122.98
-31648.0	7834.0	1171.76	2118.17
-31648.0	7834.0	1170.64	2075.55
-31648.0	7834.0	1169.51	2126.36
-31648.0	7834.0	1168.39	2152.69
-31648.0	7834.0	1167.27	2103.41
-31648.0	7834.0	1166.14	2071.93
-31648.0	7834.0	1165.02	2122.7
-31648.0	7834.0	1163.89	2124.57
-31648.0	7834.0	1162.77	2161.98
-31648.0	7834.0	1161.64	2079.42
-31648.0	7834.0	1160.52	2105.72
-31648.0	7834.0	1159.39	2185.32
-31648.0	7834.0	1158.26	2127.22
-31648.0	7834.0	1157.14	2058.04
-31648.0	7834.0	1156.01	2221.95
-31648.0	7834.0	1154.88	2141.68
-31648.0	7834.0	1153.76	2125.78
-31648.0	7834.0	1152.63	2167.58
-31648.0	7834.0	1151.5	2158.34
-31648.0	7834.0	1150.38	2111.4
-31648.0	7834.0	1149.25	2086.65
-31648.0	7834.0	1148.12	2099.6
-31648.0	7834.0	1146.99	2210.08
-31648.0	7834.0	1145.87	2189.75
-31648.0	7834.0	1144.74	2162.79
-31648.0	7834.0	1143.61	2062.72
-31648.0	7834.0	1142.48	2086.74
-31648.0	7834.0	1141.35	2146.19
-31648.0	7834.0	1140.22	2159.11
-31648.0	7834.0	1139.09	2103.39
-31648.0	7834.0	1137.97	2204.86
-31648.0	7834.0	1136.84	2158.01
-31648.0	7834.0	1135.71	2108.95
-31648.0	7834.0	1134.58	2137.36
-31648.0	7834.0	1133.45	2117.08
-31648.0	7834.0	1132.32	2081.33
-31648.0	7834.0	1131.19	2085.4
-31648.0	7834.0	1130.05	2113.79
-31648.0	7834.0	1128.92	2124.48
-31648.0	7834.0	1127.79	2068.86
-31648.0	7834.0	1126.66	2196.69
-31648.0	7834.0	1125.53	2149.91
-31648.0	7834.0	1124.4	2087.69
-31648.0	7834.0	1123.27	2047.57
-31648.0	7834.0	1122.13	2139.97
-31648.0	7834.0	1121.0	2135.19
-31648.0	7834.0	1119.87	2000.16
-31648.0	7834.0	1118.74	2050.58
-31648.0	7834.0	1117.6	2173.82
-31648.0	7834.0	1116.47	2109.46
-31648.0	7834.0	1115.34	2122.33
-31648.0	7834.0	1114.2	2097.7
-31648.0	7834.0	1113.07	2134.84
-31648.0	7834.0	1111.94	2092.57
-31648.0	7834.0	1110.8	2164.97
-31648.0	7834.0	1109.67	2202.07
-31648.0	7834.0	1108.54	2051.83
-31648.0	7834.0	1107.4	2062.49
-31648.0	7834.0	1106.27	2048.92
-31648.0	7834.0	1105.13	2079.4
-31648.0	7834.0	1104.0	2072.44
-31648.0	7834.0	1102.86	2072.08
-31648.0	7834.0	1101.72	2131.17
-31648.0	7834.0	1100.59	2064.76
-31648.0	7834.0	1099.45	2165.65
-31648.0	7834.0	1098.32	2123.46
-31648.0	7834.0	1097.18	2054.89
-31648.0	7834.0	1096.04	2138.13
-31648.0	7834.0	1094.91	2126.76
-31648.0	7834.0	1093.77	2214.35
-31648.0	7834.0	1092.63	2183.19
-31648.0	7834.0	1091.5	2189.41
-31648.0	7834.0	1090.36	2215.4
-31648.0	7834.0	1089.22	2105.15
-31648.0	7834.0	1088.08	2093.8
-31648.0	7834.0	1086.95	2104.42
-31648.0	7834.0	1085.81	2104.05
-31648.0	7834.0	1084.67	2200.31
-31648.0	7834.0	1083.53	2136.26
-31648.0	7834.0	1082.39	2102.96
-31648.0	7834.0	1081.25	2085.03
-31648.0	7834.0	1080.11	2093.45
-31648.0	7834.0	1078.97	2121.61
-31648.0	7834.0	1077.83	2044.46
-31648.0	7834.0	1076.69	2112.1
-31648.0	7834.0	1075.55	2127.08
-31648.0	7834.0	1074.41	2100.4
-31648.0	7834.0	1073.27	2128.53
-31648.0	7834.0	1072.13	2189.53
-31648.0	7834.0	1070.99	2182.57
-31648.0	7834.0	1069.85	2116.46
-31648.0	7834.0	1068.71	2166.48
-31648.0	7834.0	1067.57	2106.97
-31648.0	7834.0	1066.43	2189.81
-31648.0	7834.0	1065.28	2117.18
-31648.0	7834.0	1064.14	2121.18
-31648.0	7834.0	1063.0	2081.42
-31648.0	7834.0	1061.86	2172.96
-31648.0	7834.0	1060.71	2181.33
-31648.0	7834.0	1059.57	2174.39
-31648.0	7834.0	1058.43	2167.45
-31648.0	7834.0	1057.29	2147.39
-31648.0	7834.0	1056.14	2138.27
-31648.0	7834.0	1055.0	2155.38
-31648.0	7834.0	1053.85	2148.44
-31648.0	7834.0	1052.71	2187.4
-31648.0	7834.0	1051.57	2200.13
-31648.0	7834.0	1050.42	2180.08
-31648.0	7834.0	1049.28	2131.65
-31648.0	7834.0	1048.13	2140.01
-31648.0	7834.0	1046.99	2141.81
-31648.0	7834.0	1045.84	2237.49
-31648.0	7834.0	1044.7	2204.35
-31648.0	7834.0	1043.55	2230.15
-31648.0	7834.0	1042.4	2159.94
-31648.0	7834.0	1041.26	2257.72
-31648.0	7834.0	1040.11	2248.6
-31648.0	7834.0	1038.97	2291.82
-31648.0	7834.0	1037.82	2276.15
-31648.0	7834.0	1036.67	2345.51
-31648.0	7834.0	1035.53	2308.04
-31648.0	7834.0	1034.38	2279.3
-31648.0	7834.0	1033.23	2283.26
-31648.0	7834.0	1032.08	2428.8
-31648.0	7834.0	1030.94	2400.06
-31648.0	7834.0	1029.79	2386.57
-31648.0	7834.0	1028.64	2414.45
-31648.0	7834.0	1027.49	2329.13
-31648.0	7834.0	1026.34	2363.54
-31648.0	7834.0	1025.19	2450.16
-31648.0	7834.0	1024.04	2399.69
-31648.0	7834.0	1022.89	2453.64
-31648.0	7834.0	1021.74	2470.6
-31648.0	7834.0	1020.59	2515.83
-31648.0	7834.0	1019.45	2513.21
-31648.0	7834.0	1018.29	2573.62
-31648.0	7834.0	1017.14	2538.4
-31648.0	7834.0	1015.99	2522.73
-31648.0	7834.0	1014.84	2563.56
-31648.0	7834.0	1013.69	2617.41
-31648.0	7834.0	1012.54	2649.52
-31648.0	7834.0	1011.39	2636.02
-31648.0	7834.0	1010.24	2663.77
-31648.0	7834.0	1009.09	2624.23
-31648.0	7834.0	1007.93	2647.63
-31648.0	7834.0	1006.78	2755.65
-31648.0	7834.0	1005.63	2798.55
-31648.0	7834.0	1004.48	2897.82
-31648.0	7834.0	1003.32	2821.4
-31648.0	7834.0	1002.17	2879.44
-31648.0	7834.0	1001.02	2924.45
-31648.0	7834.0	999.865	2882.75
-31648.0	7834.0	998.711	2864.89
-31648.0	7834.0	997.558	3037.72
-31648.0	7834.0	996.403	3015.51
-31648.0	7834.0	995.249	3075.62
-31648.0	7834.0	994.095	3129.2
-31648.0	7834.0	992.94	3234.74
-31648.0	7834.0	991.785	3296.93
-31648.0	7834.0	990.63	3305.0
-31648.0	7834.0	989.475	3373.65
-31648.0	7834.0	988.319	3448.77
-31648.0	7834.0	987.164	3502.24
-31648.0	7834.0	986.008	3462.68
-31648.0	7834.0	984.852	3509.63
-31648.0	7834.0	983.695	3543.59
-31648.0	7834.0	982.539	3601.32
-31648.0	7834.0	981.382	3624.44
-31648.0	7834.0	980.225	3632.43
-31648.0	7834.0	979.068	3674.99
-31648.0	7834.0	977.911	3667.84
-31648.0	7834.0	976.753	3770.85
-31648.0	7834.0	975.595	3813.36
-31648.0	7834.0	974.437	3795.4
-31648.0	7834.0	973.279	3852.99
-31648.0	7834.0	972.121	3876.04
-31648.0	7834.0	970.962	3871.02
-31648.0	7834.0	969.803	3861.69
-31648.0	7834.0	968.644	3908.45
-31648.0	7834.0	967.485	3834.42
-31648.0	7834.0	966.326	3941.53
-31648.0	7834.0	965.166	3908.48
-31648.0	7834.0	964.006	3953.04
-31648.0	7834.0	962.846	3818.71
-31648.0	7834.0	961.686	3886.97
-31648.0	7834.0	960.525	3886.26
-31648.0	7834.0	959.365	3967.4
-31648.0	7834.0	958.204	4089.43
-31648.0	7834.0	957.043	4052.09
-31648.0	7834.0	955.881	3922.19
-31648.0	7834.0	954.72	4037.7
-31648.0	7834.0	953.558	4073.55
-31648.0	7834.0	952.396	4068.51
-31648.0	7834.0	951.234	4059.16
-31648.0	7834.0	950.071	3987.45
-31648.0	7834.0	948.909	4012.53
-31648.0	7834.0	947.746	4084.89
-31648.0	7834.0	946.583	4054.06
-31648.0	7834.0	945.42	4175.82
-31648.0	7834.0	944.256	4074.07
-31648.0	7834.0	943.092	4137.77
-31648.0	7834.0	941.929	4115.54
-31648.0	7834.0	940.765	4114.79
-31648.0	7834.0	939.6	4056.06
-31648.0	7834.0	938.436	4102.55
-31648.0	7834.0	937.271	4050.29
-31648.0	7834.0	936.106	4013.06
-31648.0	7834.0	934.941	3892.17
-31648.0	7834.0	933.775	3822.81
-31648.0	7834.0	932.61	3747.05
-31648.0	7834.0	931.444	3709.9
-31648.0	7834.0	930.278	3606.31
-31648.0	7834.0	929.112	3556.34
-31648.0	7834.0	927.945	3512.83
-31648.0	7834.0	926.779	3456.47
-31648.0	7834.0	925.612	3382.99
-31648.0	7834.0	924.445	3380.22
-31648.0	7834.0	923.278	3227.54
-31648.0	7834.0	922.11	3192.69
-31648.0	7834.0	920.942	3095.76
-31648.0	7834.0	919.774	3204.36
-31648.0	7834.0	918.606	3105.32
-31648.0	7834.0	917.438	3173.22
-31648.0	7834.0	916.269	3059.25
-31648.0	7834.0	915.1	2988.11
-31648.0	7834.0	913.931	2931.95
-31648.0	7834.0	912.762	2961.35
-31648.0	7834.0	911.593	2926.6
-31648.0	7834.0	910.423	2900.41
-31648.0	7834.0	909.253	2846.45
-31648.0	7834.0	908.083	2865.15
-31648.0	7834.0	906.913	2815.49
-31648.0	7834.0	905.742	2928.17
-31648.0	7834.0	904.572	2741.85
-31648.0	7834.0	903.401	2818.2
-31648.0	7834.0	902.229	2826.22
-31648.0	7834.0	901.058	2832.1
-31648.0	7834.0	899.886	2816.64
-31648.0	7834.0	898.715	2700.91
-31648.0	7834.0	897.543	2747.34
-31648.0	7834.0	896.37	2725.5
-31648.0	7834.0	895.198	2705.81
-31648.0	7834.0	894.025	2807.63
-31648.0	7834.0	892.852	2785.8
-31648.0	7834.0	891.679	2859.87
-31648.0	7834.0	890.506	2784.76
-31648.0	7834.0	889.332	2760.81
-31648.0	7834.0	888.158	2758.17
-31648.0	7834.0	886.984	2689.51
-31648.0	7834.0	885.81	2669.85
-31648.0	7834.0	884.636	2797.08
-31648.0	7834.0	883.461	2736.96
-31648.0	7834.0	882.286	2717.3
-31648.0	7834.0	881.111	2614.68
-31648.0	7834.0	879.936	2652.48
-31648.0	7834.0	878.76	2728.54
-31648.0	7834.0	877.584	2670.63
-31648.0	7834.0	876.408	2702.02
-31648.0	7834.0	875.232	2622.87
-31648.0	7834.0	874.056	2679.76
-31648.0	7834.0	872.879	2649.51
-31648.0	7834.0	871.702	2674.51
-31648.0	7834.0	870.525	2674.01
-31648.0	7834.0	869.348	2575.82
-31648.0	7834.0	868.17	2577.47
-31648.0	7834.0	866.993	2602.46
-31648.0	7834.0	865.815	2610.46
-31648.0	7834.0	864.637	2563.29
-31648.0	7834.0	863.458	2581.9
-31648.0	7834.0	862.28	2568.69
-31648.0	7834.0	861.101	2561.85
-31648.0	7834.0	859.922	2624.98
-31648.0	7834.0	858.742	2571.48
-31648.0	7834.0	857.563	2581.6
-31648.0	7834.0	856.383	2545.09
-31648.0	7834.0	855.203	2584.87
-31648.0	7834.0	854.023	2580.14
-31648.0	7834.0	852.843	2505.53
-31648.0	7834.0	851.662	2562.23
-31648.0	7834.0	850.481	2515.17
-31648.0	7834.0	849.3	2527.4
-31648.0	7834.0	848.119	2552.32
-31648.0	7834.0	846.937	2579.35
-31648.0	7834.0	845.756	2587.32
-31648.0	7834.0	844.574	2557.22
-31648.0	7834.0	843.392	2565.2
-31648.0	7834.0	842.209	2564.72
-31648.0	7834.0	841.027	2498.7
-31648.0	7834.0	839.844	2508.8
-31648.0	7834.0	838.661	2552.7
-31648.0	7834.0	837.477	2562.78
-31648.0	7834.0	836.294	2524.27
-31648.0	7834.0	835.11	2525.91
-31648.0	7834.0	833.926	2546.55
-31648.0	7834.0	832.742	2558.73
-31648.0	7834.0	831.558	2547.69
-31648.0	7834.0	830.373	2547.21
-31648.0	7834.0	829.188	2474.99
-31648.0	7834.0	828.003	2453.42
-31648.0	7834.0	826.818	2526.78
-31648.0	7834.0	825.632	2473.58
-31648.0	7834.0	824.446	2500.52
-31648.0	7834.0	823.26	2485.29
-31648.0	7834.0	822.074	2467.96
-31648.0	7834.0	820.888	2600.24
-31648.0	7834.0	819.701	2517.58
-31648.0	7834.0	818.514	2510.79
-31648.0	7834.0	817.327	2472.4
-31648.0	7834.0	816.14	2539.31
-31648.0	7834.0	814.952	2521.98
-31648.0	7834.0	813.765	2517.29
-31648.0	7834.0	812.577	2417.91
-31648.0	7834.0	811.388	2493.19
-31648.0	7834.0	810.2	2448.54
-31648.0	7834.0	809.011	2565.85
-31648.0	7834.0	807.822	2502.28
-31648.0	7834.0	806.633	2428.22
-31648.0	7834.0	805.444	2452.98
-31648.0	7834.0	804.254	2360.04
-31648.0	7834.0	803.064	2485.66
-31648.0	7834.0	801.874	2428.47
-31648.0	7834.0	800.684	2440.6
-31648.0	7834.0	799.493	2538.84
-31648.0	7834.0	798.303	2498.46
-31648.0	7834.0	797.112	2493.78
-31648.0	7834.0	795.921	2560.46
-31648.0	7834.0	794.729	2543.19
-31648.0	7834.0	793.538	2387.45
-31648.0	7834.0	792.346	2496.07
-31648.0	7834.0	791.154	2436.87
-31648.0	7834.0	789.961	2436.4
-31648.0	7834.0	788.769	2417.07
-31648.0	7834.0	787.576	2458.52
-31648.0	7834.0	786.383	2460.15
-31648.0	7834.0	785.19	2415.68
-31648.0	7834.0	783.996	2488.53
-31648.0	7834.0	782.802	2372.86
-31648.0	7834.0	781.608	2424.75
-31648.0	7834.0	780.414	2332.17
-31648.0	7834.0	779.22	2312.88
-31648.0	7834.0	778.025	2350.11
-31648.0	7834.0	776.83	2355.93
-31648.0	7834.0	775.635	2397.32
-31648.0	7834.0	774.44	2346.66
-31648.0	7834.0	773.244	2421.49
-31648.0	7834.0	772.049	2360.39
-31648.0	7834.0	770.853	2439.36
-31648.0	7834.0	769.656	2372.02
-31648.0	7834.0	768.46	2402.9
-31648.0	7834.0	767.263	2421.24
-31648.0	7834.0	766.066	2393.62
-31648.0	7834.0	764.869	2345.13
-31648.0	7834.0	763.672	2325.88
-31648.0	7834.0	762.474	2411.02
-31648.0	7834.0	761.276	2322.9
-31648.0	7834.0	760.078	2307.84
-31648.0	7834.0	758.88	2382.5
-31648.0	7834.0	757.681	2377.86
-31648.0	7834.0	756.483	2339.87
-31648.0	7834.0	755.284	2404.05
-31648.0	7834.0	754.084	2370.23
-31648.0	7834.0	752.885	2353.1
-31648.0	7834.0	751.685	2390.15
-31648.0	7834.0	750.485	2260.51
-31648.0	7834.0	749.285	2337.14
-31648.0	7834.0	748.085	2353.35
-31648.0	7834.0	746.884	2359.14
-31648.0	7834.0	745.683	2260.84
-31648.0	7834.0	744.482	2322.84
-31648.0	7834.0	743.281	2297.42
-31648.0	7834.0	742.079	2351.06
-31648.0	7834.0	740.877	2344.37
-31648.0	7834.0	739.675	2312.71
-31648.0	7834.0	738.473	2287.31
-31648.0	7834.0	737.27	2224.5
-31648.0	7834.0	736.068	2203.28
-31648.0	7834.0	734.865	2300.52
-31648.0	7834.0	733.661	2327.08
-31648.0	7834.0	732.458	2328.71
-31648.0	7834.0	731.254	2245.17
-31648.0	7834.0	730.05	2323.64
-31648.0	7834.0	728.846	2296.2
-31648.0	7834.0	727.642	2277.07
-31648.0	7834.0	726.437	2305.68
-31648.0	7834.0	725.232	2384.08
-31648.0	7834.0	724.027	2236.32
-31648.0	7834.0	722.822	2217.22
-31648.0	7834.0	721.616	2268.62
-31648.0	7834.0	720.41	2261.96
-31648.0	7834.0	719.204	2251.15
-31648.0	7834.0	717.998	2294.23
-31648.0	7834.0	716.791	2339.37
-31648.0	7834.0	715.585	2311.98
-31648.0	7834.0	714.378	2464.8
-31648.0	7834.0	713.17	2354.56
-31648.0	7834.0	711.963	2298.2
-31648.0	7834.0	710.755	2306.03
-31648.0	7834.0	709.547	2301.43
-31648.0	7834.0	708.339	2342.37
-31648.0	7834.0	707.131	2290.18
-31648.0	7834.0	705.922	2333.17
-31648.0	7834.0	704.713	2378.21
-31648.0	7834.0	703.504	2404.62
-31648.0	7834.0	702.295	2333.86
-31648.0	7834.0	701.085	2368.54
-31648.0	7834.0	699.875	2295.75
-31648.0	7834.0	698.665	2369.67
-31648.0	7834.0	697.455	2360.94
-31648.0	7834.0	696.244	2426.56
-31648.0	7834.0	695.034	2318.72
-31648.0	7834.0	693.822	2382.25
-31648.0	7834.0	692.611	2350.82
-31648.0	7834.0	691.4	2408.14
-31648.0	7834.0	690.188	2455.12
-31648.0	7834.0	688.976	2341.18
-31648.0	7834.0	687.764	2454.15
-31648.0	7834.0	686.551	2439.23
-31648.0	7834.0	685.339	2508.84
-31648.0	7834.0	684.126	2458.87
-31648.0	7834.0	682.912	2413.05
-31648.0	7834.0	681.699	2474.38
-31648.0	7834.0	680.485	2434.76
-31648.0	7834.0	679.271	2442.51
-31648.0	7834.0	678.057	2573.81
-31648.0	7834.0	676.843	2575.36
-31648.0	7834.0	675.628	2562.5
-31648.0	7834.0	674.413	2582.57
-31648.0	7834.0	673.198	2590.28
-31648.0	7834.0	671.983	2565.09
-31648.0	7834.0	670.767	2546.07
-31648.0	7834.0	669.551	2535.28
-31648.0	7834.0	668.335	2495.72
-31648.0	7834.0	667.119	2602.1
-31648.0	7834.0	665.902	2638.57
-31648.0	7834.0	664.686	2599.01
-31648.0	7834.0	663.469	2575.9
-31648.0	7834.0	662.251	2622.62
-31648.0	7834.0	661.034	2646.74
-31648.0	7834.0	659.816	2586.68
-31648.0	7834.0	658.598	2577.95
-31648.0	7834.0	657.38	2517.93
-31648.0	7834.0	656.161	2548.2
-31648.0	7834.0	654.942	2594.88
-31648.0	7834.0	653.723	2659.99
-31648.0	7834.0	652.504	2589.74
-31648.0	7834.0	651.285	2576.92
-31648.0	7834.0	650.065	2578.46
-31648.0	7834.0	648.845	2522.61
-31648.0	7834.0	647.625	2542.6
-31648.0	7834.0	646.404	2689.58
-31648.0	7834.0	645.184	2654.22
-31648.0	7834.0	643.963	2700.79
-31648.0	7834.0	642.742	2628.6
-31648.0	7834.0	641.52	2626.02
-31648.0	7834.0	640.298	2643.92
-31648.0	7834.0	639.076	2622.93
-31648.0	7834.0	637.854	2673.54
-31648.0	7834.0	636.632	2713.91
-31648.0	7834.0	635.409	2682.69
-31648.0	7834.0	634.186	2733.26
-31648.0	7834.0	632.963	2695.93
-31648.0	7834.0	631.74	2687.21
-31648.0	7834.0	630.516	2717.32
-31648.0	7834.0	629.292	2708.6
-31648.0	7834.0	628.068	2765.24
-31648.0	7834.0	626.844	2727.93
-31648.0	7834.0	625.619	2721.26
-31648.0	7834.0	624.394	2681.94
-31648.0	7834.0	623.169	2722.21
-31648.0	7834.0	621.944	2788.99
-31648.0	7834.0	620.718	2776.19
-31648.0	7834.0	619.492	2783.79
-31648.0	7834.0	618.266	2805.66
-31648.0	7834.0	617.04	2713.36
-31648.0	7834.0	615.813	2798.42
-31648.0	7834.0	614.587	2763.21
-31648.0	7834.0	613.36	2717.83
-31648.0	7834.0	612.132	2690.8
-31648.0	7834.0	610.905	2706.55
-31648.0	7834.0	609.677	2783.38
-31648.0	7834.0	608.449	2731.93
-31648.0	7834.0	607.22	2698.81
-31648.0	7834.0	605.992	2690.13
-31648.0	7834.0	604.763	2675.34
-31648.0	7834.0	603.534	2617.85
-31648.0	7834.0	602.305	2655.96
-31648.0	7834.0	601.075	2647.29
-31648.0	7834.0	599.845	2715.87
-31648.0	7834.0	598.615	2690.93
-31648.0	7834.0	597.385	2661.94
-31648.0	7834.0	596.154	2700.0
-31648.0	7834.0	594.924	2705.55
-31648.0	7834.0	593.693	2676.57
-31648.0	7834.0	592.461	2598.88
-31648.0	7834.0	591.23	2653.16
-31648.0	7834.0	589.998	2640.44
-31648.0	7834.0	588.766	2591.21
-31648.0	7834.0	587.534	2610.97
-31648.0	7834.0	586.301	2569.88
-31648.0	7834.0	585.068	2686.97
-31648.0	7834.0	583.835	2621.55
-31648.0	7834.0	582.602	2653.45
-31648.0	7834.0	581.368	2632.64
-31648.0	7834.0	580.134	2654.4
-31648.0	7834.0	578.9	2700.45
-31648.0	7834.0	577.666	2695.85
-31648.0	7834.0	576.432	2624.43
-31648.0	7834.0	575.197	2623.9
-31648.0	7834.0	573.962	2629.44
-31648.0	7834.0	572.726	2667.35
-31648.0	7834.0	571.491	2664.79
-31648.0	7834.0	570.255	2631.88
-31648.0	7834.0	569.019	2665.73
-31648.0	7834.0	567.783	2723.83
-31648.0	7834.0	566.546	2735.4
-31648.0	7834.0	565.309	2702.5
-31648.0	7834.0	564.072	2724.18
-31648.0	7834.0	562.835	2707.46
-31648.0	7834.0	561.597	2725.09
-31648.0	7834.0	560.359	2732.61
-31648.0	7834.0	559.121	2915.81
-31648.0	7834.0	557.883	2769.86
-31648.0	7834.0	556.644	2850.03
-31648.0	7834.0	555.406	2877.7
-31648.0	7834.0	554.167	2977.99
-31648.0	7834.0	552.927	3001.59
-31648.0	7834.0	551.688	2958.63
-31648.0	7834.0	550.448	3119.33
-31648.0	7834.0	549.208	3144.9
-31648.0	7834.0	547.967	3216.82
-31648.0	7834.0	546.727	3278.63
-31648.0	7834.0	545.486	3360.56
-31648.0	7834.0	544.245	3571.38
-31648.0	7834.0	543.003	3616.96
-31648.0	7834.0	541.762	3743.07
-31648.0	7834.0	540.52	3849.0
-31648.0	7834.0	539.278	3956.89
-31648.0	7834.0	538.035	4098.95
-31648.0	7834.0	536.793	4369.71
-31648.0	7834.0	535.55	4604.15
-31648.0	7834.0	534.307	4814.36
-31648.0	7834.0	533.063	5263.75
-31648.0	7834.0	531.82	5723.0
-31648.0	7834.0	530.576	6399.12
-31648.0	7834.0	529.331	7066.93
-31648.0	7834.0	528.087	8188.48
-31648.0	7834.0	526.842	9721.32
-31648.0	7834.0	525.597	12647.2
-31648.0	7834.0	524.352	16876.8
-31648.0	7834.0	523.107	24709.8
-31648.0	7834.0	521.861	36591.5
-31648.0	7834.0	520.615	44890.8
-31648.0	7834.0	519.369	44189.5
-31648.0	7834.0	518.122	39806.1
-31648.0	7834.0	516.876	33852.4
-31648.0	7834.0	515.629	28462.4
-31648.0	7834.0	514.381	24000.8
-31648.0	7834.0	513.134	20308.5
-31648.0	7834.0	511.886	18000.2
-31648.0	7834.0	510.638	16113.5
-31648.0	7834.0	509.39	14660.2
-31648.0	7834.0	508.141	13623.9
-31648.0	7834.0	506.892	12806.3
-31648.0	7834.0	505.643	12277.3
-31648.0	7834.0	504.394	11750.5
-31648.0	7834.0	503.145	11415.9
-31648.0	7834.0	501.895	11331.6
-31648.0	7834.0	500.645	11199.2
-31648.0	7834.0	499.394	11144.9
-31648.0	7834.0	498.144	10976.7
-31648.0	7834.0	496.893	10890.5
-31648.0	7834.0	495.642	10792.3
-31648.0	7834.0	494.39	10678.2
-31648.0	7834.0	493.139	10598.1
-31648.0	7834.0	491.887	10268.4
-31648.0	7834.0	490.635	10112.6
-31648.0	7834.0	489.382	10070.5
-31648.0	7834.0	488.13	9866.9
-31648.0	7834.0	486.877	9637.39
-31648.0	7834.0	485.623	9673.29
-31648.0	7834.0	484.37	9469.84
-31648.0	7834.0	483.116	9463.89
-31648.0	7834.0	481.862	9282.5
-31648.0	7834.0	480.608	9202.84
-31648.0	7834.0	479.354	9260.72
-31648.0	7834.0	478.099	9141.24
-31648.0	7834.0	476.844	9041.74
-31648.0	7834.0	475.588	9023.93
-31648.0	7834.0	474.333	8954.35
-31648.0	7834.0	473.077	8880.82
-31648.0	7834.0	471.821	8741.65
-31648.0	7834.0	470.565	8431.39
-31648.0	7834.0	469.308	8437.59
-31648.0	7834.0	468.051	8477.61
-31648.0	7834.0	466.794	8372.44
-31648.0	7834.0	465.537	8267.3
-31648.0	7834.0	464.279	8138.36
-31648.0	7834.0	463.021	8053.19
-31648.0	7834.0	461.763	7888.58
-31648.0	7834.0	460.505	7739.93
-31648.0	7834.0	459.246	7662.84
-31648.0	7834.0	457.987	7597.7
-31648.0	7834.0	456.728	7407.5
-31648.0	7834.0	455.469	7179.67
-31648.0	7834.0	454.209	7130.54
-31648.0	7834.0	452.949	7097.31
-31648.0	7834.0	451.689	6903.41
-31648.0	7834.0	450.428	6820.65
-31648.0	7834.0	449.167	6839.06
-31648.0	7834.0	447.906	6768.25
-31648.0	7834.0	446.645	6598.36
-31648.0	7834.0	445.383	6462.23
-31648.0	7834.0	444.122	6393.51
-31648.0	7834.0	442.86	6281.25
-31648.0	7834.0	441.597	6311.63
-31648.0	7834.0	440.335	6221.21
-31648.0	7834.0	439.072	6116.97
-31648.0	7834.0	437.809	5931.62
-31648.0	7834.0	436.545	5898.72
-31648.0	7834.0	435.281	5778.79
-31648.0	7834.0	434.018	5771.65
-31648.0	7834.0	432.753	5752.64
-31648.0	7834.0	431.489	5753.41
-31648.0	7834.0	430.224	5698.84
-31648.0	7834.0	428.959	5600.81
-31648.0	7834.0	427.694	5544.31
-31648.0	7834.0	426.428	5396.97
-31648.0	7834.0	425.163	5419.54
-31648.0	7834.0	423.896	5274.25
-31648.0	7834.0	422.63	5269.2
-31648.0	7834.0	421.364	5313.49
-31648.0	7834.0	420.097	5190.03
-31648.0	7834.0	418.83	5046.88
-31648.0	7834.0	417.562	5032.02
-31648.0	7834.0	416.295	5032.93
-31648.0	7834.0	415.027	4951.04
-31648.0	7834.0	413.758	4934.23
-31648.0	7834.0	412.49	4978.52
-31648.0	7834.0	411.221	4938.07
-31648.0	7834.0	409.952	4986.28
-31648.0	7834.0	408.683	4918.27
-31648.0	7834.0	407.414	4743.94
-31648.0	7834.0	406.144	4843.35
-31648.0	7834.0	404.874	4736.04
-31648.0	7834.0	403.603	4857.06
-31648.0	7834.0	402.333	4728.15
-31648.0	7834.0	401.062	4794.04
-31648.0	7834.0	399.791	4918.9
-31648.0	7834.0	398.519	4904.1
-31648.0	7834.0	397.248	4887.34
-31648.0	7834.0	395.976	4898.11
-31648.0	7834.0	394.704	4873.49
-31648.0	7834.0	393.431	4835.14
-31648.0	7834.0	392.159	4767.33
-31648.0	7834.0	390.886	4844.88
-31648.0	7834.0	389.612	4790.85
-31648.0	7834.0	388.339	4827.14
-31648.0	7834.0	387.065	4861.45
-31648.0	7834.0	385.791	4687.75
-31648.0	7834.0	384.517	4674.99
-31648.0	7834.0	383.242	4766.19
-31648.0	7834.0	381.967	4831.86
-31648.0	7834.0	380.692	4697.52
-31648.0	7834.0	379.417	4712.21
-31648.0	7834.0	378.141	4750.41
-31648.0	7834.0	376.865	4790.55
-31648.0	7834.0	375.589	4720.98
-31648.0	7834.0	374.312	4602.47
-31648.0	7834.0	373.035	4630.87
-31648.0	7834.0	371.758	4604.44
-31648.0	7834.0	370.481	4652.4
-31648.0	7834.0	369.204	4639.68
-31648.0	7834.0	367.926	4670.0
-31648.0	7834.0	366.648	4604.46
-31648.0	7834.0	365.369	4501.8
-31648.0	7834.0	364.091	4573.19
-31648.0	7834.0	362.812	4505.76
-31648.0	7834.0	361.532	4604.48
-31648.0	7834.0	360.253	4548.79
-31648.0	7834.0	358.973	4534.16
-31648.0	7834.0	357.693	4525.39
-31648.0	7834.0	356.413	4495.14
-31648.0	7834.0	355.132	4478.57
-31648.0	7834.0	353.852	4538.13
-31648.0	7834.0	352.571	4472.77
-31648.0	7834.0	351.289	4647.41
-31648.0	7834.0	350.008	4519.64
-31648.0	7834.0	348.726	4497.23
-31648.0	7834.0	347.444	4597.66
-31648.0	7834.0	346.161	4737.05
-31648.0	7834.0	344.878	4603.51
-31648.0	7834.0	343.595	4588.89
-31648.0	7834.0	342.312	4689.23
-31648.0	7834.0	341.029	4660.96
-31648.0	7834.0	339.745	4681.39
-31648.0	7834.0	338.461	4729.07
-31648.0	7834.0	337.176	4852.65
-31648.0	7834.0	335.892	4880.81
-31648.0	7834.0	334.607	4864.21
-31648.0	7834.0	333.322	4808.71
-31648.0	7834.0	332.036	4885.48
-31648.0	7834.0	330.75	4830.0
-31648.0	7834.0	329.464	4834.8
-31648.0	7834.0	328.178	4833.77
-31648.0	7834.0	326.892	4776.39
-31648.0	7834.0	325.605	4814.24
-31648.0	7834.0	324.318	4935.58
-31648.0	7834.0	323.03	4930.65
-31648.0	7834.0	321.743	4993.67
-31648.0	7834.0	320.455	5017.84
-31648.0	7834.0	319.167	4977.96
-31648.0	7834.0	317.878	5009.89
-31648.0	7834.0	316.59	5037.92
-31648.0	7834.0	315.301	5096.97
-31648.0	7834.0	314.011	5190.9
-31648.0	7834.0	312.722	5168.47
-31648.0	7834.0	311.432	5194.51
-31648.0	7834.0	310.142	5179.83
-31648.0	7834.0	308.851	5262.04
-31648.0	7834.0	307.561	5255.11
-31648.0	7834.0	306.27	5335.33
-31648.0	7834.0	304.979	5363.23
-31648.0	7834.0	303.687	5571.15
-31648.0	7834.0	302.395	5428.68
-31648.0	7834.0	301.103	5375.28
-31648.0	7834.0	299.811	5337.38
-31648.0	7834.0	298.519	5303.36
-31648.0	7834.0	297.226	5350.57
-31648.0	7834.0	295.933	5254.7
-31648.0	7834.0	294.639	5211.06
-31648.0	7834.0	293.345	5190.62
-31648.0	7834.0	292.052	5071.66
-31648.0	7834.0	290.757	5076.37
-31648.0	7834.0	289.463	5046.32
-31648.0	7834.0	288.168	5083.86
-31648.0	7834.0	286.873	4851.12
-31648.0	7834.0	285.578	4969.74
-31648.0	7834.0	284.282	4895.36
-31648.0	7834.0	282.986	4911.68
-31648.0	7834.0	281.69	4850.84
-31648.0	7834.0	280.393	4757.24
-31648.0	7834.0	279.097	4729.23
-31648.0	7834.0	277.8	4653.05
-31648.0	7834.0	276.502	4721.43
-31648.0	7834.0	275.205	4697.3
-31648.0	7834.0	273.907	4582.64
-31648.0	7834.0	272.609	4506.55
-31648.0	7834.0	271.311	4522.92
-31648.0	7834.0	270.012	4514.25
-31648.0	7834.0	268.713	4428.6
-31648.0	7834.0	267.414	4483.46
-31648.0	7834.0	266.114	4378.61
-31648.0	7834.0	264.814	4427.68
-31648.0	7834.0	263.514	4269.05
-31648.0	7834.0	262.214	4139.32
-31648.0	7834.0	260.913	4261.45
-31648.0	7834.0	259.613	4250.93
-31648.0	7834.0	258.311	4213.52
-31648.0	7834.0	257.01	4112.73
-31648.0	7834.0	255.708	4104.16
-31648.0	7834.0	254.406	4082.16
-31648.0	7834.0	253.104	4029.46
-31648.0	7834.0	251.801	3951.82
-31648.0	7834.0	250.499	3985.51
-31648.0	7834.0	249.195	3911.76
-31648.0	7834.0	247.892	3914.76
-31648.0	7834.0	246.588	3979.12
-31648.0	7834.0	245.284	3863.23
-31648.0	7834.0	243.98	3776.14
-31648.0	7834.0	242.676	3828.99
-31648.0	7834.0	241.371	3795.6
-31648.0	7834.0	240.066	3790.96
-31648.0	7834.0	238.76	3795.89
-31648.0	7834.0	237.455	3774.01
-31648.0	7834.0	236.149	3643.02
-31648.0	7834.0	234.843	3663.3
-31648.0	7834.0	233.536	3563.01
-31648.0	7834.0	232.229	3634.94
-31648.0	7834.0	230.922	3567.22
-31648.0	7834.0	229.615	3564.54
-31648.0	7834.0	228.307	3603.92
-31648.0	7834.0	227.0	3467.43
-31648.0	7834.0	225.691	3457.13
-31648.0	7834.0	224.383	3328.38
-31648.0	7834.0	223.074	3358.22
-31648.0	7834.0	221.765	3332.68
-31648.0	7834.0	220.456	3356.78
-31648.0	7834.0	219.146	3275.88
-31648.0	7834.0	217.836	3317.17
-31648.0	7834.0	216.526	3345.08
-31648.0	7834.0	215.216	3336.73
-31648.0	7834.0	213.905	3278.79
-31648.0	7834.0	212.594	3314.32
-31648.0	7834.0	211.283	3290.73
-31648.0	7834.0	209.971	3232.83
-31648.0	7834.0	208.66	3350.29
-31648.0	7834.0	207.348	3317.18
-31648.0	7834.0	206.035	3396.48
-31648.0	7834.0	204.722	3590.01
-31648.0	7834.0	203.409	3652.07
-31648.0	7834.0	202.096	3742.66
-31648.0	7834.0	200.783	3901.73
-31648.0	7834.0	199.469	3906.6
-31648.0	7834.0	198.155	4080.79
-31648.0	7834.0	196.84	4072.3
-31648.0	7834.0	195.526	4231.16
-31648.0	7834.0	194.211	4275.88
-31648.0	7834.0	192.896	4293.97
-31648.0	7834.0	191.58	4540.1
-31648.0	7834.0	190.264	4546.72
-31648.0	7834.0	188.948	4492.55
-31648.0	7834.0	187.632	4485.89
-31648.0	7834.0	186.315	4589.36
-31648.0	7834.0	184.998	4578.88
-31648.0	7834.0	183.681	4676.59
-31648.0	7834.0	182.364	4550.34
-31648.0	7834.0	181.046	4640.42
-31648.0	7834.0	179.728	4777.88
-31648.0	7834.0	178.41	4606.19
-31648.0	7834.0	177.091	4766.35
-31648.0	7834.0	175.772	4746.36
-31648.0	7834.0	174.453	4766.19
-31648.0	7834.0	173.133	4774.63
-31648.0	7834.0	171.814	4856.95
-31648.0	7834.0	170.494	4916.51
-31648.0	7834.0	169.173	4938.17
-31648.0	7834.0	167.853	4827.31
-31648.0	7834.0	166.532	4826.27
-31648.0	7834.0	165.211	4846.05
-31648.0	7834.0	163.889	4930.13
-31648.0	7834.0	162.567	4957.44
-31648.0	7834.0	161.245	4967.72
-31648.0	7834.0	159.923	4957.19
-31648.0	7834.0	158.6	5148.93
-31648.0	7834.0	157.278	5076.0
-31648.0	7834.0	155.954	5137.26
-31648.0	7834.0	154.631	5160.71
-31648.0	7834.0	153.307	5231.36
-31648.0	7834.0	151.983	5183.03
-31648.0	7834.0	150.659	5187.57
-31648.0	7834.0	149.334	5224.2
-31648.0	7834.0	148.009	5198.54
-31648.0	7834.0	146.684	5218.17
-31648.0	7834.0	145.359	5283.06
-31648.0	7834.0	144.033	5161.24
-31648.0	7834.0	142.707	5288.32
-31648.0	7834.0	141.381	5283.41
-31648.0	7834.0	140.054	5131.51
-31648.0	7834.0	138.727	5279.25
-31648.0	7834.0	137.4	5249.85
-31648.0	7834.0	136.072	5175.27
-31648.0	7834.0	134.745	5191.1
-31648.0	7834.0	133.417	5116.57
-31648.0	7834.0	132.088	5211.45
-31648.0	7834.0	130.76	5121.88
-31648.0	7834.0	129.431	5092.56
-31648.0	7834.0	128.102	5151.65
-31648.0	7834.0	126.772	5039.59
-31648.0	7834.0	125.442	5062.94
-31648.0	7834.0	124.112	5131.39
-31648.0	7834.0	122.782	4963.03
-31648.0	7834.0	121.451	4945.05
-31648.0	7834.0	120.12	4857.58
-31648.0	7834.0	118.789	4897.85
-31648.0	7834.0	117.458	4784.13
-31648.0	7834.0	116.126	4698.62
-31648.0	7834.0	114.794	4513.68
-31648.0	7834.0	113.462	4548.36
-31648.0	7834.0	112.129	4489.22
-31648.0	7834.0	110.796	4210.67
-31648.0	7834.0	109.463	4196.63
-31648.0	7834.0	108.129	4111.36
-31648.0	7834.0	106.796	3861.18
-31648.0	7834.0	105.461	3804.13
-31648.0	7834.0	104.127	3593.47
-31648.0	7834.0	102.792	3472.81
-31648.0	7834.0	101.457	3179.92
-31648.0	7834.0	100.122	2988.25
-31648.0	7834.0	98.7867	2787.31
-31648.0	7834.0	97.4509	2696.87
-31648.0	7834.0	96.1148	2447.43
-31648.0	7834.0	94.7784	2291.63
-31648.0	7834.0	93.4418	2193.88
-31648.0	7834.0	92.1048	2157.88
-31648.0	7834.0	90.7676	2037.76
-31648.0	7834.0	89.43	1981.25
-31648.0	7834.0	88.0922	1971.48
-31648.0	7834.0	86.7541	1877.64
-31648.0	7834.0	85.4157	1823.06
