-31648.0	7804.0	1311.89	2223.66
-31648.0	7804.0	1310.78	2271.0
-31648.0	7804.0	1309.68	2173.0
-31648.0	7804.0	1308.58	2236.22
-31648.0	7804.0	1307.48	2238.13
-31648.0	7804.0	1306.38	2212.81
-31648.0	7804.0	1305.28	2244.22
-31648.0	7804.0	1304.18	2223.44
-31648.0	7804.0	1303.07	2209.48
-31648.0	7804.0	1301.97	2225.0
-31648.0	7804.0	1300.87	2204.23
-31648.0	7804.0	1299.77	2156.27
-31648.0	7804.0	1298.66	2221.66
-31648.0	7804.0	1297.56	2300.64
-31648.0	7804.0	1296.46	2205.09
-31648.0	7804.0	1295.35	2245.52
-31648.0	7804.0	1294.25	2261.02
-31648.0	7804.0	1293.15	2262.92
-31648.0	7804.0	1292.04	2262.55
-31648.0	7804.0	1290.94	2203.31
-31648.0	7804.0	1289.83	2230.13
-31648.0	7804.0	1288.73	2100.74
-31648.0	7804.0	1287.63	2256.57
-31648.0	7804.0	1286.52	2199.63
-31648.0	7804.0	1285.42	2151.76
-31648.0	7804.0	1284.31	2207.97
-31648.0	7804.0	1283.21	2214.4
-31648.0	7804.0	1282.1	2268.32
-31648.0	7804.0	1280.99	2267.96
-31648.0	7804.0	1279.89	2163.59
-31648.0	7804.0	1278.78	2115.77
-31648.0	7804.0	1277.68	2262.34
-31648.0	7804.0	1276.57	2148.98
-31648.0	7804.0	1275.46	2175.75
-31648.0	7804.0	1274.36	2179.92
-31648.0	7804.0	1273.25	2211.18
-31648.0	7804.0	1272.14	2226.63
-31648.0	7804.0	1271.04	2160.79
-31648.0	7804.0	1269.93	2225.91
-31648.0	7804.0	1268.82	2207.49
-31648.0	7804.0	1267.71	2150.72
-31648.0	7804.0	1266.61	2170.67
-31648.0	7804.0	1265.5	2195.14
-31648.0	7804.0	1264.39	2176.74
-31648.0	7804.0	1263.28	2187.66
-31648.0	7804.0	1262.17	2198.58
-31648.0	7804.0	1261.06	2186.95
-31648.0	7804.0	1259.95	2200.12
-31648.0	7804.0	1258.84	2123.13
-31648.0	7804.0	1257.74	2185.88
-31648.0	7804.0	1256.63	2126.94
-31648.0	7804.0	1255.52	2122.09
-31648.0	7804.0	1254.41	2245.63
-31648.0	7804.0	1253.3	2188.96
-31648.0	7804.0	1252.19	2132.31
-31648.0	7804.0	1251.08	2186.0
-31648.0	7804.0	1249.96	2196.89
-31648.0	7804.0	1248.85	2196.53
-31648.0	7804.0	1247.74	2279.43
-31648.0	7804.0	1246.63	2153.07
-31648.0	7804.0	1245.52	2152.72
-31648.0	7804.0	1244.41	2174.86
-31648.0	7804.0	1243.3	2109.29
-31648.0	7804.0	1242.18	2142.67
-31648.0	7804.0	1241.07	2164.8
-31648.0	7804.0	1239.96	2164.44
-31648.0	7804.0	1238.85	2186.56
-31648.0	7804.0	1237.74	2136.77
-31648.0	7804.0	1236.62	2149.9
-31648.0	7804.0	1235.51	2136.07
-31648.0	7804.0	1234.4	2131.23
-31648.0	7804.0	1233.28	2160.07
-31648.0	7804.0	1232.17	2191.14
-31648.0	7804.0	1231.06	2098.75
-31648.0	7804.0	1229.94	2192.67
-31648.0	7804.0	1228.83	2147.43
-31648.0	7804.0	1227.71	2126.88
-31648.0	7804.0	1226.6	2124.29
-31648.0	7804.0	1225.48	2117.21
-31648.0	7804.0	1224.37	2089.95
-31648.0	7804.0	1223.25	2170.32
-31648.0	7804.0	1222.14	2145.31
-31648.0	7804.0	1221.02	2109.09
-31648.0	7804.0	1219.91	2115.47
-31648.0	7804.0	1218.79	2166.65
-31648.0	7804.0	1217.68	2226.78
-31648.0	7804.0	1216.56	2152.5
-31648.0	7804.0	1215.44	2181.25
-31648.0	7804.0	1214.33	2102.52
-31648.0	7804.0	1213.21	2120.09
-31648.0	7804.0	1212.09	2151.07
-31648.0	7804.0	1210.98	2123.86
-31648.0	7804.0	1209.86	2148.12
-31648.0	7804.0	1208.74	2141.05
-31648.0	7804.0	1207.62	2205.57
-31648.0	7804.0	1206.51	2140.34
-31648.0	7804.0	1205.39	2128.81
-31648.0	7804.0	1204.27	2173.17
-31648.0	7804.0	1203.15	2092.34
-31648.0	7804.0	1202.03	2167.98
-31648.0	7804.0	1200.91	2158.68
-31648.0	7804.0	1199.8	2127.04
-31648.0	7804.0	1198.68	2050.73
-31648.0	7804.0	1197.56	2153.14
-31648.0	7804.0	1196.44	2125.98
-31648.0	7804.0	1195.32	2130.09
-31648.0	7804.0	1194.2	2051.6
-31648.0	7804.0	1193.08	2093.67
-31648.0	7804.0	1191.96	2135.72
-31648.0	7804.0	1190.84	2117.52
-31648.0	7804.0	1189.72	2123.86
-31648.0	7804.0	1188.6	2183.73
-31648.0	7804.0	1187.48	2105.3
-31648.0	7804.0	1186.35	2125.02
-31648.0	7804.0	1185.23	2086.77
-31648.0	7804.0	1184.11	2117.62
-31648.0	7804.0	1182.99	2132.87
-31648.0	7804.0	1181.87	2041.15
-31648.0	7804.0	1180.75	2112.1
-31648.0	7804.0	1179.62	2151.85
-31648.0	7804.0	1178.5	2129.22
-31648.0	7804.0	1177.38	2104.36
-31648.0	7804.0	1176.26	2201.97
-31648.0	7804.0	1175.13	2125.92
-31648.0	7804.0	1174.01	2150.04
-31648.0	7804.0	1172.89	2100.73
-31648.0	7804.0	1171.76	2204.95
-31648.0	7804.0	1170.64	2155.64
-31648.0	7804.0	1169.51	2146.38
-31648.0	7804.0	1168.39	2230.52
-31648.0	7804.0	1167.27	2216.81
-31648.0	7804.0	1166.14	2067.48
-31648.0	7804.0	1165.02	2096.03
-31648.0	7804.0	1163.89	2055.68
-31648.0	7804.0	1162.77	2117.55
-31648.0	7804.0	1161.64	2152.73
-31648.0	7804.0	1160.52	2125.72
-31648.0	7804.0	1159.39	2103.15
-31648.0	7804.0	1158.26	2125.0
-31648.0	7804.0	1157.14	2006.97
-31648.0	7804.0	1156.01	2097.64
-31648.0	7804.0	1154.88	2106.17
-31648.0	7804.0	1153.76	2181.26
-31648.0	7804.0	1152.63	2132.08
-31648.0	7804.0	1151.5	2173.86
-31648.0	7804.0	1150.38	2049.3
-31648.0	7804.0	1149.25	2133.21
-31648.0	7804.0	1148.12	2135.07
-31648.0	7804.0	1146.99	2068.21
-31648.0	7804.0	1145.87	2138.78
-31648.0	7804.0	1144.74	2136.2
-31648.0	7804.0	1143.61	2058.29
-31648.0	7804.0	1142.48	2057.94
-31648.0	7804.0	1141.35	2146.19
-31648.0	7804.0	1140.22	2052.81
-31648.0	7804.0	1139.09	2101.17
-31648.0	7804.0	1137.97	2085.32
-31648.0	7804.0	1136.84	2027.42
-31648.0	7804.0	1135.71	2007.16
-31648.0	7804.0	1134.58	2099.74
-31648.0	7804.0	1133.45	2081.69
-31648.0	7804.0	1132.32	2103.45
-31648.0	7804.0	1131.19	2116.36
-31648.0	7804.0	1130.05	2051.88
-31648.0	7804.0	1128.92	2069.22
-31648.0	7804.0	1127.79	2068.86
-31648.0	7804.0	1126.66	2143.65
-31648.0	7804.0	1125.53	2081.41
-31648.0	7804.0	1124.4	2076.64
-31648.0	7804.0	1123.27	2102.79
-31648.0	7804.0	1122.13	2082.55
-31648.0	7804.0	1121.0	2132.98
-31648.0	7804.0	1119.87	2022.23
-31648.0	7804.0	1118.74	2085.9
-31648.0	7804.0	1117.6	2103.2
-31648.0	7804.0	1116.47	2151.38
-31648.0	7804.0	1115.34	2166.46
-31648.0	7804.0	1114.2	2073.44
-31648.0	7804.0	1113.07	2070.88
-31648.0	7804.0	1111.94	2152.11
-31648.0	7804.0	1110.8	2098.83
-31648.0	7804.0	1109.67	2155.78
-31648.0	7804.0	1108.54	2047.42
-31648.0	7804.0	1107.4	2049.27
-31648.0	7804.0	1106.27	2059.93
-31648.0	7804.0	1105.13	2066.19
-31648.0	7804.0	1104.0	2050.41
-31648.0	7804.0	1102.86	2074.28
-31648.0	7804.0	1101.72	2082.73
-31648.0	7804.0	1100.59	2093.38
-31648.0	7804.0	1099.45	2123.83
-31648.0	7804.0	1098.32	2088.26
-31648.0	7804.0	1097.18	2101.1
-31648.0	7804.0	1096.04	2151.33
-31648.0	7804.0	1094.91	2089.37
-31648.0	7804.0	1093.77	2093.41
-31648.0	7804.0	1092.63	2132.62
-31648.0	7804.0	1091.5	2206.99
-31648.0	7804.0	1090.36	2241.78
-31648.0	7804.0	1089.22	2122.73
-31648.0	7804.0	1088.08	2153.12
-31648.0	7804.0	1086.95	1981.4
-31648.0	7804.0	1085.81	2033.77
-31648.0	7804.0	1084.67	2119.06
-31648.0	7804.0	1083.53	2127.47
-31648.0	7804.0	1082.39	2052.47
-31648.0	7804.0	1081.25	2106.98
-31648.0	7804.0	1080.11	2130.75
-31648.0	7804.0	1078.97	2064.56
-31648.0	7804.0	1077.83	2042.27
-31648.0	7804.0	1076.69	2125.26
-31648.0	7804.0	1075.55	2067.87
-31648.0	7804.0	1074.41	2117.94
-31648.0	7804.0	1073.27	2119.76
-31648.0	7804.0	1072.13	2108.44
-31648.0	7804.0	1070.99	2083.96
-31648.0	7804.0	1069.85	2085.79
-31648.0	7804.0	1068.71	2070.09
-31648.0	7804.0	1067.57	2106.97
-31648.0	7804.0	1066.43	2095.65
-31648.0	7804.0	1065.28	2150.02
-31648.0	7804.0	1064.14	2090.54
-31648.0	7804.0	1063.0	2223.68
-31648.0	7804.0	1061.86	2026.35
-31648.0	7804.0	1060.71	2131.01
-31648.0	7804.0	1059.57	2174.39
-31648.0	7804.0	1058.43	2112.77
-31648.0	7804.0	1057.29	2092.72
-31648.0	7804.0	1056.14	2122.96
-31648.0	7804.0	1055.0	2212.21
-31648.0	7804.0	1053.85	2203.08
-31648.0	7804.0	1052.71	2148.07
-31648.0	7804.0	1051.57	2125.84
-31648.0	7804.0	1050.42	2219.4
-31648.0	7804.0	1049.28	2144.75
-31648.0	7804.0	1048.13	2164.03
-31648.0	7804.0	1046.99	2213.86
-31648.0	7804.0	1045.84	2128.34
-31648.0	7804.0	1044.7	2206.54
-31648.0	7804.0	1043.55	2208.33
-31648.0	7804.0	1042.4	2205.76
-31648.0	7804.0	1041.26	2163.92
-31648.0	7804.0	1040.11	2185.35
-31648.0	7804.0	1038.97	2232.94
-31648.0	7804.0	1037.82	2180.22
-31648.0	7804.0	1036.67	2225.61
-31648.0	7804.0	1035.53	2262.27
-31648.0	7804.0	1034.38	2235.72
-31648.0	7804.0	1033.23	2311.58
-31648.0	7804.0	1032.08	2289.39
-31648.0	7804.0	1030.94	2304.23
-31648.0	7804.0	1029.79	2351.73
-31648.0	7804.0	1028.64	2447.11
-31648.0	7804.0	1027.49	2320.42
-31648.0	7804.0	1026.34	2354.83
-31648.0	7804.0	1025.19	2308.72
-31648.0	7804.0	1024.04	2384.46
-31648.0	7804.0	1022.89	2336.18
-31648.0	7804.0	1021.74	2329.24
-31648.0	7804.0	1020.59	2376.67
-31648.0	7804.0	1019.45	2434.94
-31648.0	7804.0	1018.29	2462.77
-31648.0	7804.0	1017.14	2410.17
-31648.0	7804.0	1015.99	2524.91
-31648.0	7804.0	1014.84	2496.21
-31648.0	7804.0	1013.69	2532.7
-31648.0	7804.0	1012.54	2543.1
-31648.0	7804.0	1011.39	2579.56
-31648.0	7804.0	1010.24	2522.66
-31648.0	7804.0	1009.09	2535.23
-31648.0	7804.0	1007.93	2573.85
-31648.0	7804.0	1006.78	2631.97
-31648.0	7804.0	1005.63	2603.3
-31648.0	7804.0	1004.48	2680.92
-31648.0	7804.0	1003.32	2708.63
-31648.0	7804.0	1002.17	2688.63
-31648.0	7804.0	1001.02	2751.02
-31648.0	7804.0	999.865	2798.22
-31648.0	7804.0	998.711	2841.06
-31648.0	7804.0	997.558	2818.88
-31648.0	7804.0	996.403	2883.37
-31648.0	7804.0	995.249	2861.19
-31648.0	7804.0	994.095	2912.65
-31648.0	7804.0	992.94	3000.9
-31648.0	7804.0	991.785	3024.17
-31648.0	7804.0	990.63	3058.26
-31648.0	7804.0	989.475	3196.21
-31648.0	7804.0	988.319	3083.13
-31648.0	7804.0	987.164	3197.22
-31648.0	7804.0	986.008	3231.25
-31648.0	7804.0	984.852	3273.92
-31648.0	7804.0	983.695	3290.63
-31648.0	7804.0	982.539	3313.82
-31648.0	7804.0	981.382	3328.35
-31648.0	7804.0	980.225	3407.7
-31648.0	7804.0	979.068	3294.74
-31648.0	7804.0	977.911	3380.55
-31648.0	7804.0	976.753	3412.34
-31648.0	7804.0	975.595	3433.32
-31648.0	7804.0	974.437	3469.4
-31648.0	7804.0	973.279	3492.52
-31648.0	7804.0	972.121	3513.47
-31648.0	7804.0	970.962	3590.51
-31648.0	7804.0	969.803	3499.25
-31648.0	7804.0	968.644	3494.31
-31648.0	7804.0	967.485	3504.46
-31648.0	7804.0	966.326	3596.54
-31648.0	7804.0	965.166	3492.41
-31648.0	7804.0	964.006	3554.29
-31648.0	7804.0	962.846	3512.7
-31648.0	7804.0	961.686	3578.85
-31648.0	7804.0	960.525	3565.28
-31648.0	7804.0	959.365	3586.17
-31648.0	7804.0	958.204	3617.82
-31648.0	7804.0	957.043	3595.63
-31648.0	7804.0	955.881	3635.88
-31648.0	7804.0	954.72	3574.96
-31648.0	7804.0	953.558	3565.7
-31648.0	7804.0	952.396	3694.14
-31648.0	7804.0	951.234	3719.28
-31648.0	7804.0	950.071	3705.7
-31648.0	7804.0	948.909	3616.86
-31648.0	7804.0	947.746	3697.9
-31648.0	7804.0	946.583	3682.18
-31648.0	7804.0	945.42	3672.92
-31648.0	7804.0	944.256	3766.79
-31648.0	7804.0	943.092	3718.84
-31648.0	7804.0	941.929	3801.93
-31648.0	7804.0	940.765	3756.14
-31648.0	7804.0	939.6	3740.42
-31648.0	7804.0	938.436	3656.01
-31648.0	7804.0	937.271	3565.2
-31648.0	7804.0	936.106	3545.23
-31648.0	7804.0	934.941	3540.29
-31648.0	7804.0	933.775	3501.03
-31648.0	7804.0	932.61	3440.33
-31648.0	7804.0	931.444	3358.21
-31648.0	7804.0	930.278	3366.17
-31648.0	7804.0	929.112	3204.78
-31648.0	7804.0	927.945	3174.19
-31648.0	7804.0	926.779	3141.46
-31648.0	7804.0	925.612	3106.61
-31648.0	7804.0	924.445	3106.04
-31648.0	7804.0	923.278	3066.92
-31648.0	7804.0	922.11	2959.29
-31648.0	7804.0	920.942	2993.0
-31648.0	7804.0	919.774	3058.8
-31648.0	7804.0	918.606	2985.48
-31648.0	7804.0	917.438	2927.15
-31648.0	7804.0	916.269	2935.17
-31648.0	7804.0	915.1	2806.3
-31648.0	7804.0	913.931	2859.24
-31648.0	7804.0	912.762	2820.23
-31648.0	7804.0	911.593	2841.09
-31648.0	7804.0	910.423	2729.42
-31648.0	7804.0	909.253	2807.98
-31648.0	7804.0	908.083	2715.59
-31648.0	7804.0	906.913	2727.91
-31648.0	7804.0	905.742	2770.12
-31648.0	7804.0	904.572	2726.9
-31648.0	7804.0	903.401	2717.86
-31648.0	7804.0	902.229	2725.89
-31648.0	7804.0	901.058	2721.12
-31648.0	7804.0	899.886	2626.73
-31648.0	7804.0	898.715	2658.24
-31648.0	7804.0	897.543	2655.62
-31648.0	7804.0	896.37	2691.38
-31648.0	7804.0	895.198	2661.03
-31648.0	7804.0	894.025	2728.75
-31648.0	7804.0	892.852	2679.22
-31648.0	7804.0	891.679	2744.79
-31648.0	7804.0	890.506	2701.67
-31648.0	7804.0	889.332	2635.13
-31648.0	7804.0	888.158	2632.51
-31648.0	7804.0	886.984	2651.18
-31648.0	7804.0	885.81	2646.43
-31648.0	7804.0	884.636	2605.5
-31648.0	7804.0	883.461	2613.52
-31648.0	7804.0	882.286	2581.12
-31648.0	7804.0	881.111	2580.64
-31648.0	7804.0	879.936	2586.54
-31648.0	7804.0	878.76	2556.28
-31648.0	7804.0	877.584	2579.19
-31648.0	7804.0	876.408	2633.99
-31648.0	7804.0	875.232	2556.98
-31648.0	7804.0	874.056	2533.12
-31648.0	7804.0	872.879	2566.65
-31648.0	7804.0	871.702	2538.55
-31648.0	7804.0	870.525	2599.67
-31648.0	7804.0	869.348	2501.5
-31648.0	7804.0	868.17	2558.36
-31648.0	7804.0	866.993	2596.09
-31648.0	7804.0	865.815	2570.13
-31648.0	7804.0	864.637	2573.9
-31648.0	7804.0	863.458	2452.49
-31648.0	7804.0	862.28	2454.15
-31648.0	7804.0	861.101	2445.21
-31648.0	7804.0	859.922	2453.23
-31648.0	7804.0	858.742	2520.61
-31648.0	7804.0	857.563	2518.01
-31648.0	7804.0	856.383	2485.75
-31648.0	7804.0	855.203	2534.02
-31648.0	7804.0	854.023	2491.17
-31648.0	7804.0	852.843	2431.4
-31648.0	7804.0	851.662	2469.06
-31648.0	7804.0	850.481	2443.19
-31648.0	7804.0	849.3	2421.56
-31648.0	7804.0	848.119	2442.27
-31648.0	7804.0	846.937	2515.87
-31648.0	7804.0	845.756	2487.89
-31648.0	7804.0	844.574	2447.24
-31648.0	7804.0	843.392	2453.12
-31648.0	7804.0	842.209	2435.74
-31648.0	7804.0	841.027	2494.47
-31648.0	7804.0	839.844	2409.46
-31648.0	7804.0	838.661	2480.85
-31648.0	7804.0	837.477	2351.5
-31648.0	7804.0	836.294	2450.34
-31648.0	7804.0	835.11	2386.52
-31648.0	7804.0	833.926	2497.98
-31648.0	7804.0	832.742	2457.4
-31648.0	7804.0	831.558	2408.38
-31648.0	7804.0	830.373	2431.14
-31648.0	7804.0	829.188	2375.82
-31648.0	7804.0	828.003	2354.28
-31648.0	7804.0	826.818	2442.41
-31648.0	7804.0	825.632	2477.8
-31648.0	7804.0	824.446	2460.46
-31648.0	7804.0	823.26	2411.51
-31648.0	7804.0	822.074	2440.56
-31648.0	7804.0	820.888	2503.31
-31648.0	7804.0	819.701	2481.77
-31648.0	7804.0	818.514	2430.74
-31648.0	7804.0	817.327	2419.75
-31648.0	7804.0	816.14	2434.03
-31648.0	7804.0	814.952	2399.88
-31648.0	7804.0	813.765	2515.19
-31648.0	7804.0	812.577	2413.7
-31648.0	7804.0	811.388	2379.58
-31648.0	7804.0	810.2	2387.54
-31648.0	7804.0	809.011	2441.77
-31648.0	7804.0	807.822	2529.62
-31648.0	7804.0	806.633	2302.08
-31648.0	7804.0	805.444	2446.67
-31648.0	7804.0	804.254	2465.12
-31648.0	7804.0	803.064	2346.99
-31648.0	7804.0	801.874	2466.28
-31648.0	7804.0	800.684	2354.49
-31648.0	7804.0	799.493	2400.24
-31648.0	7804.0	798.303	2437.57
-31648.0	7804.0	797.112	2487.48
-31648.0	7804.0	795.921	2409.36
-31648.0	7804.0	794.729	2364.83
-31648.0	7804.0	793.538	2458.78
-31648.0	7804.0	792.346	2460.41
-31648.0	7804.0	791.154	2392.83
-31648.0	7804.0	789.961	2342.05
-31648.0	7804.0	788.769	2435.93
-31648.0	7804.0	787.576	2401.93
-31648.0	7804.0	786.383	2432.9
-31648.0	7804.0	785.19	2394.72
-31648.0	7804.0	783.996	2329.33
-31648.0	7804.0	782.802	2416.84
-31648.0	7804.0	781.608	2290.74
-31648.0	7804.0	780.414	2371.95
-31648.0	7804.0	779.22	2411.26
-31648.0	7804.0	778.025	2325.0
-31648.0	7804.0	776.83	2265.96
-31648.0	7804.0	775.635	2378.49
-31648.0	7804.0	774.44	2357.12
-31648.0	7804.0	773.244	2310.66
-31648.0	7804.0	772.049	2335.3
-31648.0	7804.0	770.853	2410.1
-31648.0	7804.0	769.656	2303.05
-31648.0	7804.0	768.46	2310.96
-31648.0	7804.0	767.263	2360.66
-31648.0	7804.0	766.066	2301.72
-31648.0	7804.0	764.869	2307.54
-31648.0	7804.0	763.672	2365.55
-31648.0	7804.0	762.474	2331.69
-31648.0	7804.0	761.276	2383.42
-31648.0	7804.0	760.078	2341.23
-31648.0	7804.0	758.88	2417.96
-31648.0	7804.0	757.681	2311.12
-31648.0	7804.0	756.483	2333.61
-31648.0	7804.0	755.284	2326.9
-31648.0	7804.0	754.084	2303.52
-31648.0	7804.0	752.885	2284.32
-31648.0	7804.0	751.685	2333.88
-31648.0	7804.0	750.485	2277.18
-31648.0	7804.0	749.285	2276.74
-31648.0	7804.0	748.085	2286.71
-31648.0	7804.0	746.884	2282.1
-31648.0	7804.0	745.683	2275.41
-31648.0	7804.0	744.482	2281.21
-31648.0	7804.0	743.281	2222.5
-31648.0	7804.0	742.079	2342.74
-31648.0	7804.0	740.877	2279.88
-31648.0	7804.0	739.675	2190.01
-31648.0	7804.0	738.473	2289.39
-31648.0	7804.0	737.27	2205.79
-31648.0	7804.0	736.068	2128.45
-31648.0	7804.0	734.865	2254.8
-31648.0	7804.0	733.661	2231.51
-31648.0	7804.0	732.458	2274.7
-31648.0	7804.0	731.254	2230.64
-31648.0	7804.0	730.05	2234.35
-31648.0	7804.0	728.846	2227.69
-31648.0	7804.0	727.642	2223.1
-31648.0	7804.0	726.437	2237.19
-31648.0	7804.0	725.232	2247.13
-31648.0	7804.0	724.027	2281.96
-31648.0	7804.0	722.822	2285.66
-31648.0	7804.0	721.616	2223.0
-31648.0	7804.0	720.41	2195.61
-31648.0	7804.0	719.204	2321.63
-31648.0	7804.0	717.998	2308.74
-31648.0	7804.0	716.791	2318.65
-31648.0	7804.0	715.585	2345.13
-31648.0	7804.0	714.378	2512.44
-31648.0	7804.0	713.17	2358.7
-31648.0	7804.0	711.963	2287.84
-31648.0	7804.0	710.755	2231.5
-31648.0	7804.0	709.547	2255.9
-31648.0	7804.0	708.339	2298.91
-31648.0	7804.0	707.131	2300.53
-31648.0	7804.0	705.922	2306.28
-31648.0	7804.0	704.713	2278.94
-31648.0	7804.0	703.504	2272.29
-31648.0	7804.0	702.295	2253.24
-31648.0	7804.0	701.085	2358.2
-31648.0	7804.0	699.875	2273.02
-31648.0	7804.0	698.665	2303.56
-31648.0	7804.0	697.455	2270.06
-31648.0	7804.0	696.244	2308.85
-31648.0	7804.0	695.034	2360.01
-31648.0	7804.0	693.822	2359.55
-31648.0	7804.0	692.611	2394.17
-31648.0	7804.0	691.4	2428.77
-31648.0	7804.0	690.188	2417.98
-31648.0	7804.0	688.976	2347.37
-31648.0	7804.0	687.764	2353.09
-31648.0	7804.0	686.551	2414.48
-31648.0	7804.0	685.339	2535.64
-31648.0	7804.0	684.126	2450.63
-31648.0	7804.0	682.912	2367.72
-31648.0	7804.0	681.699	2445.54
-31648.0	7804.0	680.485	2331.76
-31648.0	7804.0	679.271	2456.93
-31648.0	7804.0	678.057	2497.62
-31648.0	7804.0	676.843	2435.37
-31648.0	7804.0	675.628	2463.7
-31648.0	7804.0	674.413	2471.44
-31648.0	7804.0	673.198	2582.05
-31648.0	7804.0	671.983	2536.29
-31648.0	7804.0	670.767	2591.31
-31648.0	7804.0	669.551	2459.2
-31648.0	7804.0	668.335	2417.6
-31648.0	7804.0	667.119	2456.17
-31648.0	7804.0	665.902	2527.6
-31648.0	7804.0	664.686	2578.47
-31648.0	7804.0	663.469	2536.87
-31648.0	7804.0	662.251	2567.17
-31648.0	7804.0	661.034	2482.47
-31648.0	7804.0	659.816	2486.09
-31648.0	7804.0	658.598	2467.12
-31648.0	7804.0	657.38	2466.63
-31648.0	7804.0	656.161	2513.33
-31648.0	7804.0	654.942	2549.75
-31648.0	7804.0	653.723	2543.09
-31648.0	7804.0	652.504	2511.82
-31648.0	7804.0	651.285	2505.17
-31648.0	7804.0	650.065	2439.08
-31648.0	7804.0	648.845	2508.27
-31648.0	7804.0	647.625	2561.04
-31648.0	7804.0	646.404	2581.01
-31648.0	7804.0	645.184	2564.11
-31648.0	7804.0	643.963	2600.46
-31648.0	7804.0	642.742	2597.89
-31648.0	7804.0	641.52	2603.51
-31648.0	7804.0	640.298	2607.08
-31648.0	7804.0	639.076	2618.84
-31648.0	7804.0	637.854	2667.4
-31648.0	7804.0	636.632	2718.0
-31648.0	7804.0	635.409	2649.98
-31648.0	7804.0	634.186	2653.54
-31648.0	7804.0	632.963	2650.96
-31648.0	7804.0	631.74	2687.21
-31648.0	7804.0	630.516	2717.32
-31648.0	7804.0	629.292	2657.54
-31648.0	7804.0	628.068	2638.62
-31648.0	7804.0	626.844	2587.05
-31648.0	7804.0	625.619	2619.19
-31648.0	7804.0	624.394	2659.48
-31648.0	7804.0	623.169	2663.03
-31648.0	7804.0	621.944	2703.3
-31648.0	7804.0	620.718	2682.36
-31648.0	7804.0	619.492	2700.17
-31648.0	7804.0	618.266	2675.16
-31648.0	7804.0	617.04	2672.59
-31648.0	7804.0	615.813	2670.01
-31648.0	7804.0	614.587	2657.25
-31648.0	7804.0	613.36	2723.94
-31648.0	7804.0	612.132	2637.84
-31648.0	7804.0	610.905	2651.57
-31648.0	7804.0	609.677	2677.5
-31648.0	7804.0	608.449	2626.07
-31648.0	7804.0	607.22	2607.22
-31648.0	7804.0	605.992	2525.3
-31648.0	7804.0	604.763	2626.51
-31648.0	7804.0	603.534	2662.6
-31648.0	7804.0	602.305	2657.99
-31648.0	7804.0	601.075	2596.46
-31648.0	7804.0	599.845	2595.93
-31648.0	7804.0	598.615	2613.7
-31648.0	7804.0	597.385	2558.31
-31648.0	7804.0	596.154	2582.17
-31648.0	7804.0	594.924	2593.83
-31648.0	7804.0	593.693	2654.23
-31648.0	7804.0	592.461	2507.51
-31648.0	7804.0	591.23	2500.91
-31648.0	7804.0	589.998	2628.27
-31648.0	7804.0	588.766	2617.59
-31648.0	7804.0	587.534	2546.05
-31648.0	7804.0	586.301	2610.44
-31648.0	7804.0	585.068	2622.08
-31648.0	7804.0	583.835	2587.08
-31648.0	7804.0	582.602	2550.07
-31648.0	7804.0	581.368	2549.55
-31648.0	7804.0	580.134	2621.98
-31648.0	7804.0	578.9	2633.6
-31648.0	7804.0	577.666	2622.94
-31648.0	7804.0	576.432	2612.28
-31648.0	7804.0	575.197	2548.99
-31648.0	7804.0	573.962	2578.83
-31648.0	7804.0	572.726	2578.31
-31648.0	7804.0	571.491	2620.27
-31648.0	7804.0	570.255	2573.21
-31648.0	7804.0	569.019	2669.77
-31648.0	7804.0	567.783	2640.92
-31648.0	7804.0	566.546	2658.58
-31648.0	7804.0	565.309	2595.37
-31648.0	7804.0	564.072	2655.47
-31648.0	7804.0	562.835	2665.03
-31648.0	7804.0	561.597	2708.93
-31648.0	7804.0	560.359	2730.59
-31648.0	7804.0	559.121	2752.25
-31648.0	7804.0	557.883	2761.78
-31648.0	7804.0	556.644	2789.48
-31648.0	7804.0	555.406	2811.11
-31648.0	7804.0	554.167	2832.73
-31648.0	7804.0	552.927	2882.58
-31648.0	7804.0	551.688	2942.49
-31648.0	7804.0	550.448	2974.15
-31648.0	7804.0	549.208	3126.76
-31648.0	7804.0	547.967	3067.67
-31648.0	7804.0	546.727	3063.01
-31648.0	7804.0	545.486	3217.52
-31648.0	7804.0	544.245	3337.72
-31648.0	7804.0	543.003	3318.91
-31648.0	7804.0	541.762	3408.83
-31648.0	7804.0	540.52	3591.33
-31648.0	7804.0	539.278	3695.25
-31648.0	7804.0	538.035	3718.64
-31648.0	7804.0	536.793	3947.23
-31648.0	7804.0	535.55	4286.35
-31648.0	7804.0	534.307	4446.35
-31648.0	7804.0	533.063	4700.78
-31648.0	7804.0	531.82	5067.68
-31648.0	7804.0	530.576	5488.69
-31648.0	7804.0	529.331	6241.08
-31648.0	7804.0	528.087	7155.88
-31648.0	7804.0	526.842	8391.67
-31648.0	7804.0	525.597	10801.7
-31648.0	7804.0	524.352	14339.1
-31648.0	7804.0	523.107	20813.7
-31648.0	7804.0	521.861	30386.3
-31648.0	7804.0	520.615	36580.0
-31648.0	7804.0	519.369	34299.6
-31648.0	7804.0	518.122	29791.9
-31648.0	7804.0	516.876	25410.3
-31648.0	7804.0	515.629	21501.7
-31648.0	7804.0	514.381	18170.0
-31648.0	7804.0	513.134	15839.6
-31648.0	7804.0	511.886	14059.1
-31648.0	7804.0	510.638	12650.0
-31648.0	7804.0	509.39	11858.3
-31648.0	7804.0	508.141	11271.2
-31648.0	7804.0	506.892	10824.4
-31648.0	7804.0	505.643	10510.0
-31648.0	7804.0	504.394	10247.7
-31648.0	7804.0	503.145	9997.45
-31648.0	7804.0	501.895	9937.38
-31648.0	7804.0	500.645	9829.33
-31648.0	7804.0	499.394	9909.28
-31648.0	7804.0	498.144	9767.3
-31648.0	7804.0	496.893	9891.19
-31648.0	7804.0	495.642	9727.29
-31648.0	7804.0	494.39	9679.33
-31648.0	7804.0	493.139	9651.36
-31648.0	7804.0	491.887	9479.62
-31648.0	7804.0	490.635	9473.67
-31648.0	7804.0	489.382	9421.8
-31648.0	7804.0	488.13	9346.01
-31648.0	7804.0	486.877	9294.19
-31648.0	7804.0	485.623	9236.41
-31648.0	7804.0	484.37	9041.03
-31648.0	7804.0	483.116	9096.98
-31648.0	7804.0	481.862	9065.19
-31648.0	7804.0	480.608	9035.41
-31648.0	7804.0	479.354	8902.0
-31648.0	7804.0	478.099	8916.1
-31648.0	7804.0	476.844	8818.63
-31648.0	7804.0	475.588	8904.43
-31648.0	7804.0	474.333	8809.0
-31648.0	7804.0	473.077	8733.51
-31648.0	7804.0	471.821	8550.57
-31648.0	7804.0	470.565	8544.81
-31648.0	7804.0	469.308	8477.38
-31648.0	7804.0	468.051	8419.93
-31648.0	7804.0	466.794	8310.79
-31648.0	7804.0	465.537	8215.61
-31648.0	7804.0	464.279	8003.18
-31648.0	7804.0	463.021	7880.28
-31648.0	7804.0	461.763	7894.54
-31648.0	7804.0	460.505	7648.54
-31648.0	7804.0	459.246	7613.18
-31648.0	7804.0	457.987	7510.32
-31648.0	7804.0	456.728	7361.84
-31648.0	7804.0	455.469	7344.42
-31648.0	7804.0	454.209	7229.77
-31648.0	7804.0	452.949	6978.26
-31648.0	7804.0	451.689	6847.87
-31648.0	7804.0	450.428	6858.34
-31648.0	7804.0	449.167	6773.62
-31648.0	7804.0	447.906	6635.42
-31648.0	7804.0	446.645	6580.52
-31648.0	7804.0	445.383	6386.92
-31648.0	7804.0	444.122	6284.54
-31648.0	7804.0	442.86	6176.27
-31648.0	7804.0	441.597	6167.05
-31648.0	7804.0	440.335	5995.48
-31648.0	7804.0	439.072	5930.88
-31648.0	7804.0	437.809	5911.83
-31648.0	7804.0	436.545	5781.98
-31648.0	7804.0	435.281	5668.0
-31648.0	7804.0	434.018	5698.46
-31648.0	7804.0	432.753	5657.72
-31648.0	7804.0	431.489	5446.96
-31648.0	7804.0	430.224	5467.57
-31648.0	7804.0	428.959	5424.92
-31648.0	7804.0	427.694	5336.84
-31648.0	7804.0	426.428	5325.85
-31648.0	7804.0	425.163	5184.5
-31648.0	7804.0	423.896	5297.95
-31648.0	7804.0	422.63	5022.42
-31648.0	7804.0	421.364	5096.37
-31648.0	7804.0	420.097	5071.62
-31648.0	7804.0	418.83	4987.69
-31648.0	7804.0	417.562	4872.24
-31648.0	7804.0	416.295	4959.96
-31648.0	7804.0	415.027	4811.04
-31648.0	7804.0	413.758	4827.78
-31648.0	7804.0	412.49	4864.21
-31648.0	7804.0	411.221	4764.66
-31648.0	7804.0	409.952	4724.26
-31648.0	7804.0	408.683	4731.15
-31648.0	7804.0	407.414	4757.72
-31648.0	7804.0	406.144	4752.79
-31648.0	7804.0	404.874	4738.01
-31648.0	7804.0	403.603	4780.31
-31648.0	7804.0	402.333	4680.92
-31648.0	7804.0	401.062	4762.56
-31648.0	7804.0	399.791	4749.76
-31648.0	7804.0	398.519	4593.42
-31648.0	7804.0	397.248	4824.43
-31648.0	7804.0	395.976	4919.73
-31648.0	7804.0	394.704	4840.09
-31648.0	7804.0	393.431	4748.69
-31648.0	7804.0	392.159	4828.23
-31648.0	7804.0	390.886	4764.37
-31648.0	7804.0	389.612	4847.79
-31648.0	7804.0	388.339	4789.84
-31648.0	7804.0	387.065	4673.04
-31648.0	7804.0	385.791	4640.66
-31648.0	7804.0	384.517	4676.95
-31648.0	7804.0	383.242	4650.47
-31648.0	7804.0	381.967	4822.05
-31648.0	7804.0	380.692	4636.74
-31648.0	7804.0	379.417	4612.24
-31648.0	7804.0	378.141	4685.74
-31648.0	7804.0	376.865	4633.81
-31648.0	7804.0	375.589	4687.68
-31648.0	7804.0	374.312	4561.34
-31648.0	7804.0	373.035	4636.75
-31648.0	7804.0	371.758	4561.38
-31648.0	7804.0	370.481	4572.16
-31648.0	7804.0	369.204	4555.53
-31648.0	7804.0	367.926	4482.18
-31648.0	7804.0	366.648	4520.36
-31648.0	7804.0	365.369	4413.8
-31648.0	7804.0	364.091	4512.58
-31648.0	7804.0	362.812	4515.53
-31648.0	7804.0	361.532	4502.85
-31648.0	7804.0	360.253	4394.43
-31648.0	7804.0	358.973	4436.48
-31648.0	7804.0	357.693	4365.23
-31648.0	7804.0	356.413	4374.07
-31648.0	7804.0	355.132	4505.9
-31648.0	7804.0	353.852	4540.08
-31648.0	7804.0	352.571	4453.25
-31648.0	7804.0	351.289	4464.01
-31648.0	7804.0	350.008	4429.91
-31648.0	7804.0	348.726	4473.82
-31648.0	7804.0	347.444	4383.18
-31648.0	7804.0	346.161	4399.8
-31648.0	7804.0	344.878	4410.56
-31648.0	7804.0	343.595	4440.8
-31648.0	7804.0	342.312	4523.63
-31648.0	7804.0	341.029	4643.43
-31648.0	7804.0	339.745	4568.45
-31648.0	7804.0	338.461	4633.67
-31648.0	7804.0	337.176	4652.16
-31648.0	7804.0	335.892	4649.22
-31648.0	7804.0	334.607	4706.61
-31648.0	7804.0	333.322	4810.65
-31648.0	7804.0	332.036	4642.37
-31648.0	7804.0	330.75	4773.61
-31648.0	7804.0	329.464	4611.24
-31648.0	7804.0	328.178	4668.57
-31648.0	7804.0	326.892	4696.72
-31648.0	7804.0	325.605	4674.35
-31648.0	7804.0	324.318	4797.67
-31648.0	7804.0	323.03	4738.39
-31648.0	7804.0	321.743	4688.85
-31648.0	7804.0	320.455	4951.84
-31648.0	7804.0	319.167	4913.92
-31648.0	7804.0	317.878	4912.87
-31648.0	7804.0	316.59	4907.95
-31648.0	7804.0	315.301	4998.06
-31648.0	7804.0	314.011	4905.86
-31648.0	7804.0	312.722	5071.54
-31648.0	7804.0	311.432	4897.95
-31648.0	7804.0	310.142	4941.48
-31648.0	7804.0	308.851	4988.86
-31648.0	7804.0	307.561	5053.66
-31648.0	7804.0	306.27	5046.77
-31648.0	7804.0	304.979	5090.23
-31648.0	7804.0	303.687	5180.13
-31648.0	7804.0	302.395	5262.24
-31648.0	7804.0	301.103	5125.67
-31648.0	7804.0	299.811	5155.53
-31648.0	7804.0	298.519	5098.35
-31648.0	7804.0	297.226	4988.97
-31648.0	7804.0	295.933	4881.57
-31648.0	7804.0	294.639	4938.52
-31648.0	7804.0	293.345	4912.34
-31648.0	7804.0	292.052	4868.79
-31648.0	7804.0	290.757	4821.39
-31648.0	7804.0	289.463	4746.98
-31648.0	7804.0	288.168	4834.78
-31648.0	7804.0	286.873	4843.4
-31648.0	7804.0	285.578	4687.97
-31648.0	7804.0	284.282	4658.02
-31648.0	7804.0	282.986	4585.65
-31648.0	7804.0	281.69	4607.81
-31648.0	7804.0	280.393	4572.12
-31648.0	7804.0	279.097	4613.55
-31648.0	7804.0	277.8	4606.79
-31648.0	7804.0	276.502	4546.06
-31648.0	7804.0	275.205	4494.99
-31648.0	7804.0	273.907	4490.18
-31648.0	7804.0	272.609	4383.3
-31648.0	7804.0	271.311	4355.4
-31648.0	7804.0	270.012	4402.6
-31648.0	7804.0	268.713	4288.1
-31648.0	7804.0	267.414	4316.05
-31648.0	7804.0	266.114	4232.4
-31648.0	7804.0	264.814	4196.87
-31648.0	7804.0	263.514	4101.75
-31648.0	7804.0	262.214	4062.42
-31648.0	7804.0	260.913	4136.51
-31648.0	7804.0	259.613	4072.21
-31648.0	7804.0	258.311	4052.12
-31648.0	7804.0	257.01	4035.89
-31648.0	7804.0	255.708	3987.01
-31648.0	7804.0	254.406	4007.28
-31648.0	7804.0	253.104	3958.43
-31648.0	7804.0	251.801	3886.57
-31648.0	7804.0	250.499	3866.54
-31648.0	7804.0	249.195	3785.14
-31648.0	7804.0	247.892	3872.56
-31648.0	7804.0	246.588	3793.11
-31648.0	7804.0	245.284	3832.55
-31648.0	7804.0	243.98	3703.3
-31648.0	7804.0	242.676	3679.51
-31648.0	7804.0	241.371	3692.14
-31648.0	7804.0	240.066	3779.46
-31648.0	7804.0	238.76	3654.16
-31648.0	7804.0	237.455	3634.23
-31648.0	7804.0	236.149	3725.34
-31648.0	7804.0	234.843	3546.55
-31648.0	7804.0	233.536	3505.6
-31648.0	7804.0	232.229	3522.07
-31648.0	7804.0	230.922	3483.06
-31648.0	7804.0	229.615	3428.76
-31648.0	7804.0	228.307	3387.88
-31648.0	7804.0	227.0	3459.79
-31648.0	7804.0	225.691	3470.51
-31648.0	7804.0	224.383	3336.02
-31648.0	7804.0	223.074	3211.14
-31648.0	7804.0	221.765	3248.64
-31648.0	7804.0	220.456	3276.59
-31648.0	7804.0	219.146	3180.43
-31648.0	7804.0	217.836	3261.82
-31648.0	7804.0	216.526	3194.33
-31648.0	7804.0	215.216	3220.35
-31648.0	7804.0	213.905	3204.4
-31648.0	7804.0	212.594	3215.15
-31648.0	7804.0	211.283	3225.9
-31648.0	7804.0	209.971	3276.67
-31648.0	7804.0	208.66	3188.31
-31648.0	7804.0	207.348	3254.31
-31648.0	7804.0	206.035	3318.37
-31648.0	7804.0	204.722	3359.56
-31648.0	7804.0	203.409	3572.1
-31648.0	7804.0	202.096	3639.86
-31648.0	7804.0	200.783	3768.5
-31648.0	7804.0	199.469	3769.59
-31648.0	7804.0	198.155	3890.54
-31648.0	7804.0	196.84	4076.11
-31648.0	7804.0	195.526	4122.77
-31648.0	7804.0	194.211	4190.33
-31648.0	7804.0	192.896	4229.34
-31648.0	7804.0	191.58	4557.2
-31648.0	7804.0	190.264	4503.02
-31648.0	7804.0	188.948	4416.57
-31648.0	7804.0	187.632	4483.99
-31648.0	7804.0	186.315	4490.62
-31648.0	7804.0	184.998	4455.48
-31648.0	7804.0	183.681	4520.95
-31648.0	7804.0	182.364	4624.34
-31648.0	7804.0	181.046	4661.29
-31648.0	7804.0	179.728	4654.6
-31648.0	7804.0	178.41	4606.19
-31648.0	7804.0	177.091	4641.22
-31648.0	7804.0	175.772	4681.92
-31648.0	7804.0	174.453	4711.23
-31648.0	7804.0	173.133	4787.9
-31648.0	7804.0	171.814	4680.79
-31648.0	7804.0	170.494	4850.23
-31648.0	7804.0	169.173	4834.03
-31648.0	7804.0	167.853	4831.1
-31648.0	7804.0	166.532	4767.6
-31648.0	7804.0	165.211	4851.72
-31648.0	7804.0	163.889	4837.43
-31648.0	7804.0	162.567	4997.16
-31648.0	7804.0	161.245	4982.85
-31648.0	7804.0	159.923	4943.96
-31648.0	7804.0	158.6	4982.59
-31648.0	7804.0	157.278	4892.69
-31648.0	7804.0	155.954	5033.34
-31648.0	7804.0	154.631	5019.03
-31648.0	7804.0	153.307	5076.5
-31648.0	7804.0	151.983	5009.32
-31648.0	7804.0	150.659	5057.32
-31648.0	7804.0	149.334	5095.86
-31648.0	7804.0	148.009	4945.69
-31648.0	7804.0	146.684	5099.32
-31648.0	7804.0	145.359	5088.79
-31648.0	7804.0	144.033	5059.41
-31648.0	7804.0	142.707	5080.94
-31648.0	7804.0	141.381	5108.12
-31648.0	7804.0	140.054	5140.94
-31648.0	7804.0	138.727	5075.77
-31648.0	7804.0	137.4	5072.79
-31648.0	7804.0	136.072	5067.93
-31648.0	7804.0	134.745	5023.53
-31648.0	7804.0	133.417	5011.15
-31648.0	7804.0	132.088	5032.65
-31648.0	7804.0	130.76	4911.14
-31648.0	7804.0	129.431	5086.91
-31648.0	7804.0	128.102	4971.08
-31648.0	7804.0	126.772	4988.82
-31648.0	7804.0	125.442	4980.22
-31648.0	7804.0	124.112	4888.92
-31648.0	7804.0	122.782	4878.47
-31648.0	7804.0	121.451	4883.05
-31648.0	7804.0	120.12	4741.12
-31648.0	7804.0	118.789	4696.9
-31648.0	7804.0	117.458	4673.35
-31648.0	7804.0	116.126	4552.2
-31648.0	7804.0	114.794	4506.18
-31648.0	7804.0	113.462	4537.1
-31648.0	7804.0	112.129	4356.03
-31648.0	7804.0	110.796	4240.68
-31648.0	7804.0	109.463	4117.87
-31648.0	7804.0	108.129	3925.76
-31648.0	7804.0	106.796	3776.84
-31648.0	7804.0	105.461	3764.78
-31648.0	7804.0	104.127	3546.63
-31648.0	7804.0	102.792	3321.09
-31648.0	7804.0	101.457	3161.19
-31648.0	7804.0	100.122	2935.82
-31648.0	7804.0	98.7867	2796.67
-31648.0	7804.0	97.4509	2659.44
-31648.0	7804.0	96.1148	2441.82
-31648.0	7804.0	94.7784	2358.98
-31648.0	7804.0	93.4418	2199.49
-31648.0	7804.0	92.1048	2159.75
-31648.0	7804.0	90.7676	2013.46
-31648.0	7804.0	89.43	1971.9
-31648.0	7804.0	88.0922	1952.79
-31648.0	7804.0	86.7541	1814.11
-31648.0	7804.0	85.4157	1869.76
