-31630.0	7840.0	1311.89	2173.69
-31630.0	7840.0	1310.78	2259.64
-31630.0	7840.0	1309.68	2243.39
-31630.0	7840.0	1308.58	2197.62
-31630.0	7840.0	1307.48	2294.88
-31630.0	7840.0	1306.38	2237.77
-31630.0	7840.0	1305.28	2160.26
-31630.0	7840.0	1304.18	2259.75
-31630.0	7840.0	1303.07	2252.58
-31630.0	7840.0	1301.97	2170.57
-31630.0	7840.0	1300.87	2208.77
-31630.0	7840.0	1299.77	2158.53
-31630.0	7840.0	1298.66	2185.39
-31630.0	7840.0	1297.56	2345.97
-31630.0	7840.0	1296.46	2266.28
-31630.0	7840.0	1295.35	2240.99
-31630.0	7840.0	1294.25	2208.91
-31630.0	7840.0	1293.15	2256.12
-31630.0	7840.0	1292.04	2194.61
-31630.0	7840.0	1290.94	2273.51
-31630.0	7840.0	1289.83	2184.85
-31630.0	7840.0	1288.73	2284.1
-31630.0	7840.0	1287.63	2179.62
-31630.0	7840.0	1286.52	2154.37
-31630.0	7840.0	1285.42	2201.54
-31630.0	7840.0	1284.31	2262.27
-31630.0	7840.0	1283.21	2232.5
-31630.0	7840.0	1282.1	2218.57
-31630.0	7840.0	1280.99	2177.51
-31630.0	7840.0	1279.89	2179.42
-31630.0	7840.0	1278.78	2142.9
-31630.0	7840.0	1277.68	2144.81
-31630.0	7840.0	1276.57	2169.32
-31630.0	7840.0	1275.46	2214.16
-31630.0	7840.0	1274.36	2270.27
-31630.0	7840.0	1273.25	2199.89
-31630.0	7840.0	1272.14	2285.35
-31630.0	7840.0	1271.04	2235.3
-31630.0	7840.0	1269.93	2243.97
-31630.0	7840.0	1268.82	2198.46
-31630.0	7840.0	1267.71	2159.74
-31630.0	7840.0	1266.61	2249.65
-31630.0	7840.0	1265.5	2228.98
-31630.0	7840.0	1264.39	2190.27
-31630.0	7840.0	1263.28	2171.87
-31630.0	7840.0	1262.17	2230.15
-31630.0	7840.0	1261.06	2218.51
-31630.0	7840.0	1259.95	2288.03
-31630.0	7840.0	1258.84	2247.09
-31630.0	7840.0	1257.74	2140.81
-31630.0	7840.0	1256.63	2185.53
-31630.0	7840.0	1255.52	2180.66
-31630.0	7840.0	1254.41	2187.07
-31630.0	7840.0	1253.3	2168.69
-31630.0	7840.0	1252.19	2188.6
-31630.0	7840.0	1251.08	2188.25
-31630.0	7840.0	1249.96	2210.4
-31630.0	7840.0	1248.85	2234.79
-31630.0	7840.0	1247.74	2193.93
-31630.0	7840.0	1246.63	2191.32
-31630.0	7840.0	1245.52	2197.71
-31630.0	7840.0	1244.41	2145.62
-31630.0	7840.0	1243.3	2158.76
-31630.0	7840.0	1242.18	2225.86
-31630.0	7840.0	1241.07	2140.07
-31630.0	7840.0	1239.96	2157.7
-31630.0	7840.0	1238.85	2146.11
-31630.0	7840.0	1237.74	2181.71
-31630.0	7840.0	1236.62	2107.22
-31630.0	7840.0	1235.51	2102.38
-31630.0	7840.0	1234.4	2093.05
-31630.0	7840.0	1233.28	2171.29
-31630.0	7840.0	1232.17	2161.96
-31630.0	7840.0	1231.06	2132.42
-31630.0	7840.0	1229.94	2181.45
-31630.0	7840.0	1228.83	2098.06
-31630.0	7840.0	1227.71	2178.48
-31630.0	7840.0	1226.6	2142.24
-31630.0	7840.0	1225.48	2108.24
-31630.0	7840.0	1224.37	2116.86
-31630.0	7840.0	1223.25	2100.82
-31630.0	7840.0	1222.14	2111.68
-31630.0	7840.0	1221.02	2109.09
-31630.0	7840.0	1219.91	2140.12
-31630.0	7840.0	1218.79	2168.89
-31630.0	7840.0	1217.68	2173.01
-31630.0	7840.0	1216.56	2186.09
-31630.0	7840.0	1215.44	2208.13
-31630.0	7840.0	1214.33	2156.26
-31630.0	7840.0	1213.21	2113.37
-31630.0	7840.0	1212.09	2104.07
-31630.0	7840.0	1210.98	2056.72
-31630.0	7840.0	1209.86	2141.41
-31630.0	7840.0	1208.74	2103.02
-31630.0	7840.0	1207.62	2160.83
-31630.0	7840.0	1206.51	2073.25
-31630.0	7840.0	1205.39	2146.7
-31630.0	7840.0	1204.27	2063.62
-31630.0	7840.0	1203.15	2110.22
-31630.0	7840.0	1202.03	2214.92
-31630.0	7840.0	1200.91	2207.84
-31630.0	7840.0	1199.8	2064.48
-31630.0	7840.0	1198.68	2084.24
-31630.0	7840.0	1197.56	2124.1
-31630.0	7840.0	1196.44	2094.72
-31630.0	7840.0	1195.32	2147.95
-31630.0	7840.0	1194.2	2156.53
-31630.0	7840.0	1193.08	2167.33
-31630.0	7840.0	1191.96	2079.93
-31630.0	7840.0	1190.84	2084.05
-31630.0	7840.0	1189.72	2083.7
-31630.0	7840.0	1188.6	2083.35
-31630.0	7840.0	1187.48	2134.3
-31630.0	7840.0	1186.35	2158.47
-31630.0	7840.0	1185.23	2057.78
-31630.0	7840.0	1184.11	2106.48
-31630.0	7840.0	1182.99	2144.01
-31630.0	7840.0	1181.87	2128.06
-31630.0	7840.0	1180.75	2103.19
-31630.0	7840.0	1179.62	2125.12
-31630.0	7840.0	1178.5	2151.49
-31630.0	7840.0	1177.38	2088.78
-31630.0	7840.0	1176.26	2273.22
-31630.0	7840.0	1175.13	2130.37
-31630.0	7840.0	1174.01	2165.62
-31630.0	7840.0	1172.89	2078.47
-31630.0	7840.0	1171.76	2107.05
-31630.0	7840.0	1170.64	2142.29
-31630.0	7840.0	1169.51	2104.12
-31630.0	7840.0	1168.39	2114.88
-31630.0	7840.0	1167.27	2110.08
-31630.0	7840.0	1166.14	2118.62
-31630.0	7840.0	1165.02	2142.71
-31630.0	7840.0	1163.89	2135.68
-31630.0	7840.0	1162.77	2179.76
-31630.0	7840.0	1161.64	2117.19
-31630.0	7840.0	1160.52	2081.29
-31630.0	7840.0	1159.39	2107.59
-31630.0	7840.0	1158.26	2036.18
-31630.0	7840.0	1157.14	2055.82
-31630.0	7840.0	1156.01	2117.62
-31630.0	7840.0	1154.88	2106.17
-31630.0	7840.0	1153.76	2179.04
-31630.0	7840.0	1152.63	2145.39
-31630.0	7840.0	1151.5	2138.37
-31630.0	7840.0	1150.38	2093.65
-31630.0	7840.0	1149.25	2079.99
-31630.0	7840.0	1148.12	2079.64
-31630.0	7840.0	1146.99	2090.37
-31630.0	7840.0	1145.87	2138.78
-31630.0	7840.0	1144.74	2129.55
-31630.0	7840.0	1143.61	2129.19
-31630.0	7840.0	1142.48	2108.89
-31630.0	7840.0	1141.35	2053.16
-31630.0	7840.0	1140.22	2134.75
-31630.0	7840.0	1139.09	2132.17
-31630.0	7840.0	1137.97	2136.24
-31630.0	7840.0	1136.84	2111.53
-31630.0	7840.0	1135.71	2086.82
-31630.0	7840.0	1134.58	2117.45
-31630.0	7840.0	1133.45	2128.15
-31630.0	7840.0	1132.32	2096.82
-31630.0	7840.0	1131.19	2105.31
-31630.0	7840.0	1130.05	2116.0
-31630.0	7840.0	1128.92	2109.01
-31630.0	7840.0	1127.79	2066.65
-31630.0	7840.0	1126.66	2148.07
-31630.0	7840.0	1125.53	2136.65
-31630.0	7840.0	1124.4	2151.75
-31630.0	7840.0	1123.27	2085.12
-31630.0	7840.0	1122.13	2073.72
-31630.0	7840.0	1121.0	2084.41
-31630.0	7840.0	1119.87	2042.1
-31630.0	7840.0	1118.74	2189.64
-31630.0	7840.0	1117.6	2112.03
-31630.0	7840.0	1116.47	2153.59
-31630.0	7840.0	1115.34	2111.3
-31630.0	7840.0	1114.2	2117.56
-31630.0	7840.0	1113.07	2084.11
-31630.0	7840.0	1111.94	2108.01
-31630.0	7840.0	1110.8	2078.99
-31630.0	7840.0	1109.67	2160.19
-31630.0	7840.0	1108.54	2038.6
-31630.0	7840.0	1107.4	2106.56
-31630.0	7840.0	1106.27	2106.2
-31630.0	7840.0	1105.13	2101.43
-31630.0	7840.0	1104.0	2129.7
-31630.0	7840.0	1102.86	2061.07
-31630.0	7840.0	1101.72	2166.39
-31630.0	7840.0	1100.59	2106.59
-31630.0	7840.0	1099.45	2090.82
-31630.0	7840.0	1098.32	2105.86
-31630.0	7840.0	1097.18	2123.1
-31630.0	7840.0	1096.04	2118.33
-31630.0	7840.0	1094.91	2157.55
-31630.0	7840.0	1093.77	2148.38
-31630.0	7840.0	1092.63	2104.04
-31630.0	7840.0	1091.5	2094.88
-31630.0	7840.0	1090.36	2202.22
-31630.0	7840.0	1089.22	2177.66
-31630.0	7840.0	1088.08	2078.42
-31630.0	7840.0	1086.95	2091.24
-31630.0	7840.0	1085.81	2062.32
-31630.0	7840.0	1084.67	2101.49
-31630.0	7840.0	1083.53	2094.54
-31630.0	7840.0	1082.39	2100.76
-31630.0	7840.0	1081.25	2106.98
-31630.0	7840.0	1080.11	2100.03
-31630.0	7840.0	1078.97	2112.83
-31630.0	7840.0	1077.83	2083.95
-31630.0	7840.0	1076.69	2098.94
-31630.0	7840.0	1075.55	2142.43
-31630.0	7840.0	1074.41	2168.37
-31630.0	7840.0	1073.27	2078.11
-31630.0	7840.0	1072.13	2027.34
-31630.0	7840.0	1070.99	2097.11
-31630.0	7840.0	1069.85	2190.96
-31630.0	7840.0	1068.71	2041.62
-31630.0	7840.0	1067.57	2124.49
-31630.0	7840.0	1066.43	2161.34
-31630.0	7840.0	1065.28	2119.37
-31630.0	7840.0	1064.14	2186.86
-31630.0	7840.0	1063.0	2142.7
-31630.0	7840.0	1061.86	2076.68
-31630.0	7840.0	1060.71	2144.14
-31630.0	7840.0	1059.57	2154.7
-31630.0	7840.0	1058.43	2134.64
-31630.0	7840.0	1057.29	2114.59
-31630.0	7840.0	1056.14	2151.38
-31630.0	7840.0	1055.0	2157.56
-31630.0	7840.0	1053.85	2148.44
-31630.0	7840.0	1052.71	2185.22
-31630.0	7840.0	1051.57	2119.29
-31630.0	7840.0	1050.42	2101.44
-31630.0	7840.0	1049.28	2162.22
-31630.0	7840.0	1048.13	2194.6
-31630.0	7840.0	1046.99	2255.35
-31630.0	7840.0	1045.84	2141.44
-31630.0	7840.0	1044.7	2245.82
-31630.0	7840.0	1043.55	2247.61
-31630.0	7840.0	1042.4	2116.31
-31630.0	7840.0	1041.26	2264.27
-31630.0	7840.0	1040.11	2191.9
-31630.0	7840.0	1038.97	2313.62
-31630.0	7840.0	1037.82	2241.27
-31630.0	7840.0	1036.67	2306.27
-31630.0	7840.0	1035.53	2294.96
-31630.0	7840.0	1034.38	2351.21
-31630.0	7840.0	1033.23	2291.97
-31630.0	7840.0	1032.08	2335.14
-31630.0	7840.0	1030.94	2317.3
-31630.0	7840.0	1029.79	2390.93
-31630.0	7840.0	1028.64	2399.21
-31630.0	7840.0	1027.49	2361.78
-31630.0	7840.0	1026.34	2315.66
-31630.0	7840.0	1025.19	2443.63
-31630.0	7840.0	1024.04	2499.76
-31630.0	7840.0	1022.89	2399.26
-31630.0	7840.0	1021.74	2455.38
-31630.0	7840.0	1020.59	2459.29
-31630.0	7840.0	1019.45	2413.2
-31630.0	7840.0	1018.29	2412.77
-31630.0	7840.0	1017.14	2497.1
-31630.0	7840.0	1015.99	2501.0
-31630.0	7840.0	1014.84	2554.87
-31630.0	7840.0	1013.69	2547.9
-31630.0	7840.0	1012.54	2536.59
-31630.0	7840.0	1011.39	2564.37
-31630.0	7840.0	1010.24	2570.42
-31630.0	7840.0	1009.09	2639.42
-31630.0	7840.0	1007.93	2612.91
-31630.0	7840.0	1006.78	2579.9
-31630.0	7840.0	1005.63	2629.33
-31630.0	7840.0	1004.48	2700.44
-31630.0	7840.0	1003.32	2650.08
-31630.0	7840.0	1002.17	2679.96
-31630.0	7840.0	1001.02	2863.75
-31630.0	7840.0	999.865	2828.56
-31630.0	7840.0	998.711	2864.89
-31630.0	7840.0	997.558	2899.05
-31630.0	7840.0	996.403	2978.68
-31630.0	7840.0	995.249	2928.33
-31630.0	7840.0	994.095	3051.24
-31630.0	7840.0	992.94	3109.16
-31630.0	7840.0	991.785	3151.89
-31630.0	7840.0	990.63	3179.47
-31630.0	7840.0	989.475	3239.49
-31630.0	7840.0	988.319	3273.52
-31630.0	7840.0	987.164	3249.14
-31630.0	7840.0	986.008	3300.46
-31630.0	7840.0	984.852	3429.62
-31630.0	7840.0	983.695	3448.46
-31630.0	7840.0	982.539	3605.64
-31630.0	7840.0	981.382	3520.7
-31630.0	7840.0	980.225	3550.32
-31630.0	7840.0	979.068	3560.48
-31630.0	7840.0	977.911	3581.44
-31630.0	7840.0	976.753	3578.64
-31630.0	7840.0	975.595	3586.63
-31630.0	7840.0	974.437	3557.91
-31630.0	7840.0	973.279	3630.66
-31630.0	7840.0	972.121	3668.85
-31630.0	7840.0	970.962	3750.19
-31630.0	7840.0	969.803	3678.31
-31630.0	7840.0	968.644	3692.75
-31630.0	7840.0	967.485	3646.79
-31630.0	7840.0	966.326	3814.32
-31630.0	7840.0	965.166	3785.6
-31630.0	7840.0	964.006	3828.02
-31630.0	7840.0	962.846	3775.61
-31630.0	7840.0	961.686	3783.54
-31630.0	7840.0	960.525	3836.71
-31630.0	7840.0	959.365	3861.86
-31630.0	7840.0	958.204	3902.08
-31630.0	7840.0	957.043	3806.64
-31630.0	7840.0	955.881	3821.01
-31630.0	7840.0	954.72	3800.95
-31630.0	7840.0	953.558	3918.61
-31630.0	7840.0	952.396	3833.99
-31630.0	7840.0	951.234	3876.32
-31630.0	7840.0	950.071	3937.98
-31630.0	7840.0	948.909	3862.0
-31630.0	7840.0	947.746	3975.25
-31630.0	7840.0	946.583	3948.73
-31630.0	7840.0	945.42	3965.2
-31630.0	7840.0	944.256	3917.21
-31630.0	7840.0	943.092	3897.16
-31630.0	7840.0	941.929	3928.66
-31630.0	7840.0	940.765	3919.36
-31630.0	7840.0	939.6	3899.32
-31630.0	7840.0	938.436	3857.81
-31630.0	7840.0	937.271	3816.33
-31630.0	7840.0	936.106	3789.88
-31630.0	7840.0	934.941	3754.85
-31630.0	7840.0	933.775	3631.89
-31630.0	7840.0	932.61	3624.79
-31630.0	7840.0	931.444	3497.6
-31630.0	7840.0	930.278	3544.13
-31630.0	7840.0	929.112	3359.13
-31630.0	7840.0	927.945	3358.51
-31630.0	7840.0	926.779	3122.18
-31630.0	7840.0	925.612	3226.59
-31630.0	7840.0	924.445	3240.99
-31630.0	7840.0	923.278	3203.98
-31630.0	7840.0	922.11	3098.47
-31630.0	7840.0	920.942	3076.49
-31630.0	7840.0	919.774	3110.18
-31630.0	7840.0	918.606	2996.18
-31630.0	7840.0	917.438	3019.16
-31630.0	7840.0	916.269	3005.77
-31630.0	7840.0	915.1	2936.77
-31630.0	7840.0	913.931	2912.71
-31630.0	7840.0	912.762	2815.95
-31630.0	7840.0	911.593	2809.02
-31630.0	7840.0	910.423	2829.88
-31630.0	7840.0	909.253	2859.27
-31630.0	7840.0	908.083	2807.47
-31630.0	7840.0	906.913	2817.63
-31630.0	7840.0	905.742	2727.4
-31630.0	7840.0	904.572	2735.44
-31630.0	7840.0	903.401	2707.18
-31630.0	7840.0	902.229	2845.43
-31630.0	7840.0	901.058	2755.27
-31630.0	7840.0	899.886	2752.62
-31630.0	7840.0	898.715	2636.91
-31630.0	7840.0	897.543	2640.69
-31630.0	7840.0	896.37	2729.77
-31630.0	7840.0	895.198	2701.54
-31630.0	7840.0	894.025	2679.72
-31630.0	7840.0	892.852	2692.01
-31630.0	7840.0	891.679	2712.82
-31630.0	7840.0	890.506	2593.0
-31630.0	7840.0	889.332	2635.13
-31630.0	7840.0	888.158	2615.47
-31630.0	7840.0	886.984	2578.78
-31630.0	7840.0	885.81	2582.56
-31630.0	7840.0	884.636	2603.37
-31630.0	7840.0	883.461	2647.58
-31630.0	7840.0	882.286	2613.04
-31630.0	7840.0	881.111	2659.35
-31630.0	7840.0	879.936	2624.83
-31630.0	7840.0	878.76	2600.94
-31630.0	7840.0	877.584	2653.61
-31630.0	7840.0	876.408	2636.11
-31630.0	7840.0	875.232	2661.13
-31630.0	7840.0	874.056	2609.63
-31630.0	7840.0	872.879	2511.4
-31630.0	7840.0	871.702	2504.56
-31630.0	7840.0	870.525	2582.68
-31630.0	7840.0	869.348	2575.82
-31630.0	7840.0	868.17	2592.33
-31630.0	7840.0	866.993	2464.48
-31630.0	7840.0	865.815	2565.89
-31630.0	7840.0	864.637	2508.12
-31630.0	7840.0	863.458	2460.97
-31630.0	7840.0	862.28	2449.91
-31630.0	7840.0	861.101	2449.45
-31630.0	7840.0	859.922	2476.55
-31630.0	7840.0	858.742	2503.65
-31630.0	7840.0	857.563	2445.95
-31630.0	7840.0	856.383	2441.25
-31630.0	7840.0	855.203	2430.2
-31630.0	7840.0	854.023	2459.4
-31630.0	7840.0	852.843	2558.48
-31630.0	7840.0	851.662	2456.36
-31630.0	7840.0	850.481	2445.31
-31630.0	7840.0	849.3	2457.55
-31630.0	7840.0	848.119	2431.69
-31630.0	7840.0	846.937	2492.59
-31630.0	7840.0	845.756	2456.16
-31630.0	7840.0	844.574	2457.81
-31630.0	7840.0	843.392	2467.92
-31630.0	7840.0	842.209	2437.86
-31630.0	7840.0	841.027	2422.6
-31630.0	7840.0	839.844	2381.98
-31630.0	7840.0	838.661	2444.93
-31630.0	7840.0	837.477	2436.02
-31630.0	7840.0	836.294	2475.69
-31630.0	7840.0	835.11	2473.11
-31630.0	7840.0	833.926	2472.64
-31630.0	7840.0	832.742	2436.28
-31630.0	7840.0	831.558	2408.38
-31630.0	7840.0	830.373	2450.13
-31630.0	7840.0	829.188	2489.76
-31630.0	7840.0	828.003	2432.33
-31630.0	7840.0	826.818	2448.74
-31630.0	7840.0	825.632	2450.39
-31630.0	7840.0	824.446	2420.4
-31630.0	7840.0	823.26	2474.75
-31630.0	7840.0	822.074	2472.17
-31630.0	7840.0	820.888	2421.13
-31630.0	7840.0	819.701	2517.58
-31630.0	7840.0	818.514	2451.81
-31630.0	7840.0	817.327	2489.25
-31630.0	7840.0	816.14	2377.18
-31630.0	7840.0	814.952	2475.67
-31630.0	7840.0	813.765	2431.0
-31630.0	7840.0	812.577	2424.22
-31630.0	7840.0	811.388	2402.72
-31630.0	7840.0	810.2	2431.71
-31630.0	7840.0	809.011	2427.04
-31630.0	7840.0	807.822	2405.55
-31630.0	7840.0	806.633	2394.58
-31630.0	7840.0	805.444	2410.94
-31630.0	7840.0	804.254	2410.48
-31630.0	7840.0	803.064	2361.69
-31630.0	7840.0	801.874	2386.45
-31630.0	7840.0	800.684	2358.69
-31630.0	7840.0	799.493	2370.84
-31630.0	7840.0	798.303	2422.87
-31630.0	7840.0	797.112	2476.99
-31630.0	7840.0	795.921	2411.45
-31630.0	7840.0	794.729	2373.22
-31630.0	7840.0	793.538	2402.14
-31630.0	7840.0	792.346	2332.46
-31630.0	7840.0	791.154	2397.02
-31630.0	7840.0	789.961	2457.37
-31630.0	7840.0	788.769	2373.04
-31630.0	7840.0	787.576	2357.92
-31630.0	7840.0	786.383	2386.8
-31630.0	7840.0	785.19	2258.54
-31630.0	7840.0	783.996	2304.19
-31630.0	7840.0	782.802	2322.6
-31630.0	7840.0	781.608	2294.93
-31630.0	7840.0	780.414	2260.99
-31630.0	7840.0	779.22	2268.93
-31630.0	7840.0	778.025	2350.11
-31630.0	7840.0	776.83	2374.76
-31630.0	7840.0	775.635	2296.91
-31630.0	7840.0	774.44	2380.12
-31630.0	7840.0	773.244	2281.38
-31630.0	7840.0	772.049	2326.94
-31630.0	7840.0	770.853	2401.74
-31630.0	7840.0	769.656	2267.52
-31630.0	7840.0	768.46	2315.14
-31630.0	7840.0	767.263	2335.59
-31630.0	7840.0	766.066	2314.25
-31630.0	7840.0	764.869	2282.48
-31630.0	7840.0	763.672	2311.27
-31630.0	7840.0	762.474	2319.17
-31630.0	7840.0	761.276	2283.24
-31630.0	7840.0	760.078	2286.97
-31630.0	7840.0	758.88	2397.1
-31630.0	7840.0	757.681	2313.2
-31630.0	7840.0	756.483	2296.07
-31630.0	7840.0	755.284	2306.05
-31630.0	7840.0	754.084	2255.57
-31630.0	7840.0	752.885	2198.86
-31630.0	7840.0	751.685	2225.53
-31630.0	7840.0	750.485	2198.01
-31630.0	7840.0	749.285	2276.74
-31630.0	7840.0	748.085	2230.48
-31630.0	7840.0	746.884	2236.29
-31630.0	7840.0	745.683	2246.26
-31630.0	7840.0	744.482	2195.87
-31630.0	7840.0	743.281	2280.77
-31630.0	7840.0	742.079	2311.53
-31630.0	7840.0	740.877	2265.32
-31630.0	7840.0	739.675	2202.49
-31630.0	7840.0	738.473	2245.72
-31630.0	7840.0	737.27	2199.55
-31630.0	7840.0	736.068	2120.13
-31630.0	7840.0	734.865	2136.35
-31630.0	7840.0	733.661	2202.42
-31630.0	7840.0	732.458	2185.37
-31630.0	7840.0	731.254	2205.71
-31630.0	7840.0	730.05	2230.2
-31630.0	7840.0	728.846	2242.22
-31630.0	7840.0	727.642	2194.04
-31630.0	7840.0	726.437	2199.84
-31630.0	7840.0	725.232	2280.33
-31630.0	7840.0	724.027	2215.57
-31630.0	7840.0	722.822	2198.55
-31630.0	7840.0	721.616	2266.55
-31630.0	7840.0	720.41	2249.52
-31630.0	7840.0	719.204	2259.44
-31630.0	7840.0	717.998	2277.65
-31630.0	7840.0	716.791	2231.62
-31630.0	7840.0	715.585	2268.47
-31630.0	7840.0	714.378	2535.22
-31630.0	7840.0	713.17	2261.37
-31630.0	7840.0	711.963	2256.79
-31630.0	7840.0	710.755	2212.87
-31630.0	7840.0	709.547	2295.22
-31630.0	7840.0	708.339	2238.9
-31630.0	7840.0	707.131	2304.67
-31630.0	7840.0	705.922	2335.24
-31630.0	7840.0	704.713	2287.22
-31630.0	7840.0	703.504	2199.93
-31630.0	7840.0	702.295	2205.7
-31630.0	7840.0	701.085	2352.0
-31630.0	7840.0	699.875	2287.48
-31630.0	7840.0	698.665	2318.02
-31630.0	7840.0	697.455	2305.17
-31630.0	7840.0	696.244	2335.69
-31630.0	7840.0	695.034	2380.66
-31630.0	7840.0	693.822	2332.71
-31630.0	7840.0	692.611	2354.95
-31630.0	7840.0	691.4	2364.81
-31630.0	7840.0	690.188	2310.7
-31630.0	7840.0	688.976	2384.5
-31630.0	7840.0	687.764	2394.34
-31630.0	7840.0	686.551	2329.95
-31630.0	7840.0	685.339	2352.16
-31630.0	7840.0	684.126	2403.22
-31630.0	7840.0	682.912	2408.93
-31630.0	7840.0	681.699	2418.76
-31630.0	7840.0	680.485	2358.54
-31630.0	7840.0	679.271	2450.75
-31630.0	7840.0	678.057	2353.49
-31630.0	7840.0	676.843	2445.66
-31630.0	7840.0	675.628	2473.99
-31630.0	7840.0	674.413	2463.21
-31630.0	7840.0	673.198	2489.47
-31630.0	7840.0	671.983	2491.03
-31630.0	7840.0	670.767	2459.69
-31630.0	7840.0	669.551	2444.81
-31630.0	7840.0	668.335	2501.88
-31630.0	7840.0	667.119	2526.05
-31630.0	7840.0	665.902	2472.12
-31630.0	7840.0	664.686	2490.12
-31630.0	7840.0	663.469	2545.09
-31630.0	7840.0	662.251	2532.26
-31630.0	7840.0	661.034	2496.85
-31630.0	7840.0	659.816	2551.78
-31630.0	7840.0	658.598	2520.48
-31630.0	7840.0	657.38	2415.32
-31630.0	7840.0	656.161	2525.64
-31630.0	7840.0	654.942	2566.16
-31630.0	7840.0	653.723	2582.05
-31630.0	7840.0	652.504	2511.82
-31630.0	7840.0	651.285	2480.57
-31630.0	7840.0	650.065	2543.61
-31630.0	7840.0	648.845	2510.32
-31630.0	7840.0	647.625	2468.84
-31630.0	7840.0	646.404	2603.54
-31630.0	7840.0	645.184	2594.83
-31630.0	7840.0	643.963	2633.22
-31630.0	7840.0	642.742	2556.94
-31630.0	7840.0	641.52	2589.18
-31630.0	7840.0	640.298	2609.13
-31630.0	7840.0	639.076	2651.57
-31630.0	7840.0	637.854	2628.54
-31630.0	7840.0	636.632	2556.43
-31630.0	7840.0	635.409	2543.65
-31630.0	7840.0	634.186	2573.81
-31630.0	7840.0	632.963	2630.52
-31630.0	7840.0	631.74	2597.3
-31630.0	7840.0	630.516	2635.6
-31630.0	7840.0	629.292	2590.13
-31630.0	7840.0	628.068	2652.92
-31630.0	7840.0	626.844	2631.97
-31630.0	7840.0	625.619	2633.48
-31630.0	7840.0	624.394	2702.35
-31630.0	7840.0	623.169	2660.99
-31630.0	7840.0	621.944	2760.43
-31630.0	7840.0	620.718	2621.16
-31630.0	7840.0	619.492	2673.66
-31630.0	7840.0	618.266	2669.05
-31630.0	7840.0	617.04	2670.55
-31630.0	7840.0	615.813	2688.35
-31630.0	7840.0	614.587	2598.15
-31630.0	7840.0	613.36	2673.01
-31630.0	7840.0	612.132	2611.36
-31630.0	7840.0	610.905	2639.35
-31630.0	7840.0	609.677	2553.3
-31630.0	7840.0	608.449	2670.86
-31630.0	7840.0	607.22	2647.93
-31630.0	7840.0	605.992	2594.49
-31630.0	7840.0	604.763	2608.2
-31630.0	7840.0	603.534	2593.44
-31630.0	7840.0	602.305	2623.42
-31630.0	7840.0	601.075	2592.39
-31630.0	7840.0	599.845	2602.03
-31630.0	7840.0	598.615	2613.7
-31630.0	7840.0	597.385	2495.32
-31630.0	7840.0	596.154	2563.89
-31630.0	7840.0	594.924	2587.74
-31630.0	7840.0	593.693	2633.93
-31630.0	7840.0	592.461	2475.02
-31630.0	7840.0	591.23	2525.27
-31630.0	7840.0	589.998	2522.73
-31630.0	7840.0	588.766	2510.04
-31630.0	7840.0	587.534	2621.12
-31630.0	7840.0	586.301	2582.05
-31630.0	7840.0	585.068	2534.88
-31630.0	7840.0	583.835	2526.26
-31630.0	7840.0	582.602	2535.88
-31630.0	7840.0	581.368	2545.5
-31630.0	7840.0	580.134	2607.79
-31630.0	7840.0	578.9	2534.33
-31630.0	7840.0	577.666	2580.41
-31630.0	7840.0	576.432	2557.61
-31630.0	7840.0	575.197	2579.36
-31630.0	7840.0	573.962	2514.06
-31630.0	7840.0	572.726	2562.12
-31630.0	7840.0	571.491	2606.11
-31630.0	7840.0	570.255	2540.85
-31630.0	7840.0	569.019	2556.51
-31630.0	7840.0	567.783	2600.47
-31630.0	7840.0	566.546	2707.1
-31630.0	7840.0	565.309	2635.8
-31630.0	7840.0	564.072	2590.8
-31630.0	7840.0	562.835	2673.11
-31630.0	7840.0	561.597	2634.19
-31630.0	7840.0	560.359	2674.04
-31630.0	7840.0	559.121	2768.4
-31630.0	7840.0	557.883	2733.52
-31630.0	7840.0	556.644	2755.16
-31630.0	7840.0	555.406	2903.93
-31630.0	7840.0	554.167	2832.73
-31630.0	7840.0	552.927	2852.32
-31630.0	7840.0	551.688	2934.42
-31630.0	7840.0	550.448	2986.25
-31630.0	7840.0	549.208	3120.71
-31630.0	7840.0	547.967	3196.66
-31630.0	7840.0	546.727	3135.55
-31630.0	7840.0	545.486	3179.24
-31630.0	7840.0	544.245	3249.09
-31630.0	7840.0	543.003	3339.05
-31630.0	7840.0	541.762	3549.78
-31630.0	7840.0	540.52	3687.95
-31630.0	7840.0	539.278	3725.44
-31630.0	7840.0	538.035	3954.07
-31630.0	7840.0	536.793	4186.63
-31630.0	7840.0	535.55	4346.69
-31630.0	7840.0	534.307	4623.32
-31630.0	7840.0	533.063	4869.67
-31630.0	7840.0	531.82	5381.27
-31630.0	7840.0	530.576	5880.6
-31630.0	7840.0	529.331	6642.95
-31630.0	7840.0	528.087	7778.65
-31630.0	7840.0	526.842	9367.81
-31630.0	7840.0	525.597	11807.8
-31630.0	7840.0	524.352	16031.6
-31630.0	7840.0	523.107	23431.2
-31630.0	7840.0	521.861	34390.0
-31630.0	7840.0	520.615	41648.3
-31630.0	7840.0	519.369	40450.2
-31630.0	7840.0	518.122	36155.8
-31630.0	7840.0	516.876	30786.4
-31630.0	7840.0	515.629	25503.3
-31630.0	7840.0	514.381	21629.6
-31630.0	7840.0	513.134	18621.1
-31630.0	7840.0	511.886	16341.2
-31630.0	7840.0	510.638	14695.2
-31630.0	7840.0	509.39	13494.6
-31630.0	7840.0	508.141	12472.6
-31630.0	7840.0	506.892	11705.3
-31630.0	7840.0	505.643	11340.6
-31630.0	7840.0	504.394	10814.0
-31630.0	7840.0	503.145	10435.6
-31630.0	7840.0	501.895	10475.5
-31630.0	7840.0	500.645	10233.3
-31630.0	7840.0	499.394	10217.2
-31630.0	7840.0	498.144	10205.1
-31630.0	7840.0	496.893	10284.9
-31630.0	7840.0	495.642	10045.0
-31630.0	7840.0	494.39	9671.34
-31630.0	7840.0	493.139	9731.26
-31630.0	7840.0	491.887	9591.45
-31630.0	7840.0	490.635	9369.85
-31630.0	7840.0	489.382	9096.43
-31630.0	7840.0	488.13	9112.51
-31630.0	7840.0	486.877	8845.24
-31630.0	7840.0	485.623	8913.23
-31630.0	7840.0	484.37	8887.45
-31630.0	7840.0	483.116	8742.04
-31630.0	7840.0	481.862	8806.02
-31630.0	7840.0	480.608	8487.26
-31630.0	7840.0	479.354	8615.04
-31630.0	7840.0	478.099	8463.82
-31630.0	7840.0	476.844	8326.6
-31630.0	7840.0	475.588	8233.26
-31630.0	7840.0	474.333	8335.09
-31630.0	7840.0	473.077	7975.02
-31630.0	7840.0	471.821	8049.0
-31630.0	7840.0	470.565	8111.01
-31630.0	7840.0	469.308	7860.63
-31630.0	7840.0	468.051	7857.01
-31630.0	7840.0	466.794	7851.4
-31630.0	7840.0	465.537	7700.64
-31630.0	7840.0	464.279	7653.32
-31630.0	7840.0	463.021	7395.34
-31630.0	7840.0	461.763	7330.22
-31630.0	7840.0	460.505	7171.75
-31630.0	7840.0	459.246	7170.26
-31630.0	7840.0	457.987	6944.37
-31630.0	7840.0	456.728	6849.61
-31630.0	7840.0	455.469	6842.22
-31630.0	7840.0	454.209	6676.08
-31630.0	7840.0	452.949	6607.23
-31630.0	7840.0	451.689	6423.35
-31630.0	7840.0	450.428	6441.84
-31630.0	7840.0	449.167	6390.92
-31630.0	7840.0	447.906	6260.73
-31630.0	7840.0	446.645	6194.01
-31630.0	7840.0	445.383	5976.72
-31630.0	7840.0	444.122	6054.72
-31630.0	7840.0	442.86	5964.32
-31630.0	7840.0	441.597	5850.19
-31630.0	7840.0	440.335	5635.12
-31630.0	7840.0	439.072	5598.31
-31630.0	7840.0	437.809	5565.47
-31630.0	7840.0	436.545	5657.31
-31630.0	7840.0	435.281	5543.36
-31630.0	7840.0	434.018	5316.72
-31630.0	7840.0	432.753	5349.22
-31630.0	7840.0	431.489	5300.65
-31630.0	7840.0	430.224	5368.73
-31630.0	7840.0	428.959	5229.27
-31630.0	7840.0	427.694	5190.63
-31630.0	7840.0	426.428	5110.52
-31630.0	7840.0	425.163	4979.1
-31630.0	7840.0	423.896	5001.75
-31630.0	7840.0	422.63	4864.48
-31630.0	7840.0	421.364	4916.76
-31630.0	7840.0	420.097	4860.47
-31630.0	7840.0	418.83	4855.5
-31630.0	7840.0	417.562	4862.38
-31630.0	7840.0	416.295	4750.92
-31630.0	7840.0	415.027	4609.93
-31630.0	7840.0	413.758	4737.09
-31630.0	7840.0	412.49	4590.25
-31630.0	7840.0	411.221	4583.38
-31630.0	7840.0	409.952	4539.07
-31630.0	7840.0	408.683	4727.21
-31630.0	7840.0	407.414	4395.38
-31630.0	7840.0	406.144	4453.52
-31630.0	7840.0	404.874	4568.72
-31630.0	7840.0	403.603	4597.28
-31630.0	7840.0	402.333	4517.61
-31630.0	7840.0	401.062	4550.1
-31630.0	7840.0	399.791	4612.08
-31630.0	7840.0	398.519	4571.79
-31630.0	7840.0	397.248	4602.28
-31630.0	7840.0	395.976	4554.14
-31630.0	7840.0	394.704	4598.38
-31630.0	7840.0	393.431	4426.48
-31630.0	7840.0	392.159	4486.44
-31630.0	7840.0	390.886	4414.8
-31630.0	7840.0	389.612	4476.7
-31630.0	7840.0	388.339	4418.82
-31630.0	7840.0	387.065	4463.03
-31630.0	7840.0	385.791	4515.07
-31630.0	7840.0	384.517	4414.07
-31630.0	7840.0	383.242	4411.18
-31630.0	7840.0	381.967	4512.22
-31630.0	7840.0	380.692	4505.38
-31630.0	7840.0	379.417	4492.67
-31630.0	7840.0	378.141	4430.97
-31630.0	7840.0	376.865	4394.77
-31630.0	7840.0	375.589	4427.14
-31630.0	7840.0	374.312	4420.33
-31630.0	7840.0	373.035	4423.31
-31630.0	7840.0	371.758	4289.26
-31630.0	7840.0	370.481	4392.09
-31630.0	7840.0	369.204	4391.16
-31630.0	7840.0	367.926	4353.06
-31630.0	7840.0	366.648	4273.9
-31630.0	7840.0	365.369	4272.99
-31630.0	7840.0	364.091	4229.08
-31630.0	7840.0	362.812	4308.33
-31630.0	7840.0	361.532	4356.28
-31630.0	7840.0	360.253	4312.37
-31630.0	7840.0	358.973	4209.87
-31630.0	7840.0	357.693	4242.18
-31630.0	7840.0	356.413	4303.77
-31630.0	7840.0	355.132	4277.48
-31630.0	7840.0	353.852	4323.42
-31630.0	7840.0	352.571	4228.83
-31630.0	7840.0	351.289	4300.13
-31630.0	7840.0	350.008	4277.76
-31630.0	7840.0	348.726	4323.66
-31630.0	7840.0	347.444	4314.94
-31630.0	7840.0	346.161	4341.32
-31630.0	7840.0	344.878	4346.24
-31630.0	7840.0	343.595	4341.43
-31630.0	7840.0	342.312	4385.31
-31630.0	7840.0	341.029	4273.36
-31630.0	7840.0	339.745	4389.29
-31630.0	7840.0	338.461	4347.48
-31630.0	7840.0	337.176	4436.09
-31630.0	7840.0	335.892	4485.75
-31630.0	7840.0	334.607	4426.43
-31630.0	7840.0	333.322	4406.03
-31630.0	7840.0	332.036	4457.61
-31630.0	7840.0	330.75	4470.27
-31630.0	7840.0	329.464	4512.09
-31630.0	7840.0	328.178	4550.01
-31630.0	7840.0	326.892	4619.0
-31630.0	7840.0	325.605	4548.07
-31630.0	7840.0	324.318	4589.84
-31630.0	7840.0	323.03	4680.13
-31630.0	7840.0	321.743	4698.55
-31630.0	7840.0	320.455	4796.55
-31630.0	7840.0	319.167	4580.11
-31630.0	7840.0	317.878	4672.27
-31630.0	7840.0	316.59	4649.94
-31630.0	7840.0	315.301	4761.44
-31630.0	7840.0	314.011	4801.15
-31630.0	7840.0	312.722	4802.06
-31630.0	7840.0	311.432	4830.12
-31630.0	7840.0	310.142	4838.78
-31630.0	7840.0	308.851	4996.61
-31630.0	7840.0	307.561	4918.07
-31630.0	7840.0	306.27	5009.98
-31630.0	7840.0	304.979	5051.51
-31630.0	7840.0	303.687	5158.83
-31630.0	7840.0	302.395	5008.71
-31630.0	7840.0	301.103	5036.67
-31630.0	7840.0	299.811	4979.49
-31630.0	7840.0	298.519	4978.43
-31630.0	7840.0	297.226	4882.62
-31630.0	7840.0	295.933	4765.58
-31630.0	7840.0	294.639	4832.21
-31630.0	7840.0	293.345	4734.56
-31630.0	7840.0	292.052	4853.33
-31630.0	7840.0	290.757	4747.99
-31630.0	7840.0	289.463	4743.11
-31630.0	7840.0	288.168	4747.89
-31630.0	7840.0	286.873	4725.64
-31630.0	7840.0	285.578	4579.89
-31630.0	7840.0	284.282	4553.82
-31630.0	7840.0	282.986	4574.07
-31630.0	7840.0	281.69	4521.02
-31630.0	7840.0	280.393	4521.98
-31630.0	7840.0	279.097	4420.76
-31630.0	7840.0	277.8	4348.5
-31630.0	7840.0	276.502	4328.3
-31630.0	7840.0	275.205	4277.28
-31630.0	7840.0	273.907	4328.37
-31630.0	7840.0	272.609	4275.45
-31630.0	7840.0	271.311	4291.86
-31630.0	7840.0	270.012	4215.87
-31630.0	7840.0	268.713	4126.43
-31630.0	7840.0	267.414	4029.34
-31630.0	7840.0	266.114	3947.68
-31630.0	7840.0	264.814	4043.0
-31630.0	7840.0	263.514	4042.14
-31630.0	7840.0	262.214	3989.36
-31630.0	7840.0	260.913	3976.97
-31630.0	7840.0	259.613	3989.57
-31630.0	7840.0	258.311	3844.62
-31630.0	7840.0	257.01	3784.25
-31630.0	7840.0	255.708	3812.24
-31630.0	7840.0	254.406	3767.26
-31630.0	7840.0	253.104	3724.22
-31630.0	7840.0	251.801	3706.15
-31630.0	7840.0	250.499	3615.17
-31630.0	7840.0	249.195	3633.58
-31630.0	7840.0	247.892	3717.2
-31630.0	7840.0	246.588	3651.2
-31630.0	7840.0	245.284	3675.34
-31630.0	7840.0	243.98	3507.79
-31630.0	7840.0	242.676	3566.45
-31630.0	7840.0	241.371	3579.09
-31630.0	7840.0	240.066	3618.55
-31630.0	7840.0	238.76	3527.76
-31630.0	7840.0	237.455	3484.88
-31630.0	7840.0	236.149	3520.51
-31630.0	7840.0	234.843	3420.23
-31630.0	7840.0	233.536	3362.08
-31630.0	7840.0	232.229	3391.97
-31630.0	7840.0	230.922	3395.07
-31630.0	7840.0	229.615	3413.46
-31630.0	7840.0	228.307	3407.0
-31630.0	7840.0	227.0	3333.63
-31630.0	7840.0	225.691	3256.47
-31630.0	7840.0	224.383	3114.38
-31630.0	7840.0	223.074	3249.34
-31630.0	7840.0	221.765	3221.9
-31630.0	7840.0	220.456	3121.92
-31630.0	7840.0	219.146	3226.25
-31630.0	7840.0	217.836	3216.01
-31630.0	7840.0	216.526	3228.68
-31630.0	7840.0	215.216	3172.66
-31630.0	7840.0	213.905	3027.01
-31630.0	7840.0	212.594	3074.04
-31630.0	7840.0	211.283	2989.49
-31630.0	7840.0	209.971	3147.06
-31630.0	7840.0	208.66	3121.61
-31630.0	7840.0	207.348	3223.82
-31630.0	7840.0	206.035	3209.79
-31630.0	7840.0	204.722	3475.74
-31630.0	7840.0	203.409	3554.96
-31630.0	7840.0	202.096	3599.88
-31630.0	7840.0	200.783	3593.4
-31630.0	7840.0	199.469	3737.25
-31630.0	7840.0	198.155	3787.81
-31630.0	7840.0	196.84	3851.66
-31630.0	7840.0	195.526	3896.47
-31630.0	7840.0	194.211	3950.77
-31630.0	7840.0	192.896	4035.46
-31630.0	7840.0	191.58	4190.42
-31630.0	7840.0	190.264	4181.92
-31630.0	7840.0	188.948	4239.91
-31630.0	7840.0	187.632	4227.6
-31630.0	7840.0	186.315	4298.84
-31630.0	7840.0	184.998	4286.53
-31630.0	7840.0	183.681	4312.18
-31630.0	7840.0	182.364	4354.89
-31630.0	7840.0	181.046	4365.34
-31630.0	7840.0	179.728	4345.43
-31630.0	7840.0	178.41	4293.29
-31630.0	7840.0	177.091	4442.14
-31630.0	7840.0	175.772	4399.49
-31630.0	7840.0	174.453	4366.32
-31630.0	7840.0	173.133	4480.96
-31630.0	7840.0	171.814	4521.67
-31630.0	7840.0	170.494	4509.33
-31630.0	7840.0	169.173	4508.36
-31630.0	7840.0	167.853	4492.24
-31630.0	7840.0	166.532	4525.34
-31630.0	7840.0	165.211	4601.95
-31630.0	7840.0	163.889	4653.92
-31630.0	7840.0	162.567	4726.69
-31630.0	7840.0	161.245	4710.54
-31630.0	7840.0	159.923	4785.15
-31630.0	7840.0	158.6	4731.19
-31630.0	7840.0	157.278	4732.06
-31630.0	7840.0	155.954	4727.26
-31630.0	7840.0	154.631	4801.8
-31630.0	7840.0	153.307	4819.65
-31630.0	7840.0	151.983	4790.29
-31630.0	7840.0	150.659	4787.37
-31630.0	7840.0	149.334	4878.82
-31630.0	7840.0	148.009	4804.17
-31630.0	7840.0	146.684	4782.38
-31630.0	7840.0	145.359	4836.05
-31630.0	7840.0	144.033	4778.43
-31630.0	7840.0	142.707	4843.39
-31630.0	7840.0	141.381	4848.0
-31630.0	7840.0	140.054	4912.91
-31630.0	7840.0	138.727	4881.7
-31630.0	7840.0	137.4	4814.72
-31630.0	7840.0	136.072	4811.8
-31630.0	7840.0	134.745	4812.64
-31630.0	7840.0	133.417	4881.26
-31630.0	7840.0	132.088	4821.86
-31630.0	7840.0	130.76	4758.72
-31630.0	7840.0	129.431	4864.93
-31630.0	7840.0	128.102	4835.66
-31630.0	7840.0	126.772	4765.04
-31630.0	7840.0	125.442	4732.05
-31630.0	7840.0	124.112	4637.05
-31630.0	7840.0	122.782	4652.96
-31630.0	7840.0	121.451	4573.05
-31630.0	7840.0	120.12	4649.07
-31630.0	7840.0	118.789	4552.29
-31630.0	7840.0	117.458	4521.27
-31630.0	7840.0	116.126	4362.61
-31630.0	7840.0	114.794	4277.21
-31630.0	7840.0	113.462	4150.57
-31630.0	7840.0	112.129	4145.92
-31630.0	7840.0	110.796	3966.84
-31630.0	7840.0	109.463	3907.86
-31630.0	7840.0	108.129	3805.77
-31630.0	7840.0	106.796	3658.75
-31630.0	7840.0	105.461	3588.63
-31630.0	7840.0	104.127	3437.97
-31630.0	7840.0	102.792	3304.23
-31630.0	7840.0	101.457	3015.11
-31630.0	7840.0	100.122	2791.65
-31630.0	7840.0	98.7867	2680.61
-31630.0	7840.0	97.4509	2625.75
-31630.0	7840.0	96.1148	2424.98
-31630.0	7840.0	94.7784	2259.83
-31630.0	7840.0	93.4418	2177.05
-31630.0	7840.0	92.1048	2028.85
-31630.0	7840.0	90.7676	1968.59
-31630.0	7840.0	89.43	1908.35
-31630.0	7840.0	88.0922	1883.65
-31630.0	7840.0	86.7541	1836.53
-31630.0	7840.0	85.4157	1843.61
