-31630.0	7846.0	1311.89	2164.61
-31630.0	7846.0	1310.78	2282.35
-31630.0	7846.0	1309.68	2207.06
-31630.0	7846.0	1308.58	2218.06
-31630.0	7846.0	1307.48	2190.46
-31630.0	7846.0	1306.38	2240.04
-31630.0	7846.0	1305.28	2239.68
-31630.0	7846.0	1304.18	2148.57
-31630.0	7846.0	1303.07	2186.79
-31630.0	7846.0	1301.97	2200.05
-31630.0	7846.0	1300.87	2290.41
-31630.0	7846.0	1299.77	2199.35
-31630.0	7846.0	1298.66	2214.86
-31630.0	7846.0	1297.56	2300.64
-31630.0	7846.0	1296.46	2300.27
-31630.0	7846.0	1295.35	2268.18
-31630.0	7846.0	1294.25	2170.39
-31630.0	7846.0	1293.15	2253.86
-31630.0	7846.0	1292.04	2353.15
-31630.0	7846.0	1290.94	2314.27
-31630.0	7846.0	1289.83	2309.37
-31630.0	7846.0	1288.73	2238.82
-31630.0	7846.0	1287.63	2229.41
-31630.0	7846.0	1286.52	2258.47
-31630.0	7846.0	1285.42	2235.48
-31630.0	7846.0	1284.31	2307.51
-31630.0	7846.0	1283.21	2203.09
-31630.0	7846.0	1282.1	2270.58
-31630.0	7846.0	1280.99	2267.96
-31630.0	7846.0	1279.89	2256.29
-31630.0	7846.0	1278.78	2235.58
-31630.0	7846.0	1277.68	2217.13
-31630.0	7846.0	1276.57	2243.89
-31630.0	7846.0	1275.46	2223.2
-31630.0	7846.0	1274.36	2270.27
-31630.0	7846.0	1273.25	2306.04
-31630.0	7846.0	1272.14	2298.9
-31630.0	7846.0	1271.04	2257.88
-31630.0	7846.0	1269.93	2291.38
-31630.0	7846.0	1268.82	2173.64
-31630.0	7846.0	1267.71	2193.59
-31630.0	7846.0	1266.61	2215.8
-31630.0	7846.0	1265.5	2222.21
-31630.0	7846.0	1264.39	2291.78
-31630.0	7846.0	1263.28	2237.28
-31630.0	7846.0	1262.17	2160.24
-31630.0	7846.0	1261.06	2202.73
-31630.0	7846.0	1259.95	2146.02
-31630.0	7846.0	1258.84	2136.65
-31630.0	7846.0	1257.74	2147.57
-31630.0	7846.0	1256.63	2250.87
-31630.0	7846.0	1255.52	2203.19
-31630.0	7846.0	1254.41	2277.16
-31630.0	7846.0	1253.3	2247.51
-31630.0	7846.0	1252.19	2240.39
-31630.0	7846.0	1251.08	2312.07
-31630.0	7846.0	1249.96	2268.92
-31630.0	7846.0	1248.85	2210.04
-31630.0	7846.0	1247.74	2247.93
-31630.0	7846.0	1246.63	2231.81
-31630.0	7846.0	1245.52	2220.2
-31630.0	7846.0	1244.41	2267.07
-31630.0	7846.0	1243.3	2086.8
-31630.0	7846.0	1242.18	2153.91
-31630.0	7846.0	1241.07	2160.3
-31630.0	7846.0	1239.96	2218.39
-31630.0	7846.0	1238.85	2213.53
-31630.0	7846.0	1237.74	2192.94
-31630.0	7846.0	1236.62	2161.13
-31630.0	7846.0	1235.51	2187.73
-31630.0	7846.0	1234.4	2117.75
-31630.0	7846.0	1233.28	2180.28
-31630.0	7846.0	1232.17	2254.0
-31630.0	7846.0	1231.06	2215.47
-31630.0	7846.0	1229.94	2098.41
-31630.0	7846.0	1228.83	2257.38
-31630.0	7846.0	1227.71	2174.0
-31630.0	7846.0	1226.6	2211.77
-31630.0	7846.0	1225.48	2148.61
-31630.0	7846.0	1224.37	2137.04
-31630.0	7846.0	1223.25	2154.63
-31630.0	7846.0	1222.14	2214.8
-31630.0	7846.0	1221.02	2122.54
-31630.0	7846.0	1219.91	2216.31
-31630.0	7846.0	1218.79	2193.54
-31630.0	7846.0	1217.68	2177.49
-31630.0	7846.0	1216.56	2177.13
-31630.0	7846.0	1215.44	2223.8
-31630.0	7846.0	1214.33	2183.13
-31630.0	7846.0	1213.21	2169.34
-31630.0	7846.0	1212.09	2160.03
-31630.0	7846.0	1210.98	2126.1
-31630.0	7846.0	1209.86	2143.65
-31630.0	7846.0	1208.74	2230.55
-31630.0	7846.0	1207.62	2194.39
-31630.0	7846.0	1206.51	2126.93
-31630.0	7846.0	1205.39	2081.85
-31630.0	7846.0	1204.27	2166.46
-31630.0	7846.0	1203.15	2107.98
-31630.0	7846.0	1202.03	2141.16
-31630.0	7846.0	1200.91	2169.85
-31630.0	7846.0	1199.8	2122.57
-31630.0	7846.0	1198.68	2173.6
-31630.0	7846.0	1197.56	2124.1
-31630.0	7846.0	1196.44	2139.38
-31630.0	7846.0	1195.32	2176.98
-31630.0	7846.0	1194.2	2134.2
-31630.0	7846.0	1193.08	2209.74
-31630.0	7846.0	1191.96	2129.03
-31630.0	7846.0	1190.84	2104.13
-31630.0	7846.0	1189.72	2273.33
-31630.0	7846.0	1188.6	2214.95
-31630.0	7846.0	1187.48	2190.05
-31630.0	7846.0	1186.35	2129.48
-31630.0	7846.0	1185.23	2209.39
-31630.0	7846.0	1184.11	2113.17
-31630.0	7846.0	1182.99	2135.1
-31630.0	7846.0	1181.87	2032.24
-31630.0	7846.0	1180.75	2125.47
-31630.0	7846.0	1179.62	2151.85
-31630.0	7846.0	1178.5	2189.35
-31630.0	7846.0	1177.38	2146.67
-31630.0	7846.0	1176.26	2262.09
-31630.0	7846.0	1175.13	2194.93
-31630.0	7846.0	1174.01	2203.46
-31630.0	7846.0	1172.89	2167.49
-31630.0	7846.0	1171.76	2142.65
-31630.0	7846.0	1170.64	2155.64
-31630.0	7846.0	1169.51	2032.94
-31630.0	7846.0	1168.39	2186.04
-31630.0	7846.0	1167.27	2161.22
-31630.0	7846.0	1166.14	2111.95
-31630.0	7846.0	1165.02	2147.15
-31630.0	7846.0	1163.89	2142.35
-31630.0	7846.0	1162.77	2213.09
-31630.0	7846.0	1161.64	2170.51
-31630.0	7846.0	1160.52	2061.3
-31630.0	7846.0	1159.39	2136.46
-31630.0	7846.0	1158.26	2196.05
-31630.0	7846.0	1157.14	2142.4
-31630.0	7846.0	1156.01	2199.75
-31630.0	7846.0	1154.88	2090.63
-31630.0	7846.0	1153.76	2141.31
-31630.0	7846.0	1152.63	2134.3
-31630.0	7846.0	1151.5	2189.39
-31630.0	7846.0	1150.38	2055.95
-31630.0	7846.0	1149.25	2113.26
-31630.0	7846.0	1148.12	2128.42
-31630.0	7846.0	1146.99	2132.49
-31630.0	7846.0	1145.87	2132.13
-31630.0	7846.0	1144.74	2147.28
-31630.0	7846.0	1143.61	2122.54
-31630.0	7846.0	1142.48	2159.84
-31630.0	7846.0	1141.35	2121.82
-31630.0	7846.0	1140.22	2136.96
-31630.0	7846.0	1139.09	2121.1
-31630.0	7846.0	1137.97	2142.88
-31630.0	7846.0	1136.84	2140.3
-31630.0	7846.0	1135.71	2151.0
-31630.0	7846.0	1134.58	2159.48
-31630.0	7846.0	1133.45	2216.63
-31630.0	7846.0	1132.32	2147.69
-31630.0	7846.0	1131.19	2153.96
-31630.0	7846.0	1130.05	2107.16
-31630.0	7846.0	1128.92	2151.01
-31630.0	7846.0	1127.79	2141.8
-31630.0	7846.0	1126.66	2123.76
-31630.0	7846.0	1125.53	2079.2
-31630.0	7846.0	1124.4	2176.05
-31630.0	7846.0	1123.27	2133.71
-31630.0	7846.0	1122.13	2179.73
-31630.0	7846.0	1121.0	2205.85
-31630.0	7846.0	1119.87	2070.8
-31630.0	7846.0	1118.74	2136.67
-31630.0	7846.0	1117.6	2129.68
-31630.0	7846.0	1116.47	2049.88
-31630.0	7846.0	1115.34	2188.52
-31630.0	7846.0	1114.2	2159.47
-31630.0	7846.0	1113.07	2143.66
-31630.0	7846.0	1111.94	2123.45
-31630.0	7846.0	1110.8	2160.56
-31630.0	7846.0	1109.67	2221.91
-31630.0	7846.0	1108.54	2056.23
-31630.0	7846.0	1107.4	2110.97
-31630.0	7846.0	1106.27	2051.12
-31630.0	7846.0	1105.13	2134.47
-31630.0	7846.0	1104.0	2145.12
-31630.0	7846.0	1102.86	2109.51
-31630.0	7846.0	1101.72	2166.39
-31630.0	7846.0	1100.59	2133.0
-31630.0	7846.0	1099.45	2139.24
-31630.0	7846.0	1098.32	2185.08
-31630.0	7846.0	1097.18	2215.5
-31630.0	7846.0	1096.04	2186.52
-31630.0	7846.0	1094.91	2230.13
-31630.0	7846.0	1093.77	2207.76
-31630.0	7846.0	1092.63	2213.97
-31630.0	7846.0	1091.5	2101.48
-31630.0	7846.0	1090.36	2171.45
-31630.0	7846.0	1089.22	2111.74
-31630.0	7846.0	1088.08	2124.56
-31630.0	7846.0	1086.95	2115.4
-31630.0	7846.0	1085.81	2104.05
-31630.0	7846.0	1084.67	2211.29
-31630.0	7846.0	1083.53	2210.9
-31630.0	7846.0	1082.39	2094.18
-31630.0	7846.0	1081.25	2240.86
-31630.0	7846.0	1080.11	2108.81
-31630.0	7846.0	1078.97	2150.13
-31630.0	7846.0	1077.83	2101.5
-31630.0	7846.0	1076.69	2162.54
-31630.0	7846.0	1075.55	2142.43
-31630.0	7846.0	1074.41	2087.25
-31630.0	7846.0	1073.27	2161.41
-31630.0	7846.0	1072.13	2136.93
-31630.0	7846.0	1070.99	2116.83
-31630.0	7846.0	1069.85	2087.98
-31630.0	7846.0	1068.71	2072.28
-31630.0	7846.0	1067.57	2198.95
-31630.0	7846.0	1066.43	2172.29
-31630.0	7846.0	1065.28	2226.65
-31630.0	7846.0	1064.14	2154.02
-31630.0	7846.0	1063.0	2144.89
-31630.0	7846.0	1061.86	2177.34
-31630.0	7846.0	1060.71	2194.46
-31630.0	7846.0	1059.57	2246.58
-31630.0	7846.0	1058.43	2119.33
-31630.0	7846.0	1057.29	2208.62
-31630.0	7846.0	1056.14	2216.97
-31630.0	7846.0	1055.0	2212.21
-31630.0	7846.0	1053.85	2196.53
-31630.0	7846.0	1052.71	2202.7
-31630.0	7846.0	1051.57	2136.77
-31630.0	7846.0	1050.42	2175.71
-31630.0	7846.0	1049.28	2186.25
-31630.0	7846.0	1048.13	2225.17
-31630.0	7846.0	1046.99	2240.06
-31630.0	7846.0	1045.84	2202.56
-31630.0	7846.0	1044.7	2258.92
-31630.0	7846.0	1043.55	2282.52
-31630.0	7846.0	1042.4	2238.49
-31630.0	7846.0	1041.26	2305.71
-31630.0	7846.0	1040.11	2204.98
-31630.0	7846.0	1038.97	2228.58
-31630.0	7846.0	1037.82	2330.66
-31630.0	7846.0	1036.67	2301.91
-31630.0	7846.0	1035.53	2351.63
-31630.0	7846.0	1034.38	2364.29
-31630.0	7846.0	1033.23	2376.94
-31630.0	7846.0	1032.08	2365.63
-31630.0	7846.0	1030.94	2341.26
-31630.0	7846.0	1029.79	2410.52
-31630.0	7846.0	1028.64	2431.87
-31630.0	7846.0	1027.49	2420.55
-31630.0	7846.0	1026.34	2448.42
-31630.0	7846.0	1025.19	2369.65
-31630.0	7846.0	1024.04	2432.32
-31630.0	7846.0	1022.89	2501.5
-31630.0	7846.0	1021.74	2470.6
-31630.0	7846.0	1020.59	2528.88
-31630.0	7846.0	1019.45	2454.51
-31630.0	7846.0	1018.29	2521.46
-31630.0	7846.0	1017.14	2590.55
-31630.0	7846.0	1015.99	2531.43
-31630.0	7846.0	1014.84	2565.74
-31630.0	7846.0	1013.69	2632.61
-31630.0	7846.0	1012.54	2625.63
-31630.0	7846.0	1011.39	2633.85
-31630.0	7846.0	1010.24	2631.21
-31630.0	7846.0	1009.09	2706.71
-31630.0	7846.0	1007.93	2706.23
-31630.0	7846.0	1006.78	2792.54
-31630.0	7846.0	1005.63	2737.8
-31630.0	7846.0	1004.48	2795.88
-31630.0	7846.0	1003.32	2808.39
-31630.0	7846.0	1002.17	2825.23
-31630.0	7846.0	1001.02	2837.74
-31630.0	7846.0	999.865	2852.4
-31630.0	7846.0	998.711	2942.91
-31630.0	7846.0	997.558	2922.88
-31630.0	7846.0	996.403	2935.36
-31630.0	7846.0	995.249	3027.97
-31630.0	7846.0	994.095	3094.56
-31630.0	7846.0	992.94	3087.51
-31630.0	7846.0	991.785	3182.2
-31630.0	7846.0	990.63	3140.51
-31630.0	7846.0	989.475	3293.59
-31630.0	7846.0	988.319	3360.07
-31630.0	7846.0	987.164	3285.91
-31630.0	7846.0	986.008	3281.0
-31630.0	7846.0	984.852	3472.87
-31630.0	7846.0	983.695	3420.35
-31630.0	7846.0	982.539	3527.82
-31630.0	7846.0	981.382	3620.12
-31630.0	7846.0	980.225	3591.38
-31630.0	7846.0	979.068	3603.69
-31630.0	7846.0	977.911	3581.44
-31630.0	7846.0	976.753	3647.75
-31630.0	7846.0	975.595	3716.19
-31630.0	7846.0	974.437	3745.74
-31630.0	7846.0	973.279	3708.37
-31630.0	7846.0	972.121	3724.97
-31630.0	7846.0	970.962	3838.65
-31630.0	7846.0	969.803	3781.87
-31630.0	7846.0	968.644	3712.16
-31630.0	7846.0	967.485	3692.08
-31630.0	7846.0	966.326	3866.06
-31630.0	7846.0	965.166	3798.54
-31630.0	7846.0	964.006	3780.6
-31630.0	7846.0	962.846	3971.72
-31630.0	7846.0	961.686	3833.1
-31630.0	7846.0	960.525	3810.86
-31630.0	7846.0	959.365	3885.56
-31630.0	7846.0	958.204	3945.15
-31630.0	7846.0	957.043	3774.34
-31630.0	7846.0	955.881	3958.78
-31630.0	7846.0	954.72	3867.67
-31630.0	7846.0	953.558	3918.61
-31630.0	7846.0	952.396	3917.9
-31630.0	7846.0	951.234	4020.44
-31630.0	7846.0	950.071	3862.71
-31630.0	7846.0	948.909	3945.87
-31630.0	7846.0	947.746	3949.45
-31630.0	7846.0	946.583	3963.77
-31630.0	7846.0	945.42	3984.54
-31630.0	7846.0	944.256	3981.67
-31630.0	7846.0	943.092	3974.5
-31630.0	7846.0	941.929	3980.22
-31630.0	7846.0	940.765	3990.23
-31630.0	7846.0	939.6	3905.76
-31630.0	7846.0	938.436	3840.64
-31630.0	7846.0	937.271	3945.11
-31630.0	7846.0	936.106	3783.44
-31630.0	7846.0	934.941	3797.77
-31630.0	7846.0	933.775	3696.25
-31630.0	7846.0	932.61	3665.54
-31630.0	7846.0	931.444	3576.95
-31630.0	7846.0	930.278	3602.02
-31630.0	7846.0	929.112	3408.43
-31630.0	7846.0	927.945	3367.08
-31630.0	7846.0	926.779	3248.61
-31630.0	7846.0	925.612	3295.15
-31630.0	7846.0	924.445	3285.97
-31630.0	7846.0	923.278	3259.67
-31630.0	7846.0	922.11	3177.7
-31630.0	7846.0	920.942	3153.57
-31630.0	7846.0	919.774	3146.56
-31630.0	7846.0	918.606	3034.7
-31630.0	7846.0	917.438	3074.8
-31630.0	7846.0	916.269	3091.34
-31630.0	7846.0	915.1	2988.11
-31630.0	7846.0	913.931	2989.69
-31630.0	7846.0	912.762	2925.0
-31630.0	7846.0	911.593	2954.39
-31630.0	7846.0	910.423	2885.45
-31630.0	7846.0	909.253	2938.34
-31630.0	7846.0	908.083	2927.11
-31630.0	7846.0	906.913	2915.89
-31630.0	7846.0	905.742	2840.6
-31630.0	7846.0	904.572	2848.62
-31630.0	7846.0	903.401	2752.02
-31630.0	7846.0	902.229	2841.16
-31630.0	7846.0	901.058	2864.11
-31630.0	7846.0	899.886	2795.3
-31630.0	7846.0	898.715	2781.98
-31630.0	7846.0	897.543	2687.61
-31630.0	7846.0	896.37	2761.76
-31630.0	7846.0	895.198	2697.28
-31630.0	7846.0	894.025	2652.01
-31630.0	7846.0	892.852	2851.87
-31630.0	7846.0	891.679	2787.41
-31630.0	7846.0	890.506	2710.19
-31630.0	7846.0	889.332	2735.25
-31630.0	7846.0	888.158	2745.39
-31630.0	7846.0	886.984	2687.38
-31630.0	7846.0	885.81	2682.63
-31630.0	7846.0	884.636	2741.73
-31630.0	7846.0	883.461	2692.27
-31630.0	7846.0	882.286	2640.7
-31630.0	7846.0	881.111	2787.0
-31630.0	7846.0	879.936	2671.62
-31630.0	7846.0	878.76	2620.08
-31630.0	7846.0	877.584	2725.91
-31630.0	7846.0	876.408	2640.36
-31630.0	7846.0	875.232	2633.5
-31630.0	7846.0	874.056	2618.13
-31630.0	7846.0	872.879	2600.64
-31630.0	7846.0	871.702	2644.77
-31630.0	7846.0	870.525	2614.54
-31630.0	7846.0	869.348	2694.74
-31630.0	7846.0	868.17	2649.65
-31630.0	7846.0	866.993	2659.77
-31630.0	7846.0	865.815	2633.8
-31630.0	7846.0	864.637	2605.73
-31630.0	7846.0	863.458	2590.39
-31630.0	7846.0	862.28	2515.66
-31630.0	7846.0	861.101	2574.57
-31630.0	7846.0	859.922	2582.57
-31630.0	7846.0	858.742	2526.97
-31630.0	7846.0	857.563	2479.86
-31630.0	7846.0	856.383	2566.28
-31630.0	7846.0	855.203	2591.22
-31630.0	7846.0	854.023	2592.85
-31630.0	7846.0	852.843	2541.54
-31630.0	7846.0	851.662	2536.82
-31630.0	7846.0	850.481	2534.23
-31630.0	7846.0	849.3	2559.15
-31630.0	7846.0	848.119	2598.88
-31630.0	7846.0	846.937	2621.67
-31630.0	7846.0	845.756	2659.25
-31630.0	7846.0	844.574	2540.3
-31630.0	7846.0	843.392	2588.46
-31630.0	7846.0	842.209	2615.46
-31630.0	7846.0	841.027	2566.35
-31630.0	7846.0	839.844	2606.02
-31630.0	7846.0	838.661	2573.83
-31630.0	7846.0	837.477	2556.44
-31630.0	7846.0	836.294	2553.85
-31630.0	7846.0	835.11	2553.36
-31630.0	7846.0	833.926	2597.22
-31630.0	7846.0	832.742	2581.95
-31630.0	7846.0	831.558	2490.7
-31630.0	7846.0	830.373	2574.65
-31630.0	7846.0	829.188	2569.94
-31630.0	7846.0	828.003	2493.51
-31630.0	7846.0	826.818	2493.03
-31630.0	7846.0	825.632	2452.49
-31630.0	7846.0	824.446	2437.27
-31630.0	7846.0	823.26	2548.53
-31630.0	7846.0	822.074	2573.34
-31630.0	7846.0	820.888	2501.2
-31630.0	7846.0	819.701	2555.51
-31630.0	7846.0	818.514	2538.17
-31630.0	7846.0	817.327	2552.43
-31630.0	7846.0	816.14	2522.46
-31630.0	7846.0	814.952	2545.14
-31630.0	7846.0	813.765	2456.26
-31630.0	7846.0	812.577	2487.35
-31630.0	7846.0	811.388	2455.32
-31630.0	7846.0	810.2	2480.1
-31630.0	7846.0	809.011	2534.3
-31630.0	7846.0	807.822	2468.64
-31630.0	7846.0	806.633	2461.86
-31630.0	7846.0	805.444	2503.43
-31630.0	7846.0	804.254	2454.61
-31630.0	7846.0	803.064	2468.85
-31630.0	7846.0	801.874	2472.58
-31630.0	7846.0	800.684	2461.61
-31630.0	7846.0	799.493	2450.64
-31630.0	7846.0	798.303	2546.75
-31630.0	7846.0	797.112	2506.38
-31630.0	7846.0	795.921	2535.28
-31630.0	7846.0	794.729	2497.02
-31630.0	7846.0	793.538	2446.2
-31630.0	7846.0	792.346	2422.65
-31630.0	7846.0	791.154	2512.37
-31630.0	7846.0	789.961	2423.82
-31630.0	7846.0	788.769	2486.25
-31630.0	7846.0	787.576	2489.96
-31630.0	7846.0	786.383	2393.09
-31630.0	7846.0	785.19	2432.44
-31630.0	7846.0	783.996	2408.93
-31630.0	7846.0	782.802	2427.31
-31630.0	7846.0	781.608	2408.0
-31630.0	7846.0	780.414	2426.38
-31630.0	7846.0	779.22	2444.75
-31630.0	7846.0	778.025	2377.31
-31630.0	7846.0	776.83	2391.5
-31630.0	7846.0	775.635	2391.04
-31630.0	7846.0	774.44	2470.06
-31630.0	7846.0	773.244	2442.4
-31630.0	7846.0	772.049	2429.38
-31630.0	7846.0	770.853	2393.38
-31630.0	7846.0	769.656	2438.89
-31630.0	7846.0	768.46	2384.1
-31630.0	7846.0	767.263	2442.13
-31630.0	7846.0	766.066	2443.75
-31630.0	7846.0	764.869	2411.95
-31630.0	7846.0	763.672	2336.32
-31630.0	7846.0	762.474	2354.66
-31630.0	7846.0	761.276	2439.77
-31630.0	7846.0	760.078	2309.93
-31630.0	7846.0	758.88	2384.58
-31630.0	7846.0	757.681	2398.72
-31630.0	7846.0	756.483	2398.26
-31630.0	7846.0	755.284	2397.79
-31630.0	7846.0	754.084	2336.87
-31630.0	7846.0	752.885	2361.43
-31630.0	7846.0	751.685	2440.16
-31630.0	7846.0	750.485	2316.76
-31630.0	7846.0	749.285	2318.4
-31630.0	7846.0	748.085	2417.91
-31630.0	7846.0	746.884	2321.66
-31630.0	7846.0	745.683	2246.26
-31630.0	7846.0	744.482	2401.93
-31630.0	7846.0	743.281	2293.25
-31630.0	7846.0	742.079	2342.74
-31630.0	7846.0	740.877	2286.12
-31630.0	7846.0	739.675	2283.6
-31630.0	7846.0	738.473	2318.5
-31630.0	7846.0	737.27	2338.84
-31630.0	7846.0	736.068	2361.25
-31630.0	7846.0	734.865	2379.49
-31630.0	7846.0	733.661	2366.56
-31630.0	7846.0	732.458	2256.0
-31630.0	7846.0	731.254	2346.94
-31630.0	7846.0	730.05	2302.88
-31630.0	7846.0	728.846	2348.1
-31630.0	7846.0	727.642	2320.66
-31630.0	7846.0	726.437	2361.71
-31630.0	7846.0	725.232	2307.3
-31630.0	7846.0	724.027	2252.92
-31630.0	7846.0	722.822	2310.55
-31630.0	7846.0	721.616	2223.0
-31630.0	7846.0	720.41	2278.55
-31630.0	7846.0	719.204	2354.8
-31630.0	7846.0	717.998	2350.19
-31630.0	7846.0	716.791	2297.93
-31630.0	7846.0	715.585	2409.35
-31630.0	7846.0	714.378	2533.15
-31630.0	7846.0	713.17	2366.99
-31630.0	7846.0	711.963	2358.24
-31630.0	7846.0	710.755	2270.83
-31630.0	7846.0	709.547	2291.08
-31630.0	7846.0	708.339	2296.84
-31630.0	7846.0	707.131	2389.49
-31630.0	7846.0	705.922	2312.49
-31630.0	7846.0	704.713	2297.56
-31630.0	7846.0	703.504	2435.63
-31630.0	7846.0	702.295	2348.33
-31630.0	7846.0	701.085	2323.07
-31630.0	7846.0	699.875	2368.07
-31630.0	7846.0	698.665	2382.07
-31630.0	7846.0	697.455	2410.52
-31630.0	7846.0	696.244	2474.06
-31630.0	7846.0	695.034	2401.31
-31630.0	7846.0	693.822	2349.22
-31630.0	7846.0	692.611	2441.64
-31630.0	7846.0	691.4	2443.22
-31630.0	7846.0	690.188	2411.79
-31630.0	7846.0	688.976	2442.25
-31630.0	7846.0	687.764	2419.09
-31630.0	7846.0	686.551	2468.09
-31630.0	7846.0	685.339	2531.51
-31630.0	7846.0	684.126	2469.18
-31630.0	7846.0	682.912	2468.69
-31630.0	7846.0	681.699	2494.99
-31630.0	7846.0	680.485	2453.29
-31630.0	7846.0	679.271	2485.76
-31630.0	7846.0	678.057	2538.8
-31630.0	7846.0	676.843	2486.83
-31630.0	7846.0	675.628	2476.05
-31630.0	7846.0	674.413	2533.18
-31630.0	7846.0	673.198	2547.08
-31630.0	7846.0	671.983	2565.09
-31630.0	7846.0	670.767	2585.14
-31630.0	7846.0	669.551	2529.11
-31630.0	7846.0	668.335	2590.28
-31630.0	7846.0	667.119	2708.98
-31630.0	7846.0	665.902	2585.14
-31630.0	7846.0	664.686	2601.07
-31630.0	7846.0	663.469	2682.72
-31630.0	7846.0	662.251	2606.19
-31630.0	7846.0	661.034	2583.09
-31630.0	7846.0	659.816	2617.47
-31630.0	7846.0	658.598	2610.79
-31630.0	7846.0	657.38	2653.37
-31630.0	7846.0	656.161	2652.84
-31630.0	7846.0	654.942	2668.72
-31630.0	7846.0	653.723	2561.54
-31630.0	7846.0	652.504	2659.46
-31630.0	7846.0	651.285	2675.33
-31630.0	7846.0	650.065	2619.45
-31630.0	7846.0	648.845	2668.11
-31630.0	7846.0	647.625	2579.48
-31630.0	7846.0	646.404	2628.12
-31630.0	7846.0	645.184	2654.22
-31630.0	7846.0	643.963	2741.74
-31630.0	7846.0	642.742	2694.11
-31630.0	7846.0	641.52	2626.02
-31630.0	7846.0	640.298	2695.08
-31630.0	7846.0	639.076	2698.63
-31630.0	7846.0	637.854	2716.5
-31630.0	7846.0	636.632	2750.72
-31630.0	7846.0	635.409	2688.83
-31630.0	7846.0	634.186	2743.49
-31630.0	7846.0	632.963	2742.94
-31630.0	7846.0	631.74	2736.26
-31630.0	7846.0	630.516	2696.89
-31630.0	7846.0	629.292	2753.54
-31630.0	7846.0	628.068	2718.27
-31630.0	7846.0	626.844	2754.48
-31630.0	7846.0	625.619	2778.42
-31630.0	7846.0	624.394	2808.48
-31630.0	7846.0	623.169	2779.35
-31630.0	7846.0	621.944	2811.43
-31630.0	7846.0	620.718	2816.99
-31630.0	7846.0	619.492	2814.38
-31630.0	7846.0	618.266	2771.0
-31630.0	7846.0	617.04	2845.87
-31630.0	7846.0	615.813	2812.68
-31630.0	7846.0	614.587	2844.72
-31630.0	7846.0	613.36	2746.35
-31630.0	7846.0	612.132	2727.47
-31630.0	7846.0	610.905	2783.94
-31630.0	7846.0	609.677	2773.2
-31630.0	7846.0	608.449	2748.21
-31630.0	7846.0	607.22	2796.51
-31630.0	7846.0	605.992	2781.7
-31630.0	7846.0	604.763	2652.96
-31630.0	7846.0	603.534	2630.05
-31630.0	7846.0	602.305	2694.6
-31630.0	7846.0	601.075	2783.52
-31630.0	7846.0	599.845	2681.31
-31630.0	7846.0	598.615	2796.62
-31630.0	7846.0	597.385	2663.97
-31630.0	7846.0	596.154	2738.6
-31630.0	7846.0	594.924	2725.86
-31630.0	7846.0	593.693	2725.31
-31630.0	7846.0	592.461	2736.94
-31630.0	7846.0	591.23	2687.67
-31630.0	7846.0	589.998	2679.01
-31630.0	7846.0	588.766	2700.78
-31630.0	7846.0	587.534	2728.64
-31630.0	7846.0	586.301	2764.59
-31630.0	7846.0	585.068	2670.75
-31630.0	7846.0	583.835	2712.79
-31630.0	7846.0	582.602	2734.53
-31630.0	7846.0	581.368	2654.94
-31630.0	7846.0	580.134	2694.92
-31630.0	7846.0	578.9	2684.25
-31630.0	7846.0	577.666	2683.7
-31630.0	7846.0	576.432	2634.56
-31630.0	7846.0	575.197	2717.03
-31630.0	7846.0	573.962	2765.06
-31630.0	7846.0	572.726	2697.71
-31630.0	7846.0	571.491	2731.56
-31630.0	7846.0	570.255	2684.48
-31630.0	7846.0	569.019	2740.56
-31630.0	7846.0	567.783	2697.54
-31630.0	7846.0	566.546	2757.64
-31630.0	7846.0	565.309	2759.1
-31630.0	7846.0	564.072	2803.0
-31630.0	7846.0	562.835	2812.53
-31630.0	7846.0	561.597	2747.31
-31630.0	7846.0	560.359	2797.24
-31630.0	7846.0	559.121	2857.25
-31630.0	7846.0	557.883	2901.08
-31630.0	7846.0	556.644	2890.4
-31630.0	7846.0	555.406	2958.42
-31630.0	7846.0	554.167	3056.68
-31630.0	7846.0	552.927	3047.99
-31630.0	7846.0	551.688	3059.46
-31630.0	7846.0	550.448	3101.18
-31630.0	7846.0	549.208	3207.39
-31630.0	7846.0	547.967	3295.42
-31630.0	7846.0	546.727	3304.82
-31630.0	7846.0	545.486	3467.34
-31630.0	7846.0	544.245	3529.08
-31630.0	7846.0	543.003	3582.73
-31630.0	7846.0	541.762	3610.18
-31630.0	7846.0	540.52	3871.14
-31630.0	7846.0	539.278	3914.63
-31630.0	7846.0	538.035	4054.68
-31630.0	7846.0	536.793	4393.85
-31630.0	7846.0	535.55	4600.13
-31630.0	7846.0	534.307	4844.53
-31630.0	7846.0	533.063	5143.11
-31630.0	7846.0	531.82	5511.93
-31630.0	7846.0	530.576	6147.9
-31630.0	7846.0	529.331	6829.82
-31630.0	7846.0	528.087	7967.49
-31630.0	7846.0	526.842	9333.67
-31630.0	7846.0	525.597	12076.9
-31630.0	7846.0	524.352	16071.7
-31630.0	7846.0	523.107	23166.2
-31630.0	7846.0	521.861	33894.3
-31630.0	7846.0	520.615	41176.8
-31630.0	7846.0	519.369	40141.3
-31630.0	7846.0	518.122	36462.7
-31630.0	7846.0	516.876	31369.9
-31630.0	7846.0	515.629	26770.4
-31630.0	7846.0	514.381	22643.8
-31630.0	7846.0	513.134	19296.5
-31630.0	7846.0	511.886	17154.7
-31630.0	7846.0	510.638	15554.6
-31630.0	7846.0	509.39	14163.5
-31630.0	7846.0	508.141	13115.3
-31630.0	7846.0	506.892	12422.0
-31630.0	7846.0	505.643	11985.1
-31630.0	7846.0	504.394	11690.4
-31630.0	7846.0	503.145	11237.9
-31630.0	7846.0	501.895	11027.5
-31630.0	7846.0	500.645	11003.3
-31630.0	7846.0	499.394	10993.0
-31630.0	7846.0	498.144	10884.8
-31630.0	7846.0	496.893	10934.5
-31630.0	7846.0	495.642	10880.3
-31630.0	7846.0	494.39	10750.2
-31630.0	7846.0	493.139	10458.3
-31630.0	7846.0	491.887	10280.4
-31630.0	7846.0	490.635	10356.1
-31630.0	7846.0	489.382	10080.5
-31630.0	7846.0	488.13	9930.76
-31630.0	7846.0	486.877	9801.0
-31630.0	7846.0	485.623	9954.57
-31630.0	7846.0	484.37	9884.7
-31630.0	7846.0	483.116	9659.31
-31630.0	7846.0	481.862	9599.49
-31630.0	7846.0	480.608	9593.52
-31630.0	7846.0	479.354	9587.54
-31630.0	7846.0	478.099	9541.72
-31630.0	7846.0	476.844	9338.55
-31630.0	7846.0	475.588	9348.56
-31630.0	7846.0	474.333	9151.48
-31630.0	7846.0	473.077	9201.34
-31630.0	7846.0	471.821	8930.73
-31630.0	7846.0	470.565	8861.22
-31630.0	7846.0	469.308	8769.85
-31630.0	7846.0	468.051	8652.65
-31630.0	7846.0	466.794	8623.01
-31630.0	7846.0	465.537	8635.14
-31630.0	7846.0	464.279	8374.92
-31630.0	7846.0	463.021	8329.45
-31630.0	7846.0	461.763	8315.79
-31630.0	7846.0	460.505	8075.67
-31630.0	7846.0	459.246	8026.32
-31630.0	7846.0	457.987	7818.12
-31630.0	7846.0	456.728	7725.16
-31630.0	7846.0	455.469	7554.83
-31630.0	7846.0	454.209	7295.26
-31630.0	7846.0	452.949	7313.58
-31630.0	7846.0	451.689	7187.08
-31630.0	7846.0	450.428	7181.62
-31630.0	7846.0	449.167	7061.15
-31630.0	7846.0	447.906	6954.6
-31630.0	7846.0	446.645	6919.45
-31630.0	7846.0	445.383	6757.49
-31630.0	7846.0	444.122	6571.83
-31630.0	7846.0	442.86	6499.14
-31630.0	7846.0	441.597	6517.59
-31630.0	7846.0	440.335	6373.67
-31630.0	7846.0	439.072	6398.07
-31630.0	7846.0	437.809	6082.04
-31630.0	7846.0	436.545	6114.41
-31630.0	7846.0	435.281	6073.56
-31630.0	7846.0	434.018	5955.6
-31630.0	7846.0	432.753	5918.75
-31630.0	7846.0	431.489	5830.52
-31630.0	7846.0	430.224	5738.37
-31630.0	7846.0	428.959	5782.63
-31630.0	7846.0	427.694	5660.89
-31630.0	7846.0	426.428	5637.97
-31630.0	7846.0	425.163	5557.79
-31630.0	7846.0	423.896	5507.26
-31630.0	7846.0	422.63	5326.45
-31630.0	7846.0	421.364	5455.61
-31630.0	7846.0	420.097	5265.02
-31630.0	7846.0	418.83	5325.07
-31630.0	7846.0	417.562	5211.52
-31630.0	7846.0	416.295	5147.32
-31630.0	7846.0	415.027	5189.62
-31630.0	7846.0	413.758	5133.33
-31630.0	7846.0	412.49	5189.41
-31630.0	7846.0	411.221	5192.26
-31630.0	7846.0	409.952	5033.56
-31630.0	7846.0	408.683	4987.2
-31630.0	7846.0	407.414	4940.86
-31630.0	7846.0	406.144	4931.95
-31630.0	7846.0	404.874	4917.13
-31630.0	7846.0	403.603	4931.85
-31630.0	7846.0	402.333	4901.29
-31630.0	7846.0	401.062	5043.87
-31630.0	7846.0	399.791	4975.94
-31630.0	7846.0	398.519	4965.06
-31630.0	7846.0	397.248	4960.08
-31630.0	7846.0	395.976	4937.42
-31630.0	7846.0	394.704	4934.41
-31630.0	7846.0	393.431	4968.74
-31630.0	7846.0	392.159	4889.12
-31630.0	7846.0	390.886	4947.01
-31630.0	7846.0	389.612	4839.94
-31630.0	7846.0	388.339	4844.81
-31630.0	7846.0	387.065	4930.14
-31630.0	7846.0	385.791	4964.42
-31630.0	7846.0	384.517	4810.35
-31630.0	7846.0	383.242	4968.21
-31630.0	7846.0	381.967	4873.04
-31630.0	7846.0	380.692	4936.71
-31630.0	7846.0	379.417	4910.19
-31630.0	7846.0	378.141	4862.11
-31630.0	7846.0	376.865	4831.7
-31630.0	7846.0	375.589	4711.19
-31630.0	7846.0	374.312	4772.86
-31630.0	7846.0	373.035	4812.97
-31630.0	7846.0	371.758	4819.79
-31630.0	7846.0	370.481	4738.52
-31630.0	7846.0	369.204	4714.04
-31630.0	7846.0	367.926	4744.35
-31630.0	7846.0	366.648	4667.06
-31630.0	7846.0	365.369	4683.67
-31630.0	7846.0	364.091	4739.38
-31630.0	7846.0	362.812	4595.68
-31630.0	7846.0	361.532	4719.79
-31630.0	7846.0	360.253	4656.26
-31630.0	7846.0	358.973	4817.42
-31630.0	7846.0	357.693	4746.09
-31630.0	7846.0	356.413	4670.88
-31630.0	7846.0	355.132	4718.7
-31630.0	7846.0	353.852	4696.23
-31630.0	7846.0	352.571	4548.87
-31630.0	7846.0	351.289	4653.27
-31630.0	7846.0	350.008	4663.99
-31630.0	7846.0	348.726	4625.94
-31630.0	7846.0	347.444	4683.46
-31630.0	7846.0	346.161	4737.05
-31630.0	7846.0	344.878	4716.55
-31630.0	7846.0	343.595	4725.29
-31630.0	7846.0	342.312	4786.63
-31630.0	7846.0	341.029	4754.45
-31630.0	7846.0	339.745	4708.66
-31630.0	7846.0	338.461	4882.88
-31630.0	7846.0	337.176	4883.79
-31630.0	7846.0	335.892	4791.29
-31630.0	7846.0	334.607	4912.85
-31630.0	7846.0	333.322	4923.48
-31630.0	7846.0	332.036	4945.77
-31630.0	7846.0	330.75	4913.61
-31630.0	7846.0	329.464	4943.67
-31630.0	7846.0	328.178	5016.47
-31630.0	7846.0	326.892	4931.85
-31630.0	7846.0	325.605	5016.29
-31630.0	7846.0	324.318	4931.7
-31630.0	7846.0	323.03	5113.19
-31630.0	7846.0	321.743	5053.86
-31630.0	7846.0	320.455	5175.08
-31630.0	7846.0	319.167	5043.95
-31630.0	7846.0	317.878	5029.29
-31630.0	7846.0	316.59	5185.35
-31630.0	7846.0	315.301	5209.46
-31630.0	7846.0	314.011	5204.47
-31630.0	7846.0	312.722	5224.69
-31630.0	7846.0	311.432	5320.49
-31630.0	7846.0	310.142	5236.03
-31630.0	7846.0	308.851	5337.6
-31630.0	7846.0	307.561	5458.49
-31630.0	7846.0	306.27	5416.66
-31630.0	7846.0	304.979	5506.51
-31630.0	7846.0	303.687	5526.63
-31630.0	7846.0	302.395	5540.93
-31630.0	7846.0	301.103	5619.09
-31630.0	7846.0	299.811	5449.58
-31630.0	7846.0	298.519	5351.72
-31630.0	7846.0	297.226	5344.77
-31630.0	7846.0	295.933	5216.03
-31630.0	7846.0	294.639	5247.78
-31630.0	7846.0	293.345	5252.46
-31630.0	7846.0	292.052	5233.95
-31630.0	7846.0	290.757	5118.87
-31630.0	7846.0	289.463	5212.4
-31630.0	7846.0	288.168	5099.3
-31630.0	7846.0	286.873	5075.05
-31630.0	7846.0	285.578	5081.68
-31630.0	7846.0	284.282	5005.35
-31630.0	7846.0	282.986	4923.25
-31630.0	7846.0	281.69	4875.91
-31630.0	7846.0	280.393	4965.5
-31630.0	7846.0	279.097	4800.56
-31630.0	7846.0	277.8	4732.07
-31630.0	7846.0	276.502	4769.61
-31630.0	7846.0	275.205	4760.88
-31630.0	7846.0	273.907	4680.88
-31630.0	7846.0	272.609	4649.07
-31630.0	7846.0	271.311	4572.98
-31630.0	7846.0	270.012	4521.95
-31630.0	7846.0	268.713	4563.33
-31630.0	7846.0	267.414	4487.3
-31630.0	7846.0	266.114	4353.6
-31630.0	7846.0	264.814	4452.69
-31630.0	7846.0	263.514	4367.12
-31630.0	7846.0	262.214	4437.32
-31630.0	7846.0	260.913	4378.71
-31630.0	7846.0	259.613	4289.37
-31630.0	7846.0	258.311	4244.26
-31630.0	7846.0	257.01	4233.75
-31630.0	7846.0	255.708	4111.85
-31630.0	7846.0	254.406	4189.69
-31630.0	7846.0	253.104	4138.88
-31630.0	7846.0	251.801	4076.58
-31630.0	7846.0	250.499	4041.16
-31630.0	7846.0	249.195	4069.07
-31630.0	7846.0	247.892	3997.23
-31630.0	7846.0	246.588	3950.35
-31630.0	7846.0	245.284	3939.92
-31630.0	7846.0	243.98	3891.15
-31630.0	7846.0	242.676	3850.07
-31630.0	7846.0	241.371	3885.65
-31630.0	7846.0	240.066	3785.21
-31630.0	7846.0	238.76	3801.63
-31630.0	7846.0	237.455	3741.46
-31630.0	7846.0	236.149	3784.69
-31630.0	7846.0	234.843	3825.98
-31630.0	7846.0	233.536	3637.63
-31630.0	7846.0	232.229	3655.98
-31630.0	7846.0	230.922	3601.64
-31630.0	7846.0	229.615	3641.03
-31630.0	7846.0	228.307	3550.39
-31630.0	7846.0	227.0	3601.24
-31630.0	7846.0	225.691	3525.93
-31630.0	7846.0	224.383	3326.46
-31630.0	7846.0	223.074	3417.44
-31630.0	7846.0	221.765	3418.62
-31630.0	7846.0	220.456	3383.51
-31630.0	7846.0	219.146	3377.06
-31630.0	7846.0	217.836	3399.24
-31630.0	7846.0	216.526	3471.02
-31630.0	7846.0	215.216	3351.99
-31630.0	7846.0	213.905	3305.49
-31630.0	7846.0	212.594	3304.78
-31630.0	7846.0	211.283	3387.96
-31630.0	7846.0	209.971	3404.39
-31630.0	7846.0	208.66	3289.31
-31630.0	7846.0	207.348	3408.64
-31630.0	7846.0	206.035	3516.49
-31630.0	7846.0	204.722	3574.77
-31630.0	7846.0	203.409	3773.93
-31630.0	7846.0	202.096	3942.55
-31630.0	7846.0	200.783	3998.8
-31630.0	7846.0	199.469	4089.28
-31630.0	7846.0	198.155	4141.67
-31630.0	7846.0	196.84	4150.29
-31630.0	7846.0	195.526	4288.21
-31630.0	7846.0	194.211	4370.94
-31630.0	7846.0	192.896	4434.63
-31630.0	7846.0	191.58	4580.01
-31630.0	7846.0	190.264	4577.12
-31630.0	7846.0	188.948	4595.13
-31630.0	7846.0	187.632	4634.03
-31630.0	7846.0	186.315	4712.78
-31630.0	7846.0	184.998	4747.83
-31630.0	7846.0	183.681	4701.26
-31630.0	7846.0	182.364	4797.02
-31630.0	7846.0	181.046	4805.47
-31630.0	7846.0	179.728	4851.86
-31630.0	7846.0	178.41	4805.3
-31630.0	7846.0	177.091	4910.44
-31630.0	7846.0	175.772	4968.14
-31630.0	7846.0	174.453	4942.43
-31630.0	7846.0	173.133	4967.89
-31630.0	7846.0	171.814	4961.14
-31630.0	7846.0	170.494	5013.1
-31630.0	7846.0	169.173	5012.02
-31630.0	7846.0	167.853	5024.19
-31630.0	7846.0	166.532	5030.68
-31630.0	7846.0	165.211	5110.96
-31630.0	7846.0	163.889	5111.75
-31630.0	7846.0	162.567	5019.86
-31630.0	7846.0	161.245	5145.48
-31630.0	7846.0	159.923	5193.52
-31630.0	7846.0	158.6	5196.18
-31630.0	7846.0	157.278	5219.63
-31630.0	7846.0	155.954	5231.73
-31630.0	7846.0	154.631	5326.94
-31630.0	7846.0	153.307	5301.24
-31630.0	7846.0	151.983	5311.42
-31630.0	7846.0	150.659	5264.97
-31630.0	7846.0	149.334	5301.58
-31630.0	7846.0	148.009	5360.82
-31630.0	7846.0	146.684	5369.1
-31630.0	7846.0	145.359	5330.22
-31630.0	7846.0	144.033	5327.18
-31630.0	7846.0	142.707	5474.97
-31630.0	7846.0	141.381	5353.16
-31630.0	7846.0	140.054	5419.84
-31630.0	7846.0	138.727	5347.08
-31630.0	7846.0	137.4	5313.9
-31630.0	7846.0	136.072	5427.63
-31630.0	7846.0	134.745	5381.27
-31630.0	7846.0	133.417	5351.87
-31630.0	7846.0	132.088	5322.49
-31630.0	7846.0	130.76	5279.94
-31630.0	7846.0	129.431	5207.31
-31630.0	7846.0	128.102	5273.9
-31630.0	7846.0	126.772	5205.07
-31630.0	7846.0	125.442	5284.78
-31630.0	7846.0	124.112	5135.15
-31630.0	7846.0	122.782	5098.34
-31630.0	7846.0	121.451	5059.66
-31630.0	7846.0	120.12	5013.49
-31630.0	7846.0	118.789	4897.85
-31630.0	7846.0	117.458	4819.81
-31630.0	7846.0	116.126	4865.69
-31630.0	7846.0	114.794	4772.68
-31630.0	7846.0	113.462	4548.36
-31630.0	7846.0	112.129	4504.23
-31630.0	7846.0	110.796	4347.58
-31630.0	7846.0	109.463	4245.39
-31630.0	7846.0	108.129	4148.86
-31630.0	7846.0	106.796	3979.27
-31630.0	7846.0	105.461	3819.12
-31630.0	7846.0	104.127	3636.56
-31630.0	7846.0	102.792	3463.45
-31630.0	7846.0	101.457	3281.04
-31630.0	7846.0	100.122	2977.02
-31630.0	7846.0	98.7867	2834.11
-31630.0	7846.0	97.4509	2696.87
-31630.0	7846.0	96.1148	2537.24
-31630.0	7846.0	94.7784	2377.68
-31630.0	7846.0	93.4418	2223.8
-31630.0	7846.0	92.1048	2103.65
-31630.0	7846.0	90.7676	2091.98
-31630.0	7846.0	89.43	1955.08
-31630.0	7846.0	88.0922	1874.31
-31630.0	7846.0	86.7541	1890.72
-31630.0	7846.0	85.4157	1817.46
