-31628.0	7822.0	1311.89	2203.22
-31628.0	7822.0	1310.78	2309.61
-31628.0	7822.0	1309.68	2213.87
-31628.0	7822.0	1308.58	2220.33
-31628.0	7822.0	1307.48	2272.18
-31628.0	7822.0	1306.38	2244.58
-31628.0	7822.0	1305.28	2164.8
-31628.0	7822.0	1304.18	2196.22
-31628.0	7822.0	1303.07	2182.26
-31628.0	7822.0	1301.97	2243.14
-31628.0	7822.0	1300.87	2263.19
-31628.0	7822.0	1299.77	2197.08
-31628.0	7822.0	1298.66	2210.33
-31628.0	7822.0	1297.56	2225.84
-31628.0	7822.0	1296.46	2239.08
-31628.0	7822.0	1295.35	2186.6
-31628.0	7822.0	1294.25	2222.5
-31628.0	7822.0	1293.15	2267.45
-31628.0	7822.0	1292.04	2199.14
-31628.0	7822.0	1290.94	2266.72
-31628.0	7822.0	1289.83	2227.86
-31628.0	7822.0	1288.73	2238.82
-31628.0	7822.0	1287.63	2204.51
-31628.0	7822.0	1286.52	2113.64
-31628.0	7822.0	1285.42	2228.69
-31628.0	7822.0	1284.31	2210.23
-31628.0	7822.0	1283.21	2257.38
-31628.0	7822.0	1282.1	2209.52
-31628.0	7822.0	1280.99	2200.12
-31628.0	7822.0	1279.89	2208.81
-31628.0	7822.0	1278.78	2163.24
-31628.0	7822.0	1277.68	2269.12
-31628.0	7822.0	1276.57	2191.92
-31628.0	7822.0	1275.46	2144.12
-31628.0	7822.0	1274.36	2243.17
-31628.0	7822.0	1273.25	2301.53
-31628.0	7822.0	1272.14	2253.73
-31628.0	7822.0	1271.04	2176.6
-31628.0	7822.0	1269.93	2266.55
-31628.0	7822.0	1268.82	2221.04
-31628.0	7822.0	1267.71	2198.11
-31628.0	7822.0	1266.61	2177.44
-31628.0	7822.0	1265.5	2226.72
-31628.0	7822.0	1264.39	2158.69
-31628.0	7822.0	1263.28	2131.28
-31628.0	7822.0	1262.17	2110.64
-31628.0	7822.0	1261.06	2223.02
-31628.0	7822.0	1259.95	2193.36
-31628.0	7822.0	1258.84	2190.74
-31628.0	7822.0	1257.74	2149.83
-31628.0	7822.0	1256.63	2214.82
-31628.0	7822.0	1255.52	2108.58
-31628.0	7822.0	1254.41	2133.01
-31628.0	7822.0	1253.3	2227.25
-31628.0	7822.0	1252.19	2154.83
-31628.0	7822.0	1251.08	2213.01
-31628.0	7822.0	1249.96	2232.91
-31628.0	7822.0	1248.85	2153.77
-31628.0	7822.0	1247.74	2171.42
-31628.0	7822.0	1246.63	2216.07
-31628.0	7822.0	1245.52	2127.97
-31628.0	7822.0	1244.41	2134.37
-31628.0	7822.0	1243.3	2113.79
-31628.0	7822.0	1242.18	2210.12
-31628.0	7822.0	1241.07	2158.05
-31628.0	7822.0	1239.96	2200.4
-31628.0	7822.0	1238.85	2161.84
-31628.0	7822.0	1237.74	2161.49
-31628.0	7822.0	1236.62	2212.8
-31628.0	7822.0	1235.51	2091.15
-31628.0	7822.0	1234.4	2072.84
-31628.0	7822.0	1233.28	2169.05
-31628.0	7822.0	1232.17	2157.47
-31628.0	7822.0	1231.06	2179.56
-31628.0	7822.0	1229.94	2143.29
-31628.0	7822.0	1228.83	2107.04
-31628.0	7822.0	1227.71	2178.48
-31628.0	7822.0	1226.6	2137.75
-31628.0	7822.0	1225.48	2204.68
-31628.0	7822.0	1224.37	2076.5
-31628.0	7822.0	1223.25	2203.95
-31628.0	7822.0	1222.14	2138.58
-31628.0	7822.0	1221.02	2205.47
-31628.0	7822.0	1219.91	2108.74
-31628.0	7822.0	1218.79	2094.95
-31628.0	7822.0	1217.68	2161.81
-31628.0	7822.0	1216.56	2112.18
-31628.0	7822.0	1215.44	2228.28
-31628.0	7822.0	1214.33	2104.76
-31628.0	7822.0	1213.21	2151.43
-31628.0	7822.0	1212.09	2108.54
-31628.0	7822.0	1210.98	2023.15
-31628.0	7822.0	1209.86	2098.89
-31628.0	7822.0	1208.74	2163.43
-31628.0	7822.0	1207.62	2100.44
-31628.0	7822.0	1206.51	2138.11
-31628.0	7822.0	1205.39	2157.88
-31628.0	7822.0	1204.27	2168.7
-31628.0	7822.0	1203.15	2090.1
-31628.0	7822.0	1202.03	2223.86
-31628.0	7822.0	1200.91	2183.26
-31628.0	7822.0	1199.8	2091.29
-31628.0	7822.0	1198.68	2151.26
-31628.0	7822.0	1197.56	2117.4
-31628.0	7822.0	1196.44	2079.08
-31628.0	7822.0	1195.32	2087.67
-31628.0	7822.0	1194.2	2114.11
-31628.0	7822.0	1193.08	2109.29
-31628.0	7822.0	1191.96	2048.69
-31628.0	7822.0	1190.84	2146.52
-31628.0	7822.0	1189.72	2148.4
-31628.0	7822.0	1188.6	2210.49
-31628.0	7822.0	1187.48	2134.3
-31628.0	7822.0	1186.35	2176.31
-31628.0	7822.0	1185.23	2129.13
-31628.0	7822.0	1184.11	2055.21
-31628.0	7822.0	1182.99	2161.84
-31628.0	7822.0	1181.87	2114.69
-31628.0	7822.0	1180.75	2156.66
-31628.0	7822.0	1179.62	2178.58
-31628.0	7822.0	1178.5	2075.76
-31628.0	7822.0	1177.38	2084.32
-31628.0	7822.0	1176.26	2181.94
-31628.0	7822.0	1175.13	2099.21
-31628.0	7822.0	1174.01	2096.63
-31628.0	7822.0	1172.89	2136.33
-31628.0	7822.0	1171.76	2191.6
-31628.0	7822.0	1170.64	2153.41
-31628.0	7822.0	1169.51	2144.15
-31628.0	7822.0	1168.39	2128.22
-31628.0	7822.0	1167.27	2101.18
-31628.0	7822.0	1166.14	2096.38
-31628.0	7822.0	1165.02	2100.48
-31628.0	7822.0	1163.89	2100.12
-31628.0	7822.0	1162.77	2168.65
-31628.0	7822.0	1161.64	2121.63
-31628.0	7822.0	1160.52	2107.95
-31628.0	7822.0	1159.39	2140.9
-31628.0	7822.0	1158.26	2069.49
-31628.0	7822.0	1157.14	2071.36
-31628.0	7822.0	1156.01	2166.46
-31628.0	7822.0	1154.88	2088.41
-31628.0	7822.0	1153.76	2201.23
-31628.0	7822.0	1152.63	2196.42
-31628.0	7822.0	1151.5	2169.43
-31628.0	7822.0	1150.38	2175.71
-31628.0	7822.0	1149.25	2111.04
-31628.0	7822.0	1148.12	2130.63
-31628.0	7822.0	1146.99	2081.51
-31628.0	7822.0	1145.87	2045.69
-31628.0	7822.0	1144.74	2162.79
-31628.0	7822.0	1143.61	2082.66
-31628.0	7822.0	1142.48	2131.04
-31628.0	7822.0	1141.35	2084.17
-31628.0	7822.0	1140.22	2183.47
-31628.0	7822.0	1139.09	2125.53
-31628.0	7822.0	1137.97	2153.95
-31628.0	7822.0	1136.84	2140.3
-31628.0	7822.0	1135.71	2029.29
-31628.0	7822.0	1134.58	2079.83
-31628.0	7822.0	1133.45	2079.48
-31628.0	7822.0	1132.32	2068.06
-31628.0	7822.0	1131.19	2094.25
-31628.0	7822.0	1130.05	2116.0
-31628.0	7822.0	1128.92	2084.69
-31628.0	7822.0	1127.79	2186.01
-31628.0	7822.0	1126.66	2174.59
-31628.0	7822.0	1125.53	2138.86
-31628.0	7822.0	1124.4	2145.12
-31628.0	7822.0	1123.27	2113.83
-31628.0	7822.0	1122.13	2153.22
-31628.0	7822.0	1121.0	2079.99
-31628.0	7822.0	1119.87	2022.23
-31628.0	7822.0	1118.74	2112.39
-31628.0	7822.0	1117.6	2129.68
-31628.0	7822.0	1116.47	2018.99
-31628.0	7822.0	1115.34	2109.1
-31628.0	7822.0	1114.2	2053.59
-31628.0	7822.0	1113.07	2128.22
-31628.0	7822.0	1111.94	2090.37
-31628.0	7822.0	1110.8	2145.13
-31628.0	7822.0	1109.67	2052.18
-31628.0	7822.0	1108.54	2054.03
-31628.0	7822.0	1107.4	2073.51
-31628.0	7822.0	1106.27	2097.39
-31628.0	7822.0	1105.13	2127.86
-31628.0	7822.0	1104.0	2138.51
-31628.0	7822.0	1102.86	2063.27
-31628.0	7822.0	1101.72	2089.34
-31628.0	7822.0	1100.59	2106.59
-31628.0	7822.0	1099.45	2088.62
-31628.0	7822.0	1098.32	2182.88
-31628.0	7822.0	1097.18	2092.3
-31628.0	7822.0	1096.04	2151.33
-31628.0	7822.0	1094.91	2177.35
-31628.0	7822.0	1093.77	2093.41
-31628.0	7822.0	1092.63	2176.59
-31628.0	7822.0	1091.5	2160.83
-31628.0	7822.0	1090.36	2189.03
-31628.0	7822.0	1089.22	2144.7
-31628.0	7822.0	1088.08	1999.32
-31628.0	7822.0	1086.95	2146.15
-31628.0	7822.0	1085.81	2117.23
-31628.0	7822.0	1084.67	2158.59
-31628.0	7822.0	1083.53	2202.12
-31628.0	7822.0	1082.39	2173.2
-31628.0	7822.0	1081.25	2054.31
-31628.0	7822.0	1080.11	2168.06
-31628.0	7822.0	1078.97	2147.94
-31628.0	7822.0	1077.83	2123.43
-31628.0	7822.0	1076.69	2123.06
-31628.0	7822.0	1075.55	2159.97
-31628.0	7822.0	1074.41	2071.9
-31628.0	7822.0	1073.27	2064.96
-31628.0	7822.0	1072.13	2132.54
-31628.0	7822.0	1070.99	2110.26
-31628.0	7822.0	1069.85	2120.85
-31628.0	7822.0	1068.71	2085.43
-31628.0	7822.0	1067.57	2117.92
-31628.0	7822.0	1066.43	2071.56
-31628.0	7822.0	1065.28	2158.78
-31628.0	7822.0	1064.14	2151.83
-31628.0	7822.0	1063.0	2225.87
-31628.0	7822.0	1061.86	2120.44
-31628.0	7822.0	1060.71	2179.15
-31628.0	7822.0	1059.57	2255.33
-31628.0	7822.0	1058.43	2141.2
-31628.0	7822.0	1057.29	2149.57
-31628.0	7822.0	1056.14	2168.87
-31628.0	7822.0	1055.0	2151.01
-31628.0	7822.0	1053.85	2172.49
-31628.0	7822.0	1052.71	2069.4
-31628.0	7822.0	1051.57	2158.61
-31628.0	7822.0	1050.42	2125.47
-31628.0	7822.0	1049.28	2157.86
-31628.0	7822.0	1048.13	2159.66
-31628.0	7822.0	1046.99	2194.21
-31628.0	7822.0	1045.84	2174.18
-31628.0	7822.0	1044.7	2289.47
-31628.0	7822.0	1043.55	2304.34
-31628.0	7822.0	1042.4	2227.58
-31628.0	7822.0	1041.26	2194.46
-31628.0	7822.0	1040.11	2200.62
-31628.0	7822.0	1038.97	2348.51
-31628.0	7822.0	1037.82	2271.79
-31628.0	7822.0	1036.67	2223.43
-31628.0	7822.0	1035.53	2262.27
-31628.0	7822.0	1034.38	2292.38
-31628.0	7822.0	1033.23	2287.62
-31628.0	7822.0	1032.08	2306.82
-31628.0	7822.0	1030.94	2317.3
-31628.0	7822.0	1029.79	2321.24
-31628.0	7822.0	1028.64	2386.15
-31628.0	7822.0	1027.49	2409.67
-31628.0	7822.0	1026.34	2407.07
-31628.0	7822.0	1025.19	2317.42
-31628.0	7822.0	1024.04	2417.09
-31628.0	7822.0	1022.89	2444.94
-31628.0	7822.0	1021.74	2407.53
-31628.0	7822.0	1020.59	2507.13
-31628.0	7822.0	1019.45	2434.94
-31628.0	7822.0	1018.29	2558.41
-31628.0	7822.0	1017.14	2449.29
-31628.0	7822.0	1015.99	2564.02
-31628.0	7822.0	1014.84	2513.59
-31628.0	7822.0	1013.69	2534.87
-31628.0	7822.0	1012.54	2606.09
-31628.0	7822.0	1011.39	2596.94
-31628.0	7822.0	1010.24	2616.01
-31628.0	7822.0	1009.09	2658.96
-31628.0	7822.0	1007.93	2662.82
-31628.0	7822.0	1006.78	2623.29
-31628.0	7822.0	1005.63	2744.31
-31628.0	7822.0	1004.48	2759.0
-31628.0	7822.0	1003.32	2704.3
-31628.0	7822.0	1002.17	2777.53
-31628.0	7822.0	1001.02	2818.23
-31628.0	7822.0	999.865	2819.89
-31628.0	7822.0	998.711	2888.73
-31628.0	7822.0	997.558	2905.55
-31628.0	7822.0	996.403	2980.85
-31628.0	7822.0	995.249	2859.02
-31628.0	7822.0	994.095	3016.6
-31628.0	7822.0	992.94	3091.84
-31628.0	7822.0	991.785	3164.88
-31628.0	7822.0	990.63	3155.66
-31628.0	7822.0	989.475	3204.86
-31628.0	7822.0	988.319	3271.36
-31628.0	7822.0	987.164	3268.61
-31628.0	7822.0	986.008	3330.74
-31628.0	7822.0	984.852	3399.34
-31628.0	7822.0	983.695	3547.91
-31628.0	7822.0	982.539	3547.27
-31628.0	7822.0	981.382	3516.38
-31628.0	7822.0	980.225	3543.84
-31628.0	7822.0	979.068	3525.91
-31628.0	7822.0	977.911	3574.96
-31628.0	7822.0	976.753	3641.27
-31628.0	7822.0	975.595	3651.41
-31628.0	7822.0	974.437	3652.91
-31628.0	7822.0	973.279	3799.03
-31628.0	7822.0	972.121	3796.18
-31628.0	7822.0	970.962	3713.5
-31628.0	7822.0	969.803	3736.56
-31628.0	7822.0	968.644	3835.11
-31628.0	7822.0	967.485	3815.01
-31628.0	7822.0	966.326	3829.41
-31628.0	7822.0	965.166	3776.98
-31628.0	7822.0	964.006	3789.23
-31628.0	7822.0	962.846	3870.43
-31628.0	7822.0	961.686	3809.4
-31628.0	7822.0	960.525	3828.1
-31628.0	7822.0	959.365	3827.4
-31628.0	7822.0	958.204	3968.84
-31628.0	7822.0	957.043	3847.54
-31628.0	7822.0	955.881	3885.59
-31628.0	7822.0	954.72	3955.91
-31628.0	7822.0	953.558	3856.21
-31628.0	7822.0	952.396	3887.78
-31628.0	7822.0	951.234	3908.58
-31628.0	7822.0	950.071	3912.17
-31628.0	7822.0	948.909	3920.06
-31628.0	7822.0	947.746	3897.85
-31628.0	7822.0	946.583	3925.08
-31628.0	7822.0	945.42	3982.39
-31628.0	7822.0	944.256	3990.26
-31628.0	7822.0	943.092	3929.38
-31628.0	7822.0	941.929	3930.81
-31628.0	7822.0	940.765	3919.36
-31628.0	7822.0	939.6	3910.05
-31628.0	7822.0	938.436	3859.96
-31628.0	7822.0	937.271	3872.13
-31628.0	7822.0	936.106	3856.4
-31628.0	7822.0	934.941	3832.1
-31628.0	7822.0	933.775	3687.66
-31628.0	7822.0	932.61	3618.35
-31628.0	7822.0	931.444	3536.2
-31628.0	7822.0	930.278	3580.58
-31628.0	7822.0	929.112	3337.69
-31628.0	7822.0	927.945	3343.51
-31628.0	7822.0	926.779	3297.89
-31628.0	7822.0	925.612	3207.3
-31628.0	7822.0	924.445	3153.16
-31628.0	7822.0	923.278	3208.27
-31628.0	7822.0	922.11	3137.02
-31628.0	7822.0	920.942	2997.28
-31628.0	7822.0	919.774	3112.32
-31628.0	7822.0	918.606	2998.32
-31628.0	7822.0	917.438	2942.13
-31628.0	7822.0	916.269	2920.2
-31628.0	7822.0	915.1	2902.55
-31628.0	7822.0	913.931	2921.26
-31628.0	7822.0	912.762	2751.81
-31628.0	7822.0	911.593	2866.74
-31628.0	7822.0	910.423	2836.29
-31628.0	7822.0	909.253	2775.93
-31628.0	7822.0	908.083	2700.64
-31628.0	7822.0	906.913	2809.08
-31628.0	7822.0	905.742	2823.51
-31628.0	7822.0	904.572	2810.18
-31628.0	7822.0	903.401	2662.35
-31628.0	7822.0	902.229	2774.99
-31628.0	7822.0	901.058	2768.07
-31628.0	7822.0	899.886	2805.97
-31628.0	7822.0	898.715	2799.05
-31628.0	7822.0	897.543	2796.4
-31628.0	7822.0	896.37	2684.98
-31628.0	7822.0	895.198	2669.56
-31628.0	7822.0	894.025	2662.67
-31628.0	7822.0	892.852	2745.3
-31628.0	7822.0	891.679	2800.2
-31628.0	7822.0	890.506	2673.97
-31628.0	7822.0	889.332	2681.99
-31628.0	7822.0	888.158	2719.83
-31628.0	7822.0	886.984	2725.71
-31628.0	7822.0	885.81	2652.82
-31628.0	7822.0	884.636	2582.08
-31628.0	7822.0	883.461	2681.63
-31628.0	7822.0	882.286	2621.55
-31628.0	7822.0	881.111	2674.25
-31628.0	7822.0	879.936	2578.03
-31628.0	7822.0	878.76	2609.45
-31628.0	7822.0	877.584	2621.72
-31628.0	7822.0	876.408	2633.99
-31628.0	7822.0	875.232	2661.13
-31628.0	7822.0	874.056	2609.63
-31628.0	7822.0	872.879	2585.77
-31628.0	7822.0	871.702	2500.31
-31628.0	7822.0	870.525	2548.7
-31628.0	7822.0	869.348	2658.64
-31628.0	7822.0	868.17	2541.37
-31628.0	7822.0	866.993	2583.35
-31628.0	7822.0	865.815	2546.79
-31628.0	7822.0	864.637	2567.53
-31628.0	7822.0	863.458	2562.81
-31628.0	7822.0	862.28	2456.27
-31628.0	7822.0	861.101	2474.9
-31628.0	7822.0	859.922	2493.51
-31628.0	7822.0	858.742	2531.21
-31628.0	7822.0	857.563	2471.38
-31628.0	7822.0	856.383	2530.25
-31628.0	7822.0	855.203	2493.76
-31628.0	7822.0	854.023	2542.01
-31628.0	7822.0	852.843	2522.47
-31628.0	7822.0	851.662	2498.71
-31628.0	7822.0	850.481	2432.61
-31628.0	7822.0	849.3	2468.13
-31628.0	7822.0	848.119	2499.41
-31628.0	7822.0	846.937	2462.97
-31628.0	7822.0	845.756	2428.66
-31628.0	7822.0	844.574	2466.27
-31628.0	7822.0	843.392	2459.46
-31628.0	7822.0	842.209	2492.83
-31628.0	7822.0	841.027	2458.54
-31628.0	7822.0	839.844	2496.12
-31628.0	7822.0	838.661	2472.4
-31628.0	7822.0	837.477	2482.5
-31628.0	7822.0	836.294	2458.79
-31628.0	7822.0	835.11	2504.79
-31628.0	7822.0	833.926	2626.79
-31628.0	7822.0	832.742	2512.29
-31628.0	7822.0	831.558	2444.27
-31628.0	7822.0	830.373	2500.78
-31628.0	7822.0	829.188	2434.9
-31628.0	7822.0	828.003	2476.63
-31628.0	7822.0	826.818	2469.83
-31628.0	7822.0	825.632	2488.34
-31628.0	7822.0	824.446	2445.7
-31628.0	7822.0	823.26	2525.34
-31628.0	7822.0	822.074	2436.35
-31628.0	7822.0	820.888	2450.63
-31628.0	7822.0	819.701	2551.29
-31628.0	7822.0	818.514	2460.23
-31628.0	7822.0	817.327	2451.34
-31628.0	7822.0	816.14	2358.23
-31628.0	7822.0	814.952	2399.88
-31628.0	7822.0	813.765	2456.26
-31628.0	7822.0	812.577	2392.66
-31628.0	7822.0	811.388	2430.07
-31628.0	7822.0	810.2	2427.51
-31628.0	7822.0	809.011	2397.6
-31628.0	7822.0	807.822	2447.61
-31628.0	7822.0	806.633	2373.56
-31628.0	7822.0	805.444	2434.06
-31628.0	7822.0	804.254	2414.68
-31628.0	7822.0	803.064	2426.83
-31628.0	7822.0	801.874	2375.95
-31628.0	7822.0	800.684	2381.79
-31628.0	7822.0	799.493	2410.74
-31628.0	7822.0	798.303	2433.37
-31628.0	7822.0	797.112	2424.51
-31628.0	7822.0	795.921	2434.54
-31628.0	7822.0	794.729	2444.57
-31628.0	7822.0	793.538	2488.15
-31628.0	7822.0	792.346	2466.7
-31628.0	7822.0	791.154	2369.76
-31628.0	7822.0	789.961	2356.73
-31628.0	7822.0	788.769	2484.15
-31628.0	7822.0	787.576	2443.85
-31628.0	7822.0	786.383	2445.48
-31628.0	7822.0	785.19	2338.16
-31628.0	7822.0	783.996	2398.45
-31628.0	7822.0	782.802	2393.8
-31628.0	7822.0	781.608	2414.28
-31628.0	7822.0	780.414	2344.73
-31628.0	7822.0	779.22	2354.75
-31628.0	7822.0	778.025	2368.94
-31628.0	7822.0	776.83	2383.13
-31628.0	7822.0	775.635	2422.42
-31628.0	7822.0	774.44	2355.02
-31628.0	7822.0	773.244	2419.39
-31628.0	7822.0	772.049	2425.2
-31628.0	7822.0	770.853	2339.03
-31628.0	7822.0	769.656	2307.23
-31628.0	7822.0	768.46	2350.66
-31628.0	7822.0	767.263	2369.01
-31628.0	7822.0	766.066	2337.22
-31628.0	7822.0	764.869	2265.77
-31628.0	7822.0	763.672	2330.06
-31628.0	7822.0	762.474	2381.79
-31628.0	7822.0	761.276	2375.07
-31628.0	7822.0	760.078	2312.01
-31628.0	7822.0	758.88	2361.64
-31628.0	7822.0	757.681	2352.83
-31628.0	7822.0	756.483	2325.27
-31628.0	7822.0	755.284	2356.09
-31628.0	7822.0	754.084	2338.96
-31628.0	7822.0	752.885	2246.8
-31628.0	7822.0	751.685	2194.27
-31628.0	7822.0	750.485	2273.01
-31628.0	7822.0	749.285	2220.5
-31628.0	7822.0	748.085	2290.87
-31628.0	7822.0	746.884	2282.1
-31628.0	7822.0	745.683	2362.85
-31628.0	7822.0	744.482	2291.62
-31628.0	7822.0	743.281	2336.96
-31628.0	7822.0	742.079	2344.82
-31628.0	7822.0	740.877	2271.56
-31628.0	7822.0	739.675	2250.32
-31628.0	7822.0	738.473	2249.88
-31628.0	7822.0	737.27	2172.52
-31628.0	7822.0	736.068	2211.59
-31628.0	7822.0	734.865	2221.55
-31628.0	7822.0	733.661	2165.02
-31628.0	7822.0	732.458	2253.92
-31628.0	7822.0	731.254	2238.94
-31628.0	7822.0	730.05	2228.12
-31628.0	7822.0	728.846	2304.5
-31628.0	7822.0	727.642	2308.21
-31628.0	7822.0	726.437	2228.89
-31628.0	7822.0	725.232	2269.96
-31628.0	7822.0	724.027	2221.8
-31628.0	7822.0	722.822	2221.36
-31628.0	7822.0	721.616	2171.16
-31628.0	7822.0	720.41	2237.08
-31628.0	7822.0	719.204	2276.03
-31628.0	7822.0	717.998	2294.23
-31628.0	7822.0	716.791	2239.91
-31628.0	7822.0	715.585	2224.97
-31628.0	7822.0	714.378	2468.94
-31628.0	7822.0	713.17	2340.06
-31628.0	7822.0	711.963	2289.91
-31628.0	7822.0	710.755	2181.82
-31628.0	7822.0	709.547	2286.95
-31628.0	7822.0	708.339	2296.84
-31628.0	7822.0	707.131	2242.6
-31628.0	7822.0	705.922	2244.23
-31628.0	7822.0	704.713	2340.98
-31628.0	7822.0	703.504	2359.13
-31628.0	7822.0	702.295	2325.59
-31628.0	7822.0	701.085	2341.67
-31628.0	7822.0	699.875	2264.75
-31628.0	7822.0	698.665	2241.58
-31628.0	7822.0	697.455	2360.94
-31628.0	7822.0	696.244	2319.17
-31628.0	7822.0	695.034	2372.4
-31628.0	7822.0	693.822	2340.97
-31628.0	7822.0	692.611	2371.46
-31628.0	7822.0	691.4	2389.57
-31628.0	7822.0	690.188	2310.7
-31628.0	7822.0	688.976	2351.5
-31628.0	7822.0	687.764	2344.84
-31628.0	7822.0	686.551	2340.26
-31628.0	7822.0	685.339	2407.82
-31628.0	7822.0	684.126	2364.06
-31628.0	7822.0	682.912	2419.23
-31628.0	7822.0	681.699	2507.35
-31628.0	7822.0	680.485	2494.49
-31628.0	7822.0	679.271	2403.38
-31628.0	7822.0	678.057	2532.63
-31628.0	7822.0	676.843	2451.84
-31628.0	7822.0	675.628	2426.65
-31628.0	7822.0	674.413	2487.91
-31628.0	7822.0	673.198	2530.62
-31628.0	7822.0	671.983	2495.15
-31628.0	7822.0	670.767	2494.65
-31628.0	7822.0	669.551	2588.74
-31628.0	7822.0	668.335	2561.5
-31628.0	7822.0	667.119	2528.11
-31628.0	7822.0	665.902	2441.3
-31628.0	7822.0	664.686	2483.96
-31628.0	7822.0	663.469	2551.25
-31628.0	7822.0	662.251	2602.09
-31628.0	7822.0	661.034	2583.09
-31628.0	7822.0	659.816	2570.26
-31628.0	7822.0	658.598	2528.69
-31628.0	7822.0	657.38	2507.67
-31628.0	7822.0	656.161	2496.91
-31628.0	7822.0	654.942	2580.52
-31628.0	7822.0	653.723	2606.66
-31628.0	7822.0	652.504	2460.56
-31628.0	7822.0	651.285	2560.52
-31628.0	7822.0	650.065	2629.7
-31628.0	7822.0	648.845	2534.91
-31628.0	7822.0	647.625	2579.48
-31628.0	7822.0	646.404	2593.3
-31628.0	7822.0	645.184	2582.54
-31628.0	7822.0	643.963	2633.22
-31628.0	7822.0	642.742	2604.03
-31628.0	7822.0	641.52	2585.09
-31628.0	7822.0	640.298	2611.17
-31628.0	7822.0	639.076	2559.5
-31628.0	7822.0	637.854	2683.77
-31628.0	7822.0	636.632	2650.51
-31628.0	7822.0	635.409	2672.47
-31628.0	7822.0	634.186	2706.69
-31628.0	7822.0	632.963	2628.48
-31628.0	7822.0	631.74	2578.91
-31628.0	7822.0	630.516	2656.03
-31628.0	7822.0	629.292	2584.0
-31628.0	7822.0	628.068	2605.95
-31628.0	7822.0	626.844	2607.46
-31628.0	7822.0	625.619	2662.06
-31628.0	7822.0	624.394	2732.96
-31628.0	7822.0	623.169	2728.33
-31628.0	7822.0	621.944	2770.63
-31628.0	7822.0	620.718	2682.36
-31628.0	7822.0	619.492	2590.05
-31628.0	7822.0	618.266	2754.68
-31628.0	7822.0	617.04	2678.7
-31628.0	7822.0	615.813	2659.82
-31628.0	7822.0	614.587	2795.81
-31628.0	7822.0	613.36	2715.79
-31628.0	7822.0	612.132	2719.32
-31628.0	7822.0	610.905	2665.82
-31628.0	7822.0	609.677	2677.5
-31628.0	7822.0	608.449	2599.61
-31628.0	7822.0	607.22	2729.34
-31628.0	7822.0	605.992	2645.36
-31628.0	7822.0	604.763	2738.41
-31628.0	7822.0	603.534	2548.69
-31628.0	7822.0	602.305	2655.96
-31628.0	7822.0	601.075	2704.22
-31628.0	7822.0	599.845	2630.49
-31628.0	7822.0	598.615	2595.41
-31628.0	7822.0	597.385	2641.62
-31628.0	7822.0	596.154	2669.53
-31628.0	7822.0	594.924	2603.99
-31628.0	7822.0	593.693	2658.29
-31628.0	7822.0	592.461	2641.51
-31628.0	7822.0	591.23	2628.8
-31628.0	7822.0	589.998	2648.56
-31628.0	7822.0	588.766	2621.65
-31628.0	7822.0	587.534	2539.97
-31628.0	7822.0	586.301	2640.87
-31628.0	7822.0	585.068	2644.39
-31628.0	7822.0	583.835	2540.45
-31628.0	7822.0	582.602	2596.69
-31628.0	7822.0	581.368	2527.26
-31628.0	7822.0	580.134	2524.72
-31628.0	7822.0	578.9	2540.41
-31628.0	7822.0	577.666	2586.48
-31628.0	7822.0	576.432	2592.03
-31628.0	7822.0	575.197	2571.26
-31628.0	7822.0	573.962	2619.32
-31628.0	7822.0	572.726	2570.21
-31628.0	7822.0	571.491	2622.3
-31628.0	7822.0	570.255	2577.26
-31628.0	7822.0	569.019	2696.06
-31628.0	7822.0	567.783	2665.18
-31628.0	7822.0	566.546	2654.53
-31628.0	7822.0	565.309	2645.91
-31628.0	7822.0	564.072	2669.62
-31628.0	7822.0	562.835	2622.6
-31628.0	7822.0	561.597	2749.33
-31628.0	7822.0	560.359	2766.95
-31628.0	7822.0	559.121	2762.35
-31628.0	7822.0	557.883	2777.93
-31628.0	7822.0	556.644	2706.72
-31628.0	7822.0	555.406	2871.65
-31628.0	7822.0	554.167	2820.62
-31628.0	7822.0	552.927	2935.02
-31628.0	7822.0	551.688	2962.66
-31628.0	7822.0	550.448	3010.45
-31628.0	7822.0	549.208	3126.76
-31628.0	7822.0	547.967	3158.37
-31628.0	7822.0	546.727	3131.52
-31628.0	7822.0	545.486	3235.65
-31628.0	7822.0	544.245	3416.27
-31628.0	7822.0	543.003	3455.85
-31628.0	7822.0	541.762	3622.26
-31628.0	7822.0	540.52	3687.95
-31628.0	7822.0	539.278	3747.58
-31628.0	7822.0	538.035	4000.35
-31628.0	7822.0	536.793	4150.42
-31628.0	7822.0	535.55	4449.27
-31628.0	7822.0	534.307	4647.45
-31628.0	7822.0	533.063	4974.22
-31628.0	7822.0	531.82	5397.35
-31628.0	7822.0	530.576	5954.96
-31628.0	7822.0	529.331	6681.13
-31628.0	7822.0	528.087	7780.66
-31628.0	7822.0	526.842	9275.42
-31628.0	7822.0	525.597	11697.3
-31628.0	7822.0	524.352	15923.2
-31628.0	7822.0	523.107	23178.3
-31628.0	7822.0	521.861	34518.4
-31628.0	7822.0	520.615	41423.6
-31628.0	7822.0	519.369	40087.1
-31628.0	7822.0	518.122	35734.6
-31628.0	7822.0	516.876	30593.9
-31628.0	7822.0	515.629	25882.2
-31628.0	7822.0	514.381	22046.5
-31628.0	7822.0	513.134	18725.3
-31628.0	7822.0	511.886	16391.3
-31628.0	7822.0	510.638	14823.4
-31628.0	7822.0	509.39	13518.6
-31628.0	7822.0	508.141	12588.7
-31628.0	7822.0	506.892	12077.6
-31628.0	7822.0	505.643	11546.7
-31628.0	7822.0	504.394	10876.0
-31628.0	7822.0	503.145	10763.7
-31628.0	7822.0	501.895	10567.5
-31628.0	7822.0	500.645	10605.3
-31628.0	7822.0	499.394	10385.1
-31628.0	7822.0	498.144	10273.1
-31628.0	7822.0	496.893	10294.9
-31628.0	7822.0	495.642	10170.9
-31628.0	7822.0	494.39	10024.9
-31628.0	7822.0	493.139	9813.15
-31628.0	7822.0	491.887	9841.07
-31628.0	7822.0	490.635	9499.62
-31628.0	7822.0	489.382	9453.74
-31628.0	7822.0	488.13	9433.82
-31628.0	7822.0	486.877	9246.3
-31628.0	7822.0	485.623	9250.37
-31628.0	7822.0	484.37	9086.9
-31628.0	7822.0	483.116	8899.57
-31628.0	7822.0	481.862	9027.31
-31628.0	7822.0	480.608	8806.18
-31628.0	7822.0	479.354	8772.47
-31628.0	7822.0	478.099	8696.93
-31628.0	7822.0	476.844	8723.01
-31628.0	7822.0	475.588	8593.74
-31628.0	7822.0	474.333	8414.74
-31628.0	7822.0	473.077	8383.13
-31628.0	7822.0	471.821	8319.69
-31628.0	7822.0	470.565	8214.48
-31628.0	7822.0	469.308	8117.28
-31628.0	7822.0	468.051	8071.83
-31628.0	7822.0	466.794	7986.63
-31628.0	7822.0	465.537	7955.14
-31628.0	7822.0	464.279	7826.26
-31628.0	7822.0	463.021	7633.84
-31628.0	7822.0	461.763	7642.19
-31628.0	7822.0	460.505	7537.29
-31628.0	7822.0	459.246	7474.15
-31628.0	7822.0	457.987	7250.18
-31628.0	7822.0	456.728	7270.51
-31628.0	7822.0	455.469	6925.59
-31628.0	7822.0	454.209	6781.26
-31628.0	7822.0	452.949	6702.47
-31628.0	7822.0	451.689	6558.24
-31628.0	7822.0	450.428	6658.02
-31628.0	7822.0	449.167	6462.31
-31628.0	7822.0	447.906	6320.2
-31628.0	7822.0	446.645	6322.85
-31628.0	7822.0	445.383	6264.06
-31628.0	7822.0	444.122	6189.44
-31628.0	7822.0	442.86	6065.34
-31628.0	7822.0	441.597	5967.03
-31628.0	7822.0	440.335	5949.94
-31628.0	7822.0	439.072	5877.44
-31628.0	7822.0	437.809	5704.02
-31628.0	7822.0	436.545	5718.66
-31628.0	7822.0	435.281	5648.22
-31628.0	7822.0	434.018	5498.69
-31628.0	7822.0	432.753	5430.3
-31628.0	7822.0	431.489	5401.49
-31628.0	7822.0	430.224	5388.5
-31628.0	7822.0	428.959	5332.03
-31628.0	7822.0	427.694	5249.91
-31628.0	7822.0	426.428	5195.47
-31628.0	7822.0	425.163	5192.41
-31628.0	7822.0	423.896	5110.36
-31628.0	7822.0	422.63	5026.37
-31628.0	7822.0	421.364	5005.58
-31628.0	7822.0	420.097	4994.66
-31628.0	7822.0	418.83	4981.78
-31628.0	7822.0	417.562	4860.4
-31628.0	7822.0	416.295	4916.58
-31628.0	7822.0	415.027	4789.35
-31628.0	7822.0	413.758	4788.35
-31628.0	7822.0	412.49	4793.26
-31628.0	7822.0	411.221	4723.28
-31628.0	7822.0	409.952	4775.48
-31628.0	7822.0	408.683	4754.78
-31628.0	7822.0	407.414	4663.2
-31628.0	7822.0	406.144	4607.09
-31628.0	7822.0	404.874	4582.5
-31628.0	7822.0	403.603	4699.62
-31628.0	7822.0	402.333	4673.05
-31628.0	7822.0	401.062	4618.96
-31628.0	7822.0	399.791	4564.88
-31628.0	7822.0	398.519	4672.07
-31628.0	7822.0	397.248	4555.1
-31628.0	7822.0	395.976	4577.72
-31628.0	7822.0	394.704	4578.73
-31628.0	7822.0	393.431	4691.71
-31628.0	7822.0	392.159	4608.23
-31628.0	7822.0	390.886	4717.23
-31628.0	7822.0	389.612	4643.59
-31628.0	7822.0	388.339	4485.57
-31628.0	7822.0	387.065	4574.9
-31628.0	7822.0	385.791	4624.96
-31628.0	7822.0	384.517	4635.75
-31628.0	7822.0	383.242	4566.13
-31628.0	7822.0	381.967	4606.34
-31628.0	7822.0	380.692	4526.95
-31628.0	7822.0	379.417	4643.6
-31628.0	7822.0	378.141	4699.46
-31628.0	7822.0	376.865	4551.52
-31628.0	7822.0	375.589	4562.31
-31628.0	7822.0	374.312	4463.42
-31628.0	7822.0	373.035	4497.72
-31628.0	7822.0	371.758	4604.44
-31628.0	7822.0	370.481	4478.21
-31628.0	7822.0	369.204	4393.12
-31628.0	7822.0	367.926	4456.75
-31628.0	7822.0	366.648	4534.05
-31628.0	7822.0	365.369	4468.55
-31628.0	7822.0	364.091	4463.7
-31628.0	7822.0	362.812	4372.84
-31628.0	7822.0	361.532	4436.4
-31628.0	7822.0	360.253	4445.24
-31628.0	7822.0	358.973	4352.48
-31628.0	7822.0	357.693	4337.89
-31628.0	7822.0	356.413	4391.64
-31628.0	7822.0	355.132	4459.04
-31628.0	7822.0	353.852	4504.94
-31628.0	7822.0	352.571	4418.13
-31628.0	7822.0	351.289	4370.36
-31628.0	7822.0	350.008	4420.15
-31628.0	7822.0	348.726	4411.42
-31628.0	7822.0	347.444	4470.93
-31628.0	7822.0	346.161	4477.78
-31628.0	7822.0	344.878	4459.29
-31628.0	7822.0	343.595	4337.53
-31628.0	7822.0	342.312	4492.46
-31628.0	7822.0	341.029	4475.93
-31628.0	7822.0	339.745	4471.08
-31628.0	7822.0	338.461	4604.47
-31628.0	7822.0	337.176	4622.96
-31628.0	7822.0	335.892	4621.98
-31628.0	7822.0	334.607	4626.83
-31628.0	7822.0	333.322	4653.08
-31628.0	7822.0	332.036	4587.92
-31628.0	7822.0	330.75	4651.11
-31628.0	7822.0	329.464	4572.36
-31628.0	7822.0	328.178	4721.05
-31628.0	7822.0	326.892	4663.69
-31628.0	7822.0	325.605	4674.35
-31628.0	7822.0	324.318	4735.52
-31628.0	7822.0	323.03	4814.13
-31628.0	7822.0	321.743	4815.05
-31628.0	7822.0	320.455	4901.37
-31628.0	7822.0	319.167	4915.86
-31628.0	7822.0	317.878	4854.66
-31628.0	7822.0	316.59	4834.23
-31628.0	7822.0	315.301	4930.18
-31628.0	7822.0	314.011	4901.98
-31628.0	7822.0	312.722	4883.49
-31628.0	7822.0	311.432	5053.01
-31628.0	7822.0	310.142	4920.16
-31628.0	7822.0	308.851	5041.17
-31628.0	7822.0	307.561	5092.4
-31628.0	7822.0	306.27	5153.29
-31628.0	7822.0	304.979	5138.63
-31628.0	7822.0	303.687	5321.44
-31628.0	7822.0	302.395	5209.99
-31628.0	7822.0	301.103	5183.72
-31628.0	7822.0	299.811	5132.32
-31628.0	7822.0	298.519	5150.57
-31628.0	7822.0	297.226	5132.06
-31628.0	7822.0	295.933	5011.11
-31628.0	7822.0	294.639	4953.98
-31628.0	7822.0	293.345	4981.91
-31628.0	7822.0	292.052	4909.36
-31628.0	7822.0	290.757	4776.96
-31628.0	7822.0	289.463	4770.15
-31628.0	7822.0	288.168	4774.92
-31628.0	7822.0	286.873	4758.46
-31628.0	7822.0	285.578	4801.84
-31628.0	7822.0	284.282	4791.16
-31628.0	7822.0	282.986	4622.3
-31628.0	7822.0	281.69	4646.39
-31628.0	7822.0	280.393	4635.75
-31628.0	7822.0	279.097	4503.66
-31628.0	7822.0	277.8	4547.03
-31628.0	7822.0	276.502	4482.47
-31628.0	7822.0	275.205	4452.61
-31628.0	7822.0	273.907	4478.62
-31628.0	7822.0	272.609	4391.0
-31628.0	7822.0	271.311	4374.66
-31628.0	7822.0	270.012	4362.17
-31628.0	7822.0	268.713	4265.01
-31628.0	7822.0	267.414	4225.61
-31628.0	7822.0	266.114	4226.63
-31628.0	7822.0	264.814	4185.33
-31628.0	7822.0	263.514	4178.67
-31628.0	7822.0	262.214	4039.35
-31628.0	7822.0	260.913	4069.24
-31628.0	7822.0	259.613	4022.24
-31628.0	7822.0	258.311	4059.81
-31628.0	7822.0	257.01	4033.97
-31628.0	7822.0	255.708	4000.45
-31628.0	7822.0	254.406	3882.47
-31628.0	7822.0	253.104	3891.24
-31628.0	7822.0	251.801	3892.32
-31628.0	7822.0	250.499	3878.06
-31628.0	7822.0	249.195	3773.63
-31628.0	7822.0	247.892	3866.8
-31628.0	7822.0	246.588	3766.26
-31628.0	7822.0	245.284	3744.36
-31628.0	7822.0	243.98	3663.05
-31628.0	7822.0	242.676	3662.27
-31628.0	7822.0	241.371	3684.47
-31628.0	7822.0	240.066	3595.57
-31628.0	7822.0	238.76	3667.57
-31628.0	7822.0	237.455	3563.39
-31628.0	7822.0	236.149	3520.51
-31628.0	7822.0	234.843	3552.29
-31628.0	7822.0	233.536	3419.49
-31628.0	7822.0	232.229	3434.06
-31628.0	7822.0	230.922	3398.9
-31628.0	7822.0	229.615	3453.62
-31628.0	7822.0	228.307	3389.79
-31628.0	7822.0	227.0	3325.98
-31628.0	7822.0	225.691	3401.71
-31628.0	7822.0	224.383	3293.98
-31628.0	7822.0	223.074	3279.9
-31628.0	7822.0	221.765	3269.65
-31628.0	7822.0	220.456	3181.11
-31628.0	7822.0	219.146	3285.43
-31628.0	7822.0	217.836	3221.74
-31628.0	7822.0	216.526	3243.94
-31628.0	7822.0	215.216	3187.92
-31628.0	7822.0	213.905	3227.29
-31628.0	7822.0	212.594	3209.43
-31628.0	7822.0	211.283	3237.34
-31628.0	7822.0	209.971	3263.33
-31628.0	7822.0	208.66	3256.91
-31628.0	7822.0	207.348	3263.83
-31628.0	7822.0	206.035	3398.38
-31628.0	7822.0	204.722	3435.74
-31628.0	7822.0	203.409	3551.15
-31628.0	7822.0	202.096	3643.67
-31628.0	7822.0	200.783	3755.18
-31628.0	7822.0	199.469	3805.75
-31628.0	7822.0	198.155	3905.76
-31628.0	7822.0	196.84	3939.16
-31628.0	7822.0	195.526	4061.92
-31628.0	7822.0	194.211	4118.08
-31628.0	7822.0	192.896	4244.55
-31628.0	7822.0	191.58	4446.98
-31628.0	7822.0	190.264	4385.22
-31628.0	7822.0	188.948	4344.39
-31628.0	7822.0	187.632	4337.75
-31628.0	7822.0	186.315	4469.73
-31628.0	7822.0	184.998	4413.72
-31628.0	7822.0	183.681	4443.14
-31628.0	7822.0	182.364	4487.72
-31628.0	7822.0	181.046	4515.21
-31628.0	7822.0	179.728	4618.56
-31628.0	7822.0	178.41	4511.37
-31628.0	7822.0	177.091	4576.75
-31628.0	7822.0	175.772	4604.2
-31628.0	7822.0	174.453	4599.42
-31628.0	7822.0	173.133	4626.85
-31628.0	7822.0	171.814	4646.69
-31628.0	7822.0	170.494	4632.43
-31628.0	7822.0	169.173	4720.42
-31628.0	7822.0	167.853	4744.02
-31628.0	7822.0	166.532	4748.67
-31628.0	7822.0	165.211	4690.88
-31628.0	7822.0	163.889	4689.87
-31628.0	7822.0	162.567	4692.64
-31628.0	7822.0	161.245	4754.03
-31628.0	7822.0	159.923	4790.82
-31628.0	7822.0	158.6	4740.64
-31628.0	7822.0	157.278	5021.2
-31628.0	7822.0	155.954	4899.2
-31628.0	7822.0	154.631	5066.26
-31628.0	7822.0	153.307	4999.07
-31628.0	7822.0	151.983	4877.14
-31628.0	7822.0	150.659	4989.36
-31628.0	7822.0	149.334	4975.07
-31628.0	7822.0	148.009	5026.83
-31628.0	7822.0	146.684	5054.05
-31628.0	7822.0	145.359	4958.65
-31628.0	7822.0	144.033	5006.61
-31628.0	7822.0	142.707	4952.74
-31628.0	7822.0	141.381	4995.02
-31628.0	7822.0	140.054	4980.75
-31628.0	7822.0	138.727	4936.34
-31628.0	7822.0	137.4	4954.11
-31628.0	7822.0	136.072	4943.63
-31628.0	7822.0	134.745	4904.9
-31628.0	7822.0	133.417	4871.84
-31628.0	7822.0	132.088	5010.06
-31628.0	7822.0	130.76	4924.31
-31628.0	7822.0	129.431	4908.2
-31628.0	7822.0	128.102	4786.76
-31628.0	7822.0	126.772	4783.85
-31628.0	7822.0	125.442	4873.06
-31628.0	7822.0	124.112	4830.65
-31628.0	7822.0	122.782	4675.51
-31628.0	7822.0	121.451	4710.2
-31628.0	7822.0	120.12	4694.16
-31628.0	7822.0	118.789	4664.97
-31628.0	7822.0	117.458	4617.02
-31628.0	7822.0	116.126	4501.52
-31628.0	7822.0	114.794	4478.02
-31628.0	7822.0	113.462	4364.47
-31628.0	7822.0	112.129	4382.29
-31628.0	7822.0	110.796	4120.64
-31628.0	7822.0	109.463	4071.0
-31628.0	7822.0	108.129	3937.01
-31628.0	7822.0	106.796	3776.84
-31628.0	7822.0	105.461	3687.95
-31628.0	7822.0	104.127	3529.77
-31628.0	7822.0	102.792	3328.58
-31628.0	7822.0	101.457	3071.3
-31628.0	7822.0	100.122	2868.42
-31628.0	7822.0	98.7867	2716.17
-31628.0	7822.0	97.4509	2580.84
-31628.0	7822.0	96.1148	2419.36
-31628.0	7822.0	94.7784	2274.79
-31628.0	7822.0	93.4418	2152.73
-31628.0	7822.0	92.1048	2075.6
-31628.0	7822.0	90.7676	1981.68
-31628.0	7822.0	89.43	1984.99
-31628.0	7822.0	88.0922	1883.65
-31628.0	7822.0	86.7541	1937.42
-31628.0	7822.0	85.4157	1826.8
