-31628.0	7808.0	1311.89	2196.41
-31628.0	7808.0	1310.78	2293.71
-31628.0	7808.0	1309.68	2195.71
-31628.0	7808.0	1308.58	2213.52
-31628.0	7808.0	1307.48	2267.64
-31628.0	7808.0	1306.38	2235.5
-31628.0	7808.0	1305.28	2192.03
-31628.0	7808.0	1304.18	2248.4
-31628.0	7808.0	1303.07	2223.09
-31628.0	7808.0	1301.97	2220.46
-31628.0	7808.0	1300.87	2147.54
-31628.0	7808.0	1299.77	2224.29
-31628.0	7808.0	1298.66	2251.13
-31628.0	7808.0	1297.56	2311.97
-31628.0	7808.0	1296.46	2223.22
-31628.0	7808.0	1295.35	2227.39
-31628.0	7808.0	1294.25	2306.33
-31628.0	7808.0	1293.15	2301.43
-31628.0	7808.0	1292.04	2305.59
-31628.0	7808.0	1290.94	2271.25
-31628.0	7808.0	1289.83	2218.81
-31628.0	7808.0	1288.73	2243.35
-31628.0	7808.0	1287.63	2204.51
-31628.0	7808.0	1286.52	2120.43
-31628.0	7808.0	1285.42	2276.21
-31628.0	7808.0	1284.31	2210.23
-31628.0	7808.0	1283.21	2234.76
-31628.0	7808.0	1282.1	2257.01
-31628.0	7808.0	1280.99	2202.38
-31628.0	7808.0	1279.89	2172.64
-31628.0	7808.0	1278.78	2160.98
-31628.0	7808.0	1277.68	2253.3
-31628.0	7808.0	1276.57	2130.91
-31628.0	7808.0	1275.46	2207.38
-31628.0	7808.0	1274.36	2193.47
-31628.0	7808.0	1273.25	2159.24
-31628.0	7808.0	1272.14	2246.96
-31628.0	7808.0	1271.04	2201.44
-31628.0	7808.0	1269.93	2271.06
-31628.0	7808.0	1268.82	2191.69
-31628.0	7808.0	1267.71	2157.49
-31628.0	7808.0	1266.61	2161.65
-31628.0	7808.0	1265.5	2217.7
-31628.0	7808.0	1264.39	2190.27
-31628.0	7808.0	1263.28	2124.51
-31628.0	7808.0	1262.17	2187.3
-31628.0	7808.0	1261.06	2236.55
-31628.0	7808.0	1259.95	2170.81
-31628.0	7808.0	1258.84	2105.1
-31628.0	7808.0	1257.74	2093.49
-31628.0	7808.0	1256.63	2208.06
-31628.0	7808.0	1255.52	2185.17
-31628.0	7808.0	1254.41	2209.59
-31628.0	7808.0	1253.3	2164.19
-31628.0	7808.0	1252.19	2168.34
-31628.0	7808.0	1251.08	2156.73
-31628.0	7808.0	1249.96	2169.88
-31628.0	7808.0	1248.85	2196.53
-31628.0	7808.0	1247.74	2259.18
-31628.0	7808.0	1246.63	2168.82
-31628.0	7808.0	1245.52	2166.22
-31628.0	7808.0	1244.41	2177.11
-31628.0	7808.0	1243.3	2174.5
-31628.0	7808.0	1242.18	2216.86
-31628.0	7808.0	1241.07	2122.09
-31628.0	7808.0	1239.96	2186.92
-31628.0	7808.0	1238.85	2233.75
-31628.0	7808.0	1237.74	2141.26
-31628.0	7808.0	1236.62	2152.15
-31628.0	7808.0	1235.51	2149.55
-31628.0	7808.0	1234.4	2115.51
-31628.0	7808.0	1233.28	2043.31
-31628.0	7808.0	1232.17	2096.85
-31628.0	7808.0	1231.06	2071.82
-31628.0	7808.0	1229.94	2051.28
-31628.0	7808.0	1228.83	2089.09
-31628.0	7808.0	1227.71	2182.97
-31628.0	7808.0	1226.6	2205.04
-31628.0	7808.0	1225.48	2137.4
-31628.0	7808.0	1224.37	2181.89
-31628.0	7808.0	1223.25	2159.11
-31628.0	7808.0	1222.14	2199.11
-31628.0	7808.0	1221.02	2203.23
-31628.0	7808.0	1219.91	2072.89
-31628.0	7808.0	1218.79	2124.08
-31628.0	7808.0	1217.68	2119.25
-31628.0	7808.0	1216.56	2051.7
-31628.0	7808.0	1215.44	2134.22
-31628.0	7808.0	1214.33	2115.96
-31628.0	7808.0	1213.21	2180.53
-31628.0	7808.0	1212.09	2238.37
-31628.0	7808.0	1210.98	2081.34
-31628.0	7808.0	1209.86	2143.65
-31628.0	7808.0	1208.74	2176.85
-31628.0	7808.0	1207.62	2194.39
-31628.0	7808.0	1206.51	2196.26
-31628.0	7808.0	1205.39	2180.24
-31628.0	7808.0	1204.27	2141.87
-31628.0	7808.0	1203.15	2123.63
-31628.0	7808.0	1202.03	2214.92
-31628.0	7808.0	1200.91	2167.62
-31628.0	7808.0	1199.8	2068.95
-31628.0	7808.0	1198.68	2133.39
-31628.0	7808.0	1197.56	2023.59
-31628.0	7808.0	1196.44	2029.95
-31628.0	7808.0	1195.32	2083.2
-31628.0	7808.0	1194.2	2098.48
-31628.0	7808.0	1193.08	2057.96
-31628.0	7808.0	1191.96	2171.43
-31628.0	7808.0	1190.84	2175.53
-31628.0	7808.0	1189.72	2146.16
-31628.0	7808.0	1188.6	2143.58
-31628.0	7808.0	1187.48	2154.37
-31628.0	7808.0	1186.35	2136.17
-31628.0	7808.0	1185.23	2064.47
-31628.0	7808.0	1184.11	2037.38
-31628.0	7808.0	1182.99	2081.61
-31628.0	7808.0	1181.87	2092.4
-31628.0	7808.0	1180.75	2116.56
-31628.0	7808.0	1179.62	2147.39
-31628.0	7808.0	1178.5	2106.94
-31628.0	7808.0	1177.38	2104.36
-31628.0	7808.0	1176.26	2264.32
-31628.0	7808.0	1175.13	2159.31
-31628.0	7808.0	1174.01	2078.82
-31628.0	7808.0	1172.89	2109.63
-31628.0	7808.0	1171.76	2149.32
-31628.0	7808.0	1170.64	2151.19
-31628.0	7808.0	1169.51	2168.62
-31628.0	7808.0	1168.39	2139.34
-31628.0	7808.0	1167.27	2130.09
-31628.0	7808.0	1166.14	2058.59
-31628.0	7808.0	1165.02	2171.6
-31628.0	7808.0	1163.89	2175.68
-31628.0	7808.0	1162.77	2164.21
-31628.0	7808.0	1161.64	2074.98
-31628.0	7808.0	1160.52	2163.48
-31628.0	7808.0	1159.39	2060.95
-31628.0	7808.0	1158.26	2091.69
-31628.0	7808.0	1157.14	2062.48
-31628.0	7808.0	1156.01	2135.38
-31628.0	7808.0	1154.88	2088.41
-31628.0	7808.0	1153.76	2141.31
-31628.0	7808.0	1152.63	2107.67
-31628.0	7808.0	1151.5	2125.06
-31628.0	7808.0	1150.38	2124.7
-31628.0	7808.0	1149.25	2057.82
-31628.0	7808.0	1148.12	2088.51
-31628.0	7808.0	1146.99	2141.36
-31628.0	7808.0	1145.87	2174.24
-31628.0	7808.0	1144.74	2107.39
-31628.0	7808.0	1143.61	2133.62
-31628.0	7808.0	1142.48	2055.73
-31628.0	7808.0	1141.35	2139.54
-31628.0	7808.0	1140.22	2103.75
-31628.0	7808.0	1139.09	2063.53
-31628.0	7808.0	1137.97	2109.67
-31628.0	7808.0	1136.84	2115.95
-31628.0	7808.0	1135.71	2117.81
-31628.0	7808.0	1134.58	2040.0
-31628.0	7808.0	1133.45	2119.3
-31628.0	7808.0	1132.32	2156.54
-31628.0	7808.0	1131.19	2111.94
-31628.0	7808.0	1130.05	2111.58
-31628.0	7808.0	1128.92	2089.11
-31628.0	7808.0	1127.79	2075.49
-31628.0	7808.0	1126.66	2117.13
-31628.0	7808.0	1125.53	2103.51
-31628.0	7808.0	1124.4	2116.41
-31628.0	7808.0	1123.27	2184.52
-31628.0	7808.0	1122.13	2151.02
-31628.0	7808.0	1121.0	2099.86
-31628.0	7808.0	1119.87	2066.39
-31628.0	7808.0	1118.74	2046.17
-31628.0	7808.0	1117.6	2089.96
-31628.0	7808.0	1116.47	1990.3
-31628.0	7808.0	1115.34	2126.74
-31628.0	7808.0	1114.2	2000.65
-31628.0	7808.0	1113.07	2040.0
-31628.0	7808.0	1111.94	2123.45
-31628.0	7808.0	1110.8	2153.95
-31628.0	7808.0	1109.67	2043.36
-31628.0	7808.0	1108.54	2126.76
-31628.0	7808.0	1107.4	2040.46
-31628.0	7808.0	1106.27	2110.61
-31628.0	7808.0	1105.13	2119.05
-31628.0	7808.0	1104.0	2167.14
-31628.0	7808.0	1102.86	2058.87
-31628.0	7808.0	1101.72	2076.13
-31628.0	7808.0	1100.59	2018.54
-31628.0	7808.0	1099.45	2143.64
-31628.0	7808.0	1098.32	2114.66
-31628.0	7808.0	1097.18	2019.69
-31628.0	7808.0	1096.04	2151.33
-31628.0	7808.0	1094.91	2139.96
-31628.0	7808.0	1093.77	2148.38
-31628.0	7808.0	1092.63	2167.8
-31628.0	7808.0	1091.5	2105.88
-31628.0	7808.0	1090.36	2171.45
-31628.0	7808.0	1089.22	2083.17
-31628.0	7808.0	1088.08	2102.59
-31628.0	7808.0	1086.95	2097.83
-31628.0	7808.0	1085.81	2077.7
-31628.0	7808.0	1084.67	2156.39
-31628.0	7808.0	1083.53	2066.0
-31628.0	7808.0	1082.39	2008.57
-31628.0	7808.0	1081.25	2038.94
-31628.0	7808.0	1080.11	2049.56
-31628.0	7808.0	1078.97	2060.18
-31628.0	7808.0	1077.83	2051.04
-31628.0	7808.0	1076.69	2160.35
-31628.0	7808.0	1075.55	2133.66
-31628.0	7808.0	1074.41	2133.29
-31628.0	7808.0	1073.27	2062.77
-31628.0	7808.0	1072.13	2123.78
-31628.0	7808.0	1070.99	2123.41
-31628.0	7808.0	1069.85	2120.85
-31628.0	7808.0	1068.71	2076.66
-31628.0	7808.0	1067.57	2205.52
-31628.0	7808.0	1066.43	2097.84
-31628.0	7808.0	1065.28	2130.31
-31628.0	7808.0	1064.14	2108.05
-31628.0	7808.0	1063.0	2144.89
-31628.0	7808.0	1061.86	2087.62
-31628.0	7808.0	1060.71	2225.09
-31628.0	7808.0	1059.57	2198.45
-31628.0	7808.0	1058.43	2171.82
-31628.0	7808.0	1057.29	2167.07
-31628.0	7808.0	1056.14	2131.71
-31628.0	7808.0	1055.0	2175.05
-31628.0	7808.0	1053.85	2176.86
-31628.0	7808.0	1052.71	2143.7
-31628.0	7808.0	1051.57	2143.32
-31628.0	7808.0	1050.42	2134.21
-31628.0	7808.0	1049.28	2173.14
-31628.0	7808.0	1048.13	2207.7
-31628.0	7808.0	1046.99	2242.25
-31628.0	7808.0	1045.84	2145.8
-31628.0	7808.0	1044.7	2256.73
-31628.0	7808.0	1043.55	2197.42
-31628.0	7808.0	1042.4	2229.76
-31628.0	7808.0	1041.26	2244.64
-31628.0	7808.0	1040.11	2248.6
-31628.0	7808.0	1038.97	2280.91
-31628.0	7808.0	1037.82	2276.15
-31628.0	7808.0	1036.67	2306.27
-31628.0	7808.0	1035.53	2227.4
-31628.0	7808.0	1034.38	2325.07
-31628.0	7808.0	1033.23	2246.22
-31628.0	7808.0	1032.08	2274.14
-31628.0	7808.0	1030.94	2278.1
-31628.0	7808.0	1029.79	2360.44
-31628.0	7808.0	1028.64	2399.21
-31628.0	7808.0	1027.49	2355.25
-31628.0	7808.0	1026.34	2278.66
-31628.0	7808.0	1025.19	2358.77
-31628.0	7808.0	1024.04	2362.7
-31628.0	7808.0	1022.89	2375.33
-31628.0	7808.0	1021.74	2440.16
-31628.0	7808.0	1020.59	2498.43
-31628.0	7808.0	1019.45	2391.46
-31628.0	7808.0	1018.29	2527.98
-31628.0	7808.0	1017.14	2555.78
-31628.0	7808.0	1015.99	2474.93
-31628.0	7808.0	1014.84	2496.21
-31628.0	7808.0	1013.69	2587.0
-31628.0	7808.0	1012.54	2586.54
-31628.0	7808.0	1011.39	2609.96
-31628.0	7808.0	1010.24	2553.05
-31628.0	7808.0	1009.09	2598.18
-31628.0	7808.0	1007.93	2699.72
-31628.0	7808.0	1006.78	2714.42
-31628.0	7808.0	1005.63	2735.63
-31628.0	7808.0	1004.48	2798.05
-31628.0	7808.0	1003.32	2823.57
-31628.0	7808.0	1002.17	2790.54
-31628.0	7808.0	1001.02	2926.62
-31628.0	7808.0	999.865	2904.42
-31628.0	7808.0	998.711	2897.4
-31628.0	7808.0	997.558	2888.22
-31628.0	7808.0	996.403	2896.36
-31628.0	7808.0	995.249	2937.0
-31628.0	7808.0	994.095	3033.92
-31628.0	7808.0	992.94	3161.12
-31628.0	7808.0	991.785	3164.88
-31628.0	7808.0	990.63	3086.4
-31628.0	7808.0	989.475	3174.57
-31628.0	7808.0	988.319	3301.65
-31628.0	7808.0	987.164	3166.94
-31628.0	7808.0	986.008	3380.49
-31628.0	7808.0	984.852	3472.87
-31628.0	7808.0	983.695	3461.43
-31628.0	7808.0	982.539	3575.38
-31628.0	7808.0	981.382	3579.05
-31628.0	7808.0	980.225	3617.31
-31628.0	7808.0	979.068	3664.18
-31628.0	7808.0	977.911	3665.68
-31628.0	7808.0	976.753	3656.39
-31628.0	7808.0	975.595	3623.34
-31628.0	7808.0	974.437	3713.36
-31628.0	7808.0	973.279	3753.7
-31628.0	7808.0	972.121	3750.86
-31628.0	7808.0	970.962	3823.55
-31628.0	7808.0	969.803	3809.91
-31628.0	7808.0	968.644	3768.24
-31628.0	7808.0	967.485	3758.94
-31628.0	7808.0	966.326	3751.79
-31628.0	7808.0	965.166	3796.38
-31628.0	7808.0	964.006	3843.11
-31628.0	7808.0	962.846	3894.14
-31628.0	7808.0	961.686	3807.24
-31628.0	7808.0	960.525	3918.57
-31628.0	7808.0	959.365	3909.25
-31628.0	7808.0	958.204	3966.68
-31628.0	7808.0	957.043	3916.44
-31628.0	7808.0	955.881	4055.66
-31628.0	7808.0	954.72	3912.87
-31628.0	7808.0	953.558	3953.04
-31628.0	7808.0	952.396	4055.6
-31628.0	7808.0	951.234	3884.92
-31628.0	7808.0	950.071	4002.5
-31628.0	7808.0	948.909	3941.57
-31628.0	7808.0	947.746	3964.5
-31628.0	7808.0	946.583	3985.27
-31628.0	7808.0	945.42	3973.8
-31628.0	7808.0	944.256	4054.73
-31628.0	7808.0	943.092	4006.72
-31628.0	7808.0	941.929	3975.92
-31628.0	7808.0	940.765	4058.95
-31628.0	7808.0	939.6	3886.43
-31628.0	7808.0	938.436	3920.07
-31628.0	7808.0	937.271	3906.48
-31628.0	7808.0	936.106	3858.55
-31628.0	7808.0	934.941	3825.66
-31628.0	7808.0	933.775	3621.16
-31628.0	7808.0	932.61	3564.73
-31628.0	7808.0	931.444	3624.13
-31628.0	7808.0	930.278	3576.29
-31628.0	7808.0	929.112	3417.01
-31628.0	7808.0	927.945	3499.97
-31628.0	7808.0	926.779	3306.47
-31628.0	7808.0	925.612	3318.71
-31628.0	7808.0	924.445	3189.58
-31628.0	7808.0	923.278	3154.73
-31628.0	7808.0	922.11	3113.46
-31628.0	7808.0	920.942	3189.96
-31628.0	7808.0	919.774	3146.56
-31628.0	7808.0	918.606	3071.08
-31628.0	7808.0	917.438	3083.35
-31628.0	7808.0	916.269	2941.59
-31628.0	7808.0	915.1	2881.16
-31628.0	7808.0	913.931	2908.43
-31628.0	7808.0	912.762	2916.45
-31628.0	7808.0	911.593	2868.88
-31628.0	7808.0	910.423	2851.25
-31628.0	7808.0	909.253	2859.27
-31628.0	7808.0	908.083	2822.42
-31628.0	7808.0	906.913	2828.31
-31628.0	7808.0	905.742	2804.29
-31628.0	7808.0	904.572	2752.52
-31628.0	7808.0	903.401	2754.15
-31628.0	7808.0	902.229	2766.45
-31628.0	7808.0	901.058	2793.68
-31628.0	7808.0	899.886	2741.95
-31628.0	7808.0	898.715	2677.44
-31628.0	7808.0	897.543	2679.08
-31628.0	7808.0	896.37	2734.03
-31628.0	7808.0	895.198	2680.22
-31628.0	7808.0	894.025	2698.91
-31628.0	7808.0	892.852	2764.48
-31628.0	7808.0	891.679	2616.93
-31628.0	7808.0	890.506	2650.53
-31628.0	7808.0	889.332	2684.12
-31628.0	7808.0	888.158	2679.36
-31628.0	7808.0	886.984	2721.46
-31628.0	7808.0	885.81	2571.91
-31628.0	7808.0	884.636	2622.52
-31628.0	7808.0	883.461	2649.7
-31628.0	7808.0	882.286	2564.1
-31628.0	7808.0	881.111	2627.44
-31628.0	7808.0	879.936	2665.24
-31628.0	7808.0	878.76	2713.66
-31628.0	7808.0	877.584	2536.67
-31628.0	7808.0	876.408	2610.6
-31628.0	7808.0	875.232	2614.37
-31628.0	7808.0	874.056	2565.0
-31628.0	7808.0	872.879	2564.52
-31628.0	7808.0	871.702	2572.54
-31628.0	7808.0	870.525	2533.83
-31628.0	7808.0	869.348	2577.95
-31628.0	7808.0	868.17	2441.59
-31628.0	7808.0	866.993	2608.82
-31628.0	7808.0	865.815	2497.97
-31628.0	7808.0	864.637	2495.39
-31628.0	7808.0	863.458	2497.04
-31628.0	7808.0	862.28	2439.3
-31628.0	7808.0	861.101	2568.21
-31628.0	7808.0	859.922	2527.44
-31628.0	7808.0	858.742	2556.64
-31628.0	7808.0	857.563	2492.58
-31628.0	7808.0	856.383	2413.7
-31628.0	7808.0	855.203	2570.04
-31628.0	7808.0	854.023	2421.27
-31628.0	7808.0	852.843	2503.41
-31628.0	7808.0	851.662	2428.83
-31628.0	7808.0	850.481	2411.43
-31628.0	7808.0	849.3	2389.81
-31628.0	7808.0	848.119	2433.81
-31628.0	7808.0	846.937	2490.48
-31628.0	7808.0	845.756	2490.01
-31628.0	7808.0	844.574	2491.65
-31628.0	7808.0	843.392	2497.53
-31628.0	7808.0	842.209	2475.91
-31628.0	7808.0	841.027	2458.54
-31628.0	7808.0	839.844	2542.61
-31628.0	7808.0	838.661	2478.74
-31628.0	7808.0	837.477	2471.93
-31628.0	7808.0	836.294	2370.07
-31628.0	7808.0	835.11	2361.18
-31628.0	7808.0	833.926	2485.31
-31628.0	7808.0	832.742	2444.73
-31628.0	7808.0	831.558	2427.38
-31628.0	7808.0	830.373	2456.47
-31628.0	7808.0	829.188	2441.23
-31628.0	7808.0	828.003	2379.59
-31628.0	7808.0	826.818	2505.69
-31628.0	7808.0	825.632	2410.32
-31628.0	7808.0	824.446	2492.09
-31628.0	7808.0	823.26	2390.43
-31628.0	7808.0	822.074	2545.94
-31628.0	7808.0	820.888	2435.88
-31628.0	7808.0	819.701	2391.18
-31628.0	7808.0	818.514	2407.57
-31628.0	7808.0	817.327	2472.4
-31628.0	7808.0	816.14	2501.41
-31628.0	7808.0	814.952	2444.09
-31628.0	7808.0	813.765	2420.48
-31628.0	7808.0	812.577	2499.98
-31628.0	7808.0	811.388	2415.35
-31628.0	7808.0	810.2	2368.61
-31628.0	7808.0	809.011	2431.25
-31628.0	7808.0	807.822	2451.81
-31628.0	7808.0	806.633	2377.76
-31628.0	7808.0	805.444	2408.84
-31628.0	7808.0	804.254	2395.77
-31628.0	7808.0	803.064	2384.81
-31628.0	7808.0	801.874	2422.16
-31628.0	7808.0	800.684	2411.2
-31628.0	7808.0	799.493	2419.14
-31628.0	7808.0	798.303	2448.07
-31628.0	7808.0	797.112	2409.82
-31628.0	7808.0	795.921	2386.27
-31628.0	7808.0	794.729	2398.4
-31628.0	7808.0	793.538	2448.29
-31628.0	7808.0	792.346	2355.53
-31628.0	7808.0	791.154	2321.53
-31628.0	7808.0	789.961	2392.37
-31628.0	7808.0	788.769	2404.49
-31628.0	7808.0	787.576	2418.7
-31628.0	7808.0	786.383	2416.14
-31628.0	7808.0	785.19	2390.53
-31628.0	7808.0	783.996	2331.42
-31628.0	7808.0	782.802	2312.13
-31628.0	7808.0	781.608	2376.59
-31628.0	7808.0	780.414	2250.52
-31628.0	7808.0	779.22	2289.86
-31628.0	7808.0	778.025	2283.14
-31628.0	7808.0	776.83	2358.02
-31628.0	7808.0	775.635	2338.74
-31628.0	7808.0	774.44	2365.48
-31628.0	7808.0	773.244	2302.29
-31628.0	7808.0	772.049	2375.02
-31628.0	7808.0	770.853	2328.58
-31628.0	7808.0	769.656	2326.04
-31628.0	7808.0	768.46	2290.07
-31628.0	7808.0	767.263	2389.9
-31628.0	7808.0	766.066	2356.02
-31628.0	7808.0	764.869	2317.98
-31628.0	7808.0	763.672	2409.4
-31628.0	7808.0	762.474	2315.0
-31628.0	7808.0	761.276	2312.46
-31628.0	7808.0	760.078	2314.1
-31628.0	7808.0	758.88	2322.0
-31628.0	7808.0	757.681	2290.26
-31628.0	7808.0	756.483	2335.7
-31628.0	7808.0	755.284	2308.14
-31628.0	7808.0	754.084	2259.74
-31628.0	7808.0	752.885	2294.74
-31628.0	7808.0	751.685	2260.95
-31628.0	7808.0	750.485	2175.09
-31628.0	7808.0	749.285	2230.91
-31628.0	7808.0	748.085	2307.53
-31628.0	7808.0	746.884	2300.84
-31628.0	7808.0	745.683	2240.02
-31628.0	7808.0	744.482	2287.46
-31628.0	7808.0	743.281	2218.34
-31628.0	7808.0	742.079	2305.29
-31628.0	7808.0	740.877	2259.08
-31628.0	7808.0	739.675	2173.37
-31628.0	7808.0	738.473	2204.14
-31628.0	7808.0	737.27	2218.26
-31628.0	7808.0	736.068	2230.3
-31628.0	7808.0	734.865	2317.15
-31628.0	7808.0	733.661	2219.04
-31628.0	7808.0	732.458	2256.0
-31628.0	7808.0	731.254	2261.79
-31628.0	7808.0	730.05	2286.27
-31628.0	7808.0	728.846	2204.85
-31628.0	7808.0	727.642	2194.04
-31628.0	7808.0	726.437	2220.59
-31628.0	7808.0	725.232	2176.58
-31628.0	7808.0	724.027	2234.24
-31628.0	7808.0	722.822	2262.85
-31628.0	7808.0	721.616	2208.49
-31628.0	7808.0	720.41	2199.76
-31628.0	7808.0	719.204	2251.15
-31628.0	7808.0	717.998	2248.64
-31628.0	7808.0	716.791	2244.05
-31628.0	7808.0	715.585	2289.19
-31628.0	7808.0	714.378	2429.59
-31628.0	7808.0	713.17	2331.78
-31628.0	7808.0	711.963	2223.66
-31628.0	7808.0	710.755	2223.22
-31628.0	7808.0	709.547	2226.93
-31628.0	7808.0	708.339	2253.39
-31628.0	7808.0	707.131	2286.05
-31628.0	7808.0	705.922	2244.23
-31628.0	7808.0	704.713	2262.4
-31628.0	7808.0	703.504	2235.08
-31628.0	7808.0	702.295	2298.72
-31628.0	7808.0	701.085	2347.87
-31628.0	7808.0	699.875	2277.15
-31628.0	7808.0	698.665	2260.17
-31628.0	7808.0	697.455	2272.12
-31628.0	7808.0	696.244	2335.69
-31628.0	7808.0	695.034	2364.14
-31628.0	7808.0	693.822	2369.87
-31628.0	7808.0	692.611	2336.38
-31628.0	7808.0	691.4	2383.38
-31628.0	7808.0	690.188	2337.52
-31628.0	7808.0	688.976	2330.87
-31628.0	7808.0	687.764	2307.72
-31628.0	7808.0	686.551	2307.27
-31628.0	7808.0	685.339	2409.88
-31628.0	7808.0	684.126	2417.65
-31628.0	7808.0	682.912	2439.84
-31628.0	7808.0	681.699	2379.61
-31628.0	7808.0	680.485	2379.14
-31628.0	7808.0	679.271	2393.08
-31628.0	7808.0	678.057	2470.85
-31628.0	7808.0	676.843	2437.43
-31628.0	7808.0	675.628	2348.44
-31628.0	7808.0	674.413	2489.96
-31628.0	7808.0	673.198	2475.07
-31628.0	7808.0	671.983	2519.83
-31628.0	7808.0	670.767	2476.14
-31628.0	7808.0	669.551	2471.54
-31628.0	7808.0	668.335	2485.44
-31628.0	7808.0	667.119	2491.11
-31628.0	7808.0	665.902	2517.33
-31628.0	7808.0	664.686	2492.17
-31628.0	7808.0	663.469	2584.12
-31628.0	7808.0	662.251	2511.72
-31628.0	7808.0	661.034	2624.15
-31628.0	7808.0	659.816	2609.26
-31628.0	7808.0	658.598	2549.22
-31628.0	7808.0	657.38	2507.67
-31628.0	7808.0	656.161	2548.2
-31628.0	7808.0	654.942	2512.82
-31628.0	7808.0	653.723	2510.27
-31628.0	7808.0	652.504	2505.67
-31628.0	7808.0	651.285	2564.62
-31628.0	7808.0	650.065	2488.27
-31628.0	7808.0	648.845	2522.61
-31628.0	7808.0	647.625	2538.5
-31628.0	7808.0	646.404	2583.06
-31628.0	7808.0	645.184	2586.64
-31628.0	7808.0	643.963	2612.74
-31628.0	7808.0	642.742	2538.52
-31628.0	7808.0	641.52	2623.98
-31628.0	7808.0	640.298	2613.22
-31628.0	7808.0	639.076	2618.84
-31628.0	7808.0	637.854	2599.9
-31628.0	7808.0	636.632	2673.01
-31628.0	7808.0	635.409	2654.07
-31628.0	7808.0	634.186	2590.16
-31628.0	7808.0	632.963	2542.63
-31628.0	7808.0	631.74	2572.78
-31628.0	7808.0	630.516	2531.4
-31628.0	7808.0	629.292	2545.19
-31628.0	7808.0	628.068	2657.0
-31628.0	7808.0	626.844	2740.19
-31628.0	7808.0	625.619	2698.81
-31628.0	7808.0	624.394	2702.35
-31628.0	7808.0	623.169	2656.91
-31628.0	7808.0	621.944	2662.5
-31628.0	7808.0	620.718	2731.31
-31628.0	7808.0	619.492	2628.8
-31628.0	7808.0	618.266	2693.51
-31628.0	7808.0	617.04	2662.39
-31628.0	7808.0	615.813	2684.28
-31628.0	7808.0	614.587	2647.06
-31628.0	7808.0	613.36	2652.64
-31628.0	7808.0	612.132	2696.91
-31628.0	7808.0	610.905	2649.53
-31628.0	7808.0	609.677	2693.79
-31628.0	7808.0	608.449	2654.57
-31628.0	7808.0	607.22	2672.35
-31628.0	7808.0	605.992	2625.01
-31628.0	7808.0	604.763	2626.51
-31628.0	7808.0	603.534	2652.43
-31628.0	7808.0	602.305	2643.76
-31628.0	7808.0	601.075	2622.89
-31628.0	7808.0	599.845	2581.7
-31628.0	7808.0	598.615	2621.83
-31628.0	7808.0	597.385	2603.01
-31628.0	7808.0	596.154	2645.15
-31628.0	7808.0	594.924	2549.15
-31628.0	7808.0	593.693	2538.48
-31628.0	7808.0	592.461	2592.78
-31628.0	7808.0	591.23	2563.84
-31628.0	7808.0	589.998	2610.0
-31628.0	7808.0	588.766	2591.21
-31628.0	7808.0	587.534	2582.57
-31628.0	7808.0	586.301	2575.96
-31628.0	7808.0	585.068	2583.55
-31628.0	7808.0	583.835	2512.06
-31628.0	7808.0	582.602	2602.77
-31628.0	7808.0	581.368	2541.44
-31628.0	7808.0	580.134	2530.8
-31628.0	7808.0	578.9	2505.97
-31628.0	7808.0	577.666	2519.64
-31628.0	7808.0	576.432	2529.26
-31628.0	7808.0	575.197	2557.09
-31628.0	7808.0	573.962	2536.32
-31628.0	7808.0	572.726	2612.71
-31628.0	7808.0	571.491	2656.69
-31628.0	7808.0	570.255	2550.96
-31628.0	7808.0	569.019	2526.17
-31628.0	7808.0	567.783	2584.3
-31628.0	7808.0	566.546	2646.45
-31628.0	7808.0	565.309	2631.76
-31628.0	7808.0	564.072	2623.14
-31628.0	7808.0	562.835	2675.14
-31628.0	7808.0	561.597	2670.55
-31628.0	7808.0	560.359	2684.14
-31628.0	7808.0	559.121	2709.85
-31628.0	7808.0	557.883	2783.99
-31628.0	7808.0	556.644	2785.44
-31628.0	7808.0	555.406	2803.03
-31628.0	7808.0	554.167	2826.67
-31628.0	7808.0	552.927	2924.94
-31628.0	7808.0	551.688	2920.31
-31628.0	7808.0	550.448	3034.64
-31628.0	7808.0	549.208	3040.07
-31628.0	7808.0	547.967	3083.79
-31628.0	7808.0	546.727	3177.87
-31628.0	7808.0	545.486	3267.88
-31628.0	7808.0	544.245	3353.83
-31628.0	7808.0	543.003	3475.99
-31628.0	7808.0	541.762	3489.37
-31628.0	7808.0	540.52	3661.78
-31628.0	7808.0	539.278	3767.7
-31628.0	7808.0	538.035	3984.26
-31628.0	7808.0	536.793	4208.76
-31628.0	7808.0	535.55	4495.53
-31628.0	7808.0	534.307	4748.0
-31628.0	7808.0	533.063	5050.63
-31628.0	7808.0	531.82	5526.0
-31628.0	7808.0	530.576	6077.56
-31628.0	7808.0	529.331	6787.62
-31628.0	7808.0	528.087	7834.9
-31628.0	7808.0	526.842	9572.68
-31628.0	7808.0	525.597	12360.0
-31628.0	7808.0	524.352	16790.5
-31628.0	7808.0	523.107	24326.4
-31628.0	7808.0	521.861	35598.1
-31628.0	7808.0	520.615	42856.2
-31628.0	7808.0	519.369	41966.8
-31628.0	7808.0	518.122	37631.9
-31628.0	7808.0	516.876	32055.7
-31628.0	7808.0	515.629	26924.7
-31628.0	7808.0	514.381	22379.2
-31628.0	7808.0	513.134	19144.2
-31628.0	7808.0	511.886	16940.3
-31628.0	7808.0	510.638	15150.0
-31628.0	7808.0	509.39	13865.1
-31628.0	7808.0	508.141	12829.0
-31628.0	7808.0	506.892	12039.6
-31628.0	7808.0	505.643	11432.7
-31628.0	7808.0	504.394	11090.1
-31628.0	7808.0	503.145	10897.8
-31628.0	7808.0	501.895	10587.5
-31628.0	7808.0	500.645	10525.3
-31628.0	7808.0	499.394	10399.1
-31628.0	7808.0	498.144	10353.0
-31628.0	7808.0	496.893	10237.0
-31628.0	7808.0	495.642	10023.0
-31628.0	7808.0	494.39	9979.0
-31628.0	7808.0	493.139	9829.13
-31628.0	7808.0	491.887	9689.3
-31628.0	7808.0	490.635	9337.9
-31628.0	7808.0	489.382	9216.2
-31628.0	7808.0	488.13	9128.48
-31628.0	7808.0	486.877	9052.76
-31628.0	7808.0	485.623	8947.15
-31628.0	7808.0	484.37	8841.58
-31628.0	7808.0	483.116	8891.59
-31628.0	7808.0	481.862	8592.69
-31628.0	7808.0	480.608	8529.12
-31628.0	7808.0	479.354	8565.22
-31628.0	7808.0	478.099	8417.99
-31628.0	7808.0	476.844	8410.27
-31628.0	7808.0	475.588	8492.17
-31628.0	7808.0	474.333	8343.06
-31628.0	7808.0	473.077	8215.91
-31628.0	7808.0	471.821	8108.71
-31628.0	7808.0	470.565	7967.73
-31628.0	7808.0	469.308	7838.75
-31628.0	7808.0	468.051	7940.55
-31628.0	7808.0	466.794	7835.49
-31628.0	7808.0	465.537	7690.7
-31628.0	7808.0	464.279	7547.96
-31628.0	7808.0	463.021	7383.42
-31628.0	7808.0	461.763	7308.36
-31628.0	7808.0	460.505	7243.27
-31628.0	7808.0	459.246	7223.88
-31628.0	7808.0	457.987	6948.34
-31628.0	7808.0	456.728	6936.96
-31628.0	7808.0	455.469	6623.88
-31628.0	7808.0	454.209	6725.69
-31628.0	7808.0	452.949	6740.16
-31628.0	7808.0	451.689	6558.24
-31628.0	7808.0	450.428	6334.74
-31628.0	7808.0	449.167	6349.28
-31628.0	7808.0	447.906	6385.62
-31628.0	7808.0	446.645	6160.32
-31628.0	7808.0	445.383	5980.68
-31628.0	7808.0	444.122	6028.96
-31628.0	7808.0	442.86	5910.83
-31628.0	7808.0	441.597	5796.71
-31628.0	7808.0	440.335	5765.8
-31628.0	7808.0	439.072	5697.29
-31628.0	7808.0	437.809	5626.83
-31628.0	7808.0	436.545	5629.61
-31628.0	7808.0	435.281	5468.19
-31628.0	7808.0	434.018	5445.29
-31628.0	7808.0	432.753	5404.6
-31628.0	7808.0	431.489	5320.43
-31628.0	7808.0	430.224	5244.2
-31628.0	7808.0	428.959	5237.17
-31628.0	7808.0	427.694	5123.45
-31628.0	7808.0	426.428	5098.67
-31628.0	7808.0	425.163	5064.03
-31628.0	7808.0	423.896	4999.78
-31628.0	7808.0	422.63	4874.35
-31628.0	7808.0	421.364	4946.36
-31628.0	7808.0	420.097	4874.28
-31628.0	7808.0	418.83	4833.8
-31628.0	7808.0	417.562	4738.11
-31628.0	7808.0	416.295	4770.64
-31628.0	7808.0	415.027	4665.13
-31628.0	7808.0	413.758	4644.44
-31628.0	7808.0	412.49	4663.18
-31628.0	7808.0	411.221	4581.41
-31628.0	7808.0	409.952	4600.15
-31628.0	7808.0	408.683	4634.63
-31628.0	7808.0	407.414	4550.95
-31628.0	7808.0	406.144	4691.75
-31628.0	7808.0	404.874	4582.5
-31628.0	7808.0	403.603	4618.93
-31628.0	7808.0	402.333	4580.58
-31628.0	7808.0	401.062	4605.19
-31628.0	7808.0	399.791	4541.28
-31628.0	7808.0	398.519	4459.7
-31628.0	7808.0	397.248	4616.04
-31628.0	7808.0	395.976	4508.93
-31628.0	7808.0	394.704	4506.02
-31628.0	7808.0	393.431	4613.13
-31628.0	7808.0	392.159	4490.37
-31628.0	7808.0	390.886	4577.8
-31628.0	7808.0	389.612	4490.44
-31628.0	7808.0	388.339	4518.94
-31628.0	7808.0	387.065	4506.21
-31628.0	7808.0	385.791	4597.49
-31628.0	7808.0	384.517	4516.08
-31628.0	7808.0	383.242	4448.44
-31628.0	7808.0	381.967	4429.86
-31628.0	7808.0	380.692	4548.52
-31628.0	7808.0	379.417	4467.19
-31628.0	7808.0	378.141	4585.79
-31628.0	7808.0	376.865	4375.18
-31628.0	7808.0	375.589	4374.25
-31628.0	7808.0	374.312	4389.0
-31628.0	7808.0	373.035	4405.69
-31628.0	7808.0	371.758	4355.82
-31628.0	7808.0	370.481	4425.36
-31628.0	7808.0	369.204	4320.71
-31628.0	7808.0	367.926	4358.93
-31628.0	7808.0	366.648	4375.61
-31628.0	7808.0	365.369	4316.02
-31628.0	7808.0	364.091	4391.36
-31628.0	7808.0	362.812	4406.07
-31628.0	7808.0	361.532	4309.37
-31628.0	7808.0	360.253	4302.6
-31628.0	7808.0	358.973	4364.2
-31628.0	7808.0	357.693	4257.81
-31628.0	7808.0	356.413	4313.53
-31628.0	7808.0	355.132	4394.62
-31628.0	7808.0	353.852	4368.31
-31628.0	7808.0	352.571	4400.56
-31628.0	7808.0	351.289	4272.81
-31628.0	7808.0	350.008	4400.65
-31628.0	7808.0	348.726	4380.21
-31628.0	7808.0	347.444	4363.69
-31628.0	7808.0	346.161	4362.76
-31628.0	7808.0	344.878	4406.66
-31628.0	7808.0	343.595	4401.83
-31628.0	7808.0	342.312	4451.55
-31628.0	7808.0	341.029	4481.77
-31628.0	7808.0	339.745	4449.66
-31628.0	7808.0	338.461	4470.13
-31628.0	7808.0	337.176	4543.15
-31628.0	7808.0	335.892	4538.29
-31628.0	7808.0	334.607	4576.25
-31628.0	7808.0	333.322	4653.08
-31628.0	7808.0	332.036	4580.14
-31628.0	7808.0	330.75	4598.61
-31628.0	7808.0	329.464	4560.69
-31628.0	7808.0	328.178	4586.94
-31628.0	7808.0	326.892	4566.53
-31628.0	7808.0	325.605	4579.16
-31628.0	7808.0	324.318	4636.46
-31628.0	7808.0	323.03	4685.96
-31628.0	7808.0	321.743	4651.96
-31628.0	7808.0	320.455	4769.38
-31628.0	7808.0	319.167	4712.08
-31628.0	7808.0	317.878	4738.24
-31628.0	7808.0	316.59	4812.89
-31628.0	7808.0	315.301	4811.87
-31628.0	7808.0	314.011	4787.57
-31628.0	7808.0	312.722	4850.53
-31628.0	7808.0	311.432	4828.18
-31628.0	7808.0	310.142	4945.36
-31628.0	7808.0	308.851	4899.74
-31628.0	7808.0	307.561	5042.04
-31628.0	7808.0	306.27	5044.84
-31628.0	7808.0	304.979	5084.42
-31628.0	7808.0	303.687	5160.77
-31628.0	7808.0	302.395	5177.09
-31628.0	7808.0	301.103	5110.19
-31628.0	7808.0	299.811	5159.4
-31628.0	7808.0	298.519	5127.36
-31628.0	7808.0	297.226	5043.11
-31628.0	7808.0	295.933	4904.77
-31628.0	7808.0	294.639	4876.67
-31628.0	7808.0	293.345	4850.5
-31628.0	7808.0	292.052	4901.64
-31628.0	7808.0	290.757	4817.53
-31628.0	7808.0	289.463	4746.98
-31628.0	7808.0	288.168	4717.0
-31628.0	7808.0	286.873	4741.09
-31628.0	7808.0	285.578	4689.9
-31628.0	7808.0	284.282	4571.19
-31628.0	7808.0	282.986	4604.94
-31628.0	7808.0	281.69	4513.3
-31628.0	7808.0	280.393	4506.55
-31628.0	7808.0	279.097	4428.47
-31628.0	7808.0	277.8	4429.45
-31628.0	7808.0	276.502	4494.03
-31628.0	7808.0	275.205	4392.88
-31628.0	7808.0	273.907	4378.46
-31628.0	7808.0	272.609	4321.67
-31628.0	7808.0	271.311	4340.0
-31628.0	7808.0	270.012	4206.24
-31628.0	7808.0	268.713	4189.95
-31628.0	7808.0	267.414	4300.65
-31628.0	7808.0	266.114	4159.3
-31628.0	7808.0	264.814	4129.55
-31628.0	7808.0	263.514	4101.75
-31628.0	7808.0	262.214	4037.42
-31628.0	7808.0	260.913	3984.66
-31628.0	7808.0	259.613	3931.92
-31628.0	7808.0	258.311	3906.1
-31628.0	7808.0	257.01	3957.13
-31628.0	7808.0	255.708	3837.21
-31628.0	7808.0	254.406	3845.99
-31628.0	7808.0	253.104	3833.65
-31628.0	7808.0	251.801	3748.38
-31628.0	7808.0	250.499	3782.11
-31628.0	7808.0	249.195	3790.89
-31628.0	7808.0	247.892	3734.46
-31628.0	7808.0	246.588	3731.74
-31628.0	7808.0	245.284	3665.75
-31628.0	7808.0	243.98	3666.89
-31628.0	7808.0	242.676	3602.86
-31628.0	7808.0	241.371	3567.6
-31628.0	7808.0	240.066	3526.6
-31628.0	7808.0	238.76	3617.78
-31628.0	7808.0	237.455	3561.47
-31628.0	7808.0	236.149	3604.74
-31628.0	7808.0	234.843	3527.41
-31628.0	7808.0	233.536	3425.23
-31628.0	7808.0	232.229	3516.33
-31628.0	7808.0	230.922	3404.63
-31628.0	7808.0	229.615	3417.29
-31628.0	7808.0	228.307	3399.35
-31628.0	7808.0	227.0	3312.6
-31628.0	7808.0	225.691	3327.18
-31628.0	7808.0	224.383	3152.59
-31628.0	7808.0	223.074	3172.93
-31628.0	7808.0	221.765	3233.36
-31628.0	7808.0	220.456	3284.22
-31628.0	7808.0	219.146	3209.07
-31628.0	7808.0	217.836	3179.75
-31628.0	7808.0	216.526	3180.97
-31628.0	7808.0	215.216	3182.2
-31628.0	7808.0	213.905	3179.61
-31628.0	7808.0	212.594	3156.04
-31628.0	7808.0	211.283	3128.67
-31628.0	7808.0	209.971	3175.65
-31628.0	7808.0	208.66	3188.31
-31628.0	7808.0	207.348	3364.82
-31628.0	7808.0	206.035	3327.9
-31628.0	7808.0	204.722	3270.05
-31628.0	7808.0	203.409	3511.17
-31628.0	7808.0	202.096	3567.52
-31628.0	7808.0	200.783	3734.24
-31628.0	7808.0	199.469	3754.37
-31628.0	7808.0	198.155	3789.71
-31628.0	7808.0	196.84	3967.69
-31628.0	7808.0	195.526	3873.65
-31628.0	7808.0	194.211	4068.65
-31628.0	7808.0	192.896	4060.17
-31628.0	7808.0	191.58	4253.14
-31628.0	7808.0	190.264	4216.12
-31628.0	7808.0	188.948	4251.31
-31628.0	7808.0	187.632	4218.1
-31628.0	7808.0	186.315	4298.84
-31628.0	7808.0	184.998	4240.97
-31628.0	7808.0	183.681	4296.99
-31628.0	7808.0	182.364	4335.92
-31628.0	7808.0	181.046	4378.62
-31628.0	7808.0	179.728	4440.27
-31628.0	7808.0	178.41	4426.03
-31628.0	7808.0	177.091	4434.56
-31628.0	7808.0	175.772	4541.65
-31628.0	7808.0	174.453	4470.55
-31628.0	7808.0	173.133	4471.48
-31628.0	7808.0	171.814	4555.76
-31628.0	7808.0	170.494	4535.84
-31628.0	7808.0	169.173	4589.77
-31628.0	7808.0	167.853	4552.82
-31628.0	7808.0	166.532	4665.4
-31628.0	7808.0	165.211	4694.67
-31628.0	7808.0	163.889	4693.65
-31628.0	7808.0	162.567	4715.34
-31628.0	7808.0	161.245	4757.82
-31628.0	7808.0	159.923	4698.18
-31628.0	7808.0	158.6	4736.86
-31628.0	7808.0	157.278	4818.99
-31628.0	7808.0	155.954	4891.64
-31628.0	7808.0	154.631	4845.25
-31628.0	7808.0	153.307	4927.3
-31628.0	7808.0	151.983	4931.9
-31628.0	7808.0	150.659	4870.43
-31628.0	7808.0	149.334	4875.04
-31628.0	7808.0	148.009	4917.39
-31628.0	7808.0	146.684	4854.07
-31628.0	7808.0	145.359	4836.05
-31628.0	7808.0	144.033	4897.23
-31628.0	7808.0	142.707	4849.05
-31628.0	7808.0	141.381	4930.93
-31628.0	7808.0	140.054	4826.22
-31628.0	7808.0	138.727	4945.76
-31628.0	7808.0	137.4	4931.51
-31628.0	7808.0	136.072	4853.23
-31628.0	7808.0	134.745	4927.5
-31628.0	7808.0	133.417	4853.02
-31628.0	7808.0	132.088	4889.61
-31628.0	7808.0	130.76	4864.1
-31628.0	7808.0	129.431	4911.96
-31628.0	7808.0	128.102	4831.9
-31628.0	7808.0	126.772	4885.39
-31628.0	7808.0	125.442	4799.73
-31628.0	7808.0	124.112	4591.94
-31628.0	7808.0	122.782	4703.7
-31628.0	7808.0	121.451	4648.2
-31628.0	7808.0	120.12	4564.55
-31628.0	7808.0	118.789	4509.1
-31628.0	7808.0	117.458	4463.06
-31628.0	7808.0	116.126	4396.4
-31628.0	7808.0	114.794	4232.17
-31628.0	7808.0	113.462	4250.02
-31628.0	7808.0	112.129	4204.07
-31628.0	7808.0	110.796	4100.01
-31628.0	7808.0	109.463	3939.73
-31628.0	7808.0	108.129	3832.02
-31628.0	7808.0	106.796	3714.98
-31628.0	7808.0	105.461	3530.53
-31628.0	7808.0	104.127	3426.72
-31628.0	7808.0	102.792	3279.88
-31628.0	7808.0	101.457	3065.68
-31628.0	7808.0	100.122	2913.36
-31628.0	7808.0	98.7867	2611.35
-31628.0	7808.0	97.4509	2588.32
-31628.0	7808.0	96.1148	2468.01
-31628.0	7808.0	94.7784	2242.99
-31628.0	7808.0	93.4418	2229.42
-31628.0	7808.0	92.1048	2066.25
-31628.0	7808.0	90.7676	2005.98
-31628.0	7808.0	89.43	1984.99
-31628.0	7808.0	88.0922	1922.89
-31628.0	7808.0	86.7541	1900.06
-31628.0	7808.0	85.4157	1817.46
