-31626.0	7804.0	1311.89	2139.62
-31626.0	7804.0	1310.78	2230.12
-31626.0	7804.0	1309.68	2263.82
-31626.0	7804.0	1308.58	2206.71
-31626.0	7804.0	1307.48	2272.18
-31626.0	7804.0	1306.38	2253.66
-31626.0	7804.0	1305.28	2153.46
-31626.0	7804.0	1304.18	2178.07
-31626.0	7804.0	1303.07	2170.91
-31626.0	7804.0	1301.97	2120.67
-31626.0	7804.0	1300.87	2170.22
-31626.0	7804.0	1299.77	2110.92
-31626.0	7804.0	1298.66	2146.85
-31626.0	7804.0	1297.56	2228.11
-31626.0	7804.0	1296.46	2223.22
-31626.0	7804.0	1295.35	2143.55
-31626.0	7804.0	1294.25	2165.86
-31626.0	7804.0	1293.15	2244.8
-31626.0	7804.0	1292.04	2210.46
-31626.0	7804.0	1290.94	2182.93
-31626.0	7804.0	1289.83	2180.32
-31626.0	7804.0	1288.73	2121.11
-31626.0	7804.0	1287.63	2215.83
-31626.0	7804.0	1286.52	2122.69
-31626.0	7804.0	1285.42	2192.49
-31626.0	7804.0	1284.31	2164.99
-31626.0	7804.0	1283.21	2144.28
-31626.0	7804.0	1282.1	2225.35
-31626.0	7804.0	1280.99	2245.34
-31626.0	7804.0	1279.89	2199.77
-31626.0	7804.0	1278.78	2102.21
-31626.0	7804.0	1277.68	2196.79
-31626.0	7804.0	1276.57	2180.62
-31626.0	7804.0	1275.46	2144.12
-31626.0	7804.0	1274.36	2243.17
-31626.0	7804.0	1273.25	2256.36
-31626.0	7804.0	1272.14	2210.83
-31626.0	7804.0	1271.04	2124.67
-31626.0	7804.0	1269.93	2234.94
-31626.0	7804.0	1268.82	2207.49
-31626.0	7804.0	1267.71	2152.97
-31626.0	7804.0	1266.61	2222.57
-31626.0	7804.0	1265.5	2131.97
-31626.0	7804.0	1264.39	2111.32
-31626.0	7804.0	1263.28	2196.68
-31626.0	7804.0	1262.17	2164.75
-31626.0	7804.0	1261.06	2184.69
-31626.0	7804.0	1259.95	2107.7
-31626.0	7804.0	1258.84	2082.56
-31626.0	7804.0	1257.74	2149.83
-31626.0	7804.0	1256.63	2203.55
-31626.0	7804.0	1255.52	2119.84
-31626.0	7804.0	1254.41	2099.22
-31626.0	7804.0	1253.3	2121.4
-31626.0	7804.0	1252.19	2152.58
-31626.0	7804.0	1251.08	2176.99
-31626.0	7804.0	1249.96	2223.9
-31626.0	7804.0	1248.85	2198.79
-31626.0	7804.0	1247.74	2119.67
-31626.0	7804.0	1246.63	2105.82
-31626.0	7804.0	1245.52	2105.48
-31626.0	7804.0	1244.41	2118.63
-31626.0	7804.0	1243.3	2138.52
-31626.0	7804.0	1242.18	2111.19
-31626.0	7804.0	1241.07	2169.29
-31626.0	7804.0	1239.96	2213.89
-31626.0	7804.0	1238.85	2175.32
-31626.0	7804.0	1237.74	2118.8
-31626.0	7804.0	1236.62	2134.17
-31626.0	7804.0	1235.51	2172.01
-31626.0	7804.0	1234.4	2070.59
-31626.0	7804.0	1233.28	2072.5
-31626.0	7804.0	1232.17	2076.65
-31626.0	7804.0	1231.06	2197.52
-31626.0	7804.0	1229.94	2127.58
-31626.0	7804.0	1228.83	2118.26
-31626.0	7804.0	1227.71	2111.18
-31626.0	7804.0	1226.6	2139.99
-31626.0	7804.0	1225.48	2146.37
-31626.0	7804.0	1224.37	2202.08
-31626.0	7804.0	1223.25	2179.29
-31626.0	7804.0	1222.14	2098.23
-31626.0	7804.0	1221.02	2122.54
-31626.0	7804.0	1219.91	2144.6
-31626.0	7804.0	1218.79	2164.41
-31626.0	7804.0	1217.68	2141.65
-31626.0	7804.0	1216.56	2168.18
-31626.0	7804.0	1215.44	2174.54
-31626.0	7804.0	1214.33	2075.65
-31626.0	7804.0	1213.21	2066.36
-31626.0	7804.0	1212.09	2095.11
-31626.0	7804.0	1210.98	2014.2
-31626.0	7804.0	1209.86	2157.07
-31626.0	7804.0	1208.74	2132.11
-31626.0	7804.0	1207.62	2104.91
-31626.0	7804.0	1206.51	2071.01
-31626.0	7804.0	1205.39	2126.57
-31626.0	7804.0	1204.27	2121.75
-31626.0	7804.0	1203.15	2125.87
-31626.0	7804.0	1202.03	2150.1
-31626.0	7804.0	1200.91	2127.4
-31626.0	7804.0	1199.8	2046.61
-31626.0	7804.0	1198.68	2059.67
-31626.0	7804.0	1197.56	2128.57
-31626.0	7804.0	1196.44	2063.45
-31626.0	7804.0	1195.32	2118.93
-31626.0	7804.0	1194.2	2107.41
-31626.0	7804.0	1193.08	2066.88
-31626.0	7804.0	1191.96	2106.71
-31626.0	7804.0	1190.84	2075.12
-31626.0	7804.0	1189.72	2117.16
-31626.0	7804.0	1188.6	2061.04
-31626.0	7804.0	1187.48	2080.77
-31626.0	7804.0	1186.35	2147.32
-31626.0	7804.0	1185.23	2124.67
-31626.0	7804.0	1184.11	2084.19
-31626.0	7804.0	1182.99	2117.27
-31626.0	7804.0	1181.87	2065.66
-31626.0	7804.0	1180.75	2132.16
-31626.0	7804.0	1179.62	2051.61
-31626.0	7804.0	1178.5	2086.9
-31626.0	7804.0	1177.38	2066.51
-31626.0	7804.0	1176.26	2161.9
-31626.0	7804.0	1175.13	2105.88
-31626.0	7804.0	1174.01	2047.66
-31626.0	7804.0	1172.89	2071.8
-31626.0	7804.0	1171.76	2089.25
-31626.0	7804.0	1170.64	2157.86
-31626.0	7804.0	1169.51	2079.65
-31626.0	7804.0	1168.39	2101.54
-31626.0	7804.0	1167.27	2134.54
-31626.0	7804.0	1166.14	2009.68
-31626.0	7804.0	1165.02	2067.14
-31626.0	7804.0	1163.89	2033.45
-31626.0	7804.0	1162.77	2104.21
-31626.0	7804.0	1161.64	2034.99
-31626.0	7804.0	1160.52	2099.06
-31626.0	7804.0	1159.39	2060.95
-31626.0	7804.0	1158.26	2058.38
-31626.0	7804.0	1157.14	2115.76
-31626.0	7804.0	1156.01	2071.01
-31626.0	7804.0	1154.88	2110.61
-31626.0	7804.0	1153.76	2092.5
-31626.0	7804.0	1152.63	2094.36
-31626.0	7804.0	1151.5	2060.73
-31626.0	7804.0	1150.38	2053.73
-31626.0	7804.0	1149.25	2013.47
-31626.0	7804.0	1148.12	2143.94
-31626.0	7804.0	1146.99	2094.81
-31626.0	7804.0	1145.87	2056.77
-31626.0	7804.0	1144.74	2142.85
-31626.0	7804.0	1143.61	2067.15
-31626.0	7804.0	1142.48	2031.36
-31626.0	7804.0	1141.35	2075.31
-31626.0	7804.0	1140.22	1995.24
-31626.0	7804.0	1139.09	2039.18
-31626.0	7804.0	1137.97	2087.53
-31626.0	7804.0	1136.84	2078.33
-31626.0	7804.0	1135.71	2016.01
-31626.0	7804.0	1134.58	2075.41
-31626.0	7804.0	1133.45	2019.75
-31626.0	7804.0	1132.32	2037.1
-31626.0	7804.0	1131.19	2116.36
-31626.0	7804.0	1130.05	2076.2
-31626.0	7804.0	1128.92	2091.32
-31626.0	7804.0	1127.79	2042.34
-31626.0	7804.0	1126.66	2055.25
-31626.0	7804.0	1125.53	2026.17
-31626.0	7804.0	1124.4	2056.76
-31626.0	7804.0	1123.27	2096.16
-31626.0	7804.0	1122.13	2084.76
-31626.0	7804.0	1121.0	2055.7
-31626.0	7804.0	1119.87	2079.63
-31626.0	7804.0	1118.74	1993.19
-31626.0	7804.0	1117.6	2043.61
-31626.0	7804.0	1116.47	2056.5
-31626.0	7804.0	1115.34	2117.92
-31626.0	7804.0	1114.2	2110.94
-31626.0	7804.0	1113.07	2046.62
-31626.0	7804.0	1111.94	2108.01
-31626.0	7804.0	1110.8	2151.74
-31626.0	7804.0	1109.67	2096.26
-31626.0	7804.0	1108.54	2018.77
-31626.0	7804.0	1107.4	2102.15
-31626.0	7804.0	1106.27	2042.31
-31626.0	7804.0	1105.13	2048.56
-31626.0	7804.0	1104.0	2035.0
-31626.0	7804.0	1102.86	2036.85
-31626.0	7804.0	1101.72	2065.12
-31626.0	7804.0	1100.59	2036.15
-31626.0	7804.0	1099.45	2163.45
-31626.0	7804.0	1098.32	2064.05
-31626.0	7804.0	1097.18	2028.49
-31626.0	7804.0	1096.04	2124.93
-31626.0	7804.0	1094.91	2069.58
-31626.0	7804.0	1093.77	2102.21
-31626.0	7804.0	1092.63	2141.42
-31626.0	7804.0	1091.5	2110.27
-31626.0	7804.0	1090.36	2191.23
-31626.0	7804.0	1089.22	2089.76
-31626.0	7804.0	1088.08	2074.02
-31626.0	7804.0	1086.95	2071.47
-31626.0	7804.0	1085.81	2007.42
-31626.0	7804.0	1084.67	2068.55
-31626.0	7804.0	1083.53	2028.67
-31626.0	7804.0	1082.39	1999.79
-31626.0	7804.0	1081.25	2069.67
-31626.0	7804.0	1080.11	2093.45
-31626.0	7804.0	1078.97	2053.59
-31626.0	7804.0	1077.83	2171.69
-31626.0	7804.0	1076.69	2153.77
-31626.0	7804.0	1075.55	2063.49
-31626.0	7804.0	1074.41	2093.82
-31626.0	7804.0	1073.27	2075.92
-31626.0	7804.0	1072.13	2097.48
-31626.0	7804.0	1070.99	2123.41
-31626.0	7804.0	1069.85	2112.08
-31626.0	7804.0	1068.71	2019.71
-31626.0	7804.0	1067.57	2065.35
-31626.0	7804.0	1066.43	2058.42
-31626.0	7804.0	1065.28	2132.5
-31626.0	7804.0	1064.14	2143.08
-31626.0	7804.0	1063.0	2074.85
-31626.0	7804.0	1061.86	2056.98
-31626.0	7804.0	1060.71	2122.26
-31626.0	7804.0	1059.57	2178.76
-31626.0	7804.0	1058.43	2099.65
-31626.0	7804.0	1057.29	2086.16
-31626.0	7804.0	1056.14	2077.05
-31626.0	7804.0	1055.0	2124.77
-31626.0	7804.0	1053.85	2111.29
-31626.0	7804.0	1052.71	2091.25
-31626.0	7804.0	1051.57	2114.92
-31626.0	7804.0	1050.42	2066.49
-31626.0	7804.0	1049.28	2131.65
-31626.0	7804.0	1048.13	2102.88
-31626.0	7804.0	1046.99	2170.2
-31626.0	7804.0	1045.84	2104.33
-31626.0	7804.0	1044.7	2226.18
-31626.0	7804.0	1043.55	2149.41
-31626.0	7804.0	1042.4	2197.03
-31626.0	7804.0	1041.26	2205.37
-31626.0	7804.0	1040.11	2183.17
-31626.0	7804.0	1038.97	2198.05
-31626.0	7804.0	1037.82	2119.18
-31626.0	7804.0	1036.67	2238.69
-31626.0	7804.0	1035.53	2288.43
-31626.0	7804.0	1034.38	2198.68
-31626.0	7804.0	1033.23	2270.19
-31626.0	7804.0	1032.08	2178.3
-31626.0	7804.0	1030.94	2234.54
-31626.0	7804.0	1029.79	2271.16
-31626.0	7804.0	1028.64	2301.24
-31626.0	7804.0	1027.49	2279.06
-31626.0	7804.0	1026.34	2315.66
-31626.0	7804.0	1025.19	2367.47
-31626.0	7804.0	1024.04	2321.36
-31626.0	7804.0	1022.89	2338.35
-31626.0	7804.0	1021.74	2401.01
-31626.0	7804.0	1020.59	2381.01
-31626.0	7804.0	1019.45	2393.64
-31626.0	7804.0	1018.29	2395.38
-31626.0	7804.0	1017.14	2451.46
-31626.0	7804.0	1015.99	2505.35
-31626.0	7804.0	1014.84	2515.77
-31626.0	7804.0	1013.69	2469.71
-31626.0	7804.0	1012.54	2475.78
-31626.0	7804.0	1011.39	2583.91
-31626.0	7804.0	1010.24	2561.74
-31626.0	7804.0	1009.09	2550.43
-31626.0	7804.0	1007.93	2541.29
-31626.0	7804.0	1006.78	2631.97
-31626.0	7804.0	1005.63	2664.04
-31626.0	7804.0	1004.48	2654.89
-31626.0	7804.0	1003.32	2619.72
-31626.0	7804.0	1002.17	2636.6
-31626.0	7804.0	1001.02	2698.99
-31626.0	7804.0	999.865	2761.37
-31626.0	7804.0	998.711	2765.21
-31626.0	7804.0	997.558	2829.71
-31626.0	7804.0	996.403	2772.88
-31626.0	7804.0	995.249	2947.83
-31626.0	7804.0	994.095	2910.48
-31626.0	7804.0	992.94	3022.55
-31626.0	7804.0	991.785	3030.67
-31626.0	7804.0	990.63	3047.44
-31626.0	7804.0	989.475	3152.93
-31626.0	7804.0	988.319	3098.27
-31626.0	7804.0	987.164	3221.02
-31626.0	7804.0	986.008	3207.46
-31626.0	7804.0	984.852	3239.32
-31626.0	7804.0	983.695	3394.41
-31626.0	7804.0	982.539	3281.39
-31626.0	7804.0	981.382	3414.8
-31626.0	7804.0	980.225	3448.76
-31626.0	7804.0	979.068	3387.64
-31626.0	7804.0	977.911	3436.71
-31626.0	7804.0	976.753	3490.09
-31626.0	7804.0	975.595	3487.3
-31626.0	7804.0	974.437	3406.79
-31626.0	7804.0	973.279	3550.8
-31626.0	7804.0	972.121	3653.75
-31626.0	7804.0	970.962	3584.04
-31626.0	7804.0	969.803	3613.59
-31626.0	7804.0	968.644	3597.84
-31626.0	7804.0	967.485	3504.46
-31626.0	7804.0	966.326	3579.29
-31626.0	7804.0	965.166	3589.42
-31626.0	7804.0	964.006	3603.86
-31626.0	7804.0	962.846	3639.84
-31626.0	7804.0	961.686	3621.95
-31626.0	7804.0	960.525	3681.61
-31626.0	7804.0	959.365	3708.94
-31626.0	7804.0	958.204	3742.72
-31626.0	7804.0	957.043	3737.74
-31626.0	7804.0	955.881	3739.21
-31626.0	7804.0	954.72	3732.07
-31626.0	7804.0	953.558	3677.6
-31626.0	7804.0	952.396	3685.54
-31626.0	7804.0	951.234	3788.12
-31626.0	7804.0	950.071	3725.06
-31626.0	7804.0	948.909	3758.79
-31626.0	7804.0	947.746	3697.9
-31626.0	7804.0	946.583	3817.61
-31626.0	7804.0	945.42	3806.16
-31626.0	7804.0	944.256	3777.54
-31626.0	7804.0	943.092	3864.93
-31626.0	7804.0	941.929	3806.23
-31626.0	7804.0	940.765	3809.83
-31626.0	7804.0	939.6	3798.4
-31626.0	7804.0	938.436	3754.77
-31626.0	7804.0	937.271	3651.05
-31626.0	7804.0	936.106	3646.09
-31626.0	7804.0	934.941	3608.95
-31626.0	7804.0	933.775	3578.26
-31626.0	7804.0	932.61	3558.3
-31626.0	7804.0	931.444	3311.04
-31626.0	7804.0	930.278	3319.0
-31626.0	7804.0	929.112	3279.81
-31626.0	7804.0	927.945	3197.76
-31626.0	7804.0	926.779	3115.75
-31626.0	7804.0	925.612	3098.04
-31626.0	7804.0	924.445	3065.34
-31626.0	7804.0	923.278	3047.64
-31626.0	7804.0	922.11	2961.43
-31626.0	7804.0	920.942	2967.31
-31626.0	7804.0	919.774	2973.18
-31626.0	7804.0	918.606	2861.35
-31626.0	7804.0	917.438	2912.18
-31626.0	7804.0	916.269	2888.11
-31626.0	7804.0	915.1	2836.24
-31626.0	7804.0	913.931	2827.16
-31626.0	7804.0	912.762	2745.39
-31626.0	7804.0	911.593	2725.65
-31626.0	7804.0	910.423	2737.97
-31626.0	7804.0	909.253	2752.42
-31626.0	7804.0	908.083	2751.91
-31626.0	7804.0	906.913	2708.68
-31626.0	7804.0	905.742	2669.74
-31626.0	7804.0	904.572	2613.72
-31626.0	7804.0	903.401	2555.6
-31626.0	7804.0	902.229	2702.41
-31626.0	7804.0	901.058	2618.68
-31626.0	7804.0	899.886	2667.27
-31626.0	7804.0	898.715	2645.44
-31626.0	7804.0	897.543	2602.29
-31626.0	7804.0	896.37	2642.33
-31626.0	7804.0	895.198	2567.21
-31626.0	7804.0	894.025	2547.55
-31626.0	7804.0	892.852	2600.36
-31626.0	7804.0	891.679	2636.11
-31626.0	7804.0	890.506	2571.7
-31626.0	7804.0	889.332	2539.27
-31626.0	7804.0	888.158	2545.18
-31626.0	7804.0	886.984	2551.1
-31626.0	7804.0	885.81	2486.75
-31626.0	7804.0	884.636	2614.01
-31626.0	7804.0	883.461	2543.29
-31626.0	7804.0	882.286	2496.0
-31626.0	7804.0	881.111	2529.58
-31626.0	7804.0	879.936	2616.32
-31626.0	7804.0	878.76	2479.72
-31626.0	7804.0	877.584	2587.7
-31626.0	7804.0	876.408	2519.19
-31626.0	7804.0	875.232	2512.34
-31626.0	7804.0	874.056	2422.62
-31626.0	7804.0	872.879	2456.16
-31626.0	7804.0	871.702	2470.57
-31626.0	7804.0	870.525	2446.75
-31626.0	7804.0	869.348	2452.66
-31626.0	7804.0	868.17	2439.46
-31626.0	7804.0	866.993	2585.47
-31626.0	7804.0	865.815	2491.61
-31626.0	7804.0	864.637	2472.04
-31626.0	7804.0	863.458	2429.15
-31626.0	7804.0	862.28	2356.58
-31626.0	7804.0	861.101	2394.31
-31626.0	7804.0	859.922	2391.74
-31626.0	7804.0	858.742	2391.29
-31626.0	7804.0	857.563	2414.16
-31626.0	7804.0	856.383	2369.2
-31626.0	7804.0	855.203	2478.93
-31626.0	7804.0	854.023	2404.32
-31626.0	7804.0	852.843	2516.12
-31626.0	7804.0	851.662	2430.95
-31626.0	7804.0	850.481	2318.28
-31626.0	7804.0	849.3	2339.01
-31626.0	7804.0	848.119	2270.85
-31626.0	7804.0	846.937	2401.61
-31626.0	7804.0	845.756	2396.92
-31626.0	7804.0	844.574	2407.05
-31626.0	7804.0	843.392	2400.25
-31626.0	7804.0	842.209	2469.57
-31626.0	7804.0	841.027	2363.41
-31626.0	7804.0	839.844	2324.92
-31626.0	7804.0	838.661	2373.08
-31626.0	7804.0	837.477	2368.41
-31626.0	7804.0	836.294	2427.11
-31626.0	7804.0	835.11	2314.71
-31626.0	7804.0	833.926	2434.63
-31626.0	7804.0	832.742	2444.73
-31626.0	7804.0	831.558	2389.39
-31626.0	7804.0	830.373	2448.02
-31626.0	7804.0	829.188	2382.15
-31626.0	7804.0	828.003	2396.47
-31626.0	7804.0	826.818	2372.81
-31626.0	7804.0	825.632	2311.21
-31626.0	7804.0	824.446	2407.75
-31626.0	7804.0	823.26	2331.41
-31626.0	7804.0	822.074	2385.76
-31626.0	7804.0	820.888	2416.92
-31626.0	7804.0	819.701	2399.6
-31626.0	7804.0	818.514	2365.45
-31626.0	7804.0	817.327	2352.36
-31626.0	7804.0	816.14	2385.6
-31626.0	7804.0	814.952	2349.36
-31626.0	7804.0	813.765	2363.65
-31626.0	7804.0	812.577	2304.27
-31626.0	7804.0	811.388	2282.8
-31626.0	7804.0	810.2	2316.02
-31626.0	7804.0	809.011	2406.01
-31626.0	7804.0	807.822	2357.19
-31626.0	7804.0	806.633	2344.13
-31626.0	7804.0	805.444	2320.56
-31626.0	7804.0	804.254	2252.86
-31626.0	7804.0	803.064	2321.77
-31626.0	7804.0	801.874	2310.82
-31626.0	7804.0	800.684	2270.48
-31626.0	7804.0	799.493	2322.54
-31626.0	7804.0	798.303	2448.07
-31626.0	7804.0	797.112	2399.32
-31626.0	7804.0	795.921	2358.99
-31626.0	7804.0	794.729	2276.7
-31626.0	7804.0	793.538	2351.79
-31626.0	7804.0	792.346	2294.7
-31626.0	7804.0	791.154	2248.13
-31626.0	7804.0	789.961	2346.24
-31626.0	7804.0	788.769	2383.53
-31626.0	7804.0	787.576	2368.4
-31626.0	7804.0	786.383	2323.94
-31626.0	7804.0	785.19	2271.11
-31626.0	7804.0	783.996	2264.39
-31626.0	7804.0	782.802	2259.77
-31626.0	7804.0	781.608	2263.52
-31626.0	7804.0	780.414	2298.68
-31626.0	7804.0	779.22	2317.07
-31626.0	7804.0	778.025	2228.73
-31626.0	7804.0	776.83	2236.67
-31626.0	7804.0	775.635	2313.64
-31626.0	7804.0	774.44	2250.45
-31626.0	7804.0	773.244	2268.84
-31626.0	7804.0	772.049	2322.76
-31626.0	7804.0	770.853	2301.41
-31626.0	7804.0	769.656	2290.51
-31626.0	7804.0	768.46	2267.09
-31626.0	7804.0	767.263	2316.79
-31626.0	7804.0	766.066	2249.5
-31626.0	7804.0	764.869	2263.68
-31626.0	7804.0	763.672	2236.1
-31626.0	7804.0	762.474	2264.9
-31626.0	7804.0	761.276	2212.28
-31626.0	7804.0	760.078	2230.63
-31626.0	7804.0	758.88	2296.96
-31626.0	7804.0	757.681	2290.26
-31626.0	7804.0	756.483	2293.99
-31626.0	7804.0	755.284	2297.71
-31626.0	7804.0	754.084	2270.17
-31626.0	7804.0	752.885	2171.77
-31626.0	7804.0	751.685	2246.36
-31626.0	7804.0	750.485	2220.93
-31626.0	7804.0	749.285	2241.33
-31626.0	7804.0	748.085	2242.97
-31626.0	7804.0	746.884	2155.08
-31626.0	7804.0	745.683	2181.73
-31626.0	7804.0	744.482	2162.57
-31626.0	7804.0	743.281	2203.77
-31626.0	7804.0	742.079	2174.21
-31626.0	7804.0	740.877	2234.12
-31626.0	7804.0	739.675	2183.77
-31626.0	7804.0	738.473	2206.21
-31626.0	7804.0	737.27	2239.05
-31626.0	7804.0	736.068	2226.14
-31626.0	7804.0	734.865	2198.69
-31626.0	7804.0	733.661	2148.4
-31626.0	7804.0	732.458	2210.3
-31626.0	7804.0	731.254	2022.94
-31626.0	7804.0	730.05	2226.05
-31626.0	7804.0	728.846	2219.38
-31626.0	7804.0	727.642	2212.72
-31626.0	7804.0	726.437	2129.28
-31626.0	7804.0	725.232	2153.76
-31626.0	7804.0	724.027	2153.34
-31626.0	7804.0	722.822	2148.77
-31626.0	7804.0	721.616	2164.94
-31626.0	7804.0	720.41	2170.73
-31626.0	7804.0	719.204	2249.08
-31626.0	7804.0	717.998	2207.19
-31626.0	7804.0	716.791	2179.82
-31626.0	7804.0	715.585	2156.6
-31626.0	7804.0	714.378	2392.3
-31626.0	7804.0	713.17	2311.07
-31626.0	7804.0	711.963	2223.66
-31626.0	7804.0	710.755	2179.75
-31626.0	7804.0	709.547	2191.74
-31626.0	7804.0	708.339	2243.04
-31626.0	7804.0	707.131	2215.71
-31626.0	7804.0	705.922	2198.72
-31626.0	7804.0	704.713	2241.72
-31626.0	7804.0	703.504	2226.81
-31626.0	7804.0	702.295	2220.17
-31626.0	7804.0	701.085	2265.2
-31626.0	7804.0	699.875	2250.29
-31626.0	7804.0	698.665	2220.92
-31626.0	7804.0	697.455	2251.47
-31626.0	7804.0	696.244	2292.33
-31626.0	7804.0	695.034	2339.36
-31626.0	7804.0	693.822	2225.36
-31626.0	7804.0	692.611	2239.37
-31626.0	7804.0	691.4	2282.26
-31626.0	7804.0	690.188	2228.17
-31626.0	7804.0	688.976	2332.93
-31626.0	7804.0	687.764	2235.54
-31626.0	7804.0	686.551	2348.5
-31626.0	7804.0	685.339	2345.98
-31626.0	7804.0	684.126	2320.78
-31626.0	7804.0	682.912	2355.35
-31626.0	7804.0	681.699	2323.98
-31626.0	7804.0	680.485	2286.45
-31626.0	7804.0	679.271	2335.42
-31626.0	7804.0	678.057	2425.56
-31626.0	7804.0	676.843	2346.85
-31626.0	7804.0	675.628	2451.35
-31626.0	7804.0	674.413	2438.52
-31626.0	7804.0	673.198	2507.99
-31626.0	7804.0	671.983	2484.86
-31626.0	7804.0	670.767	2478.2
-31626.0	7804.0	669.551	2457.15
-31626.0	7804.0	668.335	2464.88
-31626.0	7804.0	667.119	2517.83
-31626.0	7804.0	665.902	2476.23
-31626.0	7804.0	664.686	2508.61
-31626.0	7804.0	663.469	2467.03
-31626.0	7804.0	662.251	2425.46
-31626.0	7804.0	661.034	2480.42
-31626.0	7804.0	659.816	2426.55
-31626.0	7804.0	658.598	2485.59
-31626.0	7804.0	657.38	2505.62
-31626.0	7804.0	656.161	2494.86
-31626.0	7804.0	654.942	2523.08
-31626.0	7804.0	653.723	2467.2
-31626.0	7804.0	652.504	2544.63
-31626.0	7804.0	651.285	2517.47
-31626.0	7804.0	650.065	2412.44
-31626.0	7804.0	648.845	2461.14
-31626.0	7804.0	647.625	2470.89
-31626.0	7804.0	646.404	2533.9
-31626.0	7804.0	645.184	2476.05
-31626.0	7804.0	643.963	2465.31
-31626.0	7804.0	642.742	2481.2
-31626.0	7804.0	641.52	2509.36
-31626.0	7804.0	640.298	2514.99
-31626.0	7804.0	639.076	2498.12
-31626.0	7804.0	637.854	2569.22
-31626.0	7804.0	636.632	2580.97
-31626.0	7804.0	635.409	2508.89
-31626.0	7804.0	634.186	2496.12
-31626.0	7804.0	632.963	2503.8
-31626.0	7804.0	631.74	2562.56
-31626.0	7804.0	630.516	2459.89
-31626.0	7804.0	629.292	2485.95
-31626.0	7804.0	628.068	2491.58
-31626.0	7804.0	626.844	2531.92
-31626.0	7804.0	625.619	2535.49
-31626.0	7804.0	624.394	2665.61
-31626.0	7804.0	623.169	2605.89
-31626.0	7804.0	621.944	2597.21
-31626.0	7804.0	620.718	2513.05
-31626.0	7804.0	619.492	2604.32
-31626.0	7804.0	618.266	2646.62
-31626.0	7804.0	617.04	2564.54
-31626.0	7804.0	615.813	2602.75
-31626.0	7804.0	614.587	2687.81
-31626.0	7804.0	613.36	2597.63
-31626.0	7804.0	612.132	2597.1
-31626.0	7804.0	610.905	2584.36
-31626.0	7804.0	609.677	2551.26
-31626.0	7804.0	608.449	2558.89
-31626.0	7804.0	607.22	2562.45
-31626.0	7804.0	605.992	2509.02
-31626.0	7804.0	604.763	2475.96
-31626.0	7804.0	603.534	2536.49
-31626.0	7804.0	602.305	2497.33
-31626.0	7804.0	601.075	2513.1
-31626.0	7804.0	599.845	2500.39
-31626.0	7804.0	598.615	2493.79
-31626.0	7804.0	597.385	2475.0
-31626.0	7804.0	596.154	2531.38
-31626.0	7804.0	594.924	2504.46
-31626.0	7804.0	593.693	2591.28
-31626.0	7804.0	592.461	2412.08
-31626.0	7804.0	591.23	2476.55
-31626.0	7804.0	589.998	2425.31
-31626.0	7804.0	588.766	2461.34
-31626.0	7804.0	587.534	2458.82
-31626.0	7804.0	586.301	2523.22
-31626.0	7804.0	585.068	2538.94
-31626.0	7804.0	583.835	2508.01
-31626.0	7804.0	582.602	2533.85
-31626.0	7804.0	581.368	2458.35
-31626.0	7804.0	580.134	2559.16
-31626.0	7804.0	578.9	2528.26
-31626.0	7804.0	577.666	2517.62
-31626.0	7804.0	576.432	2450.28
-31626.0	7804.0	575.197	2500.4
-31626.0	7804.0	573.962	2475.6
-31626.0	7804.0	572.726	2442.71
-31626.0	7804.0	571.491	2595.99
-31626.0	7804.0	570.255	2441.72
-31626.0	7804.0	569.019	2524.15
-31626.0	7804.0	567.783	2446.79
-31626.0	7804.0	566.546	2589.84
-31626.0	7804.0	565.309	2569.1
-31626.0	7804.0	564.072	2554.43
-31626.0	7804.0	562.835	2602.4
-31626.0	7804.0	561.597	2515.0
-31626.0	7804.0	560.359	2603.36
-31626.0	7804.0	559.121	2633.11
-31626.0	7804.0	557.883	2697.18
-31626.0	7804.0	556.644	2720.85
-31626.0	7804.0	555.406	2728.37
-31626.0	7804.0	554.167	2772.2
-31626.0	7804.0	552.927	2852.32
-31626.0	7804.0	551.688	2841.65
-31626.0	7804.0	550.448	2909.63
-31626.0	7804.0	549.208	2983.62
-31626.0	7804.0	547.967	2976.97
-31626.0	7804.0	546.727	3024.72
-31626.0	7804.0	545.486	3124.84
-31626.0	7804.0	544.245	3275.27
-31626.0	7804.0	543.003	3316.89
-31626.0	7804.0	541.762	3267.89
-31626.0	7804.0	540.52	3536.97
-31626.0	7804.0	539.278	3584.55
-31626.0	7804.0	538.035	3799.13
-31626.0	7804.0	536.793	4055.86
-31626.0	7804.0	535.55	4207.9
-31626.0	7804.0	534.307	4436.29
-31626.0	7804.0	533.063	4686.71
-31626.0	7804.0	531.82	5095.82
-31626.0	7804.0	530.576	5579.13
-31626.0	7804.0	529.331	6335.52
-31626.0	7804.0	528.087	7322.62
-31626.0	7804.0	526.842	8735.13
-31626.0	7804.0	525.597	11125.0
-31626.0	7804.0	524.352	15188.3
-31626.0	7804.0	523.107	22381.4
-31626.0	7804.0	521.861	33737.7
-31626.0	7804.0	520.615	40713.3
-31626.0	7804.0	519.369	38658.8
-31626.0	7804.0	518.122	33712.9
-31626.0	7804.0	516.876	28173.5
-31626.0	7804.0	515.629	23528.6
-31626.0	7804.0	514.381	19889.7
-31626.0	7804.0	513.134	17029.9
-31626.0	7804.0	511.886	15004.8
-31626.0	7804.0	510.638	13375.2
-31626.0	7804.0	509.39	12361.0
-31626.0	7804.0	508.141	11701.7
-31626.0	7804.0	506.892	10842.5
-31626.0	7804.0	505.643	10562.0
-31626.0	7804.0	504.394	10219.6
-31626.0	7804.0	503.145	9935.43
-31626.0	7804.0	501.895	9685.34
-31626.0	7804.0	500.645	9585.35
-31626.0	7804.0	499.394	9517.39
-31626.0	7804.0	498.144	9423.46
-31626.0	7804.0	496.893	9621.38
-31626.0	7804.0	495.642	9477.52
-31626.0	7804.0	494.39	9287.76
-31626.0	7804.0	493.139	9187.97
-31626.0	7804.0	491.887	9092.21
-31626.0	7804.0	490.635	9032.43
-31626.0	7804.0	489.382	8864.88
-31626.0	7804.0	488.13	8521.77
-31626.0	7804.0	486.877	8677.64
-31626.0	7804.0	485.623	8478.34
-31626.0	7804.0	484.37	8291.1
-31626.0	7804.0	483.116	8405.04
-31626.0	7804.0	481.862	8343.49
-31626.0	7804.0	480.608	8144.42
-31626.0	7804.0	479.354	8082.95
-31626.0	7804.0	478.099	8079.28
-31626.0	7804.0	476.844	8051.71
-31626.0	7804.0	475.588	8073.93
-31626.0	7804.0	474.333	7934.87
-31626.0	7804.0	473.077	7839.65
-31626.0	7804.0	471.821	7776.32
-31626.0	7804.0	470.565	7677.2
-31626.0	7804.0	469.308	7601.99
-31626.0	7804.0	468.051	7455.21
-31626.0	7804.0	466.794	7429.79
-31626.0	7804.0	465.537	7390.47
-31626.0	7804.0	464.279	7382.97
-31626.0	7804.0	463.021	7083.31
-31626.0	7804.0	461.763	7099.72
-31626.0	7804.0	460.505	7026.72
-31626.0	7804.0	459.246	6814.72
-31626.0	7804.0	457.987	6789.47
-31626.0	7804.0	456.728	6684.82
-31626.0	7804.0	455.469	6530.58
-31626.0	7804.0	454.209	6378.39
-31626.0	7804.0	452.949	6460.4
-31626.0	7804.0	451.689	6238.86
-31626.0	7804.0	450.428	6201.86
-31626.0	7804.0	449.167	6061.76
-31626.0	7804.0	447.906	5941.54
-31626.0	7804.0	446.645	5934.36
-31626.0	7804.0	445.383	5824.13
-31626.0	7804.0	444.122	5826.87
-31626.0	7804.0	442.86	5667.19
-31626.0	7804.0	441.597	5588.77
-31626.0	7804.0	440.335	5536.12
-31626.0	7804.0	439.072	5463.7
-31626.0	7804.0	437.809	5294.33
-31626.0	7804.0	436.545	5257.6
-31626.0	7804.0	435.281	5240.68
-31626.0	7804.0	434.018	5253.42
-31626.0	7804.0	432.753	5254.3
-31626.0	7804.0	431.489	5162.26
-31626.0	7804.0	430.224	5242.22
-31626.0	7804.0	428.959	5043.49
-31626.0	7804.0	427.694	4925.86
-31626.0	7804.0	426.428	4867.54
-31626.0	7804.0	425.163	4919.85
-31626.0	7804.0	423.896	4796.39
-31626.0	7804.0	422.63	4726.29
-31626.0	7804.0	421.364	4610.82
-31626.0	7804.0	420.097	4684.84
-31626.0	7804.0	418.83	4719.37
-31626.0	7804.0	417.562	4570.44
-31626.0	7804.0	416.295	4624.7
-31626.0	7804.0	415.027	4588.24
-31626.0	7804.0	413.758	4640.5
-31626.0	7804.0	412.49	4560.69
-31626.0	7804.0	411.221	4534.11
-31626.0	7804.0	409.952	4428.75
-31626.0	7804.0	408.683	4522.36
-31626.0	7804.0	407.414	4422.95
-31626.0	7804.0	406.144	4418.08
-31626.0	7804.0	404.874	4499.83
-31626.0	7804.0	403.603	4361.12
-31626.0	7804.0	402.333	4454.65
-31626.0	7804.0	401.062	4453.71
-31626.0	7804.0	399.791	4525.55
-31626.0	7804.0	398.519	4536.39
-31626.0	7804.0	397.248	4470.56
-31626.0	7804.0	395.976	4365.45
-31626.0	7804.0	394.704	4307.54
-31626.0	7804.0	393.431	4310.56
-31626.0	7804.0	392.159	4327.33
-31626.0	7804.0	390.886	4393.19
-31626.0	7804.0	389.612	4353.0
-31626.0	7804.0	388.339	4297.12
-31626.0	7804.0	387.065	4290.32
-31626.0	7804.0	385.791	4432.66
-31626.0	7804.0	384.517	4245.35
-31626.0	7804.0	383.242	4217.0
-31626.0	7804.0	381.967	4392.6
-31626.0	7804.0	380.692	4350.5
-31626.0	7804.0	379.417	4324.1
-31626.0	7804.0	378.141	4358.46
-31626.0	7804.0	376.865	4234.1
-31626.0	7804.0	375.589	4205.79
-31626.0	7804.0	374.312	4161.81
-31626.0	7804.0	373.035	4233.38
-31626.0	7804.0	371.758	4189.42
-31626.0	7804.0	370.481	4249.21
-31626.0	7804.0	369.204	4220.91
-31626.0	7804.0	367.926	4210.24
-31626.0	7804.0	366.648	4136.98
-31626.0	7804.0	365.369	4114.59
-31626.0	7804.0	364.091	4148.91
-31626.0	7804.0	362.812	4114.8
-31626.0	7804.0	361.532	4196.02
-31626.0	7804.0	360.253	4079.85
-31626.0	7804.0	358.973	4174.71
-31626.0	7804.0	357.693	4033.2
-31626.0	7804.0	356.413	4141.7
-31626.0	7804.0	355.132	4129.11
-31626.0	7804.0	353.852	4221.92
-31626.0	7804.0	352.571	4141.02
-31626.0	7804.0	351.289	4099.17
-31626.0	7804.0	350.008	4225.09
-31626.0	7804.0	348.726	4101.33
-31626.0	7804.0	347.444	4125.81
-31626.0	7804.0	346.161	4189.26
-31626.0	7804.0	344.878	4317.01
-31626.0	7804.0	343.595	4216.72
-31626.0	7804.0	342.312	4284.01
-31626.0	7804.0	341.029	4137.02
-31626.0	7804.0	339.745	4266.61
-31626.0	7804.0	338.461	4220.93
-31626.0	7804.0	337.176	4202.51
-31626.0	7804.0	335.892	4221.08
-31626.0	7804.0	334.607	4317.47
-31626.0	7804.0	333.322	4386.58
-31626.0	7804.0	332.036	4282.57
-31626.0	7804.0	330.75	4289.44
-31626.0	7804.0	329.464	4379.9
-31626.0	7804.0	328.178	4347.87
-31626.0	7804.0	326.892	4329.46
-31626.0	7804.0	325.605	4392.65
-31626.0	7804.0	324.318	4525.74
-31626.0	7804.0	323.03	4452.92
-31626.0	7804.0	321.743	4484.98
-31626.0	7804.0	320.455	4602.44
-31626.0	7804.0	319.167	4568.47
-31626.0	7804.0	317.878	4596.6
-31626.0	7804.0	316.59	4582.04
-31626.0	7804.0	315.301	4604.34
-31626.0	7804.0	314.011	4731.34
-31626.0	7804.0	312.722	4577.18
-31626.0	7804.0	311.432	4651.8
-31626.0	7804.0	310.142	4565.54
-31626.0	7804.0	308.851	4673.06
-31626.0	7804.0	307.561	4856.08
-31626.0	7804.0	306.27	4855.05
-31626.0	7804.0	304.979	4970.19
-31626.0	7804.0	303.687	4891.7
-31626.0	7804.0	302.395	4863.56
-31626.0	7804.0	301.103	4839.3
-31626.0	7804.0	299.811	4816.99
-31626.0	7804.0	298.519	4806.29
-31626.0	7804.0	297.226	4677.64
-31626.0	7804.0	295.933	4695.98
-31626.0	7804.0	294.639	4716.24
-31626.0	7804.0	293.345	4560.63
-31626.0	7804.0	292.052	4600.23
-31626.0	7804.0	290.757	4574.14
-31626.0	7804.0	289.463	4441.84
-31626.0	7804.0	288.168	4552.88
-31626.0	7804.0	286.873	4528.74
-31626.0	7804.0	285.578	4437.07
-31626.0	7804.0	284.282	4449.62
-31626.0	7804.0	282.986	4479.54
-31626.0	7804.0	281.69	4351.29
-31626.0	7804.0	280.393	4342.64
-31626.0	7804.0	279.097	4291.59
-31626.0	7804.0	277.8	4255.98
-31626.0	7804.0	276.502	4249.28
-31626.0	7804.0	275.205	4163.6
-31626.0	7804.0	273.907	4145.37
-31626.0	7804.0	272.609	4132.93
-31626.0	7804.0	271.311	4008.82
-31626.0	7804.0	270.012	4007.96
-31626.0	7804.0	268.713	4051.37
-31626.0	7804.0	267.414	3981.23
-31626.0	7804.0	266.114	3876.49
-31626.0	7804.0	264.814	3810.27
-31626.0	7804.0	263.514	3901.76
-31626.0	7804.0	262.214	3854.78
-31626.0	7804.0	260.913	3896.24
-31626.0	7804.0	259.613	3760.88
-31626.0	7804.0	258.311	3708.2
-31626.0	7804.0	257.01	3784.25
-31626.0	7804.0	255.708	3733.5
-31626.0	7804.0	254.406	3678.94
-31626.0	7804.0	253.104	3735.74
-31626.0	7804.0	251.801	3598.67
-31626.0	7804.0	250.499	3666.98
-31626.0	7804.0	249.195	3566.43
-31626.0	7804.0	247.892	3571.42
-31626.0	7804.0	246.588	3499.71
-31626.0	7804.0	245.284	3475.95
-31626.0	7804.0	243.98	3469.45
-31626.0	7804.0	242.676	3415.05
-31626.0	7804.0	241.371	3427.73
-31626.0	7804.0	240.066	3469.14
-31626.0	7804.0	238.76	3458.82
-31626.0	7804.0	237.455	3419.78
-31626.0	7804.0	236.149	3405.64
-31626.0	7804.0	234.843	3326.44
-31626.0	7804.0	233.536	3350.6
-31626.0	7804.0	232.229	3330.75
-31626.0	7804.0	230.922	3251.62
-31626.0	7804.0	229.615	3249.01
-31626.0	7804.0	228.307	3248.31
-31626.0	7804.0	227.0	3197.91
-31626.0	7804.0	225.691	3170.47
-31626.0	7804.0	224.383	3068.53
-31626.0	7804.0	223.074	3062.14
-31626.0	7804.0	221.765	3090.13
-31626.0	7804.0	220.456	3030.27
-31626.0	7804.0	219.146	3067.8
-31626.0	7804.0	217.836	3065.23
-31626.0	7804.0	216.526	3035.95
-31626.0	7804.0	215.216	3018.13
-31626.0	7804.0	213.905	2967.89
-31626.0	7804.0	212.594	2999.67
-31626.0	7804.0	211.283	3077.19
-31626.0	7804.0	209.971	3097.5
-31626.0	7804.0	208.66	3043.47
-31626.0	7804.0	207.348	3077.11
-31626.0	7804.0	206.035	3139.31
-31626.0	7804.0	204.722	3302.42
-31626.0	7804.0	203.409	3339.8
-31626.0	7804.0	202.096	3405.71
-31626.0	7804.0	200.783	3521.08
-31626.0	7804.0	199.469	3661.13
-31626.0	7804.0	198.155	3681.27
-31626.0	7804.0	196.84	3699.5
-31626.0	7804.0	195.526	3799.49
-31626.0	7804.0	194.211	3836.7
-31626.0	7804.0	192.896	3898.6
-31626.0	7804.0	191.58	4179.02
-31626.0	7804.0	190.264	4096.42
-31626.0	7804.0	188.948	4078.44
-31626.0	7804.0	187.632	3982.6
-31626.0	7804.0	186.315	4108.97
-31626.0	7804.0	184.998	4159.34
-31626.0	7804.0	183.681	4169.83
-31626.0	7804.0	182.364	4130.98
-31626.0	7804.0	181.046	4257.2
-31626.0	7804.0	179.728	4277.15
-31626.0	7804.0	178.41	4287.6
-31626.0	7804.0	177.091	4220.32
-31626.0	7804.0	175.772	4192.87
-31626.0	7804.0	174.453	4210.92
-31626.0	7804.0	173.133	4300.96
-31626.0	7804.0	171.814	4328.45
-31626.0	7804.0	170.494	4367.29
-31626.0	7804.0	169.173	4390.96
-31626.0	7804.0	167.853	4319.97
-31626.0	7804.0	166.532	4351.21
-31626.0	7804.0	165.211	4306.75
-31626.0	7804.0	163.889	4508.25
-31626.0	7804.0	162.567	4439.19
-31626.0	7804.0	161.245	4426.89
-31626.0	7804.0	159.923	4488.32
-31626.0	7804.0	158.6	4544.06
-31626.0	7804.0	157.278	4590.33
-31626.0	7804.0	155.954	4517.54
-31626.0	7804.0	154.631	4628.01
-31626.0	7804.0	153.307	4547.7
-31626.0	7804.0	151.983	4550.49
-31626.0	7804.0	150.659	4643.9
-31626.0	7804.0	149.334	4644.78
-31626.0	7804.0	148.009	4526.79
-31626.0	7804.0	146.684	4644.67
-31626.0	7804.0	145.359	4639.89
-31626.0	7804.0	144.033	4655.86
-31626.0	7804.0	142.707	4558.71
-31626.0	7804.0	141.381	4616.15
-31626.0	7804.0	140.054	4601.97
-31626.0	7804.0	138.727	4565.18
-31626.0	7804.0	137.4	4624.47
-31626.0	7804.0	136.072	4600.87
-31626.0	7804.0	134.745	4558.45
-31626.0	7804.0	133.417	4517.94
-31626.0	7804.0	132.088	4622.36
-31626.0	7804.0	130.76	4500.93
-31626.0	7804.0	129.431	4552.64
-31626.0	7804.0	128.102	4553.54
-31626.0	7804.0	126.772	4482.98
-31626.0	7804.0	125.442	4474.49
-31626.0	7804.0	124.112	4409.61
-31626.0	7804.0	122.782	4442.49
-31626.0	7804.0	121.451	4319.41
-31626.0	7804.0	120.12	4322.23
-31626.0	7804.0	118.789	4238.66
-31626.0	7804.0	117.458	4207.71
-31626.0	7804.0	116.126	4088.54
-31626.0	7804.0	114.794	4108.3
-31626.0	7804.0	113.462	3964.8
-31626.0	7804.0	112.129	3928.3
-31626.0	7804.0	110.796	3963.09
-31626.0	7804.0	109.463	3714.71
-31626.0	7804.0	108.129	3653.92
-31626.0	7804.0	106.796	3572.53
-31626.0	7804.0	105.461	3463.07
-31626.0	7804.0	104.127	3323.68
-31626.0	7804.0	102.792	3111.3
-31626.0	7804.0	101.457	2835.33
-31626.0	7804.0	100.122	2793.53
-31626.0	7804.0	98.7867	2609.47
-31626.0	7804.0	97.4509	2597.68
-31626.0	7804.0	96.1148	2344.52
-31626.0	7804.0	94.7784	2222.41
-31626.0	7804.0	93.4418	2070.44
-31626.0	7804.0	92.1048	2098.04
-31626.0	7804.0	90.7676	2022.81
-31626.0	7804.0	89.43	1874.71
-31626.0	7804.0	88.0922	1904.2
-31626.0	7804.0	86.7541	1832.8
-31626.0	7804.0	85.4157	1785.7
