-31616.0	7832.0	1311.89	2228.21
-31616.0	7832.0	1310.78	2282.35
-31616.0	7832.0	1309.68	2197.98
-31616.0	7832.0	1308.58	2109.08
-31616.0	7832.0	1307.48	2188.19
-31616.0	7832.0	1306.38	2233.23
-31616.0	7832.0	1305.28	2205.65
-31616.0	7832.0	1304.18	2212.1
-31616.0	7832.0	1303.07	2177.72
-31616.0	7832.0	1301.97	2220.46
-31616.0	7832.0	1300.87	2197.43
-31616.0	7832.0	1299.77	2276.44
-31616.0	7832.0	1298.66	2278.34
-31616.0	7832.0	1297.56	2287.04
-31616.0	7832.0	1296.46	2207.35
-31616.0	7832.0	1295.35	2311.23
-31616.0	7832.0	1294.25	2202.11
-31616.0	7832.0	1293.15	2160.98
-31616.0	7832.0	1292.04	2233.11
-31616.0	7832.0	1290.94	2255.4
-31616.0	7832.0	1289.83	2225.6
-31616.0	7832.0	1288.73	2220.71
-31616.0	7832.0	1287.63	2265.62
-31616.0	7832.0	1286.52	2188.32
-31616.0	7832.0	1285.42	2197.02
-31616.0	7832.0	1284.31	2212.5
-31616.0	7832.0	1283.21	2227.97
-31616.0	7832.0	1282.1	2223.09
-31616.0	7832.0	1280.99	2263.43
-31616.0	7832.0	1279.89	2208.81
-31616.0	7832.0	1278.78	2201.67
-31616.0	7832.0	1277.68	2244.26
-31616.0	7832.0	1276.57	2146.73
-31616.0	7832.0	1275.46	2223.2
-31616.0	7832.0	1274.36	2227.35
-31616.0	7832.0	1273.25	2211.18
-31616.0	7832.0	1272.14	2233.41
-31616.0	7832.0	1271.04	2273.69
-31616.0	7832.0	1269.93	2210.11
-31616.0	7832.0	1268.82	2119.46
-31616.0	7832.0	1267.71	2243.24
-31616.0	7832.0	1266.61	2157.14
-31616.0	7832.0	1265.5	2224.47
-31616.0	7832.0	1264.39	2208.32
-31616.0	7832.0	1263.28	2178.64
-31616.0	7832.0	1262.17	2203.09
-31616.0	7832.0	1261.06	2195.97
-31616.0	7832.0	1259.95	2200.12
-31616.0	7832.0	1258.84	2172.71
-31616.0	7832.0	1257.74	2239.96
-31616.0	7832.0	1256.63	2262.13
-31616.0	7832.0	1255.52	2234.73
-31616.0	7832.0	1254.41	2196.08
-31616.0	7832.0	1253.3	2265.53
-31616.0	7832.0	1252.19	2238.14
-31616.0	7832.0	1251.08	2251.28
-31616.0	7832.0	1249.96	2262.17
-31616.0	7832.0	1248.85	2219.04
-31616.0	7832.0	1247.74	2162.42
-31616.0	7832.0	1246.63	2252.06
-31616.0	7832.0	1245.52	2220.2
-31616.0	7832.0	1244.41	2150.12
-31616.0	7832.0	1243.3	2221.72
-31616.0	7832.0	1242.18	2183.14
-31616.0	7832.0	1241.07	2194.02
-31616.0	7832.0	1239.96	2182.42
-31616.0	7832.0	1238.85	2213.53
-31616.0	7832.0	1237.74	2206.42
-31616.0	7832.0	1236.62	2257.73
-31616.0	7832.0	1235.51	2223.67
-31616.0	7832.0	1234.4	2146.95
-31616.0	7832.0	1233.28	2162.31
-31616.0	7832.0	1232.17	2175.43
-31616.0	7832.0	1231.06	2170.58
-31616.0	7832.0	1229.94	2132.07
-31616.0	7832.0	1228.83	2223.72
-31616.0	7832.0	1227.71	2214.38
-31616.0	7832.0	1226.6	2153.45
-31616.0	7832.0	1225.48	2287.66
-31616.0	7832.0	1224.37	2157.23
-31616.0	7832.0	1223.25	2150.14
-31616.0	7832.0	1222.14	2138.58
-31616.0	7832.0	1221.02	2194.26
-31616.0	7832.0	1219.91	2200.62
-31616.0	7832.0	1218.79	2137.52
-31616.0	7832.0	1217.68	2181.97
-31616.0	7832.0	1216.56	2170.41
-31616.0	7832.0	1215.44	2127.51
-31616.0	7832.0	1214.33	2140.59
-31616.0	7832.0	1213.21	2207.4
-31616.0	7832.0	1212.09	2171.22
-31616.0	7832.0	1210.98	2103.72
-31616.0	7832.0	1209.86	2116.8
-31616.0	7832.0	1208.74	2176.85
-31616.0	7832.0	1207.62	2252.54
-31616.0	7832.0	1206.51	2162.71
-31616.0	7832.0	1205.39	2104.21
-31616.0	7832.0	1204.27	2191.06
-31616.0	7832.0	1203.15	2130.34
-31616.0	7832.0	1202.03	2223.86
-31616.0	7832.0	1200.91	2187.73
-31616.0	7832.0	1199.8	2149.38
-31616.0	7832.0	1198.68	2209.34
-31616.0	7832.0	1197.56	2159.84
-31616.0	7832.0	1196.44	2155.01
-31616.0	7832.0	1195.32	2152.42
-31616.0	7832.0	1194.2	2089.55
-31616.0	7832.0	1193.08	2115.99
-31616.0	7832.0	1191.96	2155.81
-31616.0	7832.0	1190.84	2117.52
-31616.0	7832.0	1189.72	2121.62
-31616.0	7832.0	1188.6	2150.27
-31616.0	7832.0	1187.48	2169.98
-31616.0	7832.0	1186.35	2176.31
-31616.0	7832.0	1185.23	2224.99
-31616.0	7832.0	1184.11	2117.62
-31616.0	7832.0	1182.99	2068.24
-31616.0	7832.0	1181.87	2130.29
-31616.0	7832.0	1180.75	2078.69
-31616.0	7832.0	1179.62	2156.3
-31616.0	7832.0	1178.5	2129.22
-31616.0	7832.0	1177.38	2173.4
-31616.0	7832.0	1176.26	2226.47
-31616.0	7832.0	1175.13	2103.66
-31616.0	7832.0	1174.01	2165.62
-31616.0	7832.0	1172.89	2187.51
-31616.0	7832.0	1171.76	2151.55
-31616.0	7832.0	1170.64	2142.29
-31616.0	7832.0	1169.51	2150.82
-31616.0	7832.0	1168.39	2212.73
-31616.0	7832.0	1167.27	2194.57
-31616.0	7832.0	1166.14	2085.27
-31616.0	7832.0	1165.02	2136.04
-31616.0	7832.0	1163.89	2115.68
-31616.0	7832.0	1162.77	2153.1
-31616.0	7832.0	1161.64	2150.51
-31616.0	7832.0	1160.52	2179.03
-31616.0	7832.0	1159.39	2129.8
-31616.0	7832.0	1158.26	2093.91
-31616.0	7832.0	1157.14	2055.82
-31616.0	7832.0	1156.01	2159.8
-31616.0	7832.0	1154.88	2194.94
-31616.0	7832.0	1153.76	2154.63
-31616.0	7832.0	1152.63	2138.73
-31616.0	7832.0	1151.5	2129.5
-31616.0	7832.0	1150.38	2120.27
-31616.0	7832.0	1149.25	2144.3
-31616.0	7832.0	1148.12	2170.54
-31616.0	7832.0	1146.99	2141.36
-31616.0	7832.0	1145.87	2200.84
-31616.0	7832.0	1144.74	2151.71
-31616.0	7832.0	1143.61	2224.46
-31616.0	7832.0	1142.48	2177.56
-31616.0	7832.0	1141.35	2130.68
-31616.0	7832.0	1140.22	2214.47
-31616.0	7832.0	1139.09	2094.53
-31616.0	7832.0	1137.97	2147.3
-31616.0	7832.0	1136.84	2149.15
-31616.0	7832.0	1135.71	2097.89
-31616.0	7832.0	1134.58	2177.18
-31616.0	7832.0	1133.45	2114.87
-31616.0	7832.0	1132.32	2231.74
-31616.0	7832.0	1131.19	2195.98
-31616.0	7832.0	1130.05	2151.38
-31616.0	7832.0	1128.92	2104.59
-31616.0	7832.0	1127.79	2146.22
-31616.0	7832.0	1126.66	2156.91
-31616.0	7832.0	1125.53	2172.01
-31616.0	7832.0	1124.4	2165.01
-31616.0	7832.0	1123.27	2131.5
-31616.0	7832.0	1122.13	2170.89
-31616.0	7832.0	1121.0	2144.02
-31616.0	7832.0	1119.87	2075.22
-31616.0	7832.0	1118.74	2134.46
-31616.0	7832.0	1117.6	2131.89
-31616.0	7832.0	1116.47	2131.52
-31616.0	7832.0	1115.34	2170.87
-31616.0	7832.0	1114.2	2137.41
-31616.0	7832.0	1113.07	2130.43
-31616.0	7832.0	1111.94	2138.88
-31616.0	7832.0	1110.8	2123.08
-31616.0	7832.0	1109.67	2169.01
-31616.0	7832.0	1108.54	2095.9
-31616.0	7832.0	1107.4	2185.89
-31616.0	7832.0	1106.27	2106.2
-31616.0	7832.0	1105.13	2105.84
-31616.0	7832.0	1104.0	2175.95
-31616.0	7832.0	1102.86	2052.26
-31616.0	7832.0	1101.72	2128.97
-31616.0	7832.0	1100.59	2097.78
-31616.0	7832.0	1099.45	2152.44
-31616.0	7832.0	1098.32	2193.88
-31616.0	7832.0	1097.18	2162.7
-31616.0	7832.0	1096.04	2135.93
-31616.0	7832.0	1094.91	2161.95
-31616.0	7832.0	1093.77	2190.16
-31616.0	7832.0	1092.63	2185.39
-31616.0	7832.0	1091.5	2147.64
-31616.0	7832.0	1090.36	2204.41
-31616.0	7832.0	1089.22	2138.11
-31616.0	7832.0	1088.08	2016.9
-31616.0	7832.0	1086.95	2111.01
-31616.0	7832.0	1085.81	2141.39
-31616.0	7832.0	1084.67	2141.02
-31616.0	7832.0	1083.53	2158.21
-31616.0	7832.0	1082.39	2138.08
-31616.0	7832.0	1081.25	2096.01
-31616.0	7832.0	1080.11	2176.84
-31616.0	7832.0	1078.97	2051.4
-31616.0	7832.0	1077.83	2160.72
-31616.0	7832.0	1076.69	2149.38
-31616.0	7832.0	1075.55	2096.38
-31616.0	7832.0	1074.41	2058.74
-31616.0	7832.0	1073.27	2141.68
-31616.0	7832.0	1072.13	2152.27
-31616.0	7832.0	1070.99	2191.34
-31616.0	7832.0	1069.85	2077.03
-31616.0	7832.0	1068.71	2089.81
-31616.0	7832.0	1067.57	2120.11
-31616.0	7832.0	1066.43	2080.32
-31616.0	7832.0	1065.28	2139.07
-31616.0	7832.0	1064.14	2057.7
-31616.0	7832.0	1063.0	2092.36
-31616.0	7832.0	1061.86	2179.53
-31616.0	7832.0	1060.71	2253.53
-31616.0	7832.0	1059.57	2229.08
-31616.0	7832.0	1058.43	2228.69
-31616.0	7832.0	1057.29	2223.92
-31616.0	7832.0	1056.14	2162.32
-31616.0	7832.0	1055.0	2170.68
-31616.0	7832.0	1053.85	2161.56
-31616.0	7832.0	1052.71	2165.55
-31616.0	7832.0	1051.57	2145.5
-31616.0	7832.0	1050.42	2201.92
-31616.0	7832.0	1049.28	2264.87
-31616.0	7832.0	1048.13	2251.37
-31616.0	7832.0	1046.99	2242.25
-31616.0	7832.0	1045.84	2235.3
-31616.0	7832.0	1044.7	2226.18
-31616.0	7832.0	1043.55	2273.79
-31616.0	7832.0	1042.4	2242.85
-31616.0	7832.0	1041.26	2174.83
-31616.0	7832.0	1040.11	2218.07
-31616.0	7832.0	1038.97	2298.36
-31616.0	7832.0	1037.82	2321.94
-31616.0	7832.0	1036.67	2195.1
-31616.0	7832.0	1035.53	2275.35
-31616.0	7832.0	1034.38	2237.9
-31616.0	7832.0	1033.23	2285.44
-31616.0	7832.0	1032.08	2376.52
-31616.0	7832.0	1030.94	2326.01
-31616.0	7832.0	1029.79	2397.46
-31616.0	7832.0	1028.64	2366.55
-31616.0	7832.0	1027.49	2420.55
-31616.0	7832.0	1026.34	2494.12
-31616.0	7832.0	1025.19	2465.39
-31616.0	7832.0	1024.04	2427.97
-31616.0	7832.0	1022.89	2405.79
-31616.0	7832.0	1021.74	2451.03
-31616.0	7832.0	1020.59	2515.83
-31616.0	7832.0	1019.45	2491.47
-31616.0	7832.0	1018.29	2425.82
-31616.0	7832.0	1017.14	2510.14
-31616.0	7832.0	1015.99	2503.18
-31616.0	7832.0	1014.84	2561.39
-31616.0	7832.0	1013.69	2587.0
-31616.0	7832.0	1012.54	2645.18
-31616.0	7832.0	1011.39	2622.99
-31616.0	7832.0	1010.24	2681.14
-31616.0	7832.0	1009.09	2630.74
-31616.0	7832.0	1007.93	2636.78
-31616.0	7832.0	1006.78	2649.33
-31616.0	7832.0	1005.63	2690.08
-31616.0	7832.0	1004.48	2659.23
-31616.0	7832.0	1003.32	2804.05
-31616.0	7832.0	1002.17	2758.02
-31616.0	7832.0	1001.02	2809.55
-31616.0	7832.0	999.865	2828.56
-31616.0	7832.0	998.711	2765.21
-31616.0	7832.0	997.558	2896.88
-31616.0	7832.0	996.403	2872.53
-31616.0	7832.0	995.249	2971.65
-31616.0	7832.0	994.095	3049.08
-31616.0	7832.0	992.94	3070.18
-31616.0	7832.0	991.785	3095.61
-31616.0	7832.0	990.63	3216.26
-31616.0	7832.0	989.475	3168.08
-31616.0	7832.0	988.319	3254.05
-31616.0	7832.0	987.164	3296.73
-31616.0	7832.0	986.008	3231.25
-31616.0	7832.0	984.852	3323.66
-31616.0	7832.0	983.695	3461.43
-31616.0	7832.0	982.539	3495.39
-31616.0	7832.0	981.382	3509.89
-31616.0	7832.0	980.225	3530.87
-31616.0	7832.0	979.068	3497.83
-31616.0	7832.0	977.911	3583.6
-31616.0	7832.0	976.753	3645.59
-31616.0	7832.0	975.595	3616.86
-31616.0	7832.0	974.437	3685.29
-31616.0	7832.0	973.279	3669.52
-31616.0	7832.0	972.121	3696.91
-31616.0	7832.0	970.962	3748.03
-31616.0	7832.0	969.803	3749.51
-31616.0	7832.0	968.644	3636.67
-31616.0	7832.0	967.485	3696.39
-31616.0	7832.0	966.326	3788.44
-31616.0	7832.0	965.166	3621.76
-31616.0	7832.0	964.006	3787.07
-31616.0	7832.0	962.846	3792.85
-31616.0	7832.0	961.686	3723.21
-31616.0	7832.0	960.525	3711.77
-31616.0	7832.0	959.365	3780.02
-31616.0	7832.0	958.204	3755.64
-31616.0	7832.0	957.043	3793.72
-31616.0	7832.0	955.881	3775.81
-31616.0	7832.0	954.72	3854.76
-31616.0	7832.0	953.558	3759.37
-31616.0	7832.0	952.396	3887.78
-31616.0	7832.0	951.234	3826.84
-31616.0	7832.0	950.071	3830.45
-31616.0	7832.0	948.909	3864.15
-31616.0	7832.0	947.746	3880.65
-31616.0	7832.0	946.583	3832.65
-31616.0	7832.0	945.42	3872.79
-31616.0	7832.0	944.256	3884.97
-31616.0	7832.0	943.092	3888.56
-31616.0	7832.0	941.929	3767.57
-31616.0	7832.0	940.765	3846.34
-31616.0	7832.0	939.6	3852.08
-31616.0	7832.0	938.436	3911.48
-31616.0	7832.0	937.271	3807.74
-31616.0	7832.0	936.106	3830.65
-31616.0	7832.0	934.941	3825.66
-31616.0	7832.0	933.775	3640.47
-31616.0	7832.0	932.61	3639.8
-31616.0	7832.0	931.444	3596.25
-31616.0	7832.0	930.278	3481.95
-31616.0	7832.0	929.112	3468.45
-31616.0	7832.0	927.945	3433.52
-31616.0	7832.0	926.779	3274.32
-31616.0	7832.0	925.612	3378.7
-31616.0	7832.0	924.445	3202.43
-31616.0	7832.0	923.278	3184.71
-31616.0	7832.0	922.11	3164.85
-31616.0	7832.0	920.942	3085.06
-31616.0	7832.0	919.774	3142.28
-31616.0	7832.0	918.606	2998.32
-31616.0	7832.0	917.438	3012.74
-31616.0	7832.0	916.269	3046.42
-31616.0	7832.0	915.1	2859.77
-31616.0	7832.0	913.931	2923.4
-31616.0	7832.0	912.762	2862.99
-31616.0	7832.0	911.593	2909.49
-31616.0	7832.0	910.423	2864.07
-31616.0	7832.0	909.253	2833.63
-31616.0	7832.0	908.083	2871.56
-31616.0	7832.0	906.913	2873.17
-31616.0	7832.0	905.742	2859.82
-31616.0	7832.0	904.572	2808.04
-31616.0	7832.0	903.401	2822.47
-31616.0	7832.0	902.229	2781.39
-31616.0	7832.0	901.058	2808.62
-31616.0	7832.0	899.886	2731.28
-31616.0	7832.0	898.715	2720.11
-31616.0	7832.0	897.543	2721.74
-31616.0	7832.0	896.37	2714.84
-31616.0	7832.0	895.198	2701.54
-31616.0	7832.0	894.025	2649.88
-31616.0	7832.0	892.852	2717.59
-31616.0	7832.0	891.679	2744.79
-31616.0	7832.0	890.506	2716.58
-31616.0	7832.0	889.332	2820.46
-31616.0	7832.0	888.158	2760.3
-31616.0	7832.0	886.984	2706.55
-31616.0	7832.0	885.81	2671.98
-31616.0	7832.0	884.636	2688.51
-31616.0	7832.0	883.461	2643.32
-31616.0	7832.0	882.286	2708.79
-31616.0	7832.0	881.111	2652.97
-31616.0	7832.0	879.936	2724.8
-31616.0	7832.0	878.76	2656.24
-31616.0	7832.0	877.584	2687.64
-31616.0	7832.0	876.408	2623.36
-31616.0	7832.0	875.232	2584.61
-31616.0	7832.0	874.056	2622.38
-31616.0	7832.0	872.879	2583.64
-31616.0	7832.0	871.702	2621.4
-31616.0	7832.0	870.525	2584.8
-31616.0	7832.0	869.348	2641.65
-31616.0	7832.0	868.17	2581.71
-31616.0	7832.0	866.993	2543.02
-31616.0	7832.0	865.815	2612.58
-31616.0	7832.0	864.637	2525.09
-31616.0	7832.0	863.458	2579.78
-31616.0	7832.0	862.28	2562.33
-31616.0	7832.0	861.101	2540.64
-31616.0	7832.0	859.922	2612.25
-31616.0	7832.0	858.742	2683.84
-31616.0	7832.0	857.563	2602.79
-31616.0	7832.0	856.383	2631.97
-31616.0	7832.0	855.203	2544.61
-31616.0	7832.0	854.023	2580.14
-31616.0	7832.0	852.843	2533.06
-31616.0	7832.0	851.662	2541.06
-31616.0	7832.0	850.481	2532.11
-31616.0	7832.0	849.3	2489.3
-31616.0	7832.0	848.119	2533.27
-31616.0	7832.0	846.937	2570.88
-31616.0	7832.0	845.756	2496.36
-31616.0	7832.0	844.574	2470.5
-31616.0	7832.0	843.392	2563.09
-31616.0	7832.0	842.209	2499.17
-31616.0	7832.0	841.027	2469.11
-31616.0	7832.0	839.844	2496.12
-31616.0	7832.0	838.661	2415.34
-31616.0	7832.0	837.477	2457.14
-31616.0	7832.0	836.294	2526.39
-31616.0	7832.0	835.11	2517.46
-31616.0	7832.0	833.926	2620.45
-31616.0	7832.0	832.742	2575.62
-31616.0	7832.0	831.558	2608.91
-31616.0	7832.0	830.373	2557.76
-31616.0	7832.0	829.188	2527.74
-31616.0	7832.0	828.003	2497.73
-31616.0	7832.0	826.818	2522.56
-31616.0	7832.0	825.632	2509.43
-31616.0	7832.0	824.446	2536.36
-31616.0	7832.0	823.26	2500.05
-31616.0	7832.0	822.074	2480.6
-31616.0	7832.0	820.888	2553.88
-31616.0	7832.0	819.701	2563.93
-31616.0	7832.0	818.514	2462.34
-31616.0	7832.0	817.327	2546.11
-31616.0	7832.0	816.14	2514.04
-31616.0	7832.0	814.952	2513.56
-31616.0	7832.0	813.765	2485.72
-31616.0	7832.0	812.577	2491.56
-31616.0	7832.0	811.388	2404.83
-31616.0	7832.0	810.2	2412.78
-31616.0	7832.0	809.011	2525.89
-31616.0	7832.0	807.822	2491.77
-31616.0	7832.0	806.633	2493.39
-31616.0	7832.0	805.444	2419.35
-31616.0	7832.0	804.254	2450.41
-31616.0	7832.0	803.064	2479.36
-31616.0	7832.0	801.874	2451.58
-31616.0	7832.0	800.684	2446.91
-31616.0	7832.0	799.493	2402.34
-31616.0	7832.0	798.303	2483.76
-31616.0	7832.0	797.112	2476.99
-31616.0	7832.0	795.921	2499.6
-31616.0	7832.0	794.729	2541.09
-31616.0	7832.0	793.538	2502.84
-31616.0	7832.0	792.346	2472.99
-31616.0	7832.0	791.154	2501.88
-31616.0	7832.0	789.961	2467.85
-31616.0	7832.0	788.769	2471.57
-31616.0	7832.0	787.576	2435.47
-31616.0	7832.0	786.383	2527.2
-31616.0	7832.0	785.19	2491.1
-31616.0	7832.0	783.996	2392.17
-31616.0	7832.0	782.802	2393.8
-31616.0	7832.0	781.608	2395.44
-31616.0	7832.0	780.414	2380.32
-31616.0	7832.0	779.22	2402.89
-31616.0	7832.0	778.025	2396.15
-31616.0	7832.0	776.83	2360.12
-31616.0	7832.0	775.635	2397.32
-31616.0	7832.0	774.44	2430.32
-31616.0	7832.0	773.244	2484.22
-31616.0	7832.0	772.049	2464.92
-31616.0	7832.0	770.853	2437.27
-31616.0	7832.0	769.656	2399.19
-31616.0	7832.0	768.46	2411.26
-31616.0	7832.0	767.263	2398.26
-31616.0	7832.0	766.066	2418.68
-31616.0	7832.0	764.869	2368.1
-31616.0	7832.0	763.672	2353.02
-31616.0	7832.0	762.474	2363.01
-31616.0	7832.0	761.276	2327.07
-31616.0	7832.0	760.078	2345.4
-31616.0	7832.0	758.88	2386.67
-31616.0	7832.0	757.681	2409.15
-31616.0	7832.0	756.483	2394.09
-31616.0	7832.0	755.284	2424.9
-31616.0	7832.0	754.084	2407.75
-31616.0	7832.0	752.885	2290.57
-31616.0	7832.0	751.685	2294.29
-31616.0	7832.0	750.485	2264.68
-31616.0	7832.0	749.285	2324.65
-31616.0	7832.0	748.085	2345.02
-31616.0	7832.0	746.884	2348.73
-31616.0	7832.0	745.683	2302.47
-31616.0	7832.0	744.482	2335.33
-31616.0	7832.0	743.281	2343.2
-31616.0	7832.0	742.079	2363.55
-31616.0	7832.0	740.877	2309.0
-31616.0	7832.0	739.675	2327.27
-31616.0	7832.0	738.473	2251.96
-31616.0	7832.0	737.27	2282.71
-31616.0	7832.0	736.068	2226.14
-31616.0	7832.0	734.865	2192.46
-31616.0	7832.0	733.661	2308.38
-31616.0	7832.0	732.458	2285.08
-31616.0	7832.0	731.254	2330.33
-31616.0	7832.0	730.05	2290.42
-31616.0	7832.0	728.846	2314.89
-31616.0	7832.0	727.642	2277.07
-31616.0	7832.0	726.437	2380.39
-31616.0	7832.0	725.232	2280.33
-31616.0	7832.0	724.027	2257.06
-31616.0	7832.0	722.822	2296.03
-31616.0	7832.0	721.616	2308.02
-31616.0	7832.0	720.41	2351.11
-31616.0	7832.0	719.204	2305.05
-31616.0	7832.0	717.998	2292.16
-31616.0	7832.0	716.791	2326.94
-31616.0	7832.0	715.585	2237.4
-31616.0	7832.0	714.378	2549.72
-31616.0	7832.0	713.17	2433.25
-31616.0	7832.0	711.963	2360.31
-31616.0	7832.0	710.755	2258.41
-31616.0	7832.0	709.547	2334.55
-31616.0	7832.0	708.339	2298.91
-31616.0	7832.0	707.131	2337.77
-31616.0	7832.0	705.922	2256.64
-31616.0	7832.0	704.713	2349.26
-31616.0	7832.0	703.504	2394.28
-31616.0	7832.0	702.295	2251.17
-31616.0	7832.0	701.085	2246.6
-31616.0	7832.0	699.875	2287.48
-31616.0	7832.0	698.665	2349.01
-31616.0	7832.0	697.455	2391.93
-31616.0	7832.0	696.244	2405.91
-31616.0	7832.0	695.034	2357.95
-31616.0	7832.0	693.822	2400.83
-31616.0	7832.0	692.611	2414.81
-31616.0	7832.0	691.4	2465.92
-31616.0	7832.0	690.188	2471.62
-31616.0	7832.0	688.976	2434.0
-31616.0	7832.0	687.764	2375.78
-31616.0	7832.0	686.551	2426.86
-31616.0	7832.0	685.339	2539.76
-31616.0	7832.0	684.126	2430.02
-31616.0	7832.0	682.912	2481.05
-31616.0	7832.0	681.699	2445.54
-31616.0	7832.0	680.485	2438.88
-31616.0	7832.0	679.271	2463.11
-31616.0	7832.0	678.057	2534.68
-31616.0	7832.0	676.843	2420.96
-31616.0	7832.0	675.628	2480.17
-31616.0	7832.0	674.413	2518.77
-31616.0	7832.0	673.198	2528.56
-31616.0	7832.0	671.983	2583.6
-31616.0	7832.0	670.767	2615.99
-31616.0	7832.0	669.551	2504.44
-31616.0	7832.0	668.335	2588.23
-31616.0	7832.0	667.119	2595.93
-31616.0	7832.0	665.902	2622.13
-31616.0	7832.0	664.686	2627.78
-31616.0	7832.0	663.469	2656.01
-31616.0	7832.0	662.251	2581.55
-31616.0	7832.0	661.034	2634.42
-31616.0	7832.0	659.816	2601.05
-31616.0	7832.0	658.598	2668.27
-31616.0	7832.0	657.38	2567.18
-31616.0	7832.0	656.161	2570.77
-31616.0	7832.0	654.942	2568.21
-31616.0	7832.0	653.723	2653.83
-31616.0	7832.0	652.504	2647.15
-31616.0	7832.0	651.285	2613.82
-31616.0	7832.0	650.065	2582.56
-31616.0	7832.0	648.845	2602.53
-31616.0	7832.0	647.625	2597.92
-31616.0	7832.0	646.404	2576.91
-31616.0	7832.0	645.184	2652.18
-31616.0	7832.0	643.963	2684.41
-31616.0	7832.0	642.742	2628.6
-31616.0	7832.0	641.52	2589.18
-31616.0	7832.0	640.298	2676.66
-31616.0	7832.0	639.076	2665.89
-31616.0	7832.0	637.854	2689.91
-31616.0	7832.0	636.632	2738.45
-31616.0	7832.0	635.409	2694.96
-31616.0	7832.0	634.186	2651.49
-31616.0	7832.0	632.963	2657.09
-31616.0	7832.0	631.74	2670.86
-31616.0	7832.0	630.516	2682.59
-31616.0	7832.0	629.292	2745.37
-31616.0	7832.0	628.068	2636.58
-31616.0	7832.0	626.844	2689.14
-31616.0	7832.0	625.619	2670.23
-31616.0	7832.0	624.394	2667.65
-31616.0	7832.0	623.169	2734.45
-31616.0	7832.0	621.944	2772.67
-31616.0	7832.0	620.718	2690.52
-31616.0	7832.0	619.492	2669.58
-31616.0	7832.0	618.266	2771.0
-31616.0	7832.0	617.04	2707.24
-31616.0	7832.0	615.813	2741.35
-31616.0	7832.0	614.587	2755.06
-31616.0	7832.0	613.36	2668.94
-31616.0	7832.0	612.132	2770.24
-31616.0	7832.0	610.905	2714.7
-31616.0	7832.0	609.677	2679.54
-31616.0	7832.0	608.449	2703.43
-31616.0	7832.0	607.22	2827.03
-31616.0	7832.0	605.992	2704.37
-31616.0	7832.0	604.763	2675.34
-31616.0	7832.0	603.534	2725.65
-31616.0	7832.0	602.305	2625.45
-31616.0	7832.0	601.075	2618.82
-31616.0	7832.0	599.845	2691.48
-31616.0	7832.0	598.615	2709.22
-31616.0	7832.0	597.385	2722.9
-31616.0	7832.0	596.154	2669.53
-31616.0	7832.0	594.924	2662.9
-31616.0	7832.0	593.693	2670.48
-31616.0	7832.0	592.461	2726.79
-31616.0	7832.0	591.23	2598.35
-31616.0	7832.0	589.998	2607.97
-31616.0	7832.0	588.766	2623.68
-31616.0	7832.0	587.534	2686.03
-31616.0	7832.0	586.301	2624.64
-31616.0	7832.0	585.068	2725.5
-31616.0	7832.0	583.835	2587.08
-31616.0	7832.0	582.602	2621.02
-31616.0	7832.0	581.368	2648.86
-31616.0	7832.0	580.134	2571.32
-31616.0	7832.0	578.9	2678.17
-31616.0	7832.0	577.666	2641.17
-31616.0	7832.0	576.432	2654.81
-31616.0	7832.0	575.197	2583.41
-31616.0	7832.0	573.962	2625.39
-31616.0	7832.0	572.726	2643.07
-31616.0	7832.0	571.491	2646.58
-31616.0	7832.0	570.255	2641.99
-31616.0	7832.0	569.019	2621.23
-31616.0	7832.0	567.783	2634.85
-31616.0	7832.0	566.546	2729.34
-31616.0	7832.0	565.309	2722.72
-31616.0	7832.0	564.072	2724.18
-31616.0	7832.0	562.835	2774.14
-31616.0	7832.0	561.597	2775.59
-31616.0	7832.0	560.359	2859.85
-31616.0	7832.0	559.121	2828.98
-31616.0	7832.0	557.883	2757.74
-31616.0	7832.0	556.644	2821.77
-31616.0	7832.0	555.406	2871.65
-31616.0	7832.0	554.167	3006.24
-31616.0	7832.0	552.927	3082.28
-31616.0	7832.0	551.688	3013.08
-31616.0	7832.0	550.448	3030.61
-31616.0	7832.0	549.208	3116.68
-31616.0	7832.0	547.967	3216.82
-31616.0	7832.0	546.727	3244.37
-31616.0	7832.0	545.486	3340.41
-31616.0	7832.0	544.245	3432.39
-31616.0	7832.0	543.003	3500.16
-31616.0	7832.0	541.762	3600.12
-31616.0	7832.0	540.52	3712.11
-31616.0	7832.0	539.278	3745.57
-31616.0	7832.0	538.035	3893.7
-31616.0	7832.0	536.793	4182.61
-31616.0	7832.0	535.55	4388.93
-31616.0	7832.0	534.307	4669.57
-31616.0	7832.0	533.063	4994.33
-31616.0	7832.0	531.82	5292.82
-31616.0	7832.0	530.576	5755.99
-31616.0	7832.0	529.331	6592.72
-31616.0	7832.0	528.087	7658.11
-31616.0	7832.0	526.842	8933.97
-31616.0	7832.0	525.597	11317.8
-31616.0	7832.0	524.352	15375.1
-31616.0	7832.0	523.107	21877.5
-31616.0	7832.0	521.861	32230.6
-31616.0	7832.0	520.615	38793.1
-31616.0	7832.0	519.369	37784.1
-31616.0	7832.0	518.122	33668.8
-31616.0	7832.0	516.876	29166.1
-31616.0	7832.0	515.629	24968.0
-31616.0	7832.0	514.381	21038.3
-31616.0	7832.0	513.134	18290.5
-31616.0	7832.0	511.886	16192.9
-31616.0	7832.0	510.638	14506.9
-31616.0	7832.0	509.39	13406.4
-31616.0	7832.0	508.141	12400.5
-31616.0	7832.0	506.892	11843.4
-31616.0	7832.0	505.643	11312.6
-31616.0	7832.0	504.394	10970.0
-31616.0	7832.0	503.145	10713.7
-31616.0	7832.0	501.895	10517.5
-31616.0	7832.0	500.645	10353.3
-31616.0	7832.0	499.394	10383.1
-31616.0	7832.0	498.144	10259.1
-31616.0	7832.0	496.893	10414.8
-31616.0	7832.0	495.642	10308.8
-31616.0	7832.0	494.39	10092.9
-31616.0	7832.0	493.139	9917.01
-31616.0	7832.0	491.887	9811.12
-31616.0	7832.0	490.635	9733.22
-31616.0	7832.0	489.382	9665.33
-31616.0	7832.0	488.13	9503.67
-31616.0	7832.0	486.877	9374.0
-31616.0	7832.0	485.623	9509.71
-31616.0	7832.0	484.37	9318.26
-31616.0	7832.0	483.116	9172.76
-31616.0	7832.0	481.862	9196.77
-31616.0	7832.0	480.608	9097.2
-31616.0	7832.0	479.354	9151.11
-31616.0	7832.0	478.099	9057.56
-31616.0	7832.0	476.844	9075.6
-31616.0	7832.0	475.588	8994.05
-31616.0	7832.0	474.333	8896.61
-31616.0	7832.0	473.077	8874.85
-31616.0	7832.0	471.821	8596.35
-31616.0	7832.0	470.565	8522.93
-31616.0	7832.0	469.308	8465.45
-31616.0	7832.0	468.051	8360.25
-31616.0	7832.0	466.794	8282.94
-31616.0	7832.0	465.537	8157.95
-31616.0	7832.0	464.279	8054.87
-31616.0	7832.0	463.021	7993.57
-31616.0	7832.0	461.763	7870.7
-31616.0	7832.0	460.505	7815.42
-31616.0	7832.0	459.246	7756.19
-31616.0	7832.0	457.987	7448.76
-31616.0	7832.0	456.728	7476.99
-31616.0	7832.0	455.469	7183.64
-31616.0	7832.0	454.209	7217.87
-31616.0	7832.0	452.949	7210.41
-31616.0	7832.0	451.689	6933.17
-31616.0	7832.0	450.428	6923.79
-31616.0	7832.0	449.167	6678.44
-31616.0	7832.0	447.906	6651.28
-31616.0	7832.0	446.645	6630.07
-31616.0	7832.0	445.383	6495.91
-31616.0	7832.0	444.122	6355.87
-31616.0	7832.0	442.86	6305.02
-31616.0	7832.0	441.597	6147.25
-31616.0	7832.0	440.335	6054.89
-31616.0	7832.0	439.072	6016.01
-31616.0	7832.0	437.809	5971.21
-31616.0	7832.0	436.545	6003.6
-31616.0	7832.0	435.281	5798.57
-31616.0	7832.0	434.018	5751.87
-31616.0	7832.0	432.753	5732.87
-31616.0	7832.0	431.489	5480.57
-31616.0	7832.0	430.224	5592.1
-31616.0	7832.0	428.959	5596.86
-31616.0	7832.0	427.694	5332.89
-31616.0	7832.0	426.428	5418.7
-31616.0	7832.0	425.163	5318.81
-31616.0	7832.0	423.896	5116.28
-31616.0	7832.0	422.63	5057.96
-31616.0	7832.0	421.364	5122.03
-31616.0	7832.0	420.097	5059.78
-31616.0	7832.0	418.83	5033.07
-31616.0	7832.0	417.562	4866.32
-31616.0	7832.0	416.295	4995.46
-31616.0	7832.0	415.027	4947.09
-31616.0	7832.0	413.758	4989.42
-31616.0	7832.0	412.49	4848.44
-31616.0	7832.0	411.221	4886.83
-31616.0	7832.0	409.952	4840.5
-31616.0	7832.0	408.683	4813.87
-31616.0	7832.0	407.414	4816.8
-31616.0	7832.0	406.144	4827.6
-31616.0	7832.0	404.874	4791.16
-31616.0	7832.0	403.603	4847.22
-31616.0	7832.0	402.333	4734.05
-31616.0	7832.0	401.062	4788.13
-31616.0	7832.0	399.791	4812.69
-31616.0	7832.0	398.519	4872.64
-31616.0	7832.0	397.248	4875.55
-31616.0	7832.0	395.976	4854.86
-31616.0	7832.0	394.704	4816.51
-31616.0	7832.0	393.431	4732.97
-31616.0	7832.0	392.159	4712.33
-31616.0	7832.0	390.886	4736.87
-31616.0	7832.0	389.612	4737.84
-31616.0	7832.0	388.339	4734.88
-31616.0	7832.0	387.065	4724.06
-31616.0	7832.0	385.791	4854.54
-31616.0	7832.0	384.517	4769.16
-31616.0	7832.0	383.242	4672.04
-31616.0	7832.0	381.967	4702.43
-31616.0	7832.0	380.692	4648.51
-31616.0	7832.0	379.417	4620.08
-31616.0	7832.0	378.141	4679.86
-31616.0	7832.0	376.865	4676.91
-31616.0	7832.0	375.589	4644.58
-31616.0	7832.0	374.312	4733.69
-31616.0	7832.0	373.035	4734.65
-31616.0	7832.0	371.758	4672.96
-31616.0	7832.0	370.481	4626.96
-31616.0	7832.0	369.204	4555.53
-31616.0	7832.0	367.926	4668.04
-31616.0	7832.0	366.648	4584.9
-31616.0	7832.0	365.369	4576.11
-31616.0	7832.0	364.091	4674.86
-31616.0	7832.0	362.812	4601.54
-31616.0	7832.0	361.532	4526.31
-31616.0	7832.0	360.253	4525.35
-31616.0	7832.0	358.973	4475.55
-31616.0	7832.0	357.693	4603.51
-31616.0	7832.0	356.413	4428.74
-31616.0	7832.0	355.132	4626.94
-31616.0	7832.0	353.852	4543.98
-31616.0	7832.0	352.571	4558.63
-31616.0	7832.0	351.289	4602.54
-31616.0	7832.0	350.008	4677.64
-31616.0	7832.0	348.726	4600.59
-31616.0	7832.0	347.444	4663.96
-31616.0	7832.0	346.161	4606.44
-31616.0	7832.0	344.878	4550.89
-31616.0	7832.0	343.595	4573.31
-31616.0	7832.0	342.312	4558.7
-31616.0	7832.0	341.029	4590.84
-31616.0	7832.0	339.745	4556.76
-31616.0	7832.0	338.461	4703.76
-31616.0	7832.0	337.176	4669.67
-31616.0	7832.0	335.892	4746.53
-31616.0	7832.0	334.607	4595.7
-31616.0	7832.0	333.322	4680.32
-31616.0	7832.0	332.036	4675.43
-31616.0	7832.0	330.75	4693.89
-31616.0	7832.0	329.464	4774.54
-31616.0	7832.0	328.178	4843.49
-31616.0	7832.0	326.892	4819.15
-31616.0	7832.0	325.605	4788.98
-31616.0	7832.0	324.318	4852.06
-31616.0	7832.0	323.03	4851.03
-31616.0	7832.0	321.743	4890.77
-31616.0	7832.0	320.455	4961.55
-31616.0	7832.0	319.167	4960.49
-31616.0	7832.0	317.878	4971.08
-31616.0	7832.0	316.59	4958.38
-31616.0	7832.0	315.301	4968.97
-31616.0	7832.0	314.011	5051.29
-31616.0	7832.0	312.722	4978.48
-31616.0	7832.0	311.432	5116.98
-31616.0	7832.0	310.142	5141.08
-31616.0	7832.0	308.851	5114.8
-31616.0	7832.0	307.561	5264.79
-31616.0	7832.0	306.27	5209.45
-31616.0	7832.0	304.979	5266.42
-31616.0	7832.0	303.687	5226.58
-31616.0	7832.0	302.395	5271.92
-31616.0	7832.0	301.103	5336.58
-31616.0	7832.0	299.811	5232.92
-31616.0	7832.0	298.519	5227.93
-31616.0	7832.0	297.226	5230.68
-31616.0	7832.0	295.933	5098.1
-31616.0	7832.0	294.639	5236.18
-31616.0	7832.0	293.345	5151.97
-31616.0	7832.0	292.052	5017.56
-31616.0	7832.0	290.757	5004.9
-31616.0	7832.0	289.463	4897.61
-31616.0	7832.0	288.168	4884.98
-31616.0	7832.0	286.873	4843.4
-31616.0	7832.0	285.578	4730.43
-31616.0	7832.0	284.282	4922.37
-31616.0	7832.0	282.986	4803.64
-31616.0	7832.0	281.69	4733.18
-31616.0	7832.0	280.393	4741.81
-31616.0	7832.0	279.097	4723.45
-31616.0	7832.0	277.8	4624.13
-31616.0	7832.0	276.502	4625.07
-31616.0	7832.0	275.205	4554.72
-31616.0	7832.0	273.907	4551.82
-31616.0	7832.0	272.609	4504.63
-31616.0	7832.0	271.311	4528.69
-31616.0	7832.0	270.012	4389.12
-31616.0	7832.0	268.713	4418.98
-31616.0	7832.0	267.414	4294.88
-31616.0	7832.0	266.114	4253.56
-31616.0	7832.0	264.814	4275.73
-31616.0	7832.0	263.514	4224.82
-31616.0	7832.0	262.214	4198.92
-31616.0	7832.0	260.913	4257.61
-31616.0	7832.0	259.613	4095.27
-31616.0	7832.0	258.311	4073.26
-31616.0	7832.0	257.01	4024.36
-31616.0	7832.0	255.708	3977.41
-31616.0	7832.0	254.406	3909.35
-31616.0	7832.0	253.104	3950.75
-31616.0	7832.0	251.801	3949.9
-31616.0	7832.0	250.499	3893.41
-31616.0	7832.0	249.195	3904.08
-31616.0	7832.0	247.892	3937.77
-31616.0	7832.0	246.588	3804.61
-31616.0	7832.0	245.284	3890.07
-31616.0	7832.0	243.98	3795.31
-31616.0	7832.0	242.676	3635.44
-31616.0	7832.0	241.371	3776.44
-31616.0	7832.0	240.066	3679.85
-31616.0	7832.0	238.76	3721.2
-31616.0	7832.0	237.455	3668.7
-31616.0	7832.0	236.149	3725.34
-31616.0	7832.0	234.843	3653.73
-31616.0	7832.0	233.536	3654.86
-31616.0	7832.0	232.229	3589.03
-31616.0	7832.0	230.922	3586.34
-31616.0	7832.0	229.615	3585.57
-31616.0	7832.0	228.307	3579.07
-31616.0	7832.0	227.0	3564.92
-31616.0	7832.0	225.691	3480.07
-31616.0	7832.0	224.383	3343.66
-31616.0	7832.0	223.074	3266.53
-31616.0	7832.0	221.765	3359.41
-31616.0	7832.0	220.456	3322.41
-31616.0	7832.0	219.146	3275.88
-31616.0	7832.0	217.836	3305.72
-31616.0	7832.0	216.526	3257.3
-31616.0	7832.0	215.216	3176.47
-31616.0	7832.0	213.905	3301.68
-31616.0	7832.0	212.594	3283.81
-31616.0	7832.0	211.283	3279.29
-31616.0	7832.0	209.971	3251.89
-31616.0	7832.0	208.66	3291.22
-31616.0	7832.0	207.348	3364.82
-31616.0	7832.0	206.035	3366.0
-31616.0	7832.0	204.722	3504.3
-31616.0	7832.0	203.409	3575.91
-31616.0	7832.0	202.096	3681.74
-31616.0	7832.0	200.783	3852.25
-31616.0	7832.0	199.469	3986.52
-31616.0	7832.0	198.155	4076.98
-31616.0	7832.0	196.84	4123.66
-31616.0	7832.0	195.526	4158.9
-31616.0	7832.0	194.211	4287.29
-31616.0	7832.0	192.896	4330.09
-31616.0	7832.0	191.58	4530.6
-31616.0	7832.0	190.264	4501.12
-31616.0	7832.0	188.948	4414.67
-31616.0	7832.0	187.632	4447.91
-31616.0	7832.0	186.315	4555.18
-31616.0	7832.0	184.998	4539.01
-31616.0	7832.0	183.681	4619.65
-31616.0	7832.0	182.364	4660.4
-31616.0	7832.0	181.046	4718.21
-31616.0	7832.0	179.728	4641.32
-31616.0	7832.0	178.41	4744.62
-31616.0	7832.0	177.091	4751.18
-31616.0	7832.0	175.772	4765.32
-31616.0	7832.0	174.453	4777.56
-31616.0	7832.0	173.133	4859.9
-31616.0	7832.0	171.814	4887.26
-31616.0	7832.0	170.494	4874.85
-31616.0	7832.0	169.173	4837.82
-31616.0	7832.0	167.853	4797.02
-31616.0	7832.0	166.532	4875.48
-31616.0	7832.0	165.211	4908.49
-31616.0	7832.0	163.889	4956.62
-31616.0	7832.0	162.567	5000.94
-31616.0	7832.0	161.245	5005.54
-31616.0	7832.0	159.923	4976.1
-31616.0	7832.0	158.6	4922.1
-31616.0	7832.0	157.278	5093.01
-31616.0	7832.0	155.954	5042.79
-31616.0	7832.0	154.631	5134.26
-31616.0	7832.0	153.307	5176.59
-31616.0	7832.0	151.983	5232.12
-31616.0	7832.0	150.659	5112.06
-31616.0	7832.0	149.334	5118.51
-31616.0	7832.0	148.009	5123.07
-31616.0	7832.0	146.684	5189.88
-31616.0	7832.0	145.359	5234.02
-31616.0	7832.0	144.033	5210.27
-31616.0	7832.0	142.707	5205.37
-31616.0	7832.0	141.381	5251.37
-31616.0	7832.0	140.054	5191.82
-31616.0	7832.0	138.727	5198.23
-31616.0	7832.0	137.4	5182.04
-31616.0	7832.0	136.072	5118.77
-31616.0	7832.0	134.745	5134.62
-31616.0	7832.0	133.417	5075.15
-31616.0	7832.0	132.088	5064.64
-31616.0	7832.0	130.76	5063.55
-31616.0	7832.0	129.431	5169.69
-31616.0	7832.0	128.102	5057.6
-31616.0	7832.0	126.772	5033.95
-31616.0	7832.0	125.442	5068.58
-31616.0	7832.0	124.112	4934.03
-31616.0	7832.0	122.782	4951.76
-31616.0	7832.0	121.451	4937.54
-31616.0	7832.0	120.12	4814.37
-31616.0	7832.0	118.789	4805.82
-31616.0	7832.0	117.458	4735.31
-31616.0	7832.0	116.126	4647.94
-31616.0	7832.0	114.794	4556.85
-31616.0	7832.0	113.462	4495.82
-31616.0	7832.0	112.129	4303.5
-31616.0	7832.0	110.796	4238.8
-31616.0	7832.0	109.463	4114.12
-31616.0	7832.0	108.129	3998.88
-31616.0	7832.0	106.796	3840.57
-31616.0	7832.0	105.461	3693.57
-31616.0	7832.0	104.127	3539.14
-31616.0	7832.0	102.792	3345.44
-31616.0	7832.0	101.457	3194.9
-31616.0	7832.0	100.122	2875.91
-31616.0	7832.0	98.7867	2768.59
-31616.0	7832.0	97.4509	2680.03
-31616.0	7832.0	96.1148	2419.36
-31616.0	7832.0	94.7784	2340.27
-31616.0	7832.0	93.4418	2186.4
-31616.0	7832.0	92.1048	2114.87
-31616.0	7832.0	90.7676	1994.76
-31616.0	7832.0	89.43	1975.64
-31616.0	7832.0	88.0922	1935.97
-31616.0	7832.0	86.7541	1881.37
-31616.0	7832.0	85.4157	1873.5
