-31614.0	7814.0	1311.89	2173.69
-31614.0	7814.0	1310.78	2239.21
-31614.0	7814.0	1309.68	2227.49
-31614.0	7814.0	1308.58	2238.49
-31614.0	7814.0	1307.48	2238.13
-31614.0	7814.0	1306.38	2246.85
-31614.0	7814.0	1305.28	2260.11
-31614.0	7814.0	1304.18	2171.26
-31614.0	7814.0	1303.07	2277.53
-31614.0	7814.0	1301.97	2227.27
-31614.0	7814.0	1300.87	2211.04
-31614.0	7814.0	1299.77	2206.15
-31614.0	7814.0	1298.66	2219.4
-31614.0	7814.0	1297.56	2223.57
-31614.0	7814.0	1296.46	2223.22
-31614.0	7814.0	1295.35	2234.19
-31614.0	7814.0	1294.25	2279.14
-31614.0	7814.0	1293.15	2226.67
-31614.0	7814.0	1292.04	2244.44
-31614.0	7814.0	1290.94	2275.78
-31614.0	7814.0	1289.83	2216.54
-31614.0	7814.0	1288.73	2202.61
-31614.0	7814.0	1287.63	2233.94
-31614.0	7814.0	1286.52	2149.85
-31614.0	7814.0	1285.42	2260.37
-31614.0	7814.0	1284.31	2232.86
-31614.0	7814.0	1283.21	2191.78
-31614.0	7814.0	1282.1	2189.17
-31614.0	7814.0	1280.99	2200.12
-31614.0	7814.0	1279.89	2156.81
-31614.0	7814.0	1278.78	2194.89
-31614.0	7814.0	1277.68	2212.61
-31614.0	7814.0	1276.57	2205.48
-31614.0	7814.0	1275.46	2162.19
-31614.0	7814.0	1274.36	2222.84
-31614.0	7814.0	1273.25	2197.63
-31614.0	7814.0	1272.14	2287.61
-31614.0	7814.0	1271.04	2208.21
-31614.0	7814.0	1269.93	2304.92
-31614.0	7814.0	1268.82	2248.12
-31614.0	7814.0	1267.71	2240.99
-31614.0	7814.0	1266.61	2188.73
-31614.0	7814.0	1265.5	2183.86
-31614.0	7814.0	1264.39	2133.88
-31614.0	7814.0	1263.28	2167.36
-31614.0	7814.0	1262.17	2180.54
-31614.0	7814.0	1261.06	2189.2
-31614.0	7814.0	1259.95	2170.81
-31614.0	7814.0	1258.84	2172.71
-31614.0	7814.0	1257.74	2224.19
-31614.0	7814.0	1256.63	2201.3
-31614.0	7814.0	1255.52	2194.18
-31614.0	7814.0	1254.41	2178.06
-31614.0	7814.0	1253.3	2211.48
-31614.0	7814.0	1252.19	2262.91
-31614.0	7814.0	1251.08	2269.29
-31614.0	7814.0	1249.96	2185.64
-31614.0	7814.0	1248.85	2216.79
-31614.0	7814.0	1247.74	2103.92
-31614.0	7814.0	1246.63	2180.07
-31614.0	7814.0	1245.52	2107.73
-31614.0	7814.0	1244.41	2161.36
-31614.0	7814.0	1243.3	2230.72
-31614.0	7814.0	1242.18	2185.39
-31614.0	7814.0	1241.07	2182.78
-31614.0	7814.0	1239.96	2225.13
-31614.0	7814.0	1238.85	2202.29
-31614.0	7814.0	1237.74	2121.04
-31614.0	7814.0	1236.62	2201.57
-31614.0	7814.0	1235.51	2205.7
-31614.0	7814.0	1234.4	2054.87
-31614.0	7814.0	1233.28	2050.04
-31614.0	7814.0	1232.17	2146.24
-31614.0	7814.0	1231.06	2157.11
-31614.0	7814.0	1229.94	2116.36
-31614.0	7814.0	1228.83	2129.48
-31614.0	7814.0	1227.71	2147.07
-31614.0	7814.0	1226.6	2162.42
-31614.0	7814.0	1225.48	2103.75
-31614.0	7814.0	1224.37	2119.11
-31614.0	7814.0	1223.25	2145.66
-31614.0	7814.0	1222.14	2214.8
-31614.0	7814.0	1221.02	2196.5
-31614.0	7814.0	1219.91	2133.39
-31614.0	7814.0	1218.79	2182.34
-31614.0	7814.0	1217.68	2134.93
-31614.0	7814.0	1216.56	2109.94
-31614.0	7814.0	1215.44	2100.63
-31614.0	7814.0	1214.33	2198.81
-31614.0	7814.0	1213.21	2124.56
-31614.0	7814.0	1212.09	2106.31
-31614.0	7814.0	1210.98	2137.29
-31614.0	7814.0	1209.86	2148.12
-31614.0	7814.0	1208.74	2111.97
-31614.0	7814.0	1207.62	2165.31
-31614.0	7814.0	1206.51	2171.66
-31614.0	7814.0	1205.39	2113.16
-31614.0	7814.0	1204.27	2195.53
-31614.0	7814.0	1203.15	2154.93
-31614.0	7814.0	1202.03	2201.51
-31614.0	7814.0	1200.91	2176.56
-31614.0	7814.0	1199.8	2131.51
-31614.0	7814.0	1198.68	2131.16
-31614.0	7814.0	1197.56	2121.87
-31614.0	7814.0	1196.44	2029.95
-31614.0	7814.0	1195.32	2123.39
-31614.0	7814.0	1194.2	2067.23
-31614.0	7814.0	1193.08	2127.15
-31614.0	7814.0	1191.96	2126.8
-31614.0	7814.0	1190.84	2090.74
-31614.0	7814.0	1189.72	2152.86
-31614.0	7814.0	1188.6	2152.5
-31614.0	7814.0	1187.48	2154.37
-31614.0	7814.0	1186.35	2171.85
-31614.0	7814.0	1185.23	2133.58
-31614.0	7814.0	1184.11	2117.62
-31614.0	7814.0	1182.99	2094.98
-31614.0	7814.0	1181.87	2181.54
-31614.0	7814.0	1180.75	2105.42
-31614.0	7814.0	1179.62	2107.3
-31614.0	7814.0	1178.5	2140.35
-31614.0	7814.0	1177.38	2151.13
-31614.0	7814.0	1176.26	2155.22
-31614.0	7814.0	1175.13	2123.69
-31614.0	7814.0	1174.01	2172.3
-31614.0	7814.0	1172.89	2116.3
-31614.0	7814.0	1171.76	2100.37
-31614.0	7814.0	1170.64	2108.92
-31614.0	7814.0	1169.51	2092.99
-31614.0	7814.0	1168.39	2110.43
-31614.0	7814.0	1167.27	2163.44
-31614.0	7814.0	1166.14	2111.95
-31614.0	7814.0	1165.02	2127.15
-31614.0	7814.0	1163.89	2062.34
-31614.0	7814.0	1162.77	2126.43
-31614.0	7814.0	1161.64	2117.19
-31614.0	7814.0	1160.52	2112.39
-31614.0	7814.0	1159.39	2092.04
-31614.0	7814.0	1158.26	2125.0
-31614.0	7814.0	1157.14	2022.52
-31614.0	7814.0	1156.01	2108.74
-31614.0	7814.0	1154.88	2123.92
-31614.0	7814.0	1153.76	2183.48
-31614.0	7814.0	1152.63	2076.61
-31614.0	7814.0	1151.5	2074.04
-31614.0	7814.0	1150.38	2047.08
-31614.0	7814.0	1149.25	2013.47
-31614.0	7814.0	1148.12	2190.5
-31614.0	7814.0	1146.99	2165.74
-31614.0	7814.0	1145.87	2054.56
-31614.0	7814.0	1144.74	2136.2
-31614.0	7814.0	1143.61	2133.62
-31614.0	7814.0	1142.48	2119.97
-31614.0	7814.0	1141.35	2135.11
-31614.0	7814.0	1140.22	2183.47
-31614.0	7814.0	1139.09	2158.74
-31614.0	7814.0	1137.97	2111.89
-31614.0	7814.0	1136.84	2062.83
-31614.0	7814.0	1135.71	2024.86
-31614.0	7814.0	1134.58	2117.45
-31614.0	7814.0	1133.45	2070.63
-31614.0	7814.0	1132.32	2132.21
-31614.0	7814.0	1131.19	2171.65
-31614.0	7814.0	1130.05	2111.58
-31614.0	7814.0	1128.92	2115.64
-31614.0	7814.0	1127.79	2093.18
-31614.0	7814.0	1126.66	2128.18
-31614.0	7814.0	1125.53	2076.99
-31614.0	7814.0	1124.4	2083.27
-31614.0	7814.0	1123.27	2065.24
-31614.0	7814.0	1122.13	2139.97
-31614.0	7814.0	1121.0	2172.73
-31614.0	7814.0	1119.87	2088.47
-31614.0	7814.0	1118.74	2072.66
-31614.0	7814.0	1117.6	2127.47
-31614.0	7814.0	1116.47	2094.01
-31614.0	7814.0	1115.34	2162.04
-31614.0	7814.0	1114.2	2093.29
-31614.0	7814.0	1113.07	2086.32
-31614.0	7814.0	1111.94	2110.21
-31614.0	7814.0	1110.8	2171.58
-31614.0	7814.0	1109.67	2142.55
-31614.0	7814.0	1108.54	2084.88
-31614.0	7814.0	1107.4	2075.71
-31614.0	7814.0	1106.27	2099.59
-31614.0	7814.0	1105.13	2160.91
-31614.0	7814.0	1104.0	2092.26
-31614.0	7814.0	1102.86	2065.47
-31614.0	7814.0	1101.72	2104.75
-31614.0	7814.0	1100.59	2106.59
-31614.0	7814.0	1099.45	2106.22
-31614.0	7814.0	1098.32	2103.66
-31614.0	7814.0	1097.18	2164.9
-31614.0	7814.0	1096.04	2188.72
-31614.0	7814.0	1094.91	2128.96
-31614.0	7814.0	1093.77	2122.0
-31614.0	7814.0	1092.63	2154.61
-31614.0	7814.0	1091.5	2083.89
-31614.0	7814.0	1090.36	2189.03
-31614.0	7814.0	1089.22	2102.95
-31614.0	7814.0	1088.08	2111.37
-31614.0	7814.0	1086.95	2082.45
-31614.0	7814.0	1085.81	2071.11
-31614.0	7814.0	1084.67	2116.86
-31614.0	7814.0	1083.53	2149.43
-31614.0	7814.0	1082.39	2113.93
-31614.0	7814.0	1081.25	2058.7
-31614.0	7814.0	1080.11	2078.09
-31614.0	7814.0	1078.97	2126.0
-31614.0	7814.0	1077.83	2108.08
-31614.0	7814.0	1076.69	2169.12
-31614.0	7814.0	1075.55	2122.69
-31614.0	7814.0	1074.41	2131.1
-31614.0	7814.0	1073.27	2097.84
-31614.0	7814.0	1072.13	2174.19
-31614.0	7814.0	1070.99	2064.24
-31614.0	7814.0	1069.85	2085.79
-31614.0	7814.0	1068.71	2133.62
-31614.0	7814.0	1067.57	2056.59
-31614.0	7814.0	1066.43	2086.89
-31614.0	7814.0	1065.28	2093.09
-31614.0	7814.0	1064.14	2167.15
-31614.0	7814.0	1063.0	2118.63
-31614.0	7814.0	1061.86	2072.3
-31614.0	7814.0	1060.71	2135.39
-31614.0	7814.0	1059.57	2128.45
-31614.0	7814.0	1058.43	2160.89
-31614.0	7814.0	1057.29	2186.75
-31614.0	7814.0	1056.14	2203.86
-31614.0	7814.0	1055.0	2192.54
-31614.0	7814.0	1053.85	2209.64
-31614.0	7814.0	1052.71	2176.47
-31614.0	7814.0	1051.57	2187.02
-31614.0	7814.0	1050.42	2160.42
-31614.0	7814.0	1049.28	2160.04
-31614.0	7814.0	1048.13	2133.46
-31614.0	7814.0	1046.99	2157.1
-31614.0	7814.0	1045.84	2110.88
-31614.0	7814.0	1044.7	2193.44
-31614.0	7814.0	1043.55	2295.62
-31614.0	7814.0	1042.4	2203.58
-31614.0	7814.0	1041.26	2251.18
-31614.0	7814.0	1040.11	2255.15
-31614.0	7814.0	1038.97	2200.23
-31614.0	7814.0	1037.82	2236.91
-31614.0	7814.0	1036.67	2225.61
-31614.0	7814.0	1035.53	2353.81
-31614.0	7814.0	1034.38	2218.29
-31614.0	7814.0	1033.23	2307.23
-31614.0	7814.0	1032.08	2265.43
-31614.0	7814.0	1030.94	2349.97
-31614.0	7814.0	1029.79	2358.26
-31614.0	7814.0	1028.64	2390.5
-31614.0	7814.0	1027.49	2372.66
-31614.0	7814.0	1026.34	2283.01
-31614.0	7814.0	1025.19	2347.89
-31614.0	7814.0	1024.04	2340.95
-31614.0	7814.0	1022.89	2444.94
-31614.0	7814.0	1021.74	2459.73
-31614.0	7814.0	1020.59	2472.34
-31614.0	7814.0	1019.45	2469.73
-31614.0	7814.0	1018.29	2432.34
-31614.0	7814.0	1017.14	2388.44
-31614.0	7814.0	1015.99	2509.7
-31614.0	7814.0	1014.84	2422.35
-31614.0	7814.0	1013.69	2604.38
-31614.0	7814.0	1012.54	2625.63
-31614.0	7814.0	1011.39	2536.14
-31614.0	7814.0	1010.24	2498.78
-31614.0	7814.0	1009.09	2535.23
-31614.0	7814.0	1007.93	2593.38
-31614.0	7814.0	1006.78	2623.29
-31614.0	7814.0	1005.63	2683.57
-31614.0	7814.0	1004.48	2680.92
-31614.0	7814.0	1003.32	2723.81
-31614.0	7814.0	1002.17	2736.34
-31614.0	7814.0	1001.02	2703.33
-31614.0	7814.0	999.865	2798.22
-31614.0	7814.0	998.711	2795.55
-31614.0	7814.0	997.558	2894.72
-31614.0	7814.0	996.403	2833.54
-31614.0	7814.0	995.249	2876.35
-31614.0	7814.0	994.095	2901.82
-31614.0	7814.0	992.94	2964.09
-31614.0	7814.0	991.785	2976.55
-31614.0	7814.0	990.63	3047.44
-31614.0	7814.0	989.475	3198.37
-31614.0	7814.0	988.319	3178.32
-31614.0	7814.0	987.164	3188.57
-31614.0	7814.0	986.008	3226.93
-31614.0	7814.0	984.852	3245.81
-31614.0	7814.0	983.695	3435.49
-31614.0	7814.0	982.539	3406.77
-31614.0	7814.0	981.382	3421.28
-31614.0	7814.0	980.225	3448.76
-31614.0	7814.0	979.068	3424.37
-31614.0	7814.0	977.911	3419.43
-31614.0	7814.0	976.753	3505.21
-31614.0	7814.0	975.595	3515.37
-31614.0	7814.0	974.437	3488.83
-31614.0	7814.0	973.279	3581.02
-31614.0	7814.0	972.121	3472.46
-31614.0	7814.0	970.962	3530.09
-31614.0	7814.0	969.803	3542.4
-31614.0	7814.0	968.644	3565.49
-31614.0	7814.0	967.485	3528.18
-31614.0	7814.0	966.326	3574.98
-31614.0	7814.0	965.166	3580.8
-31614.0	7814.0	964.006	3655.59
-31614.0	7814.0	962.846	3654.93
-31614.0	7814.0	961.686	3568.08
-31614.0	7814.0	960.525	3532.96
-31614.0	7814.0	959.365	3652.94
-31614.0	7814.0	958.204	3762.1
-31614.0	7814.0	957.043	3767.88
-31614.0	7814.0	955.881	3642.34
-31614.0	7814.0	954.72	3633.07
-31614.0	7814.0	953.558	3748.61
-31614.0	7814.0	952.396	3707.05
-31614.0	7814.0	951.234	3807.48
-31614.0	7814.0	950.071	3755.17
-31614.0	7814.0	948.909	3715.78
-31614.0	7814.0	947.746	3702.2
-31614.0	7814.0	946.583	3828.35
-31614.0	7814.0	945.42	3836.25
-31614.0	7814.0	944.256	3777.54
-31614.0	7814.0	943.092	3740.32
-31614.0	7814.0	941.929	3737.49
-31614.0	7814.0	940.765	3801.24
-31614.0	7814.0	939.6	3800.55
-31614.0	7814.0	938.436	3823.47
-31614.0	7814.0	937.271	3709.01
-31614.0	7814.0	936.106	3667.55
-31614.0	7814.0	934.941	3694.78
-31614.0	7814.0	933.775	3642.61
-31614.0	7814.0	932.61	3442.48
-31614.0	7814.0	931.444	3308.89
-31614.0	7814.0	930.278	3364.03
-31614.0	7814.0	929.112	3273.38
-31614.0	7814.0	927.945	3255.63
-31614.0	7814.0	926.779	3212.18
-31614.0	7814.0	925.612	3145.17
-31614.0	7814.0	924.445	3112.46
-31614.0	7814.0	923.278	3039.07
-31614.0	7814.0	922.11	3025.67
-31614.0	7814.0	920.942	2913.78
-31614.0	7814.0	919.774	3090.91
-31614.0	7814.0	918.606	3024.0
-31614.0	7814.0	917.438	3072.66
-31614.0	7814.0	916.269	2992.94
-31614.0	7814.0	915.1	2829.82
-31614.0	7814.0	913.931	2891.32
-31614.0	7814.0	912.762	2843.75
-31614.0	7814.0	911.593	2832.54
-31614.0	7814.0	910.423	2793.54
-31614.0	7814.0	909.253	2752.42
-31614.0	7814.0	908.083	2801.06
-31614.0	7814.0	906.913	2798.4
-31614.0	7814.0	905.742	2723.13
-31614.0	7814.0	904.572	2688.46
-31614.0	7814.0	903.401	2647.4
-31614.0	7814.0	902.229	2738.7
-31614.0	7814.0	901.058	2808.62
-31614.0	7814.0	899.886	2663.0
-31614.0	7814.0	898.715	2671.04
-31614.0	7814.0	897.543	2708.94
-31614.0	7814.0	896.37	2708.44
-31614.0	7814.0	895.198	2714.33
-31614.0	7814.0	894.025	2711.7
-31614.0	7814.0	892.852	2694.14
-31614.0	7814.0	891.679	2685.12
-31614.0	7814.0	890.506	2652.66
-31614.0	7814.0	889.332	2688.38
-31614.0	7814.0	888.158	2641.03
-31614.0	7814.0	886.984	2570.26
-31614.0	7814.0	885.81	2569.79
-31614.0	7814.0	884.636	2609.75
-31614.0	7814.0	883.461	2615.65
-31614.0	7814.0	882.286	2570.48
-31614.0	7814.0	881.111	2557.24
-31614.0	7814.0	879.936	2616.32
-31614.0	7814.0	878.76	2579.68
-31614.0	7814.0	877.584	2608.96
-31614.0	7814.0	876.408	2551.08
-31614.0	7814.0	875.232	2578.23
-31614.0	7814.0	874.056	2539.5
-31614.0	7814.0	872.879	2479.53
-31614.0	7814.0	871.702	2525.8
-31614.0	7814.0	870.525	2533.83
-31614.0	7814.0	869.348	2552.47
-31614.0	7814.0	868.17	2484.05
-31614.0	7814.0	866.993	2574.86
-31614.0	7814.0	865.815	2559.52
-31614.0	7814.0	864.637	2565.41
-31614.0	7814.0	863.458	2567.05
-31614.0	7814.0	862.28	2536.87
-31614.0	7814.0	861.101	2502.47
-31614.0	7814.0	859.922	2546.52
-31614.0	7814.0	858.742	2461.25
-31614.0	7814.0	857.563	2471.38
-31614.0	7814.0	856.383	2470.92
-31614.0	7814.0	855.203	2453.5
-31614.0	7814.0	854.023	2455.16
-31614.0	7814.0	852.843	2488.59
-31614.0	7814.0	851.662	2498.71
-31614.0	7814.0	850.481	2449.54
-31614.0	7814.0	849.3	2430.03
-31614.0	7814.0	848.119	2370.32
-31614.0	7814.0	846.937	2431.23
-31614.0	7814.0	845.756	2409.62
-31614.0	7814.0	844.574	2330.9
-31614.0	7814.0	843.392	2474.27
-31614.0	7814.0	842.209	2444.2
-31614.0	7814.0	841.027	2534.64
-31614.0	7814.0	839.844	2453.84
-31614.0	7814.0	838.661	2434.36
-31614.0	7814.0	837.477	2436.02
-31614.0	7814.0	836.294	2526.39
-31614.0	7814.0	835.11	2399.19
-31614.0	7814.0	833.926	2493.76
-31614.0	7814.0	832.742	2436.28
-31614.0	7814.0	831.558	2425.27
-31614.0	7814.0	830.373	2439.58
-31614.0	7814.0	829.188	2405.36
-31614.0	7814.0	828.003	2398.58
-31614.0	7814.0	826.818	2396.01
-31614.0	7814.0	825.632	2439.84
-31614.0	7814.0	824.446	2452.03
-31614.0	7814.0	823.26	2434.7
-31614.0	7814.0	822.074	2419.48
-31614.0	7814.0	820.888	2395.85
-31614.0	7814.0	819.701	2426.99
-31614.0	7814.0	818.514	2405.47
-31614.0	7814.0	817.327	2480.82
-31614.0	7814.0	816.14	2440.35
-31614.0	7814.0	814.952	2439.88
-31614.0	7814.0	813.765	2416.27
-31614.0	7814.0	812.577	2434.75
-31614.0	7814.0	811.388	2499.5
-31614.0	7814.0	810.2	2368.61
-31614.0	7814.0	809.011	2416.53
-31614.0	7814.0	807.822	2426.58
-31614.0	7814.0	806.633	2449.24
-31614.0	7814.0	805.444	2488.71
-31614.0	7814.0	804.254	2408.38
-31614.0	7814.0	803.064	2460.45
-31614.0	7814.0	801.874	2424.27
-31614.0	7814.0	800.684	2467.91
-31614.0	7814.0	799.493	2387.64
-31614.0	7814.0	798.303	2454.37
-31614.0	7814.0	797.112	2462.29
-31614.0	7814.0	795.921	2451.33
-31614.0	7814.0	794.729	2427.78
-31614.0	7814.0	793.538	2410.53
-31614.0	7814.0	792.346	2493.97
-31614.0	7814.0	791.154	2407.51
-31614.0	7814.0	789.961	2352.53
-31614.0	7814.0	788.769	2498.82
-31614.0	7814.0	787.576	2454.33
-31614.0	7814.0	786.383	2470.62
-31614.0	7814.0	785.19	2384.25
-31614.0	7814.0	783.996	2369.13
-31614.0	7814.0	782.802	2351.92
-31614.0	7814.0	781.608	2324.24
-31614.0	7814.0	780.414	2294.49
-31614.0	7814.0	779.22	2338.0
-31614.0	7814.0	778.025	2356.39
-31614.0	7814.0	776.83	2278.52
-31614.0	7814.0	775.635	2403.59
-31614.0	7814.0	774.44	2388.49
-31614.0	7814.0	773.244	2300.2
-31614.0	7814.0	772.049	2318.58
-31614.0	7814.0	770.853	2374.57
-31614.0	7814.0	769.656	2392.92
-31614.0	7814.0	768.46	2400.81
-31614.0	7814.0	767.263	2377.37
-31614.0	7814.0	766.066	2345.58
-31614.0	7814.0	764.869	2374.36
-31614.0	7814.0	763.672	2288.3
-31614.0	7814.0	762.474	2296.21
-31614.0	7814.0	761.276	2333.33
-31614.0	7814.0	760.078	2362.09
-31614.0	7814.0	758.88	2349.12
-31614.0	7814.0	757.681	2396.64
-31614.0	7814.0	756.483	2373.23
-31614.0	7814.0	755.284	2306.05
-31614.0	7814.0	754.084	2343.13
-31614.0	7814.0	752.885	2275.98
-31614.0	7814.0	751.685	2260.95
-31614.0	7814.0	750.485	2285.51
-31614.0	7814.0	749.285	2285.07
-31614.0	7814.0	748.085	2292.96
-31614.0	7814.0	746.884	2292.51
-31614.0	7814.0	745.683	2265.0
-31614.0	7814.0	744.482	2299.94
-31614.0	7814.0	743.281	2274.53
-31614.0	7814.0	742.079	2294.89
-31614.0	7814.0	740.877	2311.08
-31614.0	7814.0	739.675	2254.48
-31614.0	7814.0	738.473	2239.48
-31614.0	7814.0	737.27	2243.21
-31614.0	7814.0	736.068	2188.73
-31614.0	7814.0	734.865	2254.8
-31614.0	7814.0	733.661	2160.86
-31614.0	7814.0	732.458	2239.38
-31614.0	7814.0	731.254	2232.71
-31614.0	7814.0	730.05	2286.27
-31614.0	7814.0	728.846	2223.54
-31614.0	7814.0	727.642	2293.68
-31614.0	7814.0	726.437	2222.67
-31614.0	7814.0	725.232	2240.91
-31614.0	7814.0	724.027	2275.74
-31614.0	7814.0	722.822	2260.77
-31614.0	7814.0	721.616	2218.85
-31614.0	7814.0	720.41	2212.2
-31614.0	7814.0	719.204	2361.02
-31614.0	7814.0	717.998	2265.22
-31614.0	7814.0	716.791	2302.07
-31614.0	7814.0	715.585	2247.76
-31614.0	7814.0	714.378	2460.66
-31614.0	7814.0	713.17	2329.71
-31614.0	7814.0	711.963	2289.91
-31614.0	7814.0	710.755	2291.53
-31614.0	7814.0	709.547	2286.95
-31614.0	7814.0	708.339	2261.67
-31614.0	7814.0	707.131	2275.7
-31614.0	7814.0	705.922	2287.67
-31614.0	7814.0	704.713	2307.9
-31614.0	7814.0	703.504	2284.7
-31614.0	7814.0	702.295	2296.65
-31614.0	7814.0	701.085	2318.93
-31614.0	7814.0	699.875	2262.69
-31614.0	7814.0	698.665	2338.68
-31614.0	7814.0	697.455	2309.3
-31614.0	7814.0	696.244	2393.52
-31614.0	7814.0	695.034	2331.1
-31614.0	7814.0	693.822	2295.55
-31614.0	7814.0	692.611	2270.33
-31614.0	7814.0	691.4	2342.11
-31614.0	7814.0	690.188	2294.19
-31614.0	7814.0	688.976	2299.93
-31614.0	7814.0	687.764	2293.29
-31614.0	7814.0	686.551	2430.98
-31614.0	7814.0	685.339	2444.93
-31614.0	7814.0	684.126	2438.26
-31614.0	7814.0	682.912	2394.51
-31614.0	7814.0	681.699	2406.39
-31614.0	7814.0	680.485	2461.53
-31614.0	7814.0	679.271	2448.69
-31614.0	7814.0	678.057	2419.38
-31614.0	7814.0	676.843	2480.66
-31614.0	7814.0	675.628	2490.46
-31614.0	7814.0	674.413	2479.67
-31614.0	7814.0	673.198	2495.64
-31614.0	7814.0	671.983	2521.89
-31614.0	7814.0	670.767	2474.09
-31614.0	7814.0	669.551	2508.55
-31614.0	7814.0	668.335	2555.33
-31614.0	7814.0	667.119	2548.66
-31614.0	7814.0	665.902	2558.43
-31614.0	7814.0	664.686	2562.03
-31614.0	7814.0	663.469	2483.46
-31614.0	7814.0	662.251	2526.1
-31614.0	7814.0	661.034	2521.49
-31614.0	7814.0	659.816	2586.68
-31614.0	7814.0	658.598	2545.11
-31614.0	7814.0	657.38	2497.41
-31614.0	7814.0	656.161	2554.36
-31614.0	7814.0	654.942	2486.16
-31614.0	7814.0	653.723	2551.29
-31614.0	7814.0	652.504	2495.42
-31614.0	7814.0	651.285	2560.52
-31614.0	7814.0	650.065	2514.92
-31614.0	7814.0	648.845	2563.6
-31614.0	7814.0	647.625	2515.96
-31614.0	7814.0	646.404	2591.25
-31614.0	7814.0	645.184	2549.78
-31614.0	7814.0	643.963	2582.03
-31614.0	7814.0	642.742	2622.45
-31614.0	7814.0	641.52	2542.11
-31614.0	7814.0	640.298	2549.78
-31614.0	7814.0	639.076	2557.46
-31614.0	7814.0	637.854	2638.77
-31614.0	7814.0	636.632	2660.73
-31614.0	7814.0	635.409	2609.08
-31614.0	7814.0	634.186	2700.56
-31614.0	7814.0	632.963	2589.64
-31614.0	7814.0	631.74	2582.99
-31614.0	7814.0	630.516	2615.16
-31614.0	7814.0	629.292	2704.52
-31614.0	7814.0	628.068	2748.91
-31614.0	7814.0	626.844	2570.71
-31614.0	7814.0	625.619	2586.53
-31614.0	7814.0	624.394	2639.07
-31614.0	7814.0	623.169	2624.26
-31614.0	7814.0	621.944	2746.15
-31614.0	7814.0	620.718	2717.04
-31614.0	7814.0	619.492	2677.74
-31614.0	7814.0	618.266	2669.05
-31614.0	7814.0	617.04	2686.86
-31614.0	7814.0	615.813	2696.51
-31614.0	7814.0	614.587	2689.85
-31614.0	7814.0	613.36	2648.56
-31614.0	7814.0	612.132	2648.03
-31614.0	7814.0	610.905	2643.42
-31614.0	7814.0	609.677	2624.56
-31614.0	7814.0	608.449	2699.36
-31614.0	7814.0	607.22	2670.32
-31614.0	7814.0	605.992	2679.95
-31614.0	7814.0	604.763	2640.76
-31614.0	7814.0	603.534	2623.95
-31614.0	7814.0	602.305	2700.7
-31614.0	7814.0	601.075	2612.72
-31614.0	7814.0	599.845	2518.69
-31614.0	7814.0	598.615	2593.38
-31614.0	7814.0	597.385	2594.88
-31614.0	7814.0	596.154	2590.3
-31614.0	7814.0	594.924	2713.67
-31614.0	7814.0	593.693	2635.96
-31614.0	7814.0	592.461	2572.48
-31614.0	7814.0	591.23	2578.05
-31614.0	7814.0	589.998	2589.7
-31614.0	7814.0	588.766	2603.38
-31614.0	7814.0	587.534	2533.88
-31614.0	7814.0	586.301	2620.58
-31614.0	7814.0	585.068	2654.53
-31614.0	7814.0	583.835	2670.21
-31614.0	7814.0	582.602	2641.29
-31614.0	7814.0	581.368	2547.52
-31614.0	7814.0	580.134	2601.72
-31614.0	7814.0	578.9	2550.54
-31614.0	7814.0	577.666	2554.07
-31614.0	7814.0	576.432	2585.96
-31614.0	7814.0	575.197	2623.9
-31614.0	7814.0	573.962	2556.57
-31614.0	7814.0	572.726	2693.66
-31614.0	7814.0	571.491	2618.25
-31614.0	7814.0	570.255	2571.19
-31614.0	7814.0	569.019	2556.51
-31614.0	7814.0	567.783	2709.67
-31614.0	7814.0	566.546	2737.42
-31614.0	7814.0	565.309	2629.74
-31614.0	7814.0	564.072	2615.05
-31614.0	7814.0	562.835	2677.16
-31614.0	7814.0	561.597	2628.13
-31614.0	7814.0	560.359	2787.15
-31614.0	7814.0	559.121	2701.77
-31614.0	7814.0	557.883	2751.69
-31614.0	7814.0	556.644	2809.66
-31614.0	7814.0	555.406	2869.63
-31614.0	7814.0	554.167	2804.48
-31614.0	7814.0	552.927	2848.28
-31614.0	7814.0	551.688	2954.59
-31614.0	7814.0	550.448	2905.59
-31614.0	7814.0	549.208	3054.18
-31614.0	7814.0	547.967	3103.95
-31614.0	7814.0	546.727	3063.01
-31614.0	7814.0	545.486	3229.6
-31614.0	7814.0	544.245	3345.77
-31614.0	7814.0	543.003	3429.67
-31614.0	7814.0	541.762	3445.08
-31614.0	7814.0	540.52	3633.6
-31614.0	7814.0	539.278	3626.82
-31614.0	7814.0	538.035	3831.32
-31614.0	7814.0	536.793	4049.83
-31614.0	7814.0	535.55	4409.04
-31614.0	7814.0	534.307	4627.34
-31614.0	7814.0	533.063	4853.59
-31614.0	7814.0	531.82	5252.62
-31614.0	7814.0	530.576	5804.23
-31614.0	7814.0	529.331	6514.35
-31614.0	7814.0	528.087	7473.29
-31614.0	7814.0	526.842	8940.0
-31614.0	7814.0	525.597	11137.1
-31614.0	7814.0	524.352	15148.2
-31614.0	7814.0	523.107	22132.5
-31614.0	7814.0	521.861	33211.9
-31614.0	7814.0	520.615	40097.3
-31614.0	7814.0	519.369	38183.3
-31614.0	7814.0	518.122	33131.3
-31614.0	7814.0	516.876	27862.7
-31614.0	7814.0	515.629	23534.6
-31614.0	7814.0	514.381	19647.2
-31614.0	7814.0	513.134	16949.8
-31614.0	7814.0	511.886	14960.7
-31614.0	7814.0	510.638	13615.5
-31614.0	7814.0	509.39	12585.3
-31614.0	7814.0	508.141	11761.8
-31614.0	7814.0	506.892	11146.7
-31614.0	7814.0	505.643	10714.1
-31614.0	7814.0	504.394	10301.7
-31614.0	7814.0	503.145	10139.5
-31614.0	7814.0	501.895	9999.39
-31614.0	7814.0	500.645	9943.32
-31614.0	7814.0	499.394	9973.26
-31614.0	7814.0	498.144	9895.24
-31614.0	7814.0	496.893	9987.13
-31614.0	7814.0	495.642	9749.27
-31614.0	7814.0	494.39	9629.39
-31614.0	7814.0	493.139	9469.6
-31614.0	7814.0	491.887	9351.82
-31614.0	7814.0	490.635	9321.93
-31614.0	7814.0	489.382	9212.21
-31614.0	7814.0	488.13	8954.85
-31614.0	7814.0	486.877	8851.23
-31614.0	7814.0	485.623	8925.2
-31614.0	7814.0	484.37	8737.87
-31614.0	7814.0	483.116	8763.97
-31614.0	7814.0	481.862	8786.08
-31614.0	7814.0	480.608	8570.98
-31614.0	7814.0	479.354	8676.81
-31614.0	7814.0	478.099	8686.97
-31614.0	7814.0	476.844	8545.73
-31614.0	7814.0	475.588	8496.15
-31614.0	7814.0	474.333	8319.16
-31614.0	7814.0	473.077	8188.04
-31614.0	7814.0	471.821	8216.19
-31614.0	7814.0	470.565	8282.14
-31614.0	7814.0	469.308	7956.13
-31614.0	7814.0	468.051	7984.31
-31614.0	7814.0	466.794	7976.68
-31614.0	7814.0	465.537	7684.74
-31614.0	7814.0	464.279	7710.97
-31614.0	7814.0	463.021	7611.98
-31614.0	7814.0	461.763	7550.78
-31614.0	7814.0	460.505	7332.67
-31614.0	7814.0	459.246	7321.21
-31614.0	7814.0	457.987	7198.55
-31614.0	7814.0	456.728	7210.95
-31614.0	7814.0	455.469	6852.15
-31614.0	7814.0	454.209	6868.58
-31614.0	7814.0	452.949	6706.43
-31614.0	7814.0	451.689	6621.72
-31614.0	7814.0	450.428	6669.92
-31614.0	7814.0	449.167	6379.02
-31614.0	7814.0	447.906	6375.71
-31614.0	7814.0	446.645	6370.42
-31614.0	7814.0	445.383	6149.12
-31614.0	7814.0	444.122	6060.66
-31614.0	7814.0	442.86	6116.84
-31614.0	7814.0	441.597	5921.48
-31614.0	7814.0	440.335	5922.22
-31614.0	7814.0	439.072	5863.58
-31614.0	7814.0	437.809	5611.0
-31614.0	7814.0	436.545	5609.82
-31614.0	7814.0	435.281	5525.56
-31614.0	7814.0	434.018	5498.69
-31614.0	7814.0	432.753	5477.76
-31614.0	7814.0	431.489	5348.11
-31614.0	7814.0	430.224	5317.34
-31614.0	7814.0	428.959	5272.74
-31614.0	7814.0	427.694	5267.69
-31614.0	7814.0	426.428	5167.81
-31614.0	7814.0	425.163	5135.13
-31614.0	7814.0	423.896	5110.36
-31614.0	7814.0	422.63	4898.04
-31614.0	7814.0	421.364	5027.29
-31614.0	7814.0	420.097	4852.58
-31614.0	7814.0	418.83	4861.42
-31614.0	7814.0	417.562	4777.56
-31614.0	7814.0	416.295	4770.64
-31614.0	7814.0	415.027	4724.29
-31614.0	7814.0	413.758	4754.84
-31614.0	7814.0	412.49	4627.7
-31614.0	7814.0	411.221	4748.9
-31614.0	7814.0	409.952	4671.07
-31614.0	7814.0	408.683	4758.72
-31614.0	7814.0	407.414	4615.94
-31614.0	7814.0	406.144	4611.03
-31614.0	7814.0	404.874	4639.59
-31614.0	7814.0	403.603	4618.93
-31614.0	7814.0	402.333	4621.89
-31614.0	7814.0	401.062	4540.27
-31614.0	7814.0	399.791	4625.85
-31614.0	7814.0	398.519	4624.88
-31614.0	7814.0	397.248	4543.3
-31614.0	7814.0	395.976	4628.83
-31614.0	7814.0	394.704	4688.77
-31614.0	7814.0	393.431	4613.13
-31614.0	7814.0	392.159	4541.44
-31614.0	7814.0	390.886	4644.57
-31614.0	7814.0	389.612	4631.81
-31614.0	7814.0	388.339	4587.65
-31614.0	7814.0	387.065	4690.7
-31614.0	7814.0	385.791	4764.28
-31614.0	7814.0	384.517	4639.68
-31614.0	7814.0	383.242	4562.2
-31614.0	7814.0	381.967	4484.76
-31614.0	7814.0	380.692	4621.06
-31614.0	7814.0	379.417	4488.75
-31614.0	7814.0	378.141	4499.56
-31614.0	7814.0	376.865	4520.17
-31614.0	7814.0	375.589	4534.88
-31614.0	7814.0	374.312	4451.67
-31614.0	7814.0	373.035	4534.93
-31614.0	7814.0	371.758	4461.53
-31614.0	7814.0	370.481	4403.83
-31614.0	7814.0	369.204	4442.04
-31614.0	7814.0	367.926	4431.32
-31614.0	7814.0	366.648	4332.58
-31614.0	7814.0	365.369	4388.37
-31614.0	7814.0	364.091	4363.98
-31614.0	7814.0	362.812	4466.66
-31614.0	7814.0	361.532	4459.86
-31614.0	7814.0	360.253	4421.79
-31614.0	7814.0	358.973	4379.83
-31614.0	7814.0	357.693	4310.54
-31614.0	7814.0	356.413	4438.51
-31614.0	7814.0	355.132	4400.47
-31614.0	7814.0	353.852	4413.21
-31614.0	7814.0	352.571	4304.94
-31614.0	7814.0	351.289	4356.71
-31614.0	7814.0	350.008	4439.66
-31614.0	7814.0	348.726	4442.62
-31614.0	7814.0	347.444	4348.09
-31614.0	7814.0	346.161	4464.13
-31614.0	7814.0	344.878	4394.97
-31614.0	7814.0	343.595	4341.43
-31614.0	7814.0	342.312	4529.48
-31614.0	7814.0	341.029	4386.33
-31614.0	7814.0	339.745	4469.13
-31614.0	7814.0	338.461	4528.54
-31614.0	7814.0	337.176	4578.19
-31614.0	7814.0	335.892	4499.37
-31614.0	7814.0	334.607	4531.49
-31614.0	7814.0	333.322	4514.97
-31614.0	7814.0	332.036	4502.34
-31614.0	7814.0	330.75	4573.33
-31614.0	7814.0	329.464	4593.74
-31614.0	7814.0	328.178	4649.13
-31614.0	7814.0	326.892	4626.77
-31614.0	7814.0	325.605	4717.1
-31614.0	7814.0	324.318	4733.57
-31614.0	7814.0	323.03	4761.7
-31614.0	7814.0	321.743	4714.09
-31614.0	7814.0	320.455	4748.02
-31614.0	7814.0	319.167	4694.62
-31614.0	7814.0	317.878	4829.44
-31614.0	7814.0	316.59	4762.45
-31614.0	7814.0	315.301	4854.54
-31614.0	7814.0	314.011	4867.08
-31614.0	7814.0	312.722	4798.19
-31614.0	7814.0	311.432	4956.1
-31614.0	7814.0	310.142	4850.4
-31614.0	7814.0	308.851	4930.74
-31614.0	7814.0	307.561	5090.46
-31614.0	7814.0	306.27	5023.53
-31614.0	7814.0	304.979	5090.23
-31614.0	7814.0	303.687	5153.03
-31614.0	7814.0	302.395	5153.86
-31614.0	7814.0	301.103	5164.37
-31614.0	7814.0	299.811	5095.56
-31614.0	7814.0	298.519	5080.94
-31614.0	7814.0	297.226	5114.66
-31614.0	7814.0	295.933	4902.84
-31614.0	7814.0	294.639	4901.79
-31614.0	7814.0	293.345	4923.94
-31614.0	7814.0	292.052	4907.43
-31614.0	7814.0	290.757	4894.79
-31614.0	7814.0	289.463	4768.22
-31614.0	7814.0	288.168	4803.89
-31614.0	7814.0	286.873	4636.85
-31614.0	7814.0	285.578	4647.44
-31614.0	7814.0	284.282	4779.58
-31614.0	7814.0	282.986	4655.1
-31614.0	7814.0	281.69	4528.73
-31614.0	7814.0	280.393	4541.26
-31614.0	7814.0	279.097	4474.74
-31614.0	7814.0	277.8	4464.15
-31614.0	7814.0	276.502	4418.87
-31614.0	7814.0	275.205	4389.03
-31614.0	7814.0	273.907	4397.72
-31614.0	7814.0	272.609	4306.26
-31614.0	7814.0	271.311	4340.0
-31614.0	7814.0	270.012	4321.75
-31614.0	7814.0	268.713	4274.63
-31614.0	7814.0	267.414	4217.91
-31614.0	7814.0	266.114	4072.72
-31614.0	7814.0	264.814	4169.95
-31614.0	7814.0	263.514	4178.67
-31614.0	7814.0	262.214	4077.8
-31614.0	7814.0	260.913	3994.27
-31614.0	7814.0	259.613	4001.1
-31614.0	7814.0	258.311	4038.67
-31614.0	7814.0	257.01	3876.45
-31614.0	7814.0	255.708	3821.85
-31614.0	7814.0	254.406	3847.91
-31614.0	7814.0	253.104	3860.52
-31614.0	7814.0	251.801	3815.55
-31614.0	7814.0	250.499	3810.9
-31614.0	7814.0	249.195	3810.08
-31614.0	7814.0	247.892	3790.08
-31614.0	7814.0	246.588	3697.22
-31614.0	7814.0	245.284	3671.51
-31614.0	7814.0	243.98	3651.55
-31614.0	7814.0	242.676	3685.26
-31614.0	7814.0	241.371	3602.08
-31614.0	7814.0	240.066	3700.92
-31614.0	7814.0	238.76	3608.2
-31614.0	7814.0	237.455	3664.87
-31614.0	7814.0	236.149	3497.53
-31614.0	7814.0	234.843	3521.66
-31614.0	7814.0	233.536	3480.72
-31614.0	7814.0	232.229	3439.8
-31614.0	7814.0	230.922	3389.33
-31614.0	7814.0	229.615	3419.2
-31614.0	7814.0	228.307	3376.41
-31614.0	7814.0	227.0	3333.63
-31614.0	7814.0	225.691	3248.83
-31614.0	7814.0	224.383	3244.31
-31614.0	7814.0	223.074	3209.22
-31614.0	7814.0	221.765	3256.28
-31614.0	7814.0	220.456	3150.56
-31614.0	7814.0	219.146	3126.98
-31614.0	7814.0	217.836	3170.2
-31614.0	7814.0	216.526	3203.87
-31614.0	7814.0	215.216	3109.7
-31614.0	7814.0	213.905	3126.2
-31614.0	7814.0	212.594	3096.92
-31614.0	7814.0	211.283	3157.27
-31614.0	7814.0	209.971	3270.96
-31614.0	7814.0	208.66	3211.18
-31614.0	7814.0	207.348	3286.7
-31614.0	7814.0	206.035	3253.61
-31614.0	7814.0	204.722	3370.99
-31614.0	7814.0	203.409	3476.89
-31614.0	7814.0	202.096	3521.83
-31614.0	7814.0	200.783	3699.98
-31614.0	7814.0	199.469	3744.86
-31614.0	7814.0	198.155	3795.42
-31614.0	7814.0	196.84	3884.0
-31614.0	7814.0	195.526	3978.24
-31614.0	7814.0	194.211	4070.55
-31614.0	7814.0	192.896	4062.07
-31614.0	7814.0	191.58	4408.97
-31614.0	7814.0	190.264	4387.12
-31614.0	7814.0	188.948	4321.59
-31614.0	7814.0	187.632	4332.06
-31614.0	7814.0	186.315	4367.2
-31614.0	7814.0	184.998	4309.31
-31614.0	7814.0	183.681	4454.52
-31614.0	7814.0	182.364	4334.02
-31614.0	7814.0	181.046	4433.63
-31614.0	7814.0	179.728	4514.24
-31614.0	7814.0	178.41	4410.86
-31614.0	7814.0	177.091	4483.85
-31614.0	7814.0	175.772	4501.84
-31614.0	7814.0	174.453	4557.73
-31614.0	7814.0	173.133	4598.43
-31614.0	7814.0	171.814	4479.99
-31614.0	7814.0	170.494	4596.45
-31614.0	7814.0	169.173	4667.41
-31614.0	7814.0	167.853	4596.36
-31614.0	7814.0	166.532	4671.07
-31614.0	7814.0	165.211	4565.99
-31614.0	7814.0	163.889	4608.52
-31614.0	7814.0	162.567	4652.92
-31614.0	7814.0	161.245	4738.91
-31614.0	7814.0	159.923	4764.35
-31614.0	7814.0	158.6	4761.43
-31614.0	7814.0	157.278	4843.56
-31614.0	7814.0	155.954	4710.26
-31614.0	7814.0	154.631	4928.36
-31614.0	7814.0	153.307	4902.75
-31614.0	7814.0	151.983	4865.82
-31614.0	7814.0	150.659	4921.4
-31614.0	7814.0	149.334	4946.76
-31614.0	7814.0	148.009	4896.63
-31614.0	7814.0	146.684	4927.65
-31614.0	7814.0	145.359	4922.81
-31614.0	7814.0	144.033	5002.84
-31614.0	7814.0	142.707	4873.55
-31614.0	7814.0	141.381	4812.19
-31614.0	7814.0	140.054	4860.14
-31614.0	7814.0	138.727	4791.27
-31614.0	7814.0	137.4	4869.35
-31614.0	7814.0	136.072	4845.7
-31614.0	7814.0	134.745	4859.72
-31614.0	7814.0	133.417	4864.31
-31614.0	7814.0	132.088	4927.25
-31614.0	7814.0	130.76	4924.31
-31614.0	7814.0	129.431	4866.81
-31614.0	7814.0	128.102	4728.46
-31614.0	7814.0	126.772	4684.18
-31614.0	7814.0	125.442	4748.97
-31614.0	7814.0	124.112	4744.19
-31614.0	7814.0	122.782	4570.28
-31614.0	7814.0	121.451	4659.47
-31614.0	7814.0	120.12	4496.92
-31614.0	7814.0	118.789	4514.73
-31614.0	7814.0	117.458	4532.53
-31614.0	7814.0	116.126	4492.13
-31614.0	7814.0	114.794	4290.35
-31614.0	7814.0	113.462	4158.07
-31614.0	7814.0	112.129	4110.27
-31614.0	7814.0	110.796	4133.77
-31614.0	7814.0	109.463	3928.48
-31614.0	7814.0	108.129	3944.51
-31614.0	7814.0	106.796	3729.98
-31614.0	7814.0	105.461	3599.87
-31614.0	7814.0	104.127	3486.68
-31614.0	7814.0	102.792	3231.18
-31614.0	7814.0	101.457	3129.35
-31614.0	7814.0	100.122	2907.74
-31614.0	7814.0	98.7867	2660.02
-31614.0	7814.0	97.4509	2638.85
-31614.0	7814.0	96.1148	2400.65
-31614.0	7814.0	94.7784	2269.18
-31614.0	7814.0	93.4418	2193.88
-31614.0	7814.0	92.1048	2154.14
-31614.0	7814.0	90.7676	2002.24
-31614.0	7814.0	89.43	1925.18
-31614.0	7814.0	88.0922	1906.07
-31614.0	7814.0	86.7541	1898.19
-31614.0	7814.0	85.4157	1826.8
