-31610.0	7810.0	1311.89	2200.95
-31610.0	7810.0	1310.78	2318.69
-31610.0	7810.0	1309.68	2220.68
-31610.0	7810.0	1308.58	2204.44
-31610.0	7810.0	1307.48	2231.32
-31610.0	7810.0	1306.38	2208.27
-31610.0	7810.0	1305.28	2251.03
-31610.0	7810.0	1304.18	2282.43
-31610.0	7810.0	1303.07	2268.46
-31610.0	7810.0	1301.97	2200.05
-31610.0	7810.0	1300.87	2294.94
-31610.0	7810.0	1299.77	2274.17
-31610.0	7810.0	1298.66	2235.26
-31610.0	7810.0	1297.56	2300.64
-31610.0	7810.0	1296.46	2261.74
-31610.0	7810.0	1295.35	2256.85
-31610.0	7810.0	1294.25	2304.06
-31610.0	7810.0	1293.15	2258.39
-31610.0	7810.0	1292.04	2253.49
-31610.0	7810.0	1290.94	2271.25
-31610.0	7810.0	1289.83	2187.11
-31610.0	7810.0	1288.73	2191.29
-31610.0	7810.0	1287.63	2247.52
-31610.0	7810.0	1286.52	2210.95
-31610.0	7810.0	1285.42	2174.39
-31610.0	7810.0	1284.31	2250.96
-31610.0	7810.0	1283.21	2216.66
-31610.0	7810.0	1282.1	2324.86
-31610.0	7810.0	1280.99	2197.86
-31610.0	7810.0	1279.89	2274.37
-31610.0	7810.0	1278.78	2244.62
-31610.0	7810.0	1277.68	2251.04
-31610.0	7810.0	1276.57	2196.44
-31610.0	7810.0	1275.46	2248.05
-31610.0	7810.0	1274.36	2272.53
-31610.0	7810.0	1273.25	2278.94
-31610.0	7810.0	1272.14	2294.38
-31610.0	7810.0	1271.04	2235.3
-31610.0	7810.0	1269.93	2266.55
-31610.0	7810.0	1268.82	2207.49
-31610.0	7810.0	1267.71	2236.47
-31610.0	7810.0	1266.61	2209.03
-31610.0	7810.0	1265.5	2228.98
-31610.0	7810.0	1264.39	2246.66
-31610.0	7810.0	1263.28	2219.23
-31610.0	7810.0	1262.17	2130.93
-31610.0	7810.0	1261.06	2171.17
-31610.0	7810.0	1259.95	2148.27
-31610.0	7810.0	1258.84	2127.64
-31610.0	7810.0	1257.74	2188.13
-31610.0	7810.0	1256.63	2230.59
-31610.0	7810.0	1255.52	2203.19
-31610.0	7810.0	1254.41	2241.12
-31610.0	7810.0	1253.3	2166.44
-31610.0	7810.0	1252.19	2166.09
-31610.0	7810.0	1251.08	2235.52
-31610.0	7810.0	1249.96	2210.4
-31610.0	7810.0	1248.85	2171.78
-31610.0	7810.0	1247.74	2193.93
-31610.0	7810.0	1246.63	2168.82
-31610.0	7810.0	1245.52	2150.47
-31610.0	7810.0	1244.41	2168.11
-31610.0	7810.0	1243.3	2174.5
-31610.0	7810.0	1242.18	2180.89
-31610.0	7810.0	1241.07	2265.96
-31610.0	7810.0	1239.96	2175.68
-31610.0	7810.0	1238.85	2148.36
-31610.0	7810.0	1237.74	2190.7
-31610.0	7810.0	1236.62	2210.55
-31610.0	7810.0	1235.51	2131.58
-31610.0	7810.0	1234.4	2117.75
-31610.0	7810.0	1233.28	2254.37
-31610.0	7810.0	1232.17	2170.94
-31610.0	7810.0	1231.06	2107.73
-31610.0	7810.0	1229.94	2145.54
-31610.0	7810.0	1228.83	2100.31
-31610.0	7810.0	1227.71	2221.11
-31610.0	7810.0	1226.6	2218.5
-31610.0	7810.0	1225.48	2146.37
-31610.0	7810.0	1224.37	2208.8
-31610.0	7810.0	1223.25	2145.66
-31610.0	7810.0	1222.14	2138.58
-31610.0	7810.0	1221.02	2153.92
-31610.0	7810.0	1219.91	2167.01
-31610.0	7810.0	1218.79	2099.43
-31610.0	7810.0	1217.68	2141.65
-31610.0	7810.0	1216.56	2103.22
-31610.0	7810.0	1215.44	2196.93
-31610.0	7810.0	1214.33	2174.18
-31610.0	7810.0	1213.21	2180.53
-31610.0	7810.0	1212.09	2166.74
-31610.0	7810.0	1210.98	2175.33
-31610.0	7810.0	1209.86	2136.93
-31610.0	7810.0	1208.74	2156.72
-31610.0	7810.0	1207.62	2245.83
-31610.0	7810.0	1206.51	2140.34
-31610.0	7810.0	1205.39	2180.24
-31610.0	7810.0	1204.27	2068.09
-31610.0	7810.0	1203.15	2061.04
-31610.0	7810.0	1202.03	2223.86
-31610.0	7810.0	1200.91	2120.69
-31610.0	7810.0	1199.8	2138.21
-31610.0	7810.0	1198.68	2124.45
-31610.0	7810.0	1197.56	2101.77
-31610.0	7810.0	1196.44	2123.75
-31610.0	7810.0	1195.32	2130.09
-31610.0	7810.0	1194.2	2076.16
-31610.0	7810.0	1193.08	2120.45
-31610.0	7810.0	1191.96	2180.36
-31610.0	7810.0	1190.84	2213.46
-31610.0	7810.0	1189.72	2135.01
-31610.0	7810.0	1188.6	2132.42
-31610.0	7810.0	1187.48	2187.82
-31610.0	7810.0	1186.35	2232.05
-31610.0	7810.0	1185.23	2113.52
-31610.0	7810.0	1184.11	2097.56
-31610.0	7810.0	1182.99	2110.58
-31610.0	7810.0	1181.87	2094.63
-31610.0	7810.0	1180.75	2145.52
-31610.0	7810.0	1179.62	2189.72
-31610.0	7810.0	1178.5	2211.62
-31610.0	7810.0	1177.38	2168.94
-31610.0	7810.0	1176.26	2273.22
-31610.0	7810.0	1175.13	2172.67
-31610.0	7810.0	1174.01	2125.56
-31610.0	7810.0	1172.89	2171.94
-31610.0	7810.0	1171.76	2135.97
-31610.0	7810.0	1170.64	2137.84
-31610.0	7810.0	1169.51	2119.69
-31610.0	7810.0	1168.39	2177.15
-31610.0	7810.0	1167.27	2125.64
-31610.0	7810.0	1166.14	2123.06
-31610.0	7810.0	1165.02	2127.15
-31610.0	7810.0	1163.89	2082.34
-31610.0	7810.0	1162.77	2181.98
-31610.0	7810.0	1161.64	2099.42
-31610.0	7810.0	1160.52	2119.05
-31610.0	7810.0	1159.39	2167.55
-31610.0	7810.0	1158.26	2140.54
-31610.0	7810.0	1157.14	2091.34
-31610.0	7810.0	1156.01	2150.92
-31610.0	7810.0	1154.88	2199.38
-31610.0	7810.0	1153.76	2145.75
-31610.0	7810.0	1152.63	2223.04
-31610.0	7810.0	1151.5	2133.94
-31610.0	7810.0	1150.38	2153.54
-31610.0	7810.0	1149.25	2122.13
-31610.0	7810.0	1148.12	2115.11
-31610.0	7810.0	1146.99	2192.34
-31610.0	7810.0	1145.87	2087.8
-31610.0	7810.0	1144.74	2118.47
-31610.0	7810.0	1143.61	2120.33
-31610.0	7810.0	1142.48	2104.46
-31610.0	7810.0	1141.35	2166.12
-31610.0	7810.0	1140.22	2128.1
-31610.0	7810.0	1139.09	2083.46
-31610.0	7810.0	1137.97	2198.22
-31610.0	7810.0	1136.84	2107.1
-31610.0	7810.0	1135.71	2117.81
-31610.0	7810.0	1134.58	2106.38
-31610.0	7810.0	1133.45	2103.81
-31610.0	7810.0	1132.32	2041.52
-31610.0	7810.0	1131.19	2025.69
-31610.0	7810.0	1130.05	2186.76
-31610.0	7810.0	1128.92	2153.22
-31610.0	7810.0	1127.79	2130.75
-31610.0	7810.0	1126.66	2141.44
-31610.0	7810.0	1125.53	2107.93
-31610.0	7810.0	1124.4	2111.99
-31610.0	7810.0	1123.27	2043.15
-31610.0	7810.0	1122.13	2049.43
-31610.0	7810.0	1121.0	2055.7
-31610.0	7810.0	1119.87	2044.31
-31610.0	7810.0	1118.74	2070.45
-31610.0	7810.0	1117.6	2162.79
-31610.0	7810.0	1116.47	2045.47
-31610.0	7810.0	1115.34	2153.22
-31610.0	7810.0	1114.2	2119.76
-31610.0	7810.0	1113.07	2165.71
-31610.0	7810.0	1111.94	2116.83
-31610.0	7810.0	1110.8	2156.15
-31610.0	7810.0	1109.67	2089.65
-31610.0	7810.0	1108.54	2095.9
-31610.0	7810.0	1107.4	2055.88
-31610.0	7810.0	1106.27	2088.57
-31610.0	7810.0	1105.13	2088.21
-31610.0	7810.0	1104.0	2076.84
-31610.0	7810.0	1102.86	2105.11
-31610.0	7810.0	1101.72	2100.34
-31610.0	7810.0	1100.59	2104.39
-31610.0	7810.0	1099.45	2095.22
-31610.0	7810.0	1098.32	2079.45
-31610.0	7810.0	1097.18	2098.9
-31610.0	7810.0	1096.04	2080.94
-31610.0	7810.0	1094.91	2051.98
-31610.0	7810.0	1093.77	2157.18
-31610.0	7810.0	1092.63	2194.18
-31610.0	7810.0	1091.5	2127.86
-31610.0	7810.0	1090.36	2167.05
-31610.0	7810.0	1089.22	2131.52
-31610.0	7810.0	1088.08	2098.19
-31610.0	7810.0	1086.95	2119.79
-31610.0	7810.0	1085.81	2145.78
-31610.0	7810.0	1084.67	2176.15
-31610.0	7810.0	1083.53	2096.74
-31610.0	7810.0	1082.39	2078.81
-31610.0	7810.0	1081.25	2078.45
-31610.0	7810.0	1080.11	2172.45
-31610.0	7810.0	1078.97	2158.91
-31610.0	7810.0	1077.83	2154.14
-31610.0	7810.0	1076.69	2116.48
-31610.0	7810.0	1075.55	2113.92
-31610.0	7810.0	1074.41	2142.06
-31610.0	7810.0	1073.27	2152.64
-31610.0	7810.0	1072.13	2117.2
-31610.0	7810.0	1070.99	2193.53
-31610.0	7810.0	1069.85	2162.47
-31610.0	7810.0	1068.71	2105.14
-31610.0	7810.0	1067.57	2146.39
-31610.0	7810.0	1066.43	2117.55
-31610.0	7810.0	1065.28	2077.77
-31610.0	7810.0	1064.14	2075.21
-31610.0	7810.0	1063.0	2007.0
-31610.0	7810.0	1061.86	2094.18
-31610.0	7810.0	1060.71	2174.77
-31610.0	7810.0	1059.57	2137.2
-31610.0	7810.0	1058.43	2104.02
-31610.0	7810.0	1057.29	2208.62
-31610.0	7810.0	1056.14	2092.35
-31610.0	7810.0	1055.0	2135.7
-31610.0	7810.0	1053.85	2176.86
-31610.0	7810.0	1052.71	2130.58
-31610.0	7810.0	1051.57	2182.65
-31610.0	7810.0	1050.42	2153.87
-31610.0	7810.0	1049.28	2251.77
-31610.0	7810.0	1048.13	2212.07
-31610.0	7810.0	1046.99	2292.46
-31610.0	7810.0	1045.84	2176.36
-31610.0	7810.0	1044.7	2224.0
-31610.0	7810.0	1043.55	2306.53
-31610.0	7810.0	1042.4	2279.94
-31610.0	7810.0	1041.26	2244.64
-31610.0	7810.0	1040.11	2226.79
-31610.0	7810.0	1038.97	2285.28
-31610.0	7810.0	1037.82	2260.89
-31610.0	7810.0	1036.67	2284.47
-31610.0	7810.0	1035.53	2364.71
-31610.0	7810.0	1034.38	2353.39
-31610.0	7810.0	1033.23	2324.65
-31610.0	7810.0	1032.08	2328.6
-31610.0	7810.0	1030.94	2384.81
-31610.0	7810.0	1029.79	2358.26
-31610.0	7810.0	1028.64	2425.34
-31610.0	7810.0	1027.49	2457.56
-31610.0	7810.0	1026.34	2311.31
-31610.0	7810.0	1025.19	2402.29
-31610.0	7810.0	1024.04	2393.16
-31610.0	7810.0	1022.89	2423.19
-31610.0	7810.0	1021.74	2492.35
-31610.0	7810.0	1020.59	2498.43
-31610.0	7810.0	1019.45	2471.9
-31610.0	7810.0	1018.29	2534.5
-31610.0	7810.0	1017.14	2594.9
-31610.0	7810.0	1015.99	2542.29
-31610.0	7810.0	1014.84	2570.08
-31610.0	7810.0	1013.69	2610.89
-31610.0	7810.0	1012.54	2612.6
-31610.0	7810.0	1011.39	2616.48
-31610.0	7810.0	1010.24	2685.48
-31610.0	7810.0	1009.09	2667.64
-31610.0	7810.0	1007.93	2623.76
-31610.0	7810.0	1006.78	2699.23
-31610.0	7810.0	1005.63	2733.46
-31610.0	7810.0	1004.48	2735.15
-31610.0	7810.0	1003.32	2797.55
-31610.0	7810.0	1002.17	2788.37
-31610.0	7810.0	1001.02	2820.39
-31610.0	7810.0	999.865	2891.42
-31610.0	7810.0	998.711	2875.73
-31610.0	7810.0	997.558	2933.72
-31610.0	7810.0	996.403	2926.69
-31610.0	7810.0	995.249	3004.14
-31610.0	7810.0	994.095	2986.28
-31610.0	7810.0	992.94	3169.78
-31610.0	7810.0	991.785	3078.29
-31610.0	7810.0	990.63	3185.96
-31610.0	7810.0	989.475	3245.98
-31610.0	7810.0	988.319	3189.14
-31610.0	7810.0	987.164	3301.06
-31610.0	7810.0	986.008	3367.51
-31610.0	7810.0	984.852	3438.27
-31610.0	7810.0	983.695	3435.49
-31610.0	7810.0	982.539	3549.44
-31610.0	7810.0	981.382	3561.76
-31610.0	7810.0	980.225	3468.21
-31610.0	7810.0	979.068	3517.27
-31610.0	7810.0	977.911	3546.88
-31610.0	7810.0	976.753	3673.66
-31610.0	7810.0	975.595	3651.41
-31610.0	7810.0	974.437	3715.52
-31610.0	7810.0	973.279	3786.08
-31610.0	7810.0	972.121	3765.97
-31610.0	7810.0	970.962	3823.55
-31610.0	7810.0	969.803	3777.55
-31610.0	7810.0	968.644	3748.83
-31610.0	7810.0	967.485	3733.06
-31610.0	7810.0	966.326	3773.35
-31610.0	7810.0	965.166	3729.55
-31610.0	7810.0	964.006	3871.13
-31610.0	7810.0	962.846	3937.24
-31610.0	7810.0	961.686	3805.09
-31610.0	7810.0	960.525	3761.31
-31610.0	7810.0	959.365	3866.17
-31610.0	7810.0	958.204	3846.09
-31610.0	7810.0	957.043	3946.59
-31610.0	7810.0	955.881	3902.82
-31610.0	7810.0	954.72	3889.19
-31610.0	7810.0	953.558	3877.73
-31610.0	7810.0	952.396	3877.02
-31610.0	7810.0	951.234	3762.31
-31610.0	7810.0	950.071	3841.2
-31610.0	7810.0	948.909	3846.95
-31610.0	7810.0	947.746	4009.65
-31610.0	7810.0	946.583	3942.28
-31610.0	7810.0	945.42	3941.56
-31610.0	7810.0	944.256	3973.07
-31610.0	7810.0	943.092	3995.98
-31610.0	7810.0	941.929	3913.63
-31610.0	7810.0	940.765	3977.34
-31610.0	7810.0	939.6	3892.87
-31610.0	7810.0	938.436	3838.49
-31610.0	7810.0	937.271	3797.01
-31610.0	7810.0	936.106	3781.29
-31610.0	7810.0	934.941	3765.58
-31610.0	7810.0	933.775	3767.04
-31610.0	7810.0	932.61	3607.63
-31610.0	7810.0	931.444	3450.42
-31610.0	7810.0	930.278	3544.13
-31610.0	7810.0	929.112	3444.87
-31610.0	7810.0	927.945	3339.22
-31610.0	7810.0	926.779	3291.47
-31610.0	7810.0	925.612	3299.43
-31610.0	7810.0	924.445	3262.41
-31610.0	7810.0	923.278	3281.09
-31610.0	7810.0	922.11	3211.96
-31610.0	7810.0	920.942	3007.98
-31610.0	7810.0	919.774	3144.42
-31610.0	7810.0	918.606	2994.04
-31610.0	7810.0	917.438	2995.63
-31610.0	7810.0	916.269	3005.77
-31610.0	7810.0	915.1	3028.75
-31610.0	7810.0	913.931	2934.09
-31610.0	7810.0	912.762	2813.81
-31610.0	7810.0	911.593	2898.81
-31610.0	7810.0	910.423	2821.33
-31610.0	7810.0	909.253	2786.61
-31610.0	7810.0	908.083	2743.37
-31610.0	7810.0	906.913	2879.58
-31610.0	7810.0	905.742	2864.09
-31610.0	7810.0	904.572	2705.55
-31610.0	7810.0	903.401	2788.31
-31610.0	7810.0	902.229	2764.31
-31610.0	7810.0	901.058	2774.47
-31610.0	7810.0	899.886	2669.4
-31610.0	7810.0	898.715	2685.98
-31610.0	7810.0	897.543	2640.69
-31610.0	7810.0	896.37	2716.97
-31610.0	7810.0	895.198	2778.3
-31610.0	7810.0	894.025	2786.31
-31610.0	7810.0	892.852	2698.41
-31610.0	7810.0	891.679	2706.43
-31610.0	7810.0	890.506	2695.28
-31610.0	7810.0	889.332	2737.38
-31610.0	7810.0	888.158	2694.27
-31610.0	7810.0	886.984	2644.79
-31610.0	7810.0	885.81	2733.72
-31610.0	7810.0	884.636	2628.91
-31610.0	7810.0	883.461	2613.52
-31610.0	7810.0	882.286	2549.2
-31610.0	7810.0	881.111	2535.96
-31610.0	7810.0	879.936	2586.54
-31610.0	7810.0	878.76	2698.77
-31610.0	7810.0	877.584	2638.73
-31610.0	7810.0	876.408	2572.34
-31610.0	7810.0	875.232	2578.23
-31610.0	7810.0	874.056	2603.25
-31610.0	7810.0	872.879	2600.64
-31610.0	7810.0	871.702	2532.18
-31610.0	7810.0	870.525	2661.26
-31610.0	7810.0	869.348	2575.82
-31610.0	7810.0	868.17	2583.83
-31610.0	7810.0	866.993	2528.16
-31610.0	7810.0	865.815	2557.4
-31610.0	7810.0	864.637	2550.56
-31610.0	7810.0	863.458	2494.92
-31610.0	7810.0	862.28	2522.02
-31610.0	7810.0	861.101	2563.97
-31610.0	7810.0	859.922	2514.72
-31610.0	7810.0	858.742	2571.48
-31610.0	7810.0	857.563	2498.94
-31610.0	7810.0	856.383	2576.88
-31610.0	7810.0	855.203	2567.92
-31610.0	7810.0	854.023	2529.3
-31610.0	7810.0	852.843	2569.07
-31610.0	7810.0	851.662	2498.71
-31610.0	7810.0	850.481	2428.37
-31610.0	7810.0	849.3	2480.83
-31610.0	7810.0	848.119	2469.78
-31610.0	7810.0	846.937	2486.25
-31610.0	7810.0	845.756	2437.12
-31610.0	7810.0	844.574	2453.58
-31610.0	7810.0	843.392	2525.02
-31610.0	7810.0	842.209	2509.74
-31610.0	7810.0	841.027	2409.91
-31610.0	7810.0	839.844	2428.48
-31610.0	7810.0	838.661	2421.68
-31610.0	7810.0	837.477	2459.26
-31610.0	7810.0	836.294	2528.5
-31610.0	7810.0	835.11	2454.1
-31610.0	7810.0	833.926	2550.77
-31610.0	7810.0	832.742	2505.95
-31610.0	7810.0	831.558	2399.94
-31610.0	7810.0	830.373	2511.33
-31610.0	7810.0	829.188	2472.88
-31610.0	7810.0	828.003	2451.32
-31610.0	7810.0	826.818	2410.78
-31610.0	7810.0	825.632	2422.97
-31610.0	7810.0	824.446	2449.92
-31610.0	7810.0	823.26	2527.45
-31610.0	7810.0	822.074	2489.03
-31610.0	7810.0	820.888	2537.03
-31610.0	7810.0	819.701	2469.13
-31610.0	7810.0	818.514	2474.98
-31610.0	7810.0	817.327	2459.77
-31610.0	7810.0	816.14	2594.05
-31610.0	7810.0	814.952	2500.93
-31610.0	7810.0	813.765	2445.73
-31610.0	7810.0	812.577	2403.18
-31610.0	7810.0	811.388	2392.2
-31610.0	7810.0	810.2	2406.47
-31610.0	7810.0	809.011	2462.8
-31610.0	7810.0	807.822	2498.07
-31610.0	7810.0	806.633	2497.6
-31610.0	7810.0	805.444	2463.49
-31610.0	7810.0	804.254	2429.39
-31610.0	7810.0	803.064	2456.25
-31610.0	7810.0	801.874	2319.23
-31610.0	7810.0	800.684	2381.79
-31610.0	7810.0	799.493	2433.84
-31610.0	7810.0	798.303	2525.75
-31610.0	7810.0	797.112	2439.2
-31610.0	7810.0	795.921	2430.34
-31610.0	7810.0	794.729	2505.42
-31610.0	7810.0	793.538	2402.14
-31610.0	7810.0	792.346	2428.95
-31610.0	7810.0	791.154	2424.29
-31610.0	7810.0	789.961	2339.95
-31610.0	7810.0	788.769	2423.36
-31610.0	7810.0	787.576	2355.82
-31610.0	7810.0	786.383	2382.61
-31610.0	7810.0	785.19	2346.54
-31610.0	7810.0	783.996	2346.09
-31610.0	7810.0	782.802	2333.07
-31610.0	7810.0	781.608	2332.62
-31610.0	7810.0	780.414	2411.72
-31610.0	7810.0	779.22	2304.51
-31610.0	7810.0	778.025	2308.25
-31610.0	7810.0	776.83	2404.06
-31610.0	7810.0	775.635	2437.06
-31610.0	7810.0	774.44	2344.57
-31610.0	7810.0	773.244	2356.66
-31610.0	7810.0	772.049	2425.2
-31610.0	7810.0	770.853	2322.31
-31610.0	7810.0	769.656	2273.79
-31610.0	7810.0	768.46	2308.88
-31610.0	7810.0	767.263	2391.99
-31610.0	7810.0	766.066	2399.89
-31610.0	7810.0	764.869	2459.98
-31610.0	7810.0	763.672	2386.43
-31610.0	7810.0	762.474	2312.91
-31610.0	7810.0	761.276	2316.63
-31610.0	7810.0	760.078	2264.02
-31610.0	7810.0	758.88	2311.57
-31610.0	7810.0	757.681	2394.55
-31610.0	7810.0	756.483	2356.55
-31610.0	7810.0	755.284	2381.11
-31610.0	7810.0	754.084	2368.14
-31610.0	7810.0	752.885	2250.97
-31610.0	7810.0	751.685	2279.7
-31610.0	7810.0	750.485	2229.26
-31610.0	7810.0	749.285	2237.16
-31610.0	7810.0	748.085	2259.63
-31610.0	7810.0	746.884	2242.54
-31610.0	7810.0	745.683	2208.79
-31610.0	7810.0	744.482	2304.11
-31610.0	7810.0	743.281	2278.69
-31610.0	7810.0	742.079	2274.08
-31610.0	7810.0	740.877	2336.05
-31610.0	7810.0	739.675	2333.51
-31610.0	7810.0	738.473	2278.99
-31610.0	7810.0	737.27	2307.65
-31610.0	7810.0	736.068	2269.79
-31610.0	7810.0	734.865	2198.69
-31610.0	7810.0	733.661	2225.27
-31610.0	7810.0	732.458	2310.01
-31610.0	7810.0	731.254	2243.1
-31610.0	7810.0	730.05	2296.65
-31610.0	7810.0	728.846	2223.54
-31610.0	7810.0	727.642	2227.25
-31610.0	7810.0	726.437	2251.72
-31610.0	7810.0	725.232	2218.08
-31610.0	7810.0	724.027	2205.2
-31610.0	7810.0	722.822	2250.4
-31610.0	7810.0	721.616	2229.22
-31610.0	7810.0	720.41	2214.27
-31610.0	7810.0	719.204	2236.64
-31610.0	7810.0	717.998	2288.02
-31610.0	7810.0	716.791	2204.68
-31610.0	7810.0	715.585	2235.33
-31610.0	7810.0	714.378	2475.16
-31610.0	7810.0	713.17	2404.26
-31610.0	7810.0	711.963	2289.91
-31610.0	7810.0	710.755	2266.69
-31610.0	7810.0	709.547	2289.02
-31610.0	7810.0	708.339	2257.53
-31610.0	7810.0	707.131	2325.35
-31610.0	7810.0	705.922	2244.23
-31610.0	7810.0	704.713	2262.4
-31610.0	7810.0	703.504	2338.46
-31610.0	7810.0	702.295	2259.44
-31610.0	7810.0	701.085	2325.14
-31610.0	7810.0	699.875	2355.67
-31610.0	7810.0	698.665	2301.49
-31610.0	7810.0	697.455	2344.42
-31610.0	7810.0	696.244	2401.78
-31610.0	7810.0	695.034	2324.91
-31610.0	7810.0	693.822	2305.87
-31610.0	7810.0	692.611	2319.87
-31610.0	7810.0	691.4	2430.84
-31610.0	7810.0	690.188	2378.78
-31610.0	7810.0	688.976	2388.62
-31610.0	7810.0	687.764	2305.66
-31610.0	7810.0	686.551	2356.75
-31610.0	7810.0	685.339	2424.31
-31610.0	7810.0	684.126	2446.51
-31610.0	7810.0	682.912	2452.21
-31610.0	7810.0	681.699	2511.47
-31610.0	7810.0	680.485	2482.13
-31610.0	7810.0	679.271	2508.41
-31610.0	7810.0	678.057	2489.39
-31610.0	7810.0	676.843	2484.78
-31610.0	7810.0	675.628	2465.76
-31610.0	7810.0	674.413	2494.08
-31610.0	7810.0	673.198	2542.96
-31610.0	7810.0	671.983	2509.55
-31610.0	7810.0	670.767	2451.46
-31610.0	7810.0	669.551	2547.62
-31610.0	7810.0	668.335	2530.67
-31610.0	7810.0	667.119	2505.5
-31610.0	7810.0	665.902	2517.33
-31610.0	7810.0	664.686	2475.74
-31610.0	7810.0	663.469	2602.6
-31610.0	7810.0	662.251	2622.62
-31610.0	7810.0	661.034	2498.9
-31610.0	7810.0	659.816	2574.36
-31610.0	7810.0	658.598	2510.22
-31610.0	7810.0	657.38	2522.03
-31610.0	7810.0	656.161	2560.51
-31610.0	7810.0	654.942	2537.44
-31610.0	7810.0	653.723	2596.41
-31610.0	7810.0	652.504	2501.57
-31610.0	7810.0	651.285	2503.12
-31610.0	7810.0	650.065	2473.93
-31610.0	7810.0	648.845	2555.4
-31610.0	7810.0	647.625	2587.67
-31610.0	7810.0	646.404	2638.37
-31610.0	7810.0	645.184	2621.46
-31610.0	7810.0	643.963	2659.84
-31610.0	7810.0	642.742	2614.27
-31610.0	7810.0	641.52	2570.76
-31610.0	7810.0	640.298	2613.22
-31610.0	7810.0	639.076	2596.33
-31610.0	7810.0	637.854	2659.22
-31610.0	7810.0	636.632	2650.51
-31610.0	7810.0	635.409	2641.8
-31610.0	7810.0	634.186	2723.04
-31610.0	7810.0	632.963	2610.08
-31610.0	7810.0	631.74	2664.73
-31610.0	7810.0	630.516	2668.28
-31610.0	7810.0	629.292	2639.15
-31610.0	7810.0	628.068	2677.43
-31610.0	7810.0	626.844	2676.89
-31610.0	7810.0	625.619	2696.77
-31610.0	7810.0	624.394	2732.96
-31610.0	7810.0	623.169	2742.62
-31610.0	7810.0	621.944	2678.82
-31610.0	7810.0	620.718	2686.44
-31610.0	7810.0	619.492	2649.19
-31610.0	7810.0	618.266	2744.49
-31610.0	7810.0	617.04	2743.94
-31610.0	7810.0	615.813	2657.78
-31610.0	7810.0	614.587	2759.13
-31610.0	7810.0	613.36	2787.1
-31610.0	7810.0	612.132	2713.21
-31610.0	7810.0	610.905	2700.44
-31610.0	7810.0	609.677	2679.54
-31610.0	7810.0	608.449	2689.18
-31610.0	7810.0	607.22	2643.86
-31610.0	7810.0	605.992	2738.96
-31610.0	7810.0	604.763	2587.86
-31610.0	7810.0	603.534	2587.34
-31610.0	7810.0	602.305	2635.62
-31610.0	7810.0	601.075	2596.46
-31610.0	7810.0	599.845	2569.51
-31610.0	7810.0	598.615	2650.28
-31610.0	7810.0	597.385	2613.17
-31610.0	7810.0	596.154	2659.37
-31610.0	7810.0	594.924	2664.93
-31610.0	7810.0	593.693	2670.48
-31610.0	7810.0	592.461	2661.82
-31610.0	7810.0	591.23	2618.65
-31610.0	7810.0	589.998	2597.82
-31610.0	7810.0	588.766	2615.56
-31610.0	7810.0	587.534	2580.54
-31610.0	7810.0	586.301	2559.73
-31610.0	7810.0	585.068	2565.3
-31610.0	7810.0	583.835	2542.48
-31610.0	7810.0	582.602	2625.07
-31610.0	7810.0	581.368	2616.43
-31610.0	7810.0	580.134	2555.11
-31610.0	7810.0	578.9	2633.6
-31610.0	7810.0	577.666	2620.91
-31610.0	7810.0	576.432	2640.63
-31610.0	7810.0	575.197	2569.23
-31610.0	7810.0	573.962	2607.17
-31610.0	7810.0	572.726	2515.57
-31610.0	7810.0	571.491	2618.25
-31610.0	7810.0	570.255	2579.28
-31610.0	7810.0	569.019	2718.31
-31610.0	7810.0	567.783	2580.25
-31610.0	7810.0	566.546	2688.9
-31610.0	7810.0	565.309	2629.74
-31610.0	7810.0	564.072	2665.58
-31610.0	7810.0	562.835	2709.48
-31610.0	7810.0	561.597	2680.65
-31610.0	7810.0	560.359	2760.89
-31610.0	7810.0	559.121	2715.9
-31610.0	7810.0	557.883	2786.01
-31610.0	7810.0	556.644	2805.62
-31610.0	7810.0	555.406	2851.47
-31610.0	7810.0	554.167	2891.24
-31610.0	7810.0	552.927	3011.68
-31610.0	7810.0	551.688	3009.04
-31610.0	7810.0	550.448	3072.95
-31610.0	7810.0	549.208	3068.29
-31610.0	7810.0	547.967	3214.8
-31610.0	7810.0	546.727	3260.49
-31610.0	7810.0	545.486	3281.99
-31610.0	7810.0	544.245	3361.89
-31610.0	7810.0	543.003	3405.5
-31610.0	7810.0	541.762	3481.32
-31610.0	7810.0	540.52	3706.07
-31610.0	7810.0	539.278	3751.6
-31610.0	7810.0	538.035	3980.23
-31610.0	7810.0	536.793	4200.72
-31610.0	7810.0	535.55	4453.3
-31610.0	7810.0	534.307	4641.42
-31610.0	7810.0	533.063	4998.35
-31610.0	7810.0	531.82	5445.6
-31610.0	7810.0	530.576	6093.64
-31610.0	7810.0	529.331	6717.3
-31610.0	7810.0	528.087	7832.89
-31610.0	7810.0	526.842	9245.29
-31610.0	7810.0	525.597	11962.4
-31610.0	7810.0	524.352	16119.9
-31610.0	7810.0	523.107	23381.0
-31610.0	7810.0	521.861	34004.7
-31610.0	7810.0	520.615	41465.8
-31610.0	7810.0	519.369	40307.8
-31610.0	7810.0	518.122	36390.5
-31610.0	7810.0	516.876	30844.5
-31610.0	7810.0	515.629	25880.2
-31610.0	7810.0	514.381	21820.0
-31610.0	7810.0	513.134	18729.3
-31610.0	7810.0	511.886	16513.5
-31610.0	7810.0	510.638	14909.6
-31610.0	7810.0	509.39	13524.6
-31610.0	7810.0	508.141	12630.8
-31610.0	7810.0	506.892	11949.5
-31610.0	7810.0	505.643	11570.8
-31610.0	7810.0	504.394	11174.2
-31610.0	7810.0	503.145	10677.7
-31610.0	7810.0	501.895	10463.5
-31610.0	7810.0	500.645	10329.3
-31610.0	7810.0	499.394	10387.1
-31610.0	7810.0	498.144	10407.0
-31610.0	7810.0	496.893	10456.8
-31610.0	7810.0	495.642	10278.8
-31610.0	7810.0	494.39	10160.8
-31610.0	7810.0	493.139	10158.7
-31610.0	7810.0	491.887	9916.96
-31610.0	7810.0	490.635	9623.41
-31610.0	7810.0	489.382	9509.63
-31610.0	7810.0	488.13	9549.57
-31610.0	7810.0	486.877	9449.83
-31610.0	7810.0	485.623	9254.36
-31610.0	7810.0	484.37	9296.32
-31610.0	7810.0	483.116	9208.65
-31610.0	7810.0	481.862	9027.31
-31610.0	7810.0	480.608	8921.79
-31610.0	7810.0	479.354	8981.72
-31610.0	7810.0	478.099	8792.57
-31610.0	7810.0	476.844	8756.88
-31610.0	7810.0	475.588	8635.56
-31610.0	7810.0	474.333	8703.46
-31610.0	7810.0	473.077	8568.27
-31610.0	7810.0	471.821	8546.59
-31610.0	7810.0	470.565	8399.55
-31610.0	7810.0	469.308	8294.35
-31610.0	7810.0	468.051	8155.37
-31610.0	7810.0	466.794	8139.76
-31610.0	7810.0	465.537	7977.01
-31610.0	7810.0	464.279	7875.96
-31610.0	7810.0	463.021	7826.62
-31610.0	7810.0	461.763	7777.3
-31610.0	7810.0	460.505	7559.14
-31610.0	7810.0	459.246	7521.82
-31610.0	7810.0	457.987	7291.88
-31610.0	7810.0	456.728	7204.99
-31610.0	7810.0	455.469	7028.81
-31610.0	7810.0	454.209	6840.8
-31610.0	7810.0	452.949	6793.74
-31610.0	7810.0	451.689	6756.61
-31610.0	7810.0	450.428	6685.79
-31610.0	7810.0	449.167	6533.69
-31610.0	7810.0	447.906	6397.52
-31610.0	7810.0	446.645	6396.18
-31610.0	7810.0	445.383	6285.86
-31610.0	7810.0	444.122	6201.33
-31610.0	7810.0	442.86	6061.38
-31610.0	7810.0	441.597	6058.13
-31610.0	7810.0	440.335	6050.93
-31610.0	7810.0	439.072	5841.8
-31610.0	7810.0	437.809	5802.98
-31610.0	7810.0	436.545	5789.89
-31610.0	7810.0	435.281	5642.28
-31610.0	7810.0	434.018	5536.27
-31610.0	7810.0	432.753	5657.72
-31610.0	7810.0	431.489	5571.52
-31610.0	7810.0	430.224	5536.75
-31610.0	7810.0	428.959	5369.58
-31610.0	7810.0	427.694	5277.57
-31610.0	7810.0	426.428	5231.03
-31610.0	7810.0	425.163	5253.63
-31610.0	7810.0	423.896	5106.41
-31610.0	7810.0	422.63	5077.7
-31610.0	7810.0	421.364	5066.77
-31610.0	7810.0	420.097	4974.93
-31610.0	7810.0	418.83	4981.78
-31610.0	7810.0	417.562	4891.97
-31610.0	7810.0	416.295	4885.02
-31610.0	7810.0	415.027	4901.74
-31610.0	7810.0	413.758	4847.49
-31610.0	7810.0	412.49	4779.46
-31610.0	7810.0	411.221	4672.05
-31610.0	7810.0	409.952	4771.54
-31610.0	7810.0	408.683	4733.12
-31610.0	7810.0	407.414	4803.02
-31610.0	7810.0	406.144	4742.94
-31610.0	7810.0	404.874	4615.97
-31610.0	7810.0	403.603	4717.33
-31610.0	7810.0	402.333	4808.82
-31610.0	7810.0	401.062	4772.4
-31610.0	7810.0	399.791	4730.09
-31610.0	7810.0	398.519	4738.93
-31610.0	7810.0	397.248	4712.37
-31610.0	7810.0	395.976	4658.31
-31610.0	7810.0	394.704	4747.73
-31610.0	7810.0	393.431	4693.68
-31610.0	7810.0	392.159	4627.87
-31610.0	7810.0	390.886	4677.96
-31610.0	7810.0	389.612	4735.87
-31610.0	7810.0	388.339	4681.87
-31610.0	7810.0	387.065	4563.13
-31610.0	7810.0	385.791	4619.07
-31610.0	7810.0	384.517	4639.68
-31610.0	7810.0	383.242	4617.12
-31610.0	7810.0	381.967	4635.76
-31610.0	7810.0	380.692	4611.25
-31610.0	7810.0	379.417	4604.4
-31610.0	7810.0	378.141	4634.79
-31610.0	7810.0	376.865	4631.85
-31610.0	7810.0	375.589	4497.66
-31610.0	7810.0	374.312	4524.13
-31610.0	7810.0	373.035	4554.51
-31610.0	7810.0	371.758	4582.91
-31610.0	7810.0	370.481	4542.8
-31610.0	7810.0	369.204	4477.26
-31610.0	7810.0	367.926	4529.14
-31610.0	7810.0	366.648	4520.36
-31610.0	7810.0	365.369	4441.18
-31610.0	7810.0	364.091	4363.98
-31610.0	7810.0	362.812	4513.58
-31610.0	7810.0	361.532	4446.18
-31610.0	7810.0	360.253	4417.88
-31610.0	7810.0	358.973	4471.64
-31610.0	7810.0	357.693	4355.46
-31610.0	7810.0	356.413	4376.02
-31610.0	7810.0	355.132	4480.52
-31610.0	7810.0	353.852	4559.6
-31610.0	7810.0	352.571	4414.22
-31610.0	7810.0	351.289	4479.62
-31610.0	7810.0	350.008	4455.27
-31610.0	7810.0	348.726	4460.17
-31610.0	7810.0	347.444	4486.52
-31610.0	7810.0	346.161	4444.64
-31610.0	7810.0	344.878	4416.41
-31610.0	7810.0	343.595	4358.96
-31610.0	7810.0	342.312	4626.88
-31610.0	7810.0	341.029	4534.36
-31610.0	7810.0	339.745	4494.45
-31610.0	7810.0	338.461	4596.68
-31610.0	7810.0	337.176	4568.46
-31610.0	7810.0	335.892	4647.28
-31610.0	7810.0	334.607	4679.37
-31610.0	7810.0	333.322	4594.73
-31610.0	7810.0	332.036	4659.88
-31610.0	7810.0	330.75	4653.05
-31610.0	7810.0	329.464	4587.91
-31610.0	7810.0	328.178	4608.32
-31610.0	7810.0	326.892	4681.18
-31610.0	7810.0	325.605	4738.47
-31610.0	7810.0	324.318	4786.02
-31610.0	7810.0	323.03	4802.48
-31610.0	7810.0	321.743	4832.52
-31610.0	7810.0	320.455	4905.26
-31610.0	7810.0	319.167	4878.98
-31610.0	7810.0	317.878	4804.21
-31610.0	7810.0	316.59	4900.19
-31610.0	7810.0	315.301	4887.51
-31610.0	7810.0	314.011	5082.31
-31610.0	7810.0	312.722	4962.97
-31610.0	7810.0	311.432	5039.45
-31610.0	7810.0	310.142	4943.42
-31610.0	7810.0	308.851	5015.99
-31610.0	7810.0	307.561	5088.53
-31610.0	7810.0	306.27	5193.95
-31610.0	7810.0	304.979	5144.44
-31610.0	7810.0	303.687	5222.71
-31610.0	7810.0	302.395	5229.34
-31610.0	7810.0	301.103	5332.71
-31610.0	7810.0	299.811	5213.57
-31610.0	7810.0	298.519	5131.23
-31610.0	7810.0	297.226	5064.38
-31610.0	7810.0	295.933	4989.84
-31610.0	7810.0	294.639	5066.09
-31610.0	7810.0	293.345	5012.83
-31610.0	7810.0	292.052	4861.06
-31610.0	7810.0	290.757	4846.5
-31610.0	7810.0	289.463	4835.81
-31610.0	7810.0	288.168	4877.26
-31610.0	7810.0	286.873	4771.97
-31610.0	7810.0	285.578	4759.38
-31610.0	7810.0	284.282	4679.25
-31610.0	7810.0	282.986	4678.25
-31610.0	7810.0	281.69	4586.59
-31610.0	7810.0	280.393	4668.53
-31610.0	7810.0	279.097	4497.88
-31610.0	7810.0	277.8	4514.26
-31610.0	7810.0	276.502	4509.44
-31610.0	7810.0	275.205	4414.07
-31610.0	7810.0	273.907	4422.76
-31610.0	7810.0	272.609	4362.11
-31610.0	7810.0	271.311	4226.4
-31610.0	7810.0	270.012	4362.17
-31610.0	7810.0	268.713	4284.25
-31610.0	7810.0	267.414	4271.79
-31610.0	7810.0	266.114	4218.93
-31610.0	7810.0	264.814	4200.72
-31610.0	7810.0	263.514	4040.21
-31610.0	7810.0	262.214	4116.25
-31610.0	7810.0	260.913	4028.87
-31610.0	7810.0	259.613	4081.82
-31610.0	7810.0	258.311	4013.7
-31610.0	7810.0	257.01	4001.31
-31610.0	7810.0	255.708	3917.87
-31610.0	7810.0	254.406	3907.43
-31610.0	7810.0	253.104	3925.79
-31610.0	7810.0	251.801	3898.08
-31610.0	7810.0	250.499	3778.28
-31610.0	7810.0	249.195	3800.49
-31610.0	7810.0	247.892	3772.82
-31610.0	7810.0	246.588	3708.73
-31610.0	7810.0	245.284	3683.01
-31610.0	7810.0	243.98	3680.3
-31610.0	7810.0	242.676	3673.76
-31610.0	7810.0	241.371	3636.57
-31610.0	7810.0	240.066	3670.27
-31610.0	7810.0	238.76	3680.98
-31610.0	7810.0	237.455	3630.4
-31610.0	7810.0	236.149	3572.19
-31610.0	7810.0	234.843	3506.35
-31610.0	7810.0	233.536	3511.34
-31610.0	7810.0	232.229	3613.9
-31610.0	7810.0	230.922	3463.93
-31610.0	7810.0	229.615	3421.11
-31610.0	7810.0	228.307	3391.7
-31610.0	7810.0	227.0	3377.59
-31610.0	7810.0	225.691	3290.87
-31610.0	7810.0	224.383	3238.57
-31610.0	7810.0	223.074	3243.61
-31610.0	7810.0	221.765	3231.45
-31610.0	7810.0	220.456	3335.78
-31610.0	7810.0	219.146	3344.61
-31610.0	7810.0	217.836	3280.9
-31610.0	7810.0	216.526	3154.26
-31610.0	7810.0	215.216	3142.13
-31610.0	7810.0	213.905	3109.03
-31610.0	7810.0	212.594	3106.46
-31610.0	7810.0	211.283	3204.93
-31610.0	7810.0	209.971	3122.28
-31610.0	7810.0	208.66	3222.61
-31610.0	7810.0	207.348	3286.7
-31610.0	7810.0	206.035	3325.99
-31610.0	7810.0	204.722	3412.89
-31610.0	7810.0	203.409	3524.49
-31610.0	7810.0	202.096	3624.63
-31610.0	7810.0	200.783	3717.11
-31610.0	7810.0	199.469	3820.97
-31610.0	7810.0	198.155	3972.35
-31610.0	7810.0	196.84	4011.44
-31610.0	7810.0	195.526	4101.85
-31610.0	7810.0	194.211	4158.01
-31610.0	7810.0	192.896	4159.01
-31610.0	7810.0	191.58	4431.78
-31610.0	7810.0	190.264	4347.22
-31610.0	7810.0	188.948	4329.19
-31610.0	7810.0	187.632	4472.6
-31610.0	7810.0	186.315	4295.05
-31610.0	7810.0	184.998	4356.77
-31610.0	7810.0	183.681	4422.26
-31610.0	7810.0	182.364	4478.23
-31610.0	7810.0	181.046	4534.18
-31610.0	7810.0	179.728	4559.76
-31610.0	7810.0	178.41	4602.39
-31610.0	7810.0	177.091	4605.19
-31610.0	7810.0	175.772	4556.81
-31610.0	7810.0	174.453	4597.52
-31610.0	7810.0	173.133	4573.8
-31610.0	7810.0	171.814	4680.79
-31610.0	7810.0	170.494	4702.5
-31610.0	7810.0	169.173	4710.96
-31610.0	7810.0	167.853	4704.26
-31610.0	7810.0	166.532	4807.34
-31610.0	7810.0	165.211	4810.09
-31610.0	7810.0	163.889	4748.52
-31610.0	7810.0	162.567	4715.34
-31610.0	7810.0	161.245	4740.8
-31610.0	7810.0	159.923	4821.07
-31610.0	7810.0	158.6	4833.26
-31610.0	7810.0	157.278	4856.79
-31610.0	7810.0	155.954	4902.97
-31610.0	7810.0	154.631	4964.25
-31610.0	7810.0	153.307	4938.63
-31610.0	7810.0	151.983	4980.99
-31610.0	7810.0	150.659	4976.14
-31610.0	7810.0	149.334	5050.56
-31610.0	7810.0	148.009	4964.56
-31610.0	7810.0	146.684	5063.48
-31610.0	7810.0	145.359	4858.68
-31610.0	7810.0	144.033	4963.24
-31610.0	7810.0	142.707	4994.21
-31610.0	7810.0	141.381	4951.67
-31610.0	7810.0	140.054	5059.9
-31610.0	7810.0	138.727	4938.23
-31610.0	7810.0	137.4	4993.67
-31610.0	7810.0	136.072	4979.41
-31610.0	7810.0	134.745	4912.44
-31610.0	7810.0	133.417	4853.02
-31610.0	7810.0	132.088	4900.9
-31610.0	7810.0	130.76	5014.63
-31610.0	7810.0	129.431	5011.66
-31610.0	7810.0	128.102	4944.75
-31610.0	7810.0	126.772	4847.78
-31610.0	7810.0	125.442	4807.26
-31610.0	7810.0	124.112	4721.63
-31610.0	7810.0	122.782	4818.33
-31610.0	7810.0	121.451	4817.29
-31610.0	7810.0	120.12	4592.72
-31610.0	7810.0	118.789	4529.76
-31610.0	7810.0	117.458	4553.19
-31610.0	7810.0	116.126	4465.85
-31610.0	7810.0	114.794	4410.46
-31610.0	7810.0	113.462	4326.95
-31610.0	7810.0	112.129	4258.48
-31610.0	7810.0	110.796	4060.62
-31610.0	7810.0	109.463	4071.0
-31610.0	7810.0	108.129	3929.51
-31610.0	7810.0	106.796	3773.09
-31610.0	7810.0	105.461	3618.61
-31610.0	7810.0	104.127	3531.64
-31610.0	7810.0	102.792	3364.17
-31610.0	7810.0	101.457	3140.59
-31610.0	7810.0	100.122	2941.44
-31610.0	7810.0	98.7867	2738.64
-31610.0	7810.0	97.4509	2597.68
-31610.0	7810.0	96.1148	2479.24
-31610.0	7810.0	94.7784	2293.5
-31610.0	7810.0	93.4418	2192.01
-31610.0	7810.0	92.1048	2163.49
-31610.0	7810.0	90.7676	2052.72
-31610.0	7810.0	89.43	1992.46
-31610.0	7810.0	88.0922	1969.61
-31610.0	7810.0	86.7541	1881.37
-31610.0	7810.0	85.4157	1860.42
