-31604.0	7818.0	1311.89	2196.41
-31604.0	7818.0	1310.78	2218.77
-31604.0	7818.0	1309.68	2188.89
-31604.0	7818.0	1308.58	2195.35
-31604.0	7818.0	1307.48	2222.24
-31604.0	7818.0	1306.38	2278.63
-31604.0	7818.0	1305.28	2205.65
-31604.0	7818.0	1304.18	2237.06
-31604.0	7818.0	1303.07	2189.06
-31604.0	7818.0	1301.97	2247.68
-31604.0	7818.0	1300.87	2152.08
-31604.0	7818.0	1299.77	2174.4
-31604.0	7818.0	1298.66	2248.87
-31604.0	7818.0	1297.56	2302.91
-31604.0	7818.0	1296.46	2273.07
-31604.0	7818.0	1295.35	2252.32
-31604.0	7818.0	1294.25	2310.86
-31604.0	7818.0	1293.15	2290.1
-31604.0	7818.0	1292.04	2303.32
-31604.0	7818.0	1290.94	2323.33
-31604.0	7818.0	1289.83	2259.56
-31604.0	7818.0	1288.73	2245.62
-31604.0	7818.0	1287.63	2265.62
-31604.0	7818.0	1286.52	2226.79
-31604.0	7818.0	1285.42	2208.33
-31604.0	7818.0	1284.31	2230.6
-31604.0	7818.0	1283.21	2266.43
-31604.0	7818.0	1282.1	2207.26
-31604.0	7818.0	1280.99	2270.22
-31604.0	7818.0	1279.89	2235.94
-31604.0	7818.0	1278.78	2185.85
-31604.0	7818.0	1277.68	2314.32
-31604.0	7818.0	1276.57	2142.21
-31604.0	7818.0	1275.46	2159.93
-31604.0	7818.0	1274.36	2283.83
-31604.0	7818.0	1273.25	2319.6
-31604.0	7818.0	1272.14	2278.57
-31604.0	7818.0	1271.04	2294.01
-31604.0	7818.0	1269.93	2203.34
-31604.0	7818.0	1268.82	2234.58
-31604.0	7818.0	1267.71	2218.42
-31604.0	7818.0	1266.61	2229.34
-31604.0	7818.0	1265.5	2222.21
-31604.0	7818.0	1264.39	2188.02
-31604.0	7818.0	1263.28	2180.89
-31604.0	7818.0	1262.17	2167.01
-31604.0	7818.0	1261.06	2135.09
-31604.0	7818.0	1259.95	2139.25
-31604.0	7818.0	1258.84	2163.7
-31604.0	7818.0	1257.74	2188.13
-31604.0	7818.0	1256.63	2237.35
-31604.0	7818.0	1255.52	2160.39
-31604.0	7818.0	1254.41	2254.64
-31604.0	7818.0	1253.3	2236.25
-31604.0	7818.0	1252.19	2222.38
-31604.0	7818.0	1251.08	2190.5
-31604.0	7818.0	1249.96	2248.66
-31604.0	7818.0	1248.85	2185.28
-31604.0	7818.0	1247.74	2247.93
-31604.0	7818.0	1246.63	2245.31
-31604.0	7818.0	1245.52	2226.95
-31604.0	7818.0	1244.41	2127.63
-31604.0	7818.0	1243.3	2176.75
-31604.0	7818.0	1242.18	2205.62
-31604.0	7818.0	1241.07	2187.28
-31604.0	7818.0	1239.96	2117.24
-31604.0	7818.0	1238.85	2141.62
-31604.0	7818.0	1237.74	2123.29
-31604.0	7818.0	1236.62	2147.65
-31604.0	7818.0	1235.51	2129.33
-31604.0	7818.0	1234.4	2113.26
-31604.0	7818.0	1233.28	2182.52
-31604.0	7818.0	1232.17	2213.59
-31604.0	7818.0	1231.06	2085.28
-31604.0	7818.0	1229.94	2181.45
-31604.0	7818.0	1228.83	2151.92
-31604.0	7818.0	1227.71	2144.83
-31604.0	7818.0	1226.6	2144.48
-31604.0	7818.0	1225.48	2065.63
-31604.0	7818.0	1224.37	2107.89
-31604.0	7818.0	1223.25	2134.45
-31604.0	7818.0	1222.14	2232.73
-31604.0	7818.0	1221.02	2158.4
-31604.0	7818.0	1219.91	2160.29
-31604.0	7818.0	1218.79	2142.0
-31604.0	7818.0	1217.68	2204.38
-31604.0	7818.0	1216.56	2237.61
-31604.0	7818.0	1215.44	2156.62
-31604.0	7818.0	1214.33	2214.48
-31604.0	7818.0	1213.21	2104.41
-31604.0	7818.0	1212.09	2128.69
-31604.0	7818.0	1210.98	2170.86
-31604.0	7818.0	1209.86	2235.39
-31604.0	7818.0	1208.74	2192.51
-31604.0	7818.0	1207.62	2165.31
-31604.0	7818.0	1206.51	2079.96
-31604.0	7818.0	1205.39	2157.88
-31604.0	7818.0	1204.27	2197.76
-31604.0	7818.0	1203.15	2177.28
-31604.0	7818.0	1202.03	2174.68
-31604.0	7818.0	1200.91	2156.45
-31604.0	7818.0	1199.8	2124.81
-31604.0	7818.0	1198.68	2095.41
-31604.0	7818.0	1197.56	2159.84
-31604.0	7818.0	1196.44	2195.21
-31604.0	7818.0	1195.32	2201.54
-31604.0	7818.0	1194.2	2105.18
-31604.0	7818.0	1193.08	2124.92
-31604.0	7818.0	1191.96	2160.27
-31604.0	7818.0	1190.84	2182.22
-31604.0	7818.0	1189.72	2152.86
-31604.0	7818.0	1188.6	2163.65
-31604.0	7818.0	1187.48	2183.36
-31604.0	7818.0	1186.35	2156.24
-31604.0	7818.0	1185.23	2196.01
-31604.0	7818.0	1184.11	2164.43
-31604.0	7818.0	1182.99	2119.5
-31604.0	7818.0	1181.87	2121.37
-31604.0	7818.0	1180.75	2152.21
-31604.0	7818.0	1179.62	2189.72
-31604.0	7818.0	1178.5	2129.22
-31604.0	7818.0	1177.38	2217.93
-31604.0	7818.0	1176.26	2177.48
-31604.0	7818.0	1175.13	2074.72
-31604.0	7818.0	1174.01	2103.3
-31604.0	7818.0	1172.89	2145.23
-31604.0	7818.0	1171.76	2171.57
-31604.0	7818.0	1170.64	2211.25
-31604.0	7818.0	1169.51	2195.31
-31604.0	7818.0	1168.39	2126.0
-31604.0	7818.0	1167.27	2094.51
-31604.0	7818.0	1166.14	2149.74
-31604.0	7818.0	1165.02	2058.25
-31604.0	7818.0	1163.89	2120.12
-31604.0	7818.0	1162.77	2097.55
-31604.0	7818.0	1161.64	2179.39
-31604.0	7818.0	1160.52	2194.57
-31604.0	7818.0	1159.39	2169.77
-31604.0	7818.0	1158.26	2156.09
-31604.0	7818.0	1157.14	2029.18
-31604.0	7818.0	1156.01	2208.63
-31604.0	7818.0	1154.88	2254.86
-31604.0	7818.0	1153.76	2247.83
-31604.0	7818.0	1152.63	2183.11
-31604.0	7818.0	1151.5	2160.55
-31604.0	7818.0	1150.38	2126.92
-31604.0	7818.0	1149.25	2139.87
-31604.0	7818.0	1148.12	2101.81
-31604.0	7818.0	1146.99	2214.51
-31604.0	7818.0	1145.87	2180.89
-31604.0	7818.0	1144.74	2180.52
-31604.0	7818.0	1143.61	2153.56
-31604.0	7818.0	1142.48	2095.6
-31604.0	7818.0	1141.35	2155.04
-31604.0	7818.0	1140.22	2132.53
-31604.0	7818.0	1139.09	2169.81
-31604.0	7818.0	1137.97	2111.89
-31604.0	7818.0	1136.84	2217.77
-31604.0	7818.0	1135.71	2193.05
-31604.0	7818.0	1134.58	2152.85
-31604.0	7818.0	1133.45	2086.11
-31604.0	7818.0	1132.32	2172.02
-31604.0	7818.0	1131.19	2142.9
-31604.0	7818.0	1130.05	2180.12
-31604.0	7818.0	1128.92	2184.17
-31604.0	7818.0	1127.79	2090.97
-31604.0	7818.0	1126.66	2148.07
-31604.0	7818.0	1125.53	2167.59
-31604.0	7818.0	1124.4	2107.57
-31604.0	7818.0	1123.27	2149.18
-31604.0	7818.0	1122.13	2164.27
-31604.0	7818.0	1121.0	2095.45
-31604.0	7818.0	1119.87	2077.43
-31604.0	7818.0	1118.74	2167.57
-31604.0	7818.0	1117.6	2153.96
-31604.0	7818.0	1116.47	2098.42
-31604.0	7818.0	1115.34	2168.66
-31604.0	7818.0	1114.2	2161.67
-31604.0	7818.0	1113.07	2154.69
-31604.0	7818.0	1111.94	2101.39
-31604.0	7818.0	1110.8	2173.79
-31604.0	7818.0	1109.67	2113.9
-31604.0	7818.0	1108.54	2071.66
-31604.0	7818.0	1107.4	2073.51
-31604.0	7818.0	1106.27	2106.2
-31604.0	7818.0	1105.13	2105.84
-31604.0	7818.0	1104.0	2138.51
-31604.0	7818.0	1102.86	2085.29
-31604.0	7818.0	1101.72	2153.18
-31604.0	7818.0	1100.59	2088.98
-31604.0	7818.0	1099.45	2132.63
-31604.0	7818.0	1098.32	2138.87
-31604.0	7818.0	1097.18	2090.1
-31604.0	7818.0	1096.04	2118.33
-31604.0	7818.0	1094.91	2102.57
-31604.0	7818.0	1093.77	2168.18
-31604.0	7818.0	1092.63	2279.93
-31604.0	7818.0	1091.5	2187.21
-31604.0	7818.0	1090.36	2186.83
-31604.0	7818.0	1089.22	2228.2
-31604.0	7818.0	1088.08	2139.94
-31604.0	7818.0	1086.95	1992.39
-31604.0	7818.0	1085.81	2128.21
-31604.0	7818.0	1084.67	2149.8
-31604.0	7818.0	1083.53	2098.93
-31604.0	7818.0	1082.39	2094.18
-31604.0	7818.0	1081.25	2166.24
-31604.0	7818.0	1080.11	2185.61
-31604.0	7818.0	1078.97	2097.47
-31604.0	7818.0	1077.83	2123.43
-31604.0	7818.0	1076.69	2096.74
-31604.0	7818.0	1075.55	2076.64
-31604.0	7818.0	1074.41	2168.37
-31604.0	7818.0	1073.27	2194.29
-31604.0	7818.0	1072.13	2224.6
-31604.0	7818.0	1070.99	2165.04
-31604.0	7818.0	1069.85	2147.14
-31604.0	7818.0	1068.71	2127.05
-31604.0	7818.0	1067.57	2214.28
-31604.0	7818.0	1066.43	2156.96
-31604.0	7818.0	1065.28	2143.45
-31604.0	7818.0	1064.14	2199.99
-31604.0	7818.0	1063.0	2105.49
-31604.0	7818.0	1061.86	2168.59
-31604.0	7818.0	1060.71	2150.7
-31604.0	7818.0	1059.57	2270.64
-31604.0	7818.0	1058.43	2195.88
-31604.0	7818.0	1057.29	2138.64
-31604.0	7818.0	1056.14	2153.57
-31604.0	7818.0	1055.0	2229.7
-31604.0	7818.0	1053.85	2211.83
-31604.0	7818.0	1052.71	2198.33
-31604.0	7818.0	1051.57	2219.79
-31604.0	7818.0	1050.42	2184.45
-31604.0	7818.0	1049.28	2214.64
-31604.0	7818.0	1048.13	2227.35
-31604.0	7818.0	1046.99	2246.61
-31604.0	7818.0	1045.84	2150.17
-31604.0	7818.0	1044.7	2287.29
-31604.0	7818.0	1043.55	2365.44
-31604.0	7818.0	1042.4	2271.21
-31604.0	7818.0	1041.26	2270.81
-31604.0	7818.0	1040.11	2261.69
-31604.0	7818.0	1038.97	2287.46
-31604.0	7818.0	1037.82	2341.56
-31604.0	7818.0	1036.67	2247.41
-31604.0	7818.0	1035.53	2417.01
-31604.0	7818.0	1034.38	2288.02
-31604.0	7818.0	1033.23	2342.08
-31604.0	7818.0	1032.08	2361.27
-31604.0	7818.0	1030.94	2373.92
-31604.0	7818.0	1029.79	2441.01
-31604.0	7818.0	1028.64	2436.22
-31604.0	7818.0	1027.49	2409.67
-31604.0	7818.0	1026.34	2439.71
-31604.0	7818.0	1025.19	2443.63
-31604.0	7818.0	1024.04	2441.02
-31604.0	7818.0	1022.89	2460.17
-31604.0	7818.0	1021.74	2490.18
-31604.0	7818.0	1020.59	2413.63
-31604.0	7818.0	1019.45	2539.3
-31604.0	7818.0	1018.29	2536.67
-31604.0	7818.0	1017.14	2507.97
-31604.0	7818.0	1015.99	2511.87
-31604.0	7818.0	1014.84	2611.36
-31604.0	7818.0	1013.69	2530.52
-31604.0	7818.0	1012.54	2538.76
-31604.0	7818.0	1011.39	2655.56
-31604.0	7818.0	1010.24	2618.18
-31604.0	7818.0	1009.09	2704.54
-31604.0	7818.0	1007.93	2697.55
-31604.0	7818.0	1006.78	2731.78
-31604.0	7818.0	1005.63	2768.17
-31604.0	7818.0	1004.48	2780.69
-31604.0	7818.0	1003.32	2752.01
-31604.0	7818.0	1002.17	2929.31
-31604.0	7818.0	1001.02	2976.48
-31604.0	7818.0	999.865	2932.6
-31604.0	7818.0	998.711	2903.9
-31604.0	7818.0	997.558	2955.38
-31604.0	7818.0	996.403	2957.02
-31604.0	7818.0	995.249	3027.97
-31604.0	7818.0	994.095	3092.39
-31604.0	7818.0	992.94	3176.28
-31604.0	7818.0	991.785	3277.45
-31604.0	7818.0	990.63	3162.15
-31604.0	7818.0	989.475	3328.21
-31604.0	7818.0	988.319	3314.63
-31604.0	7818.0	987.164	3394.07
-31604.0	7818.0	986.008	3382.65
-31604.0	7818.0	984.852	3520.44
-31604.0	7818.0	983.695	3599.8
-31604.0	7818.0	982.539	3694.27
-31604.0	7818.0	981.382	3676.31
-31604.0	7818.0	980.225	3582.73
-31604.0	7818.0	979.068	3666.35
-31604.0	7818.0	977.911	3687.29
-31604.0	7818.0	976.753	3699.58
-31604.0	7818.0	975.595	3623.34
-31604.0	7818.0	974.437	3670.18
-31604.0	7818.0	973.279	3814.14
-31604.0	7818.0	972.121	3785.39
-31604.0	7818.0	970.962	3793.34
-31604.0	7818.0	969.803	3857.38
-31604.0	7818.0	968.644	3800.6
-31604.0	7818.0	967.485	3767.56
-31604.0	7818.0	966.326	3844.5
-31604.0	7818.0	965.166	3835.18
-31604.0	7818.0	964.006	3812.94
-31604.0	7818.0	962.846	3902.76
-31604.0	7818.0	961.686	3919.29
-31604.0	7818.0	960.525	3894.88
-31604.0	7818.0	959.365	3920.02
-31604.0	7818.0	958.204	3932.23
-31604.0	7818.0	957.043	3925.05
-31604.0	7818.0	955.881	3920.04
-31604.0	7818.0	954.72	3951.61
-31604.0	7818.0	953.558	4054.18
-31604.0	7818.0	952.396	3993.2
-31604.0	7818.0	951.234	3910.73
-31604.0	7818.0	950.071	4036.92
-31604.0	7818.0	948.909	4038.33
-31604.0	7818.0	947.746	4054.79
-31604.0	7818.0	946.583	4060.5
-31604.0	7818.0	945.42	4031.83
-31604.0	7818.0	944.256	4063.32
-31604.0	7818.0	943.092	3961.61
-31604.0	7818.0	941.929	3990.96
-31604.0	7818.0	940.765	3940.83
-31604.0	7818.0	939.6	4034.59
-31604.0	7818.0	938.436	4113.28
-31604.0	7818.0	937.271	3912.92
-31604.0	7818.0	936.106	4008.77
-31604.0	7818.0	934.941	3844.97
-31604.0	7818.0	933.775	3777.76
-31604.0	7818.0	932.61	3697.71
-31604.0	7818.0	931.444	3667.01
-31604.0	7818.0	930.278	3584.87
-31604.0	7818.0	929.112	3380.56
-31604.0	7818.0	927.945	3525.69
-31604.0	7818.0	926.779	3405.04
-31604.0	7818.0	925.612	3333.71
-31604.0	7818.0	924.445	3281.69
-31604.0	7818.0	923.278	3227.54
-31604.0	7818.0	922.11	3179.84
-31604.0	7818.0	920.942	3095.76
-31604.0	7818.0	919.774	3212.92
-31604.0	7818.0	918.606	3122.44
-31604.0	7818.0	917.438	3113.31
-31604.0	7818.0	916.269	3048.56
-31604.0	7818.0	915.1	2983.83
-31604.0	7818.0	913.931	2996.11
-31604.0	7818.0	912.762	2952.79
-31604.0	7818.0	911.593	2997.14
-31604.0	7818.0	910.423	2936.74
-31604.0	7818.0	909.253	2895.6
-31604.0	7818.0	908.083	2803.19
-31604.0	7818.0	906.913	2871.03
-31604.0	7818.0	905.742	2838.47
-31604.0	7818.0	904.572	2827.26
-31604.0	7818.0	903.401	2822.47
-31604.0	7818.0	902.229	2909.47
-31604.0	7818.0	901.058	2829.96
-31604.0	7818.0	899.886	2801.7
-31604.0	7818.0	898.715	2826.78
-31604.0	7818.0	897.543	2753.74
-31604.0	7818.0	896.37	2857.72
-31604.0	7818.0	895.198	2695.14
-31604.0	7818.0	894.025	2694.64
-31604.0	7818.0	892.852	2736.77
-31604.0	7818.0	891.679	2791.67
-31604.0	7818.0	890.506	2659.05
-31604.0	7818.0	889.332	2748.03
-31604.0	7818.0	888.158	2717.7
-31604.0	7818.0	886.984	2712.94
-31604.0	7818.0	885.81	2774.18
-31604.0	7818.0	884.636	2735.34
-31604.0	7818.0	883.461	2634.81
-31604.0	7818.0	882.286	2664.11
-31604.0	7818.0	881.111	2652.97
-31604.0	7818.0	879.936	2695.02
-31604.0	7818.0	878.76	2720.04
-31604.0	7818.0	877.584	2694.01
-31604.0	7818.0	876.408	2591.47
-31604.0	7818.0	875.232	2671.75
-31604.0	7818.0	874.056	2601.13
-31604.0	7818.0	872.879	2677.13
-31604.0	7818.0	871.702	2632.02
-31604.0	7818.0	870.525	2635.78
-31604.0	7818.0	869.348	2633.16
-31604.0	7818.0	868.17	2573.22
-31604.0	7818.0	866.993	2708.59
-31604.0	7818.0	865.815	2716.57
-31604.0	7818.0	864.637	2569.65
-31604.0	7818.0	863.458	2539.47
-31604.0	7818.0	862.28	2553.84
-31604.0	7818.0	861.101	2557.6
-31604.0	7818.0	859.922	2482.91
-31604.0	7818.0	858.742	2567.24
-31604.0	7818.0	857.563	2619.75
-31604.0	7818.0	856.383	2608.66
-31604.0	7818.0	855.203	2517.07
-31604.0	7818.0	854.023	2582.26
-31604.0	7818.0	852.843	2579.66
-31604.0	7818.0	851.662	2522.0
-31604.0	7818.0	850.481	2542.7
-31604.0	7818.0	849.3	2529.52
-31604.0	7818.0	848.119	2541.74
-31604.0	7818.0	846.937	2490.48
-31604.0	7818.0	845.756	2536.55
-31604.0	7818.0	844.574	2519.15
-31604.0	7818.0	843.392	2622.3
-31604.0	7818.0	842.209	2600.66
-31604.0	7818.0	841.027	2435.28
-31604.0	7818.0	839.844	2527.82
-31604.0	7818.0	838.661	2485.08
-31604.0	7818.0	837.477	2526.86
-31604.0	7818.0	836.294	2553.85
-31604.0	7818.0	835.11	2578.71
-31604.0	7818.0	833.926	2601.45
-31604.0	7818.0	832.742	2643.18
-31604.0	7818.0	831.558	2554.03
-31604.0	7818.0	830.373	2532.44
-31604.0	7818.0	829.188	2504.53
-31604.0	7818.0	828.003	2472.41
-31604.0	7818.0	826.818	2461.4
-31604.0	7818.0	825.632	2498.89
-31604.0	7818.0	824.446	2481.55
-31604.0	7818.0	823.26	2502.15
-31604.0	7818.0	822.074	2470.07
-31604.0	7818.0	820.888	2505.42
-31604.0	7818.0	819.701	2507.05
-31604.0	7818.0	818.514	2519.21
-31604.0	7818.0	817.327	2495.57
-31604.0	7818.0	816.14	2438.24
-31604.0	7818.0	814.952	2507.25
-31604.0	7818.0	813.765	2494.14
-31604.0	7818.0	812.577	2535.75
-31604.0	7818.0	811.388	2434.28
-31604.0	7818.0	810.2	2492.72
-31604.0	7818.0	809.011	2521.69
-31604.0	7818.0	807.822	2449.71
-31604.0	7818.0	806.633	2445.04
-31604.0	7818.0	805.444	2431.96
-31604.0	7818.0	804.254	2374.75
-31604.0	7818.0	803.064	2458.35
-31604.0	7818.0	801.874	2443.17
-31604.0	7818.0	800.684	2440.6
-31604.0	7818.0	799.493	2425.44
-31604.0	7818.0	798.303	2534.15
-31604.0	7818.0	797.112	2456.0
-31604.0	7818.0	795.921	2455.53
-31604.0	7818.0	794.729	2505.42
-31604.0	7818.0	793.538	2437.8
-31604.0	7818.0	792.346	2462.51
-31604.0	7818.0	791.154	2453.65
-31604.0	7818.0	789.961	2495.11
-31604.0	7818.0	788.769	2444.32
-31604.0	7818.0	787.576	2450.14
-31604.0	7818.0	786.383	2397.28
-31604.0	7818.0	785.19	2388.44
-31604.0	7818.0	783.996	2429.87
-31604.0	7818.0	782.802	2410.56
-31604.0	7818.0	781.608	2435.22
-31604.0	7818.0	780.414	2355.2
-31604.0	7818.0	779.22	2373.58
-31604.0	7818.0	778.025	2410.8
-31604.0	7818.0	776.83	2439.62
-31604.0	7818.0	775.635	2347.11
-31604.0	7818.0	774.44	2392.67
-31604.0	7818.0	773.244	2358.75
-31604.0	7818.0	772.049	2441.93
-31604.0	7818.0	770.853	2451.91
-31604.0	7818.0	769.656	2344.85
-31604.0	7818.0	768.46	2344.4
-31604.0	7818.0	767.263	2379.46
-31604.0	7818.0	766.066	2408.24
-31604.0	7818.0	764.869	2336.77
-31604.0	7818.0	763.672	2332.15
-31604.0	7818.0	762.474	2358.83
-31604.0	7818.0	761.276	2368.81
-31604.0	7818.0	760.078	2349.57
-31604.0	7818.0	758.88	2411.71
-31604.0	7818.0	757.681	2379.95
-31604.0	7818.0	756.483	2431.63
-31604.0	7818.0	755.284	2345.67
-31604.0	7818.0	754.084	2376.48
-31604.0	7818.0	752.885	2292.65
-31604.0	7818.0	751.685	2323.47
-31604.0	7818.0	750.485	2381.35
-31604.0	7818.0	749.285	2330.9
-31604.0	7818.0	748.085	2303.37
-31604.0	7818.0	746.884	2350.81
-31604.0	7818.0	745.683	2289.98
-31604.0	7818.0	744.482	2337.41
-31604.0	7818.0	743.281	2355.68
-31604.0	7818.0	742.079	2319.86
-31604.0	7818.0	740.877	2317.32
-31604.0	7818.0	739.675	2296.08
-31604.0	7818.0	738.473	2310.18
-31604.0	7818.0	737.27	2214.1
-31604.0	7818.0	736.068	2280.18
-31604.0	7818.0	734.865	2302.6
-31604.0	7818.0	733.661	2252.28
-31604.0	7818.0	732.458	2345.32
-31604.0	7818.0	731.254	2284.64
-31604.0	7818.0	730.05	2338.18
-31604.0	7818.0	728.846	2277.52
-31604.0	7818.0	727.642	2301.98
-31604.0	7818.0	726.437	2247.57
-31604.0	7818.0	725.232	2313.53
-31604.0	7818.0	724.027	2317.23
-31604.0	7818.0	722.822	2283.59
-31604.0	7818.0	721.616	2278.99
-31604.0	7818.0	720.41	2299.28
-31604.0	7818.0	719.204	2365.16
-31604.0	7818.0	717.998	2368.84
-31604.0	7818.0	716.791	2349.73
-31604.0	7818.0	715.585	2351.34
-31604.0	7818.0	714.378	2562.15
-31604.0	7818.0	713.17	2373.2
-31604.0	7818.0	711.963	2352.03
-31604.0	7818.0	710.755	2297.74
-31604.0	7818.0	709.547	2332.48
-31604.0	7818.0	708.339	2315.47
-31604.0	7818.0	707.131	2327.42
-31604.0	7818.0	705.922	2329.03
-31604.0	7818.0	704.713	2305.83
-31604.0	7818.0	703.504	2357.06
-31604.0	7818.0	702.295	2329.73
-31604.0	7818.0	701.085	2347.87
-31604.0	7818.0	699.875	2378.4
-31604.0	7818.0	698.665	2328.35
-31604.0	7818.0	697.455	2352.68
-31604.0	7818.0	696.244	2410.04
-31604.0	7818.0	695.034	2378.59
-31604.0	7818.0	693.822	2431.8
-31604.0	7818.0	692.611	2429.25
-31604.0	7818.0	691.4	2523.7
-31604.0	7818.0	690.188	2401.47
-31604.0	7818.0	688.976	2390.69
-31604.0	7818.0	687.764	2359.28
-31604.0	7818.0	686.551	2439.23
-31604.0	7818.0	685.339	2461.42
-31604.0	7818.0	684.126	2524.83
-31604.0	7818.0	682.912	2458.39
-31604.0	7818.0	681.699	2497.05
-31604.0	7818.0	680.485	2440.94
-31604.0	7818.0	679.271	2479.58
-31604.0	7818.0	678.057	2625.28
-31604.0	7818.0	676.843	2536.24
-31604.0	7818.0	675.628	2525.45
-31604.0	7818.0	674.413	2487.91
-31604.0	7818.0	673.198	2559.42
-31604.0	7818.0	671.983	2515.72
-31604.0	7818.0	670.767	2601.59
-31604.0	7818.0	669.551	2525.0
-31604.0	7818.0	668.335	2526.55
-31604.0	7818.0	667.119	2700.76
-31604.0	7818.0	665.902	2546.1
-31604.0	7818.0	664.686	2541.48
-31604.0	7818.0	663.469	2668.34
-31604.0	7818.0	662.251	2645.21
-31604.0	7818.0	661.034	2595.41
-31604.0	7818.0	659.816	2660.58
-31604.0	7818.0	658.598	2604.64
-31604.0	7818.0	657.38	2575.39
-31604.0	7818.0	656.161	2550.26
-31604.0	7818.0	654.942	2656.41
-31604.0	7818.0	653.723	2625.12
-31604.0	7818.0	652.504	2641.0
-31604.0	7818.0	651.285	2591.27
-31604.0	7818.0	650.065	2650.2
-31604.0	7818.0	648.845	2569.75
-31604.0	7818.0	647.625	2683.97
-31604.0	7818.0	646.404	2728.5
-31604.0	7818.0	645.184	2678.8
-31604.0	7818.0	643.963	2625.03
-31604.0	7818.0	642.742	2573.32
-31604.0	7818.0	641.52	2607.6
-31604.0	7818.0	640.298	2641.87
-31604.0	7818.0	639.076	2712.95
-31604.0	7818.0	637.854	2702.18
-31604.0	7818.0	636.632	2668.92
-31604.0	7818.0	635.409	2735.86
-31604.0	7818.0	634.186	2735.31
-31604.0	7818.0	632.963	2595.77
-31604.0	7818.0	631.74	2699.47
-31604.0	7818.0	630.516	2719.36
-31604.0	7818.0	629.292	2602.38
-31604.0	7818.0	628.068	2761.16
-31604.0	7818.0	626.844	2717.73
-31604.0	7818.0	625.619	2766.17
-31604.0	7818.0	624.394	2702.35
-31604.0	7818.0	623.169	2803.84
-31604.0	7818.0	621.944	2699.22
-31604.0	7818.0	620.718	2753.75
-31604.0	7818.0	619.492	2775.63
-31604.0	7818.0	618.266	2781.19
-31604.0	7818.0	617.04	2737.82
-31604.0	7818.0	615.813	2786.19
-31604.0	7818.0	614.587	2700.04
-31604.0	7818.0	613.36	2699.5
-31604.0	7818.0	612.132	2717.28
-31604.0	7818.0	610.905	2728.96
-31604.0	7818.0	609.677	2728.41
-31604.0	7818.0	608.449	2683.07
-31604.0	7818.0	607.22	2741.55
-31604.0	7818.0	605.992	2690.13
-31604.0	7818.0	604.763	2748.58
-31604.0	7818.0	603.534	2731.76
-31604.0	7818.0	602.305	2686.46
-31604.0	7818.0	601.075	2759.12
-31604.0	7818.0	599.845	2669.12
-31604.0	7818.0	598.615	2627.93
-31604.0	7818.0	597.385	2684.29
-31604.0	7818.0	596.154	2624.83
-31604.0	7818.0	594.924	2660.86
-31604.0	7818.0	593.693	2656.26
-31604.0	7818.0	592.461	2645.57
-31604.0	7818.0	591.23	2677.52
-31604.0	7818.0	589.998	2668.86
-31604.0	7818.0	588.766	2680.49
-31604.0	7818.0	587.534	2696.18
-31604.0	7818.0	586.301	2655.07
-31604.0	7818.0	585.068	2695.08
-31604.0	7818.0	583.835	2643.85
-31604.0	7818.0	582.602	2610.88
-31604.0	7818.0	581.368	2571.84
-31604.0	7818.0	580.134	2696.95
-31604.0	7818.0	578.9	2655.89
-31604.0	7818.0	577.666	2590.53
-31604.0	7818.0	576.432	2664.93
-31604.0	7818.0	575.197	2613.77
-31604.0	7818.0	573.962	2651.7
-31604.0	7818.0	572.726	2602.59
-31604.0	7818.0	571.491	2711.33
-31604.0	7818.0	570.255	2652.11
-31604.0	7818.0	569.019	2708.2
-31604.0	7818.0	567.783	2679.34
-31604.0	7818.0	566.546	2731.36
-31604.0	7818.0	565.309	2672.18
-31604.0	7818.0	564.072	2758.54
-31604.0	7818.0	562.835	2717.57
-31604.0	7818.0	561.597	2777.61
-31604.0	7818.0	560.359	2797.24
-31604.0	7818.0	559.121	2818.89
-31604.0	7818.0	557.883	2848.59
-31604.0	7818.0	556.644	2833.88
-31604.0	7818.0	555.406	2889.81
-31604.0	7818.0	554.167	2927.55
-31604.0	7818.0	552.927	2983.44
-31604.0	7818.0	551.688	3013.08
-31604.0	7818.0	550.448	3030.61
-31604.0	7818.0	549.208	3183.2
-31604.0	7818.0	547.967	3138.21
-31604.0	7818.0	546.727	3242.36
-31604.0	7818.0	545.486	3304.15
-31604.0	7818.0	544.245	3430.37
-31604.0	7818.0	543.003	3492.1
-31604.0	7818.0	541.762	3594.08
-31604.0	7818.0	540.52	3744.32
-31604.0	7818.0	539.278	3822.05
-31604.0	7818.0	538.035	4034.56
-31604.0	7818.0	536.793	4198.71
-31604.0	7818.0	535.55	4435.19
-31604.0	7818.0	534.307	4711.8
-31604.0	7818.0	533.063	5131.05
-31604.0	7818.0	531.82	5515.95
-31604.0	7818.0	530.576	6057.46
-31604.0	7818.0	529.331	6928.28
-31604.0	7818.0	528.087	7925.3
-31604.0	7818.0	526.842	9373.84
-31604.0	7818.0	525.597	12201.4
-31604.0	7818.0	524.352	16053.7
-31604.0	7818.0	523.107	23226.4
-31604.0	7818.0	521.861	33960.5
-31604.0	7818.0	520.615	42077.7
-31604.0	7818.0	519.369	40825.3
-31604.0	7818.0	518.122	36917.9
-31604.0	7818.0	516.876	31732.8
-31604.0	7818.0	515.629	26994.9
-31604.0	7818.0	514.381	22902.4
-31604.0	7818.0	513.134	19681.2
-31604.0	7818.0	511.886	17238.8
-31604.0	7818.0	510.638	15316.2
-31604.0	7818.0	509.39	13997.3
-31604.0	7818.0	508.141	13057.3
-31604.0	7818.0	506.892	12395.9
-31604.0	7818.0	505.643	11738.9
-31604.0	7818.0	504.394	11506.3
-31604.0	7818.0	503.145	11087.8
-31604.0	7818.0	501.895	10895.5
-31604.0	7818.0	500.645	10655.3
-31604.0	7818.0	499.394	10773.0
-31604.0	7818.0	498.144	10512.9
-31604.0	7818.0	496.893	10582.7
-31604.0	7818.0	495.642	10696.4
-31604.0	7818.0	494.39	10512.4
-31604.0	7818.0	493.139	10208.6
-31604.0	7818.0	491.887	10008.8
-31604.0	7818.0	490.635	9912.91
-31604.0	7818.0	489.382	9890.9
-31604.0	7818.0	488.13	9769.1
-31604.0	7818.0	486.877	9647.36
-31604.0	7818.0	485.623	9427.92
-31604.0	7818.0	484.37	9402.03
-31604.0	7818.0	483.116	9264.49
-31604.0	7818.0	481.862	9176.84
-31604.0	7818.0	480.608	9029.43
-31604.0	7818.0	479.354	8991.68
-31604.0	7818.0	478.099	9105.38
-31604.0	7818.0	476.844	8999.9
-31604.0	7818.0	475.588	8942.27
-31604.0	7818.0	474.333	8731.34
-31604.0	7818.0	473.077	8737.49
-31604.0	7818.0	471.821	8662.03
-31604.0	7818.0	470.565	8465.22
-31604.0	7818.0	469.308	8409.74
-31604.0	7818.0	468.051	8441.81
-31604.0	7818.0	466.794	8296.87
-31604.0	7818.0	465.537	8213.62
-31604.0	7818.0	464.279	8118.48
-31604.0	7818.0	463.021	7969.72
-31604.0	7818.0	461.763	7791.21
-31604.0	7818.0	460.505	7612.78
-31604.0	7818.0	459.246	7776.05
-31604.0	7818.0	457.987	7502.38
-31604.0	7818.0	456.728	7417.43
-31604.0	7818.0	455.469	7276.93
-31604.0	7818.0	454.209	7192.07
-31604.0	7818.0	452.949	7063.58
-31604.0	7818.0	451.689	6919.28
-31604.0	7818.0	450.428	6846.44
-31604.0	7818.0	449.167	6761.73
-31604.0	7818.0	447.906	6671.1
-31604.0	7818.0	446.645	6542.86
-31604.0	7818.0	445.383	6412.68
-31604.0	7818.0	444.122	6338.04
-31604.0	7818.0	442.86	6374.35
-31604.0	7818.0	441.597	6218.55
-31604.0	7818.0	440.335	6256.85
-31604.0	7818.0	439.072	6113.01
-31604.0	7818.0	437.809	6000.9
-31604.0	7818.0	436.545	5930.38
-31604.0	7818.0	435.281	5824.29
-31604.0	7818.0	434.018	5785.49
-31604.0	7818.0	432.753	5665.63
-31604.0	7818.0	431.489	5553.73
-31604.0	7818.0	430.224	5544.66
-31604.0	7818.0	428.959	5545.47
-31604.0	7818.0	427.694	5435.64
-31604.0	7818.0	426.428	5347.58
-31604.0	7818.0	425.163	5370.16
-31604.0	7818.0	423.896	5432.22
-31604.0	7818.0	422.63	5239.58
-31604.0	7818.0	421.364	5232.57
-31604.0	7818.0	420.097	5117.01
-31604.0	7818.0	418.83	5088.32
-31604.0	7818.0	417.562	5012.29
-31604.0	7818.0	416.295	4985.6
-31604.0	7818.0	415.027	4982.58
-31604.0	7818.0	413.758	4920.43
-31604.0	7818.0	412.49	4905.6
-31604.0	7818.0	411.221	4853.34
-31604.0	7818.0	409.952	4814.88
-31604.0	7818.0	408.683	4727.21
-31604.0	7818.0	407.414	4844.37
-31604.0	7818.0	406.144	4894.54
-31604.0	7818.0	404.874	4736.04
-31604.0	7818.0	403.603	4864.93
-31604.0	7818.0	402.333	4739.95
-31604.0	7818.0	401.062	4803.87
-31604.0	7818.0	399.791	4796.96
-31604.0	7818.0	398.519	4880.5
-31604.0	7818.0	397.248	4857.85
-31604.0	7818.0	395.976	4778.21
-31604.0	7818.0	394.704	4781.13
-31604.0	7818.0	393.431	4738.87
-31604.0	7818.0	392.159	4757.51
-31604.0	7818.0	390.886	4787.93
-31604.0	7818.0	389.612	4814.41
-31604.0	7818.0	388.339	4707.39
-31604.0	7818.0	387.065	4796.68
-31604.0	7818.0	385.791	4856.5
-31604.0	7818.0	384.517	4739.73
-31604.0	7818.0	383.242	4760.31
-31604.0	7818.0	381.967	4741.65
-31604.0	7818.0	380.692	4772.02
-31604.0	7818.0	379.417	4710.25
-31604.0	7818.0	378.141	4640.66
-31604.0	7818.0	376.865	4631.85
-31604.0	7818.0	375.589	4619.12
-31604.0	7818.0	374.312	4676.9
-31604.0	7818.0	373.035	4767.94
-31604.0	7818.0	371.758	4549.63
-31604.0	7818.0	370.481	4501.69
-31604.0	7818.0	369.204	4645.55
-31604.0	7818.0	367.926	4656.31
-31604.0	7818.0	366.648	4487.1
-31604.0	7818.0	365.369	4452.91
-31604.0	7818.0	364.091	4512.58
-31604.0	7818.0	362.812	4531.17
-31604.0	7818.0	361.532	4688.52
-31604.0	7818.0	360.253	4540.98
-31604.0	7818.0	358.973	4645.51
-31604.0	7818.0	357.693	4529.29
-31604.0	7818.0	356.413	4502.95
-31604.0	7818.0	355.132	4591.8
-31604.0	7818.0	353.852	4518.61
-31604.0	7818.0	352.571	4461.06
-31604.0	7818.0	351.289	4588.88
-31604.0	7818.0	350.008	4623.02
-31604.0	7818.0	348.726	4477.72
-31604.0	7818.0	347.444	4529.42
-31604.0	7818.0	346.161	4575.25
-31604.0	7818.0	344.878	4589.87
-31604.0	7818.0	343.595	4561.61
-31604.0	7818.0	342.312	4558.7
-31604.0	7818.0	341.029	4592.79
-31604.0	7818.0	339.745	4646.34
-31604.0	7818.0	338.461	4649.25
-31604.0	7818.0	337.176	4741.7
-31604.0	7818.0	335.892	4711.5
-31604.0	7818.0	334.607	4776.65
-31604.0	7818.0	333.322	4723.11
-31604.0	7818.0	332.036	4716.28
-31604.0	7818.0	330.75	4769.72
-31604.0	7818.0	329.464	4723.99
-31604.0	7818.0	328.178	4921.24
-31604.0	7818.0	326.892	4859.95
-31604.0	7818.0	325.605	4808.41
-31604.0	7818.0	324.318	4935.58
-31604.0	7818.0	323.03	4833.55
-31604.0	7818.0	321.743	4902.42
-31604.0	7818.0	320.455	5019.78
-31604.0	7818.0	319.167	4923.62
-31604.0	7818.0	317.878	5040.93
-31604.0	7818.0	316.59	5041.8
-31604.0	7818.0	315.301	5067.88
-31604.0	7818.0	314.011	5187.02
-31604.0	7818.0	312.722	5102.56
-31604.0	7818.0	311.432	5111.16
-31604.0	7818.0	310.142	5174.02
-31604.0	7818.0	308.851	5200.04
-31604.0	7818.0	307.561	5239.61
-31604.0	7818.0	306.27	5337.26
-31604.0	7818.0	304.979	5427.13
-31604.0	7818.0	303.687	5493.72
-31604.0	7818.0	302.395	5353.2
-31604.0	7818.0	301.103	5334.65
-31604.0	7818.0	299.811	5256.13
-31604.0	7818.0	298.519	5166.04
-31604.0	7818.0	297.226	5236.48
-31604.0	7818.0	295.933	5152.24
-31604.0	7818.0	294.639	5112.48
-31604.0	7818.0	293.345	5146.17
-31604.0	7818.0	292.052	4990.51
-31604.0	7818.0	290.757	5020.35
-31604.0	7818.0	289.463	4891.82
-31604.0	7818.0	288.168	4857.95
-31604.0	7818.0	286.873	4914.82
-31604.0	7818.0	285.578	4869.39
-31604.0	7818.0	284.282	4862.56
-31604.0	7818.0	282.986	4832.58
-31604.0	7818.0	281.69	4771.76
-31604.0	7818.0	280.393	4734.1
-31604.0	7818.0	279.097	4648.26
-31604.0	7818.0	277.8	4583.65
-31604.0	7818.0	276.502	4549.91
-31604.0	7818.0	275.205	4496.92
-31604.0	7818.0	273.907	4457.43
-31604.0	7818.0	272.609	4429.52
-31604.0	7818.0	271.311	4455.53
-31604.0	7818.0	270.012	4502.7
-31604.0	7818.0	268.713	4444.0
-31604.0	7818.0	267.414	4316.05
-31604.0	7818.0	266.114	4343.98
-31604.0	7818.0	264.814	4241.11
-31604.0	7818.0	263.514	4249.82
-31604.0	7818.0	262.214	4214.3
-31604.0	7818.0	260.913	4238.39
-31604.0	7818.0	259.613	4170.22
-31604.0	7818.0	258.311	4150.11
-31604.0	7818.0	257.01	4149.22
-31604.0	7818.0	255.708	4084.96
-31604.0	7818.0	254.406	4076.4
-31604.0	7818.0	253.104	4029.46
-31604.0	7818.0	251.801	3911.52
-31604.0	7818.0	250.499	3927.95
-31604.0	7818.0	249.195	3902.17
-31604.0	7818.0	247.892	3928.18
-31604.0	7818.0	246.588	3898.58
-31604.0	7818.0	245.284	3861.31
-31604.0	7818.0	243.98	3735.89
-31604.0	7818.0	242.676	3790.67
-31604.0	7818.0	241.371	3807.1
-31604.0	7818.0	240.066	3821.6
-31604.0	7818.0	238.76	3763.33
-31604.0	7818.0	237.455	3655.3
-31604.0	7818.0	236.149	3658.34
-31604.0	7818.0	234.843	3567.6
-31604.0	7818.0	233.536	3643.37
-31604.0	7818.0	232.229	3638.77
-31604.0	7818.0	230.922	3599.73
-31604.0	7818.0	229.615	3530.12
-31604.0	7818.0	228.307	3515.97
-31604.0	7818.0	227.0	3534.33
-31604.0	7818.0	225.691	3518.29
-31604.0	7818.0	224.383	3336.02
-31604.0	7818.0	223.074	3299.01
-31604.0	7818.0	221.765	3365.14
-31604.0	7818.0	220.456	3240.31
-31604.0	7818.0	219.146	3342.7
-31604.0	7818.0	217.836	3301.9
-31604.0	7818.0	216.526	3314.55
-31604.0	7818.0	215.216	3414.95
-31604.0	7818.0	213.905	3248.27
-31604.0	7818.0	212.594	3299.06
-31604.0	7818.0	211.283	3258.31
-31604.0	7818.0	209.971	3261.43
-31604.0	7818.0	208.66	3300.74
-31604.0	7818.0	207.348	3296.22
-31604.0	7818.0	206.035	3432.67
-31604.0	7818.0	204.722	3519.54
-31604.0	7818.0	203.409	3615.89
-31604.0	7818.0	202.096	3693.17
-31604.0	7818.0	200.783	3806.57
-31604.0	7818.0	199.469	3971.3
-31604.0	7818.0	198.155	3945.71
-31604.0	7818.0	196.84	4019.04
-31604.0	7818.0	195.526	4118.97
-31604.0	7818.0	194.211	4196.03
-31604.0	7818.0	192.896	4326.28
-31604.0	7818.0	191.58	4538.2
-31604.0	7818.0	190.264	4463.12
-31604.0	7818.0	188.948	4503.95
-31604.0	7818.0	187.632	4463.1
-31604.0	7818.0	186.315	4443.15
-31604.0	7818.0	184.998	4508.64
-31604.0	7818.0	183.681	4477.3
-31604.0	7818.0	182.364	4650.91
-31604.0	7818.0	181.046	4723.9
-31604.0	7818.0	179.728	4656.49
-31604.0	7818.0	178.41	4537.92
-31604.0	7818.0	177.091	4724.64
-31604.0	7818.0	175.772	4676.23
-31604.0	7818.0	174.453	4718.81
-31604.0	7818.0	173.133	4787.9
-31604.0	7818.0	171.814	4731.93
-31604.0	7818.0	170.494	4753.64
-31604.0	7818.0	169.173	4779.12
-31604.0	7818.0	167.853	4795.13
-31604.0	7818.0	166.532	4854.66
-31604.0	7818.0	165.211	4919.84
-31604.0	7818.0	163.889	4829.87
-31604.0	7818.0	162.567	4942.31
-31604.0	7818.0	161.245	4952.59
-31604.0	7818.0	159.923	5057.4
-31604.0	7818.0	158.6	5139.48
-31604.0	7818.0	157.278	5030.65
-31604.0	7818.0	155.954	4999.33
-31604.0	7818.0	154.631	5017.15
-31604.0	7818.0	153.307	5089.72
-31604.0	7818.0	151.983	5154.71
-31604.0	7818.0	150.659	5102.62
-31604.0	7818.0	149.334	5122.28
-31604.0	7818.0	148.009	5172.13
-31604.0	7818.0	146.684	5129.51
-31604.0	7818.0	145.359	5179.33
-31604.0	7818.0	144.033	5166.89
-31604.0	7818.0	142.707	5103.56
-31604.0	7818.0	141.381	5134.51
-31604.0	7818.0	140.054	5044.83
-31604.0	7818.0	138.727	5145.48
-31604.0	7818.0	137.4	5097.28
-31604.0	7818.0	136.072	5211.06
-31604.0	7818.0	134.745	5127.08
-31604.0	7818.0	133.417	5024.32
-31604.0	7818.0	132.088	5122.99
-31604.0	7818.0	130.76	5074.84
-31604.0	7818.0	129.431	5011.66
-31604.0	7818.0	128.102	5063.25
-31604.0	7818.0	126.772	5052.75
-31604.0	7818.0	125.442	4978.34
-31604.0	7818.0	124.112	4853.21
-31604.0	7818.0	122.782	4963.03
-31604.0	7818.0	121.451	4868.02
-31604.0	7818.0	120.12	4810.62
-31604.0	7818.0	118.789	4792.68
-31604.0	7818.0	117.458	4720.29
-31604.0	7818.0	116.126	4587.87
-31604.0	7818.0	114.794	4590.63
-31604.0	7818.0	113.462	4462.05
-31604.0	7818.0	112.129	4404.8
-31604.0	7818.0	110.796	4242.55
-31604.0	7818.0	109.463	4101.0
-31604.0	7818.0	108.129	4041.99
-31604.0	7818.0	106.796	3883.68
-31604.0	7818.0	105.461	3789.14
-31604.0	7818.0	104.127	3599.09
-31604.0	7818.0	102.792	3425.98
-31604.0	7818.0	101.457	3211.75
-31604.0	7818.0	100.122	2973.27
-31604.0	7818.0	98.7867	2819.13
-31604.0	7818.0	97.4509	2676.29
-31604.0	7818.0	96.1148	2451.17
-31604.0	7818.0	94.7784	2325.3
-31604.0	7818.0	93.4418	2249.99
-31604.0	7818.0	92.1048	2146.66
-31604.0	7818.0	90.7676	2054.59
-31604.0	7818.0	89.43	1947.61
-31604.0	7818.0	88.0922	1982.69
-31604.0	7818.0	86.7541	1868.3
-31604.0	7818.0	85.4157	1824.93
