-31602.0	7824.0	1311.89	2255.46
-31602.0	7824.0	1310.78	2264.19
-31602.0	7824.0	1309.68	2229.77
-31602.0	7824.0	1308.58	2231.68
-31602.0	7824.0	1307.48	2170.03
-31602.0	7824.0	1306.38	2285.43
-31602.0	7824.0	1305.28	2237.42
-31602.0	7824.0	1304.18	2266.55
-31602.0	7824.0	1303.07	2207.21
-31602.0	7824.0	1301.97	2195.51
-31602.0	7824.0	1300.87	2288.14
-31602.0	7824.0	1299.77	2242.43
-31602.0	7824.0	1298.66	2233.0
-31602.0	7824.0	1297.56	2248.51
-31602.0	7824.0	1296.46	2207.35
-31602.0	7824.0	1295.35	2254.58
-31602.0	7824.0	1294.25	2263.28
-31602.0	7824.0	1293.15	2324.08
-31602.0	7824.0	1292.04	2276.14
-31602.0	7824.0	1290.94	2345.97
-31602.0	7824.0	1289.83	2164.47
-31602.0	7824.0	1288.73	2107.53
-31602.0	7824.0	1287.63	2204.51
-31602.0	7824.0	1286.52	2208.68
-31602.0	7824.0	1285.42	2172.13
-31602.0	7824.0	1284.31	2287.15
-31602.0	7824.0	1283.21	2237.02
-31602.0	7824.0	1282.1	2284.15
-31602.0	7824.0	1280.99	2209.16
-31602.0	7824.0	1279.89	2283.41
-31602.0	7824.0	1278.78	2212.97
-31602.0	7824.0	1277.68	2332.4
-31602.0	7824.0	1276.57	2277.79
-31602.0	7824.0	1275.46	2261.6
-31602.0	7824.0	1274.36	2191.21
-31602.0	7824.0	1273.25	2170.53
-31602.0	7824.0	1272.14	2289.86
-31602.0	7824.0	1271.04	2187.89
-31602.0	7824.0	1269.93	2327.5
-31602.0	7824.0	1268.82	2230.06
-31602.0	7824.0	1267.71	2265.81
-31602.0	7824.0	1266.61	2168.42
-31602.0	7824.0	1265.5	2240.26
-31602.0	7824.0	1264.39	2235.38
-31602.0	7824.0	1263.28	2257.57
-31602.0	7824.0	1262.17	2171.52
-31602.0	7824.0	1261.06	2254.59
-31602.0	7824.0	1259.95	2164.05
-31602.0	7824.0	1258.84	2152.43
-31602.0	7824.0	1257.74	2197.15
-31602.0	7824.0	1256.63	2210.31
-31602.0	7824.0	1255.52	2277.53
-31602.0	7824.0	1254.41	2259.14
-31602.0	7824.0	1253.3	2240.76
-31602.0	7824.0	1252.19	2186.35
-31602.0	7824.0	1251.08	2219.76
-31602.0	7824.0	1249.96	2219.4
-31602.0	7824.0	1248.85	2225.79
-31602.0	7824.0	1247.74	2214.18
-31602.0	7824.0	1246.63	2195.82
-31602.0	7824.0	1245.52	2204.46
-31602.0	7824.0	1244.41	2118.63
-31602.0	7824.0	1243.3	2226.22
-31602.0	7824.0	1242.18	2230.35
-31602.0	7824.0	1241.07	2191.77
-31602.0	7824.0	1239.96	2195.91
-31602.0	7824.0	1238.85	2193.3
-31602.0	7824.0	1237.74	2188.45
-31602.0	7824.0	1236.62	2248.75
-31602.0	7824.0	1235.51	2234.9
-31602.0	7824.0	1234.4	2164.91
-31602.0	7824.0	1233.28	2103.93
-31602.0	7824.0	1232.17	2146.24
-31602.0	7824.0	1231.06	2114.46
-31602.0	7824.0	1229.94	2037.81
-31602.0	7824.0	1228.83	2124.99
-31602.0	7824.0	1227.71	2209.89
-31602.0	7824.0	1226.6	2245.42
-31602.0	7824.0	1225.48	2204.68
-31602.0	7824.0	1224.37	2159.47
-31602.0	7824.0	1223.25	2156.87
-31602.0	7824.0	1222.14	2176.69
-31602.0	7824.0	1221.02	2140.47
-31602.0	7824.0	1219.91	2113.23
-31602.0	7824.0	1218.79	2153.21
-31602.0	7824.0	1217.68	2195.42
-31602.0	7824.0	1216.56	2159.22
-31602.0	7824.0	1215.44	2221.56
-31602.0	7824.0	1214.33	2178.65
-31602.0	7824.0	1213.21	2129.04
-31602.0	7824.0	1212.09	2175.69
-31602.0	7824.0	1210.98	2135.05
-31602.0	7824.0	1209.86	2123.51
-31602.0	7824.0	1208.74	2190.27
-31602.0	7824.0	1207.62	2201.1
-31602.0	7824.0	1206.51	2164.95
-31602.0	7824.0	1205.39	2175.77
-31602.0	7824.0	1204.27	2193.29
-31602.0	7824.0	1203.15	2190.69
-31602.0	7824.0	1202.03	2248.44
-31602.0	7824.0	1200.91	2265.94
-31602.0	7824.0	1199.8	2151.62
-31602.0	7824.0	1198.68	2119.99
-31602.0	7824.0	1197.56	2177.71
-31602.0	7824.0	1196.44	2103.65
-31602.0	7824.0	1195.32	2141.26
-31602.0	7824.0	1194.2	2114.11
-31602.0	7824.0	1193.08	2127.15
-31602.0	7824.0	1191.96	2133.49
-31602.0	7824.0	1190.84	2166.6
-31602.0	7824.0	1189.72	2157.32
-31602.0	7824.0	1188.6	2185.96
-31602.0	7824.0	1187.48	2149.91
-31602.0	7824.0	1186.35	2227.59
-31602.0	7824.0	1185.23	2129.13
-31602.0	7824.0	1184.11	2090.87
-31602.0	7824.0	1182.99	2110.58
-31602.0	7824.0	1181.87	2123.6
-31602.0	7824.0	1180.75	2116.56
-31602.0	7824.0	1179.62	2140.71
-31602.0	7824.0	1178.5	2187.12
-31602.0	7824.0	1177.38	2269.15
-31602.0	7824.0	1176.26	2250.96
-31602.0	7824.0	1175.13	2165.99
-31602.0	7824.0	1174.01	2152.27
-31602.0	7824.0	1172.89	2194.19
-31602.0	7824.0	1171.76	2144.87
-31602.0	7824.0	1170.64	2162.31
-31602.0	7824.0	1169.51	2137.48
-31602.0	7824.0	1168.39	2090.42
-31602.0	7824.0	1167.27	2145.65
-31602.0	7824.0	1166.14	2098.61
-31602.0	7824.0	1165.02	2073.8
-31602.0	7824.0	1163.89	2113.46
-31602.0	7824.0	1162.77	2170.87
-31602.0	7824.0	1161.64	2043.88
-31602.0	7824.0	1160.52	2181.25
-31602.0	7824.0	1159.39	2132.02
-31602.0	7824.0	1158.26	2113.9
-31602.0	7824.0	1157.14	2149.06
-31602.0	7824.0	1156.01	2137.6
-31602.0	7824.0	1154.88	2083.97
-31602.0	7824.0	1153.76	2147.97
-31602.0	7824.0	1152.63	2105.45
-31602.0	7824.0	1151.5	2118.41
-31602.0	7824.0	1150.38	2113.61
-31602.0	7824.0	1149.25	2055.6
-31602.0	7824.0	1148.12	2108.46
-31602.0	7824.0	1146.99	2114.76
-31602.0	7824.0	1145.87	2156.51
-31602.0	7824.0	1144.74	2178.3
-31602.0	7824.0	1143.61	2222.24
-31602.0	7824.0	1142.48	2117.75
-31602.0	7824.0	1141.35	2068.67
-31602.0	7824.0	1140.22	2143.61
-31602.0	7824.0	1139.09	2112.24
-31602.0	7824.0	1137.97	2116.31
-31602.0	7824.0	1136.84	2122.59
-31602.0	7824.0	1135.71	2122.23
-31602.0	7824.0	1134.58	2104.17
-31602.0	7824.0	1133.45	2114.87
-31602.0	7824.0	1132.32	2152.11
-31602.0	7824.0	1131.19	2151.75
-31602.0	7824.0	1130.05	2127.06
-31602.0	7824.0	1128.92	2120.06
-31602.0	7824.0	1127.79	2119.7
-31602.0	7824.0	1126.66	2163.54
-31602.0	7824.0	1125.53	2116.77
-31602.0	7824.0	1124.4	2085.48
-31602.0	7824.0	1123.27	2129.3
-31602.0	7824.0	1122.13	2111.26
-31602.0	7824.0	1121.0	2110.9
-31602.0	7824.0	1119.87	2035.48
-31602.0	7824.0	1118.74	2096.94
-31602.0	7824.0	1117.6	2103.2
-31602.0	7824.0	1116.47	2054.29
-31602.0	7824.0	1115.34	2148.81
-31602.0	7824.0	1114.2	2135.2
-31602.0	7824.0	1113.07	2108.37
-31602.0	7824.0	1111.94	2096.98
-31602.0	7824.0	1110.8	2158.35
-31602.0	7824.0	1109.67	2180.03
-31602.0	7824.0	1108.54	2078.27
-31602.0	7824.0	1107.4	2185.89
-31602.0	7824.0	1106.27	2090.78
-31602.0	7824.0	1105.13	2134.47
-31602.0	7824.0	1104.0	2105.47
-31602.0	7824.0	1102.86	2080.89
-31602.0	7824.0	1101.72	2104.75
-31602.0	7824.0	1100.59	2036.15
-31602.0	7824.0	1099.45	2121.63
-31602.0	7824.0	1098.32	2127.86
-31602.0	7824.0	1097.18	2197.9
-31602.0	7824.0	1096.04	2155.73
-31602.0	7824.0	1094.91	2236.73
-31602.0	7824.0	1093.77	2181.37
-31602.0	7824.0	1092.63	2185.39
-31602.0	7824.0	1091.5	2149.84
-31602.0	7824.0	1090.36	2120.9
-31602.0	7824.0	1089.22	2133.71
-31602.0	7824.0	1088.08	2117.96
-31602.0	7824.0	1086.95	2027.53
-31602.0	7824.0	1085.81	2090.88
-31602.0	7824.0	1084.67	2145.41
-31602.0	7824.0	1083.53	2171.38
-31602.0	7824.0	1082.39	2166.62
-31602.0	7824.0	1081.25	2155.27
-31602.0	7824.0	1080.11	2132.95
-31602.0	7824.0	1078.97	2143.55
-31602.0	7824.0	1077.83	2138.79
-31602.0	7824.0	1076.69	2158.16
-31602.0	7824.0	1075.55	2100.77
-31602.0	7824.0	1074.41	2196.87
-31602.0	7824.0	1073.27	2130.72
-31602.0	7824.0	1072.13	2088.71
-31602.0	7824.0	1070.99	2083.96
-31602.0	7824.0	1069.85	2169.05
-31602.0	7824.0	1068.71	2157.72
-31602.0	7824.0	1067.57	2148.58
-31602.0	7824.0	1066.43	2135.07
-31602.0	7824.0	1065.28	2093.09
-31602.0	7824.0	1064.14	2134.32
-31602.0	7824.0	1063.0	2171.15
-31602.0	7824.0	1061.86	2212.35
-31602.0	7824.0	1060.71	2141.95
-31602.0	7824.0	1059.57	2139.39
-31602.0	7824.0	1058.43	2132.45
-31602.0	7824.0	1057.29	2219.55
-31602.0	7824.0	1056.14	2140.45
-31602.0	7824.0	1055.0	2229.7
-31602.0	7824.0	1053.85	2185.6
-31602.0	7824.0	1052.71	2150.25
-31602.0	7824.0	1051.57	2180.46
-31602.0	7824.0	1050.42	2186.63
-31602.0	7824.0	1049.28	2203.72
-31602.0	7824.0	1048.13	2183.68
-31602.0	7824.0	1046.99	2244.43
-31602.0	7824.0	1045.84	2204.74
-31602.0	7824.0	1044.7	2226.18
-31602.0	7824.0	1043.55	2249.79
-31602.0	7824.0	1042.4	2225.4
-31602.0	7824.0	1041.26	2270.81
-31602.0	7824.0	1040.11	2139.55
-31602.0	7824.0	1038.97	2313.62
-31602.0	7824.0	1037.82	2289.23
-31602.0	7824.0	1036.67	2273.57
-31602.0	7824.0	1035.53	2388.68
-31602.0	7824.0	1034.38	2296.74
-31602.0	7824.0	1033.23	2263.65
-31602.0	7824.0	1032.08	2346.03
-31602.0	7824.0	1030.94	2397.88
-31602.0	7824.0	1029.79	2425.77
-31602.0	7824.0	1028.64	2375.26
-31602.0	7824.0	1027.49	2357.43
-31602.0	7824.0	1026.34	2420.12
-31602.0	7824.0	1025.19	2413.17
-31602.0	7824.0	1024.04	2410.56
-31602.0	7824.0	1022.89	2492.8
-31602.0	7824.0	1021.74	2511.93
-31602.0	7824.0	1020.59	2507.13
-31602.0	7824.0	1019.45	2484.95
-31602.0	7824.0	1018.29	2527.98
-31602.0	7824.0	1017.14	2536.22
-31602.0	7824.0	1015.99	2524.91
-31602.0	7824.0	1014.84	2624.39
-31602.0	7824.0	1013.69	2665.2
-31602.0	7824.0	1012.54	2619.12
-31602.0	7824.0	1011.39	2692.47
-31602.0	7824.0	1010.24	2702.85
-31602.0	7824.0	1009.09	2609.03
-31602.0	7824.0	1007.93	2630.27
-31602.0	7824.0	1006.78	2751.31
-31602.0	7824.0	1005.63	2792.04
-31602.0	7824.0	1004.48	2826.24
-31602.0	7824.0	1003.32	2778.03
-31602.0	7824.0	1002.17	2955.33
-31602.0	7824.0	1001.02	2824.73
-31602.0	7824.0	999.865	2874.08
-31602.0	7824.0	998.711	2830.22
-31602.0	7824.0	997.558	2925.05
-31602.0	7824.0	996.403	2950.52
-31602.0	7824.0	995.249	2913.17
-31602.0	7824.0	994.095	3020.93
-31602.0	7824.0	992.94	3096.17
-31602.0	7824.0	991.785	3156.22
-31602.0	7824.0	990.63	3170.81
-31602.0	7824.0	989.475	3226.5
-31602.0	7824.0	988.319	3364.39
-31602.0	7824.0	987.164	3361.63
-31602.0	7824.0	986.008	3412.93
-31602.0	7824.0	984.852	3509.63
-31602.0	7824.0	983.695	3573.86
-31602.0	7824.0	982.539	3633.74
-31602.0	7824.0	981.382	3665.5
-31602.0	7824.0	980.225	3679.97
-31602.0	7824.0	979.068	3612.33
-31602.0	7824.0	977.911	3702.41
-31602.0	7824.0	976.753	3773.01
-31602.0	7824.0	975.595	3677.32
-31602.0	7824.0	974.437	3676.66
-31602.0	7824.0	973.279	3833.57
-31602.0	7824.0	972.121	3817.77
-31602.0	7824.0	970.962	3840.81
-31602.0	7824.0	969.803	3896.21
-31602.0	7824.0	968.644	3811.38
-31602.0	7824.0	967.485	3853.83
-31602.0	7824.0	966.326	3907.03
-31602.0	7824.0	965.166	3787.76
-31602.0	7824.0	964.006	4006.92
-31602.0	7824.0	962.846	4004.04
-31602.0	7824.0	961.686	3917.13
-31602.0	7824.0	960.525	3901.34
-31602.0	7824.0	959.365	3797.25
-31602.0	7824.0	958.204	3927.92
-31602.0	7824.0	957.043	4002.57
-31602.0	7824.0	955.881	3932.95
-31602.0	7824.0	954.72	3949.46
-31602.0	7824.0	953.558	4039.12
-31602.0	7824.0	952.396	3969.54
-31602.0	7824.0	951.234	3973.12
-31602.0	7824.0	950.071	4026.16
-31602.0	7824.0	948.909	3948.02
-31602.0	7824.0	947.746	3951.6
-31602.0	7824.0	946.583	3925.08
-31602.0	7824.0	945.42	3956.6
-31602.0	7824.0	944.256	4035.39
-31602.0	7824.0	943.092	4107.7
-31602.0	7824.0	941.929	3958.74
-31602.0	7824.0	940.765	4024.59
-31602.0	7824.0	939.6	4137.66
-31602.0	7824.0	938.436	4031.71
-31602.0	7824.0	937.271	3878.57
-31602.0	7824.0	936.106	3931.52
-31602.0	7824.0	934.941	3808.5
-31602.0	7824.0	933.775	3762.75
-31602.0	7824.0	932.61	3789.94
-31602.0	7824.0	931.444	3632.7
-31602.0	7824.0	930.278	3612.74
-31602.0	7824.0	929.112	3483.46
-31602.0	7824.0	927.945	3362.8
-31602.0	7824.0	926.779	3255.04
-31602.0	7824.0	925.612	3305.86
-31602.0	7824.0	924.445	3320.25
-31602.0	7824.0	923.278	3257.53
-31602.0	7824.0	922.11	3158.43
-31602.0	7824.0	920.942	3091.48
-31602.0	7824.0	919.774	3260.01
-31602.0	7824.0	918.606	3073.22
-31602.0	7824.0	917.438	3010.6
-31602.0	7824.0	916.269	3048.56
-31602.0	7824.0	915.1	2885.44
-31602.0	7824.0	913.931	2964.03
-31602.0	7824.0	912.762	2871.54
-31602.0	7824.0	911.593	2864.6
-31602.0	7824.0	910.423	2896.13
-31602.0	7824.0	909.253	2835.76
-31602.0	7824.0	908.083	2916.43
-31602.0	7824.0	906.913	2898.8
-31602.0	7824.0	905.742	2825.65
-31602.0	7824.0	904.572	2831.53
-31602.0	7824.0	903.401	2734.94
-31602.0	7824.0	902.229	2834.76
-31602.0	7824.0	901.058	2902.53
-31602.0	7824.0	899.886	2720.61
-31602.0	7824.0	898.715	2754.25
-31602.0	7824.0	897.543	2768.67
-31602.0	7824.0	896.37	2736.16
-31602.0	7824.0	895.198	2695.14
-31602.0	7824.0	894.025	2703.17
-31602.0	7824.0	892.852	2762.35
-31602.0	7824.0	891.679	2738.4
-31602.0	7824.0	890.506	2654.79
-31602.0	7824.0	889.332	2814.07
-31602.0	7824.0	888.158	2726.22
-31602.0	7824.0	886.984	2747.01
-31602.0	7824.0	885.81	2678.37
-31602.0	7824.0	884.636	2716.19
-31602.0	7824.0	883.461	2675.24
-31602.0	7824.0	882.286	2564.1
-31602.0	7824.0	881.111	2635.95
-31602.0	7824.0	879.936	2641.84
-31602.0	7824.0	878.76	2637.1
-31602.0	7824.0	877.584	2670.63
-31602.0	7824.0	876.408	2653.12
-31602.0	7824.0	875.232	2624.99
-31602.0	7824.0	874.056	2616.0
-31602.0	7824.0	872.879	2638.89
-31602.0	7824.0	871.702	2559.79
-31602.0	7824.0	870.525	2561.44
-31602.0	7824.0	869.348	2635.28
-31602.0	7824.0	868.17	2573.22
-31602.0	7824.0	866.993	2587.6
-31602.0	7824.0	865.815	2623.19
-31602.0	7824.0	864.637	2522.97
-31602.0	7824.0	863.458	2630.7
-31602.0	7824.0	862.28	2541.11
-31602.0	7824.0	861.101	2500.34
-31602.0	7824.0	859.922	2599.53
-31602.0	7824.0	858.742	2569.36
-31602.0	7824.0	857.563	2524.37
-31602.0	7824.0	856.383	2500.59
-31602.0	7824.0	855.203	2517.07
-31602.0	7824.0	854.023	2520.83
-31602.0	7824.0	852.843	2492.82
-31602.0	7824.0	851.662	2541.06
-31602.0	7824.0	850.481	2419.9
-31602.0	7824.0	849.3	2421.56
-31602.0	7824.0	848.119	2522.69
-31602.0	7824.0	846.937	2522.22
-31602.0	7824.0	845.756	2464.62
-31602.0	7824.0	844.574	2466.27
-31602.0	7824.0	843.392	2489.07
-31602.0	7824.0	842.209	2471.69
-31602.0	7824.0	841.027	2488.13
-31602.0	7824.0	839.844	2527.82
-31602.0	7824.0	838.661	2508.32
-31602.0	7824.0	837.477	2490.95
-31602.0	7824.0	836.294	2433.44
-31602.0	7824.0	835.11	2487.89
-31602.0	7824.0	833.926	2521.21
-31602.0	7824.0	832.742	2520.73
-31602.0	7824.0	831.558	2492.81
-31602.0	7824.0	830.373	2547.21
-31602.0	7824.0	829.188	2512.97
-31602.0	7824.0	828.003	2487.18
-31602.0	7824.0	826.818	2406.56
-31602.0	7824.0	825.632	2477.8
-31602.0	7824.0	824.446	2477.33
-31602.0	7824.0	823.26	2466.32
-31602.0	7824.0	822.074	2480.6
-31602.0	7824.0	820.888	2511.74
-31602.0	7824.0	819.701	2452.27
-31602.0	7824.0	818.514	2481.3
-31602.0	7824.0	817.327	2434.49
-31602.0	7824.0	816.14	2551.94
-31602.0	7824.0	814.952	2473.57
-31602.0	7824.0	813.765	2462.57
-31602.0	7824.0	812.577	2493.67
-31602.0	7824.0	811.388	2465.84
-31602.0	7824.0	810.2	2440.13
-31602.0	7824.0	809.011	2462.8
-31602.0	7824.0	807.822	2437.09
-31602.0	7824.0	806.633	2466.06
-31602.0	7824.0	805.444	2402.53
-31602.0	7824.0	804.254	2450.41
-31602.0	7824.0	803.064	2557.1
-31602.0	7824.0	801.874	2409.56
-31602.0	7824.0	800.684	2455.31
-31602.0	7824.0	799.493	2482.14
-31602.0	7824.0	798.303	2416.58
-31602.0	7824.0	797.112	2386.73
-31602.0	7824.0	795.921	2398.86
-31602.0	7824.0	794.729	2501.22
-31602.0	7824.0	793.538	2473.47
-31602.0	7824.0	792.346	2428.95
-31602.0	7824.0	791.154	2348.79
-31602.0	7824.0	789.961	2379.79
-31602.0	7824.0	788.769	2519.79
-31602.0	7824.0	787.576	2420.8
-31602.0	7824.0	786.383	2399.38
-31602.0	7824.0	785.19	2415.68
-31602.0	7824.0	783.996	2425.68
-31602.0	7824.0	782.802	2370.77
-31602.0	7824.0	781.608	2424.75
-31602.0	7824.0	780.414	2485.0
-31602.0	7824.0	779.22	2356.84
-31602.0	7824.0	778.025	2391.96
-31602.0	7824.0	776.83	2301.53
-31602.0	7824.0	775.635	2437.06
-31602.0	7824.0	774.44	2323.65
-31602.0	7824.0	773.244	2503.04
-31602.0	7824.0	772.049	2389.66
-31602.0	7824.0	770.853	2343.21
-31602.0	7824.0	769.656	2367.84
-31602.0	7824.0	768.46	2392.45
-31602.0	7824.0	767.263	2371.1
-31602.0	7824.0	766.066	2412.42
-31602.0	7824.0	764.869	2347.21
-31602.0	7824.0	763.672	2321.71
-31602.0	7824.0	762.474	2310.82
-31602.0	7824.0	761.276	2379.25
-31602.0	7824.0	760.078	2345.4
-31602.0	7824.0	758.88	2369.98
-31602.0	7824.0	757.681	2290.26
-31602.0	7824.0	756.483	2321.1
-31602.0	7824.0	755.284	2303.97
-31602.0	7824.0	754.084	2332.71
-31602.0	7824.0	752.885	2315.58
-31602.0	7824.0	751.685	2279.7
-31602.0	7824.0	750.485	2370.93
-31602.0	7824.0	749.285	2353.81
-31602.0	7824.0	748.085	2292.96
-31602.0	7824.0	746.884	2367.47
-31602.0	7824.0	745.683	2314.96
-31602.0	7824.0	744.482	2362.39
-31602.0	7824.0	743.281	2314.06
-31602.0	7824.0	742.079	2290.73
-31602.0	7824.0	740.877	2363.09
-31602.0	7824.0	739.675	2262.8
-31602.0	7824.0	738.473	2318.5
-31602.0	7824.0	737.27	2247.36
-31602.0	7824.0	736.068	2284.34
-31602.0	7824.0	734.865	2242.33
-31602.0	7824.0	733.661	2300.07
-31602.0	7824.0	732.458	2291.31
-31602.0	7824.0	731.254	2257.64
-31602.0	7824.0	730.05	2309.11
-31602.0	7824.0	728.846	2281.67
-31602.0	7824.0	727.642	2200.27
-31602.0	7824.0	726.437	2266.25
-31602.0	7824.0	725.232	2274.11
-31602.0	7824.0	724.027	2248.77
-31602.0	7824.0	722.822	2248.33
-31602.0	7824.0	721.616	2247.89
-31602.0	7824.0	720.41	2270.25
-31602.0	7824.0	719.204	2215.91
-31602.0	7824.0	717.998	2275.58
-31602.0	7824.0	716.791	2210.9
-31602.0	7824.0	715.585	2266.4
-31602.0	7824.0	714.378	2582.86
-31602.0	7824.0	713.17	2309.0
-31602.0	7824.0	711.963	2296.13
-31602.0	7824.0	710.755	2274.97
-31602.0	7824.0	709.547	2272.46
-31602.0	7824.0	708.339	2290.63
-31602.0	7824.0	707.131	2383.28
-31602.0	7824.0	705.922	2293.87
-31602.0	7824.0	704.713	2328.58
-31602.0	7824.0	703.504	2307.44
-31602.0	7824.0	702.295	2286.32
-31602.0	7824.0	701.085	2304.47
-31602.0	7824.0	699.875	2372.2
-31602.0	7824.0	698.665	2357.28
-31602.0	7824.0	697.455	2346.48
-31602.0	7824.0	696.244	2399.71
-31602.0	7824.0	695.034	2306.33
-31602.0	7824.0	693.822	2386.38
-31602.0	7824.0	692.611	2309.55
-31602.0	7824.0	691.4	2358.61
-31602.0	7824.0	690.188	2393.22
-31602.0	7824.0	688.976	2361.81
-31602.0	7824.0	687.764	2355.16
-31602.0	7824.0	686.551	2389.74
-31602.0	7824.0	685.339	2477.91
-31602.0	7824.0	684.126	2448.57
-31602.0	7824.0	682.912	2441.9
-31602.0	7824.0	681.699	2484.68
-31602.0	7824.0	680.485	2379.14
-31602.0	7824.0	679.271	2448.69
-31602.0	7824.0	678.057	2534.68
-31602.0	7824.0	676.843	2532.12
-31602.0	7824.0	675.628	2467.82
-31602.0	7824.0	674.413	2500.25
-31602.0	7824.0	673.198	2520.33
-31602.0	7824.0	671.983	2536.29
-31602.0	7824.0	670.767	2515.22
-31602.0	7824.0	669.551	2586.69
-31602.0	7824.0	668.335	2489.55
-31602.0	7824.0	667.119	2548.66
-31602.0	7824.0	665.902	2591.31
-31602.0	7824.0	664.686	2594.9
-31602.0	7824.0	663.469	2643.69
-31602.0	7824.0	662.251	2515.83
-31602.0	7824.0	661.034	2537.91
-31602.0	7824.0	659.816	2547.67
-31602.0	7824.0	658.598	2575.9
-31602.0	7824.0	657.38	2581.55
-31602.0	7824.0	656.161	2630.27
-31602.0	7824.0	654.942	2629.75
-31602.0	7824.0	653.723	2614.87
-31602.0	7824.0	652.504	2534.38
-31602.0	7824.0	651.285	2679.43
-31602.0	7824.0	650.065	2615.35
-31602.0	7824.0	648.845	2524.66
-31602.0	7824.0	647.625	2561.04
-31602.0	7824.0	646.404	2548.24
-31602.0	7824.0	645.184	2713.62
-31602.0	7824.0	643.963	2633.22
-31602.0	7824.0	642.742	2675.68
-31602.0	7824.0	641.52	2509.36
-31602.0	7824.0	640.298	2658.24
-31602.0	7824.0	639.076	2610.65
-31602.0	7824.0	637.854	2683.77
-31602.0	7824.0	636.632	2654.6
-31602.0	7824.0	635.409	2590.68
-31602.0	7824.0	634.186	2624.92
-31602.0	7824.0	632.963	2710.23
-31602.0	7824.0	631.74	2623.86
-31602.0	7824.0	630.516	2666.24
-31602.0	7824.0	629.292	2751.5
-31602.0	7824.0	628.068	2701.93
-31602.0	7824.0	626.844	2705.47
-31602.0	7824.0	625.619	2655.94
-31602.0	7824.0	624.394	2712.55
-31602.0	7824.0	623.169	2689.56
-31602.0	7824.0	621.944	2782.87
-31602.0	7824.0	620.718	2702.76
-31602.0	7824.0	619.492	2738.92
-31602.0	7824.0	618.266	2756.72
-31602.0	7824.0	617.04	2762.28
-31602.0	7824.0	615.813	2792.3
-31602.0	7824.0	614.587	2740.79
-31602.0	7824.0	613.36	2677.08
-31602.0	7824.0	612.132	2641.92
-31602.0	7824.0	610.905	2655.64
-31602.0	7824.0	609.677	2624.56
-31602.0	7824.0	608.449	2628.11
-31602.0	7824.0	607.22	2666.25
-31602.0	7824.0	605.992	2761.35
-31602.0	7824.0	604.763	2703.83
-31602.0	7824.0	603.534	2613.78
-31602.0	7824.0	602.305	2725.1
-31602.0	7824.0	601.075	2706.25
-31602.0	7824.0	599.845	2602.03
-31602.0	7824.0	598.615	2668.58
-31602.0	7824.0	597.385	2627.4
-31602.0	7824.0	596.154	2661.4
-31602.0	7824.0	594.924	2701.49
-31602.0	7824.0	593.693	2694.85
-31602.0	7824.0	592.461	2590.75
-31602.0	7824.0	591.23	2671.43
-31602.0	7824.0	589.998	2563.32
-31602.0	7824.0	588.766	2627.73
-31602.0	7824.0	587.534	2505.48
-31602.0	7824.0	586.301	2472.52
-31602.0	7824.0	585.068	2644.39
-31602.0	7824.0	583.835	2637.77
-31602.0	7824.0	582.602	2685.88
-31602.0	7824.0	581.368	2715.74
-31602.0	7824.0	580.134	2638.19
-31602.0	7824.0	578.9	2623.47
-31602.0	7824.0	577.666	2629.02
-31602.0	7824.0	576.432	2565.71
-31602.0	7824.0	575.197	2520.64
-31602.0	7824.0	573.962	2615.27
-31602.0	7824.0	572.726	2612.71
-31602.0	7824.0	571.491	2662.76
-31602.0	7824.0	570.255	2559.05
-31602.0	7824.0	569.019	2609.09
-31602.0	7824.0	567.783	2677.32
-31602.0	7824.0	566.546	2703.05
-31602.0	7824.0	565.309	2672.18
-31602.0	7824.0	564.072	2695.89
-31602.0	7824.0	562.835	2784.24
-31602.0	7824.0	561.597	2763.47
-31602.0	7824.0	560.359	2764.93
-31602.0	7824.0	559.121	2758.31
-31602.0	7824.0	557.883	2747.65
-31602.0	7824.0	556.644	2761.22
-31602.0	7824.0	555.406	2877.7
-31602.0	7824.0	554.167	2873.08
-31602.0	7824.0	552.927	2937.04
-31602.0	7824.0	551.688	2988.88
-31602.0	7824.0	550.448	3018.51
-31602.0	7824.0	549.208	3080.39
-31602.0	7824.0	547.967	3140.23
-31602.0	7824.0	546.727	3127.49
-31602.0	7824.0	545.486	3251.77
-31602.0	7824.0	544.245	3295.41
-31602.0	7824.0	543.003	3445.78
-31602.0	7824.0	541.762	3527.63
-31602.0	7824.0	540.52	3728.22
-31602.0	7824.0	539.278	3787.83
-31602.0	7824.0	538.035	3954.07
-31602.0	7824.0	536.793	4158.47
-31602.0	7824.0	535.55	4493.52
-31602.0	7824.0	534.307	4657.5
-31602.0	7824.0	533.063	4980.26
-31602.0	7824.0	531.82	5298.85
-31602.0	7824.0	530.576	5932.85
-31602.0	7824.0	529.331	6671.08
-31602.0	7824.0	528.087	7776.64
-31602.0	7824.0	526.842	9118.76
-31602.0	7824.0	525.597	11637.1
-31602.0	7824.0	524.352	15391.1
-31602.0	7824.0	523.107	22389.4
-31602.0	7824.0	521.861	33179.8
-31602.0	7824.0	520.615	40903.9
-31602.0	7824.0	519.369	39655.8
-31602.0	7824.0	518.122	35925.1
-31602.0	7824.0	516.876	30886.6
-31602.0	7824.0	515.629	26128.8
-31602.0	7824.0	514.381	21996.4
-31602.0	7824.0	513.134	18869.6
-31602.0	7824.0	511.886	16443.4
-31602.0	7824.0	510.638	14839.5
-31602.0	7824.0	509.39	13564.7
-31602.0	7824.0	508.141	12696.9
-31602.0	7824.0	506.892	11729.3
-31602.0	7824.0	505.643	11434.7
-31602.0	7824.0	504.394	10934.0
-31602.0	7824.0	503.145	10881.8
-31602.0	7824.0	501.895	10689.5
-31602.0	7824.0	500.645	10413.3
-31602.0	7824.0	499.394	10279.2
-31602.0	7824.0	498.144	10409.0
-31602.0	7824.0	496.893	10241.0
-31602.0	7824.0	495.642	10107.0
-31602.0	7824.0	494.39	10202.8
-31602.0	7824.0	493.139	10116.8
-31602.0	7824.0	491.887	9928.94
-31602.0	7824.0	490.635	9733.22
-31602.0	7824.0	489.382	9555.54
-31602.0	7824.0	488.13	9377.94
-31602.0	7824.0	486.877	9226.35
-31602.0	7824.0	485.623	9270.32
-31602.0	7824.0	484.37	9170.67
-31602.0	7824.0	483.116	9168.77
-31602.0	7824.0	481.862	9101.08
-31602.0	7824.0	480.608	8911.82
-31602.0	7824.0	479.354	8878.09
-31602.0	7824.0	478.099	8860.31
-31602.0	7824.0	476.844	8878.39
-31602.0	7824.0	475.588	8850.66
-31602.0	7824.0	474.333	8775.15
-31602.0	7824.0	473.077	8651.89
-31602.0	7824.0	471.821	8564.5
-31602.0	7824.0	470.565	8570.68
-31602.0	7824.0	469.308	8268.48
-31602.0	7824.0	468.051	8169.3
-31602.0	7824.0	466.794	8284.93
-31602.0	7824.0	465.537	8032.69
-31602.0	7824.0	464.279	7879.94
-31602.0	7824.0	463.021	7927.98
-31602.0	7824.0	461.763	7757.43
-31602.0	7824.0	460.505	7592.92
-31602.0	7824.0	459.246	7513.87
-31602.0	7824.0	457.987	7236.28
-31602.0	7824.0	456.728	7210.95
-31602.0	7824.0	455.469	7090.35
-31602.0	7824.0	454.209	6953.92
-31602.0	7824.0	452.949	6960.41
-31602.0	7824.0	451.689	6816.13
-31602.0	7824.0	450.428	6830.57
-31602.0	7824.0	449.167	6737.93
-31602.0	7824.0	447.906	6520.43
-31602.0	7824.0	446.645	6421.95
-31602.0	7824.0	445.383	6355.22
-31602.0	7824.0	444.122	6244.92
-31602.0	7824.0	442.86	6164.38
-31602.0	7824.0	441.597	6149.23
-31602.0	7824.0	440.335	6033.11
-31602.0	7824.0	439.072	5970.48
-31602.0	7824.0	437.809	5769.33
-31602.0	7824.0	436.545	5928.41
-31602.0	7824.0	435.281	5784.72
-31602.0	7824.0	434.018	5714.29
-31602.0	7824.0	432.753	5697.27
-31602.0	7824.0	431.489	5510.23
-31602.0	7824.0	430.224	5509.08
-31602.0	7824.0	428.959	5464.44
-31602.0	7824.0	427.694	5358.58
-31602.0	7824.0	426.428	5321.9
-31602.0	7824.0	425.163	5257.58
-31602.0	7824.0	423.896	5173.55
-31602.0	7824.0	422.63	5164.56
-31602.0	7824.0	421.364	5202.96
-31602.0	7824.0	420.097	4974.93
-31602.0	7824.0	418.83	5153.42
-31602.0	7824.0	417.562	5008.35
-31602.0	7824.0	416.295	5015.18
-31602.0	7824.0	415.027	4889.91
-31602.0	7824.0	413.758	4766.66
-31602.0	7824.0	412.49	4878.01
-31602.0	7824.0	411.221	4804.07
-31602.0	7824.0	409.952	4850.35
-31602.0	7824.0	408.683	4869.02
-31602.0	7824.0	407.414	4775.45
-31602.0	7824.0	406.144	4841.38
-31602.0	7824.0	404.874	4722.26
-31602.0	7824.0	403.603	4725.2
-31602.0	7824.0	402.333	4747.82
-31602.0	7824.0	401.062	4662.23
-31602.0	7824.0	399.791	4732.06
-31602.0	7824.0	398.519	4774.32
-31602.0	7824.0	397.248	4739.9
-31602.0	7824.0	395.976	4756.59
-31602.0	7824.0	394.704	4700.56
-31602.0	7824.0	393.431	4709.4
-31602.0	7824.0	392.159	4606.26
-31602.0	7824.0	390.886	4742.76
-31602.0	7824.0	389.612	4767.29
-31602.0	7824.0	388.339	4685.8
-31602.0	7824.0	387.065	4659.3
-31602.0	7824.0	385.791	4662.24
-31602.0	7824.0	384.517	4604.36
-31602.0	7824.0	383.242	4579.86
-31602.0	7824.0	381.967	4590.66
-31602.0	7824.0	380.692	4650.47
-31602.0	7824.0	379.417	4757.29
-31602.0	7824.0	378.141	4581.87
-31602.0	7824.0	376.865	4506.45
-31602.0	7824.0	375.589	4583.86
-31602.0	7824.0	374.312	4449.71
-31602.0	7824.0	373.035	4640.66
-31602.0	7824.0	371.758	4535.93
-31602.0	7824.0	370.481	4556.5
-31602.0	7824.0	369.204	4555.53
-31602.0	7824.0	367.926	4632.83
-31602.0	7824.0	366.648	4559.48
-31602.0	7824.0	365.369	4464.64
-31602.0	7824.0	364.091	4530.18
-31602.0	7824.0	362.812	4580.04
-31602.0	7824.0	361.532	4502.85
-31602.0	7824.0	360.253	4402.25
-31602.0	7824.0	358.973	4493.13
-31602.0	7824.0	357.693	4443.35
-31602.0	7824.0	356.413	4538.1
-31602.0	7824.0	355.132	4546.9
-31602.0	7824.0	353.852	4545.93
-31602.0	7824.0	352.571	4455.2
-31602.0	7824.0	351.289	4549.86
-31602.0	7824.0	350.008	4546.95
-31602.0	7824.0	348.726	4495.28
-31602.0	7824.0	347.444	4603.51
-31602.0	7824.0	346.161	4553.8
-31602.0	7824.0	344.878	4506.06
-31602.0	7824.0	343.595	4493.41
-31602.0	7824.0	342.312	4537.27
-31602.0	7824.0	341.029	4588.9
-31602.0	7824.0	339.745	4603.5
-31602.0	7824.0	338.461	4629.78
-31602.0	7824.0	337.176	4669.67
-31602.0	7824.0	335.892	4592.79
-31602.0	7824.0	334.607	4656.02
-31602.0	7824.0	333.322	4760.07
-31602.0	7824.0	332.036	4731.83
-31602.0	7824.0	330.75	4758.05
-31602.0	7824.0	329.464	4727.88
-31602.0	7824.0	328.178	4734.65
-31602.0	7824.0	326.892	4813.32
-31602.0	7824.0	325.605	4847.26
-31602.0	7824.0	324.318	4863.71
-31602.0	7824.0	323.03	4911.23
-31602.0	7824.0	321.743	4883.0
-31602.0	7824.0	320.455	4903.32
-31602.0	7824.0	319.167	4917.8
-31602.0	7824.0	317.878	4969.14
-31602.0	7824.0	316.59	4995.24
-31602.0	7824.0	315.301	4932.12
-31602.0	7824.0	314.011	5016.38
-31602.0	7824.0	312.722	5048.27
-31602.0	7824.0	311.432	5010.37
-31602.0	7824.0	310.142	5046.12
-31602.0	7824.0	308.851	5081.86
-31602.0	7824.0	307.561	5131.14
-31602.0	7824.0	306.27	5159.1
-31602.0	7824.0	304.979	5279.98
-31602.0	7824.0	303.687	5292.4
-31602.0	7824.0	302.395	5339.66
-31602.0	7824.0	301.103	5323.04
-31602.0	7824.0	299.811	5219.37
-31602.0	7824.0	298.519	5191.18
-31602.0	7824.0	297.226	5124.33
-31602.0	7824.0	295.933	5115.5
-31602.0	7824.0	294.639	5155.0
-31602.0	7824.0	293.345	5022.49
-31602.0	7824.0	292.052	4957.66
-31602.0	7824.0	290.757	4958.54
-31602.0	7824.0	289.463	4876.37
-31602.0	7824.0	288.168	4881.12
-31602.0	7824.0	286.873	4771.97
-31602.0	7824.0	285.578	4786.4
-31602.0	7824.0	284.282	4872.2
-31602.0	7824.0	282.986	4782.42
-31602.0	7824.0	281.69	4704.25
-31602.0	7824.0	280.393	4585.61
-31602.0	7824.0	279.097	4625.12
-31602.0	7824.0	277.8	4656.9
-31602.0	7824.0	276.502	4607.73
-31602.0	7824.0	275.205	4548.94
-31602.0	7824.0	273.907	4553.75
-31602.0	7824.0	272.609	4369.82
-31602.0	7824.0	271.311	4426.65
-31602.0	7824.0	270.012	4418.0
-31602.0	7824.0	268.713	4349.69
-31602.0	7824.0	267.414	4339.14
-31602.0	7824.0	266.114	4265.11
-31602.0	7824.0	264.814	4275.73
-31602.0	7824.0	263.514	4259.43
-31602.0	7824.0	262.214	4210.46
-31602.0	7824.0	260.913	4201.87
-31602.0	7824.0	259.613	4072.21
-31602.0	7824.0	258.311	4142.43
-31602.0	7824.0	257.01	4083.91
-31602.0	7824.0	255.708	4010.06
-31602.0	7824.0	254.406	4024.56
-31602.0	7824.0	253.104	3939.23
-31602.0	7824.0	251.801	3928.79
-31602.0	7824.0	250.499	3933.7
-31602.0	7824.0	249.195	3831.18
-31602.0	7824.0	247.892	3797.75
-31602.0	7824.0	246.588	3785.43
-31602.0	7824.0	245.284	3811.46
-31602.0	7824.0	243.98	3720.56
-31602.0	7824.0	242.676	3738.92
-31602.0	7824.0	241.371	3649.98
-31602.0	7824.0	240.066	3773.72
-31602.0	7824.0	238.76	3623.52
-31602.0	7824.0	237.455	3578.7
-31602.0	7824.0	236.149	3708.11
-31602.0	7824.0	234.843	3647.98
-31602.0	7824.0	233.536	3549.61
-31602.0	7824.0	232.229	3573.72
-31602.0	7824.0	230.922	3565.3
-31602.0	7824.0	229.615	3426.85
-31602.0	7824.0	228.307	3493.03
-31602.0	7824.0	227.0	3459.79
-31602.0	7824.0	225.691	3445.67
-31602.0	7824.0	224.383	3299.72
-31602.0	7824.0	223.074	3363.96
-31602.0	7824.0	221.765	3292.57
-31602.0	7824.0	220.456	3257.49
-31602.0	7824.0	219.146	3216.7
-31602.0	7824.0	217.836	3315.26
-31602.0	7824.0	216.526	3276.38
-31602.0	7824.0	215.216	3218.44
-31602.0	7824.0	213.905	3240.64
-31602.0	7824.0	212.594	3232.32
-31602.0	7824.0	211.283	3252.59
-31602.0	7824.0	209.971	3265.24
-31602.0	7824.0	208.66	3375.07
-31602.0	7824.0	207.348	3309.56
-31602.0	7824.0	206.035	3362.19
-31602.0	7824.0	204.722	3470.02
-31602.0	7824.0	203.409	3543.54
-31602.0	7824.0	202.096	3639.86
-31602.0	7824.0	200.783	3821.79
-31602.0	7824.0	199.469	3925.63
-31602.0	7824.0	198.155	4000.88
-31602.0	7824.0	196.84	4078.01
-31602.0	7824.0	195.526	4130.38
-31602.0	7824.0	194.211	4190.33
-31602.0	7824.0	192.896	4290.17
-31602.0	7824.0	191.58	4498.29
-31602.0	7824.0	190.264	4417.52
-31602.0	7824.0	188.948	4429.87
-31602.0	7824.0	187.632	4423.22
-31602.0	7824.0	186.315	4488.72
-31602.0	7824.0	184.998	4497.25
-31602.0	7824.0	183.681	4479.2
-31602.0	7824.0	182.364	4533.26
-31602.0	7824.0	181.046	4585.4
-31602.0	7824.0	179.728	4637.53
-31602.0	7824.0	178.41	4632.73
-31602.0	7824.0	177.091	4591.92
-31602.0	7824.0	175.772	4753.95
-31602.0	7824.0	174.453	4658.17
-31602.0	7824.0	173.133	4791.69
-31602.0	7824.0	171.814	4786.87
-31602.0	7824.0	170.494	4729.02
-31602.0	7824.0	169.173	4724.21
-31602.0	7824.0	167.853	4708.05
-31602.0	7824.0	166.532	4760.03
-31602.0	7824.0	165.211	4819.55
-31602.0	7824.0	163.889	4879.05
-31602.0	7824.0	162.567	4898.81
-31602.0	7824.0	161.245	4854.26
-31602.0	7824.0	159.923	4777.59
-31602.0	7824.0	158.6	4920.21
-31602.0	7824.0	157.278	5068.44
-31602.0	7824.0	155.954	4931.32
-31602.0	7824.0	154.631	5026.59
-31602.0	7824.0	153.307	5129.38
-31602.0	7824.0	151.983	5060.3
-31602.0	7824.0	150.659	4976.14
-31602.0	7824.0	149.334	5152.48
-31602.0	7824.0	148.009	5026.83
-31602.0	7824.0	146.684	5040.84
-31602.0	7824.0	145.359	5037.87
-31602.0	7824.0	144.033	5104.66
-31602.0	7824.0	142.707	5109.22
-31602.0	7824.0	141.381	5151.47
-31602.0	7824.0	140.054	5125.86
-31602.0	7824.0	138.727	5105.91
-31602.0	7824.0	137.4	5080.32
-31602.0	7824.0	136.072	5079.23
-31602.0	7824.0	134.745	5128.97
-31602.0	7824.0	133.417	5099.62
-31602.0	7824.0	132.088	5059.0
-31602.0	7824.0	130.76	5086.13
-31602.0	7824.0	129.431	5036.12
-31602.0	7824.0	128.102	5023.75
-31602.0	7824.0	126.772	4970.01
-31602.0	7824.0	125.442	4974.58
-31602.0	7824.0	124.112	4855.09
-31602.0	7824.0	122.782	4865.31
-31602.0	7824.0	121.451	4907.48
-31602.0	7824.0	120.12	4752.39
-31602.0	7824.0	118.789	4749.48
-31602.0	7824.0	117.458	4573.84
-31602.0	7824.0	116.126	4552.2
-31602.0	7824.0	114.794	4487.41
-31602.0	7824.0	113.462	4392.62
-31602.0	7824.0	112.129	4337.27
-31602.0	7824.0	110.796	4227.55
-31602.0	7824.0	109.463	4057.87
-31602.0	7824.0	108.129	4000.75
-31602.0	7824.0	106.796	3853.69
-31602.0	7824.0	105.461	3702.94
-31602.0	7824.0	104.127	3527.9
-31602.0	7824.0	102.792	3296.74
-31602.0	7824.0	101.457	3206.13
-31602.0	7824.0	100.122	2995.74
-31602.0	7824.0	98.7867	2785.44
-31602.0	7824.0	97.4509	2638.85
-31602.0	7824.0	96.1148	2468.01
-31602.0	7824.0	94.7784	2267.31
-31602.0	7824.0	93.4418	2249.99
-31602.0	7824.0	92.1048	2049.42
-31602.0	7824.0	90.7676	2026.55
-31602.0	7824.0	89.43	2014.89
-31602.0	7824.0	88.0922	1911.68
-31602.0	7824.0	86.7541	1844.01
-31602.0	7824.0	85.4157	1894.04
