-31640.0	7810.0	1311.89	2225.93
-31640.0	7810.0	1310.78	2280.08
-31640.0	7810.0	1309.68	2250.2
-31640.0	7810.0	1308.58	2143.14
-31640.0	7810.0	1307.48	2142.8
-31640.0	7810.0	1306.38	2201.46
-31640.0	7810.0	1305.28	2303.22
-31640.0	7810.0	1304.18	2234.79
-31640.0	7810.0	1303.07	2218.55
-31640.0	7810.0	1301.97	2243.14
-31640.0	7810.0	1300.87	2238.25
-31640.0	7810.0	1299.77	2235.62
-31640.0	7810.0	1298.66	2235.26
-31640.0	7810.0	1297.56	2250.77
-31640.0	7810.0	1296.46	2225.48
-31640.0	7810.0	1295.35	2193.4
-31640.0	7810.0	1294.25	2211.17
-31640.0	7810.0	1293.15	2278.77
-31640.0	7810.0	1292.04	2255.76
-31640.0	7810.0	1290.94	2275.78
-31640.0	7810.0	1289.83	2320.69
-31640.0	7810.0	1288.73	2265.99
-31640.0	7810.0	1287.63	2267.89
-31640.0	7810.0	1286.52	2210.95
-31640.0	7810.0	1285.42	2224.17
-31640.0	7810.0	1284.31	2278.1
-31640.0	7810.0	1283.21	2261.9
-31640.0	7810.0	1282.1	2277.37
-31640.0	7810.0	1280.99	2240.82
-31640.0	7810.0	1279.89	2197.5
-31640.0	7810.0	1278.78	2192.63
-31640.0	7810.0	1277.68	2235.22
-31640.0	7810.0	1276.57	2189.66
-31640.0	7810.0	1275.46	2241.27
-31640.0	7810.0	1274.36	2218.32
-31640.0	7810.0	1273.25	2181.82
-31640.0	7810.0	1272.14	2235.67
-31640.0	7810.0	1271.04	2163.05
-31640.0	7810.0	1269.93	2316.21
-31640.0	7810.0	1268.82	2225.55
-31640.0	7810.0	1267.71	2182.31
-31640.0	7810.0	1266.61	2209.03
-31640.0	7810.0	1265.5	2271.84
-31640.0	7810.0	1264.39	2237.64
-31640.0	7810.0	1263.28	2257.57
-31640.0	7810.0	1262.17	2257.21
-31640.0	7810.0	1261.06	2155.38
-31640.0	7810.0	1259.95	2114.46
-31640.0	7810.0	1258.84	2186.24
-31640.0	7810.0	1257.74	2134.05
-31640.0	7810.0	1256.63	2250.87
-31640.0	7810.0	1255.52	2176.16
-31640.0	7810.0	1254.41	2209.59
-31640.0	7810.0	1253.3	2152.93
-31640.0	7810.0	1252.19	2195.36
-31640.0	7810.0	1251.08	2201.75
-31640.0	7810.0	1249.96	2219.4
-31640.0	7810.0	1248.85	2212.29
-31640.0	7810.0	1247.74	2151.17
-31640.0	7810.0	1246.63	2200.32
-31640.0	7810.0	1245.52	2249.44
-31640.0	7810.0	1244.41	2186.1
-31640.0	7810.0	1243.3	2131.78
-31640.0	7810.0	1242.18	2239.35
-31640.0	7810.0	1241.07	2178.29
-31640.0	7810.0	1239.96	2166.69
-31640.0	7810.0	1238.85	2193.3
-31640.0	7810.0	1237.74	2195.19
-31640.0	7810.0	1236.62	2219.54
-31640.0	7810.0	1235.51	2147.3
-31640.0	7810.0	1234.4	2088.56
-31640.0	7810.0	1233.28	2160.07
-31640.0	7810.0	1232.17	2173.18
-31640.0	7810.0	1231.06	2166.09
-31640.0	7810.0	1229.94	2208.38
-31640.0	7810.0	1228.83	2187.82
-31640.0	7810.0	1227.71	2223.36
-31640.0	7810.0	1226.6	2202.8
-31640.0	7810.0	1225.48	2108.24
-31640.0	7810.0	1224.37	2125.83
-31640.0	7810.0	1223.25	2186.02
-31640.0	7810.0	1222.14	2234.97
-31640.0	7810.0	1221.02	2153.92
-31640.0	7810.0	1219.91	2232.0
-31640.0	7810.0	1218.79	2121.84
-31640.0	7810.0	1217.68	2137.17
-31640.0	7810.0	1216.56	2125.62
-31640.0	7810.0	1215.44	2129.75
-31640.0	7810.0	1214.33	2174.18
-31640.0	7810.0	1213.21	2068.6
-31640.0	7810.0	1212.09	2090.64
-31640.0	7810.0	1210.98	2088.05
-31640.0	7810.0	1209.86	2143.65
-31640.0	7810.0	1208.74	2212.65
-31640.0	7810.0	1207.62	2100.44
-31640.0	7810.0	1206.51	2142.58
-31640.0	7810.0	1205.39	2180.24
-31640.0	7810.0	1204.27	2088.21
-31640.0	7810.0	1203.15	2168.34
-31640.0	7810.0	1202.03	2141.16
-31640.0	7810.0	1200.91	2192.2
-31640.0	7810.0	1199.8	2140.45
-31640.0	7810.0	1198.68	2128.92
-31640.0	7810.0	1197.56	2128.57
-31640.0	7810.0	1196.44	2050.05
-31640.0	7810.0	1195.32	2114.46
-31640.0	7810.0	1194.2	2098.48
-31640.0	7810.0	1193.08	2080.28
-31640.0	7810.0	1191.96	2135.72
-31640.0	7810.0	1190.84	2077.35
-31640.0	7810.0	1189.72	2137.24
-31640.0	7810.0	1188.6	2121.27
-31640.0	7810.0	1187.48	2132.07
-31640.0	7810.0	1186.35	2125.02
-31640.0	7810.0	1185.23	2133.58
-31640.0	7810.0	1184.11	2135.46
-31640.0	7810.0	1182.99	2072.7
-31640.0	7810.0	1181.87	2148.11
-31640.0	7810.0	1180.75	2158.89
-31640.0	7810.0	1179.62	2156.3
-31640.0	7810.0	1178.5	2149.26
-31640.0	7810.0	1177.38	2193.44
-31640.0	7810.0	1176.26	2193.07
-31640.0	7810.0	1175.13	2121.47
-31640.0	7810.0	1174.01	2098.85
-31640.0	7810.0	1172.89	2174.16
-31640.0	7810.0	1171.76	2127.07
-31640.0	7810.0	1170.64	2177.88
-31640.0	7810.0	1169.51	2104.12
-31640.0	7810.0	1168.39	2112.66
-31640.0	7810.0	1167.27	2232.37
-31640.0	7810.0	1166.14	2120.84
-31640.0	7810.0	1165.02	2076.03
-31640.0	7810.0	1163.89	2126.79
-31640.0	7810.0	1162.77	2208.65
-31640.0	7810.0	1161.64	2152.73
-31640.0	7810.0	1160.52	2136.82
-31640.0	7810.0	1159.39	2123.14
-31640.0	7810.0	1158.26	2091.69
-31640.0	7810.0	1157.14	2175.7
-31640.0	7810.0	1156.01	2142.04
-31640.0	7810.0	1154.88	2148.33
-31640.0	7810.0	1153.76	2147.97
-31640.0	7810.0	1152.63	2140.95
-31640.0	7810.0	1151.5	2167.21
-31640.0	7810.0	1150.38	2064.82
-31640.0	7810.0	1149.25	2119.91
-31640.0	7810.0	1148.12	2183.85
-31640.0	7810.0	1146.99	2170.17
-31640.0	7810.0	1145.87	2165.37
-31640.0	7810.0	1144.74	2105.18
-31640.0	7810.0	1143.61	2118.11
-31640.0	7810.0	1142.48	2073.45
-31640.0	7810.0	1141.35	2130.68
-31640.0	7810.0	1140.22	2128.1
-31640.0	7810.0	1139.09	2103.39
-31640.0	7810.0	1137.97	2207.08
-31640.0	7810.0	1136.84	2020.78
-31640.0	7810.0	1135.71	2108.95
-31640.0	7810.0	1134.58	2172.76
-31640.0	7810.0	1133.45	2101.6
-31640.0	7810.0	1132.32	2118.94
-31640.0	7810.0	1131.19	2094.25
-31640.0	7810.0	1130.05	2129.27
-31640.0	7810.0	1128.92	2151.01
-31640.0	7810.0	1127.79	2168.33
-31640.0	7810.0	1126.66	2132.6
-31640.0	7810.0	1125.53	2136.65
-31640.0	7810.0	1124.4	2131.87
-31640.0	7810.0	1123.27	2138.13
-31640.0	7810.0	1122.13	2115.68
-31640.0	7810.0	1121.0	2179.35
-31640.0	7810.0	1119.87	2114.96
-31640.0	7810.0	1118.74	2191.85
-31640.0	7810.0	1117.6	2151.75
-31640.0	7810.0	1116.47	2016.78
-31640.0	7810.0	1115.34	2089.24
-31640.0	7810.0	1114.2	2080.06
-31640.0	7810.0	1113.07	2112.78
-31640.0	7810.0	1111.94	2154.32
-31640.0	7810.0	1110.8	2112.06
-31640.0	7810.0	1109.67	2146.96
-31640.0	7810.0	1108.54	2117.94
-31640.0	7810.0	1107.4	2064.69
-31640.0	7810.0	1106.27	2055.53
-31640.0	7810.0	1105.13	2048.56
-31640.0	7810.0	1104.0	2120.89
-31640.0	7810.0	1102.86	2151.35
-31640.0	7810.0	1101.72	2153.18
-31640.0	7810.0	1100.59	2135.2
-31640.0	7810.0	1099.45	2143.64
-31640.0	7810.0	1098.32	2116.86
-31640.0	7810.0	1097.18	2114.3
-31640.0	7810.0	1096.04	2208.52
-31640.0	7810.0	1094.91	2161.95
-31640.0	7810.0	1093.77	2214.35
-31640.0	7810.0	1092.63	2205.18
-31640.0	7810.0	1091.5	2101.48
-31640.0	7810.0	1090.36	2169.25
-31640.0	7810.0	1089.22	2153.49
-31640.0	7810.0	1088.08	2093.8
-31640.0	7810.0	1086.95	2154.94
-31640.0	7810.0	1085.81	2090.88
-31640.0	7810.0	1084.67	2165.17
-31640.0	7810.0	1083.53	2101.13
-31640.0	7810.0	1082.39	1999.79
-31640.0	7810.0	1081.25	2003.83
-31640.0	7810.0	1080.11	2150.5
-31640.0	7810.0	1078.97	2150.13
-31640.0	7810.0	1077.83	2075.17
-31640.0	7810.0	1076.69	2092.36
-31640.0	7810.0	1075.55	2100.77
-31640.0	7810.0	1074.41	2201.25
-31640.0	7810.0	1073.27	2161.41
-31640.0	7810.0	1072.13	2110.63
-31640.0	7810.0	1070.99	2077.39
-31640.0	7810.0	1069.85	2133.99
-31640.0	7810.0	1068.71	2148.95
-31640.0	7810.0	1067.57	2163.91
-31640.0	7810.0	1066.43	2097.84
-31640.0	7810.0	1065.28	2123.75
-31640.0	7810.0	1064.14	2088.35
-31640.0	7810.0	1063.0	2147.08
-31640.0	7810.0	1061.86	2186.09
-31640.0	7810.0	1060.71	2172.58
-31640.0	7810.0	1059.57	2150.33
-31640.0	7810.0	1058.43	2191.51
-31640.0	7810.0	1057.29	2258.91
-31640.0	7810.0	1056.14	2219.16
-31640.0	7810.0	1055.0	2161.94
-31640.0	7810.0	1053.85	2200.9
-31640.0	7810.0	1052.71	2266.07
-31640.0	7810.0	1051.57	2228.53
-31640.0	7810.0	1050.42	2121.1
-31640.0	7810.0	1049.28	2177.51
-31640.0	7810.0	1048.13	2192.42
-31640.0	7810.0	1046.99	2205.13
-31640.0	7810.0	1045.84	2137.07
-31640.0	7810.0	1044.7	2254.55
-31640.0	7810.0	1043.55	2282.52
-31640.0	7810.0	1042.4	2264.67
-31640.0	7810.0	1041.26	2257.72
-31640.0	7810.0	1040.11	2207.16
-31640.0	7810.0	1038.97	2267.83
-31640.0	7810.0	1037.82	2276.15
-31640.0	7810.0	1036.67	2295.37
-31640.0	7810.0	1035.53	2277.53
-31640.0	7810.0	1034.38	2259.69
-31640.0	7810.0	1033.23	2296.33
-31640.0	7810.0	1032.08	2374.34
-31640.0	7810.0	1030.94	2256.32
-31640.0	7810.0	1029.79	2358.26
-31640.0	7810.0	1028.64	2373.08
-31640.0	7810.0	1027.49	2448.85
-31640.0	7810.0	1026.34	2385.3
-31640.0	7810.0	1025.19	2369.65
-31640.0	7810.0	1024.04	2382.28
-31640.0	7810.0	1022.89	2444.94
-31640.0	7810.0	1021.74	2414.06
-31640.0	7810.0	1020.59	2557.14
-31640.0	7810.0	1019.45	2537.12
-31640.0	7810.0	1018.29	2525.8
-31640.0	7810.0	1017.14	2566.65
-31640.0	7810.0	1015.99	2550.98
-31640.0	7810.0	1014.84	2652.64
-31640.0	7810.0	1013.69	2567.45
-31640.0	7810.0	1012.54	2677.75
-31640.0	7810.0	1011.39	2620.82
-31640.0	7810.0	1010.24	2657.26
-31640.0	7810.0	1009.09	2704.54
-31640.0	7810.0	1007.93	2628.1
-31640.0	7810.0	1006.78	2681.88
-31640.0	7810.0	1005.63	2698.75
-31640.0	7810.0	1004.48	2748.16
-31640.0	7810.0	1003.32	2704.3
-31640.0	7810.0	1002.17	2784.04
-31640.0	7810.0	1001.02	2878.93
-31640.0	7810.0	999.865	2869.74
-31640.0	7810.0	998.711	2858.39
-31640.0	7810.0	997.558	2933.72
-31640.0	7810.0	996.403	2933.19
-31640.0	7810.0	995.249	2947.83
-31640.0	7810.0	994.095	2919.15
-31640.0	7810.0	992.94	3061.52
-31640.0	7810.0	991.785	3182.2
-31640.0	7810.0	990.63	3172.97
-31640.0	7810.0	989.475	3243.82
-31640.0	7810.0	988.319	3282.18
-31640.0	7810.0	987.164	3383.26
-31640.0	7810.0	986.008	3285.32
-31640.0	7810.0	984.852	3438.27
-31640.0	7810.0	983.695	3474.4
-31640.0	7810.0	982.539	3508.36
-31640.0	7810.0	981.382	3559.6
-31640.0	7810.0	980.225	3608.66
-31640.0	7810.0	979.068	3597.21
-31640.0	7810.0	977.911	3574.96
-31640.0	7810.0	976.753	3626.15
-31640.0	7810.0	975.595	3696.75
-31640.0	7810.0	974.437	3750.06
-31640.0	7810.0	973.279	3749.38
-31640.0	7810.0	972.121	3686.12
-31640.0	7810.0	970.962	3771.76
-31640.0	7810.0	969.803	3743.04
-31640.0	7810.0	968.644	3776.87
-31640.0	7810.0	967.485	3733.06
-31640.0	7810.0	966.326	3792.75
-31640.0	7810.0	965.166	3744.64
-31640.0	7810.0	964.006	3810.78
-31640.0	7810.0	962.846	3818.71
-31640.0	7810.0	961.686	3865.42
-31640.0	7810.0	960.525	3836.71
-31640.0	7810.0	959.365	3812.33
-31640.0	7810.0	958.204	3839.63
-31640.0	7810.0	957.043	3918.6
-31640.0	7810.0	955.881	3958.78
-31640.0	7810.0	954.72	3837.54
-31640.0	7810.0	953.558	3937.98
-31640.0	7810.0	952.396	3838.29
-31640.0	7810.0	951.234	3783.82
-31640.0	7810.0	950.071	3961.64
-31640.0	7810.0	948.909	3941.57
-31640.0	7810.0	947.746	3846.25
-31640.0	7810.0	946.583	3946.58
-31640.0	7810.0	945.42	3973.8
-31640.0	7810.0	944.256	3977.37
-31640.0	7810.0	943.092	3907.9
-31640.0	7810.0	941.929	4003.84
-31640.0	7810.0	940.765	4037.47
-31640.0	7810.0	939.6	3976.62
-31640.0	7810.0	938.436	3956.57
-31640.0	7810.0	937.271	3837.79
-31640.0	7810.0	936.106	3828.51
-31640.0	7810.0	934.941	3817.08
-31640.0	7810.0	933.775	3672.65
-31640.0	7810.0	932.61	3599.05
-31640.0	7810.0	931.444	3510.47
-31640.0	7810.0	930.278	3484.1
-31640.0	7810.0	929.112	3500.61
-31640.0	7810.0	927.945	3399.23
-31640.0	7810.0	926.779	3265.75
-31640.0	7810.0	925.612	3329.43
-31640.0	7810.0	924.445	3243.13
-31640.0	7810.0	923.278	3231.83
-31640.0	7810.0	922.11	3184.12
-31640.0	7810.0	920.942	3106.47
-31640.0	7810.0	919.774	3187.23
-31640.0	7810.0	918.606	3190.93
-31640.0	7810.0	917.438	3034.14
-31640.0	7810.0	916.269	2988.66
-31640.0	7810.0	915.1	2842.66
-31640.0	7810.0	913.931	2983.28
-31640.0	7810.0	912.762	2824.51
-31640.0	7810.0	911.593	2834.67
-31640.0	7810.0	910.423	2943.16
-31640.0	7810.0	909.253	2807.98
-31640.0	7810.0	908.083	2856.61
-31640.0	7810.0	906.913	2789.86
-31640.0	7810.0	905.742	2834.19
-31640.0	7810.0	904.572	2718.36
-31640.0	7810.0	903.401	2764.83
-31640.0	7810.0	902.229	2781.39
-31640.0	7810.0	901.058	2783.01
-31640.0	7810.0	899.886	2718.48
-31640.0	7810.0	898.715	2726.51
-31640.0	7810.0	897.543	2691.88
-31640.0	7810.0	896.37	2708.44
-31640.0	7810.0	895.198	2690.88
-31640.0	7810.0	894.025	2683.99
-31640.0	7810.0	892.852	2800.72
-31640.0	7810.0	891.679	2693.64
-31640.0	7810.0	890.506	2624.96
-31640.0	7810.0	889.332	2722.47
-31640.0	7810.0	888.158	2749.65
-31640.0	7810.0	886.984	2685.25
-31640.0	7810.0	885.81	2699.66
-31640.0	7810.0	884.636	2662.97
-31640.0	7810.0	883.461	2709.3
-31640.0	7810.0	882.286	2613.04
-31640.0	7810.0	881.111	2648.72
-31640.0	7810.0	879.936	2643.97
-31640.0	7810.0	878.76	2609.45
-31640.0	7810.0	877.584	2604.71
-31640.0	7810.0	876.408	2568.08
-31640.0	7810.0	875.232	2563.35
-31640.0	7810.0	874.056	2579.88
-31640.0	7810.0	872.879	2547.52
-31640.0	7810.0	871.702	2566.17
-31640.0	7810.0	870.525	2612.41
-31640.0	7810.0	869.348	2594.94
-31640.0	7810.0	868.17	2588.08
-31640.0	7810.0	866.993	2585.47
-31640.0	7810.0	865.815	2536.18
-31640.0	7810.0	864.637	2563.29
-31640.0	7810.0	863.458	2558.56
-31640.0	7810.0	862.28	2549.6
-31640.0	7810.0	861.101	2472.77
-31640.0	7810.0	859.922	2474.43
-31640.0	7810.0	858.742	2505.77
-31640.0	7810.0	857.563	2526.49
-31640.0	7810.0	856.383	2564.16
-31640.0	7810.0	855.203	2555.2
-31640.0	7810.0	854.023	2597.09
-31640.0	7810.0	852.843	2579.66
-31640.0	7810.0	851.662	2549.53
-31640.0	7810.0	850.481	2430.49
-31640.0	7810.0	849.3	2457.55
-31640.0	7810.0	848.119	2529.04
-31640.0	7810.0	846.937	2515.87
-31640.0	7810.0	845.756	2456.16
-31640.0	7810.0	844.574	2483.19
-31640.0	7810.0	843.392	2510.22
-31640.0	7810.0	842.209	2533.0
-31640.0	7810.0	841.027	2481.79
-31640.0	7810.0	839.844	2441.16
-31640.0	7810.0	838.661	2459.72
-31640.0	7810.0	837.477	2452.92
-31640.0	7810.0	836.294	2520.05
-31640.0	7810.0	835.11	2485.78
-31640.0	7810.0	833.926	2504.32
-31640.0	7810.0	832.742	2495.4
-31640.0	7810.0	831.558	2524.47
-31640.0	7810.0	830.373	2534.55
-31640.0	7810.0	829.188	2561.5
-31640.0	7810.0	828.003	2463.97
-31640.0	7810.0	826.818	2455.07
-31640.0	7810.0	825.632	2458.82
-31640.0	7810.0	824.446	2416.19
-31640.0	7810.0	823.26	2478.97
-31640.0	7810.0	822.074	2467.96
-31640.0	7810.0	820.888	2511.74
-31640.0	7810.0	819.701	2544.97
-31640.0	7810.0	818.514	2445.49
-31640.0	7810.0	817.327	2453.45
-31640.0	7810.0	816.14	2476.14
-31640.0	7810.0	814.952	2511.46
-31640.0	7810.0	813.765	2500.46
-31640.0	7810.0	812.577	2470.52
-31640.0	7810.0	811.388	2470.05
-31640.0	7810.0	810.2	2383.33
-31640.0	7810.0	809.011	2467.0
-31640.0	7810.0	807.822	2418.17
-31640.0	7810.0	806.633	2428.22
-31640.0	7810.0	805.444	2410.94
-31640.0	7810.0	804.254	2427.29
-31640.0	7810.0	803.064	2483.56
-31640.0	7810.0	801.874	2443.17
-31640.0	7810.0	800.684	2444.81
-31640.0	7810.0	799.493	2469.54
-31640.0	7810.0	798.303	2492.16
-31640.0	7810.0	797.112	2529.47
-31640.0	7810.0	795.921	2407.26
-31640.0	7810.0	794.729	2385.81
-31640.0	7810.0	793.538	2448.29
-31640.0	7810.0	792.346	2378.61
-31640.0	7810.0	791.154	2447.35
-31640.0	7810.0	789.961	2474.14
-31640.0	7810.0	788.769	2475.76
-31640.0	7810.0	787.576	2439.66
-31640.0	7810.0	786.383	2403.57
-31640.0	7810.0	785.19	2380.06
-31640.0	7810.0	783.996	2356.56
-31640.0	7810.0	782.802	2377.05
-31640.0	7810.0	781.608	2408.0
-31640.0	7810.0	780.414	2374.04
-31640.0	7810.0	779.22	2396.61
-31640.0	7810.0	778.025	2481.95
-31640.0	7810.0	776.83	2395.69
-31640.0	7810.0	775.635	2324.1
-31640.0	7810.0	774.44	2384.31
-31640.0	7810.0	773.244	2373.39
-31640.0	7810.0	772.049	2487.92
-31640.0	7810.0	770.853	2378.75
-31640.0	7810.0	769.656	2418.0
-31640.0	7810.0	768.46	2348.58
-31640.0	7810.0	767.263	2371.1
-31640.0	7810.0	766.066	2385.26
-31640.0	7810.0	764.869	2386.89
-31640.0	7810.0	763.672	2344.67
-31640.0	7810.0	762.474	2390.14
-31640.0	7810.0	761.276	2356.29
-31640.0	7810.0	760.078	2261.93
-31640.0	7810.0	758.88	2378.33
-31640.0	7810.0	757.681	2379.95
-31640.0	7810.0	756.483	2387.83
-31640.0	7810.0	755.284	2349.84
-31640.0	7810.0	754.084	2418.18
-31640.0	7810.0	752.885	2286.4
-31640.0	7810.0	751.685	2256.78
-31640.0	7810.0	750.485	2345.93
-31640.0	7810.0	749.285	2289.23
-31640.0	7810.0	748.085	2349.19
-31640.0	7810.0	746.884	2361.22
-31640.0	7810.0	745.683	2300.39
-31640.0	7810.0	744.482	2258.32
-31640.0	7810.0	743.281	2366.09
-31640.0	7810.0	742.079	2342.74
-31640.0	7810.0	740.877	2444.22
-31640.0	7810.0	739.675	2208.72
-31640.0	7810.0	738.473	2278.99
-31640.0	7810.0	737.27	2224.5
-31640.0	7810.0	736.068	2309.28
-31640.0	7810.0	734.865	2252.72
-31640.0	7810.0	733.661	2231.51
-31640.0	7810.0	732.458	2274.7
-31640.0	7810.0	731.254	2328.25
-31640.0	7810.0	730.05	2275.88
-31640.0	7810.0	728.846	2306.58
-31640.0	7810.0	727.642	2241.78
-31640.0	7810.0	726.437	2224.74
-31640.0	7810.0	725.232	2284.48
-31640.0	7810.0	724.027	2252.92
-31640.0	7810.0	722.822	2169.51
-31640.0	7810.0	721.616	2283.14
-31640.0	7810.0	720.41	2286.84
-31640.0	7810.0	719.204	2276.03
-31640.0	7810.0	717.998	2244.49
-31640.0	7810.0	716.791	2210.9
-31640.0	7810.0	715.585	2316.12
-31640.0	7810.0	714.378	2572.5
-31640.0	7810.0	713.17	2298.65
-31640.0	7810.0	711.963	2306.48
-31640.0	7810.0	710.755	2308.1
-31640.0	7810.0	709.547	2257.97
-31640.0	7810.0	708.339	2290.63
-31640.0	7810.0	707.131	2304.67
-31640.0	7810.0	705.922	2295.94
-31640.0	7810.0	704.713	2297.56
-31640.0	7810.0	703.504	2336.39
-31640.0	7810.0	702.295	2323.53
-31640.0	7810.0	701.085	2287.93
-31640.0	7810.0	699.875	2347.41
-31640.0	7810.0	698.665	2289.1
-31640.0	7810.0	697.455	2311.37
-31640.0	7810.0	696.244	2348.09
-31640.0	7810.0	695.034	2405.44
-31640.0	7810.0	693.822	2330.64
-31640.0	7810.0	692.611	2330.18
-31640.0	7810.0	691.4	2290.52
-31640.0	7810.0	690.188	2323.08
-31640.0	7810.0	688.976	2337.06
-31640.0	7810.0	687.764	2334.53
-31640.0	7810.0	686.551	2466.03
-31640.0	7810.0	685.339	2510.9
-31640.0	7810.0	684.126	2380.55
-31640.0	7810.0	682.912	2386.26
-31640.0	7810.0	681.699	2484.68
-31640.0	7810.0	680.485	2426.52
-31640.0	7810.0	679.271	2500.18
-31640.0	7810.0	678.057	2557.33
-31640.0	7810.0	676.843	2495.07
-31640.0	7810.0	675.628	2578.96
-31640.0	7810.0	674.413	2522.89
-31640.0	7810.0	673.198	2561.48
-31640.0	7810.0	671.983	2593.88
-31640.0	7810.0	670.767	2568.69
-31640.0	7810.0	669.551	2527.06
-31640.0	7810.0	668.335	2563.56
-31640.0	7810.0	667.119	2604.16
-31640.0	7810.0	665.902	2492.67
-31640.0	7810.0	664.686	2559.98
-31640.0	7810.0	663.469	2660.12
-31640.0	7810.0	662.251	2470.65
-31640.0	7810.0	661.034	2624.15
-31640.0	7810.0	659.816	2564.1
-31640.0	7810.0	658.598	2536.9
-31640.0	7810.0	657.38	2593.86
-31640.0	7810.0	656.161	2570.77
-31640.0	7810.0	654.942	2572.31
-31640.0	7810.0	653.723	2610.77
-31640.0	7810.0	652.504	2620.5
-31640.0	7810.0	651.285	2572.82
-31640.0	7810.0	650.065	2603.05
-31640.0	7810.0	648.845	2575.89
-31640.0	7810.0	647.625	2618.41
-31640.0	7810.0	646.404	2617.88
-31640.0	7810.0	645.184	2617.36
-31640.0	7810.0	643.963	2715.12
-31640.0	7810.0	642.742	2548.76
-31640.0	7810.0	641.52	2589.18
-31640.0	7810.0	640.298	2627.54
-31640.0	7810.0	639.076	2584.05
-31640.0	7810.0	637.854	2696.04
-31640.0	7810.0	636.632	2646.42
-31640.0	7810.0	635.409	2602.95
-31640.0	7810.0	634.186	2729.18
-31640.0	7810.0	632.963	2706.15
-31640.0	7810.0	631.74	2676.99
-31640.0	7810.0	630.516	2684.63
-31640.0	7810.0	629.292	2655.49
-31640.0	7810.0	628.068	2679.47
-31640.0	7810.0	626.844	2558.46
-31640.0	7810.0	625.619	2678.39
-31640.0	7810.0	624.394	2632.95
-31640.0	7810.0	623.169	2846.69
-31640.0	7810.0	621.944	2799.19
-31640.0	7810.0	620.718	2751.71
-31640.0	7810.0	619.492	2736.88
-31640.0	7810.0	618.266	2717.98
-31640.0	7810.0	617.04	2686.86
-31640.0	7810.0	615.813	2653.7
-31640.0	7810.0	614.587	2781.55
-31640.0	7810.0	613.36	2687.27
-31640.0	7810.0	612.132	2705.06
-31640.0	7810.0	610.905	2704.52
-31640.0	7810.0	609.677	2655.11
-31640.0	7810.0	608.449	2650.5
-31640.0	7810.0	607.22	2739.52
-31640.0	7810.0	605.992	2651.46
-31640.0	7810.0	604.763	2585.83
-31640.0	7810.0	603.534	2638.19
-31640.0	7810.0	602.305	2702.73
-31640.0	7810.0	601.075	2698.12
-31640.0	7810.0	599.845	2606.1
-31640.0	7810.0	598.615	2699.06
-31640.0	7810.0	597.385	2674.13
-31640.0	7810.0	596.154	2637.02
-31640.0	7810.0	594.924	2638.52
-31640.0	7810.0	593.693	2678.6
-31640.0	7810.0	592.461	2617.15
-31640.0	7810.0	591.23	2616.62
-31640.0	7810.0	589.998	2634.36
-31640.0	7810.0	588.766	2646.0
-31640.0	7810.0	587.534	2610.97
-31640.0	7810.0	586.301	2622.61
-31640.0	7810.0	585.068	2686.97
-31640.0	7810.0	583.835	2536.39
-31640.0	7810.0	582.602	2614.94
-31640.0	7810.0	581.368	2612.38
-31640.0	7810.0	580.134	2607.79
-31640.0	7810.0	578.9	2653.86
-31640.0	7810.0	577.666	2689.78
-31640.0	7810.0	576.432	2644.68
-31640.0	7810.0	575.197	2603.65
-31640.0	7810.0	573.962	2617.29
-31640.0	7810.0	572.726	2655.21
-31640.0	7810.0	571.491	2644.55
-31640.0	7810.0	570.255	2585.35
-31640.0	7810.0	569.019	2661.68
-31640.0	7810.0	567.783	2675.29
-31640.0	7810.0	566.546	2783.92
-31640.0	7810.0	565.309	2643.88
-31640.0	7810.0	564.072	2637.28
-31640.0	7810.0	562.835	2652.91
-31640.0	7810.0	561.597	2755.39
-31640.0	7810.0	560.359	2756.85
-31640.0	7810.0	559.121	2837.06
-31640.0	7810.0	557.883	2792.07
-31640.0	7810.0	556.644	2759.2
-31640.0	7810.0	555.406	2784.87
-31640.0	7810.0	554.167	2901.32
-31640.0	7810.0	552.927	2963.26
-31640.0	7810.0	551.688	2972.74
-31640.0	7810.0	550.448	3101.18
-31640.0	7810.0	549.208	3126.76
-31640.0	7810.0	547.967	3200.69
-31640.0	7810.0	546.727	3276.61
-31640.0	7810.0	545.486	3294.07
-31640.0	7810.0	544.245	3410.23
-31640.0	7810.0	543.003	3475.99
-31640.0	7810.0	541.762	3604.14
-31640.0	7810.0	540.52	3720.16
-31640.0	7810.0	539.278	3846.2
-31640.0	7810.0	538.035	3927.91
-31640.0	7810.0	536.793	4234.92
-31640.0	7810.0	535.55	4415.08
-31640.0	7810.0	534.307	4697.73
-31640.0	7810.0	533.063	5040.57
-31640.0	7810.0	531.82	5471.73
-31640.0	7810.0	530.576	6015.26
-31640.0	7810.0	529.331	6775.57
-31640.0	7810.0	528.087	7798.74
-31640.0	7810.0	526.842	9395.93
-31640.0	7810.0	525.597	12076.9
-31640.0	7810.0	524.352	16374.9
-31640.0	7810.0	523.107	24005.3
-31640.0	7810.0	521.861	34719.1
-31640.0	7810.0	520.615	41696.5
-31640.0	7810.0	519.369	40674.9
-31640.0	7810.0	518.122	36143.8
-31640.0	7810.0	516.876	30796.4
-31640.0	7810.0	515.629	25928.3
-31640.0	7810.0	514.381	21787.9
-31640.0	7810.0	513.134	18647.2
-31640.0	7810.0	511.886	16467.4
-31640.0	7810.0	510.638	14993.7
-31640.0	7810.0	509.39	13718.9
-31640.0	7810.0	508.141	12760.9
-31640.0	7810.0	506.892	12121.7
-31640.0	7810.0	505.643	11626.8
-31640.0	7810.0	504.394	11176.2
-31640.0	7810.0	503.145	10821.7
-31640.0	7810.0	501.895	10673.5
-31640.0	7810.0	500.645	10577.3
-31640.0	7810.0	499.394	10521.1
-31640.0	7810.0	498.144	10453.0
-31640.0	7810.0	496.893	10436.8
-31640.0	7810.0	495.642	10294.8
-31640.0	7810.0	494.39	10342.6
-31640.0	7810.0	493.139	10170.7
-31640.0	7810.0	491.887	10120.7
-31640.0	7810.0	490.635	9835.04
-31640.0	7810.0	489.382	9731.21
-31640.0	7810.0	488.13	9501.68
-31640.0	7810.0	486.877	9433.86
-31640.0	7810.0	485.623	9467.82
-31640.0	7810.0	484.37	9228.51
-31640.0	7810.0	483.116	9057.1
-31640.0	7810.0	481.862	9156.9
-31640.0	7810.0	480.608	9079.26
-31640.0	7810.0	479.354	9081.36
-31640.0	7810.0	478.099	9067.52
-31640.0	7810.0	476.844	8882.37
-31640.0	7810.0	475.588	8914.39
-31640.0	7810.0	474.333	8703.46
-31640.0	7810.0	473.077	8647.9
-31640.0	7810.0	471.821	8548.58
-31640.0	7810.0	470.565	8656.25
-31640.0	7810.0	469.308	8294.35
-31640.0	7810.0	468.051	8332.41
-31640.0	7810.0	466.794	8320.73
-31640.0	7810.0	465.537	8320.99
-31640.0	7810.0	464.279	8036.98
-31640.0	7810.0	463.021	7848.48
-31640.0	7810.0	461.763	7918.39
-31640.0	7810.0	460.505	7706.15
-31640.0	7810.0	459.246	7569.49
-31640.0	7810.0	457.987	7416.99
-31640.0	7810.0	456.728	7391.62
-31640.0	7810.0	455.469	7185.63
-31640.0	7810.0	454.209	7061.09
-31640.0	7810.0	452.949	7008.03
-31640.0	7810.0	451.689	6778.43
-31640.0	7810.0	450.428	6656.04
-31640.0	7810.0	449.167	6660.6
-31640.0	7810.0	447.906	6482.77
-31640.0	7810.0	446.645	6612.23
-31640.0	7810.0	445.383	6432.5
-31640.0	7810.0	444.122	6425.21
-31640.0	7810.0	442.86	6307.0
-31640.0	7810.0	441.597	6180.92
-31640.0	7810.0	440.335	6039.05
-31640.0	7810.0	439.072	6031.84
-31640.0	7810.0	437.809	5931.62
-31640.0	7810.0	436.545	5977.87
-31640.0	7810.0	435.281	5820.33
-31640.0	7810.0	434.018	5710.33
-31640.0	7810.0	432.753	5637.94
-31640.0	7810.0	431.489	5646.65
-31640.0	7810.0	430.224	5548.61
-31640.0	7810.0	428.959	5527.69
-31640.0	7810.0	427.694	5417.85
-31640.0	7810.0	426.428	5329.8
-31640.0	7810.0	425.163	5304.98
-31640.0	7810.0	423.896	5240.68
-31640.0	7810.0	422.63	5125.08
-31640.0	7810.0	421.364	5169.4
-31640.0	7810.0	420.097	4974.93
-31640.0	7810.0	418.83	5094.24
-31640.0	7810.0	417.562	5039.91
-31640.0	7810.0	416.295	5107.88
-31640.0	7810.0	415.027	4941.18
-31640.0	7810.0	413.758	4847.49
-31640.0	7810.0	412.49	4858.3
-31640.0	7810.0	411.221	4859.25
-31640.0	7810.0	409.952	4828.68
-31640.0	7810.0	408.683	4849.33
-31640.0	7810.0	407.414	4678.95
-31640.0	7810.0	406.144	4939.83
-31640.0	7810.0	404.874	4793.12
-31640.0	7810.0	403.603	4788.18
-31640.0	7810.0	402.333	4848.17
-31640.0	7810.0	401.062	4762.56
-31640.0	7810.0	399.791	4730.09
-31640.0	7810.0	398.519	4760.56
-31640.0	7810.0	397.248	4718.27
-31640.0	7810.0	395.976	4801.8
-31640.0	7810.0	394.704	4641.61
-31640.0	7810.0	393.431	4727.08
-31640.0	7810.0	392.159	4724.12
-31640.0	7810.0	390.886	4799.72
-31640.0	7810.0	389.612	4826.19
-31640.0	7810.0	388.339	4644.58
-31640.0	7810.0	387.065	4716.21
-31640.0	7810.0	385.791	4666.16
-31640.0	7810.0	384.517	4600.44
-31640.0	7810.0	383.242	4550.44
-31640.0	7810.0	381.967	4657.33
-31640.0	7810.0	380.692	4615.18
-31640.0	7810.0	379.417	4590.68
-31640.0	7810.0	378.141	4717.09
-31640.0	7810.0	376.865	4669.07
-31640.0	7810.0	375.589	4587.77
-31640.0	7810.0	374.312	4553.51
-31640.0	7810.0	373.035	4734.65
-31640.0	7810.0	371.758	4614.23
-31640.0	7810.0	370.481	4603.47
-31640.0	7810.0	369.204	4580.97
-31640.0	7810.0	367.926	4484.14
-31640.0	7810.0	366.648	4502.75
-31640.0	7810.0	365.369	4542.87
-31640.0	7810.0	364.091	4510.62
-31640.0	7810.0	362.812	4415.84
-31640.0	7810.0	361.532	4561.48
-31640.0	7810.0	360.253	4496.04
-31640.0	7810.0	358.973	4428.67
-31640.0	7810.0	357.693	4486.32
-31640.0	7810.0	356.413	4551.77
-31640.0	7810.0	355.132	4509.8
-31640.0	7810.0	353.852	4543.98
-31640.0	7810.0	352.571	4544.97
-31640.0	7810.0	351.289	4504.99
-31640.0	7810.0	350.008	4543.05
-31640.0	7810.0	348.726	4485.53
-31640.0	7810.0	347.444	4502.12
-31640.0	7810.0	346.161	4586.94
-31640.0	7810.0	344.878	4599.61
-31640.0	7810.0	343.595	4538.23
-31640.0	7810.0	342.312	4554.8
-31640.0	7810.0	341.029	4623.96
-31640.0	7810.0	339.745	4605.45
-31640.0	7810.0	338.461	4621.99
-31640.0	7810.0	337.176	4605.44
-31640.0	7810.0	335.892	4565.54
-31640.0	7810.0	334.607	4759.14
-31640.0	7810.0	333.322	4727.0
-31640.0	7810.0	332.036	4710.44
-31640.0	7810.0	330.75	4691.94
-31640.0	7810.0	329.464	4679.28
-31640.0	7810.0	328.178	4757.97
-31640.0	7810.0	326.892	4799.71
-31640.0	7810.0	325.605	4903.6
-31640.0	7810.0	324.318	4820.98
-31640.0	7810.0	323.03	4802.48
-31640.0	7810.0	321.743	4869.41
-31640.0	7810.0	320.455	4922.73
-31640.0	7810.0	319.167	4863.46
-31640.0	7810.0	317.878	5048.69
-31640.0	7810.0	316.59	4938.98
-31640.0	7810.0	315.301	4961.21
-31640.0	7810.0	314.011	4967.91
-31640.0	7810.0	312.722	4984.3
-31640.0	7810.0	311.432	5080.15
-31640.0	7810.0	310.142	5148.83
-31640.0	7810.0	308.851	5203.92
-31640.0	7810.0	307.561	5288.04
-31640.0	7810.0	306.27	5232.69
-31640.0	7810.0	304.979	5256.74
-31640.0	7810.0	303.687	5429.84
-31640.0	7810.0	302.395	5215.79
-31640.0	7810.0	301.103	5288.21
-31640.0	7810.0	299.811	5242.59
-31640.0	7810.0	298.519	5220.19
-31640.0	7810.0	297.226	5240.35
-31640.0	7810.0	295.933	5173.5
-31640.0	7810.0	294.639	5147.27
-31640.0	7810.0	293.345	5024.43
-31640.0	7810.0	292.052	5116.09
-31640.0	7810.0	290.757	4985.58
-31640.0	7810.0	289.463	4822.29
-31640.0	7810.0	288.168	4913.94
-31640.0	7810.0	286.873	4750.74
-31640.0	7810.0	285.578	4898.34
-31640.0	7810.0	284.282	4822.03
-31640.0	7810.0	282.986	4741.91
-31640.0	7810.0	281.69	4706.18
-31640.0	7810.0	280.393	4745.67
-31640.0	7810.0	279.097	4586.56
-31640.0	7810.0	277.8	4602.93
-31640.0	7810.0	276.502	4638.56
-31640.0	7810.0	275.205	4543.16
-31640.0	7810.0	273.907	4646.21
-31640.0	7810.0	272.609	4608.62
-31640.0	7810.0	271.311	4484.41
-31640.0	7810.0	270.012	4344.85
-31640.0	7810.0	268.713	4405.51
-31640.0	7810.0	267.414	4348.76
-31640.0	7810.0	266.114	4363.22
-31640.0	7810.0	264.814	4271.89
-31640.0	7810.0	263.514	4215.2
-31640.0	7810.0	262.214	4216.23
-31640.0	7810.0	260.913	4130.75
-31640.0	7810.0	259.613	4104.88
-31640.0	7810.0	258.311	4029.07
-31640.0	7810.0	257.01	4047.41
-31640.0	7810.0	255.708	3985.09
-31640.0	7810.0	254.406	3903.59
-31640.0	7810.0	253.104	3920.03
-31640.0	7810.0	251.801	3884.65
-31640.0	7810.0	250.499	3820.49
-31640.0	7810.0	249.195	3779.38
-31640.0	7810.0	247.892	3786.25
-31640.0	7810.0	246.588	3875.56
-31640.0	7810.0	245.284	3719.44
-31640.0	7810.0	243.98	3751.23
-31640.0	7810.0	242.676	3656.52
-31640.0	7810.0	241.371	3682.56
-31640.0	7810.0	240.066	3645.37
-31640.0	7810.0	238.76	3659.91
-31640.0	7810.0	237.455	3708.91
-31640.0	7810.0	236.149	3671.74
-31640.0	7810.0	234.843	3548.46
-31640.0	7810.0	233.536	3541.96
-31640.0	7810.0	232.229	3458.93
-31640.0	7810.0	230.922	3553.83
-31640.0	7810.0	229.615	3499.52
-31640.0	7810.0	228.307	3351.55
-31640.0	7810.0	227.0	3394.8
-31640.0	7810.0	225.691	3430.38
-31640.0	7810.0	224.383	3278.7
-31640.0	7810.0	223.074	3255.07
-31640.0	7810.0	221.765	3271.56
-31640.0	7810.0	220.456	3257.49
-31640.0	7810.0	219.146	3270.15
-31640.0	7810.0	217.836	3246.55
-31640.0	7810.0	216.526	3306.91
-31640.0	7810.0	215.216	3220.35
-31640.0	7810.0	213.905	3261.62
-31640.0	7810.0	212.594	3224.69
-31640.0	7810.0	211.283	3262.13
-31640.0	7810.0	209.971	3314.8
-31640.0	7810.0	208.66	3312.18
-31640.0	7810.0	207.348	3296.22
-31640.0	7810.0	206.035	3377.43
-31640.0	7810.0	204.722	3445.26
-31640.0	7810.0	203.409	3556.86
-31640.0	7810.0	202.096	3649.38
-31640.0	7810.0	200.783	3699.98
-31640.0	7810.0	199.469	3841.9
-31640.0	7810.0	198.155	4048.45
-31640.0	7810.0	196.84	3977.2
-31640.0	7810.0	195.526	4185.52
-31640.0	7810.0	194.211	4171.31
-31640.0	7810.0	192.896	4274.96
-31640.0	7810.0	191.58	4422.27
-31640.0	7810.0	190.264	4465.02
-31640.0	7810.0	188.948	4454.56
-31640.0	7810.0	187.632	4514.38
-31640.0	7810.0	186.315	4490.62
-31640.0	7810.0	184.998	4554.2
-31640.0	7810.0	183.681	4431.75
-31640.0	7810.0	182.364	4482.03
-31640.0	7810.0	181.046	4642.32
-31640.0	7810.0	179.728	4664.08
-31640.0	7810.0	178.41	4640.32
-31640.0	7810.0	177.091	4645.01
-31640.0	7810.0	175.772	4719.83
-31640.0	7810.0	174.453	4855.26
-31640.0	7810.0	173.133	4696.95
-31640.0	7810.0	171.814	4644.79
-31640.0	7810.0	170.494	4700.61
-31640.0	7810.0	169.173	4720.42
-31640.0	7810.0	167.853	4666.4
-31640.0	7810.0	166.532	4775.17
-31640.0	7810.0	165.211	4798.74
-31640.0	7810.0	163.889	4860.14
-31640.0	7810.0	162.567	4912.05
-31640.0	7810.0	161.245	4952.59
-31640.0	7810.0	159.923	4896.69
-31640.0	7810.0	158.6	4973.14
-31640.0	7810.0	157.278	4955.06
-31640.0	7810.0	155.954	5040.9
-31640.0	7810.0	154.631	5068.15
-31640.0	7810.0	153.307	5072.72
-31640.0	7810.0	151.983	5050.86
-31640.0	7810.0	150.659	5136.6
-31640.0	7810.0	149.334	5118.51
-31640.0	7810.0	148.009	5043.81
-31640.0	7810.0	146.684	5042.73
-31640.0	7810.0	145.359	5007.69
-31640.0	7810.0	144.033	4921.75
-31640.0	7810.0	142.707	5109.22
-31640.0	7810.0	141.381	5100.58
-31640.0	7810.0	140.054	5037.29
-31640.0	7810.0	138.727	4977.79
-31640.0	7810.0	137.4	5159.44
-31640.0	7810.0	136.072	5186.57
-31640.0	7810.0	134.745	5134.62
-31640.0	7810.0	133.417	5031.85
-31640.0	7810.0	132.088	5119.22
-31640.0	7810.0	130.76	5037.21
-31640.0	7810.0	129.431	5026.71
-31640.0	7810.0	128.102	5085.82
-31640.0	7810.0	126.772	4870.35
-31640.0	7810.0	125.442	4899.38
-31640.0	7810.0	124.112	4928.39
-31640.0	7810.0	122.782	4814.58
-31640.0	7810.0	121.451	4811.66
-31640.0	7810.0	120.12	4774.93
-31640.0	7810.0	118.789	4715.68
-31640.0	7810.0	117.458	4660.21
-31640.0	7810.0	116.126	4632.92
-31640.0	7810.0	114.794	4449.87
-31640.0	7810.0	113.462	4392.62
-31640.0	7810.0	112.129	4374.79
-31640.0	7810.0	110.796	4180.66
-31640.0	7810.0	109.463	4202.26
-31640.0	7810.0	108.129	3955.76
-31640.0	7810.0	106.796	3788.08
-31640.0	7810.0	105.461	3776.02
-31640.0	7810.0	104.127	3544.76
-31640.0	7810.0	102.792	3386.65
-31640.0	7810.0	101.457	3189.28
-31640.0	7810.0	100.122	2988.25
-31640.0	7810.0	98.7867	2774.2
-31640.0	7810.0	97.4509	2715.59
-31640.0	7810.0	96.1148	2492.34
-31640.0	7810.0	94.7784	2299.11
-31640.0	7810.0	93.4418	2206.97
-31640.0	7810.0	92.1048	2092.43
-31640.0	7810.0	90.7676	2022.81
-31640.0	7810.0	89.43	1986.86
-31640.0	7810.0	88.0922	1919.15
-31640.0	7810.0	86.7541	1881.37
-31640.0	7810.0	85.4157	1841.74
