-31636.0	7840.0	1311.89	2162.34
-31636.0	7840.0	1310.78	2173.35
-31636.0	7840.0	1309.68	2175.27
-31636.0	7840.0	1308.58	2181.73
-31636.0	7840.0	1307.48	2285.8
-31636.0	7840.0	1306.38	2217.35
-31636.0	7840.0	1305.28	2296.41
-31636.0	7840.0	1304.18	2212.1
-31636.0	7840.0	1303.07	2166.38
-31636.0	7840.0	1301.97	2104.79
-31636.0	7840.0	1300.87	2143.01
-31636.0	7840.0	1299.77	2115.45
-31636.0	7840.0	1298.66	2203.53
-31636.0	7840.0	1297.56	2232.64
-31636.0	7840.0	1296.46	2143.9
-31636.0	7840.0	1295.35	2225.12
-31636.0	7840.0	1294.25	2154.54
-31636.0	7840.0	1293.15	2219.88
-31636.0	7840.0	1292.04	2246.7
-31636.0	7840.0	1290.94	2180.67
-31636.0	7840.0	1289.83	2193.9
-31636.0	7840.0	1288.73	2150.54
-31636.0	7840.0	1287.63	2227.15
-31636.0	7840.0	1286.52	2206.42
-31636.0	7840.0	1285.42	2176.65
-31636.0	7840.0	1284.31	2201.19
-31636.0	7840.0	1283.21	2157.85
-31636.0	7840.0	1282.1	2209.52
-31636.0	7840.0	1280.99	2145.85
-31636.0	7840.0	1279.89	2179.42
-31636.0	7840.0	1278.78	2160.98
-31636.0	7840.0	1277.68	2291.72
-31636.0	7840.0	1276.57	2126.39
-31636.0	7840.0	1275.46	2196.08
-31636.0	7840.0	1274.36	2211.54
-31636.0	7840.0	1273.25	2197.63
-31636.0	7840.0	1272.14	2195.02
-31636.0	7840.0	1271.04	2154.02
-31636.0	7840.0	1269.93	2225.91
-31636.0	7840.0	1268.82	2126.24
-31636.0	7840.0	1267.71	2177.8
-31636.0	7840.0	1266.61	2181.96
-31636.0	7840.0	1265.5	2206.42
-31636.0	7840.0	1264.39	2201.55
-31636.0	7840.0	1263.28	2196.68
-31636.0	7840.0	1262.17	2185.05
-31636.0	7840.0	1261.06	2202.73
-31636.0	7840.0	1259.95	2166.3
-31636.0	7840.0	1258.84	2051.01
-31636.0	7840.0	1257.74	2147.57
-31636.0	7840.0	1256.63	2192.28
-31636.0	7840.0	1255.52	2191.93
-31636.0	7840.0	1254.41	2200.58
-31636.0	7840.0	1253.3	2146.17
-31636.0	7840.0	1252.19	2157.08
-31636.0	7840.0	1251.08	2213.01
-31636.0	7840.0	1249.96	2163.13
-31636.0	7840.0	1248.85	2113.26
-31636.0	7840.0	1247.74	2155.67
-31636.0	7840.0	1246.63	2171.07
-31636.0	7840.0	1245.52	2179.71
-31636.0	7840.0	1244.41	2150.12
-31636.0	7840.0	1243.3	2059.82
-31636.0	7840.0	1242.18	2149.41
-31636.0	7840.0	1241.07	2142.32
-31636.0	7840.0	1239.96	2193.66
-31636.0	7840.0	1238.85	2132.63
-31636.0	7840.0	1237.74	2170.47
-31636.0	7840.0	1236.62	2113.96
-31636.0	7840.0	1235.51	2147.3
-31636.0	7840.0	1234.4	2113.26
-31636.0	7840.0	1233.28	2094.95
-31636.0	7840.0	1232.17	2161.96
-31636.0	7840.0	1231.06	2150.38
-31636.0	7840.0	1229.94	2132.07
-31636.0	7840.0	1228.83	2120.5
-31636.0	7840.0	1227.71	2111.18
-31636.0	7840.0	1226.6	2072.7
-31636.0	7840.0	1225.48	2110.48
-31636.0	7840.0	1224.37	2179.65
-31636.0	7840.0	1223.25	2188.26
-31636.0	7840.0	1222.14	2154.27
-31636.0	7840.0	1221.02	2174.09
-31636.0	7840.0	1219.91	2153.56
-31636.0	7840.0	1218.79	2182.34
-31636.0	7840.0	1217.68	2076.68
-31636.0	7840.0	1216.56	2089.78
-31636.0	7840.0	1215.44	2187.97
-31636.0	7840.0	1214.33	2151.78
-31636.0	7840.0	1213.21	2048.45
-31636.0	7840.0	1212.09	2097.35
-31636.0	7840.0	1210.98	2085.81
-31636.0	7840.0	1209.86	2051.9
-31636.0	7840.0	1208.74	2120.92
-31636.0	7840.0	1207.62	2174.25
-31636.0	7840.0	1206.51	2109.03
-31636.0	7840.0	1205.39	2084.09
-31636.0	7840.0	1204.27	2141.87
-31636.0	7840.0	1203.15	2141.51
-31636.0	7840.0	1202.03	2141.16
-31636.0	7840.0	1200.91	2205.61
-31636.0	7840.0	1199.8	2113.64
-31636.0	7840.0	1198.68	2131.16
-31636.0	7840.0	1197.56	2108.47
-31636.0	7840.0	1196.44	1987.52
-31636.0	7840.0	1195.32	2038.55
-31636.0	7840.0	1194.2	2089.55
-31636.0	7840.0	1193.08	2093.67
-31636.0	7840.0	1191.96	2124.56
-31636.0	7840.0	1190.84	2144.29
-31636.0	7840.0	1189.72	2094.85
-31636.0	7840.0	1188.6	2096.73
-31636.0	7840.0	1187.48	2118.69
-31636.0	7840.0	1186.35	2127.25
-31636.0	7840.0	1185.23	2064.47
-31636.0	7840.0	1184.11	2146.6
-31636.0	7840.0	1182.99	2146.24
-31636.0	7840.0	1181.87	2114.69
-31636.0	7840.0	1180.75	2087.6
-31636.0	7840.0	1179.62	2120.66
-31636.0	7840.0	1178.5	2091.35
-31636.0	7840.0	1177.38	2082.09
-31636.0	7840.0	1176.26	2250.96
-31636.0	7840.0	1175.13	2085.85
-31636.0	7840.0	1174.01	2112.21
-31636.0	7840.0	1172.89	2131.88
-31636.0	7840.0	1171.76	2102.6
-31636.0	7840.0	1170.64	2173.43
-31636.0	7840.0	1169.51	2110.79
-31636.0	7840.0	1168.39	2166.03
-31636.0	7840.0	1167.27	2107.85
-31636.0	7840.0	1166.14	2087.49
-31636.0	7840.0	1165.02	2104.92
-31636.0	7840.0	1163.89	2080.12
-31636.0	7840.0	1162.77	2099.77
-31636.0	7840.0	1161.64	2034.99
-31636.0	7840.0	1160.52	2056.86
-31636.0	7840.0	1159.39	2149.79
-31636.0	7840.0	1158.26	2058.38
-31636.0	7840.0	1157.14	2044.72
-31636.0	7840.0	1156.01	2104.3
-31636.0	7840.0	1154.88	2070.66
-31636.0	7840.0	1153.76	2214.54
-31636.0	7840.0	1152.63	2123.2
-31636.0	7840.0	1151.5	2069.61
-31636.0	7840.0	1150.38	2084.78
-31636.0	7840.0	1149.25	2095.52
-31636.0	7840.0	1148.12	2148.37
-31636.0	7840.0	1146.99	2156.87
-31636.0	7840.0	1145.87	2172.02
-31636.0	7840.0	1144.74	2058.64
-31636.0	7840.0	1143.61	2144.7
-31636.0	7840.0	1142.48	2057.94
-31636.0	7840.0	1141.35	2064.24
-31636.0	7840.0	1140.22	2110.39
-31636.0	7840.0	1139.09	2103.39
-31636.0	7840.0	1137.97	2116.31
-31636.0	7840.0	1136.84	2082.75
-31636.0	7840.0	1135.71	2053.63
-31636.0	7840.0	1134.58	2064.34
-31636.0	7840.0	1133.45	2061.78
-31636.0	7840.0	1132.32	2110.09
-31636.0	7840.0	1131.19	2116.36
-31636.0	7840.0	1130.05	2058.51
-31636.0	7840.0	1128.92	2117.85
-31636.0	7840.0	1127.79	2071.07
-31636.0	7840.0	1126.66	2130.39
-31636.0	7840.0	1125.53	2116.77
-31636.0	7840.0	1124.4	2134.08
-31636.0	7840.0	1123.27	2016.65
-31636.0	7840.0	1122.13	2078.14
-31636.0	7840.0	1121.0	2121.94
-31636.0	7840.0	1119.87	2053.14
-31636.0	7840.0	1118.74	2092.52
-31636.0	7840.0	1117.6	2083.34
-31636.0	7840.0	1116.47	2065.33
-31636.0	7840.0	1115.34	2067.18
-31636.0	7840.0	1114.2	2058.0
-31636.0	7840.0	1113.07	2086.32
-31636.0	7840.0	1111.94	2090.37
-31636.0	7840.0	1110.8	2109.85
-31636.0	7840.0	1109.67	2096.26
-31636.0	7840.0	1108.54	2058.44
-31636.0	7840.0	1107.4	2049.27
-31636.0	7840.0	1106.27	1996.04
-31636.0	7840.0	1105.13	2068.39
-31636.0	7840.0	1104.0	2041.6
-31636.0	7840.0	1102.86	1961.98
-31636.0	7840.0	1101.72	2034.3
-31636.0	7840.0	1100.59	2128.6
-31636.0	7840.0	1099.45	2095.22
-31636.0	7840.0	1098.32	2044.25
-31636.0	7840.0	1097.18	2079.1
-31636.0	7840.0	1096.04	2164.53
-31636.0	7840.0	1094.91	2124.56
-31636.0	7840.0	1093.77	2100.01
-31636.0	7840.0	1092.63	2126.03
-31636.0	7840.0	1091.5	2116.87
-31636.0	7840.0	1090.36	2162.65
-31636.0	7840.0	1089.22	2091.96
-31636.0	7840.0	1088.08	2045.46
-31636.0	7840.0	1086.95	2080.25
-31636.0	7840.0	1085.81	2064.52
-31636.0	7840.0	1084.67	2189.33
-31636.0	7840.0	1083.53	2114.3
-31636.0	7840.0	1082.39	2023.93
-31636.0	7840.0	1081.25	2003.83
-31636.0	7840.0	1080.11	2113.2
-31636.0	7840.0	1078.97	2088.7
-31636.0	7840.0	1077.83	2094.92
-31636.0	7840.0	1076.69	2142.8
-31636.0	7840.0	1075.55	2063.49
-31636.0	7840.0	1074.41	2117.94
-31636.0	7840.0	1073.27	2146.07
-31636.0	7840.0	1072.13	2139.12
-31636.0	7840.0	1070.99	2086.15
-31636.0	7840.0	1069.85	2098.94
-31636.0	7840.0	1068.71	2096.38
-31636.0	7840.0	1067.57	2128.87
-31636.0	7840.0	1066.43	2139.44
-31636.0	7840.0	1065.28	2084.34
-31636.0	7840.0	1064.14	2062.08
-31636.0	7840.0	1063.0	2127.38
-31636.0	7840.0	1061.86	2037.29
-31636.0	7840.0	1060.71	2133.2
-31636.0	7840.0	1059.57	2135.01
-31636.0	7840.0	1058.43	2141.2
-31636.0	7840.0	1057.29	2173.63
-31636.0	7840.0	1056.14	2118.59
-31636.0	7840.0	1055.0	2072.31
-31636.0	7840.0	1053.85	2148.44
-31636.0	7840.0	1052.71	2051.92
-31636.0	7840.0	1051.57	2119.29
-31636.0	7840.0	1050.42	2151.68
-31636.0	7840.0	1049.28	2092.33
-31636.0	7840.0	1048.13	2201.15
-31636.0	7840.0	1046.99	2104.7
-31636.0	7840.0	1045.84	2117.43
-31636.0	7840.0	1044.7	2191.26
-31636.0	7840.0	1043.55	2164.69
-31636.0	7840.0	1042.4	2179.58
-31636.0	7840.0	1041.26	2198.83
-31636.0	7840.0	1040.11	2202.8
-31636.0	7840.0	1038.97	2246.03
-31636.0	7840.0	1037.82	2228.19
-31636.0	7840.0	1036.67	2256.13
-31636.0	7840.0	1035.53	2238.3
-31636.0	7840.0	1034.38	2274.95
-31636.0	7840.0	1033.23	2274.54
-31636.0	7840.0	1032.08	2328.6
-31636.0	7840.0	1030.94	2236.72
-31636.0	7840.0	1029.79	2306.0
-31636.0	7840.0	1028.64	2279.47
-31636.0	7840.0	1027.49	2357.43
-31636.0	7840.0	1026.34	2415.77
-31636.0	7840.0	1025.19	2315.25
-31636.0	7840.0	1024.04	2390.98
-31636.0	7840.0	1022.89	2492.8
-31636.0	7840.0	1021.74	2437.98
-31636.0	7840.0	1020.59	2409.28
-31636.0	7840.0	1019.45	2374.07
-31636.0	7840.0	1018.29	2384.52
-31636.0	7840.0	1017.14	2438.42
-31636.0	7840.0	1015.99	2451.03
-31636.0	7840.0	1014.84	2450.59
-31636.0	7840.0	1013.69	2497.94
-31636.0	7840.0	1012.54	2590.88
-31636.0	7840.0	1011.39	2560.02
-31636.0	7840.0	1010.24	2520.49
-31636.0	7840.0	1009.09	2565.62
-31636.0	7840.0	1007.93	2576.02
-31636.0	7840.0	1006.78	2627.63
-31636.0	7840.0	1005.63	2624.99
-31636.0	7840.0	1004.48	2691.76
-31636.0	7840.0	1003.32	2656.59
-31636.0	7840.0	1002.17	2749.35
-31636.0	7840.0	1001.02	2764.03
-31636.0	7840.0	999.865	2757.03
-31636.0	7840.0	998.711	2756.54
-31636.0	7840.0	997.558	2855.71
-31636.0	7840.0	996.403	2831.37
-31636.0	7840.0	995.249	2926.17
-31636.0	7840.0	994.095	2966.79
-31636.0	7840.0	992.94	2983.58
-31636.0	7840.0	991.785	3106.43
-31636.0	7840.0	990.63	3092.89
-31636.0	7840.0	989.475	3075.02
-31636.0	7840.0	988.319	3100.44
-31636.0	7840.0	987.164	3234.0
-31636.0	7840.0	986.008	3209.63
-31636.0	7840.0	984.852	3219.86
-31636.0	7840.0	983.695	3396.57
-31636.0	7840.0	982.539	3389.47
-31636.0	7840.0	981.382	3496.93
-31636.0	7840.0	980.225	3491.97
-31636.0	7840.0	979.068	3495.67
-31636.0	7840.0	977.911	3475.6
-31636.0	7840.0	976.753	3470.65
-31636.0	7840.0	975.595	3450.59
-31636.0	7840.0	974.437	3605.41
-31636.0	7840.0	973.279	3473.09
-31636.0	7840.0	972.121	3623.53
-31636.0	7840.0	970.962	3666.03
-31636.0	7840.0	969.803	3637.32
-31636.0	7840.0	968.644	3662.55
-31636.0	7840.0	967.485	3646.79
-31636.0	7840.0	966.326	3697.88
-31636.0	7840.0	965.166	3701.52
-31636.0	7840.0	964.006	3780.6
-31636.0	7840.0	962.846	3745.44
-31636.0	7840.0	961.686	3718.9
-31636.0	7840.0	960.525	3750.54
-31636.0	7840.0	959.365	3756.33
-31636.0	7840.0	958.204	3759.95
-31636.0	7840.0	957.043	3726.97
-31636.0	7840.0	955.881	3721.99
-31636.0	7840.0	954.72	3749.29
-31636.0	7840.0	953.558	3761.52
-31636.0	7840.0	952.396	3681.23
-31636.0	7840.0	951.234	3745.1
-31636.0	7840.0	950.071	3811.09
-31636.0	7840.0	948.909	3765.24
-31636.0	7840.0	947.746	3728.0
-31636.0	7840.0	946.583	3847.7
-31636.0	7840.0	945.42	3836.25
-31636.0	7840.0	944.256	3917.21
-31636.0	7840.0	943.092	3875.67
-31636.0	7840.0	941.929	3784.75
-31636.0	7840.0	940.765	3805.53
-31636.0	7840.0	939.6	3740.42
-31636.0	7840.0	938.436	3774.09
-31636.0	7840.0	937.271	3801.3
-31636.0	7840.0	936.106	3689.01
-31636.0	7840.0	934.941	3662.59
-31636.0	7840.0	933.775	3644.76
-31636.0	7840.0	932.61	3502.53
-31636.0	7840.0	931.444	3405.39
-31636.0	7840.0	930.278	3400.48
-31636.0	7840.0	929.112	3324.83
-31636.0	7840.0	927.945	3234.2
-31636.0	7840.0	926.779	3124.32
-31636.0	7840.0	925.612	3205.16
-31636.0	7840.0	924.445	3206.72
-31636.0	7840.0	923.278	3124.74
-31636.0	7840.0	922.11	2974.28
-31636.0	7840.0	920.942	3010.12
-31636.0	7840.0	919.774	3056.66
-31636.0	7840.0	918.606	2938.39
-31636.0	7840.0	917.438	2957.11
-31636.0	7840.0	916.269	2965.12
-31636.0	7840.0	915.1	2772.07
-31636.0	7840.0	913.931	2884.91
-31636.0	7840.0	912.762	2824.51
-31636.0	7840.0	911.593	2781.23
-31636.0	7840.0	910.423	2784.99
-31636.0	7840.0	909.253	2731.05
-31636.0	7840.0	908.083	2741.23
-31636.0	7840.0	906.913	2783.45
-31636.0	7840.0	905.742	2688.96
-31636.0	7840.0	904.572	2656.43
-31636.0	7840.0	903.401	2641.0
-31636.0	7840.0	902.229	2738.7
-31636.0	7840.0	901.058	2725.39
-31636.0	7840.0	899.886	2677.94
-31636.0	7840.0	898.715	2628.37
-31636.0	7840.0	897.543	2687.61
-31636.0	7840.0	896.37	2657.26
-31636.0	7840.0	895.198	2629.05
-31636.0	7840.0	894.025	2660.54
-31636.0	7840.0	892.852	2611.02
-31636.0	7840.0	891.679	2574.31
-31636.0	7840.0	890.506	2603.66
-31636.0	7840.0	889.332	2690.51
-31636.0	7840.0	888.158	2655.94
-31636.0	7840.0	886.984	2681.0
-31636.0	7840.0	885.81	2550.62
-31636.0	7840.0	884.636	2554.41
-31636.0	7840.0	883.461	2583.73
-31636.0	7840.0	882.286	2513.03
-31636.0	7840.0	881.111	2610.42
-31636.0	7840.0	879.936	2561.01
-31636.0	7840.0	878.76	2530.76
-31636.0	7840.0	877.584	2489.89
-31636.0	7840.0	876.408	2504.31
-31636.0	7840.0	875.232	2501.71
-31636.0	7840.0	874.056	2590.5
-31636.0	7840.0	872.879	2456.16
-31636.0	7840.0	871.702	2578.91
-31636.0	7840.0	870.525	2625.16
-31636.0	7840.0	869.348	2539.72
-31636.0	7840.0	868.17	2377.89
-31636.0	7840.0	866.993	2477.22
-31636.0	7840.0	865.815	2504.34
-31636.0	7840.0	864.637	2459.31
-31636.0	7840.0	863.458	2373.99
-31636.0	7840.0	862.28	2435.06
-31636.0	7840.0	861.101	2457.93
-31636.0	7840.0	859.922	2419.3
-31636.0	7840.0	858.742	2503.65
-31636.0	7840.0	857.563	2469.26
-31636.0	7840.0	856.383	2504.83
-31636.0	7840.0	855.203	2445.03
-31636.0	7840.0	854.023	2383.14
-31636.0	7840.0	852.843	2391.16
-31636.0	7840.0	851.662	2435.18
-31636.0	7840.0	850.481	2407.2
-31636.0	7840.0	849.3	2406.75
-31636.0	7840.0	848.119	2418.99
-31636.0	7840.0	846.937	2439.7
-31636.0	7840.0	845.756	2413.85
-31636.0	7840.0	844.574	2483.19
-31636.0	7840.0	843.392	2472.15
-31636.0	7840.0	842.209	2520.32
-31636.0	7840.0	841.027	2395.12
-31636.0	7840.0	839.844	2458.07
-31636.0	7840.0	838.661	2447.04
-31636.0	7840.0	837.477	2372.63
-31636.0	7840.0	836.294	2441.89
-31636.0	7840.0	835.11	2390.74
-31636.0	7840.0	833.926	2407.18
-31636.0	7840.0	832.742	2398.28
-31636.0	7840.0	831.558	2410.49
-31636.0	7840.0	830.373	2407.93
-31636.0	7840.0	829.188	2424.35
-31636.0	7840.0	828.003	2421.78
-31636.0	7840.0	826.818	2406.56
-31636.0	7840.0	825.632	2397.67
-31636.0	7840.0	824.446	2380.34
-31636.0	7840.0	823.26	2346.17
-31636.0	7840.0	822.074	2423.7
-31636.0	7840.0	820.888	2412.7
-31636.0	7840.0	819.701	2494.41
-31636.0	7840.0	818.514	2443.38
-31636.0	7840.0	817.327	2417.65
-31636.0	7840.0	816.14	2427.71
-31636.0	7840.0	814.952	2353.57
-31636.0	7840.0	813.765	2433.1
-31636.0	7840.0	812.577	2401.08
-31636.0	7840.0	811.388	2297.52
-31636.0	7840.0	810.2	2324.43
-31636.0	7840.0	809.011	2424.94
-31636.0	7840.0	807.822	2460.23
-31636.0	7840.0	806.633	2314.69
-31636.0	7840.0	805.444	2383.62
-31636.0	7840.0	804.254	2391.57
-31636.0	7840.0	803.064	2361.69
-31636.0	7840.0	801.874	2338.13
-31636.0	7840.0	800.684	2440.6
-31636.0	7840.0	799.493	2404.44
-31636.0	7840.0	798.303	2410.28
-31636.0	7840.0	797.112	2470.69
-31636.0	7840.0	795.921	2436.64
-31636.0	7840.0	794.729	2308.17
-31636.0	7840.0	793.538	2324.51
-31636.0	7840.0	792.346	2342.95
-31636.0	7840.0	791.154	2334.11
-31636.0	7840.0	789.961	2402.85
-31636.0	7840.0	788.769	2368.85
-31636.0	7840.0	787.576	2299.23
-31636.0	7840.0	786.383	2367.94
-31636.0	7840.0	785.19	2298.35
-31636.0	7840.0	783.996	2306.29
-31636.0	7840.0	782.802	2291.18
-31636.0	7840.0	781.608	2238.39
-31636.0	7840.0	780.414	2351.01
-31636.0	7840.0	779.22	2279.39
-31636.0	7840.0	778.025	2354.29
-31636.0	7840.0	776.83	2280.61
-31636.0	7840.0	775.635	2271.8
-31636.0	7840.0	774.44	2348.75
-31636.0	7840.0	773.244	2333.66
-31636.0	7840.0	772.049	2389.66
-31636.0	7840.0	770.853	2343.21
-31636.0	7840.0	769.656	2280.06
-31636.0	7840.0	768.46	2256.64
-31636.0	7840.0	767.263	2264.56
-31636.0	7840.0	766.066	2216.08
-31636.0	7840.0	764.869	2299.18
-31636.0	7840.0	763.672	2300.83
-31636.0	7840.0	762.474	2308.73
-31636.0	7840.0	761.276	2285.33
-31636.0	7840.0	760.078	2303.67
-31636.0	7840.0	758.88	2309.48
-31636.0	7840.0	757.681	2265.23
-31636.0	7840.0	756.483	2298.16
-31636.0	7840.0	755.284	2274.78
-31636.0	7840.0	754.084	2280.59
-31636.0	7840.0	752.885	2223.87
-31636.0	7840.0	751.685	2238.03
-31636.0	7840.0	750.485	2256.34
-31636.0	7840.0	749.285	2168.42
-31636.0	7840.0	748.085	2253.39
-31636.0	7840.0	746.884	2334.15
-31636.0	7840.0	745.683	2233.77
-31636.0	7840.0	744.482	2222.93
-31636.0	7840.0	743.281	2224.58
-31636.0	7840.0	742.079	2255.36
-31636.0	7840.0	740.877	2204.99
-31636.0	7840.0	739.675	2229.52
-31636.0	7840.0	738.473	2237.41
-31636.0	7840.0	737.27	2214.1
-31636.0	7840.0	736.068	2163.78
-31636.0	7840.0	734.865	2194.53
-31636.0	7840.0	733.661	2150.47
-31636.0	7840.0	732.458	2231.07
-31636.0	7840.0	731.254	2139.25
-31636.0	7840.0	730.05	2192.82
-31636.0	7840.0	728.846	2179.94
-31636.0	7840.0	727.642	2225.18
-31636.0	7840.0	726.437	2170.78
-31636.0	7840.0	725.232	2153.76
-31636.0	7840.0	724.027	2223.87
-31636.0	7840.0	722.822	2250.4
-31636.0	7840.0	721.616	2183.6
-31636.0	7840.0	720.41	2230.86
-31636.0	7840.0	719.204	2280.17
-31636.0	7840.0	717.998	2225.84
-31636.0	7840.0	716.791	2134.23
-31636.0	7840.0	715.585	2183.54
-31636.0	7840.0	714.378	2413.02
-31636.0	7840.0	713.17	2230.31
-31636.0	7840.0	711.963	2229.87
-31636.0	7840.0	710.755	2281.18
-31636.0	7840.0	709.547	2237.27
-31636.0	7840.0	708.339	2205.8
-31636.0	7840.0	707.131	2197.09
-31636.0	7840.0	705.922	2320.76
-31636.0	7840.0	704.713	2218.97
-31636.0	7840.0	703.504	2288.83
-31636.0	7840.0	702.295	2224.3
-31636.0	7840.0	701.085	2279.67
-31636.0	7840.0	699.875	2320.54
-31636.0	7840.0	698.665	2258.11
-31636.0	7840.0	697.455	2329.96
-31636.0	7840.0	696.244	2360.48
-31636.0	7840.0	695.034	2316.65
-31636.0	7840.0	693.822	2270.78
-31636.0	7840.0	692.611	2319.87
-31636.0	7840.0	691.4	2335.92
-31636.0	7840.0	690.188	2238.49
-31636.0	7840.0	688.976	2306.12
-31636.0	7840.0	687.764	2318.03
-31636.0	7840.0	686.551	2344.38
-31636.0	7840.0	685.339	2492.34
-31636.0	7840.0	684.126	2407.35
-31636.0	7840.0	682.912	2369.78
-31636.0	7840.0	681.699	2375.49
-31636.0	7840.0	680.485	2358.54
-31636.0	7840.0	679.271	2335.42
-31636.0	7840.0	678.057	2437.91
-31636.0	7840.0	676.843	2423.02
-31636.0	7840.0	675.628	2498.69
-31636.0	7840.0	674.413	2463.21
-31636.0	7840.0	673.198	2448.32
-31636.0	7840.0	671.983	2439.61
-31636.0	7840.0	670.767	2461.75
-31636.0	7840.0	669.551	2485.93
-31636.0	7840.0	668.335	2543.0
-31636.0	7840.0	667.119	2503.44
-31636.0	7840.0	665.902	2556.37
-31636.0	7840.0	664.686	2510.67
-31636.0	7840.0	663.469	2475.25
-31636.0	7840.0	662.251	2474.75
-31636.0	7840.0	661.034	2492.74
-31636.0	7840.0	659.816	2516.88
-31636.0	7840.0	658.598	2471.22
-31636.0	7840.0	657.38	2546.66
-31636.0	7840.0	656.161	2599.5
-31636.0	7840.0	654.942	2473.85
-31636.0	7840.0	653.723	2489.76
-31636.0	7840.0	652.504	2593.84
-31636.0	7840.0	651.285	2468.27
-31636.0	7840.0	650.065	2512.87
-31636.0	7840.0	648.845	2545.16
-31636.0	7840.0	647.625	2481.13
-31636.0	7840.0	646.404	2535.95
-31636.0	7840.0	645.184	2551.82
-31636.0	7840.0	643.963	2596.36
-31636.0	7840.0	642.742	2501.67
-31636.0	7840.0	641.52	2531.87
-31636.0	7840.0	640.298	2467.93
-31636.0	7840.0	639.076	2573.82
-31636.0	7840.0	637.854	2540.58
-31636.0	7840.0	636.632	2564.61
-31636.0	7840.0	635.409	2508.89
-31636.0	7840.0	634.186	2673.98
-31636.0	7840.0	632.963	2620.3
-31636.0	7840.0	631.74	2664.73
-31636.0	7840.0	630.516	2592.69
-31636.0	7840.0	629.292	2594.21
-31636.0	7840.0	628.068	2634.54
-31636.0	7840.0	626.844	2552.33
-31636.0	7840.0	625.619	2578.36
-31636.0	7840.0	624.394	2632.95
-31636.0	7840.0	623.169	2646.71
-31636.0	7840.0	621.944	2658.42
-31636.0	7840.0	620.718	2631.36
-31636.0	7840.0	619.492	2602.28
-31636.0	7840.0	618.266	2587.49
-31636.0	7840.0	617.04	2572.7
-31636.0	7840.0	615.813	2531.41
-31636.0	7840.0	614.587	2691.89
-31636.0	7840.0	613.36	2660.79
-31636.0	7840.0	612.132	2633.77
-31636.0	7840.0	610.905	2586.4
-31636.0	7840.0	609.677	2620.49
-31636.0	7840.0	608.449	2628.11
-31636.0	7840.0	607.22	2595.01
-31636.0	7840.0	605.992	2594.49
-31636.0	7840.0	604.763	2549.2
-31636.0	7840.0	603.534	2538.52
-31636.0	7840.0	602.305	2513.6
-31636.0	7840.0	601.075	2531.39
-31636.0	7840.0	599.845	2563.41
-31636.0	7840.0	598.615	2554.76
-31636.0	7840.0	597.385	2552.21
-31636.0	7840.0	596.154	2590.3
-31636.0	7840.0	594.924	2569.46
-31636.0	7840.0	593.693	2497.86
-31636.0	7840.0	592.461	2602.94
-31636.0	7840.0	591.23	2502.94
-31636.0	7840.0	589.998	2536.94
-31636.0	7840.0	588.766	2552.66
-31636.0	7840.0	587.534	2541.99
-31636.0	7840.0	586.301	2555.68
-31636.0	7840.0	585.068	2504.46
-31636.0	7840.0	583.835	2461.38
-31636.0	7840.0	582.602	2501.42
-31636.0	7840.0	581.368	2478.62
-31636.0	7840.0	580.134	2506.48
-31636.0	7840.0	578.9	2491.79
-31636.0	7840.0	577.666	2505.46
-31636.0	7840.0	576.432	2434.08
-31636.0	7840.0	575.197	2524.69
-31636.0	7840.0	573.962	2566.69
-31636.0	7840.0	572.726	2523.67
-31636.0	7840.0	571.491	2452.33
-31636.0	7840.0	570.255	2591.42
-31636.0	7840.0	569.019	2550.44
-31636.0	7840.0	567.783	2537.79
-31636.0	7840.0	566.546	2654.53
-31636.0	7840.0	565.309	2605.48
-31636.0	7840.0	564.072	2681.74
-31636.0	7840.0	562.835	2656.95
-31636.0	7840.0	561.597	2571.57
-31636.0	7840.0	560.359	2567.0
-31636.0	7840.0	559.121	2709.85
-31636.0	7840.0	557.883	2757.74
-31636.0	7840.0	556.644	2767.27
-31636.0	7840.0	555.406	2728.37
-31636.0	7840.0	554.167	2794.39
-31636.0	7840.0	552.927	2858.37
-31636.0	7840.0	551.688	2960.64
-31636.0	7840.0	550.448	2992.3
-31636.0	7840.0	549.208	3013.86
-31636.0	7840.0	547.967	3069.68
-31636.0	7840.0	546.727	3173.84
-31636.0	7840.0	545.486	3197.37
-31636.0	7840.0	544.245	3392.1
-31636.0	7840.0	543.003	3441.75
-31636.0	7840.0	541.762	3523.6
-31636.0	7840.0	540.52	3589.31
-31636.0	7840.0	539.278	3578.51
-31636.0	7840.0	538.035	3815.23
-31636.0	7840.0	536.793	4005.57
-31636.0	7840.0	535.55	4346.69
-31636.0	7840.0	534.307	4514.72
-31636.0	7840.0	533.063	4861.63
-31636.0	7840.0	531.82	5234.53
-31636.0	7840.0	530.576	5697.71
-31636.0	7840.0	529.331	6628.88
-31636.0	7840.0	528.087	7575.75
-31636.0	7840.0	526.842	9034.4
-31636.0	7840.0	525.597	11705.4
-31636.0	7840.0	524.352	15810.7
-31636.0	7840.0	523.107	23140.1
-31636.0	7840.0	521.861	34167.2
-31636.0	7840.0	520.615	41361.4
-31636.0	7840.0	519.369	39567.5
-31636.0	7840.0	518.122	34605.4
-31636.0	7840.0	516.876	29097.9
-31636.0	7840.0	515.629	24346.5
-31636.0	7840.0	514.381	20128.3
-31636.0	7840.0	513.134	17418.7
-31636.0	7840.0	511.886	15367.5
-31636.0	7840.0	510.638	13755.8
-31636.0	7840.0	509.39	12565.3
-31636.0	7840.0	508.141	11889.9
-31636.0	7840.0	506.892	11138.7
-31636.0	7840.0	505.643	10746.1
-31636.0	7840.0	504.394	10435.8
-31636.0	7840.0	503.145	10201.5
-31636.0	7840.0	501.895	10041.4
-31636.0	7840.0	500.645	9891.33
-31636.0	7840.0	499.394	9919.28
-31636.0	7840.0	498.144	9793.29
-31636.0	7840.0	496.893	9753.29
-31636.0	7840.0	495.642	9681.33
-31636.0	7840.0	494.39	9585.43
-31636.0	7840.0	493.139	9425.66
-31636.0	7840.0	491.887	9363.8
-31636.0	7840.0	490.635	9238.07
-31636.0	7840.0	489.382	9104.42
-31636.0	7840.0	488.13	9030.68
-31636.0	7840.0	486.877	8877.17
-31636.0	7840.0	485.623	8775.59
-31636.0	7840.0	484.37	8606.23
-31636.0	7840.0	483.116	8620.4
-31636.0	7840.0	481.862	8403.3
-31636.0	7840.0	480.608	8475.3
-31636.0	7840.0	479.354	8399.81
-31636.0	7840.0	478.099	8324.35
-31636.0	7840.0	476.844	8346.52
-31636.0	7840.0	475.588	8273.09
-31636.0	7840.0	474.333	8197.7
-31636.0	7840.0	473.077	8022.8
-31636.0	7840.0	471.821	7985.31
-31636.0	7840.0	470.565	7961.76
-31636.0	7840.0	469.308	7890.47
-31636.0	7840.0	468.051	7743.63
-31636.0	7840.0	466.794	7612.75
-31636.0	7840.0	465.537	7555.5
-31636.0	7840.0	464.279	7363.09
-31636.0	7840.0	463.021	7268.15
-31636.0	7840.0	461.763	7159.33
-31636.0	7840.0	460.505	7207.51
-31636.0	7840.0	459.246	7168.27
-31636.0	7840.0	457.987	6847.06
-31636.0	7840.0	456.728	6837.69
-31636.0	7840.0	455.469	6645.71
-31636.0	7840.0	454.209	6487.55
-31636.0	7840.0	452.949	6617.15
-31636.0	7840.0	451.689	6476.91
-31636.0	7840.0	450.428	6376.39
-31636.0	7840.0	449.167	6204.53
-31636.0	7840.0	447.906	6139.79
-31636.0	7840.0	446.645	6158.33
-31636.0	7840.0	445.383	5982.66
-31636.0	7840.0	444.122	5876.41
-31636.0	7840.0	442.86	5799.91
-31636.0	7840.0	441.597	5715.52
-31636.0	7840.0	440.335	5658.88
-31636.0	7840.0	439.072	5594.35
-31636.0	7840.0	437.809	5519.95
-31636.0	7840.0	436.545	5479.22
-31636.0	7840.0	435.281	5359.38
-31636.0	7840.0	434.018	5304.85
-31636.0	7840.0	432.753	5331.43
-31636.0	7840.0	431.489	5239.36
-31636.0	7840.0	430.224	5176.99
-31636.0	7840.0	428.959	5215.43
-31636.0	7840.0	427.694	5131.35
-31636.0	7840.0	426.428	4912.98
-31636.0	7840.0	425.163	4904.05
-31636.0	7840.0	423.896	4881.3
-31636.0	7840.0	422.63	4797.36
-31636.0	7840.0	421.364	4796.35
-31636.0	7840.0	420.097	4755.88
-31636.0	7840.0	418.83	4756.86
-31636.0	7840.0	417.562	4732.19
-31636.0	7840.0	416.295	4674.0
-31636.0	7840.0	415.027	4696.68
-31636.0	7840.0	413.758	4536.02
-31636.0	7840.0	412.49	4609.96
-31636.0	7840.0	411.221	4555.79
-31636.0	7840.0	409.952	4505.58
-31636.0	7840.0	408.683	4553.88
-31636.0	7840.0	407.414	4458.4
-31636.0	7840.0	406.144	4359.02
-31636.0	7840.0	404.874	4438.81
-31636.0	7840.0	403.603	4453.62
-31636.0	7840.0	402.333	4494.0
-31636.0	7840.0	401.062	4536.33
-31636.0	7840.0	399.791	4468.51
-31636.0	7840.0	398.519	4526.56
-31636.0	7840.0	397.248	4545.27
-31636.0	7840.0	395.976	4518.76
-31636.0	7840.0	394.704	4478.5
-31636.0	7840.0	393.431	4434.34
-31636.0	7840.0	392.159	4403.94
-31636.0	7840.0	390.886	4404.98
-31636.0	7840.0	389.612	4437.43
-31636.0	7840.0	388.339	4438.46
-31636.0	7840.0	387.065	4439.48
-31636.0	7840.0	385.791	4430.7
-31636.0	7840.0	384.517	4355.21
-31636.0	7840.0	383.242	4403.33
-31636.0	7840.0	381.967	4357.3
-31636.0	7840.0	380.692	4283.84
-31636.0	7840.0	379.417	4316.26
-31636.0	7840.0	378.141	4313.39
-31636.0	7840.0	376.865	4322.27
-31636.0	7840.0	375.589	4352.7
-31636.0	7840.0	374.312	4312.61
-31636.0	7840.0	373.035	4423.31
-31636.0	7840.0	371.758	4295.13
-31636.0	7840.0	370.481	4125.9
-31636.0	7840.0	369.204	4236.57
-31636.0	7840.0	367.926	4237.63
-31636.0	7840.0	366.648	4211.31
-31636.0	7840.0	365.369	4267.13
-31636.0	7840.0	364.091	4352.25
-31636.0	7840.0	362.812	4263.37
-31636.0	7840.0	361.532	4270.28
-31636.0	7840.0	360.253	4298.69
-31636.0	7840.0	358.973	4286.06
-31636.0	7840.0	357.693	4238.28
-31636.0	7840.0	356.413	4208.09
-31636.0	7840.0	355.132	4152.53
-31636.0	7840.0	353.852	4223.87
-31636.0	7840.0	352.571	4232.74
-31636.0	7840.0	351.289	4157.7
-31636.0	7840.0	350.008	4152.92
-31636.0	7840.0	348.726	4146.19
-31636.0	7840.0	347.444	4227.2
-31636.0	7840.0	346.161	4319.87
-31636.0	7840.0	344.878	4252.69
-31636.0	7840.0	343.595	4310.25
-31636.0	7840.0	342.312	4303.49
-31636.0	7840.0	341.029	4285.05
-31636.0	7840.0	339.745	4315.3
-31636.0	7840.0	338.461	4304.64
-31636.0	7840.0	337.176	4383.54
-31636.0	7840.0	335.892	4479.91
-31636.0	7840.0	334.607	4301.9
-31636.0	7840.0	333.322	4483.85
-31636.0	7840.0	332.036	4469.28
-31636.0	7840.0	330.75	4491.66
-31636.0	7840.0	329.464	4467.38
-31636.0	7840.0	328.178	4509.19
-31636.0	7840.0	326.892	4607.34
-31636.0	7840.0	325.605	4357.68
-31636.0	7840.0	324.318	4475.24
-31636.0	7840.0	323.03	4532.55
-31636.0	7840.0	321.743	4531.58
-31636.0	7840.0	320.455	4604.38
-31636.0	7840.0	319.167	4622.81
-31636.0	7840.0	317.878	4575.26
-31636.0	7840.0	316.59	4620.84
-31636.0	7840.0	315.301	4712.95
-31636.0	7840.0	314.011	4632.45
-31636.0	7840.0	312.722	4621.77
-31636.0	7840.0	311.432	4645.98
-31636.0	7840.0	310.142	4687.62
-31636.0	7840.0	308.851	4725.37
-31636.0	7840.0	307.561	4854.15
-31636.0	7840.0	306.27	4920.89
-31636.0	7840.0	304.979	4921.78
-31636.0	7840.0	303.687	4969.13
-31636.0	7840.0	302.395	5049.35
-31636.0	7840.0	301.103	4943.79
-31636.0	7840.0	299.811	4905.98
-31636.0	7840.0	298.519	4962.96
-31636.0	7840.0	297.226	4857.48
-31636.0	7840.0	295.933	4721.11
-31636.0	7840.0	294.639	4749.1
-31636.0	7840.0	293.345	4707.5
-31636.0	7840.0	292.052	4685.24
-31636.0	7840.0	290.757	4578.0
-31636.0	7840.0	289.463	4604.06
-31636.0	7840.0	288.168	4562.53
-31636.0	7840.0	286.873	4580.86
-31636.0	7840.0	285.578	4543.22
-31636.0	7840.0	284.282	4441.91
-31636.0	7840.0	282.986	4440.96
-31636.0	7840.0	281.69	4332.0
-31636.0	7840.0	280.393	4346.5
-31636.0	7840.0	279.097	4245.32
-31636.0	7840.0	277.8	4342.71
-31636.0	7840.0	276.502	4235.79
-31636.0	7840.0	275.205	4319.66
-31636.0	7840.0	273.907	4195.46
-31636.0	7840.0	272.609	4136.78
-31636.0	7840.0	271.311	4166.71
-31636.0	7840.0	270.012	4084.96
-31636.0	7840.0	268.713	4120.66
-31636.0	7840.0	267.414	4081.29
-31636.0	7840.0	266.114	3984.23
-31636.0	7840.0	264.814	3992.99
-31636.0	7840.0	263.514	4024.83
-31636.0	7840.0	262.214	3856.7
-31636.0	7840.0	260.913	3878.94
-31636.0	7840.0	259.613	3768.57
-31636.0	7840.0	258.311	3786.98
-31636.0	7840.0	257.01	3790.01
-31636.0	7840.0	255.708	3764.23
-31636.0	7840.0	254.406	3721.18
-31636.0	7840.0	253.104	3751.1
-31636.0	7840.0	251.801	3615.95
-31636.0	7840.0	250.499	3651.63
-31636.0	7840.0	249.195	3627.82
-31636.0	7840.0	247.892	3627.05
-31636.0	7840.0	246.588	3624.35
-31636.0	7840.0	245.284	3554.55
-31636.0	7840.0	243.98	3502.04
-31636.0	7840.0	242.676	3393.97
-31636.0	7840.0	241.371	3500.54
-31636.0	7840.0	240.066	3415.5
-31636.0	7840.0	238.76	3372.63
-31636.0	7840.0	237.455	3408.29
-31636.0	7840.0	236.149	3357.79
-31636.0	7840.0	234.843	3443.19
-31636.0	7840.0	233.536	3277.89
-31636.0	7840.0	232.229	3418.76
-31636.0	7840.0	230.922	3324.3
-31636.0	7840.0	229.615	3356.1
-31636.0	7840.0	228.307	3299.93
-31636.0	7840.0	227.0	3182.62
-31636.0	7840.0	225.691	3237.36
-31636.0	7840.0	224.383	3099.1
-31636.0	7840.0	223.074	3085.06
-31636.0	7840.0	221.765	3046.2
-31636.0	7840.0	220.456	3043.64
-31636.0	7840.0	219.146	3119.34
-31636.0	7840.0	217.836	3006.06
-31636.0	7840.0	216.526	3064.57
-31636.0	7840.0	215.216	3044.84
-31636.0	7840.0	213.905	3089.96
-31636.0	7840.0	212.594	3007.29
-31636.0	7840.0	211.283	3103.88
-31636.0	7840.0	209.971	3112.75
-31636.0	7840.0	208.66	3068.24
-31636.0	7840.0	207.348	3098.07
-31636.0	7840.0	206.035	3207.89
-31636.0	7840.0	204.722	3264.33
-31636.0	7840.0	203.409	3427.39
-31636.0	7840.0	202.096	3483.76
-31636.0	7840.0	200.783	3562.95
-31636.0	7840.0	199.469	3562.18
-31636.0	7840.0	198.155	3654.64
-31636.0	7840.0	196.84	3720.42
-31636.0	7840.0	195.526	3769.06
-31636.0	7840.0	194.211	3840.5
-31636.0	7840.0	192.896	3944.22
-31636.0	7840.0	191.58	4148.61
-31636.0	7840.0	190.264	4126.82
-31636.0	7840.0	188.948	4087.94
-31636.0	7840.0	187.632	4058.57
-31636.0	7840.0	186.315	4072.89
-31636.0	7840.0	184.998	4140.35
-31636.0	7840.0	183.681	4241.95
-31636.0	7840.0	182.364	4182.21
-31636.0	7840.0	181.046	4333.08
-31636.0	7840.0	179.728	4225.93
-31636.0	7840.0	178.41	4249.68
-31636.0	7840.0	177.091	4413.71
-31636.0	7840.0	175.772	4352.1
-31636.0	7840.0	174.453	4288.62
-31636.0	7840.0	173.133	4316.12
-31636.0	7840.0	171.814	4453.47
-31636.0	7840.0	170.494	4461.98
-31636.0	7840.0	169.173	4343.62
-31636.0	7840.0	167.853	4282.11
-31636.0	7840.0	166.532	4428.81
-31636.0	7840.0	165.211	4458.13
-31636.0	7840.0	163.889	4527.17
-31636.0	7840.0	162.567	4495.93
-31636.0	7840.0	161.245	4529.0
-31636.0	7840.0	159.923	4575.29
-31636.0	7840.0	158.6	4638.57
-31636.0	7840.0	157.278	4605.44
-31636.0	7840.0	155.954	4702.7
-31636.0	7840.0	154.631	4731.91
-31636.0	7840.0	153.307	4681.78
-31636.0	7840.0	151.983	4731.76
-31636.0	7840.0	150.659	4747.72
-31636.0	7840.0	149.334	4695.74
-31636.0	7840.0	148.009	4626.8
-31636.0	7840.0	146.684	4727.67
-31636.0	7840.0	145.359	4579.54
-31636.0	7840.0	144.033	4621.92
-31636.0	7840.0	142.707	4596.41
-31636.0	7840.0	141.381	4700.98
-31636.0	7840.0	140.054	4705.61
-31636.0	7840.0	138.727	4704.6
-31636.0	7840.0	137.4	4664.03
-31636.0	7840.0	136.072	4651.72
-31636.0	7840.0	134.745	4607.41
-31636.0	7840.0	133.417	4676.07
-31636.0	7840.0	132.088	4710.82
-31636.0	7840.0	130.76	4717.33
-31636.0	7840.0	129.431	4629.77
-31636.0	7840.0	128.102	4626.89
-31636.0	7840.0	126.772	4569.48
-31636.0	7840.0	125.442	4513.97
-31636.0	7840.0	124.112	4387.06
-31636.0	7840.0	122.782	4476.31
-31636.0	7840.0	121.451	4460.32
-31636.0	7840.0	120.12	4438.69
-31636.0	7840.0	118.789	4379.52
-31636.0	7840.0	117.458	4391.71
-31636.0	7840.0	116.126	4283.76
-31636.0	7840.0	114.794	4157.09
-31636.0	7840.0	113.462	4034.23
-31636.0	7840.0	112.129	4020.23
-31636.0	7840.0	110.796	3942.46
-31636.0	7840.0	109.463	3896.6
-31636.0	7840.0	108.129	3732.66
-31636.0	7840.0	106.796	3566.91
-31636.0	7840.0	105.461	3404.98
-31636.0	7840.0	104.127	3353.66
-31636.0	7840.0	102.792	3154.38
-31636.0	7840.0	101.457	2975.79
-31636.0	7840.0	100.122	2778.55
-31636.0	7840.0	98.7867	2622.58
-31636.0	7840.0	97.4509	2565.86
-31636.0	7840.0	96.1148	2365.1
-31636.0	7840.0	94.7784	2244.86
-31636.0	7840.0	93.4418	2100.36
-31636.0	7840.0	92.1048	2055.03
-31636.0	7840.0	90.7676	2002.24
-31636.0	7840.0	89.43	1983.12
-31636.0	7840.0	88.0922	1900.47
-31636.0	7840.0	86.7541	1858.95
-31636.0	7840.0	85.4157	1838.01
