-31648.0	7828.0	1311.89	1976.09
-31648.0	7828.0	1310.78	1916.72
-31648.0	7828.0	1309.68	1911.88
-31648.0	7828.0	1308.58	1904.76
-31648.0	7828.0	1307.48	1938.5
-31648.0	7828.0	1306.38	2056.21
-31648.0	7828.0	1305.28	1949.23
-31648.0	7828.0	1304.18	1939.84
-31648.0	7828.0	1303.07	1939.53
-31648.0	7828.0	1301.97	1991.39
-31648.0	7828.0	1300.87	1947.98
-31648.0	7828.0	1299.77	1952.2
-31648.0	7828.0	1298.66	1936.02
-31648.0	7828.0	1297.56	2107.97
-31648.0	7828.0	1296.46	1996.59
-31648.0	7828.0	1295.35	2032.52
-31648.0	7828.0	1294.25	2005.01
-31648.0	7828.0	1293.15	1959.38
-31648.0	7828.0	1292.04	1956.8
-31648.0	7828.0	1290.94	2010.84
-31648.0	7828.0	1289.83	1967.49
-31648.0	7828.0	1288.73	1935.49
-31648.0	7828.0	1287.63	1885.38
-31648.0	7828.0	1286.52	1919.02
-31648.0	7828.0	1285.42	1911.92
-31648.0	7828.0	1284.31	1986.27
-31648.0	7828.0	1283.21	1834.4
-31648.0	7828.0	1282.1	1944.92
-31648.0	7828.0	1280.99	1933.3
-31648.0	7828.0	1279.89	1908.12
-31648.0	7828.0	1278.78	1968.84
-31648.0	7828.0	1277.68	1907.5
-31648.0	7828.0	1276.57	1929.79
-31648.0	7828.0	1275.46	1954.33
-31648.0	7828.0	1274.36	1920.13
-31648.0	7828.0	1273.25	1951.44
-31648.0	7828.0	1272.14	1908.22
-31648.0	7828.0	1271.04	1887.59
-31648.0	7828.0	1269.93	2034.02
-31648.0	7828.0	1268.82	1880.21
-31648.0	7828.0	1267.71	1927.29
-31648.0	7828.0	1266.61	1868.31
-31648.0	7828.0	1265.5	1895.08
-31648.0	7828.0	1264.39	1921.84
-31648.0	7828.0	1263.28	1917.02
-31648.0	7828.0	1262.17	1858.08
-31648.0	7828.0	1261.06	1950.22
-31648.0	7828.0	1259.95	1843.95
-31648.0	7828.0	1258.84	1888.73
-31648.0	7828.0	1257.74	1899.69
-31648.0	7828.0	1256.63	1870.09
-31648.0	7828.0	1255.52	1964.4
-31648.0	7828.0	1254.41	1995.61
-31648.0	7828.0	1253.3	1970.52
-31648.0	7828.0	1252.19	1976.95
-31648.0	7828.0	1251.08	1913.59
-31648.0	7828.0	1249.96	2016.82
-31648.0	7828.0	1248.85	1957.98
-31648.0	7828.0	1247.74	1899.15
-31648.0	7828.0	1246.63	1943.84
-31648.0	7828.0	1245.52	1941.27
-31648.0	7828.0	1244.41	1902.72
-31648.0	7828.0	1243.3	1873.17
-31648.0	7828.0	1242.18	2001.02
-31648.0	7828.0	1241.07	1899.54
-31648.0	7828.0	1239.96	1903.72
-31648.0	7828.0	1238.85	1901.16
-31648.0	7828.0	1237.74	1889.62
-31648.0	7828.0	1236.62	1909.52
-31648.0	7828.0	1235.51	1897.98
-31648.0	7828.0	1234.4	1870.72
-31648.0	7828.0	1233.28	1904.09
-31648.0	7828.0	1232.17	1843.16
-31648.0	7828.0	1231.06	1804.7
-31648.0	7828.0	1229.94	1844.8
-31648.0	7828.0	1228.83	1891.62
-31648.0	7828.0	1227.71	1902.53
-31648.0	7828.0	1226.6	1891.0
-31648.0	7828.0	1225.48	1904.14
-31648.0	7828.0	1224.37	1879.16
-31648.0	7828.0	1223.25	1847.47
-31648.0	7828.0	1222.14	1842.68
-31648.0	7828.0	1221.02	1914.1
-31648.0	7828.0	1219.91	1922.74
-31648.0	7828.0	1218.79	1848.49
-31648.0	7828.0	1217.68	1908.67
-31648.0	7828.0	1216.56	1850.12
-31648.0	7828.0	1215.44	1885.64
-31648.0	7828.0	1214.33	1865.18
-31648.0	7828.0	1213.21	1900.69
-31648.0	7828.0	1212.09	1945.14
-31648.0	7828.0	1210.98	1821.73
-31648.0	7828.0	1209.86	1828.14
-31648.0	7828.0	1208.74	1836.79
-31648.0	7828.0	1207.62	1887.93
-31648.0	7828.0	1206.51	1802.63
-31648.0	7828.0	1205.39	1862.71
-31648.0	7828.0	1204.27	1806.5
-31648.0	7828.0	1203.15	1868.8
-31648.0	7828.0	1202.03	1991.41
-31648.0	7828.0	1200.91	1857.0
-31648.0	7828.0	1199.8	1832.12
-31648.0	7828.0	1198.68	1874.26
-31648.0	7828.0	1197.56	1829.27
-31648.0	7828.0	1196.44	1782.07
-31648.0	7828.0	1195.32	1844.29
-31648.0	7828.0	1194.2	1797.11
-31648.0	7828.0	1193.08	1859.3
-31648.0	7828.0	1191.96	1816.59
-31648.0	7828.0	1190.84	1876.53
-31648.0	7828.0	1189.72	1811.52
-31648.0	7828.0	1188.6	1911.6
-31648.0	7828.0	1187.48	1913.51
-31648.0	7828.0	1186.35	1866.36
-31648.0	7828.0	1185.23	1852.67
-31648.0	7828.0	1184.11	1805.55
-31648.0	7828.0	1182.99	1809.71
-31648.0	7828.0	1181.87	1871.8
-31648.0	7828.0	1180.75	1818.01
-31648.0	7828.0	1179.62	1933.54
-31648.0	7828.0	1178.5	1853.04
-31648.0	7828.0	1177.38	1926.22
-31648.0	7828.0	1176.26	1925.89
-31648.0	7828.0	1175.13	1814.27
-31648.0	7828.0	1174.01	1805.06
-31648.0	7828.0	1172.89	1827.01
-31648.0	7828.0	1171.76	1824.48
-31648.0	7828.0	1170.64	1884.23
-31648.0	7828.0	1169.51	1826.09
-31648.0	7828.0	1168.39	1888.05
-31648.0	7828.0	1167.27	1832.14
-31648.0	7828.0	1166.14	1789.6
-31648.0	7828.0	1165.02	1820.41
-31648.0	7828.0	1163.89	1829.0
-31648.0	7828.0	1162.77	1835.35
-31648.0	7828.0	1161.64	1832.82
-31648.0	7828.0	1160.52	1836.96
-31648.0	7828.0	1159.39	1785.57
-31648.0	7828.0	1158.26	1809.69
-31648.0	7828.0	1157.14	1705.04
-31648.0	7828.0	1156.01	1844.6
-31648.0	7828.0	1154.88	1788.8
-31648.0	7828.0	1153.76	1837.31
-31648.0	7828.0	1152.63	1792.63
-31648.0	7828.0	1151.5	1774.58
-31648.0	7828.0	1150.38	1838.6
-31648.0	7828.0	1149.25	1820.55
-31648.0	7828.0	1148.12	1800.29
-31648.0	7828.0	1146.99	1899.73
-31648.0	7828.0	1145.87	1812.97
-31648.0	7828.0	1144.74	1845.91
-31648.0	7828.0	1143.61	1748.11
-31648.0	7828.0	1142.48	1778.82
-31648.0	7828.0	1141.35	1893.69
-31648.0	7828.0	1140.22	1753.86
-31648.0	7828.0	1139.09	1791.2
-31648.0	7828.0	1137.97	1863.95
-31648.0	7828.0	1136.84	1843.71
-31648.0	7828.0	1135.71	1785.86
-31648.0	7828.0	1134.58	1807.68
-31648.0	7828.0	1133.45	1754.28
-31648.0	7828.0	1132.32	1860.15
-31648.0	7828.0	1131.19	1890.79
-31648.0	7828.0	1130.05	1821.93
-31648.0	7828.0	1128.92	1779.61
-31648.0	7828.0	1127.79	1752.79
-31648.0	7828.0	1126.66	1805.53
-31648.0	7828.0	1125.53	1780.91
-31648.0	7828.0	1124.4	1829.21
-31648.0	7828.0	1123.27	1778.09
-31648.0	7828.0	1122.13	1777.79
-31648.0	7828.0	1121.0	1795.15
-31648.0	7828.0	1119.87	1763.94
-31648.0	7828.0	1118.74	1748.18
-31648.0	7828.0	1117.6	1750.09
-31648.0	7828.0	1116.47	1767.44
-31648.0	7828.0	1115.34	1795.82
-31648.0	7828.0	1114.2	1749.19
-31648.0	7828.0	1113.07	1797.41
-31648.0	7828.0	1111.94	1812.54
-31648.0	7828.0	1110.8	1825.45
-31648.0	7828.0	1109.67	1820.73
-31648.0	7828.0	1108.54	1732.26
-31648.0	7828.0	1107.4	1762.81
-31648.0	7828.0	1106.27	1762.51
-31648.0	7828.0	1105.13	1819.48
-31648.0	7828.0	1104.0	1845.59
-31648.0	7828.0	1102.86	1704.35
-31648.0	7828.0	1101.72	1787.71
-31648.0	7828.0	1100.59	1710.36
-31648.0	7828.0	1099.45	1734.28
-31648.0	7828.0	1098.32	1760.38
-31648.0	7828.0	1097.18	1797.48
-31648.0	7828.0	1096.04	1750.98
-31648.0	7828.0	1094.91	1856.24
-31648.0	7828.0	1093.77	1794.35
-31648.0	7828.0	1092.63	1879.79
-31648.0	7828.0	1091.5	1859.68
-31648.0	7828.0	1090.36	1857.16
-31648.0	7828.0	1089.22	1676.65
-31648.0	7828.0	1088.08	1674.16
-31648.0	7828.0	1086.95	1735.38
-31648.0	7828.0	1085.81	1768.02
-31648.0	7828.0	1084.67	1844.57
-31648.0	7828.0	1083.53	1745.45
-31648.0	7828.0	1082.39	1688.07
-31648.0	7828.0	1081.25	1703.14
-31648.0	7828.0	1080.11	1711.63
-31648.0	7828.0	1078.97	1691.58
-31648.0	7828.0	1077.83	1722.0
-31648.0	7828.0	1076.69	1737.05
-31648.0	7828.0	1075.55	1668.77
-31648.0	7828.0	1074.41	1732.06
-31648.0	7828.0	1073.27	1775.6
-31648.0	7828.0	1072.13	1762.14
-31648.0	7828.0	1070.99	1748.69
-31648.0	7828.0	1069.85	1708.95
-31648.0	7828.0	1068.71	1695.5
-31648.0	7828.0	1067.57	1717.11
-31648.0	7828.0	1066.43	1778.13
-31648.0	7828.0	1065.28	1720.89
-31648.0	7828.0	1064.14	1731.53
-31648.0	7828.0	1063.0	1718.1
-31648.0	7828.0	1061.86	1728.74
-31648.0	7828.0	1060.71	1772.2
-31648.0	7828.0	1059.57	1776.26
-31648.0	7828.0	1058.43	1738.77
-31648.0	7828.0	1057.29	1801.88
-31648.0	7828.0	1056.14	1714.11
-31648.0	7828.0	1055.0	1720.37
-31648.0	7828.0	1053.85	1713.51
-31648.0	7828.0	1052.71	1669.5
-31648.0	7828.0	1051.57	1752.23
-31648.0	7828.0	1050.42	1782.51
-31648.0	7828.0	1049.28	1793.12
-31648.0	7828.0	1048.13	1760.05
-31648.0	7828.0	1046.99	1724.8
-31648.0	7828.0	1045.84	1678.66
-31648.0	7828.0	1044.7	1770.03
-31648.0	7828.0	1043.55	1728.26
-31648.0	7828.0	1042.4	1703.95
-31648.0	7828.0	1041.26	1764.73
-31648.0	7828.0	1040.11	1709.9
-31648.0	7828.0	1038.97	1772.83
-31648.0	7828.0	1037.82	1733.28
-31648.0	7828.0	1036.67	1767.85
-31648.0	7828.0	1035.53	1778.43
-31648.0	7828.0	1034.38	1717.11
-31648.0	7828.0	1033.23	1779.98
-31648.0	7828.0	1032.08	1812.34
-31648.0	7828.0	1030.94	1801.13
-31648.0	7828.0	1029.79	1750.73
-31648.0	7828.0	1028.64	1804.85
-31648.0	7828.0	1027.49	1813.24
-31648.0	7828.0	1026.34	1806.39
-31648.0	7828.0	1025.19	1821.3
-31648.0	7828.0	1024.04	1803.57
-31648.0	7828.0	1022.89	1838.06
-31648.0	7828.0	1021.74	1857.3
-31648.0	7828.0	1020.59	1811.31
-31648.0	7828.0	1019.45	1782.73
-31648.0	7828.0	1018.29	1858.49
-31648.0	7828.0	1017.14	1855.98
-31648.0	7828.0	1015.99	1810.02
-31648.0	7828.0	1014.84	1918.33
-31648.0	7828.0	1013.69	1870.2
-31648.0	7828.0	1012.54	1941.53
-31648.0	7828.0	1011.39	1947.7
-31648.0	7828.0	1010.24	1927.82
-31648.0	7828.0	1009.09	1907.94
-31648.0	7828.0	1007.93	1849.0
-31648.0	7828.0	1006.78	1935.46
-31648.0	7828.0	1005.63	1911.26
-31648.0	7828.0	1004.48	1999.84
-31648.0	7828.0	1003.32	1962.62
-31648.0	7828.0	1002.17	2042.5
-31648.0	7828.0	1001.02	1953.25
-31648.0	7828.0	999.865	2037.43
-31648.0	7828.0	998.711	2028.4
-31648.0	7828.0	997.558	2036.7
-31648.0	7828.0	996.403	2001.68
-31648.0	7828.0	995.249	2105.28
-31648.0	7828.0	994.095	2107.07
-31648.0	7828.0	992.94	2145.66
-31648.0	7828.0	991.785	2169.09
-31648.0	7828.0	990.63	2209.83
-31648.0	7828.0	989.475	2278.68
-31648.0	7828.0	988.319	2224.18
-31648.0	7828.0	987.164	2199.98
-31648.0	7828.0	986.008	2253.66
-31648.0	7828.0	984.852	2309.48
-31648.0	7828.0	983.695	2324.2
-31648.0	7828.0	982.539	2336.75
-31648.0	7828.0	981.382	2316.88
-31648.0	7828.0	980.225	2318.62
-31648.0	7828.0	979.068	2385.18
-31648.0	7828.0	977.911	2363.15
-31648.0	7828.0	976.753	2418.87
-31648.0	7828.0	975.595	2310.47
-31648.0	7828.0	974.437	2266.88
-31648.0	7828.0	973.279	2307.48
-31648.0	7828.0	972.121	2328.64
-31648.0	7828.0	970.962	2408.06
-31648.0	7828.0	969.803	2375.26
-31648.0	7828.0	968.644	2430.92
-31648.0	7828.0	967.485	2383.03
-31648.0	7828.0	966.326	2373.98
-31648.0	7828.0	965.166	2384.32
-31648.0	7828.0	964.006	2347.25
-31648.0	7828.0	962.846	2372.69
-31648.0	7828.0	961.686	2378.72
-31648.0	7828.0	960.525	2432.14
-31648.0	7828.0	959.365	2431.7
-31648.0	7828.0	958.204	2457.1
-31648.0	7828.0	957.043	2458.81
-31648.0	7828.0	955.881	2428.23
-31648.0	7828.0	954.72	2369.67
-31648.0	7828.0	953.558	2343.42
-31648.0	7828.0	952.396	2334.39
-31648.0	7828.0	951.234	2381.29
-31648.0	7828.0	950.071	2367.95
-31648.0	7828.0	948.909	2337.41
-31648.0	7828.0	947.746	2347.74
-31648.0	7828.0	946.583	2383.85
-31648.0	7828.0	945.42	2364.08
-31648.0	7828.0	944.256	2359.35
-31648.0	7828.0	943.092	2322.4
-31648.0	7828.0	941.929	2263.98
-31648.0	7828.0	940.765	2334.43
-31648.0	7828.0	939.6	2329.71
-31648.0	7828.0	938.436	2333.58
-31648.0	7828.0	937.271	2290.23
-31648.0	7828.0	936.106	2253.32
-31648.0	7828.0	934.941	2210.0
-31648.0	7828.0	933.775	2220.32
-31648.0	7828.0	932.61	2086.93
-31648.0	7828.0	931.444	2133.73
-31648.0	7828.0	930.278	2079.74
-31648.0	7828.0	929.112	2023.62
-31648.0	7828.0	927.945	2016.82
-31648.0	7828.0	926.779	1980.02
-31648.0	7828.0	925.612	1968.95
-31648.0	7828.0	924.445	1972.87
-31648.0	7828.0	923.278	1888.98
-31648.0	7828.0	922.11	1937.88
-31648.0	7828.0	920.942	1800.51
-31648.0	7828.0	919.774	1965.0
-31648.0	7828.0	918.606	1934.67
-31648.0	7828.0	917.438	1915.06
-31648.0	7828.0	916.269	1871.92
-31648.0	7828.0	915.1	1760.35
-31648.0	7828.0	913.931	1854.12
-31648.0	7828.0	912.762	1825.99
-31648.0	7828.0	911.593	1780.76
-31648.0	7828.0	910.423	1808.21
-31648.0	7828.0	909.253	1733.09
-31648.0	7828.0	908.083	1702.85
-31648.0	7828.0	906.913	1751.67
-31648.0	7828.0	905.742	1779.11
-31648.0	7828.0	904.572	1744.62
-31648.0	7828.0	903.401	1767.78
-31648.0	7828.0	902.229	1784.53
-31648.0	7828.0	901.058	1720.17
-31648.0	7828.0	899.886	1741.19
-31648.0	7828.0	898.715	1659.8
-31648.0	7828.0	897.543	1682.96
-31648.0	7828.0	896.37	1763.68
-31648.0	7828.0	895.198	1688.73
-31648.0	7828.0	894.025	1756.64
-31648.0	7828.0	892.852	1764.84
-31648.0	7828.0	891.679	1738.94
-31648.0	7828.0	890.506	1727.96
-31648.0	7828.0	889.332	1731.9
-31648.0	7828.0	888.158	1688.98
-31648.0	7828.0	886.984	1709.96
-31648.0	7828.0	885.81	1673.45
-31648.0	7828.0	884.636	1656.11
-31648.0	7828.0	883.461	1696.24
-31648.0	7828.0	882.286	1734.22
-31648.0	7828.0	881.111	1682.84
-31648.0	7828.0	879.936	1716.56
-31648.0	7828.0	878.76	1684.34
-31648.0	7828.0	877.584	1641.5
-31648.0	7828.0	876.408	1615.68
-31648.0	7828.0	875.232	1677.02
-31648.0	7828.0	874.056	1661.83
-31648.0	7828.0	872.879	1650.9
-31648.0	7828.0	871.702	1718.57
-31648.0	7828.0	870.525	1656.65
-31648.0	7828.0	869.348	1700.94
-31648.0	7828.0	868.17	1694.25
-31648.0	7828.0	866.993	1642.99
-31648.0	7828.0	865.815	1646.92
-31648.0	7828.0	864.637	1657.22
-31648.0	7828.0	863.458	1620.85
-31648.0	7828.0	862.28	1576.0
-31648.0	7828.0	861.101	1586.31
-31648.0	7828.0	859.922	1668.7
-31648.0	7828.0	858.742	1672.63
-31648.0	7828.0	857.563	1663.84
-31648.0	7828.0	856.383	1597.83
-31648.0	7828.0	855.203	1642.03
-31648.0	7828.0	854.023	1629.01
-31648.0	7828.0	852.843	1628.7
-31648.0	7828.0	851.662	1638.98
-31648.0	7828.0	850.481	1556.11
-31648.0	7828.0	849.3	1621.43
-31648.0	7828.0	848.119	1623.24
-31648.0	7828.0	846.937	1648.33
-31648.0	7828.0	845.756	1626.86
-31648.0	7828.0	844.574	1641.36
-31648.0	7828.0	843.392	1647.4
-31648.0	7828.0	842.209	1623.83
-31648.0	7828.0	841.027	1625.64
-31648.0	7828.0	839.844	1638.01
-31648.0	7828.0	838.661	1620.8
-31648.0	7828.0	837.477	1652.18
-31648.0	7828.0	836.294	1620.18
-31648.0	7828.0	835.11	1579.75
-31648.0	7828.0	833.926	1636.46
-31648.0	7828.0	832.742	1653.04
-31648.0	7828.0	831.558	1591.52
-31648.0	7828.0	830.373	1665.08
-31648.0	7828.0	829.188	1645.77
-31648.0	7828.0	828.003	1628.58
-31648.0	7828.0	826.818	1592.42
-31648.0	7828.0	825.632	1581.57
-31648.0	7828.0	824.446	1621.33
-31648.0	7828.0	823.26	1640.0
-31648.0	7828.0	822.074	1669.19
-31648.0	7828.0	820.888	1654.12
-31648.0	7828.0	819.701	1577.97
-31648.0	7828.0	818.514	1672.45
-31648.0	7828.0	817.327	1619.49
-31648.0	7828.0	816.14	1642.34
-31648.0	7828.0	814.952	1696.76
-31648.0	7828.0	813.765	1688.02
-31648.0	7828.0	812.577	1616.15
-31648.0	7828.0	811.388	1643.19
-31648.0	7828.0	810.2	1615.53
-31648.0	7828.0	809.011	1617.33
-31648.0	7828.0	807.822	1629.64
-31648.0	7828.0	806.633	1601.99
-31648.0	7828.0	805.444	1605.89
-31648.0	7828.0	804.254	1584.57
-31648.0	7828.0	803.064	1657.81
-31648.0	7828.0	801.874	1579.76
-31648.0	7828.0	800.684	1562.66
-31648.0	7828.0	799.493	1661.06
-31648.0	7828.0	798.303	1681.74
-31648.0	7828.0	797.112	1645.73
-31648.0	7828.0	795.921	1651.71
-31648.0	7828.0	794.729	1609.43
-31648.0	7828.0	793.538	1695.13
-31648.0	7828.0	792.346	1524.91
-31648.0	7828.0	791.154	1631.57
-31648.0	7828.0	789.961	1545.29
-31648.0	7828.0	788.769	1582.73
-31648.0	7828.0	787.576	1588.71
-31648.0	7828.0	786.383	1573.74
-31648.0	7828.0	785.19	1579.72
-31648.0	7828.0	783.996	1579.42
-31648.0	7828.0	782.802	1547.7
-31648.0	7828.0	781.608	1608.13
-31648.0	7828.0	780.414	1584.79
-31648.0	7828.0	779.22	1620.07
-31648.0	7828.0	778.025	1598.83
-31648.0	7828.0	776.83	1558.77
-31648.0	7828.0	775.635	1552.19
-31648.0	7828.0	774.44	1560.26
-31648.0	7828.0	773.244	1672.87
-31648.0	7828.0	772.049	1662.1
-31648.0	7828.0	770.853	1563.53
-31648.0	7828.0	769.656	1590.4
-31648.0	7828.0	768.46	1579.65
-31648.0	7828.0	767.263	1575.16
-31648.0	7828.0	766.066	1597.83
-31648.0	7828.0	764.869	1622.59
-31648.0	7828.0	763.672	1555.46
-31648.0	7828.0	762.474	1640.75
-31648.0	7828.0	761.276	1559.03
-31648.0	7828.0	760.078	1558.73
-31648.0	7828.0	758.88	1614.76
-31648.0	7828.0	757.681	1633.22
-31648.0	7828.0	756.483	1574.51
-31648.0	7828.0	755.284	1597.14
-31648.0	7828.0	754.084	1611.42
-31648.0	7828.0	752.885	1581.93
-31648.0	7828.0	751.685	1583.71
-31648.0	7828.0	750.485	1583.4
-31648.0	7828.0	749.285	1585.18
-31648.0	7828.0	748.085	1574.45
-31648.0	7828.0	746.884	1561.66
-31648.0	7828.0	745.683	1555.11
-31648.0	7828.0	744.482	1579.78
-31648.0	7828.0	743.281	1527.45
-31648.0	7828.0	742.079	1643.66
-31648.0	7828.0	740.877	1624.62
-31648.0	7828.0	739.675	1584.79
-31648.0	7828.0	738.473	1613.59
-31648.0	7828.0	737.27	1567.54
-31648.0	7828.0	736.068	1490.33
-31648.0	7828.0	734.865	1589.79
-31648.0	7828.0	733.661	1554.16
-31648.0	7828.0	732.458	1510.23
-31648.0	7828.0	731.254	1568.09
-31648.0	7828.0	730.05	1592.7
-31648.0	7828.0	728.846	1582.01
-31648.0	7828.0	727.642	1587.93
-31648.0	7828.0	726.437	1533.66
-31648.0	7828.0	725.232	1601.83
-31648.0	7828.0	724.027	1595.3
-31648.0	7828.0	722.822	1536.91
-31648.0	7828.0	721.616	1511.72
-31648.0	7828.0	720.41	1550.82
-31648.0	7828.0	719.204	1610.63
-31648.0	7828.0	717.998	1610.32
-31648.0	7828.0	716.791	1591.35
-31648.0	7828.0	715.585	1566.18
-31648.0	7828.0	714.378	1804.07
-31648.0	7828.0	713.17	1631.83
-31648.0	7828.0	711.963	1548.69
-31648.0	7828.0	710.755	1573.23
-31648.0	7828.0	709.547	1531.53
-31648.0	7828.0	708.339	1529.16
-31648.0	7828.0	707.131	1611.61
-31648.0	7828.0	705.922	1520.28
-31648.0	7828.0	704.713	1569.62
-31648.0	7828.0	703.504	1637.54
-31648.0	7828.0	702.295	1587.6
-31648.0	7828.0	701.085	1651.36
-31648.0	7828.0	699.875	1547.72
-31648.0	7828.0	698.665	1617.66
-31648.0	7828.0	697.455	1621.47
-31648.0	7828.0	696.244	1619.08
-31648.0	7828.0	695.034	1612.57
-31648.0	7828.0	693.822	1587.48
-31648.0	7828.0	692.611	1649.09
-31648.0	7828.0	691.4	1613.68
-31648.0	7828.0	690.188	1586.54
-31648.0	7828.0	688.976	1530.53
-31648.0	7828.0	687.764	1571.48
-31648.0	7828.0	686.551	1647.46
-31648.0	7828.0	685.339	1698.67
-31648.0	7828.0	684.126	1685.97
-31648.0	7828.0	682.912	1650.6
-31648.0	7828.0	681.699	1615.25
-31648.0	7828.0	680.485	1608.75
-31648.0	7828.0	679.271	1616.67
-31648.0	7828.0	678.057	1700.77
-31648.0	7828.0	676.843	1686.02
-31648.0	7828.0	675.628	1656.87
-31648.0	7828.0	674.413	1598.93
-31648.0	7828.0	673.198	1680.91
-31648.0	7828.0	671.983	1643.55
-31648.0	7828.0	670.767	1750.16
-31648.0	7828.0	669.551	1681.96
-31648.0	7828.0	668.335	1661.07
-31648.0	7828.0	667.119	1648.41
-31648.0	7828.0	665.902	1666.58
-31648.0	7828.0	664.686	1676.52
-31648.0	7828.0	663.469	1731.65
-31648.0	7828.0	662.251	1669.69
-31648.0	7828.0	661.034	1669.36
-31648.0	7828.0	659.816	1666.97
-31648.0	7828.0	658.598	1648.17
-31648.0	7828.0	657.38	1596.54
-31648.0	7828.0	656.161	1629.04
-31648.0	7828.0	654.942	1686.16
-31648.0	7828.0	653.723	1716.58
-31648.0	7828.0	652.504	1673.18
-31648.0	7828.0	651.285	1707.7
-31648.0	7828.0	650.065	1600.78
-31648.0	7828.0	648.845	1584.06
-31648.0	7828.0	647.625	1643.16
-31648.0	7828.0	646.404	1624.4
-31648.0	7828.0	645.184	1689.61
-31648.0	7828.0	643.963	1668.8
-31648.0	7828.0	642.742	1652.09
-31648.0	7828.0	641.52	1565.79
-31648.0	7828.0	640.298	1669.84
-31648.0	7828.0	639.076	1665.42
-31648.0	7828.0	637.854	1675.31
-31648.0	7828.0	636.632	1654.52
-31648.0	7828.0	635.409	1678.73
-31648.0	7828.0	634.186	1731.54
-31648.0	7828.0	632.963	1671.92
-31648.0	7828.0	631.74	1642.98
-31648.0	7828.0	630.516	1648.78
-31648.0	7828.0	629.292	1664.79
-31648.0	7828.0	628.068	1658.33
-31648.0	7828.0	626.844	1735.59
-31648.0	7828.0	625.619	1696.45
-31648.0	7828.0	624.394	1710.4
-31648.0	7828.0	623.169	1699.85
-31648.0	7828.0	621.944	1742.35
-31648.0	7828.0	620.718	1699.17
-31648.0	7828.0	619.492	1713.1
-31648.0	7828.0	618.266	1669.94
-31648.0	7828.0	617.04	1663.49
-31648.0	7828.0	615.813	1671.3
-31648.0	7828.0	614.587	1713.76
-31648.0	7828.0	613.36	1648.22
-31648.0	7828.0	612.132	1702.89
-31648.0	7828.0	610.905	1696.43
-31648.0	7828.0	609.677	1639.08
-31648.0	7828.0	608.449	1701.86
-31648.0	7828.0	607.22	1738.15
-31648.0	7828.0	605.992	1709.31
-31648.0	7828.0	604.763	1700.83
-31648.0	7828.0	603.534	1722.86
-31648.0	7828.0	602.305	1694.04
-31648.0	7828.0	601.075	1669.3
-31648.0	7828.0	599.845	1634.4
-31648.0	7828.0	598.615	1680.82
-31648.0	7828.0	597.385	1702.83
-31648.0	7828.0	596.154	1724.83
-31648.0	7828.0	594.924	1738.7
-31648.0	7828.0	593.693	1657.12
-31648.0	7828.0	592.461	1687.24
-31648.0	7828.0	591.23	1678.78
-31648.0	7828.0	589.998	1587.11
-31648.0	7828.0	588.766	1619.25
-31648.0	7828.0	587.534	1669.64
-31648.0	7828.0	586.301	1679.45
-31648.0	7828.0	585.068	1721.69
-31648.0	7828.0	583.835	1688.9
-31648.0	7828.0	582.602	1654.1
-31648.0	7828.0	581.368	1647.68
-31648.0	7828.0	580.134	1698.0
-31648.0	7828.0	578.9	1636.88
-31648.0	7828.0	577.666	1656.81
-31648.0	7828.0	576.432	1678.74
-31648.0	7828.0	575.197	1619.69
-31648.0	7828.0	573.962	1623.41
-31648.0	7828.0	572.726	1651.41
-31648.0	7828.0	571.491	1610.61
-31648.0	7828.0	570.255	1656.81
-31648.0	7828.0	569.019	1644.34
-31648.0	7828.0	567.783	1648.05
-31648.0	7828.0	566.546	1742.73
-31648.0	7828.0	565.309	1683.76
-31648.0	7828.0	564.072	1703.62
-31648.0	7828.0	562.835	1705.3
-31648.0	7828.0	561.597	1702.93
-31648.0	7828.0	560.359	1712.68
-31648.0	7828.0	559.121	1770.89
-31648.0	7828.0	557.883	1786.68
-31648.0	7828.0	556.644	1717.69
-31648.0	7828.0	555.406	1695.14
-31648.0	7828.0	554.167	1753.3
-31648.0	7828.0	552.927	1696.46
-31648.0	7828.0	551.688	1772.75
-31648.0	7828.0	550.448	1784.49
-31648.0	7828.0	549.208	1886.94
-31648.0	7828.0	547.967	1870.43
-31648.0	7828.0	546.727	1821.68
-31648.0	7828.0	545.486	1895.86
-31648.0	7828.0	544.245	1879.35
-31648.0	7828.0	543.003	1969.59
-31648.0	7828.0	541.762	1934.96
-31648.0	7828.0	540.52	2015.09
-31648.0	7828.0	539.278	2020.71
-31648.0	7828.0	538.035	2044.45
-31648.0	7828.0	536.793	2104.38
-31648.0	7828.0	535.55	2262.85
-31648.0	7828.0	534.307	2316.69
-31648.0	7828.0	533.063	2533.36
-31648.0	7828.0	531.82	2695.66
-31648.0	7828.0	530.576	2888.05
-31648.0	7828.0	529.331	3321.48
-31648.0	7828.0	528.087	3903.39
-31648.0	7828.0	526.842	4792.37
-31648.0	7828.0	525.597	6179.0
-31648.0	7828.0	524.352	8109.14
-31648.0	7828.0	523.107	10644.7
-31648.0	7828.0	521.861	13867.6
-31648.0	7828.0	520.615	15225.1
-31648.0	7828.0	519.369	13559.0
-31648.0	7828.0	518.122	11586.6
-31648.0	7828.0	516.876	9669.24
-31648.0	7828.0	515.629	8135.56
-31648.0	7828.0	514.381	7057.52
-31648.0	7828.0	513.134	6134.23
-31648.0	7828.0	511.886	5355.57
-31648.0	7828.0	510.638	4819.62
-31648.0	7828.0	509.39	4424.09
-31648.0	7828.0	508.141	4142.85
-31648.0	7828.0	506.892	3871.73
-31648.0	7828.0	505.643	3750.84
-31648.0	7828.0	504.394	3535.95
-31648.0	7828.0	503.145	3449.19
-31648.0	7828.0	501.895	3300.46
-31648.0	7828.0	500.645	3277.78
-31648.0	7828.0	499.394	3281.1
-31648.0	7828.0	498.144	3200.46
-31648.0	7828.0	496.893	3229.78
-31648.0	7828.0	495.642	3139.19
-31648.0	7828.0	494.39	2942.76
-31648.0	7828.0	493.139	2824.3
-31648.0	7828.0	491.887	2809.74
-31648.0	7828.0	490.635	2719.31
-31648.0	7828.0	489.382	2666.85
-31648.0	7828.0	488.13	2580.48
-31648.0	7828.0	486.877	2571.96
-31648.0	7828.0	485.623	2551.48
-31648.0	7828.0	484.37	2483.14
-31648.0	7828.0	483.116	2442.75
-31648.0	7828.0	481.862	2354.52
-31648.0	7828.0	480.608	2360.01
-31648.0	7828.0	479.354	2319.66
-31648.0	7828.0	478.099	2307.23
-31648.0	7828.0	476.844	2368.5
-31648.0	7828.0	475.588	2332.16
-31648.0	7828.0	474.333	2319.73
-31648.0	7828.0	473.077	2227.67
-31648.0	7828.0	471.821	2300.85
-31648.0	7828.0	470.565	2220.78
-31648.0	7828.0	469.308	2210.37
-31648.0	7828.0	468.051	2215.87
-31648.0	7828.0	466.794	2239.28
-31648.0	7828.0	465.537	2220.92
-31648.0	7828.0	464.279	2176.72
-31648.0	7828.0	463.021	2096.77
-31648.0	7828.0	461.763	2106.27
-31648.0	7828.0	460.505	2105.83
-31648.0	7828.0	459.246	2129.23
-31648.0	7828.0	457.987	2095.03
-31648.0	7828.0	456.728	2114.44
-31648.0	7828.0	455.469	2082.24
-31648.0	7828.0	454.209	2050.06
-31648.0	7828.0	452.949	2043.68
-31648.0	7828.0	451.689	2023.41
-31648.0	7828.0	450.428	2017.04
-31648.0	7828.0	449.167	2008.69
-31648.0	7828.0	447.906	1984.48
-31648.0	7828.0	446.645	2031.64
-31648.0	7828.0	445.383	2102.55
-31648.0	7828.0	444.122	2020.88
-31648.0	7828.0	442.86	1980.84
-31648.0	7828.0	441.597	2022.02
-31648.0	7828.0	440.335	2009.72
-31648.0	7828.0	439.072	2122.13
-31648.0	7828.0	437.809	2028.67
-31648.0	7828.0	436.545	2028.24
-31648.0	7828.0	435.281	2071.34
-31648.0	7828.0	434.018	2027.39
-31648.0	7828.0	432.753	2064.54
-31648.0	7828.0	431.489	2040.39
-31648.0	7828.0	430.224	2043.91
-31648.0	7828.0	428.959	2069.18
-31648.0	7828.0	427.694	2084.55
-31648.0	7828.0	426.428	1985.34
-31648.0	7828.0	425.163	2071.83
-31648.0	7828.0	423.896	2069.42
-31648.0	7828.0	422.63	2076.88
-31648.0	7828.0	421.364	2052.76
-31648.0	7828.0	420.097	1965.5
-31648.0	7828.0	418.83	1996.66
-31648.0	7828.0	417.562	2004.13
-31648.0	7828.0	416.295	1972.15
-31648.0	7828.0	415.027	1991.46
-31648.0	7828.0	413.758	1987.1
-31648.0	7828.0	412.49	2006.39
-31648.0	7828.0	411.221	2009.91
-31648.0	7828.0	409.952	2044.95
-31648.0	7828.0	408.683	2097.7
-31648.0	7828.0	407.414	2002.73
-31648.0	7828.0	406.144	1935.37
-31648.0	7828.0	404.874	1972.37
-31648.0	7828.0	403.603	2013.28
-31648.0	7828.0	402.333	2016.79
-31648.0	7828.0	401.062	2014.4
-31648.0	7828.0	399.791	2045.44
-31648.0	7828.0	398.519	2025.35
-31648.0	7828.0	397.248	1995.44
-31648.0	7828.0	395.976	2010.74
-31648.0	7828.0	394.704	1937.61
-31648.0	7828.0	393.431	1954.88
-31648.0	7828.0	392.159	1987.86
-31648.0	7828.0	390.886	1991.37
-31648.0	7828.0	389.612	1955.61
-31648.0	7828.0	388.339	1986.61
-31648.0	7828.0	387.065	2052.92
-31648.0	7828.0	385.791	2028.94
-31648.0	7828.0	384.517	2001.04
-31648.0	7828.0	383.242	1992.78
-31648.0	7828.0	381.967	1949.22
-31648.0	7828.0	380.692	2046.83
-31648.0	7828.0	379.417	2044.44
-31648.0	7828.0	378.141	2118.48
-31648.0	7828.0	376.865	1990.68
-31648.0	7828.0	375.589	1992.21
-31648.0	7828.0	374.312	2017.25
-31648.0	7828.0	373.035	1993.33
-31648.0	7828.0	371.758	1961.59
-31648.0	7828.0	370.481	2037.51
-31648.0	7828.0	369.204	2005.77
-31648.0	7828.0	367.926	2081.64
-31648.0	7828.0	366.648	2032.3
-31648.0	7828.0	365.369	1996.67
-31648.0	7828.0	364.091	2054.9
-31648.0	7828.0	362.812	2056.43
-31648.0	7828.0	361.532	2022.77
-31648.0	7828.0	360.253	2022.34
-31648.0	7828.0	358.973	2070.75
-31648.0	7828.0	357.693	2078.12
-31648.0	7828.0	356.413	2103.07
-31648.0	7828.0	355.132	2079.19
-31648.0	7828.0	353.852	2098.27
-31648.0	7828.0	352.571	2091.97
-31648.0	7828.0	351.289	2027.15
-31648.0	7828.0	350.008	2020.87
-31648.0	7828.0	348.726	2032.14
-31648.0	7828.0	347.444	2020.01
-31648.0	7828.0	346.161	1988.39
-31648.0	7828.0	344.878	2106.86
-31648.0	7828.0	343.595	1991.44
-31648.0	7828.0	342.312	2092.33
-31648.0	7828.0	341.029	2078.25
-31648.0	7828.0	339.745	2081.7
-31648.0	7828.0	338.461	2061.79
-31648.0	7828.0	337.176	2174.25
-31648.0	7828.0	335.892	2142.65
-31648.0	7828.0	334.607	2083.83
-31648.0	7828.0	333.322	2139.8
-31648.0	7828.0	332.036	2184.07
-31648.0	7828.0	330.75	2164.16
-31648.0	7828.0	329.464	2082.06
-31648.0	7828.0	328.178	2161.3
-31648.0	7828.0	326.892	2123.92
-31648.0	7828.0	325.605	2170.1
-31648.0	7828.0	324.318	2144.38
-31648.0	7828.0	323.03	2157.52
-31648.0	7828.0	321.743	2246.38
-31648.0	7828.0	320.455	2261.43
-31648.0	7828.0	319.167	2173.61
-31648.0	7828.0	317.878	2262.4
-31648.0	7828.0	316.59	2199.85
-31648.0	7828.0	315.301	2228.47
-31648.0	7828.0	314.011	2262.9
-31648.0	7828.0	312.722	2270.17
-31648.0	7828.0	311.432	2211.54
-31648.0	7828.0	310.142	2195.57
-31648.0	7828.0	308.851	2278.41
-31648.0	7828.0	307.561	2289.55
-31648.0	7828.0	306.27	2333.6
-31648.0	7828.0	304.979	2271.14
-31648.0	7828.0	303.687	2408.1
-31648.0	7828.0	302.395	2341.79
-31648.0	7828.0	301.103	2321.94
-31648.0	7828.0	299.811	2383.35
-31648.0	7828.0	298.519	2406.05
-31648.0	7828.0	297.226	2353.32
-31648.0	7828.0	295.933	2250.36
-31648.0	7828.0	294.639	2392.91
-31648.0	7828.0	293.345	2340.22
-31648.0	7828.0	292.052	2303.01
-31648.0	7828.0	290.757	2314.11
-31648.0	7828.0	289.463	2303.96
-31648.0	7828.0	288.168	2301.54
-31648.0	7828.0	286.873	2308.77
-31648.0	7828.0	285.578	2287.05
-31648.0	7828.0	284.282	2311.64
-31648.0	7828.0	282.986	2316.94
-31648.0	7828.0	281.69	2214.22
-31648.0	7828.0	280.393	2290.88
-31648.0	7828.0	279.097	2249.9
-31648.0	7828.0	277.8	2222.44
-31648.0	7828.0	276.502	2185.35
-31648.0	7828.0	275.205	2231.12
-31648.0	7828.0	273.907	2197.9
-31648.0	7828.0	272.609	2145.43
-31648.0	7828.0	271.311	2196.96
-31648.0	7828.0	270.012	2233.06
-31648.0	7828.0	268.713	2163.3
-31648.0	7828.0	267.414	2164.76
-31648.0	7828.0	266.114	2175.84
-31648.0	7828.0	264.814	2177.3
-31648.0	7828.0	263.514	2149.91
-31648.0	7828.0	262.214	2124.45
-31648.0	7828.0	260.913	2214.34
-31648.0	7828.0	259.613	2092.8
-31648.0	7828.0	258.311	2101.96
-31648.0	7828.0	257.01	2113.03
-31648.0	7828.0	255.708	2106.82
-31648.0	7828.0	254.406	2117.89
-31648.0	7828.0	253.104	2165.42
-31648.0	7828.0	251.801	2095.87
-31648.0	7828.0	250.499	2099.26
-31648.0	7828.0	249.195	2077.7
-31648.0	7828.0	247.892	2113.7
-31648.0	7828.0	246.588	2107.49
-31648.0	7828.0	245.284	2038.02
-31648.0	7828.0	243.98	2047.17
-31648.0	7828.0	242.676	1991.15
-31648.0	7828.0	241.371	2076.95
-31648.0	7828.0	240.066	2086.08
-31648.0	7828.0	238.76	2033.92
-31648.0	7828.0	237.455	2054.55
-31648.0	7828.0	236.149	2040.71
-31648.0	7828.0	234.843	2055.58
-31648.0	7828.0	233.536	1995.82
-31648.0	7828.0	232.229	2004.96
-31648.0	7828.0	230.922	2023.65
-31648.0	7828.0	229.615	2028.96
-31648.0	7828.0	228.307	2049.55
-31648.0	7828.0	227.0	2081.61
-31648.0	7828.0	225.691	2044.85
-31648.0	7828.0	224.383	1941.23
-31648.0	7828.0	223.074	2022.96
-31648.0	7828.0	221.765	1991.97
-31648.0	7828.0	220.456	2001.09
-31648.0	7828.0	219.146	1996.84
-31648.0	7828.0	217.836	2013.59
-31648.0	7828.0	216.526	1982.62
-31648.0	7828.0	215.216	1955.49
-31648.0	7828.0	213.905	1928.36
-31648.0	7828.0	212.594	1964.18
-31648.0	7828.0	211.283	1937.07
-31648.0	7828.0	209.971	1887.09
-31648.0	7828.0	208.66	1981.97
-31648.0	7828.0	207.348	1989.17
-31648.0	7828.0	206.035	1965.88
-31648.0	7828.0	204.722	1942.6
-31648.0	7828.0	203.409	1961.23
-31648.0	7828.0	202.096	2042.66
-31648.0	7828.0	200.783	2013.67
-31648.0	7828.0	199.469	2036.08
-31648.0	7828.0	198.155	1997.59
-31648.0	7828.0	196.84	1978.14
-31648.0	7828.0	195.526	2021.45
-31648.0	7828.0	194.211	2022.92
-31648.0	7828.0	192.896	1973.06
-31648.0	7828.0	191.58	2238.69
-31648.0	7828.0	190.264	2152.71
-31648.0	7828.0	188.948	2142.75
-31648.0	7828.0	187.632	2049.23
-31648.0	7828.0	186.315	2035.49
-31648.0	7828.0	184.998	2055.94
-31648.0	7828.0	183.681	2089.66
-31648.0	7828.0	182.364	2041.77
-31648.0	7828.0	181.046	2105.83
-31648.0	7828.0	179.728	2075.03
-31648.0	7828.0	178.41	2133.37
-31648.0	7828.0	177.091	2113.95
-31648.0	7828.0	175.772	2075.59
-31648.0	7828.0	174.453	2086.51
-31648.0	7828.0	173.133	2078.48
-31648.0	7828.0	171.814	2114.03
-31648.0	7828.0	170.494	2123.04
-31648.0	7828.0	169.173	2168.02
-31648.0	7828.0	167.853	2103.19
-31648.0	7828.0	166.532	2047.85
-31648.0	7828.0	165.211	2149.59
-31648.0	7828.0	163.889	2130.21
-31648.0	7828.0	162.567	2097.6
-31648.0	7828.0	161.245	2133.07
-31648.0	7828.0	159.923	2159.08
-31648.0	7828.0	158.6	2175.63
-31648.0	7828.0	157.278	2173.27
-31648.0	7828.0	155.954	2136.9
-31648.0	7828.0	154.631	2200.67
-31648.0	7828.0	153.307	2143.54
-31648.0	7828.0	151.983	2214.82
-31648.0	7828.0	150.659	2233.22
-31648.0	7828.0	149.334	2170.46
-31648.0	7828.0	148.009	2120.93
-31648.0	7828.0	146.684	2180.84
-31648.0	7828.0	145.359	2191.69
-31648.0	7828.0	144.033	2202.53
-31648.0	7828.0	142.707	2185.09
-31648.0	7828.0	141.381	2194.04
-31648.0	7828.0	140.054	2182.26
-31648.0	7828.0	138.727	2211.93
-31648.0	7828.0	137.4	2143.64
-31648.0	7828.0	136.072	2130.0
-31648.0	7828.0	134.745	2189.79
-31648.0	7828.0	133.417	2142.26
-31648.0	7828.0	132.088	2202.02
-31648.0	7828.0	130.76	2190.25
-31648.0	7828.0	129.431	2176.61
-31648.0	7828.0	128.102	2206.24
-31648.0	7828.0	126.772	2220.8
-31648.0	7828.0	125.442	2224.08
-31648.0	7828.0	124.112	2092.03
-31648.0	7828.0	122.782	2215.61
-31648.0	7828.0	121.451	2130.58
-31648.0	7828.0	120.12	2195.87
-31648.0	7828.0	118.789	2187.88
-31648.0	7828.0	117.458	2196.8
-31648.0	7828.0	116.126	2126.86
-31648.0	7828.0	114.794	2173.32
-31648.0	7828.0	113.462	2163.47
-31648.0	7828.0	112.129	2213.66
-31648.0	7828.0	110.796	2192.55
-31648.0	7828.0	109.463	2192.07
-31648.0	7828.0	108.129	2161.6
-31648.0	7828.0	106.796	2119.9
-31648.0	7828.0	105.461	2104.45
-31648.0	7828.0	104.127	2085.26
-31648.0	7828.0	102.792	2032.36
-31648.0	7828.0	101.457	1958.89
-31648.0	7828.0	100.122	1943.49
-31648.0	7828.0	98.7867	1903.76
-31648.0	7828.0	97.4509	1914.57
-31648.0	7828.0	96.1148	1897.32
-31648.0	7828.0	94.7784	1906.26
-31648.0	7828.0	93.4418	1797.37
-31648.0	7828.0	92.1048	1823.16
-31648.0	7828.0	90.7676	1802.2
-31648.0	7828.0	89.43	1773.78
-31648.0	7828.0	88.0922	1816.38
-31648.0	7828.0	86.7541	1789.83
-31648.0	7828.0	85.4157	1739.01
