-31648.0	7808.0	1311.89	1892.04
-31648.0	7808.0	1310.78	1978.04
-31648.0	7808.0	1309.68	1886.9
-31648.0	7808.0	1308.58	1879.79
-31648.0	7808.0	1307.48	1908.99
-31648.0	7808.0	1306.38	1920.04
-31648.0	7808.0	1305.28	1996.88
-31648.0	7808.0	1304.18	1933.04
-31648.0	7808.0	1303.07	1930.46
-31648.0	7808.0	1301.97	1966.44
-31648.0	7808.0	1300.87	2018.28
-31648.0	7808.0	1299.77	1986.21
-31648.0	7808.0	1298.66	1915.62
-31648.0	7808.0	1297.56	2021.84
-31648.0	7808.0	1296.46	1996.59
-31648.0	7808.0	1295.35	1948.68
-31648.0	7808.0	1294.25	1923.45
-31648.0	7808.0	1293.15	2059.05
-31648.0	7808.0	1292.04	2020.22
-31648.0	7808.0	1290.94	1972.34
-31648.0	7808.0	1289.83	1974.29
-31648.0	7808.0	1288.73	1949.07
-31648.0	7808.0	1287.63	1944.23
-31648.0	7808.0	1286.52	1923.55
-31648.0	7808.0	1285.42	1891.56
-31648.0	7808.0	1284.31	1943.29
-31648.0	7808.0	1283.21	1954.28
-31648.0	7808.0	1282.1	1931.35
-31648.0	7808.0	1280.99	1946.87
-31648.0	7808.0	1279.89	1912.64
-31648.0	7808.0	1278.78	1894.25
-31648.0	7808.0	1277.68	1984.35
-31648.0	7808.0	1276.57	1972.73
-31648.0	7808.0	1275.46	1934.0
-31648.0	7808.0	1274.36	1969.83
-31648.0	7808.0	1273.25	1964.99
-31648.0	7808.0	1272.14	1960.16
-31648.0	7808.0	1271.04	1953.07
-31648.0	7808.0	1269.93	2034.02
-31648.0	7808.0	1268.82	1934.38
-31648.0	7808.0	1267.71	1918.27
-31648.0	7808.0	1266.61	1981.14
-31648.0	7808.0	1265.5	1922.16
-31648.0	7808.0	1264.39	1921.84
-31648.0	7808.0	1263.28	1966.64
-31648.0	7808.0	1262.17	1889.65
-31648.0	7808.0	1261.06	1979.53
-31648.0	7808.0	1259.95	1877.76
-31648.0	7808.0	1258.84	1791.81
-31648.0	7808.0	1257.74	1841.1
-31648.0	7808.0	1256.63	1912.9
-31648.0	7808.0	1255.52	1867.53
-31648.0	7808.0	1254.41	1910.02
-31648.0	7808.0	1253.3	1934.48
-31648.0	7808.0	1252.19	1936.42
-31648.0	7808.0	1251.08	1897.83
-31648.0	7808.0	1249.96	1911.03
-31648.0	7808.0	1248.85	1863.45
-31648.0	7808.0	1247.74	1849.65
-31648.0	7808.0	1246.63	1896.59
-31648.0	7808.0	1245.52	1873.79
-31648.0	7808.0	1244.41	1859.99
-31648.0	7808.0	1243.3	1873.17
-31648.0	7808.0	1242.18	1915.59
-31648.0	7808.0	1241.07	1899.54
-31648.0	7808.0	1239.96	1917.21
-31648.0	7808.0	1238.85	1883.18
-31648.0	7808.0	1237.74	1882.87
-31648.0	7808.0	1236.62	1864.59
-31648.0	7808.0	1235.51	1778.94
-31648.0	7808.0	1234.4	1830.3
-31648.0	7808.0	1233.28	1841.22
-31648.0	7808.0	1232.17	1915.01
-31648.0	7808.0	1231.06	1840.62
-31648.0	7808.0	1229.94	1891.93
-31648.0	7808.0	1228.83	1864.69
-31648.0	7808.0	1227.71	1900.28
-31648.0	7808.0	1226.6	1843.89
-31648.0	7808.0	1225.48	1886.2
-31648.0	7808.0	1224.37	1957.65
-31648.0	7808.0	1223.25	1937.15
-31648.0	7808.0	1222.14	1900.96
-31648.0	7808.0	1221.02	1900.65
-31648.0	7808.0	1219.91	1835.35
-31648.0	7808.0	1218.79	1823.84
-31648.0	7808.0	1217.68	1866.1
-31648.0	7808.0	1216.56	1903.87
-31648.0	7808.0	1215.44	1905.8
-31648.0	7808.0	1214.33	1916.68
-31648.0	7808.0	1213.21	1885.02
-31648.0	7808.0	1212.09	1819.79
-31648.0	7808.0	1210.98	1821.73
-31648.0	7808.0	1209.86	1888.56
-31648.0	7808.0	1208.74	1852.45
-31648.0	7808.0	1207.62	1883.46
-31648.0	7808.0	1206.51	1836.18
-31648.0	7808.0	1205.39	1802.33
-31648.0	7808.0	1204.27	1844.51
-31648.0	7808.0	1203.15	1844.21
-31648.0	7808.0	1202.03	1897.54
-31648.0	7808.0	1200.91	1946.39
-31648.0	7808.0	1199.8	1841.05
-31648.0	7808.0	1198.68	1802.77
-31648.0	7808.0	1197.56	1838.21
-31648.0	7808.0	1196.44	1775.37
-31648.0	7808.0	1195.32	1817.5
-31648.0	7808.0	1194.2	1832.82
-31648.0	7808.0	1193.08	1754.4
-31648.0	7808.0	1191.96	1832.21
-31648.0	7808.0	1190.84	1805.13
-31648.0	7808.0	1189.72	1871.76
-31648.0	7808.0	1188.6	1822.37
-31648.0	7808.0	1187.48	1857.75
-31648.0	7808.0	1186.35	1806.16
-31648.0	7808.0	1185.23	1857.13
-31648.0	7808.0	1184.11	1856.82
-31648.0	7808.0	1182.99	1816.39
-31648.0	7808.0	1181.87	1840.6
-31648.0	7808.0	1180.75	1918.27
-31648.0	7808.0	1179.62	1895.68
-31648.0	7808.0	1178.5	1806.27
-31648.0	7808.0	1177.38	1817.1
-31648.0	7808.0	1176.26	1885.82
-31648.0	7808.0	1175.13	1794.23
-31648.0	7808.0	1174.01	1833.99
-31648.0	7808.0	1172.89	1891.54
-31648.0	7808.0	1171.76	1806.68
-31648.0	7808.0	1170.64	1864.21
-31648.0	7808.0	1169.51	1841.66
-31648.0	7808.0	1168.39	1932.53
-31648.0	7808.0	1167.27	1852.16
-31648.0	7808.0	1166.14	1791.82
-31648.0	7808.0	1165.02	1818.19
-31648.0	7808.0	1163.89	1706.77
-31648.0	7808.0	1162.77	1804.25
-31648.0	7808.0	1161.64	1797.28
-31648.0	7808.0	1160.52	1832.51
-31648.0	7808.0	1159.39	1836.65
-31648.0	7808.0	1158.26	1783.04
-31648.0	7808.0	1157.14	1760.54
-31648.0	7808.0	1156.01	1809.08
-31648.0	7808.0	1154.88	1799.9
-31648.0	7808.0	1153.76	1861.72
-31648.0	7808.0	1152.63	1801.51
-31648.0	7808.0	1151.5	1792.33
-31648.0	7808.0	1150.38	1796.46
-31648.0	7808.0	1149.25	1796.16
-31648.0	7808.0	1148.12	1857.93
-31648.0	7808.0	1146.99	1813.28
-31648.0	7808.0	1145.87	1764.21
-31648.0	7808.0	1144.74	1819.31
-31648.0	7808.0	1143.61	1750.32
-31648.0	7808.0	1142.48	1756.67
-31648.0	7808.0	1141.35	1780.74
-31648.0	7808.0	1140.22	1855.73
-31648.0	7808.0	1139.09	1742.49
-31648.0	7808.0	1137.97	1815.25
-31648.0	7808.0	1136.84	1790.59
-31648.0	7808.0	1135.71	1821.27
-31648.0	7808.0	1134.58	1739.09
-31648.0	7808.0	1133.45	1732.16
-31648.0	7808.0	1132.32	1756.19
-31648.0	7808.0	1131.19	1824.45
-31648.0	7808.0	1130.05	1782.13
-31648.0	7808.0	1128.92	1786.25
-31648.0	7808.0	1127.79	1761.63
-31648.0	7808.0	1126.66	1774.59
-31648.0	7808.0	1125.53	1663.81
-31648.0	7808.0	1124.4	1822.58
-31648.0	7808.0	1123.27	1793.56
-31648.0	7808.0	1122.13	1793.25
-31648.0	7808.0	1121.0	1795.15
-31648.0	7808.0	1119.87	1677.84
-31648.0	7808.0	1118.74	1798.95
-31648.0	7808.0	1117.6	1776.57
-31648.0	7808.0	1116.47	1734.34
-31648.0	7808.0	1115.34	1747.28
-31648.0	7808.0	1114.2	1758.01
-31648.0	7808.0	1113.07	1726.84
-31648.0	7808.0	1111.94	1790.49
-31648.0	7808.0	1110.8	1832.07
-31648.0	7808.0	1109.67	1739.17
-31648.0	7808.0	1108.54	1760.91
-31648.0	7808.0	1107.4	1736.37
-31648.0	7808.0	1106.27	1694.21
-31648.0	7808.0	1105.13	1744.58
-31648.0	7808.0	1104.0	1693.63
-31648.0	7808.0	1102.86	1746.19
-31648.0	7808.0	1101.72	1752.49
-31648.0	7808.0	1100.59	1776.4
-31648.0	7808.0	1099.45	1824.51
-31648.0	7808.0	1098.32	1833.0
-31648.0	7808.0	1097.18	1724.88
-31648.0	7808.0	1096.04	1764.18
-31648.0	7808.0	1094.91	1832.05
-31648.0	7808.0	1093.77	1840.53
-31648.0	7808.0	1092.63	1778.65
-31648.0	7808.0	1091.5	1699.21
-31648.0	7808.0	1090.36	1773.64
-31648.0	7808.0	1089.22	1760.15
-31648.0	7808.0	1088.08	1731.28
-31648.0	7808.0	1086.95	1733.18
-31648.0	7808.0	1085.81	1708.72
-31648.0	7808.0	1084.67	1739.17
-31648.0	7808.0	1083.53	1719.1
-31648.0	7808.0	1082.39	1696.85
-31648.0	7808.0	1081.25	1788.74
-31648.0	7808.0	1080.11	1766.49
-31648.0	7808.0	1078.97	1763.98
-31648.0	7808.0	1077.83	1728.58
-31648.0	7808.0	1076.69	1769.95
-31648.0	7808.0	1075.55	1719.21
-31648.0	7808.0	1074.41	1721.1
-31648.0	7808.0	1073.27	1701.07
-31648.0	7808.0	1072.13	1696.39
-31648.0	7808.0	1070.99	1753.07
-31648.0	7808.0	1069.85	1761.53
-31648.0	7808.0	1068.71	1721.79
-31648.0	7808.0	1067.57	1780.63
-31648.0	7808.0	1066.43	1775.94
-31648.0	7808.0	1065.28	1736.22
-31648.0	7808.0	1064.14	1797.21
-31648.0	7808.0	1063.0	1665.57
-31648.0	7808.0	1061.86	1739.68
-31648.0	7808.0	1060.71	1732.81
-31648.0	7808.0	1059.57	1767.51
-31648.0	7808.0	1058.43	1775.95
-31648.0	7808.0	1057.29	1784.39
-31648.0	7808.0	1056.14	1740.35
-31648.0	7808.0	1055.0	1676.65
-31648.0	7808.0	1053.85	1693.84
-31648.0	7808.0	1052.71	1693.54
-31648.0	7808.0	1051.57	1688.87
-31648.0	7808.0	1050.42	1714.79
-31648.0	7808.0	1049.28	1795.3
-31648.0	7808.0	1048.13	1729.47
-31648.0	7808.0	1046.99	1733.54
-31648.0	7808.0	1045.84	1724.5
-31648.0	7808.0	1044.7	1791.86
-31648.0	7808.0	1043.55	1756.63
-31648.0	7808.0	1042.4	1799.95
-31648.0	7808.0	1041.26	1736.38
-31648.0	7808.0	1040.11	1753.52
-31648.0	7808.0	1038.97	1844.79
-31648.0	7808.0	1037.82	1713.65
-31648.0	7808.0	1036.67	1737.33
-31648.0	7808.0	1035.53	1789.33
-31648.0	7808.0	1034.38	1749.79
-31648.0	7808.0	1033.23	1675.41
-31648.0	7808.0	1032.08	1770.96
-31648.0	7808.0	1030.94	1768.47
-31648.0	7808.0	1029.79	1763.8
-31648.0	7808.0	1028.64	1770.02
-31648.0	7808.0	1027.49	1769.7
-31648.0	7808.0	1026.34	1860.8
-31648.0	7808.0	1025.19	1834.36
-31648.0	7808.0	1024.04	1762.24
-31648.0	7808.0	1022.89	1825.0
-31648.0	7808.0	1021.74	1842.08
-31648.0	7808.0	1020.59	1878.72
-31648.0	7808.0	1019.45	1791.42
-31648.0	7808.0	1018.29	1895.44
-31648.0	7808.0	1017.14	1912.49
-31648.0	7808.0	1015.99	1870.86
-31648.0	7808.0	1014.84	1833.6
-31648.0	7808.0	1013.69	1861.51
-31648.0	7808.0	1012.54	1850.32
-31648.0	7808.0	1011.39	1882.56
-31648.0	7808.0	1010.24	1914.79
-31648.0	7808.0	1009.09	1868.87
-31648.0	7808.0	1007.93	1922.79
-31648.0	7808.0	1006.78	1996.22
-31648.0	7808.0	1005.63	1974.17
-31648.0	7808.0	1004.48	1934.77
-31648.0	7808.0	1003.32	2019.01
-31648.0	7808.0	1002.17	2022.98
-31648.0	7808.0	1001.02	2037.79
-31648.0	7808.0	999.865	2043.93
-31648.0	7808.0	998.711	2108.58
-31648.0	7808.0	997.558	2088.7
-31648.0	7808.0	996.403	2101.33
-31648.0	7808.0	995.249	2087.95
-31648.0	7808.0	994.095	2172.04
-31648.0	7808.0	992.94	2132.67
-31648.0	7808.0	991.785	2182.08
-31648.0	7808.0	990.63	2199.0
-31648.0	7808.0	989.475	2272.19
-31648.0	7808.0	988.319	2217.69
-31648.0	7808.0	987.164	2217.29
-31648.0	7808.0	986.008	2294.75
-31648.0	7808.0	984.852	2270.55
-31648.0	7808.0	983.695	2330.68
-31648.0	7808.0	982.539	2319.45
-31648.0	7808.0	981.382	2344.97
-31648.0	7808.0	980.225	2327.26
-31648.0	7808.0	979.068	2376.53
-31648.0	7808.0	977.911	2341.55
-31648.0	7808.0	976.753	2332.48
-31648.0	7808.0	975.595	2403.32
-31648.0	7808.0	974.437	2394.25
-31648.0	7808.0	973.279	2469.37
-31648.0	7808.0	972.121	2391.23
-31648.0	7808.0	970.962	2339.01
-31648.0	7808.0	969.803	2390.37
-31648.0	7808.0	968.644	2411.5
-31648.0	7808.0	967.485	2380.87
-31648.0	7808.0	966.326	2367.51
-31648.0	7808.0	965.166	2328.27
-31648.0	7808.0	964.006	2388.2
-31648.0	7808.0	962.846	2385.62
-31648.0	7808.0	961.686	2344.25
-31648.0	7808.0	960.525	2425.68
-31648.0	7808.0	959.365	2382.16
-31648.0	7808.0	958.204	2375.27
-31648.0	7808.0	957.043	2383.45
-31648.0	7808.0	955.881	2428.23
-31648.0	7808.0	954.72	2414.87
-31648.0	7808.0	953.558	2377.85
-31648.0	7808.0	952.396	2368.81
-31648.0	7808.0	951.234	2372.68
-31648.0	7808.0	950.071	2376.55
-31648.0	7808.0	948.909	2352.47
-31648.0	7808.0	947.746	2360.64
-31648.0	7808.0	946.583	2332.26
-31648.0	7808.0	945.42	2329.69
-31648.0	7808.0	944.256	2305.63
-31648.0	7808.0	943.092	2367.51
-31648.0	7808.0	941.929	2319.82
-31648.0	7808.0	940.765	2379.53
-31648.0	7808.0	939.6	2288.92
-31648.0	7808.0	938.436	2258.44
-31648.0	7808.0	937.271	2223.69
-31648.0	7808.0	936.106	2218.99
-31648.0	7808.0	934.941	2252.91
-31648.0	7808.0	933.775	2228.9
-31648.0	7808.0	932.61	2153.43
-31648.0	7808.0	931.444	2125.15
-31648.0	7808.0	930.278	2045.43
-31648.0	7808.0	929.112	1961.46
-31648.0	7808.0	927.945	1973.96
-31648.0	7808.0	926.779	1943.59
-31648.0	7808.0	925.612	1973.23
-31648.0	7808.0	924.445	1921.46
-31648.0	7808.0	923.278	1961.8
-31648.0	7808.0	922.11	1837.24
-31648.0	7808.0	920.942	1804.79
-31648.0	7808.0	919.774	1945.73
-31648.0	7808.0	918.606	1866.19
-31648.0	7808.0	917.438	1844.45
-31648.0	7808.0	916.269	1846.25
-31648.0	7808.0	915.1	1792.44
-31648.0	7808.0	913.931	1747.2
-31648.0	7808.0	912.762	1789.64
-31648.0	7808.0	911.593	1802.13
-31648.0	7808.0	910.423	1748.37
-31648.0	7808.0	909.253	1705.31
-31648.0	7808.0	908.083	1717.81
-31648.0	7808.0	906.913	1762.35
-31648.0	7808.0	905.742	1779.11
-31648.0	7808.0	904.572	1680.56
-31648.0	7808.0	903.401	1708.0
-31648.0	7808.0	902.229	1784.53
-31648.0	7808.0	901.058	1720.17
-31648.0	7808.0	899.886	1700.65
-31648.0	7808.0	898.715	1676.87
-31648.0	7808.0	897.543	1744.81
-31648.0	7808.0	896.37	1708.24
-31648.0	7808.0	895.198	1748.43
-31648.0	7808.0	894.025	1711.87
-31648.0	7808.0	892.852	1654.0
-31648.0	7808.0	891.679	1736.8
-31648.0	7808.0	890.506	1661.91
-31648.0	7808.0	889.332	1693.55
-31648.0	7808.0	888.158	1729.45
-31648.0	7808.0	886.984	1705.7
-31648.0	7808.0	885.81	1752.22
-31648.0	7808.0	884.636	1700.81
-31648.0	7808.0	883.461	1698.36
-31648.0	7808.0	882.286	1666.13
-31648.0	7808.0	881.111	1636.03
-31648.0	7808.0	879.936	1599.57
-31648.0	7808.0	878.76	1658.82
-31648.0	7808.0	877.584	1703.16
-31648.0	7808.0	876.408	1724.1
-31648.0	7808.0	875.232	1719.53
-31648.0	7808.0	874.056	1640.58
-31648.0	7808.0	872.879	1640.27
-31648.0	7808.0	871.702	1669.71
-31648.0	7808.0	870.525	1633.29
-31648.0	7808.0	869.348	1732.79
-31648.0	7808.0	868.17	1641.17
-31648.0	7808.0	866.993	1725.77
-31648.0	7808.0	865.815	1672.39
-31648.0	7808.0	864.637	1610.54
-31648.0	7808.0	863.458	1661.16
-31648.0	7808.0	862.28	1616.3
-31648.0	7808.0	861.101	1605.39
-31648.0	7808.0	859.922	1660.22
-31648.0	7808.0	858.742	1602.67
-31648.0	7808.0	857.563	1636.28
-31648.0	7808.0	856.383	1720.74
-31648.0	7808.0	855.203	1627.19
-31648.0	7808.0	854.023	1614.18
-31648.0	7808.0	852.843	1652.0
-31648.0	7808.0	851.662	1672.86
-31648.0	7808.0	850.481	1623.85
-31648.0	7808.0	849.3	1617.2
-31648.0	7808.0	848.119	1659.22
-31648.0	7808.0	846.937	1677.95
-31648.0	7808.0	845.756	1582.44
-31648.0	7808.0	844.574	1681.55
-31648.0	7808.0	843.392	1666.43
-31648.0	7808.0	842.209	1670.34
-31648.0	7808.0	841.027	1625.64
-31648.0	7808.0	839.844	1631.67
-31648.0	7808.0	838.661	1622.91
-31648.0	7808.0	837.477	1647.95
-31648.0	7808.0	836.294	1643.42
-31648.0	7808.0	835.11	1630.44
-31648.0	7808.0	833.926	1687.14
-31648.0	7808.0	832.742	1674.15
-31648.0	7808.0	831.558	1688.61
-31648.0	7808.0	830.373	1698.84
-31648.0	7808.0	829.188	1599.35
-31648.0	7808.0	828.003	1561.08
-31648.0	7808.0	826.818	1632.49
-31648.0	7808.0	825.632	1547.83
-31648.0	7808.0	824.446	1621.33
-31648.0	7808.0	823.26	1604.16
-31648.0	7808.0	822.074	1637.58
-31648.0	7808.0	820.888	1620.41
-31648.0	7808.0	819.701	1668.56
-31648.0	7808.0	818.514	1653.5
-31648.0	7808.0	817.327	1638.44
-31648.0	7808.0	816.14	1610.76
-31648.0	7808.0	814.952	1635.71
-31648.0	7808.0	813.765	1654.34
-31648.0	7808.0	812.577	1630.88
-31648.0	7808.0	811.388	1569.55
-31648.0	7808.0	810.2	1602.91
-31648.0	7808.0	809.011	1669.91
-31648.0	7808.0	807.822	1606.51
-31648.0	7808.0	806.633	1610.4
-31648.0	7808.0	805.444	1601.69
-31648.0	7808.0	804.254	1647.62
-31648.0	7808.0	803.064	1559.05
-31648.0	7808.0	801.874	1581.86
-31648.0	7808.0	800.684	1625.67
-31648.0	7808.0	799.493	1650.56
-31648.0	7808.0	798.303	1664.94
-31648.0	7808.0	797.112	1633.13
-31648.0	7808.0	795.921	1647.51
-31648.0	7808.0	794.729	1594.74
-31648.0	7808.0	793.538	1577.65
-31648.0	7808.0	792.346	1535.4
-31648.0	7808.0	791.154	1612.7
-31648.0	7808.0	789.961	1631.26
-31648.0	7808.0	788.769	1656.1
-31648.0	7808.0	787.576	1567.75
-31648.0	7808.0	786.383	1582.12
-31648.0	7808.0	785.19	1581.82
-31648.0	7808.0	783.996	1548.0
-31648.0	7808.0	782.802	1585.4
-31648.0	7808.0	781.608	1578.81
-31648.0	7808.0	780.414	1580.6
-31648.0	7808.0	779.22	1624.25
-31648.0	7808.0	778.025	1546.51
-31648.0	7808.0	776.83	1565.04
-31648.0	7808.0	775.635	1560.56
-31648.0	7808.0	774.44	1608.36
-31648.0	7808.0	773.244	1593.41
-31648.0	7808.0	772.049	1634.92
-31648.0	7808.0	770.853	1607.43
-31648.0	7808.0	769.656	1588.31
-31648.0	7808.0	768.46	1636.06
-31648.0	7808.0	767.263	1570.99
-31648.0	7808.0	766.066	1585.3
-31648.0	7808.0	764.869	1616.32
-31648.0	7808.0	763.672	1515.79
-31648.0	7808.0	762.474	1511.32
-31648.0	7808.0	761.276	1652.95
-31648.0	7808.0	760.078	1508.65
-31648.0	7808.0	758.88	1666.91
-31648.0	7808.0	757.681	1587.33
-31648.0	7808.0	756.483	1632.9
-31648.0	7808.0	755.284	1630.5
-31648.0	7808.0	754.084	1613.51
-31648.0	7808.0	752.885	1609.03
-31648.0	7808.0	751.685	1585.79
-31648.0	7808.0	750.485	1585.48
-31648.0	7808.0	749.285	1562.26
-31648.0	7808.0	748.085	1601.53
-31648.0	7808.0	746.884	1613.71
-31648.0	7808.0	745.683	1555.11
-31648.0	7808.0	744.482	1592.27
-31648.0	7808.0	743.281	1589.88
-31648.0	7808.0	742.079	1620.78
-31648.0	7808.0	740.877	1622.54
-31648.0	7808.0	739.675	1557.75
-31648.0	7808.0	738.473	1542.89
-31648.0	7808.0	737.27	1534.28
-31648.0	7808.0	736.068	1563.08
-31648.0	7808.0	734.865	1593.95
-31648.0	7808.0	733.661	1550.0
-31648.0	7808.0	732.458	1609.94
-31648.0	7808.0	731.254	1555.63
-31648.0	7808.0	730.05	1544.94
-31648.0	7808.0	728.846	1627.69
-31648.0	7808.0	727.642	1616.99
-31648.0	7808.0	726.437	1539.89
-31648.0	7808.0	725.232	1614.28
-31648.0	7808.0	724.027	1630.56
-31648.0	7808.0	722.822	1675.87
-31648.0	7808.0	721.616	1590.52
-31648.0	7808.0	720.41	1664.85
-31648.0	7808.0	719.204	1556.74
-31648.0	7808.0	717.998	1593.74
-31648.0	7808.0	716.791	1554.05
-31648.0	7808.0	715.585	1599.33
-31648.0	7808.0	714.378	1828.92
-31648.0	7808.0	713.17	1644.26
-31648.0	7808.0	711.963	1561.12
-31648.0	7808.0	710.755	1591.86
-31648.0	7808.0	709.547	1577.06
-31648.0	7808.0	708.339	1591.24
-31648.0	7808.0	707.131	1655.06
-31648.0	7808.0	705.922	1565.79
-31648.0	7808.0	704.713	1563.41
-31648.0	7808.0	703.504	1635.47
-31648.0	7808.0	702.295	1562.8
-31648.0	7808.0	701.085	1589.36
-31648.0	7808.0	699.875	1599.38
-31648.0	7808.0	698.665	1597.0
-31648.0	7808.0	697.455	1528.52
-31648.0	7808.0	696.244	1586.04
-31648.0	7808.0	695.034	1618.77
-31648.0	7808.0	693.822	1639.09
-31648.0	7808.0	692.611	1667.66
-31648.0	7808.0	691.4	1617.81
-31648.0	7808.0	690.188	1586.54
-31648.0	7808.0	688.976	1561.48
-31648.0	7808.0	687.764	1569.42
-31648.0	7808.0	686.551	1589.72
-31648.0	7808.0	685.339	1694.55
-31648.0	7808.0	684.126	1683.91
-31648.0	7808.0	682.912	1615.57
-31648.0	7808.0	681.699	1714.14
-31648.0	7808.0	680.485	1623.17
-31648.0	7808.0	679.271	1612.55
-31648.0	7808.0	678.057	1636.94
-31648.0	7808.0	676.843	1620.15
-31648.0	7808.0	675.628	1607.48
-31648.0	7808.0	674.413	1683.3
-31648.0	7808.0	673.198	1703.54
-31648.0	7808.0	671.983	1655.89
-31648.0	7808.0	670.767	1637.05
-31648.0	7808.0	669.551	1649.06
-31648.0	7808.0	668.335	1675.46
-31648.0	7808.0	667.119	1625.8
-31648.0	7808.0	665.902	1629.59
-31648.0	7808.0	664.686	1676.52
-31648.0	7808.0	663.469	1707.0
-31648.0	7808.0	662.251	1647.1
-31648.0	7808.0	661.034	1630.34
-31648.0	7808.0	659.816	1664.92
-31648.0	7808.0	658.598	1674.85
-31648.0	7808.0	657.38	1660.15
-31648.0	7808.0	656.161	1612.63
-31648.0	7808.0	654.942	1665.64
-31648.0	7808.0	653.723	1673.51
-31648.0	7808.0	652.504	1609.62
-31648.0	7808.0	651.285	1638.0
-31648.0	7808.0	650.065	1600.78
-31648.0	7808.0	648.845	1645.54
-31648.0	7808.0	647.625	1610.38
-31648.0	7808.0	646.404	1644.88
-31648.0	7808.0	645.184	1658.89
-31648.0	7808.0	643.963	1660.61
-31648.0	7808.0	642.742	1572.24
-31648.0	7808.0	641.52	1629.24
-31648.0	7808.0	640.298	1639.15
-31648.0	7808.0	639.076	1640.86
-31648.0	7808.0	637.854	1677.36
-31648.0	7808.0	636.632	1691.34
-31648.0	7808.0	635.409	1703.27
-31648.0	7808.0	634.186	1711.1
-31648.0	7808.0	632.963	1690.32
-31648.0	7808.0	631.74	1638.89
-31648.0	7808.0	630.516	1667.17
-31648.0	7808.0	629.292	1677.05
-31648.0	7808.0	628.068	1625.65
-31648.0	7808.0	626.844	1664.12
-31648.0	7808.0	625.619	1649.5
-31648.0	7808.0	624.394	1683.86
-31648.0	7808.0	623.169	1748.83
-31648.0	7808.0	621.944	1697.47
-31648.0	7808.0	620.718	1695.09
-31648.0	7808.0	619.492	1698.83
-31648.0	7808.0	618.266	1698.48
-31648.0	7808.0	617.04	1714.45
-31648.0	7808.0	615.813	1650.92
-31648.0	7808.0	614.587	1695.42
-31648.0	7808.0	613.36	1731.75
-31648.0	7808.0	612.132	1696.77
-31648.0	7808.0	610.905	1690.32
-31648.0	7808.0	609.677	1645.19
-31648.0	7808.0	608.449	1716.11
-31648.0	7808.0	607.22	1752.4
-31648.0	7808.0	605.992	1642.16
-31648.0	7808.0	604.763	1652.0
-31648.0	7808.0	603.534	1651.66
-31648.0	7808.0	602.305	1716.41
-31648.0	7808.0	601.075	1720.13
-31648.0	7808.0	599.845	1618.14
-31648.0	7808.0	598.615	1656.43
-31648.0	7808.0	597.385	1643.9
-31648.0	7808.0	596.154	1692.33
-31648.0	7808.0	594.924	1679.8
-31648.0	7808.0	593.693	1683.52
-31648.0	7808.0	592.461	1608.05
-31648.0	7808.0	591.23	1626.0
-31648.0	7808.0	589.998	1666.26
-31648.0	7808.0	588.766	1657.81
-31648.0	7808.0	587.534	1610.81
-31648.0	7808.0	586.301	1630.77
-31648.0	7808.0	585.068	1644.63
-31648.0	7808.0	583.835	1656.46
-31648.0	7808.0	582.602	1639.91
-31648.0	7808.0	581.368	1623.36
-31648.0	7808.0	580.134	1625.06
-31648.0	7808.0	578.9	1604.47
-31648.0	7808.0	577.666	1687.19
-31648.0	7808.0	576.432	1694.95
-31648.0	7808.0	575.197	1619.69
-31648.0	7808.0	573.962	1692.23
-31648.0	7808.0	572.726	1710.1
-31648.0	7808.0	571.491	1661.19
-31648.0	7808.0	570.255	1664.9
-31648.0	7808.0	569.019	1680.74
-31648.0	7808.0	567.783	1629.85
-31648.0	7808.0	566.546	1726.56
-31648.0	7808.0	565.309	1625.14
-31648.0	7808.0	564.072	1630.87
-31648.0	7808.0	562.835	1677.01
-31648.0	7808.0	561.597	1753.43
-31648.0	7808.0	560.359	1753.07
-31648.0	7808.0	559.121	1748.68
-31648.0	7808.0	557.883	1699.87
-31648.0	7808.0	556.644	1687.41
-31648.0	7808.0	555.406	1695.14
-31648.0	7808.0	554.167	1698.83
-31648.0	7808.0	552.927	1769.08
-31648.0	7808.0	551.688	1805.02
-31648.0	7808.0	550.448	1830.87
-31648.0	7808.0	549.208	1915.16
-31648.0	7808.0	547.967	1822.06
-31648.0	7808.0	546.727	1765.26
-31648.0	7808.0	545.486	1873.69
-31648.0	7808.0	544.245	1780.65
-31648.0	7808.0	543.003	1854.8
-31648.0	7808.0	541.762	1945.03
-31648.0	7808.0	540.52	1916.45
-31648.0	7808.0	539.278	1934.17
-31648.0	7808.0	538.035	2018.29
-31648.0	7808.0	536.793	2174.8
-31648.0	7808.0	535.55	2284.98
-31648.0	7808.0	534.307	2284.51
-31648.0	7808.0	533.063	2497.17
-31648.0	7808.0	531.82	2677.57
-31648.0	7808.0	530.576	2857.9
-31648.0	7808.0	529.331	3285.31
-31648.0	7808.0	528.087	3873.25
-31648.0	7808.0	526.842	4726.09
-31648.0	7808.0	525.597	6038.43
-31648.0	7808.0	524.352	7908.37
-31648.0	7808.0	523.107	10391.8
-31648.0	7808.0	521.861	13207.3
-31648.0	7808.0	520.615	14727.5
-31648.0	7808.0	519.369	13079.5
-31648.0	7808.0	518.122	11007.0
-31648.0	7808.0	516.876	9318.32
-31648.0	7808.0	515.629	7947.11
-31648.0	7808.0	514.381	6760.87
-31648.0	7808.0	513.134	5875.71
-31648.0	7808.0	511.886	5255.4
-31648.0	7808.0	510.638	4633.33
-31648.0	7808.0	509.39	4329.96
-31648.0	7808.0	508.141	4040.73
-31648.0	7808.0	506.892	3779.64
-31648.0	7808.0	505.643	3668.78
-31648.0	7808.0	504.394	3597.98
-31648.0	7808.0	503.145	3413.18
-31648.0	7808.0	501.895	3288.46
-31648.0	7808.0	500.645	3327.77
-31648.0	7808.0	499.394	3157.13
-31648.0	7808.0	498.144	3188.47
-31648.0	7808.0	496.893	3207.79
-31648.0	7808.0	495.642	3071.25
-31648.0	7808.0	494.39	2938.76
-31648.0	7808.0	493.139	2806.33
-31648.0	7808.0	491.887	2721.87
-31648.0	7808.0	490.635	2709.33
-31648.0	7808.0	489.382	2575.03
-31648.0	7808.0	488.13	2534.58
-31648.0	7808.0	486.877	2464.22
-31648.0	7808.0	485.623	2443.76
-31648.0	7808.0	484.37	2401.37
-31648.0	7808.0	483.116	2452.72
-31648.0	7808.0	481.862	2388.41
-31648.0	7808.0	480.608	2332.1
-31648.0	7808.0	479.354	2297.74
-31648.0	7808.0	478.099	2327.15
-31648.0	7808.0	476.844	2374.48
-31648.0	7808.0	475.588	2282.37
-31648.0	7808.0	474.333	2259.99
-31648.0	7808.0	473.077	2283.41
-31648.0	7808.0	471.821	2197.35
-31648.0	7808.0	470.565	2254.61
-31648.0	7808.0	469.308	2166.6
-31648.0	7808.0	468.051	2225.82
-31648.0	7808.0	466.794	2179.62
-31648.0	7808.0	465.537	2123.49
-31648.0	7808.0	464.279	2154.86
-31648.0	7808.0	463.021	2110.68
-31648.0	7808.0	461.763	2130.12
-31648.0	7808.0	460.505	2143.58
-31648.0	7808.0	459.246	2125.26
-31648.0	7808.0	457.987	2005.66
-31648.0	7808.0	456.728	2112.46
-31648.0	7808.0	455.469	2026.66
-31648.0	7808.0	454.209	1974.64
-31648.0	7808.0	452.949	2033.76
-31648.0	7808.0	451.689	1985.72
-31648.0	7808.0	450.428	2038.86
-31648.0	7808.0	449.167	2022.57
-31648.0	7808.0	447.906	2051.88
-31648.0	7808.0	446.645	1980.1
-31648.0	7808.0	445.383	2049.05
-31648.0	7808.0	444.122	2117.96
-31648.0	7808.0	442.86	1994.71
-31648.0	7808.0	441.597	2024.0
-31648.0	7808.0	440.335	1962.19
-31648.0	7808.0	439.072	2078.58
-31648.0	7808.0	437.809	2036.58
-31648.0	7808.0	436.545	2089.58
-31648.0	7808.0	435.281	2057.49
-31648.0	7808.0	434.018	1985.86
-31648.0	7808.0	432.753	2026.97
-31648.0	7808.0	431.489	1961.3
-31648.0	7808.0	430.224	1994.49
-31648.0	7808.0	428.959	1988.15
-31648.0	7808.0	427.694	1999.59
-31648.0	7808.0	426.428	1945.83
-31648.0	7808.0	425.163	2040.23
-31648.0	7808.0	423.896	1946.99
-31648.0	7808.0	422.63	1968.3
-31648.0	7808.0	421.364	2070.52
-31648.0	7808.0	420.097	2012.86
-31648.0	7808.0	418.83	2079.52
-31648.0	7808.0	417.562	2051.47
-31648.0	7808.0	416.295	2031.32
-31648.0	7808.0	415.027	1989.48
-31648.0	7808.0	413.758	2067.92
-31648.0	7808.0	412.49	2075.37
-31648.0	7808.0	411.221	2013.85
-31648.0	7808.0	409.952	2003.58
-31648.0	7808.0	408.683	1991.34
-31648.0	7808.0	407.414	1983.04
-31648.0	7808.0	406.144	1992.47
-31648.0	7808.0	404.874	1984.18
-31648.0	7808.0	403.603	1920.78
-31648.0	7808.0	402.333	1993.18
-31648.0	7808.0	401.062	1978.99
-31648.0	7808.0	399.791	1992.34
-31648.0	7808.0	398.519	2015.52
-31648.0	7808.0	397.248	2009.2
-31648.0	7808.0	395.976	1961.6
-31648.0	7808.0	394.704	1963.15
-31648.0	7808.0	393.431	1917.55
-31648.0	7808.0	392.159	1901.43
-31648.0	7808.0	390.886	2022.79
-31648.0	7808.0	389.612	1983.1
-31648.0	7808.0	388.339	2002.31
-31648.0	7808.0	387.065	1954.79
-31648.0	7808.0	385.791	2050.52
-31648.0	7808.0	384.517	1926.5
-31648.0	7808.0	383.242	1981.01
-31648.0	7808.0	381.967	1941.37
-31648.0	7808.0	380.692	2009.58
-31648.0	7808.0	379.417	2054.24
-31648.0	7808.0	378.141	2042.05
-31648.0	7808.0	376.865	1982.84
-31648.0	7808.0	375.589	1964.79
-31648.0	7808.0	374.312	1989.84
-31648.0	7808.0	373.035	2038.37
-31648.0	7808.0	371.758	1932.22
-31648.0	7808.0	370.481	2031.63
-31648.0	7808.0	369.204	1966.63
-31648.0	7808.0	367.926	2144.25
-31648.0	7808.0	366.648	2059.69
-31648.0	7808.0	365.369	2010.36
-31648.0	7808.0	364.091	2074.46
-31648.0	7808.0	362.812	2025.15
-31648.0	7808.0	361.532	2022.77
-31648.0	7808.0	360.253	1996.94
-31648.0	7808.0	358.973	2035.58
-31648.0	7808.0	357.693	1982.42
-31648.0	7808.0	356.413	2026.91
-31648.0	7808.0	355.132	2055.77
-31648.0	7808.0	353.852	2057.28
-31648.0	7808.0	352.571	2023.67
-31648.0	7808.0	351.289	2038.85
-31648.0	7808.0	350.008	2036.47
-31648.0	7808.0	348.726	2008.74
-31648.0	7808.0	347.444	2029.76
-31648.0	7808.0	346.161	2052.72
-31648.0	7808.0	344.878	2025.0
-31648.0	7808.0	343.595	2047.95
-31648.0	7808.0	342.312	2113.76
-31648.0	7808.0	341.029	2058.77
-31648.0	7808.0	339.745	2103.12
-31648.0	7808.0	338.461	2110.46
-31648.0	7808.0	337.176	2119.75
-31648.0	7808.0	335.892	2154.33
-31648.0	7808.0	334.607	2054.64
-31648.0	7808.0	333.322	2172.87
-31648.0	7808.0	332.036	2088.78
-31648.0	7808.0	330.75	2117.5
-31648.0	7808.0	329.464	2099.55
-31648.0	7808.0	328.178	2153.53
-31648.0	7808.0	326.892	2065.63
-31648.0	7808.0	325.605	2078.79
-31648.0	7808.0	324.318	2004.53
-31648.0	7808.0	323.03	2107.03
-31648.0	7808.0	321.743	2258.02
-31648.0	7808.0	320.455	2236.19
-31648.0	7808.0	319.167	2132.86
-31648.0	7808.0	317.878	2144.05
-31648.0	7808.0	316.59	2151.35
-31648.0	7808.0	315.301	2119.86
-31648.0	7808.0	314.011	2293.92
-31648.0	7808.0	312.722	2173.24
-31648.0	7808.0	311.432	2170.84
-31648.0	7808.0	310.142	2218.82
-31648.0	7808.0	308.851	2315.22
-31648.0	7808.0	307.561	2219.81
-31648.0	7808.0	306.27	2275.5
-31648.0	7808.0	304.979	2226.61
-31648.0	7808.0	303.687	2386.81
-31648.0	7808.0	302.395	2328.24
-31648.0	7808.0	301.103	2403.2
-31648.0	7808.0	299.811	2367.87
-31648.0	7808.0	298.519	2317.08
-31648.0	7808.0	297.226	2351.39
-31648.0	7808.0	295.933	2234.89
-31648.0	7808.0	294.639	2247.94
-31648.0	7808.0	293.345	2297.71
-31648.0	7808.0	292.052	2264.37
-31648.0	7808.0	290.757	2211.74
-31648.0	7808.0	289.463	2273.06
-31648.0	7808.0	288.168	2235.89
-31648.0	7808.0	286.873	2287.54
-31648.0	7808.0	285.578	2267.75
-31648.0	7808.0	284.282	2253.76
-31648.0	7808.0	282.986	2233.98
-31648.0	7808.0	281.69	2250.86
-31648.0	7808.0	280.393	2200.25
-31648.0	7808.0	279.097	2220.98
-31648.0	7808.0	277.8	2158.83
-31648.0	7808.0	276.502	2146.8
-31648.0	7808.0	275.205	2181.03
-31648.0	7808.0	273.907	2199.82
-31648.0	7808.0	272.609	2156.98
-31648.0	7808.0	271.311	2127.64
-31648.0	7808.0	270.012	2231.14
-31648.0	7808.0	268.713	2117.11
-31648.0	7808.0	267.414	2141.67
-31648.0	7808.0	266.114	2106.58
-31648.0	7808.0	264.814	2106.13
-31648.0	7808.0	263.514	2065.3
-31648.0	7808.0	262.214	2030.25
-31648.0	7808.0	260.913	2091.32
-31648.0	7808.0	259.613	2079.34
-31648.0	7808.0	258.311	2111.56
-31648.0	7808.0	257.01	2091.9
-31648.0	7808.0	255.708	2091.45
-31648.0	7808.0	254.406	2019.96
-31648.0	7808.0	253.104	2054.08
-31648.0	7808.0	251.801	2078.59
-31648.0	7808.0	250.499	2087.74
-31648.0	7808.0	249.195	2066.19
-31648.0	7808.0	247.892	2059.99
-31648.0	7808.0	246.588	2040.38
-31648.0	7808.0	245.284	2016.93
-31648.0	7808.0	243.98	2049.09
-31648.0	7808.0	242.676	2039.06
-31648.0	7808.0	241.371	2002.22
-31648.0	7808.0	240.066	2047.77
-31648.0	7808.0	238.76	2053.07
-31648.0	7808.0	237.455	2096.67
-31648.0	7808.0	236.149	2056.02
-31648.0	7808.0	234.843	1948.4
-31648.0	7808.0	233.536	2024.52
-31648.0	7808.0	232.229	1978.17
-31648.0	7808.0	230.922	2046.61
-31648.0	7808.0	229.615	2006.01
-31648.0	7808.0	228.307	2009.4
-31648.0	7808.0	227.0	2064.4
-31648.0	7808.0	225.691	2012.36
-31648.0	7808.0	224.383	1885.82
-31648.0	7808.0	223.074	1969.47
-31648.0	7808.0	221.765	1957.59
-31648.0	7808.0	220.456	1981.99
-31648.0	7808.0	219.146	2008.29
-31648.0	7808.0	217.836	1969.69
-31648.0	7808.0	216.526	1963.54
-31648.0	7808.0	215.216	1955.49
-31648.0	7808.0	213.905	1945.53
-31648.0	7808.0	212.594	1927.95
-31648.0	7808.0	211.283	1954.23
-31648.0	7808.0	209.971	1963.34
-31648.0	7808.0	208.66	1926.71
-31648.0	7808.0	207.348	1985.36
-31648.0	7808.0	206.035	1992.55
-31648.0	7808.0	204.722	1944.51
-31648.0	7808.0	203.409	2003.12
-31648.0	7808.0	202.096	1934.15
-31648.0	7808.0	200.783	1901.38
-31648.0	7808.0	199.469	1920.0
-31648.0	7808.0	198.155	2016.61
-31648.0	7808.0	196.84	2044.71
-31648.0	7808.0	195.526	2000.53
-31648.0	7808.0	194.211	1956.37
-31648.0	7808.0	192.896	1948.35
-31648.0	7808.0	191.58	2198.78
-31648.0	7808.0	190.264	2086.21
-31648.0	7808.0	188.948	2049.67
-31648.0	7808.0	187.632	1999.85
-31648.0	7808.0	186.315	1978.53
-31648.0	7808.0	184.998	2025.56
-31648.0	7808.0	183.681	2011.84
-31648.0	7808.0	182.364	2017.1
-31648.0	7808.0	181.046	2056.51
-31648.0	7808.0	179.728	2073.14
-31648.0	7808.0	178.41	2063.21
-31648.0	7808.0	177.091	2041.91
-31648.0	7808.0	175.772	2088.86
-31648.0	7808.0	174.453	2037.24
-31648.0	7808.0	173.133	2059.53
-31648.0	7808.0	171.814	2040.15
-31648.0	7808.0	170.494	2070.01
-31648.0	7808.0	169.173	2105.54
-31648.0	7808.0	167.853	2035.04
-31648.0	7808.0	166.532	2083.81
-31648.0	7808.0	165.211	2083.36
-31648.0	7808.0	163.889	2086.7
-31648.0	7808.0	162.567	2095.71
-31648.0	7808.0	161.245	2089.58
-31648.0	7808.0	159.923	2142.07
-31648.0	7808.0	158.6	2143.5
-31648.0	7808.0	157.278	2118.47
-31648.0	7808.0	155.954	2163.35
-31648.0	7808.0	154.631	2244.11
-31648.0	7808.0	153.307	2166.2
-31648.0	7808.0	151.983	2152.51
-31648.0	7808.0	150.659	2199.24
-31648.0	7808.0	149.334	2215.76
-31648.0	7808.0	148.009	2122.82
-31648.0	7808.0	146.684	2229.89
-31648.0	7808.0	145.359	2123.79
-31648.0	7808.0	144.033	2183.67
-31648.0	7808.0	142.707	2139.84
-31648.0	7808.0	141.381	2111.1
-31648.0	7808.0	140.054	2129.49
-31648.0	7808.0	138.727	2130.92
-31648.0	7808.0	137.4	2136.11
-31648.0	7808.0	136.072	2118.7
-31648.0	7808.0	134.745	2110.71
-31648.0	7808.0	133.417	2144.14
-31648.0	7808.0	132.088	2202.02
-31648.0	7808.0	130.76	2167.67
-31648.0	7808.0	129.431	2206.71
-31648.0	7808.0	128.102	2159.21
-31648.0	7808.0	126.772	2138.06
-31648.0	7808.0	125.442	2207.16
-31648.0	7808.0	124.112	2129.62
-31648.0	7808.0	122.782	2194.94
-31648.0	7808.0	121.451	2143.73
-31648.0	7808.0	120.12	2156.42
-31648.0	7808.0	118.789	2092.1
-31648.0	7808.0	117.458	2116.06
-31648.0	7808.0	116.126	2121.23
-31648.0	7808.0	114.794	2036.32
-31648.0	7808.0	113.462	2122.19
-31648.0	7808.0	112.129	2187.39
-31648.0	7808.0	110.796	2100.64
-31648.0	7808.0	109.463	2162.07
-31648.0	7808.0	108.129	2086.61
-31648.0	7808.0	106.796	2093.66
-31648.0	7808.0	105.461	2066.97
-31648.0	7808.0	104.127	2040.3
-31648.0	7808.0	102.792	1993.03
-31648.0	7808.0	101.457	1957.01
-31648.0	7808.0	100.122	1894.81
-31648.0	7808.0	98.7867	1958.04
-31648.0	7808.0	97.4509	1942.65
-31648.0	7808.0	96.1148	1863.64
-31648.0	7808.0	94.7784	1885.69
-31648.0	7808.0	93.4418	1860.96
-31648.0	7808.0	92.1048	1845.6
-31648.0	7808.0	90.7676	1826.51
-31648.0	7808.0	89.43	1801.82
-31648.0	7808.0	88.0922	1734.15
-31648.0	7808.0	86.7541	1716.96
-31648.0	7808.0	85.4157	1690.44
