-31648.0	7816.0	1311.89	1912.49
-31648.0	7816.0	1310.78	1973.5
-31648.0	7816.0	1309.68	1934.58
-31648.0	7816.0	1308.58	1904.76
-31648.0	7816.0	1307.48	1913.53
-31648.0	7816.0	1306.38	1956.35
-31648.0	7816.0	1305.28	1965.11
-31648.0	7816.0	1304.18	1939.84
-31648.0	7816.0	1303.07	1925.92
-31648.0	7816.0	1301.97	1957.36
-31648.0	7816.0	1300.87	1975.19
-31648.0	7816.0	1299.77	1870.58
-31648.0	7816.0	1298.66	1940.55
-31648.0	7816.0	1297.56	2021.84
-31648.0	7816.0	1296.46	2001.12
-31648.0	7816.0	1295.35	1964.55
-31648.0	7816.0	1294.25	1968.76
-31648.0	7816.0	1293.15	1954.85
-31648.0	7816.0	1292.04	1986.25
-31648.0	7816.0	1290.94	1951.96
-31648.0	7816.0	1289.83	1929.0
-31648.0	7816.0	1288.73	1858.52
-31648.0	7816.0	1287.63	1855.96
-31648.0	7816.0	1286.52	1962.02
-31648.0	7816.0	1285.42	1902.87
-31648.0	7816.0	1284.31	1898.04
-31648.0	7816.0	1283.21	1895.47
-31648.0	7816.0	1282.1	1972.06
-31648.0	7816.0	1280.99	1980.79
-31648.0	7816.0	1279.89	1948.82
-31648.0	7816.0	1278.78	1910.07
-31648.0	7816.0	1277.68	1943.67
-31648.0	7816.0	1276.57	1911.72
-31648.0	7816.0	1275.46	1945.3
-31648.0	7816.0	1274.36	1978.87
-31648.0	7816.0	1273.25	1926.6
-31648.0	7816.0	1272.14	1926.29
-31648.0	7816.0	1271.04	1910.17
-31648.0	7816.0	1269.93	1977.58
-31648.0	7816.0	1268.82	1880.21
-31648.0	7816.0	1267.71	1922.78
-31648.0	7816.0	1266.61	1929.24
-31648.0	7816.0	1265.5	1840.94
-31648.0	7816.0	1264.39	1863.2
-31648.0	7816.0	1263.28	1867.4
-31648.0	7816.0	1262.17	1941.51
-31648.0	7816.0	1261.06	1961.49
-31648.0	7816.0	1259.95	1909.32
-31648.0	7816.0	1258.84	1866.19
-31648.0	7816.0	1257.74	1784.76
-31648.0	7816.0	1256.63	1915.15
-31648.0	7816.0	1255.52	2000.44
-31648.0	7816.0	1254.41	1887.5
-31648.0	7816.0	1253.3	1889.44
-31648.0	7816.0	1252.19	1949.93
-31648.0	7816.0	1251.08	1956.36
-31648.0	7816.0	1249.96	1935.79
-31648.0	7816.0	1248.85	1939.97
-31648.0	7816.0	1247.74	1953.16
-31648.0	7816.0	1246.63	1910.09
-31648.0	7816.0	1245.52	1918.78
-31648.0	7816.0	1244.41	1880.23
-31648.0	7816.0	1243.3	1837.2
-31648.0	7816.0	1242.18	1913.34
-31648.0	7816.0	1241.07	1895.04
-31648.0	7816.0	1239.96	1881.24
-31648.0	7816.0	1238.85	1930.38
-31648.0	7816.0	1237.74	1898.6
-31648.0	7816.0	1236.62	1837.64
-31648.0	7816.0	1235.51	1893.49
-31648.0	7816.0	1234.4	1893.18
-31648.0	7816.0	1233.28	1836.73
-31648.0	7816.0	1232.17	1881.33
-31648.0	7816.0	1231.06	1887.75
-31648.0	7816.0	1229.94	1815.63
-31648.0	7816.0	1228.83	1869.18
-31648.0	7816.0	1227.71	1911.5
-31648.0	7816.0	1226.6	1877.54
-31648.0	7816.0	1225.48	1832.37
-31648.0	7816.0	1224.37	1850.01
-31648.0	7816.0	1223.25	1878.85
-31648.0	7816.0	1222.14	1779.91
-31648.0	7816.0	1221.02	1844.61
-31648.0	7816.0	1219.91	1882.41
-31648.0	7816.0	1218.79	1866.41
-31648.0	7816.0	1217.68	1836.98
-31648.0	7816.0	1216.56	1827.72
-31648.0	7816.0	1215.44	1885.64
-31648.0	7816.0	1214.33	1833.83
-31648.0	7816.0	1213.21	1916.36
-31648.0	7816.0	1212.09	1835.46
-31648.0	7816.0	1210.98	1808.3
-31648.0	7816.0	1209.86	1890.8
-31648.0	7816.0	1208.74	1834.55
-31648.0	7816.0	1207.62	1932.67
-31648.0	7816.0	1206.51	1863.02
-31648.0	7816.0	1205.39	1824.69
-31648.0	7816.0	1204.27	1828.86
-31648.0	7816.0	1203.15	1781.62
-31648.0	7816.0	1202.03	1879.66
-31648.0	7816.0	1200.91	1955.33
-31648.0	7816.0	1199.8	1852.22
-31648.0	7816.0	1198.68	1851.92
-31648.0	7816.0	1197.56	1789.07
-31648.0	7816.0	1196.44	1878.1
-31648.0	7816.0	1195.32	1902.35
-31648.0	7816.0	1194.2	1803.8
-31648.0	7816.0	1193.08	1834.75
-31648.0	7816.0	1191.96	1858.99
-31648.0	7816.0	1190.84	1887.69
-31648.0	7816.0	1189.72	1811.52
-31648.0	7816.0	1188.6	1804.53
-31648.0	7816.0	1187.48	1855.52
-31648.0	7816.0	1186.35	1881.97
-31648.0	7816.0	1185.23	1808.08
-31648.0	7816.0	1184.11	1796.64
-31648.0	7816.0	1182.99	1713.87
-31648.0	7816.0	1181.87	1849.52
-31648.0	7816.0	1180.75	1813.56
-31648.0	7816.0	1179.62	1864.49
-31648.0	7816.0	1178.5	1790.68
-31648.0	7816.0	1177.38	1828.23
-31648.0	7816.0	1176.26	1912.53
-31648.0	7816.0	1175.13	1843.2
-31648.0	7816.0	1174.01	1822.86
-31648.0	7816.0	1172.89	1800.3
-31648.0	7816.0	1171.76	1875.65
-31648.0	7816.0	1170.64	1808.6
-31648.0	7816.0	1169.51	1821.64
-31648.0	7816.0	1168.39	1876.93
-31648.0	7816.0	1167.27	1763.22
-31648.0	7816.0	1166.14	1729.57
-31648.0	7816.0	1165.02	1809.3
-31648.0	7816.0	1163.89	1782.33
-31648.0	7816.0	1162.77	1830.91
-31648.0	7816.0	1161.64	1766.17
-31648.0	7816.0	1160.52	1825.85
-31648.0	7816.0	1159.39	1741.15
-31648.0	7816.0	1158.26	1774.16
-31648.0	7816.0	1157.14	1809.39
-31648.0	7816.0	1156.01	1849.03
-31648.0	7816.0	1154.88	1813.21
-31648.0	7816.0	1153.76	1828.44
-31648.0	7816.0	1152.63	1823.69
-31648.0	7816.0	1151.5	1792.33
-31648.0	7816.0	1150.38	1763.19
-31648.0	7816.0	1149.25	1678.63
-31648.0	7816.0	1148.12	1780.33
-31648.0	7816.0	1146.99	1819.93
-31648.0	7816.0	1145.87	1748.7
-31648.0	7816.0	1144.74	1759.48
-31648.0	7816.0	1143.61	1785.77
-31648.0	7816.0	1142.48	1730.09
-31648.0	7816.0	1141.35	1787.38
-31648.0	7816.0	1140.22	1824.72
-31648.0	7816.0	1139.09	1793.42
-31648.0	7816.0	1137.97	1788.68
-31648.0	7816.0	1136.84	1750.75
-31648.0	7816.0	1135.71	1772.58
-31648.0	7816.0	1134.58	1809.9
-31648.0	7816.0	1133.45	1758.71
-31648.0	7816.0	1132.32	1842.46
-31648.0	7816.0	1131.19	1806.76
-31648.0	7816.0	1130.05	1819.72
-31648.0	7816.0	1128.92	1799.51
-31648.0	7816.0	1127.79	1779.31
-31648.0	7816.0	1126.66	1743.65
-31648.0	7816.0	1125.53	1791.96
-31648.0	7816.0	1124.4	1840.26
-31648.0	7816.0	1123.27	1793.56
-31648.0	7816.0	1122.13	1797.67
-31648.0	7816.0	1121.0	1788.53
-31648.0	7816.0	1119.87	1774.97
-31648.0	7816.0	1118.74	1790.12
-31648.0	7816.0	1117.6	1785.4
-31648.0	7816.0	1116.47	1758.62
-31648.0	7816.0	1115.34	1778.17
-31648.0	7816.0	1114.2	1817.57
-31648.0	7816.0	1113.07	1766.53
-31648.0	7816.0	1111.94	1759.61
-31648.0	7816.0	1110.8	1719.63
-31648.0	7816.0	1109.67	1723.74
-31648.0	7816.0	1108.54	1694.8
-31648.0	7816.0	1107.4	1791.46
-31648.0	7816.0	1106.27	1764.71
-31648.0	7816.0	1105.13	1795.25
-31648.0	7816.0	1104.0	1805.95
-31648.0	7816.0	1102.86	1693.34
-31648.0	7816.0	1101.72	1693.05
-31648.0	7816.0	1100.59	1743.38
-31648.0	7816.0	1099.45	1806.91
-31648.0	7816.0	1098.32	1784.59
-31648.0	7816.0	1097.18	1812.88
-31648.0	7816.0	1096.04	1788.37
-31648.0	7816.0	1094.91	1779.27
-31648.0	7816.0	1093.77	1831.73
-31648.0	7816.0	1092.63	1785.25
-31648.0	7816.0	1091.5	1826.7
-31648.0	7816.0	1090.36	1753.86
-31648.0	7816.0	1089.22	1735.98
-31648.0	7816.0	1088.08	1781.81
-31648.0	7816.0	1086.95	1763.93
-31648.0	7816.0	1085.81	1710.92
-31648.0	7816.0	1084.67	1791.87
-31648.0	7816.0	1083.53	1747.65
-31648.0	7816.0	1082.39	1699.05
-31648.0	7816.0	1081.25	1700.95
-31648.0	7816.0	1080.11	1755.51
-31648.0	7816.0	1078.97	1755.21
-31648.0	7816.0	1077.83	1768.07
-31648.0	7816.0	1076.69	1820.4
-31648.0	7816.0	1075.55	1666.58
-31648.0	7816.0	1074.41	1734.26
-31648.0	7816.0	1073.27	1784.37
-31648.0	7816.0	1072.13	1692.01
-31648.0	7816.0	1070.99	1715.82
-31648.0	7816.0	1069.85	1739.62
-31648.0	7816.0	1068.71	1667.03
-31648.0	7816.0	1067.57	1754.34
-31648.0	7816.0	1066.43	1734.33
-31648.0	7816.0	1065.28	1773.44
-31648.0	7816.0	1064.14	1679.0
-31648.0	7816.0	1063.0	1637.12
-31648.0	7816.0	1061.86	1689.35
-31648.0	7816.0	1060.71	1726.25
-31648.0	7816.0	1059.57	1787.2
-31648.0	7816.0	1058.43	1699.4
-31648.0	7816.0	1057.29	1786.57
-31648.0	7816.0	1056.14	1764.4
-31648.0	7816.0	1055.0	1681.02
-31648.0	7816.0	1053.85	1715.69
-31648.0	7816.0	1052.71	1704.47
-31648.0	7816.0	1051.57	1743.5
-31648.0	7816.0	1050.42	1736.64
-31648.0	7816.0	1049.28	1701.39
-31648.0	7816.0	1048.13	1753.5
-31648.0	7816.0	1046.99	1702.97
-31648.0	7816.0	1045.84	1744.15
-31648.0	7816.0	1044.7	1693.64
-31648.0	7816.0	1043.55	1763.17
-31648.0	7816.0	1042.4	1736.68
-31648.0	7816.0	1041.26	1723.29
-31648.0	7816.0	1040.11	1746.97
-31648.0	7816.0	1038.97	1713.96
-31648.0	7816.0	1037.82	1755.08
-31648.0	7816.0	1036.67	1754.77
-31648.0	7816.0	1035.53	1769.72
-31648.0	7816.0	1034.38	1741.08
-31648.0	7816.0	1033.23	1801.77
-31648.0	7816.0	1032.08	1814.52
-31648.0	7816.0	1030.94	1792.42
-31648.0	7816.0	1029.79	1770.33
-31648.0	7816.0	1028.64	1811.38
-31648.0	7816.0	1027.49	1771.88
-31648.0	7816.0	1026.34	1788.98
-31648.0	7816.0	1025.19	1821.3
-31648.0	7816.0	1024.04	1838.38
-31648.0	7816.0	1022.89	1866.33
-31648.0	7816.0	1021.74	1829.03
-31648.0	7816.0	1020.59	1746.08
-31648.0	7816.0	1019.45	1893.6
-31648.0	7816.0	1018.29	1773.71
-31648.0	7816.0	1017.14	1810.35
-31648.0	7816.0	1015.99	1905.63
-31648.0	7816.0	1014.84	1864.01
-31648.0	7816.0	1013.69	1933.19
-31648.0	7816.0	1012.54	1865.52
-31648.0	7816.0	1011.39	1958.56
-31648.0	7816.0	1010.24	1908.28
-31648.0	7816.0	1009.09	1927.47
-31648.0	7816.0	1007.93	1918.45
-31648.0	7816.0	1006.78	1961.5
-31648.0	7816.0	1005.63	1878.71
-31648.0	7816.0	1004.48	1913.08
-31648.0	7816.0	1003.32	1897.56
-31648.0	7816.0	1002.17	1951.43
-31648.0	7816.0	1001.02	2024.79
-31648.0	7816.0	999.865	2059.1
-31648.0	7816.0	998.711	2015.39
-31648.0	7816.0	997.558	2080.04
-31648.0	7816.0	996.403	2112.16
-31648.0	7816.0	995.249	2035.97
-31648.0	7816.0	994.095	2202.35
-31648.0	7816.0	992.94	2104.53
-31648.0	7816.0	991.785	2164.76
-31648.0	7816.0	990.63	2196.84
-31648.0	7816.0	989.475	2267.86
-31648.0	7816.0	988.319	2180.91
-31648.0	7816.0	987.164	2277.86
-31648.0	7816.0	986.008	2245.01
-31648.0	7816.0	984.852	2279.2
-31648.0	7816.0	983.695	2252.85
-31648.0	7816.0	982.539	2416.73
-31648.0	7816.0	981.382	2332.0
-31648.0	7816.0	980.225	2353.19
-31648.0	7816.0	979.068	2352.77
-31648.0	7816.0	977.911	2294.02
-31648.0	7816.0	976.753	2343.28
-31648.0	7816.0	975.595	2321.27
-31648.0	7816.0	974.437	2351.07
-31648.0	7816.0	973.279	2426.2
-31648.0	7816.0	972.121	2341.59
-31648.0	7816.0	970.962	2339.01
-31648.0	7816.0	969.803	2407.62
-31648.0	7816.0	968.644	2342.48
-31648.0	7816.0	967.485	2348.53
-31648.0	7816.0	966.326	2311.45
-31648.0	7816.0	965.166	2267.91
-31648.0	7816.0	964.006	2345.1
-31648.0	7816.0	962.846	2420.1
-31648.0	7816.0	961.686	2374.41
-31648.0	7816.0	960.525	2455.84
-31648.0	7816.0	959.365	2414.47
-31648.0	7816.0	958.204	2370.97
-31648.0	7816.0	957.043	2370.53
-31648.0	7816.0	955.881	2342.12
-31648.0	7816.0	954.72	2378.28
-31648.0	7816.0	953.558	2433.8
-31648.0	7816.0	952.396	2325.78
-31648.0	7816.0	951.234	2349.02
-31648.0	7816.0	950.071	2307.73
-31648.0	7816.0	948.909	2380.42
-31648.0	7816.0	947.746	2319.79
-31648.0	7816.0	946.583	2375.26
-31648.0	7816.0	945.42	2321.09
-31648.0	7816.0	944.256	2380.84
-31648.0	7816.0	943.092	2305.21
-31648.0	7816.0	941.929	2259.68
-31648.0	7816.0	940.765	2332.29
-31648.0	7816.0	939.6	2278.18
-31648.0	7816.0	938.436	2286.35
-31648.0	7816.0	937.271	2285.93
-31648.0	7816.0	936.106	2291.95
-31648.0	7816.0	934.941	2167.09
-31648.0	7816.0	933.775	2166.69
-31648.0	7816.0	932.61	2056.91
-31648.0	7816.0	931.444	2120.86
-31648.0	7816.0	930.278	2105.47
-31648.0	7816.0	929.112	2027.91
-31648.0	7816.0	927.945	2012.53
-31648.0	7816.0	926.779	2033.59
-31648.0	7816.0	925.612	1973.23
-31648.0	7816.0	924.445	1955.73
-31648.0	7816.0	923.278	1970.36
-31648.0	7816.0	922.11	1944.31
-31648.0	7816.0	920.942	1839.05
-31648.0	7816.0	919.774	1982.12
-31648.0	7816.0	918.606	1874.75
-31648.0	7816.0	917.438	1891.52
-31648.0	7816.0	916.269	1816.3
-31648.0	7816.0	915.1	1773.19
-31648.0	7816.0	913.931	1860.54
-31648.0	7816.0	912.762	1772.53
-31648.0	7816.0	911.593	1787.17
-31648.0	7816.0	910.423	1776.15
-31648.0	7816.0	909.253	1733.09
-31648.0	7816.0	908.083	1766.95
-31648.0	7816.0	906.913	1760.22
-31648.0	7816.0	905.742	1740.67
-31648.0	7816.0	904.572	1765.97
-31648.0	7816.0	903.401	1787.0
-31648.0	7816.0	902.229	1801.61
-31648.0	7816.0	901.058	1792.74
-31648.0	7816.0	899.886	1696.38
-31648.0	7816.0	898.715	1651.27
-31648.0	7816.0	897.543	1714.95
-31648.0	7816.0	896.37	1740.23
-31648.0	7816.0	895.198	1739.9
-31648.0	7816.0	894.025	1675.63
-31648.0	7816.0	892.852	1703.02
-31648.0	7816.0	891.679	1681.4
-31648.0	7816.0	890.506	1659.78
-31648.0	7816.0	889.332	1689.29
-31648.0	7816.0	888.158	1635.73
-31648.0	7816.0	886.984	1675.89
-31648.0	7816.0	885.81	1650.03
-31648.0	7816.0	884.636	1692.29
-31648.0	7816.0	883.461	1787.75
-31648.0	7816.0	882.286	1651.23
-31648.0	7816.0	881.111	1687.09
-31648.0	7816.0	879.936	1622.97
-31648.0	7816.0	878.76	1618.41
-31648.0	7816.0	877.584	1684.02
-31648.0	7816.0	876.408	1664.58
-31648.0	7816.0	875.232	1687.65
-31648.0	7816.0	874.056	1678.83
-31648.0	7816.0	872.879	1646.65
-31648.0	7816.0	871.702	1612.35
-31648.0	7816.0	870.525	1682.14
-31648.0	7816.0	869.348	1696.69
-31648.0	7816.0	868.17	1641.17
-31648.0	7816.0	866.993	1592.04
-31648.0	7816.0	865.815	1687.25
-31648.0	7816.0	864.637	1644.49
-31648.0	7816.0	863.458	1667.52
-31648.0	7816.0	862.28	1626.91
-31648.0	7816.0	861.101	1639.33
-31648.0	7816.0	859.922	1626.3
-31648.0	7816.0	858.742	1645.07
-31648.0	7816.0	857.563	1602.37
-31648.0	7816.0	856.383	1644.45
-31648.0	7816.0	855.203	1614.48
-31648.0	7816.0	854.023	1635.36
-31648.0	7816.0	852.843	1615.99
-31648.0	7816.0	851.662	1643.22
-31648.0	7816.0	850.481	1549.75
-31648.0	7816.0	849.3	1617.2
-31648.0	7816.0	848.119	1610.54
-31648.0	7816.0	846.937	1644.1
-31648.0	7816.0	845.756	1576.09
-31648.0	7816.0	844.574	1666.74
-31648.0	7816.0	843.392	1626.25
-31648.0	7816.0	842.209	1615.37
-31648.0	7816.0	841.027	1638.32
-31648.0	7816.0	839.844	1646.46
-31648.0	7816.0	838.661	1563.74
-31648.0	7816.0	837.477	1675.42
-31648.0	7816.0	836.294	1679.33
-31648.0	7816.0	835.11	1630.44
-31648.0	7816.0	833.926	1685.03
-31648.0	7816.0	832.742	1682.6
-31648.0	7816.0	831.558	1618.96
-31648.0	7816.0	830.373	1694.62
-31648.0	7816.0	829.188	1692.19
-31648.0	7816.0	828.003	1643.35
-31648.0	7816.0	826.818	1586.09
-31648.0	7816.0	825.632	1613.21
-31648.0	7816.0	824.446	1600.25
-31648.0	7816.0	823.26	1621.03
-31648.0	7816.0	822.074	1696.59
-31648.0	7816.0	820.888	1687.84
-31648.0	7816.0	819.701	1641.17
-31648.0	7816.0	818.514	1653.5
-31648.0	7816.0	817.327	1646.86
-31648.0	7816.0	816.14	1688.66
-31648.0	7816.0	814.952	1677.81
-31648.0	7816.0	813.765	1639.61
-31648.0	7816.0	812.577	1632.98
-31648.0	7816.0	811.388	1590.59
-31648.0	7816.0	810.2	1623.95
-31648.0	7816.0	809.011	1573.16
-31648.0	7816.0	807.822	1692.72
-31648.0	7816.0	806.633	1606.2
-31648.0	7816.0	805.444	1652.14
-31648.0	7816.0	804.254	1561.45
-31648.0	7816.0	803.064	1548.55
-31648.0	7816.0	801.874	1554.55
-31648.0	7816.0	800.684	1571.06
-31648.0	7816.0	799.493	1562.36
-31648.0	7816.0	798.303	1578.86
-31648.0	7816.0	797.112	1614.24
-31648.0	7816.0	795.921	1584.55
-31648.0	7816.0	794.729	1659.79
-31648.0	7816.0	793.538	1665.76
-31648.0	7816.0	792.346	1619.3
-31648.0	7816.0	791.154	1618.99
-31648.0	7816.0	789.961	1631.26
-31648.0	7816.0	788.769	1630.94
-31648.0	7816.0	787.576	1634.82
-31648.0	7816.0	786.383	1533.92
-31648.0	7816.0	785.19	1560.87
-31648.0	7816.0	783.996	1539.62
-31648.0	7816.0	782.802	1551.89
-31648.0	7816.0	781.608	1549.5
-31648.0	7816.0	780.414	1542.92
-31648.0	7816.0	779.22	1509.13
-31648.0	7816.0	778.025	1575.81
-31648.0	7816.0	776.83	1472.98
-31648.0	7816.0	775.635	1573.11
-31648.0	7816.0	774.44	1587.45
-31648.0	7816.0	773.244	1645.69
-31648.0	7816.0	772.049	1628.65
-31648.0	7816.0	770.853	1657.6
-31648.0	7816.0	769.656	1600.85
-31648.0	7816.0	768.46	1525.32
-31648.0	7816.0	767.263	1573.07
-31648.0	7816.0	766.066	1526.82
-31648.0	7816.0	764.869	1605.88
-31648.0	7816.0	763.672	1507.44
-31648.0	7816.0	762.474	1605.26
-31648.0	7816.0	761.276	1579.9
-31648.0	7816.0	760.078	1554.56
-31648.0	7816.0	758.88	1573.03
-31648.0	7816.0	757.681	1610.27
-31648.0	7816.0	756.483	1612.05
-31648.0	7816.0	755.284	1588.8
-31648.0	7816.0	754.084	1621.85
-31648.0	7816.0	752.885	1594.44
-31648.0	7816.0	751.685	1564.95
-31648.0	7816.0	750.485	1597.98
-31648.0	7816.0	749.285	1512.27
-31648.0	7816.0	748.085	1524.47
-31648.0	7816.0	746.884	1582.48
-31648.0	7816.0	745.683	1615.48
-31648.0	7816.0	744.482	1635.98
-31648.0	7816.0	743.281	1506.64
-31648.0	7816.0	742.079	1597.89
-31648.0	7816.0	740.877	1595.5
-31648.0	7816.0	739.675	1547.35
-31648.0	7816.0	738.473	1584.48
-31648.0	7816.0	737.27	1567.54
-31648.0	7816.0	736.068	1571.39
-31648.0	7816.0	734.865	1562.77
-31648.0	7816.0	733.661	1502.21
-31648.0	7816.0	732.458	1562.16
-31648.0	7816.0	731.254	1530.71
-31648.0	7816.0	730.05	1538.71
-31648.0	7816.0	728.846	1569.55
-31648.0	7816.0	727.642	1608.69
-31648.0	7816.0	726.437	1595.92
-31648.0	7816.0	725.232	1595.61
-31648.0	7816.0	724.027	1545.51
-31648.0	7816.0	722.822	1520.32
-31648.0	7816.0	721.616	1551.12
-31648.0	7816.0	720.41	1635.83
-31648.0	7816.0	719.204	1604.41
-31648.0	7816.0	717.998	1589.59
-31648.0	7816.0	716.791	1636.94
-31648.0	7816.0	715.585	1615.9
-31648.0	7816.0	714.378	1721.22
-31648.0	7816.0	713.17	1623.55
-31648.0	7816.0	711.963	1590.1
-31648.0	7816.0	710.755	1589.79
-31648.0	7816.0	709.547	1585.34
-31648.0	7816.0	708.339	1620.21
-31648.0	7816.0	707.131	1640.57
-31648.0	7816.0	705.922	1555.45
-31648.0	7816.0	704.713	1561.35
-31648.0	7816.0	703.504	1542.43
-31648.0	7816.0	702.295	1554.53
-31648.0	7816.0	701.085	1612.09
-31648.0	7816.0	699.875	1605.58
-31648.0	7816.0	698.665	1588.73
-31648.0	7816.0	697.455	1602.88
-31648.0	7816.0	696.244	1645.93
-31648.0	7816.0	695.034	1647.67
-31648.0	7816.0	693.822	1653.54
-31648.0	7816.0	692.611	1657.34
-31648.0	7816.0	691.4	1574.47
-31648.0	7816.0	690.188	1551.47
-31648.0	7816.0	688.976	1555.29
-31648.0	7816.0	687.764	1594.16
-31648.0	7816.0	686.551	1624.78
-31648.0	7816.0	685.339	1653.32
-31648.0	7816.0	684.126	1642.68
-31648.0	7816.0	682.912	1607.33
-31648.0	7816.0	681.699	1607.01
-31648.0	7816.0	680.485	1555.2
-31648.0	7816.0	679.271	1624.91
-31648.0	7816.0	678.057	1674.0
-31648.0	7816.0	676.843	1669.56
-31648.0	7816.0	675.628	1638.35
-31648.0	7816.0	674.413	1625.68
-31648.0	7816.0	673.198	1682.96
-31648.0	7816.0	671.983	1643.55
-31648.0	7816.0	670.767	1634.99
-31648.0	7816.0	669.551	1729.25
-31648.0	7816.0	668.335	1667.24
-31648.0	7816.0	667.119	1677.18
-31648.0	7816.0	665.902	1658.36
-31648.0	7816.0	664.686	1614.88
-31648.0	7816.0	663.469	1667.97
-31648.0	7816.0	662.251	1647.1
-31648.0	7816.0	661.034	1669.36
-31648.0	7816.0	659.816	1650.55
-31648.0	7816.0	658.598	1697.43
-31648.0	7816.0	657.38	1682.72
-31648.0	7816.0	656.161	1614.68
-31648.0	7816.0	654.942	1673.85
-31648.0	7816.0	653.723	1634.55
-31648.0	7816.0	652.504	1679.33
-31648.0	7816.0	651.285	1615.45
-31648.0	7816.0	650.065	1629.47
-31648.0	7816.0	648.845	1602.51
-31648.0	7816.0	647.625	1632.92
-31648.0	7816.0	646.404	1630.54
-31648.0	7816.0	645.184	1662.99
-31648.0	7816.0	643.963	1642.18
-31648.0	7816.0	642.742	1647.99
-31648.0	7816.0	641.52	1682.46
-31648.0	7816.0	640.298	1698.49
-31648.0	7816.0	639.076	1642.91
-31648.0	7816.0	637.854	1724.4
-31648.0	7816.0	636.632	1674.97
-31648.0	7816.0	635.409	1627.61
-31648.0	7816.0	634.186	1629.33
-31648.0	7816.0	632.963	1667.84
-31648.0	7816.0	631.74	1696.11
-31648.0	7816.0	630.516	1671.25
-31648.0	7816.0	629.292	1636.19
-31648.0	7816.0	628.068	1652.2
-31648.0	7816.0	626.844	1625.33
-31648.0	7816.0	625.619	1612.75
-31648.0	7816.0	624.394	1710.4
-31648.0	7816.0	623.169	1699.85
-31648.0	7816.0	621.944	1685.23
-31648.0	7816.0	620.718	1633.89
-31648.0	7816.0	619.492	1639.68
-31648.0	7816.0	618.266	1645.47
-31648.0	7816.0	617.04	1651.25
-31648.0	7816.0	615.813	1718.18
-31648.0	7816.0	614.587	1697.46
-31648.0	7816.0	613.36	1672.67
-31648.0	7816.0	612.132	1639.74
-31648.0	7816.0	610.905	1608.86
-31648.0	7816.0	609.677	1657.4
-31648.0	7816.0	608.449	1701.86
-31648.0	7816.0	607.22	1636.38
-31648.0	7816.0	605.992	1648.26
-31648.0	7816.0	604.763	1658.1
-31648.0	7816.0	603.534	1692.35
-31648.0	7816.0	602.305	1685.9
-31648.0	7816.0	601.075	1624.57
-31648.0	7816.0	599.845	1675.06
-31648.0	7816.0	598.615	1660.49
-31648.0	7816.0	597.385	1666.25
-31648.0	7816.0	596.154	1674.04
-31648.0	7816.0	594.924	1687.92
-31648.0	7816.0	593.693	1711.95
-31648.0	7816.0	592.461	1620.24
-31648.0	7816.0	591.23	1595.55
-31648.0	7816.0	589.998	1574.93
-31648.0	7816.0	588.766	1639.54
-31648.0	7816.0	587.534	1639.21
-31648.0	7816.0	586.301	1626.71
-31648.0	7816.0	585.068	1666.94
-31648.0	7816.0	583.835	1646.32
-31648.0	7816.0	582.602	1666.26
-31648.0	7816.0	581.368	1665.92
-31648.0	7816.0	580.134	1738.53
-31648.0	7816.0	578.9	1612.57
-31648.0	7816.0	577.666	1656.81
-31648.0	7816.0	576.432	1607.87
-31648.0	7816.0	575.197	1629.81
-31648.0	7816.0	573.962	1625.43
-31648.0	7816.0	572.726	1736.41
-31648.0	7816.0	571.491	1667.26
-31648.0	7816.0	570.255	1675.02
-31648.0	7816.0	569.019	1636.25
-31648.0	7816.0	567.783	1633.89
-31648.0	7816.0	566.546	1663.88
-31648.0	7816.0	565.309	1712.06
-31648.0	7816.0	564.072	1697.56
-31648.0	7816.0	562.835	1679.03
-31648.0	7816.0	561.597	1763.53
-31648.0	7816.0	560.359	1738.94
-31648.0	7816.0	559.121	1682.04
-31648.0	7816.0	557.883	1695.83
-31648.0	7816.0	556.644	1681.36
-31648.0	7816.0	555.406	1703.21
-31648.0	7816.0	554.167	1749.27
-31648.0	7816.0	552.927	1809.43
-31648.0	7816.0	551.688	1857.46
-31648.0	7816.0	550.448	1832.88
-31648.0	7816.0	549.208	1846.62
-31648.0	7816.0	547.967	1779.73
-31648.0	7816.0	546.727	1821.68
-31648.0	7816.0	545.486	1835.41
-31648.0	7816.0	544.245	1869.28
-31648.0	7816.0	543.003	1945.43
-31648.0	7816.0	541.762	1934.96
-31648.0	7816.0	540.52	1942.62
-31648.0	7816.0	539.278	1916.05
-31648.0	7816.0	538.035	2020.3
-31648.0	7816.0	536.793	2132.55
-31648.0	7816.0	535.55	2156.25
-31648.0	7816.0	534.307	2258.37
-31648.0	7816.0	533.063	2388.59
-31648.0	7816.0	531.82	2556.96
-31648.0	7816.0	530.576	2759.42
-31648.0	7816.0	529.331	3170.77
-31648.0	7816.0	528.087	3712.54
-31648.0	7816.0	526.842	4555.36
-31648.0	7816.0	525.597	5785.4
-31648.0	7816.0	524.352	7548.99
-31648.0	7816.0	523.107	9954.19
-31648.0	7816.0	521.861	12781.9
-31648.0	7816.0	520.615	13924.9
-31648.0	7816.0	519.369	12604.1
-31648.0	7816.0	518.122	10579.8
-31648.0	7816.0	516.876	8847.09
-31648.0	7816.0	515.629	7552.16
-31648.0	7816.0	514.381	6464.22
-31648.0	7816.0	513.134	5587.14
-31648.0	7816.0	511.886	4976.9
-31648.0	7816.0	510.638	4549.2
-31648.0	7816.0	509.39	4175.75
-31648.0	7816.0	508.141	3868.53
-31648.0	7816.0	506.892	3681.55
-31648.0	7816.0	505.643	3456.62
-31648.0	7816.0	504.394	3363.86
-31648.0	7816.0	503.145	3191.1
-31648.0	7816.0	501.895	3194.44
-31648.0	7816.0	500.645	3165.78
-31648.0	7816.0	499.394	3175.13
-31648.0	7816.0	498.144	3036.54
-31648.0	7816.0	496.893	3137.84
-31648.0	7816.0	495.642	2941.37
-31648.0	7816.0	494.39	2914.79
-31648.0	7816.0	493.139	2768.38
-31648.0	7816.0	491.887	2598.06
-31648.0	7816.0	490.635	2567.57
-31648.0	7816.0	489.382	2539.1
-31648.0	7816.0	488.13	2498.66
-31648.0	7816.0	486.877	2504.12
-31648.0	7816.0	485.623	2425.8
-31648.0	7816.0	484.37	2433.28
-31648.0	7816.0	483.116	2362.98
-31648.0	7816.0	481.862	2242.87
-31648.0	7816.0	480.608	2258.35
-31648.0	7816.0	479.354	2241.94
-31648.0	7816.0	478.099	2291.29
-31648.0	7816.0	476.844	2286.83
-31648.0	7816.0	475.588	2188.77
-31648.0	7816.0	474.333	2277.91
-31648.0	7816.0	473.077	2221.7
-31648.0	7816.0	471.821	2225.22
-31648.0	7816.0	470.565	2178.99
-31648.0	7816.0	469.308	2108.9
-31648.0	7816.0	468.051	2203.94
-31648.0	7816.0	466.794	2173.65
-31648.0	7816.0	465.537	2159.28
-31648.0	7816.0	464.279	2123.05
-31648.0	7816.0	463.021	2031.19
-31648.0	7816.0	461.763	2096.34
-31648.0	7816.0	460.505	2097.89
-31648.0	7816.0	459.246	2143.13
-31648.0	7816.0	457.987	2021.55
-31648.0	7816.0	456.728	2042.97
-31648.0	7816.0	455.469	2004.83
-31648.0	7816.0	454.209	1929.0
-31648.0	7816.0	452.949	1922.64
-31648.0	7816.0	451.689	1946.05
-31648.0	7816.0	450.428	2009.11
-31648.0	7816.0	449.167	1973.0
-31648.0	7816.0	447.906	1976.55
-31648.0	7816.0	446.645	2019.74
-31648.0	7816.0	445.383	2043.1
-31648.0	7816.0	444.122	2030.79
-31648.0	7816.0	442.86	1996.69
-31648.0	7816.0	441.597	1992.31
-31648.0	7816.0	440.335	1993.87
-31648.0	7816.0	439.072	2082.54
-31648.0	7816.0	437.809	2028.67
-31648.0	7816.0	436.545	2036.16
-31648.0	7816.0	435.281	2047.6
-31648.0	7816.0	434.018	2039.26
-31648.0	7816.0	432.753	2023.02
-31648.0	7816.0	431.489	1985.03
-31648.0	7816.0	430.224	2059.73
-31648.0	7816.0	428.959	1960.48
-31648.0	7816.0	427.694	1920.55
-31648.0	7816.0	426.428	1979.41
-31648.0	7816.0	425.163	1973.07
-31648.0	7816.0	423.896	2012.15
-31648.0	7816.0	422.63	1990.02
-31648.0	7816.0	421.364	2013.28
-31648.0	7816.0	420.097	2016.81
-31648.0	7816.0	418.83	2010.47
-31648.0	7816.0	417.562	2000.18
-31648.0	7816.0	416.295	2005.68
-31648.0	7816.0	415.027	1944.13
-31648.0	7816.0	413.758	2008.78
-31648.0	7816.0	412.49	1970.91
-31648.0	7816.0	411.221	1964.59
-31648.0	7816.0	409.952	1966.14
-31648.0	7816.0	408.683	1948.0
-31648.0	7816.0	407.414	1945.63
-31648.0	7816.0	406.144	1899.93
-31648.0	7816.0	404.874	1899.53
-31648.0	7816.0	403.603	1918.81
-31648.0	7816.0	402.333	1914.48
-31648.0	7816.0	401.062	2026.2
-31648.0	7816.0	399.791	2033.64
-31648.0	7816.0	398.519	2041.08
-31648.0	7816.0	397.248	1997.4
-31648.0	7816.0	395.976	1888.88
-31648.0	7816.0	394.704	1868.83
-31648.0	7816.0	393.431	2007.93
-31648.0	7816.0	392.159	1978.04
-31648.0	7816.0	390.886	1989.41
-31648.0	7816.0	389.612	1955.61
-31648.0	7816.0	388.339	1933.6
-31648.0	7816.0	387.065	2001.89
-31648.0	7816.0	385.791	1974.0
-31648.0	7816.0	384.517	2028.51
-31648.0	7816.0	383.242	1926.09
-31648.0	7816.0	381.967	1949.22
-31648.0	7816.0	380.692	1958.61
-31648.0	7816.0	379.417	1920.95
-31648.0	7816.0	378.141	1965.62
-31648.0	7816.0	376.865	1988.72
-31648.0	7816.0	375.589	1906.02
-31648.0	7816.0	374.312	1958.5
-31648.0	7816.0	373.035	2018.79
-31648.0	7816.0	371.758	1994.87
-31648.0	7816.0	370.481	1953.34
-31648.0	7816.0	369.204	1994.02
-31648.0	7816.0	367.926	1976.0
-31648.0	7816.0	366.648	1967.75
-31648.0	7816.0	365.369	1900.85
-31648.0	7816.0	364.091	2025.58
-31648.0	7816.0	362.812	2046.65
-31648.0	7816.0	361.532	1973.91
-31648.0	7816.0	360.253	1928.55
-31648.0	7816.0	358.973	1930.09
-31648.0	7816.0	357.693	1947.26
-31648.0	7816.0	356.413	1991.76
-31648.0	7816.0	355.132	1977.68
-31648.0	7816.0	353.852	2059.24
-31648.0	7816.0	352.571	1945.61
-31648.0	7816.0	351.289	2025.2
-31648.0	7816.0	350.008	1987.7
-31648.0	7816.0	348.726	2041.89
-31648.0	7816.0	347.444	1982.96
-31648.0	7816.0	346.161	1984.49
-31648.0	7816.0	344.878	2056.18
-31648.0	7816.0	343.595	1989.5
-31648.0	7816.0	342.312	2026.09
-31648.0	7816.0	341.029	2087.99
-31648.0	7816.0	339.745	2097.28
-31648.0	7816.0	338.461	2116.3
-31648.0	7816.0	337.176	2084.71
-31648.0	7816.0	335.892	2078.43
-31648.0	7816.0	334.607	2116.9
-31648.0	7816.0	333.322	2056.15
-31648.0	7816.0	332.036	2069.33
-31648.0	7816.0	330.75	2076.67
-31648.0	7816.0	329.464	2091.78
-31648.0	7816.0	328.178	2104.94
-31648.0	7816.0	326.892	2085.06
-31648.0	7816.0	325.605	2133.18
-31648.0	7816.0	324.318	2113.31
-31648.0	7816.0	323.03	2091.5
-31648.0	7816.0	321.743	2112.41
-31648.0	7816.0	320.455	2156.6
-31648.0	7816.0	319.167	2154.21
-31648.0	7816.0	317.878	2144.05
-31648.0	7816.0	316.59	2118.37
-31648.0	7816.0	315.301	2086.89
-31648.0	7816.0	314.011	2121.35
-31648.0	7816.0	312.722	2186.81
-31648.0	7816.0	311.432	2184.41
-31648.0	7816.0	310.142	2143.25
-31648.0	7816.0	308.851	2226.1
-31648.0	7816.0	307.561	2274.05
-31648.0	7816.0	306.27	2161.24
-31648.0	7816.0	304.979	2209.19
-31648.0	7816.0	303.687	2355.83
-31648.0	7816.0	302.395	2268.24
-31648.0	7816.0	301.103	2294.85
-31648.0	7816.0	299.811	2249.86
-31648.0	7816.0	298.519	2301.6
-31648.0	7816.0	297.226	2277.91
-31648.0	7816.0	295.933	2246.49
-31648.0	7816.0	294.639	2228.62
-31648.0	7816.0	293.345	2183.69
-31648.0	7816.0	292.052	2297.22
-31648.0	7816.0	290.757	2155.72
-31648.0	7816.0	289.463	2188.09
-31648.0	7816.0	288.168	2224.31
-31648.0	7816.0	286.873	2191.02
-31648.0	7816.0	285.578	2236.87
-31648.0	7816.0	284.282	2302.0
-31648.0	7816.0	282.986	2266.78
-31648.0	7816.0	281.69	2162.14
-31648.0	7816.0	280.393	2121.18
-31648.0	7816.0	279.097	2118.8
-31648.0	7816.0	277.8	2168.47
-31648.0	7816.0	276.502	2144.88
-31648.0	7816.0	275.205	2127.08
-31648.0	7816.0	273.907	2118.92
-31648.0	7816.0	272.609	2095.35
-31648.0	7816.0	271.311	2133.42
-31648.0	7816.0	270.012	2154.13
-31648.0	7816.0	268.713	2103.63
-31648.0	7816.0	267.414	2110.88
-31648.0	7816.0	266.114	2060.41
-31648.0	7816.0	264.814	2048.43
-31648.0	7816.0	263.514	2053.76
-31648.0	7816.0	262.214	2032.17
-31648.0	7816.0	260.913	2124.0
-31648.0	7816.0	259.613	2063.97
-31648.0	7816.0	258.311	2061.61
-31648.0	7816.0	257.01	2045.8
-31648.0	7816.0	255.708	2026.15
-31648.0	7816.0	254.406	2046.84
-31648.0	7816.0	253.104	2002.25
-31648.0	7816.0	251.801	2055.56
-31648.0	7816.0	250.499	1982.2
-31648.0	7816.0	249.195	2022.07
-31648.0	7816.0	247.892	1996.7
-31648.0	7816.0	246.588	2036.54
-31648.0	7816.0	245.284	2055.28
-31648.0	7816.0	243.98	1903.41
-31648.0	7816.0	242.676	1960.49
-31648.0	7816.0	241.371	1998.39
-31648.0	7816.0	240.066	2032.44
-31648.0	7816.0	238.76	2033.92
-31648.0	7816.0	237.455	2043.06
-31648.0	7816.0	236.149	2021.56
-31648.0	7816.0	234.843	2001.99
-31648.0	7816.0	233.536	1921.19
-31648.0	7816.0	232.229	2027.91
-31648.0	7816.0	230.922	1994.96
-31648.0	7816.0	229.615	1919.95
-31648.0	7816.0	228.307	2013.23
-31648.0	7816.0	227.0	1989.86
-31648.0	7816.0	225.691	2000.89
-31648.0	7816.0	224.383	1897.29
-31648.0	7816.0	223.074	1891.15
-31648.0	7816.0	221.765	1928.94
-31648.0	7816.0	220.456	1939.98
-31648.0	7816.0	219.146	1977.75
-31648.0	7816.0	217.836	1933.42
-31648.0	7816.0	216.526	1954.0
-31648.0	7816.0	215.216	1886.81
-31648.0	7816.0	213.905	1932.18
-31648.0	7816.0	212.594	1903.16
-31648.0	7816.0	211.283	2001.89
-31648.0	7816.0	209.971	1961.43
-31648.0	7816.0	208.66	2002.93
-31648.0	7816.0	207.348	1937.72
-31648.0	7816.0	206.035	1920.16
-31648.0	7816.0	204.722	1921.65
-31648.0	7816.0	203.409	1898.39
-31648.0	7816.0	202.096	1949.38
-31648.0	7816.0	200.783	1922.32
-31648.0	7816.0	199.469	1959.96
-31648.0	7816.0	198.155	1950.03
-31648.0	7816.0	196.84	1959.12
-31648.0	7816.0	195.526	1892.14
-31648.0	7816.0	194.211	1880.32
-31648.0	7816.0	192.896	1957.85
-31648.0	7816.0	191.58	2149.37
-31648.0	7816.0	190.264	2061.51
-31648.0	7816.0	188.948	1954.69
-31648.0	7816.0	187.632	1984.66
-31648.0	7816.0	186.315	2031.7
-31648.0	7816.0	184.998	1998.99
-31648.0	7816.0	183.681	2057.39
-31648.0	7816.0	182.364	2000.02
-31648.0	7816.0	181.046	1997.7
-31648.0	7816.0	179.728	2031.41
-31648.0	7816.0	178.41	2012.01
-31648.0	7816.0	177.091	2053.28
-31648.0	7816.0	175.772	1969.44
-31648.0	7816.0	174.453	2006.92
-31648.0	7816.0	173.133	1959.12
-31648.0	7816.0	171.814	2023.1
-31648.0	7816.0	170.494	2047.28
-31648.0	7816.0	169.173	2041.16
-31648.0	7816.0	167.853	2078.58
-31648.0	7816.0	166.532	2076.24
-31648.0	7816.0	165.211	2075.8
-31648.0	7816.0	163.889	2084.81
-31648.0	7816.0	162.567	2059.77
-31648.0	7816.0	161.245	2085.8
-31648.0	7816.0	159.923	2051.32
-31648.0	7816.0	158.6	2122.7
-31648.0	7816.0	157.278	2090.12
-31648.0	7816.0	155.954	2006.54
-31648.0	7816.0	154.631	2144.0
-31648.0	7816.0	153.307	2088.77
-31648.0	7816.0	151.983	2143.07
-31648.0	7816.0	150.659	2131.28
-31648.0	7816.0	149.334	2206.32
-31648.0	7816.0	148.009	2090.74
-31648.0	7816.0	146.684	2150.66
-31648.0	7816.0	145.359	2153.97
-31648.0	7816.0	144.033	2142.19
-31648.0	7816.0	142.707	2117.22
-31648.0	7816.0	141.381	2137.49
-31648.0	7816.0	140.054	2044.69
-31648.0	7816.0	138.727	2102.66
-31648.0	7816.0	137.4	2073.95
-31648.0	7816.0	136.072	2067.85
-31648.0	7816.0	134.745	2152.13
-31648.0	7816.0	133.417	2162.96
-31648.0	7816.0	132.088	2153.09
-31648.0	7816.0	130.76	2135.69
-31648.0	7816.0	129.431	2218.0
-31648.0	7816.0	128.102	2117.84
-31648.0	7816.0	126.772	2164.39
-31648.0	7816.0	125.442	2147.0
-31648.0	7816.0	124.112	2108.95
-31648.0	7816.0	122.782	2136.68
-31648.0	7816.0	121.451	2083.61
-31648.0	7816.0	120.12	2098.19
-31648.0	7816.0	118.789	2110.88
-31648.0	7816.0	117.458	2112.3
-31648.0	7816.0	116.126	2104.34
-31648.0	7816.0	114.794	2124.53
-31648.0	7816.0	113.462	2079.04
-31648.0	7816.0	112.129	2104.85
-31648.0	7816.0	110.796	2115.65
-31648.0	7816.0	109.463	2154.57
-31648.0	7816.0	108.129	2047.24
-31648.0	7816.0	106.796	2119.9
-31648.0	7816.0	105.461	2068.85
-31648.0	7816.0	104.127	2023.44
-31648.0	7816.0	102.792	2039.86
-31648.0	7816.0	101.457	1913.94
-31648.0	7816.0	100.122	1902.29
-31648.0	7816.0	98.7867	1862.57
-31648.0	7816.0	97.4509	1849.07
-31648.0	7816.0	96.1148	1869.25
-31648.0	7816.0	94.7784	1874.46
-31648.0	7816.0	93.4418	1846.0
-31648.0	7816.0	92.1048	1783.9
-31648.0	7816.0	90.7676	1794.73
-31648.0	7816.0	89.43	1816.77
-31648.0	7816.0	88.0922	1779.0
-31648.0	7816.0	86.7541	1771.14
-31648.0	7816.0	85.4157	1731.54
