-31648.0	7818.0	1311.89	1969.27
-31648.0	7818.0	1310.78	2000.75
-31648.0	7818.0	1309.68	2032.22
-31648.0	7818.0	1308.58	1900.22
-31648.0	7818.0	1307.48	1908.99
-31648.0	7818.0	1306.38	1890.53
-31648.0	7818.0	1305.28	1962.84
-31648.0	7818.0	1304.18	2001.1
-31648.0	7818.0	1303.07	1903.24
-31648.0	7818.0	1301.97	1964.17
-31648.0	7818.0	1300.87	1913.96
-31648.0	7818.0	1299.77	1940.87
-31648.0	7818.0	1298.66	1911.08
-31648.0	7818.0	1297.56	1960.64
-31648.0	7818.0	1296.46	2010.19
-31648.0	7818.0	1295.35	1948.68
-31648.0	7818.0	1294.25	1993.68
-31648.0	7818.0	1293.15	1970.71
-31648.0	7818.0	1292.04	1974.92
-31648.0	7818.0	1290.94	2017.63
-31648.0	7818.0	1289.83	1960.7
-31648.0	7818.0	1288.73	1885.68
-31648.0	7818.0	1287.63	1969.12
-31648.0	7818.0	1286.52	1810.4
-31648.0	7818.0	1285.42	1864.41
-31648.0	7818.0	1284.31	1893.52
-31648.0	7818.0	1283.21	1958.81
-31648.0	7818.0	1282.1	1915.52
-31648.0	7818.0	1280.99	1928.78
-31648.0	7818.0	1279.89	1921.69
-31648.0	7818.0	1278.78	1959.8
-31648.0	7818.0	1277.68	1932.37
-31648.0	7818.0	1276.57	1877.82
-31648.0	7818.0	1275.46	1852.66
-31648.0	7818.0	1274.36	1924.65
-31648.0	7818.0	1273.25	1937.89
-31648.0	7818.0	1272.14	1991.78
-31648.0	7818.0	1271.04	1925.97
-31648.0	7818.0	1269.93	1970.81
-31648.0	7818.0	1268.82	1934.38
-31648.0	7818.0	1267.71	1958.89
-31648.0	7818.0	1266.61	1969.85
-31648.0	7818.0	1265.5	1847.71
-31648.0	7818.0	1264.39	1915.08
-31648.0	7818.0	1263.28	1908.0
-31648.0	7818.0	1262.17	1903.18
-31648.0	7818.0	1261.06	1936.69
-31648.0	7818.0	1259.95	1909.32
-31648.0	7818.0	1258.84	1841.4
-31648.0	7818.0	1257.74	1868.14
-31648.0	7818.0	1256.63	1944.44
-31648.0	7818.0	1255.52	1908.08
-31648.0	7818.0	1254.41	1939.3
-31648.0	7818.0	1253.3	1999.79
-31648.0	7818.0	1252.19	1925.16
-31648.0	7818.0	1251.08	1852.81
-31648.0	7818.0	1249.96	1924.53
-31648.0	7818.0	1248.85	1924.22
-31648.0	7818.0	1247.74	1928.4
-31648.0	7818.0	1246.63	1849.35
-31648.0	7818.0	1245.52	1916.53
-31648.0	7818.0	1244.41	1846.49
-31648.0	7818.0	1243.3	1886.67
-31648.0	7818.0	1242.18	1915.59
-31648.0	7818.0	1241.07	1946.74
-31648.0	7818.0	1239.96	1820.56
-31648.0	7818.0	1238.85	1871.95
-31648.0	7818.0	1237.74	1864.9
-31648.0	7818.0	1236.62	1878.07
-31648.0	7818.0	1235.51	1897.98
-31648.0	7818.0	1234.4	1769.66
-31648.0	7818.0	1233.28	1868.17
-31648.0	7818.0	1232.17	1861.12
-31648.0	7818.0	1231.06	1863.06
-31648.0	7818.0	1229.94	1856.02
-31648.0	7818.0	1228.83	1902.84
-31648.0	7818.0	1227.71	1960.86
-31648.0	7818.0	1226.6	1850.62
-31648.0	7818.0	1225.48	1901.9
-31648.0	7818.0	1224.37	1867.95
-31648.0	7818.0	1223.25	1885.58
-31648.0	7818.0	1222.14	1865.09
-31648.0	7818.0	1221.02	1855.82
-31648.0	7818.0	1219.91	1875.68
-31648.0	7818.0	1218.79	1873.13
-31648.0	7818.0	1217.68	1816.82
-31648.0	7818.0	1216.56	1803.08
-31648.0	7818.0	1215.44	1970.74
-31648.0	7818.0	1214.33	1833.83
-31648.0	7818.0	1213.21	1842.48
-31648.0	7818.0	1212.09	1828.75
-31648.0	7818.0	1210.98	1859.78
-31648.0	7818.0	1209.86	1819.19
-31648.0	7818.0	1208.74	1881.53
-31648.0	7818.0	1207.62	1818.59
-31648.0	7818.0	1206.51	1816.05
-31648.0	7818.0	1205.39	1907.43
-31648.0	7818.0	1204.27	1893.7
-31648.0	7818.0	1203.15	1877.74
-31648.0	7818.0	1202.03	1879.66
-31648.0	7818.0	1200.91	1881.58
-31648.0	7818.0	1199.8	1832.12
-31648.0	7818.0	1198.68	1778.2
-31648.0	7818.0	1197.56	1860.54
-31648.0	7818.0	1196.44	1717.31
-31648.0	7818.0	1195.32	1786.24
-31648.0	7818.0	1194.2	1765.85
-31648.0	7818.0	1193.08	1834.75
-31648.0	7818.0	1191.96	1845.6
-31648.0	7818.0	1190.84	1843.06
-31648.0	7818.0	1189.72	1858.37
-31648.0	7818.0	1188.6	1804.53
-31648.0	7818.0	1187.48	1906.82
-31648.0	7818.0	1186.35	1864.13
-31648.0	7818.0	1185.23	1799.17
-31648.0	7818.0	1184.11	1850.13
-31648.0	7818.0	1182.99	1816.39
-31648.0	7818.0	1181.87	1831.69
-31648.0	7818.0	1180.75	1855.89
-31648.0	7818.0	1179.62	1864.49
-31648.0	7818.0	1178.5	1781.77
-31648.0	7818.0	1177.38	1774.79
-31648.0	7818.0	1176.26	1910.31
-31648.0	7818.0	1175.13	1898.86
-31648.0	7818.0	1174.01	1842.9
-31648.0	7818.0	1172.89	1853.71
-31648.0	7818.0	1171.76	1877.88
-31648.0	7818.0	1170.64	1910.93
-31648.0	7818.0	1169.51	1850.55
-31648.0	7818.0	1168.39	1841.35
-31648.0	7818.0	1167.27	1814.36
-31648.0	7818.0	1166.14	1729.57
-31648.0	7818.0	1165.02	1791.52
-31648.0	7818.0	1163.89	1813.44
-31648.0	7818.0	1162.77	1850.91
-31648.0	7818.0	1161.64	1808.39
-31648.0	7818.0	1160.52	1812.52
-31648.0	7818.0	1159.39	1772.24
-31648.0	7818.0	1158.26	1745.3
-31648.0	7818.0	1157.14	1758.32
-31648.0	7818.0	1156.01	1849.03
-31648.0	7818.0	1154.88	1799.9
-31648.0	7818.0	1153.76	1835.1
-31648.0	7818.0	1152.63	1819.26
-31648.0	7818.0	1151.5	1830.04
-31648.0	7818.0	1150.38	1727.71
-31648.0	7818.0	1149.25	1738.5
-31648.0	7818.0	1148.12	1733.77
-31648.0	7818.0	1146.99	1749.0
-31648.0	7818.0	1145.87	1897.2
-31648.0	7818.0	1144.74	1801.59
-31648.0	7818.0	1143.61	1816.79
-31648.0	7818.0	1142.48	1736.73
-31648.0	7818.0	1141.35	1860.47
-31648.0	7818.0	1140.22	1782.65
-31648.0	7818.0	1139.09	1735.85
-31648.0	7818.0	1137.97	1731.13
-31648.0	7818.0	1136.84	1870.27
-31648.0	7818.0	1135.71	1814.63
-31648.0	7818.0	1134.58	1787.77
-31648.0	7818.0	1133.45	1785.25
-31648.0	7818.0	1132.32	1802.64
-31648.0	7818.0	1131.19	1775.8
-31648.0	7818.0	1130.05	1786.55
-31648.0	7818.0	1128.92	1823.83
-31648.0	7818.0	1127.79	1781.52
-31648.0	7818.0	1126.66	1745.86
-31648.0	7818.0	1125.53	1749.98
-31648.0	7818.0	1124.4	1787.24
-31648.0	7818.0	1123.27	1718.46
-31648.0	7818.0	1122.13	1782.21
-31648.0	7818.0	1121.0	1795.15
-31648.0	7818.0	1119.87	1763.94
-31648.0	7818.0	1118.74	1798.95
-31648.0	7818.0	1117.6	1767.75
-31648.0	7818.0	1116.47	1732.14
-31648.0	7818.0	1115.34	1804.64
-31648.0	7818.0	1114.2	1795.51
-31648.0	7818.0	1113.07	1733.45
-31648.0	7818.0	1111.94	1761.82
-31648.0	7818.0	1110.8	1851.91
-31648.0	7818.0	1109.67	1789.87
-31648.0	7818.0	1108.54	1782.95
-31648.0	7818.0	1107.4	1769.42
-31648.0	7818.0	1106.27	1722.85
-31648.0	7818.0	1105.13	1735.77
-31648.0	7818.0	1104.0	1805.95
-31648.0	7818.0	1102.86	1702.15
-31648.0	7818.0	1101.72	1789.92
-31648.0	7818.0	1100.59	1725.77
-31648.0	7818.0	1099.45	1791.5
-31648.0	7818.0	1098.32	1819.8
-31648.0	7818.0	1097.18	1779.88
-31648.0	7818.0	1096.04	1832.37
-31648.0	7818.0	1094.91	1717.69
-31648.0	7818.0	1093.77	1743.78
-31648.0	7818.0	1092.63	1862.2
-31648.0	7818.0	1091.5	1787.14
-31648.0	7818.0	1090.36	1830.78
-31648.0	7818.0	1089.22	1777.73
-31648.0	7818.0	1088.08	1709.31
-31648.0	7818.0	1086.95	1730.98
-31648.0	7818.0	1085.81	1721.9
-31648.0	7818.0	1084.67	1802.85
-31648.0	7818.0	1083.53	1710.32
-31648.0	7818.0	1082.39	1650.76
-31648.0	7818.0	1081.25	1683.39
-31648.0	7818.0	1080.11	1729.18
-31648.0	7818.0	1078.97	1735.46
-31648.0	7818.0	1077.83	1730.77
-31648.0	7818.0	1076.69	1780.92
-31648.0	7818.0	1075.55	1732.36
-31648.0	7818.0	1074.41	1712.33
-31648.0	7818.0	1073.27	1655.04
-31648.0	7818.0	1072.13	1768.72
-31648.0	7818.0	1070.99	1728.97
-31648.0	7818.0	1069.85	1660.75
-31648.0	7818.0	1068.71	1726.17
-31648.0	7818.0	1067.57	1787.2
-31648.0	7818.0	1066.43	1710.24
-31648.0	7818.0	1065.28	1742.78
-31648.0	7818.0	1064.14	1720.59
-31648.0	7818.0	1063.0	1722.48
-31648.0	7818.0	1061.86	1770.32
-31648.0	7818.0	1060.71	1789.7
-31648.0	7818.0	1059.57	1721.57
-31648.0	7818.0	1058.43	1736.58
-31648.0	7818.0	1057.29	1806.25
-31648.0	7818.0	1056.14	1805.94
-31648.0	7818.0	1055.0	1750.97
-31648.0	7818.0	1053.85	1741.92
-31648.0	7818.0	1052.71	1737.25
-31648.0	7818.0	1051.57	1763.16
-31648.0	7818.0	1050.42	1751.93
-31648.0	7818.0	1049.28	1699.2
-31648.0	7818.0	1048.13	1685.8
-31648.0	7818.0	1046.99	1755.37
-31648.0	7818.0	1045.84	1685.21
-31648.0	7818.0	1044.7	1741.66
-31648.0	7818.0	1043.55	1715.17
-31648.0	7818.0	1042.4	1725.77
-31648.0	7818.0	1041.26	1677.48
-31648.0	7818.0	1040.11	1716.44
-31648.0	7818.0	1038.97	1785.92
-31648.0	7818.0	1037.82	1803.04
-31648.0	7818.0	1036.67	1748.23
-31648.0	7818.0	1035.53	1798.05
-31648.0	7818.0	1034.38	1741.08
-31648.0	7818.0	1033.23	1793.06
-31648.0	7818.0	1032.08	1792.74
-31648.0	7818.0	1030.94	1737.97
-31648.0	7818.0	1029.79	1805.17
-31648.0	7818.0	1028.64	1837.51
-31648.0	7818.0	1027.49	1806.71
-31648.0	7818.0	1026.34	1780.27
-31648.0	7818.0	1025.19	1753.84
-31648.0	7818.0	1024.04	1829.68
-31648.0	7818.0	1022.89	1829.35
-31648.0	7818.0	1021.74	1846.43
-31648.0	7818.0	1020.59	1820.01
-31648.0	7818.0	1019.45	1828.38
-31648.0	7818.0	1018.29	1849.79
-31648.0	7818.0	1017.14	1853.81
-31648.0	7818.0	1015.99	1873.04
-31648.0	7818.0	1014.84	1872.7
-31648.0	7818.0	1013.69	1898.44
-31648.0	7818.0	1012.54	1859.01
-31648.0	7818.0	1011.39	1945.53
-31648.0	7818.0	1010.24	1880.05
-31648.0	7818.0	1009.09	1899.25
-31648.0	7818.0	1007.93	1944.49
-31648.0	7818.0	1006.78	1952.82
-31648.0	7818.0	1005.63	1991.52
-31648.0	7818.0	1004.48	2012.86
-31648.0	7818.0	1003.32	1979.97
-31648.0	7818.0	1002.17	2055.5
-31648.0	7818.0	1001.02	2007.44
-31648.0	7818.0	999.865	2063.44
-31648.0	7818.0	998.711	2039.23
-31648.0	7818.0	997.558	2012.87
-31648.0	7818.0	996.403	1977.85
-31648.0	7818.0	995.249	1992.65
-31648.0	7818.0	994.095	2152.55
-31648.0	7818.0	992.94	2137.0
-31648.0	7818.0	991.785	2147.44
-31648.0	7818.0	990.63	2121.09
-31648.0	7818.0	989.475	2077.43
-31648.0	7818.0	988.319	2245.81
-31648.0	7818.0	987.164	2273.53
-31648.0	7818.0	986.008	2199.59
-31648.0	7818.0	984.852	2274.88
-31648.0	7818.0	983.695	2278.79
-31648.0	7818.0	982.539	2345.39
-31648.0	7818.0	981.382	2280.13
-31648.0	7818.0	980.225	2376.96
-31648.0	7818.0	979.068	2266.35
-31648.0	7818.0	977.911	2287.54
-31648.0	7818.0	976.753	2369.2
-31648.0	7818.0	975.595	2327.74
-31648.0	7818.0	974.437	2301.42
-31648.0	7818.0	973.279	2339.86
-31648.0	7818.0	972.121	2330.8
-31648.0	7818.0	970.962	2375.69
-31648.0	7818.0	969.803	2327.8
-31648.0	7818.0	968.644	2400.72
-31648.0	7818.0	967.485	2331.27
-31648.0	7818.0	966.326	2369.66
-31648.0	7818.0	965.166	2412.35
-31648.0	7818.0	964.006	2386.05
-31648.0	7818.0	962.846	2370.53
-31648.0	7818.0	961.686	2305.46
-31648.0	7818.0	960.525	2389.06
-31648.0	7818.0	959.365	2317.55
-31648.0	7818.0	958.204	2368.81
-31648.0	7818.0	957.043	2336.09
-31648.0	7818.0	955.881	2331.36
-31648.0	7818.0	954.72	2378.28
-31648.0	7818.0	953.558	2369.24
-31648.0	7818.0	952.396	2381.72
-31648.0	7818.0	951.234	2342.57
-31648.0	7818.0	950.071	2365.8
-31648.0	7818.0	948.909	2389.02
-31648.0	7818.0	947.746	2328.39
-31648.0	7818.0	946.583	2282.82
-31648.0	7818.0	945.42	2297.45
-31648.0	7818.0	944.256	2290.59
-31648.0	7818.0	943.092	2266.54
-31648.0	7818.0	941.929	2319.82
-31648.0	7818.0	940.765	2366.65
-31648.0	7818.0	939.6	2284.62
-31648.0	7818.0	938.436	2288.5
-31648.0	7818.0	937.271	2219.39
-31648.0	7818.0	936.106	2188.94
-31648.0	7818.0	934.941	2100.57
-31648.0	7818.0	933.775	2145.24
-31648.0	7818.0	932.61	2166.29
-31648.0	7818.0	931.444	2041.52
-31648.0	7818.0	930.278	2047.58
-31648.0	7818.0	929.112	2030.05
-31648.0	7818.0	927.945	2014.68
-31648.0	7818.0	926.779	1928.59
-31648.0	7818.0	925.612	1958.23
-31648.0	7818.0	924.445	1910.75
-31648.0	7818.0	923.278	1948.95
-31648.0	7818.0	922.11	1802.98
-31648.0	7818.0	920.942	1824.06
-31648.0	7818.0	919.774	1986.4
-31648.0	7818.0	918.606	1782.73
-31648.0	7818.0	917.438	1876.55
-31648.0	7818.0	916.269	1818.44
-31648.0	7818.0	915.1	1762.49
-31648.0	7818.0	913.931	1832.74
-31648.0	7818.0	912.762	1667.76
-31648.0	7818.0	911.593	1744.41
-31648.0	7818.0	910.423	1746.23
-31648.0	7818.0	909.253	1718.13
-31648.0	7818.0	908.083	1745.59
-31648.0	7818.0	906.913	1747.4
-31648.0	7818.0	905.742	1804.74
-31648.0	7818.0	904.572	1716.86
-31648.0	7818.0	903.401	1746.43
-31648.0	7818.0	902.229	1801.61
-31648.0	7818.0	901.058	1743.65
-31648.0	7818.0	899.886	1719.86
-31648.0	7818.0	898.715	1666.2
-31648.0	7818.0	897.543	1663.76
-31648.0	7818.0	896.37	1708.24
-31648.0	7818.0	895.198	1667.41
-31648.0	7818.0	894.025	1690.55
-31648.0	7818.0	892.852	1726.47
-31648.0	7818.0	891.679	1649.43
-31648.0	7818.0	890.506	1717.31
-31648.0	7818.0	889.332	1753.2
-31648.0	7818.0	888.158	1710.28
-31648.0	7818.0	886.984	1654.59
-31648.0	7818.0	885.81	1667.06
-31648.0	7818.0	884.636	1739.13
-31648.0	7818.0	883.461	1666.44
-31648.0	7818.0	882.286	1687.41
-31648.0	7818.0	881.111	1659.44
-31648.0	7818.0	879.936	1635.73
-31648.0	7818.0	878.76	1680.09
-31648.0	7818.0	877.584	1692.53
-31648.0	7818.0	876.408	1709.22
-31648.0	7818.0	875.232	1634.51
-31648.0	7818.0	874.056	1670.33
-31648.0	7818.0	872.879	1682.77
-31648.0	7818.0	871.702	1627.22
-31648.0	7818.0	870.525	1667.27
-31648.0	7818.0	869.348	1630.86
-31648.0	7818.0	868.17	1651.79
-31648.0	7818.0	866.993	1668.46
-31648.0	7818.0	865.815	1674.51
-31648.0	7818.0	864.637	1612.66
-31648.0	7818.0	863.458	1614.48
-31648.0	7818.0	862.28	1590.85
-31648.0	7818.0	861.101	1616.0
-31648.0	7818.0	859.922	1602.97
-31648.0	7818.0	858.742	1638.71
-31648.0	7818.0	857.563	1668.08
-31648.0	7818.0	856.383	1629.62
-31648.0	7818.0	855.203	1671.69
-31648.0	7818.0	854.023	1622.65
-31648.0	7818.0	852.843	1639.29
-31648.0	7818.0	851.662	1628.39
-31648.0	7818.0	850.481	1596.33
-31648.0	7818.0	849.3	1621.43
-31648.0	7818.0	848.119	1608.43
-31648.0	7818.0	846.937	1690.65
-31648.0	7818.0	845.756	1569.74
-31648.0	7818.0	844.574	1582.14
-31648.0	7818.0	843.392	1630.48
-31648.0	7818.0	842.209	1625.94
-31648.0	7818.0	841.027	1663.69
-31648.0	7818.0	839.844	1606.31
-31648.0	7818.0	838.661	1589.1
-31648.0	7818.0	837.477	1595.14
-31648.0	7818.0	836.294	1643.42
-31648.0	7818.0	835.11	1624.1
-31648.0	7818.0	833.926	1655.47
-31648.0	7818.0	832.742	1617.15
-31648.0	7818.0	831.558	1640.06
-31648.0	7818.0	830.373	1654.53
-31648.0	7818.0	829.188	1588.8
-31648.0	7818.0	828.003	1611.71
-31648.0	7818.0	826.818	1640.93
-31648.0	7818.0	825.632	1560.49
-31648.0	7818.0	824.446	1604.47
-31648.0	7818.0	823.26	1618.92
-31648.0	7818.0	822.074	1605.96
-31648.0	7818.0	820.888	1677.3
-31648.0	7818.0	819.701	1668.56
-31648.0	7818.0	818.514	1602.94
-31648.0	7818.0	817.327	1672.13
-31648.0	7818.0	816.14	1661.29
-31648.0	7818.0	814.952	1635.71
-31648.0	7818.0	813.765	1645.92
-31648.0	7818.0	812.577	1555.12
-31648.0	7818.0	811.388	1634.78
-31648.0	7818.0	810.2	1573.46
-31648.0	7818.0	809.011	1661.49
-31648.0	7818.0	807.822	1629.64
-31648.0	7818.0	806.633	1585.18
-31648.0	7818.0	805.444	1568.06
-31648.0	7818.0	804.254	1565.66
-31648.0	7818.0	803.064	1638.9
-31648.0	7818.0	801.874	1594.47
-31648.0	7818.0	800.684	1568.96
-31648.0	7818.0	799.493	1595.96
-31648.0	7818.0	798.303	1685.93
-31648.0	7818.0	797.112	1639.43
-31648.0	7818.0	795.921	1626.52
-31648.0	7818.0	794.729	1674.47
-31648.0	7818.0	793.538	1562.96
-31648.0	7818.0	792.346	1621.39
-31648.0	7818.0	791.154	1627.38
-31648.0	7818.0	789.961	1671.09
-31648.0	7818.0	788.769	1618.37
-31648.0	7818.0	787.576	1586.62
-31648.0	7818.0	786.383	1611.46
-31648.0	7818.0	785.19	1571.34
-31648.0	7818.0	783.996	1596.18
-31648.0	7818.0	782.802	1560.27
-31648.0	7818.0	781.608	1599.75
-31648.0	7818.0	780.414	1584.79
-31648.0	7818.0	779.22	1607.51
-31648.0	7818.0	778.025	1582.09
-31648.0	7818.0	776.83	1604.8
-31648.0	7818.0	775.635	1573.11
-31648.0	7818.0	774.44	1631.37
-31648.0	7818.0	773.244	1608.05
-31648.0	7818.0	772.049	1618.19
-31648.0	7818.0	770.853	1605.34
-31648.0	7818.0	769.656	1644.74
-31648.0	7818.0	768.46	1531.59
-31648.0	7818.0	767.263	1646.19
-31648.0	7818.0	766.066	1551.88
-31648.0	7818.0	764.869	1585.0
-31648.0	7818.0	763.672	1567.99
-31648.0	7818.0	762.474	1590.65
-31648.0	7818.0	761.276	1609.12
-31648.0	7818.0	760.078	1577.51
-31648.0	7818.0	758.88	1633.53
-31648.0	7818.0	757.681	1660.33
-31648.0	7818.0	756.483	1651.67
-31648.0	7818.0	755.284	1582.54
-31648.0	7818.0	754.084	1590.58
-31648.0	7818.0	752.885	1575.68
-31648.0	7818.0	751.685	1552.45
-31648.0	7818.0	750.485	1610.48
-31648.0	7818.0	749.285	1599.76
-31648.0	7818.0	748.085	1572.37
-31648.0	7818.0	746.884	1520.01
-31648.0	7818.0	745.683	1578.01
-31648.0	7818.0	744.482	1586.03
-31648.0	7818.0	743.281	1585.72
-31648.0	7818.0	742.079	1624.94
-31648.0	7818.0	740.877	1624.62
-31648.0	7818.0	739.675	1591.03
-31648.0	7818.0	738.473	1569.93
-31648.0	7818.0	737.27	1540.52
-31648.0	7818.0	736.068	1511.12
-31648.0	7818.0	734.865	1560.7
-31648.0	7818.0	733.661	1577.01
-31648.0	7818.0	732.458	1607.87
-31648.0	7818.0	731.254	1547.32
-31648.0	7818.0	730.05	1571.94
-31648.0	7818.0	728.846	1590.32
-31648.0	7818.0	727.642	1590.01
-31648.0	7818.0	726.437	1556.49
-31648.0	7818.0	725.232	1587.31
-31648.0	7818.0	724.027	1584.92
-31648.0	7818.0	722.822	1543.13
-31648.0	7818.0	721.616	1553.2
-31648.0	7818.0	720.41	1623.39
-31648.0	7818.0	719.204	1616.85
-31648.0	7818.0	717.998	1541.92
-31648.0	7818.0	716.791	1539.55
-31648.0	7818.0	715.585	1636.62
-31648.0	7818.0	714.378	1857.92
-31648.0	7818.0	713.17	1629.76
-31648.0	7818.0	711.963	1635.65
-31648.0	7818.0	710.755	1660.17
-31648.0	7818.0	709.547	1624.66
-31648.0	7818.0	708.339	1632.62
-31648.0	7818.0	707.131	1580.58
-31648.0	7818.0	705.922	1528.56
-31648.0	7818.0	704.713	1598.57
-31648.0	7818.0	703.504	1581.71
-31648.0	7818.0	702.295	1562.8
-31648.0	7818.0	701.085	1554.22
-31648.0	7818.0	699.875	1613.84
-31648.0	7818.0	698.665	1603.19
-31648.0	7818.0	697.455	1588.42
-31648.0	7818.0	696.244	1654.19
-31648.0	7818.0	695.034	1587.79
-31648.0	7818.0	693.822	1585.42
-31648.0	7818.0	692.611	1655.28
-31648.0	7818.0	691.4	1605.43
-31648.0	7818.0	690.188	1578.29
-31648.0	7818.0	688.976	1600.67
-31648.0	7818.0	687.764	1563.23
-31648.0	7818.0	686.551	1620.65
-31648.0	7818.0	685.339	1665.69
-31648.0	7818.0	684.126	1712.76
-31648.0	7818.0	682.912	1689.76
-31648.0	7818.0	681.699	1633.79
-31648.0	7818.0	680.485	1625.23
-31648.0	7818.0	679.271	1608.43
-31648.0	7818.0	678.057	1713.13
-31648.0	7818.0	676.843	1576.92
-31648.0	7818.0	675.628	1601.3
-31648.0	7818.0	674.413	1642.14
-31648.0	7818.0	673.198	1662.39
-31648.0	7818.0	671.983	1627.09
-31648.0	7818.0	670.767	1630.88
-31648.0	7818.0	669.551	1644.95
-31648.0	7818.0	668.335	1679.57
-31648.0	7818.0	667.119	1627.85
-31648.0	7818.0	665.902	1600.82
-31648.0	7818.0	664.686	1618.99
-31648.0	7818.0	663.469	1682.35
-31648.0	7818.0	662.251	1655.31
-31648.0	7818.0	661.034	1685.78
-31648.0	7818.0	659.816	1607.44
-31648.0	7818.0	658.598	1642.01
-31648.0	7818.0	657.38	1621.16
-31648.0	7818.0	656.161	1598.27
-31648.0	7818.0	654.942	1638.98
-31648.0	7818.0	653.723	1642.75
-31648.0	7818.0	652.504	1609.62
-31648.0	7818.0	651.285	1664.65
-31648.0	7818.0	650.065	1658.17
-31648.0	7818.0	648.845	1586.11
-31648.0	7818.0	647.625	1659.55
-31648.0	7818.0	646.404	1640.79
-31648.0	7818.0	645.184	1632.27
-31648.0	7818.0	643.963	1734.32
-31648.0	7818.0	642.742	1664.37
-31648.0	7818.0	641.52	1680.41
-31648.0	7818.0	640.298	1643.24
-31648.0	7818.0	639.076	1696.11
-31648.0	7818.0	637.854	1732.59
-31648.0	7818.0	636.632	1685.2
-31648.0	7818.0	635.409	1678.73
-31648.0	7818.0	634.186	1672.26
-31648.0	7818.0	632.963	1663.75
-31648.0	7818.0	631.74	1647.07
-31648.0	7818.0	630.516	1663.08
-31648.0	7818.0	629.292	1621.89
-31648.0	7818.0	628.068	1617.48
-31648.0	7818.0	626.844	1694.75
-31648.0	7818.0	625.619	1647.46
-31648.0	7818.0	624.394	1749.18
-31648.0	7818.0	623.169	1714.14
-31648.0	7818.0	621.944	1711.75
-31648.0	7818.0	620.718	1695.09
-31648.0	7818.0	619.492	1696.79
-31648.0	7818.0	618.266	1710.72
-31648.0	7818.0	617.04	1673.68
-31648.0	7818.0	615.813	1608.12
-31648.0	7818.0	614.587	1638.36
-31648.0	7818.0	613.36	1658.41
-31648.0	7818.0	612.132	1686.59
-31648.0	7818.0	610.905	1610.9
-31648.0	7818.0	609.677	1675.73
-31648.0	7818.0	608.449	1724.25
-31648.0	7818.0	607.22	1673.02
-31648.0	7818.0	605.992	1684.89
-31648.0	7818.0	604.763	1664.21
-31648.0	7818.0	603.534	1680.14
-31648.0	7818.0	602.305	1675.74
-31648.0	7818.0	601.075	1671.33
-31648.0	7818.0	599.845	1673.03
-31648.0	7818.0	598.615	1662.53
-31648.0	7818.0	597.385	1631.71
-31648.0	7818.0	596.154	1645.6
-31648.0	7818.0	594.924	1681.83
-31648.0	7818.0	593.693	1616.5
-31648.0	7818.0	592.461	1685.21
-31648.0	7818.0	591.23	1658.48
-31648.0	7818.0	589.998	1639.88
-31648.0	7818.0	588.766	1603.02
-31648.0	7818.0	587.534	1560.09
-31648.0	7818.0	586.301	1618.6
-31648.0	7818.0	585.068	1670.99
-31648.0	7818.0	583.835	1640.24
-31648.0	7818.0	582.602	1650.04
-31648.0	7818.0	581.368	1643.63
-31648.0	7818.0	580.134	1647.35
-31648.0	7818.0	578.9	1632.83
-31648.0	7818.0	577.666	1697.32
-31648.0	7818.0	576.432	1597.74
-31648.0	7818.0	575.197	1656.13
-31648.0	7818.0	573.962	1651.75
-31648.0	7818.0	572.726	1635.22
-31648.0	7818.0	571.491	1679.4
-31648.0	7818.0	570.255	1662.88
-31648.0	7818.0	569.019	1603.89
-31648.0	7818.0	567.783	1694.56
-31648.0	7818.0	566.546	1742.73
-31648.0	7818.0	565.309	1663.55
-31648.0	7818.0	564.072	1699.58
-31648.0	7818.0	562.835	1713.38
-31648.0	7818.0	561.597	1737.27
-31648.0	7818.0	560.359	1805.59
-31648.0	7818.0	559.121	1754.74
-31648.0	7818.0	557.883	1705.93
-31648.0	7818.0	556.644	1707.6
-31648.0	7818.0	555.406	1695.14
-31648.0	7818.0	554.167	1704.88
-31648.0	7818.0	552.927	1752.95
-31648.0	7818.0	551.688	1815.11
-31648.0	7818.0	550.448	1834.9
-31648.0	7818.0	549.208	1808.32
-31648.0	7818.0	547.967	1807.95
-31648.0	7818.0	546.727	1835.79
-31648.0	7818.0	545.486	1841.46
-31648.0	7818.0	544.245	1885.4
-31648.0	7818.0	543.003	1919.25
-31648.0	7818.0	541.762	1945.03
-31648.0	7818.0	540.52	1956.71
-31648.0	7818.0	539.278	1934.17
-31648.0	7818.0	538.035	1959.93
-31648.0	7818.0	536.793	2046.04
-31648.0	7818.0	535.55	2248.77
-31648.0	7818.0	534.307	2262.39
-31648.0	7818.0	533.063	2430.82
-31648.0	7818.0	531.82	2593.14
-31648.0	7818.0	530.576	2875.99
-31648.0	7818.0	529.331	3184.84
-31648.0	7818.0	528.087	3782.85
-31648.0	7818.0	526.842	4444.89
-31648.0	7818.0	525.597	5837.62
-31648.0	7818.0	524.352	7591.16
-31648.0	7818.0	523.107	10146.9
-31648.0	7818.0	521.861	12898.3
-31648.0	7818.0	520.615	14229.9
-31648.0	7818.0	519.369	12499.8
-31648.0	7818.0	518.122	10744.2
-31648.0	7818.0	516.876	9001.49
-31648.0	7818.0	515.629	7658.42
-31648.0	7818.0	514.381	6468.22
-31648.0	7818.0	513.134	5595.15
-31648.0	7818.0	511.886	4950.85
-31648.0	7818.0	510.638	4531.17
-31648.0	7818.0	509.39	4155.72
-31648.0	7818.0	508.141	3950.62
-31648.0	7818.0	506.892	3643.51
-31648.0	7818.0	505.643	3492.65
-31648.0	7818.0	504.394	3419.89
-31648.0	7818.0	503.145	3253.12
-31648.0	7818.0	501.895	3214.45
-31648.0	7818.0	500.645	3177.78
-31648.0	7818.0	499.394	3129.14
-31648.0	7818.0	498.144	3154.48
-31648.0	7818.0	496.893	3079.88
-31648.0	7818.0	495.642	2913.39
-31648.0	7818.0	494.39	2846.86
-31648.0	7818.0	493.139	2810.32
-31648.0	7818.0	491.887	2761.81
-31648.0	7818.0	490.635	2629.47
-31648.0	7818.0	489.382	2557.06
-31648.0	7818.0	488.13	2478.7
-31648.0	7818.0	486.877	2516.1
-31648.0	7818.0	485.623	2447.75
-31648.0	7818.0	484.37	2413.33
-31648.0	7818.0	483.116	2408.85
-31648.0	7818.0	481.862	2334.58
-31648.0	7818.0	480.608	2266.33
-31648.0	7818.0	479.354	2227.99
-31648.0	7818.0	478.099	2237.49
-31648.0	7818.0	476.844	2282.84
-31648.0	7818.0	475.588	2286.35
-31648.0	7818.0	474.333	2271.94
-31648.0	7818.0	473.077	2201.79
-31648.0	7818.0	471.821	2183.42
-31648.0	7818.0	470.565	2250.63
-31648.0	7818.0	469.308	2116.86
-31648.0	7818.0	468.051	2114.43
-31648.0	7818.0	466.794	2139.84
-31648.0	7818.0	465.537	2165.25
-31648.0	7818.0	464.279	2136.97
-31648.0	7818.0	463.021	2100.75
-31648.0	7818.0	461.763	2116.21
-31648.0	7818.0	460.505	2054.18
-31648.0	7818.0	459.246	2095.46
-31648.0	7818.0	457.987	2021.55
-31648.0	7818.0	456.728	2023.12
-31648.0	7818.0	455.469	1986.96
-31648.0	7818.0	454.209	2028.23
-31648.0	7818.0	452.949	2015.9
-31648.0	7818.0	451.689	2001.59
-31648.0	7818.0	450.428	2060.67
-31648.0	7818.0	449.167	2004.72
-31648.0	7818.0	447.906	2049.9
-31648.0	7818.0	446.645	2029.65
-31648.0	7818.0	445.383	1993.56
-31648.0	7818.0	444.122	2020.88
-31648.0	7818.0	442.86	2004.61
-31648.0	7818.0	441.597	1950.72
-31648.0	7818.0	440.335	2003.78
-31648.0	7818.0	439.072	2042.95
-31648.0	7818.0	437.809	1979.19
-31648.0	7818.0	436.545	2028.24
-31648.0	7818.0	435.281	2008.04
-31648.0	7818.0	434.018	1973.99
-31648.0	7818.0	432.753	2013.13
-31648.0	7818.0	431.489	1969.21
-31648.0	7818.0	430.224	2026.12
-31648.0	7818.0	428.959	2037.56
-31648.0	7818.0	427.694	2011.44
-31648.0	7818.0	426.428	2020.9
-31648.0	7818.0	425.163	2059.98
-31648.0	7818.0	423.896	2055.6
-31648.0	7818.0	422.63	1954.48
-31648.0	7818.0	421.364	1993.55
-31648.0	7818.0	420.097	1955.63
-31648.0	7818.0	418.83	1982.85
-31648.0	7818.0	417.562	2021.88
-31648.0	7818.0	416.295	1997.79
-31648.0	7818.0	415.027	1989.48
-31648.0	7818.0	413.758	1977.24
-31648.0	7818.0	412.49	1980.77
-31648.0	7818.0	411.221	1944.88
-31648.0	7818.0	409.952	1966.14
-31648.0	7818.0	408.683	1953.91
-31648.0	7818.0	407.414	1886.55
-31648.0	7818.0	406.144	1941.28
-31648.0	7818.0	404.874	1952.68
-31648.0	7818.0	403.603	2007.38
-31648.0	7818.0	402.333	2003.02
-31648.0	7818.0	401.062	1967.19
-31648.0	7818.0	399.791	1953.01
-31648.0	7818.0	398.519	2029.28
-31648.0	7818.0	397.248	1883.38
-31648.0	7818.0	395.976	1922.29
-31648.0	7818.0	394.704	1915.99
-31648.0	7818.0	393.431	1976.49
-31648.0	7818.0	392.159	1923.04
-31648.0	7818.0	390.886	1954.06
-31648.0	7818.0	389.612	1981.13
-31648.0	7818.0	388.339	1935.57
-31648.0	7818.0	387.065	1944.97
-31648.0	7818.0	385.791	2023.05
-31648.0	7818.0	384.517	1953.96
-31648.0	7818.0	383.242	1941.78
-31648.0	7818.0	381.967	2043.34
-31648.0	7818.0	380.692	2062.52
-31648.0	7818.0	379.417	2005.24
-31648.0	7818.0	378.141	2045.97
-31648.0	7818.0	376.865	1984.8
-31648.0	7818.0	375.589	1935.41
-31648.0	7818.0	374.312	1972.21
-31648.0	7818.0	373.035	1960.04
-31648.0	7818.0	371.758	1957.67
-31648.0	7818.0	370.481	1992.49
-31648.0	7818.0	369.204	1984.24
-31648.0	7818.0	367.926	2020.99
-31648.0	7818.0	366.648	1903.2
-31648.0	7818.0	365.369	2031.87
-31648.0	7818.0	364.091	1996.25
-31648.0	7818.0	362.812	1952.82
-31648.0	7818.0	361.532	2012.99
-31648.0	7818.0	360.253	1944.18
-31648.0	7818.0	358.973	2043.4
-31648.0	7818.0	357.693	2011.72
-31648.0	7818.0	356.413	2001.53
-31648.0	7818.0	355.132	1995.25
-31648.0	7818.0	353.852	2047.52
-31648.0	7818.0	352.571	1998.3
-31648.0	7818.0	351.289	2046.66
-31648.0	7818.0	350.008	1995.51
-31648.0	7818.0	348.726	2008.74
-31648.0	7818.0	347.444	2039.51
-31648.0	7818.0	346.161	2039.07
-31648.0	7818.0	344.878	2034.74
-31648.0	7818.0	343.595	2032.36
-31648.0	7818.0	342.312	2100.12
-31648.0	7818.0	341.029	2015.92
-31648.0	7818.0	339.745	2077.81
-31648.0	7818.0	338.461	2077.37
-31648.0	7818.0	337.176	2084.71
-31648.0	7818.0	335.892	2119.3
-31648.0	7818.0	334.607	2097.45
-31648.0	7818.0	333.322	2153.41
-31648.0	7818.0	332.036	2110.17
-31648.0	7818.0	330.75	2078.61
-31648.0	7818.0	329.464	2103.44
-31648.0	7818.0	328.178	2126.32
-31648.0	7818.0	326.892	2139.47
-31648.0	7818.0	325.605	2086.56
-31648.0	7818.0	324.318	2066.69
-31648.0	7818.0	323.03	2188.59
-31648.0	7818.0	321.743	2065.81
-31648.0	7818.0	320.455	2137.19
-31648.0	7818.0	319.167	2080.46
-31648.0	7818.0	317.878	2178.97
-31648.0	7818.0	316.59	2223.13
-31648.0	7818.0	315.301	2164.47
-31648.0	7818.0	314.011	2210.54
-31648.0	7818.0	312.722	2210.07
-31648.0	7818.0	311.432	2161.15
-31648.0	7818.0	310.142	2133.56
-31648.0	7818.0	308.851	2222.22
-31648.0	7818.0	307.561	2295.36
-31648.0	7818.0	306.27	2290.99
-31648.0	7818.0	304.979	2286.63
-31648.0	7818.0	303.687	2286.15
-31648.0	7818.0	302.395	2295.34
-31648.0	7818.0	301.103	2347.09
-31648.0	7818.0	299.811	2253.73
-31648.0	7818.0	298.519	2270.66
-31648.0	7818.0	297.226	2337.85
-31648.0	7818.0	295.933	2203.96
-31648.0	7818.0	294.639	2269.21
-31648.0	7818.0	293.345	2311.24
-31648.0	7818.0	292.052	2293.35
-31648.0	7818.0	290.757	2215.6
-31648.0	7818.0	289.463	2162.98
-31648.0	7818.0	288.168	2241.68
-31648.0	7818.0	286.873	2210.32
-31648.0	7818.0	285.578	2190.55
-31648.0	7818.0	284.282	2219.02
-31648.0	7818.0	282.986	2259.06
-31648.0	7818.0	281.69	2223.86
-31648.0	7818.0	280.393	2200.25
-31648.0	7818.0	279.097	2145.79
-31648.0	7818.0	277.8	2181.96
-31648.0	7818.0	276.502	2243.16
-31648.0	7818.0	275.205	2194.51
-31648.0	7818.0	273.907	2188.26
-31648.0	7818.0	272.609	2093.43
-31648.0	7818.0	271.311	2110.31
-31648.0	7818.0	270.012	2121.41
-31648.0	7818.0	268.713	2151.75
-31648.0	7818.0	267.414	2151.29
-31648.0	7818.0	266.114	2133.51
-31648.0	7818.0	264.814	2050.35
-31648.0	7818.0	263.514	2063.37
-31648.0	7818.0	262.214	2064.85
-31648.0	7818.0	260.913	2085.56
-31648.0	7818.0	259.613	2060.13
-31648.0	7818.0	258.311	2073.14
-31648.0	7818.0	257.01	2047.72
-31648.0	7818.0	255.708	2091.45
-31648.0	7818.0	254.406	2064.12
-31648.0	7818.0	253.104	2123.19
-31648.0	7818.0	251.801	2072.83
-31648.0	7818.0	250.499	2039.77
-31648.0	7818.0	249.195	2039.33
-31648.0	7818.0	247.892	2017.8
-31648.0	7818.0	246.588	2042.29
-31648.0	7818.0	245.284	2076.37
-31648.0	7818.0	243.98	1968.58
-31648.0	7818.0	242.676	2027.57
-31648.0	7818.0	241.371	2040.54
-31648.0	7818.0	240.066	2072.67
-31648.0	7818.0	238.76	2001.36
-31648.0	7818.0	237.455	2044.97
-31648.0	7818.0	236.149	1966.05
-31648.0	7818.0	234.843	2001.99
-31648.0	7818.0	233.536	2051.31
-31648.0	7818.0	232.229	1970.52
-31648.0	7818.0	230.922	1954.8
-31648.0	7818.0	229.615	2011.75
-31648.0	7818.0	228.307	2005.58
-31648.0	7818.0	227.0	2008.97
-31648.0	7818.0	225.691	2104.09
-31648.0	7818.0	224.383	1971.8
-31648.0	7818.0	223.074	1938.91
-31648.0	7818.0	221.765	1835.36
-31648.0	7818.0	220.456	1957.17
-31648.0	7818.0	219.146	1947.2
-31648.0	7818.0	217.836	1956.33
-31648.0	7818.0	216.526	1929.19
-31648.0	7818.0	215.216	1905.88
-31648.0	7818.0	213.905	1880.68
-31648.0	7818.0	212.594	1891.72
-31648.0	7818.0	211.283	1973.29
-31648.0	7818.0	209.971	1976.68
-31648.0	7818.0	208.66	1861.91
-31648.0	7818.0	207.348	1899.62
-31648.0	7818.0	206.035	1944.93
-31648.0	7818.0	204.722	1959.74
-31648.0	7818.0	203.409	2006.92
-31648.0	7818.0	202.096	1911.31
-31648.0	7818.0	200.783	1996.54
-31648.0	7818.0	199.469	1973.28
-31648.0	7818.0	198.155	1993.78
-31648.0	7818.0	196.84	1991.45
-31648.0	7818.0	195.526	1966.3
-31648.0	7818.0	194.211	1903.14
-31648.0	7818.0	192.896	2003.47
-31648.0	7818.0	191.58	2143.67
-31648.0	7818.0	190.264	2006.41
-31648.0	7818.0	188.948	2009.78
-31648.0	7818.0	187.632	1999.85
-31648.0	7818.0	186.315	1991.82
-31648.0	7818.0	184.998	2057.84
-31648.0	7818.0	183.681	2042.21
-31648.0	7818.0	182.364	1984.84
-31648.0	7818.0	181.046	2064.1
-31648.0	7818.0	179.728	2010.54
-31648.0	7818.0	178.41	1989.25
-31648.0	7818.0	177.091	2057.07
-31648.0	7818.0	175.772	2064.21
-31648.0	7818.0	174.453	1995.55
-31648.0	7818.0	173.133	2076.59
-31648.0	7818.0	171.814	2002.26
-31648.0	7818.0	170.494	2100.31
-31648.0	7818.0	169.173	2022.23
-31648.0	7818.0	167.853	2031.26
-31648.0	7818.0	166.532	2072.46
-31648.0	7818.0	165.211	2056.87
-31648.0	7818.0	163.889	2022.38
-31648.0	7818.0	162.567	2122.19
-31648.0	7818.0	161.245	2157.66
-31648.0	7818.0	159.923	2075.9
-31648.0	7818.0	158.6	2124.59
-31648.0	7818.0	157.278	2184.61
-31648.0	7818.0	155.954	2116.12
-31648.0	7818.0	154.631	2185.56
-31648.0	7818.0	153.307	2156.76
-31648.0	7818.0	151.983	2143.07
-31648.0	7818.0	150.659	2189.81
-31648.0	7818.0	149.334	2161.02
-31648.0	7818.0	148.009	2088.85
-31648.0	7818.0	146.684	2077.08
-31648.0	7818.0	145.359	2035.14
-31648.0	7818.0	144.033	2095.04
-31648.0	7818.0	142.707	2130.41
-31648.0	7818.0	141.381	2171.42
-31648.0	7818.0	140.054	2163.41
-31648.0	7818.0	138.727	2151.64
-31648.0	7818.0	137.4	2154.95
-31648.0	7818.0	136.072	2128.11
-31648.0	7818.0	134.745	2080.58
-31648.0	7818.0	133.417	2080.13
-31648.0	7818.0	132.088	2170.02
-31648.0	7818.0	130.76	2139.45
-31648.0	7818.0	129.431	2187.9
-31648.0	7818.0	128.102	2164.86
-31648.0	7818.0	126.772	2162.51
-31648.0	7818.0	125.442	2163.92
-31648.0	7818.0	124.112	2167.21
-31648.0	7818.0	122.782	2232.52
-31648.0	7818.0	121.451	2136.22
-31648.0	7818.0	120.12	2030.57
-31648.0	7818.0	118.789	2165.34
-31648.0	7818.0	117.458	2127.32
-31648.0	7818.0	116.126	2119.36
-31648.0	7818.0	114.794	2094.5
-31648.0	7818.0	113.462	2077.16
-31648.0	7818.0	112.129	2131.11
-31648.0	7818.0	110.796	2072.51
-31648.0	7818.0	109.463	2083.31
-31648.0	7818.0	108.129	2124.11
-31648.0	7818.0	106.796	2031.81
-31648.0	7818.0	105.461	2068.85
-31648.0	7818.0	104.127	2010.32
-31648.0	7818.0	102.792	1963.06
-31648.0	7818.0	101.457	1925.18
-31648.0	7818.0	100.122	1827.4
-31648.0	7818.0	98.7867	1843.85
-31648.0	7818.0	97.4509	1886.5
-31648.0	7818.0	96.1148	1908.55
-31648.0	7818.0	94.7784	1887.56
-31648.0	7818.0	93.4418	1853.48
-31648.0	7818.0	92.1048	1789.5
-31648.0	7818.0	90.7676	1869.51
-31648.0	7818.0	89.43	1784.99
-31648.0	7818.0	88.0922	1769.66
-31648.0	7818.0	86.7541	1761.8
-31648.0	7818.0	85.4157	1755.82
