-31630.0	7816.0	1311.89	1914.76
-31630.0	7816.0	1310.78	2064.34
-31630.0	7816.0	1309.68	1964.1
-31630.0	7816.0	1308.58	1888.87
-31630.0	7816.0	1307.48	1949.85
-31630.0	7816.0	1306.38	1915.5
-31630.0	7816.0	1305.28	1949.23
-31630.0	7816.0	1304.18	1994.29
-31630.0	7816.0	1303.07	1975.83
-31630.0	7816.0	1301.97	1934.68
-31630.0	7816.0	1300.87	1934.37
-31630.0	7816.0	1299.77	2004.35
-31630.0	7816.0	1298.66	1920.15
-31630.0	7816.0	1297.56	2039.98
-31630.0	7816.0	1296.46	1951.26
-31630.0	7816.0	1295.35	1960.01
-31630.0	7816.0	1294.25	1986.88
-31630.0	7816.0	1293.15	1986.57
-31630.0	7816.0	1292.04	1947.74
-31630.0	7816.0	1290.94	2015.36
-31630.0	7816.0	1289.83	1885.99
-31630.0	7816.0	1288.73	1985.29
-31630.0	7816.0	1287.63	1998.55
-31630.0	7816.0	1286.52	1921.28
-31630.0	7816.0	1285.42	1900.61
-31630.0	7816.0	1284.31	2004.37
-31630.0	7816.0	1283.21	1963.33
-31630.0	7816.0	1282.1	1956.23
-31630.0	7816.0	1280.99	1935.56
-31630.0	7816.0	1279.89	2016.64
-31630.0	7816.0	1278.78	1971.11
-31630.0	7816.0	1277.68	2006.95
-31630.0	7816.0	1276.57	1938.83
-31630.0	7816.0	1275.46	1936.26
-31630.0	7816.0	1274.36	1965.31
-31630.0	7816.0	1273.25	1940.15
-31630.0	7816.0	1272.14	2007.58
-31630.0	7816.0	1271.04	1903.39
-31630.0	7816.0	1269.93	1973.07
-31630.0	7816.0	1268.82	1918.58
-31630.0	7816.0	1267.71	1985.97
-31630.0	7816.0	1266.61	1951.8
-31630.0	7816.0	1265.5	1942.46
-31630.0	7816.0	1264.39	1939.89
-31630.0	7816.0	1263.28	1908.0
-31630.0	7816.0	1262.17	1959.55
-31630.0	7816.0	1261.06	1941.2
-31630.0	7816.0	1259.95	1920.6
-31630.0	7816.0	1258.84	1834.64
-31630.0	7816.0	1257.74	1845.6
-31630.0	7816.0	1256.63	1892.62
-31630.0	7816.0	1255.52	1887.81
-31630.0	7816.0	1254.41	1943.81
-31630.0	7816.0	1253.3	1842.15
-31630.0	7816.0	1252.19	1913.9
-31630.0	7816.0	1251.08	1922.6
-31630.0	7816.0	1249.96	1967.3
-31630.0	7816.0	1248.85	1948.97
-31630.0	7816.0	1247.74	1926.15
-31630.0	7816.0	1246.63	1934.84
-31630.0	7816.0	1245.52	1795.06
-31630.0	7816.0	1244.41	1862.24
-31630.0	7816.0	1243.3	1936.14
-31630.0	7816.0	1242.18	1881.86
-31630.0	7816.0	1241.07	1922.02
-31630.0	7816.0	1239.96	1865.51
-31630.0	7816.0	1238.85	1941.61
-31630.0	7816.0	1237.74	1864.9
-31630.0	7816.0	1236.62	1900.54
-31630.0	7816.0	1235.51	1880.01
-31630.0	7816.0	1234.4	1807.84
-31630.0	7816.0	1233.28	1915.32
-31630.0	7816.0	1232.17	1834.18
-31630.0	7816.0	1231.06	1867.55
-31630.0	7816.0	1229.94	1894.18
-31630.0	7816.0	1228.83	1848.99
-31630.0	7816.0	1227.71	1821.76
-31630.0	7816.0	1226.6	1913.43
-31630.0	7816.0	1225.48	1814.43
-31630.0	7816.0	1224.37	1881.41
-31630.0	7816.0	1223.25	1899.03
-31630.0	7816.0	1222.14	1867.34
-31630.0	7816.0	1221.02	1837.89
-31630.0	7816.0	1219.91	1922.74
-31630.0	7816.0	1218.79	1839.52
-31630.0	7816.0	1217.68	1843.7
-31630.0	7816.0	1216.56	1816.52
-31630.0	7816.0	1215.44	1914.76
-31630.0	7816.0	1214.33	1847.27
-31630.0	7816.0	1213.21	1853.68
-31630.0	7816.0	1212.09	1882.47
-31630.0	7816.0	1210.98	1900.06
-31630.0	7816.0	1209.86	1906.46
-31630.0	7816.0	1208.74	1863.63
-31630.0	7816.0	1207.62	1852.14
-31630.0	7816.0	1206.51	1809.34
-31630.0	7816.0	1205.39	1847.06
-31630.0	7816.0	1204.27	1884.76
-31630.0	7816.0	1203.15	1875.5
-31630.0	7816.0	1202.03	1908.72
-31630.0	7816.0	1200.91	1839.12
-31630.0	7816.0	1199.8	1818.71
-31630.0	7816.0	1198.68	1851.92
-31630.0	7816.0	1197.56	1793.54
-31630.0	7816.0	1196.44	1797.7
-31630.0	7816.0	1195.32	1888.95
-31630.0	7816.0	1194.2	1848.45
-31630.0	7816.0	1193.08	1852.61
-31630.0	7816.0	1191.96	1865.69
-31630.0	7816.0	1190.84	1892.15
-31630.0	7816.0	1189.72	1842.76
-31630.0	7816.0	1188.6	1869.22
-31630.0	7816.0	1187.48	1906.82
-31630.0	7816.0	1186.35	1877.51
-31630.0	7816.0	1185.23	1821.46
-31630.0	7816.0	1184.11	1850.13
-31630.0	7816.0	1182.99	1847.6
-31630.0	7816.0	1181.87	1816.09
-31630.0	7816.0	1180.75	1809.1
-31630.0	7816.0	1179.62	1811.03
-31630.0	7816.0	1178.5	1775.09
-31630.0	7816.0	1177.38	1866.09
-31630.0	7816.0	1176.26	1908.08
-31630.0	7816.0	1175.13	1896.63
-31630.0	7816.0	1174.01	1749.41
-31630.0	7816.0	1172.89	1822.56
-31630.0	7816.0	1171.76	1886.78
-31630.0	7816.0	1170.64	1908.7
-31630.0	7816.0	1169.51	1841.66
-31630.0	7816.0	1168.39	1852.47
-31630.0	7816.0	1167.27	1814.36
-31630.0	7816.0	1166.14	1760.7
-31630.0	7816.0	1165.02	1822.64
-31630.0	7816.0	1163.89	1804.55
-31630.0	7816.0	1162.77	1839.8
-31630.0	7816.0	1161.64	1779.5
-31630.0	7816.0	1160.52	1836.96
-31630.0	7816.0	1159.39	1803.33
-31630.0	7816.0	1158.26	1860.76
-31630.0	7816.0	1157.14	1822.71
-31630.0	7816.0	1156.01	1831.28
-31630.0	7816.0	1154.88	1822.09
-31630.0	7816.0	1153.76	1775.18
-31630.0	7816.0	1152.63	1790.41
-31630.0	7816.0	1151.5	1774.58
-31630.0	7816.0	1150.38	1736.58
-31630.0	7816.0	1149.25	1800.59
-31630.0	7816.0	1148.12	1846.85
-31630.0	7816.0	1146.99	1784.46
-31630.0	7816.0	1145.87	1790.81
-31630.0	7816.0	1144.74	1872.5
-31630.0	7816.0	1143.61	1845.59
-31630.0	7816.0	1142.48	1703.51
-31630.0	7816.0	1141.35	1811.74
-31630.0	7816.0	1140.22	1793.72
-31630.0	7816.0	1139.09	1833.27
-31630.0	7816.0	1137.97	1755.48
-31630.0	7816.0	1136.84	1764.03
-31630.0	7816.0	1135.71	1805.78
-31630.0	7816.0	1134.58	1761.22
-31630.0	7816.0	1133.45	1840.56
-31630.0	7816.0	1132.32	1798.22
-31630.0	7816.0	1131.19	1738.2
-31630.0	7816.0	1130.05	1771.07
-31630.0	7816.0	1128.92	1803.93
-31630.0	7816.0	1127.79	1743.95
-31630.0	7816.0	1126.66	1708.29
-31630.0	7816.0	1125.53	1758.82
-31630.0	7816.0	1124.4	1787.24
-31630.0	7816.0	1123.27	1804.6
-31630.0	7816.0	1122.13	1757.91
-31630.0	7816.0	1121.0	1764.24
-31630.0	7816.0	1119.87	1823.54
-31630.0	7816.0	1118.74	1818.82
-31630.0	7816.0	1117.6	1783.19
-31630.0	7816.0	1116.47	1767.44
-31630.0	7816.0	1115.34	1846.56
-31630.0	7816.0	1114.2	1713.9
-31630.0	7816.0	1113.07	1759.92
-31630.0	7816.0	1111.94	1792.69
-31630.0	7816.0	1110.8	1706.4
-31630.0	7816.0	1109.67	1730.35
-31630.0	7816.0	1108.54	1791.77
-31630.0	7816.0	1107.4	1747.39
-31630.0	7816.0	1106.27	1703.02
-31630.0	7816.0	1105.13	1718.15
-31630.0	7816.0	1104.0	1764.11
-31630.0	7816.0	1102.86	1684.53
-31630.0	7816.0	1101.72	1717.26
-31630.0	7816.0	1100.59	1716.97
-31630.0	7816.0	1099.45	1787.1
-31630.0	7816.0	1098.32	1782.39
-31630.0	7816.0	1097.18	1817.28
-31630.0	7816.0	1096.04	1812.57
-31630.0	7816.0	1094.91	1752.87
-31630.0	7816.0	1093.77	1765.77
-31630.0	7816.0	1092.63	1831.42
-31630.0	7816.0	1091.5	1767.35
-31630.0	7816.0	1090.36	1819.79
-31630.0	7816.0	1089.22	1751.36
-31630.0	7816.0	1088.08	1753.25
-31630.0	7816.0	1086.95	1750.75
-31630.0	7816.0	1085.81	1715.31
-31630.0	7816.0	1084.67	1816.02
-31630.0	7816.0	1083.53	1776.19
-31630.0	7816.0	1082.39	1800.03
-31630.0	7816.0	1081.25	1714.12
-31630.0	7816.0	1080.11	1821.35
-31630.0	7816.0	1078.97	1728.88
-31630.0	7816.0	1077.83	1770.26
-31630.0	7816.0	1076.69	1868.65
-31630.0	7816.0	1075.55	1717.01
-31630.0	7816.0	1074.41	1753.99
-31630.0	7816.0	1073.27	1731.76
-31630.0	7816.0	1072.13	1685.43
-31630.0	7816.0	1070.99	1799.09
-31630.0	7816.0	1069.85	1684.85
-31630.0	7816.0	1068.71	1741.51
-31630.0	7816.0	1067.57	1708.35
-31630.0	7816.0	1066.43	1725.57
-31630.0	7816.0	1065.28	1780.0
-31630.0	7816.0	1064.14	1757.8
-31630.0	7816.0	1063.0	1713.72
-31630.0	7816.0	1061.86	1737.49
-31630.0	7816.0	1060.71	1820.33
-31630.0	7816.0	1059.57	1802.51
-31630.0	7816.0	1058.43	1743.14
-31630.0	7816.0	1057.29	1775.64
-31630.0	7816.0	1056.14	1760.02
-31630.0	7816.0	1055.0	1820.92
-31630.0	7816.0	1053.85	1720.07
-31630.0	7816.0	1052.71	1750.36
-31630.0	7816.0	1051.57	1776.27
-31630.0	7816.0	1050.42	1732.27
-31630.0	7816.0	1049.28	1699.2
-31630.0	7816.0	1048.13	1692.35
-31630.0	7816.0	1046.99	1687.69
-31630.0	7816.0	1045.84	1691.76
-31630.0	7816.0	1044.7	1798.4
-31630.0	7816.0	1043.55	1758.81
-31630.0	7816.0	1042.4	1847.95
-31630.0	7816.0	1041.26	1782.18
-31630.0	7816.0	1040.11	1718.62
-31630.0	7816.0	1038.97	1812.08
-31630.0	7816.0	1037.82	1800.86
-31630.0	7816.0	1036.67	1798.37
-31630.0	7816.0	1035.53	1754.46
-31630.0	7816.0	1034.38	1751.97
-31630.0	7816.0	1033.23	1699.37
-31630.0	7816.0	1032.08	1781.85
-31630.0	7816.0	1030.94	1768.47
-31630.0	7816.0	1029.79	1794.28
-31630.0	7816.0	1028.64	1889.76
-31630.0	7816.0	1027.49	1780.59
-31630.0	7816.0	1026.34	1841.21
-31630.0	7816.0	1025.19	1851.76
-31630.0	7816.0	1024.04	1797.05
-31630.0	7816.0	1022.89	1912.01
-31630.0	7816.0	1021.74	1872.53
-31630.0	7816.0	1020.59	1878.72
-31630.0	7816.0	1019.45	1839.25
-31630.0	7816.0	1018.29	1906.31
-31630.0	7816.0	1017.14	1829.9
-31630.0	7816.0	1015.99	1838.27
-31630.0	7816.0	1014.84	1844.46
-31630.0	7816.0	1013.69	1857.17
-31630.0	7816.0	1012.54	1865.52
-31630.0	7816.0	1011.39	1910.79
-31630.0	7816.0	1010.24	1921.3
-31630.0	7816.0	1009.09	1923.13
-31630.0	7816.0	1007.93	1883.73
-31630.0	7816.0	1006.78	1892.07
-31630.0	7816.0	1005.63	1965.49
-31630.0	7816.0	1004.48	1967.31
-31630.0	7816.0	1003.32	1962.62
-31630.0	7816.0	1002.17	1979.62
-31630.0	7816.0	1001.02	2007.44
-31630.0	7816.0	999.865	1989.75
-31630.0	7816.0	998.711	2106.41
-31630.0	7816.0	997.558	2129.87
-31630.0	7816.0	996.403	2131.65
-31630.0	7816.0	995.249	2022.98
-31630.0	7816.0	994.095	2135.22
-31630.0	7816.0	992.94	2234.44
-31630.0	7816.0	991.785	2132.29
-31630.0	7816.0	990.63	2199.0
-31630.0	7816.0	989.475	2311.14
-31630.0	7816.0	988.319	2293.41
-31630.0	7816.0	987.164	2329.78
-31630.0	7816.0	986.008	2301.24
-31630.0	7816.0	984.852	2277.04
-31630.0	7816.0	983.695	2380.41
-31630.0	7816.0	982.539	2386.47
-31630.0	7816.0	981.382	2368.75
-31630.0	7816.0	980.225	2394.25
-31630.0	7816.0	979.068	2372.21
-31630.0	7816.0	977.911	2408.51
-31630.0	7816.0	976.753	2367.04
-31630.0	7816.0	975.595	2340.7
-31630.0	7816.0	974.437	2424.48
-31630.0	7816.0	973.279	2404.61
-31630.0	7816.0	972.121	2430.08
-31630.0	7816.0	970.962	2399.43
-31630.0	7816.0	969.803	2390.37
-31630.0	7816.0	968.644	2420.13
-31630.0	7816.0	967.485	2398.13
-31630.0	7816.0	966.326	2358.88
-31630.0	7816.0	965.166	2367.08
-31630.0	7816.0	964.006	2366.65
-31630.0	7816.0	962.846	2480.44
-31630.0	7816.0	961.686	2419.66
-31630.0	7816.0	960.525	2401.99
-31630.0	7816.0	959.365	2382.16
-31630.0	7816.0	958.204	2375.27
-31630.0	7816.0	957.043	2422.21
-31630.0	7816.0	955.881	2417.46
-31630.0	7816.0	954.72	2358.91
-31630.0	7816.0	953.558	2461.77
-31630.0	7816.0	952.396	2342.99
-31630.0	7816.0	951.234	2447.97
-31630.0	7816.0	950.071	2387.31
-31630.0	7816.0	948.909	2292.26
-31630.0	7816.0	947.746	2403.64
-31630.0	7816.0	946.583	2398.9
-31630.0	7816.0	945.42	2349.03
-31630.0	7816.0	944.256	2348.6
-31630.0	7816.0	943.092	2333.14
-31630.0	7816.0	941.929	2339.16
-31630.0	7816.0	940.765	2377.39
-31630.0	7816.0	939.6	2299.65
-31630.0	7816.0	938.436	2299.23
-31630.0	7816.0	937.271	2236.57
-31630.0	7816.0	936.106	2225.43
-31630.0	7816.0	934.941	2199.27
-31630.0	7816.0	933.775	2164.55
-31630.0	7816.0	932.61	2116.96
-31630.0	7816.0	931.444	2105.85
-31630.0	7816.0	930.278	2137.63
-31630.0	7816.0	929.112	2072.93
-31630.0	7816.0	927.945	2003.96
-31630.0	7816.0	926.779	1950.02
-31630.0	7816.0	925.612	2046.08
-31630.0	7816.0	924.445	1955.73
-31630.0	7816.0	923.278	1938.24
-31630.0	7816.0	922.11	1942.17
-31630.0	7816.0	920.942	1836.9
-31630.0	7816.0	919.774	1999.25
-31630.0	7816.0	918.606	1962.5
-31630.0	7816.0	917.438	1823.05
-31630.0	7816.0	916.269	1889.04
-31630.0	7816.0	915.1	1768.91
-31630.0	7816.0	913.931	1884.06
-31630.0	7816.0	912.762	1776.81
-31630.0	7816.0	911.593	1793.58
-31630.0	7816.0	910.423	1771.88
-31630.0	7816.0	909.253	1792.92
-31630.0	7816.0	908.083	1818.23
-31630.0	7816.0	906.913	1828.57
-31630.0	7816.0	905.742	1847.46
-31630.0	7816.0	904.572	1772.38
-31630.0	7816.0	903.401	1716.54
-31630.0	7816.0	902.229	1797.34
-31630.0	7816.0	901.058	1762.86
-31630.0	7816.0	899.886	1739.06
-31630.0	7816.0	898.715	1706.74
-31630.0	7816.0	897.543	1776.81
-31630.0	7816.0	896.37	1742.36
-31630.0	7816.0	895.198	1742.04
-31630.0	7816.0	894.025	1722.53
-31630.0	7816.0	892.852	1700.89
-31630.0	7816.0	891.679	1751.72
-31630.0	7816.0	890.506	1762.05
-31630.0	7816.0	889.332	1661.6
-31630.0	7816.0	888.158	1733.71
-31630.0	7816.0	886.984	1744.03
-31630.0	7816.0	885.81	1686.22
-31630.0	7816.0	884.636	1677.39
-31630.0	7816.0	883.461	1677.08
-31630.0	7816.0	882.286	1706.56
-31630.0	7816.0	881.111	1725.39
-31630.0	7816.0	879.936	1718.69
-31630.0	7816.0	878.76	1737.51
-31630.0	7816.0	877.584	1701.04
-31630.0	7816.0	876.408	1670.96
-31630.0	7816.0	875.232	1643.01
-31630.0	7816.0	874.056	1651.21
-31630.0	7816.0	872.879	1665.77
-31630.0	7816.0	871.702	1714.32
-31630.0	7816.0	870.525	1660.9
-31630.0	7816.0	869.348	1696.69
-31630.0	7816.0	868.17	1673.02
-31630.0	7816.0	866.993	1630.25
-31630.0	7816.0	865.815	1640.56
-31630.0	7816.0	864.637	1610.54
-31630.0	7816.0	863.458	1686.62
-31630.0	7816.0	862.28	1631.15
-31630.0	7816.0	861.101	1666.9
-31630.0	7816.0	859.922	1602.97
-31630.0	7816.0	858.742	1662.03
-31630.0	7816.0	857.563	1619.33
-31630.0	7816.0	856.383	1680.48
-31630.0	7816.0	855.203	1720.42
-31630.0	7816.0	854.023	1641.72
-31630.0	7816.0	852.843	1652.0
-31630.0	7816.0	851.662	1607.22
-31630.0	7816.0	850.481	1609.03
-31630.0	7816.0	849.3	1638.37
-31630.0	7816.0	848.119	1599.96
-31630.0	7816.0	846.937	1627.17
-31630.0	7816.0	845.756	1641.67
-31630.0	7816.0	844.574	1668.86
-31630.0	7816.0	843.392	1653.74
-31630.0	7816.0	842.209	1706.29
-31630.0	7816.0	841.027	1682.71
-31630.0	7816.0	839.844	1678.17
-31630.0	7816.0	838.661	1582.76
-31630.0	7816.0	837.477	1639.5
-31630.0	7816.0	836.294	1700.45
-31630.0	7816.0	835.11	1664.23
-31630.0	7816.0	833.926	1697.7
-31630.0	7816.0	832.742	1672.04
-31630.0	7816.0	831.558	1718.16
-31630.0	7816.0	830.373	1703.06
-31630.0	7816.0	829.188	1643.66
-31630.0	7816.0	828.003	1643.35
-31630.0	7816.0	826.818	1621.95
-31630.0	7816.0	825.632	1606.88
-31630.0	7816.0	824.446	1600.25
-31630.0	7816.0	823.26	1677.94
-31630.0	7816.0	822.074	1633.36
-31630.0	7816.0	820.888	1662.55
-31630.0	7816.0	819.701	1649.6
-31630.0	7816.0	818.514	1645.07
-31630.0	7816.0	817.327	1627.91
-31630.0	7816.0	816.14	1650.76
-31630.0	7816.0	814.952	1654.66
-31630.0	7816.0	813.765	1631.19
-31630.0	7816.0	812.577	1635.09
-31630.0	7816.0	811.388	1651.61
-31630.0	7816.0	810.2	1598.7
-31630.0	7816.0	809.011	1667.8
-31630.0	7816.0	807.822	1640.15
-31630.0	7816.0	806.633	1652.45
-31630.0	7816.0	805.444	1616.4
-31630.0	7816.0	804.254	1616.09
-31630.0	7816.0	803.064	1594.77
-31630.0	7816.0	801.874	1586.07
-31630.0	7816.0	800.684	1564.76
-31630.0	7816.0	799.493	1696.76
-31630.0	7816.0	798.303	1664.94
-31630.0	7816.0	797.112	1649.93
-31630.0	7816.0	795.921	1582.45
-31630.0	7816.0	794.729	1613.62
-31630.0	7816.0	793.538	1623.8
-31630.0	7816.0	792.346	1589.93
-31630.0	7816.0	791.154	1530.91
-31630.0	7816.0	789.961	1555.77
-31630.0	7816.0	788.769	1584.82
-31630.0	7816.0	787.576	1643.21
-31630.0	7816.0	786.383	1628.22
-31630.0	7816.0	785.19	1609.05
-31630.0	7816.0	783.996	1617.12
-31630.0	7816.0	782.802	1549.79
-31630.0	7816.0	781.608	1528.56
-31630.0	7816.0	780.414	1574.32
-31630.0	7816.0	779.22	1592.86
-31630.0	7816.0	778.025	1607.2
-31630.0	7816.0	776.83	1577.6
-31630.0	7816.0	775.635	1608.67
-31630.0	7816.0	774.44	1597.9
-31630.0	7816.0	773.244	1595.5
-31630.0	7816.0	772.049	1568.02
-31630.0	7816.0	770.853	1603.25
-31630.0	7816.0	769.656	1632.2
-31630.0	7816.0	768.46	1571.29
-31630.0	7816.0	767.263	1604.41
-31630.0	7816.0	766.066	1597.83
-31630.0	7816.0	764.869	1553.67
-31630.0	7816.0	763.672	1572.16
-31630.0	7816.0	762.474	1617.78
-31630.0	7816.0	761.276	1596.6
-31630.0	7816.0	760.078	1587.94
-31630.0	7816.0	758.88	1633.53
-31630.0	7816.0	757.681	1626.96
-31630.0	7816.0	756.483	1614.13
-31630.0	7816.0	755.284	1597.14
-31630.0	7816.0	754.084	1640.61
-31630.0	7816.0	752.885	1540.25
-31630.0	7816.0	751.685	1602.46
-31630.0	7816.0	750.485	1593.82
-31630.0	7816.0	749.285	1541.43
-31630.0	7816.0	748.085	1616.11
-31630.0	7816.0	746.884	1630.37
-31630.0	7816.0	745.683	1586.33
-31630.0	7816.0	744.482	1619.33
-31630.0	7816.0	743.281	1564.91
-31630.0	7816.0	742.079	1612.46
-31630.0	7816.0	740.877	1580.94
-31630.0	7816.0	739.675	1613.91
-31630.0	7816.0	738.473	1588.64
-31630.0	7816.0	737.27	1598.73
-31630.0	7816.0	736.068	1590.1
-31630.0	7816.0	734.865	1598.1
-31630.0	7816.0	733.661	1558.31
-31630.0	7816.0	732.458	1570.47
-31630.0	7816.0	731.254	1609.63
-31630.0	7816.0	730.05	1596.86
-31630.0	7816.0	728.846	1557.1
-31630.0	7816.0	727.642	1610.76
-31630.0	7816.0	726.437	1589.69
-31630.0	7816.0	725.232	1589.38
-31630.0	7816.0	724.027	1611.89
-31630.0	7816.0	722.822	1592.91
-31630.0	7816.0	721.616	1534.54
-31630.0	7816.0	720.41	1635.83
-31630.0	7816.0	719.204	1594.05
-31630.0	7816.0	717.998	1612.39
-31630.0	7816.0	716.791	1618.29
-31630.0	7816.0	715.585	1578.61
-31630.0	7816.0	714.378	1797.85
-31630.0	7816.0	713.17	1698.1
-31630.0	7816.0	711.963	1664.64
-31630.0	7816.0	710.755	1554.6
-31630.0	7816.0	709.547	1632.94
-31630.0	7816.0	708.339	1628.48
-31630.0	7816.0	707.131	1584.72
-31630.0	7816.0	705.922	1571.99
-31630.0	7816.0	704.713	1551.01
-31630.0	7816.0	703.504	1604.46
-31630.0	7816.0	702.295	1577.27
-31630.0	7816.0	701.085	1632.76
-31630.0	7816.0	699.875	1597.31
-31630.0	7816.0	698.665	1576.34
-31630.0	7816.0	697.455	1611.14
-31630.0	7816.0	696.244	1652.13
-31630.0	7816.0	695.034	1651.8
-31630.0	7816.0	693.822	1595.74
-31630.0	7816.0	692.611	1609.87
-31630.0	7816.0	691.4	1619.87
-31630.0	7816.0	690.188	1592.73
-31630.0	7816.0	688.976	1621.29
-31630.0	7816.0	687.764	1618.91
-31630.0	7816.0	686.551	1649.52
-31630.0	7816.0	685.339	1632.7
-31630.0	7816.0	684.126	1671.54
-31630.0	7816.0	682.912	1675.33
-31630.0	7816.0	681.699	1607.01
-31630.0	7816.0	680.485	1526.36
-31630.0	7816.0	679.271	1618.73
-31630.0	7816.0	678.057	1696.65
-31630.0	7816.0	676.843	1657.2
-31630.0	7816.0	675.628	1667.17
-31630.0	7816.0	674.413	1685.36
-31630.0	7816.0	673.198	1680.91
-31630.0	7816.0	671.983	1713.49
-31630.0	7816.0	670.767	1626.77
-31630.0	7816.0	669.551	1702.52
-31630.0	7816.0	668.335	1630.23
-31630.0	7816.0	667.119	1638.13
-31630.0	7816.0	665.902	1617.26
-31630.0	7816.0	664.686	1727.88
-31630.0	7816.0	663.469	1692.62
-31630.0	7816.0	662.251	1692.28
-31630.0	7816.0	661.034	1710.42
-31630.0	7816.0	659.816	1749.09
-31630.0	7816.0	658.598	1759.0
-31630.0	7816.0	657.38	1637.58
-31630.0	7816.0	656.161	1694.7
-31630.0	7816.0	654.942	1643.08
-31630.0	7816.0	653.723	1708.38
-31630.0	7816.0	652.504	1664.98
-31630.0	7816.0	651.285	1668.75
-31630.0	7816.0	650.065	1639.72
-31630.0	7816.0	648.845	1649.64
-31630.0	7816.0	647.625	1622.67
-31630.0	7816.0	646.404	1634.64
-31630.0	7816.0	645.184	1658.89
-31630.0	7816.0	643.963	1695.42
-31630.0	7816.0	642.742	1676.65
-31630.0	7816.0	641.52	1621.05
-31630.0	7816.0	640.298	1653.47
-31630.0	7816.0	639.076	1647.0
-31630.0	7816.0	637.854	1687.58
-31630.0	7816.0	636.632	1726.1
-31630.0	7816.0	635.409	1609.21
-31630.0	7816.0	634.186	1655.9
-31630.0	7816.0	632.963	1665.79
-31630.0	7816.0	631.74	1667.5
-31630.0	7816.0	630.516	1671.25
-31630.0	7816.0	629.292	1660.7
-31630.0	7816.0	628.068	1648.12
-31630.0	7816.0	626.844	1653.91
-31630.0	7816.0	625.619	1684.2
-31630.0	7816.0	624.394	1706.32
-31630.0	7816.0	623.169	1720.26
-31630.0	7816.0	621.944	1689.31
-31630.0	7816.0	620.718	1676.73
-31630.0	7816.0	619.492	1698.83
-31630.0	7816.0	618.266	1692.37
-31630.0	7816.0	617.04	1665.52
-31630.0	7816.0	615.813	1687.61
-31630.0	7816.0	614.587	1750.44
-31630.0	7816.0	613.36	1680.82
-31630.0	7816.0	612.132	1651.96
-31630.0	7816.0	610.905	1686.25
-31630.0	7816.0	609.677	1706.27
-31630.0	7816.0	608.449	1695.75
-31630.0	7816.0	607.22	1703.55
-31630.0	7816.0	605.992	1727.62
-31630.0	7816.0	604.763	1656.07
-31630.0	7816.0	603.534	1657.77
-31630.0	7816.0	602.305	1679.8
-31630.0	7816.0	601.075	1681.5
-31630.0	7816.0	599.845	1597.81
-31630.0	7816.0	598.615	1654.4
-31630.0	7816.0	597.385	1700.8
-31630.0	7816.0	596.154	1726.86
-31630.0	7816.0	594.924	1744.8
-31630.0	7816.0	593.693	1691.64
-31630.0	7816.0	592.461	1681.15
-31630.0	7816.0	591.23	1626.0
-31630.0	7816.0	589.998	1664.23
-31630.0	7816.0	588.766	1655.78
-31630.0	7816.0	587.534	1673.7
-31630.0	7816.0	586.301	1709.87
-31630.0	7816.0	585.068	1681.13
-31630.0	7816.0	583.835	1688.9
-31630.0	7816.0	582.602	1700.72
-31630.0	7816.0	581.368	1732.8
-31630.0	7816.0	580.134	1732.45
-31630.0	7816.0	578.9	1673.35
-31630.0	7816.0	577.666	1687.19
-31630.0	7816.0	576.432	1652.42
-31630.0	7816.0	575.197	1694.6
-31630.0	7816.0	573.962	1684.14
-31630.0	7816.0	572.726	1699.98
-31630.0	7816.0	571.491	1659.17
-31630.0	7816.0	570.255	1638.6
-31630.0	7816.0	569.019	1632.2
-31630.0	7816.0	567.783	1666.25
-31630.0	7816.0	566.546	1736.67
-31630.0	7816.0	565.309	1693.86
-31630.0	7816.0	564.072	1671.29
-31630.0	7816.0	562.835	1725.5
-31630.0	7816.0	561.597	1745.35
-31630.0	7816.0	560.359	1765.19
-31630.0	7816.0	559.121	1720.41
-31630.0	7816.0	557.883	1742.26
-31630.0	7816.0	556.644	1768.15
-31630.0	7816.0	555.406	1707.25
-31630.0	7816.0	554.167	1753.3
-31630.0	7816.0	552.927	1795.31
-31630.0	7816.0	551.688	1841.33
-31630.0	7816.0	550.448	1836.92
-31630.0	7816.0	549.208	1888.96
-31630.0	7816.0	547.967	1838.18
-31630.0	7816.0	546.727	1896.24
-31630.0	7816.0	545.486	1936.15
-31630.0	7816.0	544.245	1839.07
-31630.0	7816.0	543.003	1965.57
-31630.0	7816.0	541.762	1973.22
-31630.0	7816.0	540.52	1948.66
-31630.0	7816.0	539.278	2024.74
-31630.0	7816.0	538.035	2060.54
-31630.0	7816.0	536.793	2088.29
-31630.0	7816.0	535.55	2202.51
-31630.0	7816.0	534.307	2360.93
-31630.0	7816.0	533.063	2489.12
-31630.0	7816.0	531.82	2645.41
-31630.0	7816.0	530.576	2960.4
-31630.0	7816.0	529.331	3413.91
-31630.0	7816.0	528.087	3897.36
-31630.0	7816.0	526.842	4792.37
-31630.0	7816.0	525.597	6215.14
-31630.0	7816.0	524.352	8171.38
-31630.0	7816.0	523.107	10735.0
-31630.0	7816.0	521.861	13767.2
-31630.0	7816.0	520.615	15082.7
-31630.0	7816.0	519.369	13665.3
-31630.0	7816.0	518.122	11584.6
-31630.0	7816.0	516.876	9721.37
-31630.0	7816.0	515.629	8342.06
-31630.0	7816.0	514.381	7095.6
-31630.0	7816.0	513.134	6250.46
-31630.0	7816.0	511.886	5485.81
-31630.0	7816.0	510.638	5001.91
-31630.0	7816.0	509.39	4646.39
-31630.0	7816.0	508.141	4252.98
-31630.0	7816.0	506.892	3915.77
-31630.0	7816.0	505.643	3784.87
-31630.0	7816.0	504.394	3666.02
-31630.0	7816.0	503.145	3521.22
-31630.0	7816.0	501.895	3400.47
-31630.0	7816.0	500.645	3353.77
-31630.0	7816.0	499.394	3319.09
-31630.0	7816.0	498.144	3252.43
-31630.0	7816.0	496.893	3171.82
-31630.0	7816.0	495.642	3141.19
-31630.0	7816.0	494.39	3138.54
-31630.0	7816.0	493.139	2962.12
-31630.0	7816.0	491.887	2933.55
-31630.0	7816.0	490.635	2825.13
-31630.0	7816.0	489.382	2738.71
-31630.0	7816.0	488.13	2586.47
-31630.0	7816.0	486.877	2631.82
-31630.0	7816.0	485.623	2567.44
-31630.0	7816.0	484.37	2465.19
-31630.0	7816.0	483.116	2452.72
-31630.0	7816.0	481.862	2418.31
-31630.0	7816.0	480.608	2423.79
-31630.0	7816.0	479.354	2369.48
-31630.0	7816.0	478.099	2315.2
-31630.0	7816.0	476.844	2374.48
-31630.0	7816.0	475.588	2254.49
-31630.0	7816.0	474.333	2347.61
-31630.0	7816.0	473.077	2287.39
-31630.0	7816.0	471.821	2263.04
-31630.0	7816.0	470.565	2282.46
-31630.0	7816.0	469.308	2234.24
-31630.0	7816.0	468.051	2209.91
-31630.0	7816.0	466.794	2191.55
-31630.0	7816.0	465.537	2216.94
-31630.0	7816.0	464.279	2144.92
-31630.0	7816.0	463.021	2100.75
-31630.0	7816.0	461.763	2144.02
-31630.0	7816.0	460.505	2125.7
-31630.0	7816.0	459.246	2081.56
-31630.0	7816.0	457.987	2095.03
-31630.0	7816.0	456.728	2120.4
-31630.0	7816.0	455.469	2098.12
-31630.0	7816.0	454.209	2040.13
-31630.0	7816.0	452.949	2107.17
-31630.0	7816.0	451.689	2047.22
-31630.0	7816.0	450.428	2094.39
-31630.0	7816.0	449.167	2107.83
-31630.0	7816.0	447.906	2053.87
-31630.0	7816.0	446.645	2031.64
-31630.0	7816.0	445.383	2066.88
-31630.0	7816.0	444.122	2064.47
-31630.0	7816.0	442.86	2036.31
-31630.0	7816.0	441.597	2065.59
-31630.0	7816.0	440.335	2106.74
-31630.0	7816.0	439.072	2153.81
-31630.0	7816.0	437.809	2066.27
-31630.0	7816.0	436.545	2089.58
-31630.0	7816.0	435.281	2071.34
-31630.0	7816.0	434.018	2116.4
-31630.0	7816.0	432.753	2119.91
-31630.0	7816.0	431.489	2064.11
-31630.0	7816.0	430.224	2063.68
-31630.0	7816.0	428.959	2049.41
-31630.0	7816.0	427.694	2076.65
-31630.0	7816.0	426.428	2032.75
-31630.0	7816.0	425.163	2030.35
-31630.0	7816.0	423.896	2043.75
-31630.0	7816.0	422.63	2017.65
-31630.0	7816.0	421.364	2054.73
-31630.0	7816.0	420.097	2040.49
-31630.0	7816.0	418.83	2032.17
-31630.0	7816.0	417.562	2063.3
-31630.0	7816.0	416.295	1952.43
-31630.0	7816.0	415.027	2007.23
-31630.0	7816.0	413.758	2004.84
-31630.0	7816.0	412.49	2063.54
-31630.0	7816.0	411.221	2019.76
-31630.0	7816.0	409.952	1946.44
-31630.0	7816.0	408.683	2081.94
-31630.0	7816.0	407.414	2036.21
-31630.0	7816.0	406.144	2035.78
-31630.0	7816.0	404.874	2015.67
-31630.0	7816.0	403.603	2001.47
-31630.0	7816.0	402.333	2016.79
-31630.0	7816.0	401.062	2000.63
-31630.0	7816.0	399.791	2008.08
-31630.0	7816.0	398.519	2050.91
-31630.0	7816.0	397.248	2015.09
-31630.0	7816.0	395.976	1977.33
-31630.0	7816.0	394.704	1943.5
-31630.0	7816.0	393.431	2064.9
-31630.0	7816.0	392.159	1970.18
-31630.0	7816.0	390.886	2038.5
-31630.0	7816.0	389.612	2028.26
-31630.0	7816.0	388.339	2059.24
-31630.0	7816.0	387.065	2021.51
-31630.0	7816.0	385.791	2070.14
-31630.0	7816.0	384.517	2010.85
-31630.0	7816.0	383.242	1977.09
-31630.0	7816.0	381.967	2037.46
-31630.0	7816.0	380.692	1984.09
-31630.0	7816.0	379.417	2017.0
-31630.0	7816.0	378.141	2061.65
-31630.0	7816.0	376.865	2065.13
-31630.0	7816.0	375.589	1947.16
-31630.0	7816.0	374.312	2040.76
-31630.0	7816.0	373.035	2116.69
-31630.0	7816.0	371.758	1979.21
-31630.0	7816.0	370.481	2039.46
-31630.0	7816.0	369.204	2074.26
-31630.0	7816.0	367.926	2128.6
-31630.0	7816.0	366.648	2028.39
-31630.0	7816.0	365.369	2004.49
-31630.0	7816.0	364.091	2082.28
-31630.0	7816.0	362.812	2118.98
-31630.0	7816.0	361.532	2075.53
-31630.0	7816.0	360.253	2002.8
-31630.0	7816.0	358.973	2033.63
-31630.0	7816.0	357.693	2052.73
-31630.0	7816.0	356.413	2032.77
-31630.0	7816.0	355.132	2065.53
-31630.0	7816.0	353.852	2178.3
-31630.0	7816.0	352.571	2066.61
-31630.0	7816.0	351.289	2062.27
-31630.0	7816.0	350.008	2061.83
-31630.0	7816.0	348.726	2086.74
-31630.0	7816.0	347.444	2111.65
-31630.0	7816.0	346.161	2171.63
-31630.0	7816.0	344.878	2136.09
-31630.0	7816.0	343.595	2096.67
-31630.0	7816.0	342.312	2080.64
-31630.0	7816.0	341.029	2103.57
-31630.0	7816.0	339.745	2097.28
-31630.0	7816.0	338.461	2120.2
-31630.0	7816.0	337.176	2162.57
-31630.0	7816.0	335.892	2070.65
-31630.0	7816.0	334.607	2157.76
-31630.0	7816.0	333.322	2126.18
-31630.0	7816.0	332.036	2164.62
-31630.0	7816.0	330.75	2131.11
-31630.0	7816.0	329.464	2169.54
-31630.0	7816.0	328.178	2163.25
-31630.0	7816.0	326.892	2238.57
-31630.0	7816.0	325.605	2156.5
-31630.0	7816.0	324.318	2200.71
-31630.0	7816.0	323.03	2239.09
-31630.0	7816.0	321.743	2188.13
-31630.0	7816.0	320.455	2238.13
-31630.0	7816.0	319.167	2243.48
-31630.0	7816.0	317.878	2272.11
-31630.0	7816.0	316.59	2261.92
-31630.0	7816.0	315.301	2201.32
-31630.0	7816.0	314.011	2247.39
-31630.0	7816.0	312.722	2268.23
-31630.0	7816.0	311.432	2205.73
-31630.0	7816.0	310.142	2222.7
-31630.0	7816.0	308.851	2272.6
-31630.0	7816.0	307.561	2336.03
-31630.0	7816.0	306.27	2339.41
-31630.0	7816.0	304.979	2321.49
-31630.0	7816.0	303.687	2365.51
-31630.0	7816.0	302.395	2380.49
-31630.0	7816.0	301.103	2383.85
-31630.0	7816.0	299.811	2408.5
-31630.0	7816.0	298.519	2407.98
-31630.0	7816.0	297.226	2457.74
-31630.0	7816.0	295.933	2298.69
-31630.0	7816.0	294.639	2325.26
-31630.0	7816.0	293.345	2266.79
-31630.0	7816.0	292.052	2384.16
-31630.0	7816.0	290.757	2258.1
-31630.0	7816.0	289.463	2317.48
-31630.0	7816.0	288.168	2338.23
-31630.0	7816.0	286.873	2374.4
-31630.0	7816.0	285.578	2343.02
-31630.0	7816.0	284.282	2346.38
-31630.0	7816.0	282.986	2390.25
-31630.0	7816.0	281.69	2256.65
-31630.0	7816.0	280.393	2285.09
-31630.0	7816.0	279.097	2213.27
-31630.0	7816.0	277.8	2216.65
-31630.0	7816.0	276.502	2254.72
-31630.0	7816.0	275.205	2221.49
-31630.0	7816.0	273.907	2190.19
-31630.0	7816.0	272.609	2220.54
-31630.0	7816.0	271.311	2156.52
-31630.0	7816.0	270.012	2142.58
-31630.0	7816.0	268.713	2134.43
-31630.0	7816.0	267.414	2164.76
-31630.0	7816.0	266.114	2150.83
-31630.0	7816.0	264.814	2181.14
-31630.0	7816.0	263.514	2174.91
-31630.0	7816.0	262.214	2160.98
-31630.0	7816.0	260.913	2208.58
-31630.0	7816.0	259.613	2185.04
-31630.0	7816.0	258.311	2176.89
-31630.0	7816.0	257.01	2091.9
-31630.0	7816.0	255.708	2099.13
-31630.0	7816.0	254.406	2077.56
-31630.0	7816.0	253.104	2067.52
-31630.0	7816.0	251.801	2072.83
-31630.0	7816.0	250.499	2039.77
-31630.0	7816.0	249.195	2054.68
-31630.0	7816.0	247.892	2067.67
-31630.0	7816.0	246.588	2067.22
-31630.0	7816.0	245.284	2045.69
-31630.0	7816.0	243.98	2028.0
-31630.0	7816.0	242.676	2040.98
-31630.0	7816.0	241.371	2038.63
-31630.0	7816.0	240.066	2051.6
-31630.0	7816.0	238.76	2110.53
-31630.0	7816.0	237.455	2058.38
-31630.0	7816.0	236.149	2101.97
-31630.0	7816.0	234.843	2034.53
-31630.0	7816.0	233.536	2030.26
-31630.0	7816.0	232.229	2020.26
-31630.0	7816.0	230.922	2023.65
-31630.0	7816.0	229.615	2023.22
-31630.0	7816.0	228.307	2039.99
-31630.0	7816.0	227.0	2085.43
-31630.0	7816.0	225.691	1983.69
-31630.0	7816.0	224.383	1904.93
-31630.0	7816.0	223.074	1942.73
-31630.0	7816.0	221.765	1976.69
-31630.0	7816.0	220.456	1945.71
-31630.0	7816.0	219.146	2015.93
-31630.0	7816.0	217.836	2032.67
-31630.0	7816.0	216.526	2015.06
-31630.0	7816.0	215.216	1965.03
-31630.0	7816.0	213.905	2012.29
-31630.0	7816.0	212.594	1954.65
-31630.0	7816.0	211.283	2011.42
-31630.0	7816.0	209.971	2049.11
-31630.0	7816.0	208.66	2006.75
-31630.0	7816.0	207.348	2023.46
-31630.0	7816.0	206.035	1975.4
-31630.0	7816.0	204.722	1997.83
-31630.0	7816.0	203.409	1928.86
-31630.0	7816.0	202.096	1991.26
-31630.0	7816.0	200.783	1975.61
-31630.0	7816.0	199.469	1914.29
-31630.0	7816.0	198.155	1970.95
-31630.0	7816.0	196.84	1949.61
-31630.0	7816.0	195.526	1970.11
-31630.0	7816.0	194.211	1962.08
-31630.0	7816.0	192.896	2026.28
-31630.0	7816.0	191.58	2240.59
-31630.0	7816.0	190.264	2152.71
-31630.0	7816.0	188.948	2154.15
-31630.0	7816.0	187.632	2064.42
-31630.0	7816.0	186.315	2086.76
-31630.0	7816.0	184.998	2088.21
-31630.0	7816.0	183.681	2034.62
-31630.0	7816.0	182.364	2066.44
-31630.0	7816.0	181.046	2102.04
-31630.0	7816.0	179.728	2118.66
-31630.0	7816.0	178.41	2032.87
-31630.0	7816.0	177.091	2117.74
-31630.0	7816.0	175.772	2126.77
-31630.0	7816.0	174.453	2084.61
-31630.0	7816.0	173.133	2108.8
-31630.0	7816.0	171.814	2060.99
-31630.0	7816.0	170.494	2119.25
-31630.0	7816.0	169.173	2132.05
-31630.0	7816.0	167.853	2095.62
-31630.0	7816.0	166.532	2093.28
-31630.0	7816.0	165.211	2138.24
-31630.0	7816.0	163.889	2118.86
-31630.0	7816.0	162.567	2141.1
-31630.0	7816.0	161.245	2065.0
-31630.0	7816.0	159.923	2145.85
-31630.0	7816.0	158.6	2169.96
-31630.0	7816.0	157.278	2205.4
-31630.0	7816.0	155.954	2153.91
-31630.0	7816.0	154.631	2264.89
-31630.0	7816.0	153.307	2230.41
-31630.0	7816.0	151.983	2239.37
-31630.0	7816.0	150.659	2214.35
-31630.0	7816.0	149.334	2251.62
-31630.0	7816.0	148.009	2145.46
-31630.0	7816.0	146.684	2167.64
-31630.0	7816.0	145.359	2157.74
-31630.0	7816.0	144.033	2217.62
-31630.0	7816.0	142.707	2205.83
-31630.0	7816.0	141.381	2226.08
-31630.0	7816.0	140.054	2202.99
-31630.0	7816.0	138.727	2274.11
-31630.0	7816.0	137.4	2141.76
-31630.0	7816.0	136.072	2171.43
-31630.0	7816.0	134.745	2236.86
-31630.0	7816.0	133.417	2243.91
-31630.0	7816.0	132.088	2205.78
-31630.0	7816.0	130.76	2237.3
-31630.0	7816.0	129.431	2195.43
-31630.0	7816.0	128.102	2219.4
-31630.0	7816.0	126.772	2205.76
-31630.0	7816.0	125.442	2225.96
-31630.0	7816.0	124.112	2159.7
-31630.0	7816.0	122.782	2151.71
-31630.0	7816.0	121.451	2153.13
-31630.0	7816.0	120.12	2163.93
-31630.0	7816.0	118.789	2187.88
-31630.0	7816.0	117.458	2179.9
-31630.0	7816.0	116.126	2207.58
-31630.0	7816.0	114.794	2154.56
-31630.0	7816.0	113.462	2191.62
-31630.0	7816.0	112.129	2174.26
-31630.0	7816.0	110.796	2173.79
-31630.0	7816.0	109.463	2135.82
-31630.0	7816.0	108.129	2140.98
-31630.0	7816.0	106.796	2041.18
-31630.0	7816.0	105.461	2125.07
-31630.0	7816.0	104.127	2126.48
-31630.0	7816.0	102.792	2067.95
-31630.0	7816.0	101.457	1970.12
-31630.0	7816.0	100.122	1919.15
-31630.0	7816.0	98.7867	1918.73
-31630.0	7816.0	97.4509	1955.75
-31630.0	7816.0	96.1148	1897.32
-31630.0	7816.0	94.7784	1889.43
-31630.0	7816.0	93.4418	1909.59
-31630.0	7816.0	92.1048	1795.11
-31630.0	7816.0	90.7676	1817.16
-31630.0	7816.0	89.43	1775.65
-31630.0	7816.0	88.0922	1747.23
-31630.0	7816.0	86.7541	1769.28
-31630.0	7816.0	85.4157	1817.46
