-31626.0	7812.0	1311.89	1955.64
-31626.0	7812.0	1310.78	1993.94
-31626.0	7812.0	1309.68	1932.31
-31626.0	7812.0	1308.58	1879.79
-31626.0	7812.0	1307.48	1972.55
-31626.0	7812.0	1306.38	1958.62
-31626.0	7812.0	1305.28	2001.42
-31626.0	7812.0	1304.18	1880.85
-31626.0	7812.0	1303.07	1950.87
-31626.0	7812.0	1301.97	1918.81
-31626.0	7812.0	1300.87	1984.26
-31626.0	7812.0	1299.77	1990.75
-31626.0	7812.0	1298.66	2017.63
-31626.0	7812.0	1297.56	2123.84
-31626.0	7812.0	1296.46	1951.26
-31626.0	7812.0	1295.35	1964.55
-31626.0	7812.0	1294.25	1948.37
-31626.0	7812.0	1293.15	2002.42
-31626.0	7812.0	1292.04	1981.72
-31626.0	7812.0	1290.94	1994.98
-31626.0	7812.0	1289.83	2005.98
-31626.0	7812.0	1288.73	1899.27
-31626.0	7812.0	1287.63	2014.39
-31626.0	7812.0	1286.52	1950.7
-31626.0	7812.0	1285.42	1923.24
-31626.0	7812.0	1284.31	1981.75
-31626.0	7812.0	1283.21	1952.02
-31626.0	7812.0	1282.1	1960.75
-31626.0	7812.0	1280.99	1838.33
-31626.0	7812.0	1279.89	1903.6
-31626.0	7812.0	1278.78	1928.16
-31626.0	7812.0	1277.68	1959.49
-31626.0	7812.0	1276.57	1868.78
-31626.0	7812.0	1275.46	1922.7
-31626.0	7812.0	1274.36	2026.3
-31626.0	7812.0	1273.25	2005.65
-31626.0	7812.0	1272.14	1955.64
-31626.0	7812.0	1271.04	1928.23
-31626.0	7812.0	1269.93	2006.93
-31626.0	7812.0	1268.82	1902.78
-31626.0	7812.0	1267.71	1936.32
-31626.0	7812.0	1266.61	1906.67
-31626.0	7812.0	1265.5	1946.97
-31626.0	7812.0	1264.39	1962.45
-31626.0	7812.0	1263.28	1973.4
-31626.0	7812.0	1262.17	1932.49
-31626.0	7812.0	1261.06	1988.55
-31626.0	7812.0	1259.95	1922.85
-31626.0	7812.0	1258.84	1906.76
-31626.0	7812.0	1257.74	1852.37
-31626.0	7812.0	1256.63	1903.89
-31626.0	7812.0	1255.52	1935.11
-31626.0	7812.0	1254.41	1905.52
-31626.0	7812.0	1253.3	1990.78
-31626.0	7812.0	1252.19	2003.97
-31626.0	7812.0	1251.08	1983.38
-31626.0	7812.0	1249.96	1960.55
-31626.0	7812.0	1248.85	1874.71
-31626.0	7812.0	1247.74	1858.65
-31626.0	7812.0	1246.63	1914.59
-31626.0	7812.0	1245.52	1927.77
-31626.0	7812.0	1244.41	1907.22
-31626.0	7812.0	1243.3	1870.93
-31626.0	7812.0	1242.18	1904.34
-31626.0	7812.0	1241.07	1919.77
-31626.0	7812.0	1239.96	1885.74
-31626.0	7812.0	1238.85	1883.18
-31626.0	7812.0	1237.74	1939.05
-31626.0	7812.0	1236.62	1940.98
-31626.0	7812.0	1235.51	1893.49
-31626.0	7812.0	1234.4	1890.93
-31626.0	7812.0	1233.28	1832.24
-31626.0	7812.0	1232.17	1834.18
-31626.0	7812.0	1231.06	1854.08
-31626.0	7812.0	1229.94	1815.63
-31626.0	7812.0	1228.83	1822.06
-31626.0	7812.0	1227.71	1933.94
-31626.0	7812.0	1226.6	1837.16
-31626.0	7812.0	1225.48	1866.02
-31626.0	7812.0	1224.37	1845.53
-31626.0	7812.0	1223.25	1820.56
-31626.0	7812.0	1222.14	1806.81
-31626.0	7812.0	1221.02	1849.1
-31626.0	7812.0	1219.91	1817.42
-31626.0	7812.0	1218.79	1873.13
-31626.0	7812.0	1217.68	1866.1
-31626.0	7812.0	1216.56	1894.91
-31626.0	7812.0	1215.44	1865.49
-31626.0	7812.0	1214.33	1824.87
-31626.0	7812.0	1213.21	1831.29
-31626.0	7812.0	1212.09	1808.6
-31626.0	7812.0	1210.98	1888.87
-31626.0	7812.0	1209.86	1823.67
-31626.0	7812.0	1208.74	1854.69
-31626.0	7812.0	1207.62	1872.27
-31626.0	7812.0	1206.51	1887.62
-31626.0	7812.0	1205.39	1822.46
-31626.0	7812.0	1204.27	1851.22
-31626.0	7812.0	1203.15	1765.97
-31626.0	7812.0	1202.03	1973.53
-31626.0	7812.0	1200.91	1899.46
-31626.0	7812.0	1199.8	1912.55
-31626.0	7812.0	1198.68	1825.11
-31626.0	7812.0	1197.56	1840.44
-31626.0	7812.0	1196.44	1802.17
-31626.0	7812.0	1195.32	1817.5
-31626.0	7812.0	1194.2	1828.36
-31626.0	7812.0	1193.08	1828.05
-31626.0	7812.0	1191.96	1843.37
-31626.0	7812.0	1190.84	1843.06
-31626.0	7812.0	1189.72	1833.83
-31626.0	7812.0	1188.6	1875.91
-31626.0	7812.0	1187.48	1806.46
-31626.0	7812.0	1186.35	1819.54
-31626.0	7812.0	1185.23	1857.13
-31626.0	7812.0	1184.11	1803.32
-31626.0	7812.0	1182.99	1791.88
-31626.0	7812.0	1181.87	1849.52
-31626.0	7812.0	1180.75	1809.1
-31626.0	7812.0	1179.62	1797.66
-31626.0	7812.0	1178.5	1877.54
-31626.0	7812.0	1177.38	1852.73
-31626.0	7812.0	1176.26	1885.82
-31626.0	7812.0	1175.13	1774.2
-31626.0	7812.0	1174.01	1838.44
-31626.0	7812.0	1172.89	1795.85
-31626.0	7812.0	1171.76	1853.4
-31626.0	7812.0	1170.64	1886.46
-31626.0	7812.0	1169.51	1801.62
-31626.0	7812.0	1168.39	1841.35
-31626.0	7812.0	1167.27	1805.46
-31626.0	7812.0	1166.14	1736.24
-31626.0	7812.0	1165.02	1795.96
-31626.0	7812.0	1163.89	1784.55
-31626.0	7812.0	1162.77	1819.8
-31626.0	7812.0	1161.64	1755.07
-31626.0	7812.0	1160.52	1850.28
-31626.0	7812.0	1159.39	1823.32
-31626.0	7812.0	1158.26	1796.37
-31626.0	7812.0	1157.14	1749.44
-31626.0	7812.0	1156.01	1840.16
-31626.0	7812.0	1154.88	1844.28
-31626.0	7812.0	1153.76	1795.15
-31626.0	7812.0	1152.63	1777.1
-31626.0	7812.0	1151.5	1801.2
-31626.0	7812.0	1150.38	1778.72
-31626.0	7812.0	1149.25	1793.94
-31626.0	7812.0	1148.12	1771.46
-31626.0	7812.0	1146.99	1835.45
-31626.0	7812.0	1145.87	1841.79
-31626.0	7812.0	1144.74	1952.27
-31626.0	7812.0	1143.61	1832.3
-31626.0	7812.0	1142.48	1789.9
-31626.0	7812.0	1141.35	1840.54
-31626.0	7812.0	1140.22	1809.22
-31626.0	7812.0	1139.09	1773.49
-31626.0	7812.0	1137.97	1821.89
-31626.0	7812.0	1136.84	1821.58
-31626.0	7812.0	1135.71	1805.78
-31626.0	7812.0	1134.58	1849.72
-31626.0	7812.0	1133.45	1767.56
-31626.0	7812.0	1132.32	1756.19
-31626.0	7812.0	1131.19	1811.18
-31626.0	7812.0	1130.05	1784.34
-31626.0	7812.0	1128.92	1806.14
-31626.0	7812.0	1127.79	1801.41
-31626.0	7812.0	1126.66	1792.27
-31626.0	7812.0	1125.53	1794.17
-31626.0	7812.0	1124.4	1796.07
-31626.0	7812.0	1123.27	1797.97
-31626.0	7812.0	1122.13	1766.75
-31626.0	7812.0	1121.0	1832.69
-31626.0	7812.0	1119.87	1697.71
-31626.0	7812.0	1118.74	1823.23
-31626.0	7812.0	1117.6	1818.5
-31626.0	7812.0	1116.47	1776.27
-31626.0	7812.0	1115.34	1775.96
-31626.0	7812.0	1114.2	1762.42
-31626.0	7812.0	1113.07	1759.92
-31626.0	7812.0	1111.94	1711.1
-31626.0	7812.0	1110.8	1847.5
-31626.0	7812.0	1109.67	1798.69
-31626.0	7812.0	1108.54	1793.97
-31626.0	7812.0	1107.4	1734.17
-31626.0	7812.0	1106.27	1727.26
-31626.0	7812.0	1105.13	1823.88
-31626.0	7812.0	1104.0	1816.96
-31626.0	7812.0	1102.86	1721.96
-31626.0	7812.0	1101.72	1765.7
-31626.0	7812.0	1100.59	1725.77
-31626.0	7812.0	1099.45	1883.94
-31626.0	7812.0	1098.32	1773.59
-31626.0	7812.0	1097.18	1782.08
-31626.0	7812.0	1096.04	1746.58
-31626.0	7812.0	1094.91	1812.26
-31626.0	7812.0	1093.77	1787.75
-31626.0	7812.0	1092.63	1862.2
-31626.0	7812.0	1091.5	1809.12
-31626.0	7812.0	1090.36	1745.07
-31626.0	7812.0	1089.22	1703.02
-31626.0	7812.0	1088.08	1740.07
-31626.0	7812.0	1086.95	1759.54
-31626.0	7812.0	1085.81	1765.82
-31626.0	7812.0	1084.67	1780.89
-31626.0	7812.0	1083.53	1741.06
-31626.0	7812.0	1082.39	1707.83
-31626.0	7812.0	1081.25	1668.03
-31626.0	7812.0	1080.11	1694.07
-31626.0	7812.0	1078.97	1792.51
-31626.0	7812.0	1077.83	1697.87
-31626.0	7812.0	1076.69	1855.49
-31626.0	7812.0	1075.55	1745.52
-31626.0	7812.0	1074.41	1679.44
-31626.0	7812.0	1073.27	1731.76
-31626.0	7812.0	1072.13	1746.8
-31626.0	7812.0	1070.99	1840.72
-31626.0	7812.0	1069.85	1726.47
-31626.0	7812.0	1068.71	1728.36
-31626.0	7812.0	1067.57	1763.11
-31626.0	7812.0	1066.43	1736.52
-31626.0	7812.0	1065.28	1771.25
-31626.0	7812.0	1064.14	1749.05
-31626.0	7812.0	1063.0	1700.59
-31626.0	7812.0	1061.86	1711.23
-31626.0	7812.0	1060.71	1800.64
-31626.0	7812.0	1059.57	1767.51
-31626.0	7812.0	1058.43	1708.15
-31626.0	7812.0	1057.29	1738.46
-31626.0	7812.0	1056.14	1718.48
-31626.0	7812.0	1055.0	1731.3
-31626.0	7812.0	1053.85	1720.07
-31626.0	7812.0	1052.71	1724.13
-31626.0	7812.0	1051.57	1776.27
-31626.0	7812.0	1050.42	1749.74
-31626.0	7812.0	1049.28	1712.31
-31626.0	7812.0	1048.13	1729.47
-31626.0	7812.0	1046.99	1731.35
-31626.0	7812.0	1045.84	1770.34
-31626.0	7812.0	1044.7	1789.67
-31626.0	7812.0	1043.55	1774.08
-31626.0	7812.0	1042.4	1767.23
-31626.0	7812.0	1041.26	1817.09
-31626.0	7812.0	1040.11	1781.87
-31626.0	7812.0	1038.97	1796.82
-31626.0	7812.0	1037.82	1866.27
-31626.0	7812.0	1036.67	1826.7
-31626.0	7812.0	1035.53	1771.9
-31626.0	7812.0	1034.38	1717.11
-31626.0	7812.0	1033.23	1723.34
-31626.0	7812.0	1032.08	1777.49
-31626.0	7812.0	1030.94	1827.27
-31626.0	7812.0	1029.79	1813.88
-31626.0	7812.0	1028.64	1770.02
-31626.0	7812.0	1027.49	1730.52
-31626.0	7812.0	1026.34	1736.74
-31626.0	7812.0	1025.19	1769.08
-31626.0	7812.0	1024.04	1803.57
-31626.0	7812.0	1022.89	1857.63
-31626.0	7812.0	1021.74	1874.7
-31626.0	7812.0	1020.59	1861.32
-31626.0	7812.0	1019.45	1797.94
-31626.0	7812.0	1018.29	1888.92
-31626.0	7812.0	1017.14	1897.28
-31626.0	7812.0	1015.99	1901.28
-31626.0	7812.0	1014.84	1805.36
-31626.0	7812.0	1013.69	1844.13
-31626.0	7812.0	1012.54	1898.1
-31626.0	7812.0	1011.39	1919.47
-31626.0	7812.0	1010.24	1947.35
-31626.0	7812.0	1009.09	1886.23
-31626.0	7812.0	1007.93	1953.17
-31626.0	7812.0	1006.78	1952.82
-31626.0	7812.0	1005.63	1945.97
-31626.0	7812.0	1004.48	1967.31
-31626.0	7812.0	1003.32	2019.01
-31626.0	7812.0	1002.17	2014.31
-31626.0	7812.0	1001.02	2076.82
-31626.0	7812.0	999.865	2069.94
-31626.0	7812.0	998.711	2071.74
-31626.0	7812.0	997.558	2025.87
-31626.0	7812.0	996.403	2014.67
-31626.0	7812.0	995.249	2077.12
-31626.0	7812.0	994.095	2148.21
-31626.0	7812.0	992.94	2126.18
-31626.0	7812.0	991.785	2166.93
-31626.0	7812.0	990.63	2136.24
-31626.0	7812.0	989.475	2187.79
-31626.0	7812.0	988.319	2105.18
-31626.0	7812.0	987.164	2245.41
-31626.0	7812.0	986.008	2175.8
-31626.0	7812.0	984.852	2300.83
-31626.0	7812.0	983.695	2274.47
-31626.0	7812.0	982.539	2360.53
-31626.0	7812.0	981.382	2327.68
-31626.0	7812.0	980.225	2361.84
-31626.0	7812.0	979.068	2331.16
-31626.0	7812.0	977.911	2255.14
-31626.0	7812.0	976.753	2300.09
-31626.0	7812.0	975.595	2414.12
-31626.0	7812.0	974.437	2372.66
-31626.0	7812.0	973.279	2281.58
-31626.0	7812.0	972.121	2363.17
-31626.0	7812.0	970.962	2408.06
-31626.0	7812.0	969.803	2364.48
-31626.0	7812.0	968.644	2327.38
-31626.0	7812.0	967.485	2348.53
-31626.0	7812.0	966.326	2328.7
-31626.0	7812.0	965.166	2330.43
-31626.0	7812.0	964.006	2355.87
-31626.0	7812.0	962.846	2381.31
-31626.0	7812.0	961.686	2346.4
-31626.0	7812.0	960.525	2365.36
-31626.0	7812.0	959.365	2360.63
-31626.0	7812.0	958.204	2467.87
-31626.0	7812.0	957.043	2404.98
-31626.0	7812.0	955.881	2402.39
-31626.0	7812.0	954.72	2358.91
-31626.0	7812.0	953.558	2390.76
-31626.0	7812.0	952.396	2373.12
-31626.0	7812.0	951.234	2293.09
-31626.0	7812.0	950.071	2316.33
-31626.0	7812.0	948.909	2330.96
-31626.0	7812.0	947.746	2362.79
-31626.0	7812.0	946.583	2392.45
-31626.0	7812.0	945.42	2387.72
-31626.0	7812.0	944.256	2269.1
-31626.0	7812.0	943.092	2275.13
-31626.0	7812.0	941.929	2227.46
-31626.0	7812.0	940.765	2366.65
-31626.0	7812.0	939.6	2271.74
-31626.0	7812.0	938.436	2312.11
-31626.0	7812.0	937.271	2170.03
-31626.0	7812.0	936.106	2195.38
-31626.0	7812.0	934.941	2109.16
-31626.0	7812.0	933.775	2115.21
-31626.0	7812.0	932.61	2091.22
-31626.0	7812.0	931.444	2032.94
-31626.0	7812.0	930.278	2023.99
-31626.0	7812.0	929.112	1974.32
-31626.0	7812.0	927.945	1982.53
-31626.0	7812.0	926.779	1881.45
-31626.0	7812.0	925.612	2003.23
-31626.0	7812.0	924.445	1949.31
-31626.0	7812.0	923.278	1908.26
-31626.0	7812.0	922.11	1912.19
-31626.0	7812.0	920.942	1875.44
-31626.0	7812.0	919.774	1975.7
-31626.0	7812.0	918.606	1870.47
-31626.0	7812.0	917.438	1831.61
-31626.0	7812.0	916.269	1835.55
-31626.0	7812.0	915.1	1760.35
-31626.0	7812.0	913.931	1802.8
-31626.0	7812.0	912.762	1772.53
-31626.0	7812.0	911.593	1793.58
-31626.0	7812.0	910.423	1761.19
-31626.0	7812.0	909.253	1728.81
-31626.0	7812.0	908.083	1749.86
-31626.0	7812.0	906.913	1674.77
-31626.0	7812.0	905.742	1704.36
-31626.0	7812.0	904.572	1689.1
-31626.0	7812.0	903.401	1750.7
-31626.0	7812.0	902.229	1801.61
-31626.0	7812.0	901.058	1758.59
-31626.0	7812.0	899.886	1670.78
-31626.0	7812.0	898.715	1696.07
-31626.0	7812.0	897.543	1661.63
-31626.0	7812.0	896.37	1686.91
-31626.0	7812.0	895.198	1731.37
-31626.0	7812.0	894.025	1739.58
-31626.0	7812.0	892.852	1726.47
-31626.0	7812.0	891.679	1775.16
-31626.0	7812.0	890.506	1719.44
-31626.0	7812.0	889.332	1723.38
-31626.0	7812.0	888.158	1648.51
-31626.0	7812.0	886.984	1705.7
-31626.0	7812.0	885.81	1673.45
-31626.0	7812.0	884.636	1613.53
-31626.0	7812.0	883.461	1677.08
-31626.0	7812.0	882.286	1683.15
-31626.0	7812.0	881.111	1721.13
-31626.0	7812.0	879.936	1659.13
-31626.0	7812.0	878.76	1635.43
-31626.0	7812.0	877.584	1647.88
-31626.0	7812.0	876.408	1630.56
-31626.0	7812.0	875.232	1670.64
-31626.0	7812.0	874.056	1629.95
-31626.0	7812.0	872.879	1693.39
-31626.0	7812.0	871.702	1661.21
-31626.0	7812.0	870.525	1718.25
-31626.0	7812.0	869.348	1628.74
-31626.0	7812.0	868.17	1649.66
-31626.0	7812.0	866.993	1645.11
-31626.0	7812.0	865.815	1683.0
-31626.0	7812.0	864.637	1708.15
-31626.0	7812.0	863.458	1650.55
-31626.0	7812.0	862.28	1629.03
-31626.0	7812.0	861.101	1675.38
-31626.0	7812.0	859.922	1649.62
-31626.0	7812.0	858.742	1653.55
-31626.0	7812.0	857.563	1579.06
-31626.0	7812.0	856.383	1608.43
-31626.0	7812.0	855.203	1578.46
-31626.0	7812.0	854.023	1629.01
-31626.0	7812.0	852.843	1647.76
-31626.0	7812.0	851.662	1609.34
-31626.0	7812.0	850.481	1615.39
-31626.0	7812.0	849.3	1608.73
-31626.0	7812.0	848.119	1627.48
-31626.0	7812.0	846.937	1620.82
-31626.0	7812.0	845.756	1643.79
-31626.0	7812.0	844.574	1620.21
-31626.0	7812.0	843.392	1687.58
-31626.0	7812.0	842.209	1655.54
-31626.0	7812.0	841.027	1665.8
-31626.0	7812.0	839.844	1597.85
-31626.0	7812.0	838.661	1618.68
-31626.0	7812.0	837.477	1574.01
-31626.0	7812.0	836.294	1639.19
-31626.0	7812.0	835.11	1596.64
-31626.0	7812.0	833.926	1742.04
-31626.0	7812.0	832.742	1608.71
-31626.0	7812.0	831.558	1654.84
-31626.0	7812.0	830.373	1622.87
-31626.0	7812.0	829.188	1645.77
-31626.0	7812.0	828.003	1582.17
-31626.0	7812.0	826.818	1615.62
-31626.0	7812.0	825.632	1497.22
-31626.0	7812.0	824.446	1640.31
-31626.0	7812.0	823.26	1637.89
-31626.0	7812.0	822.074	1702.91
-31626.0	7812.0	820.888	1656.23
-31626.0	7812.0	819.701	1695.95
-31626.0	7812.0	818.514	1640.86
-31626.0	7812.0	817.327	1642.65
-31626.0	7812.0	816.14	1633.92
-31626.0	7812.0	814.952	1684.13
-31626.0	7812.0	813.765	1631.19
-31626.0	7812.0	812.577	1614.04
-31626.0	7812.0	811.388	1617.94
-31626.0	7812.0	810.2	1565.05
-31626.0	7812.0	809.011	1600.5
-31626.0	7812.0	807.822	1617.02
-31626.0	7812.0	806.633	1572.56
-31626.0	7812.0	805.444	1563.85
-31626.0	7812.0	804.254	1605.59
-31626.0	7812.0	803.064	1565.36
-31626.0	7812.0	801.874	1562.96
-31626.0	7812.0	800.684	1575.26
-31626.0	7812.0	799.493	1614.86
-31626.0	7812.0	798.303	1627.15
-31626.0	7812.0	797.112	1675.12
-31626.0	7812.0	795.921	1649.61
-31626.0	7812.0	794.729	1649.29
-31626.0	7812.0	793.538	1600.73
-31626.0	7812.0	792.346	1564.76
-31626.0	7812.0	791.154	1583.34
-31626.0	7812.0	789.961	1610.29
-31626.0	7812.0	788.769	1620.46
-31626.0	7812.0	787.576	1592.9
-31626.0	7812.0	786.383	1630.32
-31626.0	7812.0	785.19	1583.91
-31626.0	7812.0	783.996	1575.23
-31626.0	7812.0	782.802	1637.76
-31626.0	7812.0	781.608	1501.34
-31626.0	7812.0	780.414	1528.26
-31626.0	7812.0	779.22	1550.99
-31626.0	7812.0	778.025	1550.69
-31626.0	7812.0	776.83	1615.26
-31626.0	7812.0	775.635	1585.66
-31626.0	7812.0	774.44	1543.52
-31626.0	7812.0	773.244	1582.96
-31626.0	7812.0	772.049	1553.38
-31626.0	7812.0	770.853	1582.35
-31626.0	7812.0	769.656	1590.4
-31626.0	7812.0	768.46	1577.56
-31626.0	7812.0	767.263	1587.7
-31626.0	7812.0	766.066	1599.92
-31626.0	7812.0	764.869	1628.85
-31626.0	7812.0	763.672	1547.11
-31626.0	7812.0	762.474	1590.65
-31626.0	7812.0	761.276	1567.38
-31626.0	7812.0	760.078	1581.68
-31626.0	7812.0	758.88	1595.98
-31626.0	7812.0	757.681	1578.99
-31626.0	7812.0	756.483	1612.05
-31626.0	7812.0	755.284	1547.1
-31626.0	7812.0	754.084	1634.35
-31626.0	7812.0	752.885	1602.77
-31626.0	7812.0	751.685	1531.61
-31626.0	7812.0	750.485	1525.06
-31626.0	7812.0	749.285	1531.02
-31626.0	7812.0	748.085	1622.35
-31626.0	7812.0	746.884	1584.56
-31626.0	7812.0	745.683	1588.42
-31626.0	7812.0	744.482	1635.98
-31626.0	7812.0	743.281	1550.34
-31626.0	7812.0	742.079	1599.97
-31626.0	7812.0	740.877	1649.59
-31626.0	7812.0	739.675	1574.39
-31626.0	7812.0	738.473	1538.74
-31626.0	7812.0	737.27	1509.33
-31626.0	7812.0	736.068	1583.86
-31626.0	7812.0	734.865	1583.56
-31626.0	7812.0	733.661	1583.25
-31626.0	7812.0	732.458	1591.25
-31626.0	7812.0	731.254	1526.55
-31626.0	7812.0	730.05	1574.01
-31626.0	7812.0	728.846	1625.61
-31626.0	7812.0	727.642	1579.63
-31626.0	7812.0	726.437	1529.51
-31626.0	7812.0	725.232	1591.46
-31626.0	7812.0	724.027	1514.39
-31626.0	7812.0	722.822	1543.13
-31626.0	7812.0	721.616	1488.91
-31626.0	7812.0	720.41	1637.9
-31626.0	7812.0	719.204	1608.56
-31626.0	7812.0	717.998	1602.03
-31626.0	7812.0	716.791	1576.85
-31626.0	7812.0	715.585	1599.33
-31626.0	7812.0	714.378	1822.71
-31626.0	7812.0	713.17	1613.19
-31626.0	7812.0	711.963	1588.03
-31626.0	7812.0	710.755	1577.37
-31626.0	7812.0	709.547	1680.54
-31626.0	7812.0	708.339	1609.86
-31626.0	7812.0	707.131	1584.72
-31626.0	7812.0	705.922	1600.95
-31626.0	7812.0	704.713	1635.79
-31626.0	7812.0	703.504	1587.92
-31626.0	7812.0	702.295	1573.13
-31626.0	7812.0	701.085	1562.49
-31626.0	7812.0	699.875	1547.72
-31626.0	7812.0	698.665	1557.74
-31626.0	7812.0	697.455	1609.08
-31626.0	7812.0	696.244	1639.74
-31626.0	7812.0	695.034	1600.18
-31626.0	7812.0	693.822	1599.87
-31626.0	7812.0	692.611	1603.68
-31626.0	7812.0	691.4	1652.89
-31626.0	7812.0	690.188	1623.68
-31626.0	7812.0	688.976	1586.23
-31626.0	7812.0	687.764	1561.17
-31626.0	7812.0	686.551	1612.41
-31626.0	7812.0	685.339	1651.26
-31626.0	7812.0	684.126	1630.32
-31626.0	7812.0	682.912	1646.48
-31626.0	7812.0	681.699	1637.91
-31626.0	7812.0	680.485	1561.37
-31626.0	7812.0	679.271	1616.67
-31626.0	7812.0	678.057	1711.07
-31626.0	7812.0	676.843	1667.5
-31626.0	7812.0	675.628	1626.0
-31626.0	7812.0	674.413	1615.39
-31626.0	7812.0	673.198	1701.48
-31626.0	7812.0	671.983	1670.29
-31626.0	7812.0	670.767	1645.28
-31626.0	7812.0	669.551	1649.06
-31626.0	7812.0	668.335	1597.34
-31626.0	7812.0	667.119	1681.29
-31626.0	7812.0	665.902	1646.03
-31626.0	7812.0	664.686	1631.32
-31626.0	7812.0	663.469	1707.0
-31626.0	7812.0	662.251	1657.37
-31626.0	7812.0	661.034	1700.16
-31626.0	7812.0	659.816	1697.77
-31626.0	7812.0	658.598	1685.11
-31626.0	7812.0	657.38	1684.78
-31626.0	7812.0	656.161	1608.53
-31626.0	7812.0	654.942	1587.69
-31626.0	7812.0	653.723	1659.16
-31626.0	7812.0	652.504	1628.07
-31626.0	7812.0	651.285	1693.35
-31626.0	7812.0	650.065	1576.18
-31626.0	7812.0	648.845	1641.44
-31626.0	7812.0	647.625	1608.33
-31626.0	7812.0	646.404	1689.95
-31626.0	7812.0	645.184	1675.27
-31626.0	7812.0	643.963	1664.7
-31626.0	7812.0	642.742	1641.85
-31626.0	7812.0	641.52	1619.01
-31626.0	7812.0	640.298	1655.52
-31626.0	7812.0	639.076	1700.2
-31626.0	7812.0	637.854	1703.95
-31626.0	7812.0	636.632	1701.56
-31626.0	7812.0	635.409	1674.64
-31626.0	7812.0	634.186	1651.82
-31626.0	7812.0	632.963	1659.66
-31626.0	7812.0	631.74	1616.41
-31626.0	7812.0	630.516	1701.9
-31626.0	7812.0	629.292	1623.94
-31626.0	7812.0	628.068	1609.31
-31626.0	7812.0	626.844	1698.83
-31626.0	7812.0	625.619	1686.24
-31626.0	7812.0	624.394	1683.86
-31626.0	7812.0	623.169	1677.4
-31626.0	7812.0	621.944	1677.07
-31626.0	7812.0	620.718	1648.17
-31626.0	7812.0	619.492	1637.64
-31626.0	7812.0	618.266	1653.63
-31626.0	7812.0	617.04	1716.49
-31626.0	7812.0	615.813	1650.92
-31626.0	7812.0	614.587	1679.12
-31626.0	7812.0	613.36	1723.6
-31626.0	7812.0	612.132	1692.7
-31626.0	7812.0	610.905	1623.12
-31626.0	7812.0	609.677	1647.22
-31626.0	7812.0	608.449	1642.82
-31626.0	7812.0	607.22	1784.96
-31626.0	7812.0	605.992	1752.04
-31626.0	7812.0	604.763	1578.76
-31626.0	7812.0	603.534	1564.2
-31626.0	7812.0	602.305	1628.96
-31626.0	7812.0	601.075	1626.6
-31626.0	7812.0	599.845	1679.12
-31626.0	7812.0	598.615	1662.53
-31626.0	7812.0	597.385	1692.67
-31626.0	7812.0	596.154	1710.61
-31626.0	7812.0	594.924	1649.33
-31626.0	7812.0	593.693	1697.73
-31626.0	7812.0	592.461	1705.51
-31626.0	7812.0	591.23	1646.3
-31626.0	7812.0	589.998	1666.26
-31626.0	7812.0	588.766	1661.86
-31626.0	7812.0	587.534	1657.47
-31626.0	7812.0	586.301	1644.96
-31626.0	7812.0	585.068	1616.24
-31626.0	7812.0	583.835	1603.75
-31626.0	7812.0	582.602	1645.99
-31626.0	7812.0	581.368	1631.47
-31626.0	7812.0	580.134	1653.43
-31626.0	7812.0	578.9	1651.07
-31626.0	7812.0	577.666	1679.09
-31626.0	7812.0	576.432	1670.64
-31626.0	7812.0	575.197	1708.77
-31626.0	7812.0	573.962	1611.26
-31626.0	7812.0	572.726	1633.2
-31626.0	7812.0	571.491	1707.73
-31626.0	7812.0	570.255	1616.35
-31626.0	7812.0	569.019	1698.95
-31626.0	7812.0	567.783	1716.8
-31626.0	7812.0	566.546	1734.64
-31626.0	7812.0	565.309	1673.65
-31626.0	7812.0	564.072	1727.88
-31626.0	7812.0	562.835	1717.42
-31626.0	7812.0	561.597	1682.73
-31626.0	7812.0	560.359	1734.9
-31626.0	7812.0	559.121	1734.54
-31626.0	7812.0	557.883	1732.17
-31626.0	7812.0	556.644	1687.41
-31626.0	7812.0	555.406	1695.14
-31626.0	7812.0	554.167	1735.14
-31626.0	7812.0	552.927	1740.84
-31626.0	7812.0	551.688	1774.77
-31626.0	7812.0	550.448	1766.34
-31626.0	7812.0	549.208	1868.8
-31626.0	7812.0	547.967	1799.89
-31626.0	7812.0	546.727	1781.38
-31626.0	7812.0	545.486	1813.25
-31626.0	7812.0	544.245	1857.2
-31626.0	7812.0	543.003	1822.58
-31626.0	7812.0	541.762	1924.89
-31626.0	7812.0	540.52	1978.85
-31626.0	7812.0	539.278	1928.13
-31626.0	7812.0	538.035	2030.36
-31626.0	7812.0	536.793	2120.48
-31626.0	7812.0	535.55	2142.17
-31626.0	7812.0	534.307	2230.21
-31626.0	7812.0	533.063	2400.66
-31626.0	7812.0	531.82	2591.13
-31626.0	7812.0	530.576	2795.6
-31626.0	7812.0	529.331	3184.84
-31626.0	7812.0	528.087	3696.47
-31626.0	7812.0	526.842	4527.24
-31626.0	7812.0	525.597	5767.33
-31626.0	7812.0	524.352	7502.82
-31626.0	7812.0	523.107	9875.91
-31626.0	7812.0	521.861	12793.9
-31626.0	7812.0	520.615	13838.6
-31626.0	7812.0	519.369	12311.2
-31626.0	7812.0	518.122	10559.7
-31626.0	7812.0	516.876	8722.77
-31626.0	7812.0	515.629	7484.0
-31626.0	7812.0	514.381	6442.17
-31626.0	7812.0	513.134	5645.25
-31626.0	7812.0	511.886	4942.84
-31626.0	7812.0	510.638	4489.1
-31626.0	7812.0	509.39	4215.8
-31626.0	7812.0	508.141	3770.41
-31626.0	7812.0	506.892	3691.56
-31626.0	7812.0	505.643	3468.63
-31626.0	7812.0	504.394	3379.86
-31626.0	7812.0	503.145	3225.11
-31626.0	7812.0	501.895	3162.44
-31626.0	7812.0	500.645	3167.78
-31626.0	7812.0	499.394	3137.14
-31626.0	7812.0	498.144	3068.52
-31626.0	7812.0	496.893	2973.95
-31626.0	7812.0	495.642	2969.34
-31626.0	7812.0	494.39	2840.87
-31626.0	7812.0	493.139	2758.39
-31626.0	7812.0	491.887	2649.98
-31626.0	7812.0	490.635	2601.52
-31626.0	7812.0	489.382	2553.07
-31626.0	7812.0	488.13	2454.75
-31626.0	7812.0	486.877	2418.33
-31626.0	7812.0	485.623	2405.85
-31626.0	7812.0	484.37	2353.5
-31626.0	7812.0	483.116	2311.14
-31626.0	7812.0	481.862	2216.95
-31626.0	7812.0	480.608	2298.22
-31626.0	7812.0	479.354	2245.93
-31626.0	7812.0	478.099	2263.39
-31626.0	7812.0	476.844	2274.88
-31626.0	7812.0	475.588	2256.48
-31626.0	7812.0	474.333	2261.98
-31626.0	7812.0	473.077	2243.6
-31626.0	7812.0	471.821	2195.36
-31626.0	7812.0	470.565	2238.69
-31626.0	7812.0	469.308	2144.71
-31626.0	7812.0	468.051	2150.23
-31626.0	7812.0	466.794	2082.17
-31626.0	7812.0	465.537	2208.99
-31626.0	7812.0	464.279	2127.03
-31626.0	7812.0	463.021	2092.8
-31626.0	7812.0	461.763	2056.59
-31626.0	7812.0	460.505	2093.91
-31626.0	7812.0	459.246	2103.41
-31626.0	7812.0	457.987	2097.01
-31626.0	7812.0	456.728	2076.72
-31626.0	7812.0	455.469	1965.13
-31626.0	7812.0	454.209	1988.53
-31626.0	7812.0	452.949	2011.93
-31626.0	7812.0	451.689	2025.4
-31626.0	7812.0	450.428	2038.86
-31626.0	7812.0	449.167	1976.96
-31626.0	7812.0	447.906	1998.36
-31626.0	7812.0	446.645	1970.19
-31626.0	7812.0	445.383	2001.49
-31626.0	7812.0	444.122	1963.42
-31626.0	7812.0	442.86	1931.32
-31626.0	7812.0	441.597	1968.55
-31626.0	7812.0	440.335	1974.07
-31626.0	7812.0	439.072	1951.89
-31626.0	7812.0	437.809	1991.06
-31626.0	7812.0	436.545	1984.71
-31626.0	7812.0	435.281	2033.75
-31626.0	7812.0	434.018	1999.7
-31626.0	7812.0	432.753	2076.41
-31626.0	7812.0	431.489	1987.0
-31626.0	7812.0	430.224	2004.38
-31626.0	7812.0	428.959	2019.77
-31626.0	7812.0	427.694	2035.15
-31626.0	7812.0	426.428	1963.61
-31626.0	7812.0	425.163	1919.75
-31626.0	7812.0	423.896	2000.31
-31626.0	7812.0	422.63	1952.51
-31626.0	7812.0	421.364	2013.28
-31626.0	7812.0	420.097	2012.86
-31626.0	7812.0	418.83	2008.49
-31626.0	7812.0	417.562	1956.79
-31626.0	7812.0	416.295	1974.12
-31626.0	7812.0	415.027	1981.6
-31626.0	7812.0	413.758	1996.95
-31626.0	7812.0	412.49	2026.1
-31626.0	7812.0	411.221	1986.26
-31626.0	7812.0	409.952	1981.9
-31626.0	7812.0	408.683	2024.82
-31626.0	7812.0	407.414	1963.35
-31626.0	7812.0	406.144	1925.53
-31626.0	7812.0	404.874	1999.92
-31626.0	7812.0	403.603	1973.92
-31626.0	7812.0	402.333	1977.44
-31626.0	7812.0	401.062	2024.24
-31626.0	7812.0	399.791	1992.34
-31626.0	7812.0	398.519	2029.28
-31626.0	7812.0	397.248	1940.39
-31626.0	7812.0	395.976	1949.81
-31626.0	7812.0	394.704	1933.68
-31626.0	7812.0	393.431	1860.58
-31626.0	7812.0	392.159	1985.9
-31626.0	7812.0	390.886	1979.59
-31626.0	7812.0	389.612	1926.16
-31626.0	7812.0	388.339	1972.86
-31626.0	7812.0	387.065	1923.38
-31626.0	7812.0	385.791	1997.54
-31626.0	7812.0	384.517	1983.39
-31626.0	7812.0	383.242	1981.01
-31626.0	7812.0	381.967	1984.51
-31626.0	7812.0	380.692	1913.51
-31626.0	7812.0	379.417	2022.88
-31626.0	7812.0	378.141	2040.09
-31626.0	7812.0	376.865	1969.12
-31626.0	7812.0	375.589	1947.16
-31626.0	7812.0	374.312	1913.45
-31626.0	7812.0	373.035	2030.53
-31626.0	7812.0	371.758	1985.08
-31626.0	7812.0	370.481	2021.85
-31626.0	7812.0	369.204	2005.77
-31626.0	7812.0	367.926	1968.17
-31626.0	7812.0	366.648	1950.15
-31626.0	7812.0	365.369	2016.23
-31626.0	7812.0	364.091	1925.86
-31626.0	7812.0	362.812	1948.91
-31626.0	7812.0	361.532	1927.0
-31626.0	7812.0	360.253	1912.92
-31626.0	7812.0	358.973	2029.72
-31626.0	7812.0	357.693	1980.47
-31626.0	7812.0	356.413	1993.72
-31626.0	7812.0	355.132	1997.2
-31626.0	7812.0	353.852	2053.38
-31626.0	7812.0	352.571	2033.43
-31626.0	7812.0	351.289	2083.73
-31626.0	7812.0	350.008	1999.41
-31626.0	7812.0	348.726	1995.08
-31626.0	7812.0	347.444	1998.56
-31626.0	7812.0	346.161	2054.67
-31626.0	7812.0	344.878	2026.95
-31626.0	7812.0	343.595	2030.42
-31626.0	7812.0	342.312	2024.14
-31626.0	7812.0	341.029	2027.61
-31626.0	7812.0	339.745	2052.49
-31626.0	7812.0	338.461	2065.68
-31626.0	7812.0	337.176	2061.35
-31626.0	7812.0	335.892	2090.11
-31626.0	7812.0	334.607	2058.53
-31626.0	7812.0	333.322	2052.26
-31626.0	7812.0	332.036	2067.38
-31626.0	7812.0	330.75	2068.89
-31626.0	7812.0	329.464	2054.84
-31626.0	7812.0	328.178	2124.37
-31626.0	7812.0	326.892	2063.68
-31626.0	7812.0	325.605	2123.47
-31626.0	7812.0	324.318	2173.52
-31626.0	7812.0	323.03	2079.84
-31626.0	7812.0	321.743	2145.41
-31626.0	7812.0	320.455	2185.72
-31626.0	7812.0	319.167	2160.03
-31626.0	7812.0	317.878	2194.49
-31626.0	7812.0	316.59	2120.31
-31626.0	7812.0	315.301	2098.52
-31626.0	7812.0	314.011	2140.74
-31626.0	7812.0	312.722	2130.59
-31626.0	7812.0	311.432	2141.76
-31626.0	7812.0	310.142	2214.95
-31626.0	7812.0	308.851	2210.6
-31626.0	7812.0	307.561	2244.99
-31626.0	7812.0	306.27	2203.85
-31626.0	7812.0	304.979	2201.44
-31626.0	7812.0	303.687	2295.83
-31626.0	7812.0	302.395	2332.11
-31626.0	7812.0	301.103	2318.07
-31626.0	7812.0	299.811	2257.6
-31626.0	7812.0	298.519	2280.33
-31626.0	7812.0	297.226	2187.03
-31626.0	7812.0	295.933	2202.03
-31626.0	7812.0	294.639	2137.77
-31626.0	7812.0	293.345	2174.03
-31626.0	7812.0	292.052	2258.58
-31626.0	7812.0	290.757	2232.98
-31626.0	7812.0	289.463	2147.53
-31626.0	7812.0	288.168	2156.73
-31626.0	7812.0	286.873	2198.74
-31626.0	7812.0	285.578	2254.24
-31626.0	7812.0	284.282	2222.88
-31626.0	7812.0	282.986	2181.9
-31626.0	7812.0	281.69	2175.64
-31626.0	7812.0	280.393	2138.54
-31626.0	7812.0	279.097	2215.2
-31626.0	7812.0	277.8	2193.52
-31626.0	7812.0	276.502	2108.26
-31626.0	7812.0	275.205	2109.74
-31626.0	7812.0	273.907	2153.59
-31626.0	7812.0	272.609	2060.69
-31626.0	7812.0	271.311	2106.46
-31626.0	7812.0	270.012	2142.58
-31626.0	7812.0	268.713	2126.73
-31626.0	7812.0	267.414	2147.44
-31626.0	7812.0	266.114	2087.34
-31626.0	7812.0	264.814	2123.44
-31626.0	7812.0	263.514	2047.99
-31626.0	7812.0	262.214	2112.92
-31626.0	7812.0	260.913	2122.08
-31626.0	7812.0	259.613	2077.42
-31626.0	7812.0	258.311	2009.73
-31626.0	7812.0	257.01	2032.35
-31626.0	7812.0	255.708	2001.19
-31626.0	7812.0	254.406	2027.64
-31626.0	7812.0	253.104	1996.49
-31626.0	7812.0	251.801	2017.18
-31626.0	7812.0	250.499	2026.34
-31626.0	7812.0	249.195	2079.62
-31626.0	7812.0	247.892	2050.4
-31626.0	7812.0	246.588	2017.36
-31626.0	7812.0	245.284	2036.1
-31626.0	7812.0	243.98	1999.25
-31626.0	7812.0	242.676	1975.82
-31626.0	7812.0	241.371	2050.12
-31626.0	7812.0	240.066	1961.57
-31626.0	7812.0	238.76	1995.62
-31626.0	7812.0	237.455	2027.74
-31626.0	7812.0	236.149	1996.68
-31626.0	7812.0	234.843	1982.85
-31626.0	7812.0	233.536	1911.62
-31626.0	7812.0	232.229	1968.61
-31626.0	7812.0	230.922	1916.54
-31626.0	7812.0	229.615	2007.92
-31626.0	7812.0	228.307	1936.75
-31626.0	7812.0	227.0	2010.88
-31626.0	7812.0	225.691	1932.1
-31626.0	7812.0	224.383	1897.29
-31626.0	7812.0	223.074	1915.98
-31626.0	7812.0	221.765	1967.14
-31626.0	7812.0	220.456	1917.07
-31626.0	7812.0	219.146	1909.02
-31626.0	7812.0	217.836	1925.79
-31626.0	7812.0	216.526	1892.94
-31626.0	7812.0	215.216	1863.91
-31626.0	7812.0	213.905	1968.42
-31626.0	7812.0	212.594	1891.72
-31626.0	7812.0	211.283	1910.37
-31626.0	7812.0	209.971	1913.78
-31626.0	7812.0	208.66	1926.71
-31626.0	7812.0	207.348	1970.11
-31626.0	7812.0	206.035	1910.64
-31626.0	7812.0	204.722	1938.79
-31626.0	7812.0	203.409	2018.35
-31626.0	7812.0	202.096	1957.0
-31626.0	7812.0	200.783	1931.83
-31626.0	7812.0	199.469	2005.63
-31626.0	7812.0	198.155	1921.49
-31626.0	7812.0	196.84	1957.22
-31626.0	7812.0	195.526	1966.3
-31626.0	7812.0	194.211	1906.94
-31626.0	7812.0	192.896	1948.35
-31626.0	7812.0	191.58	2164.58
-31626.0	7812.0	190.264	2078.61
-31626.0	7812.0	188.948	2009.78
-31626.0	7812.0	187.632	1954.27
-31626.0	7812.0	186.315	1967.14
-31626.0	7812.0	184.998	2027.46
-31626.0	7812.0	183.681	2019.43
-31626.0	7812.0	182.364	2020.9
-31626.0	7812.0	181.046	2083.07
-31626.0	7812.0	179.728	2046.58
-31626.0	7812.0	178.41	2023.38
-31626.0	7812.0	177.091	2015.36
-31626.0	7812.0	175.772	2094.54
-31626.0	7812.0	174.453	2086.51
-31626.0	7812.0	173.133	2036.8
-31626.0	7812.0	171.814	2051.51
-31626.0	7812.0	170.494	2075.69
-31626.0	7812.0	169.173	2090.39
-31626.0	7812.0	167.853	2086.16
-31626.0	7812.0	166.532	1992.97
-31626.0	7812.0	165.211	1996.32
-31626.0	7812.0	163.889	2109.4
-31626.0	7812.0	162.567	2031.4
-31626.0	7812.0	161.245	2059.32
-31626.0	7812.0	159.923	2017.29
-31626.0	7812.0	158.6	2081.12
-31626.0	7812.0	157.278	2029.65
-31626.0	7812.0	155.954	2152.02
-31626.0	7812.0	154.631	2147.78
-31626.0	7812.0	153.307	2135.98
-31626.0	7812.0	151.983	2141.19
-31626.0	7812.0	150.659	2163.38
-31626.0	7812.0	149.334	2161.02
-31626.0	7812.0	148.009	2090.74
-31626.0	7812.0	146.684	2097.83
-31626.0	7812.0	145.359	2082.29
-31626.0	7812.0	144.033	2095.04
-31626.0	7812.0	142.707	2083.28
-31626.0	7812.0	141.381	2207.23
-31626.0	7812.0	140.054	2093.69
-31626.0	7812.0	138.727	2117.73
-31626.0	7812.0	137.4	2107.85
-31626.0	7812.0	136.072	2086.68
-31626.0	7812.0	134.745	2142.72
-31626.0	7812.0	133.417	2146.02
-31626.0	7812.0	132.088	2092.86
-31626.0	7812.0	130.76	2077.35
-31626.0	7812.0	129.431	2123.94
-31626.0	7812.0	128.102	2131.0
-31626.0	7812.0	126.772	2173.79
-31626.0	7812.0	125.442	2158.28
-31626.0	7812.0	124.112	2090.15
-31626.0	7812.0	122.782	2117.89
-31626.0	7812.0	121.451	2042.28
-31626.0	7812.0	120.12	2017.42
-31626.0	7812.0	118.789	2090.22
-31626.0	7812.0	117.458	2129.2
-31626.0	7812.0	116.126	2106.22
-31626.0	7812.0	114.794	2058.84
-31626.0	7812.0	113.462	2080.91
-31626.0	7812.0	112.129	2187.39
-31626.0	7812.0	110.796	2140.03
-31626.0	7812.0	109.463	2100.19
-31626.0	7812.0	108.129	2112.86
-31626.0	7812.0	106.796	1998.07
-31626.0	7812.0	105.461	1969.53
-31626.0	7812.0	104.127	1989.71
-31626.0	7812.0	102.792	1936.83
-31626.0	7812.0	101.457	1951.4
-31626.0	7812.0	100.122	1831.15
-31626.0	7812.0	98.7867	1883.16
-31626.0	7812.0	97.4509	1923.93
-31626.0	7812.0	96.1148	1886.09
-31626.0	7812.0	94.7784	1917.49
-31626.0	7812.0	93.4418	1846.0
-31626.0	7812.0	92.1048	1765.2
-31626.0	7812.0	90.7676	1762.95
-31626.0	7812.0	89.43	1820.51
-31626.0	7812.0	88.0922	1765.92
-31626.0	7812.0	86.7541	1773.01
-31626.0	7812.0	85.4157	1740.88
