-31618.0	7810.0	1311.89	1926.12
-31618.0	7810.0	1310.78	2071.15
-31618.0	7810.0	1309.68	1927.77
-31618.0	7810.0	1308.58	1947.89
-31618.0	7810.0	1307.48	1986.17
-31618.0	7810.0	1306.38	2006.28
-31618.0	7810.0	1305.28	1910.65
-31618.0	7810.0	1304.18	2023.79
-31618.0	7810.0	1303.07	1971.29
-31618.0	7810.0	1301.97	1961.9
-31618.0	7810.0	1300.87	2022.82
-31618.0	7810.0	1299.77	1940.87
-31618.0	7810.0	1298.66	1913.35
-31618.0	7810.0	1297.56	1996.91
-31618.0	7810.0	1296.46	1933.13
-31618.0	7810.0	1295.35	1932.82
-31618.0	7810.0	1294.25	1948.37
-31618.0	7810.0	1293.15	2013.75
-31618.0	7810.0	1292.04	1943.21
-31618.0	7810.0	1290.94	1938.37
-31618.0	7810.0	1289.83	1969.76
-31618.0	7810.0	1288.73	1901.53
-31618.0	7810.0	1287.63	1930.65
-31618.0	7810.0	1286.52	1959.75
-31618.0	7810.0	1285.42	1866.67
-31618.0	7810.0	1284.31	1927.45
-31618.0	7810.0	1283.21	1906.78
-31618.0	7810.0	1282.1	1983.37
-31618.0	7810.0	1280.99	1976.26
-31618.0	7810.0	1279.89	1935.25
-31618.0	7810.0	1278.78	1894.25
-31618.0	7810.0	1277.68	2034.07
-31618.0	7810.0	1276.57	1965.95
-31618.0	7810.0	1275.46	1974.67
-31618.0	7810.0	1274.36	2039.86
-31618.0	7810.0	1273.25	1998.87
-31618.0	7810.0	1272.14	2059.52
-31618.0	7810.0	1271.04	1894.36
-31618.0	7810.0	1269.93	1927.92
-31618.0	7810.0	1268.82	1920.84
-31618.0	7810.0	1267.71	1839.28
-31618.0	7810.0	1266.61	1888.62
-31618.0	7810.0	1265.5	1906.36
-31618.0	7810.0	1264.39	1906.05
-31618.0	7810.0	1263.28	1829.06
-31618.0	7810.0	1262.17	1898.67
-31618.0	7810.0	1261.06	1963.74
-31618.0	7810.0	1259.95	1828.17
-31618.0	7810.0	1258.84	1859.43
-31618.0	7810.0	1257.74	1935.74
-31618.0	7810.0	1256.63	1847.56
-31618.0	7810.0	1255.52	1899.07
-31618.0	7810.0	1254.41	1959.57
-31618.0	7810.0	1253.3	1943.49
-31618.0	7810.0	1252.19	1922.91
-31618.0	7810.0	1251.08	1931.6
-31618.0	7810.0	1249.96	1917.78
-31618.0	7810.0	1248.85	1813.94
-31618.0	7810.0	1247.74	1838.4
-31618.0	7810.0	1246.63	1874.09
-31618.0	7810.0	1245.52	1873.79
-31618.0	7810.0	1244.41	1909.47
-31618.0	7810.0	1243.3	1819.21
-31618.0	7810.0	1242.18	1888.61
-31618.0	7810.0	1241.07	1910.78
-31618.0	7810.0	1239.96	1930.69
-31618.0	7810.0	1238.85	1952.85
-31618.0	7810.0	1237.74	1927.81
-31618.0	7810.0	1236.62	1961.19
-31618.0	7810.0	1235.51	1920.44
-31618.0	7810.0	1234.4	1868.47
-31618.0	7810.0	1233.28	1870.41
-31618.0	7810.0	1232.17	1885.82
-31618.0	7810.0	1231.06	1881.02
-31618.0	7810.0	1229.94	1851.54
-31618.0	7810.0	1228.83	1840.01
-31618.0	7810.0	1227.71	1889.07
-31618.0	7810.0	1226.6	1911.19
-31618.0	7810.0	1225.48	1830.13
-31618.0	7810.0	1224.37	1858.98
-31618.0	7810.0	1223.25	1923.7
-31618.0	7810.0	1222.14	1970.45
-31618.0	7810.0	1221.02	1905.13
-31618.0	7810.0	1219.91	1884.65
-31618.0	7810.0	1218.79	1835.04
-31618.0	7810.0	1217.68	1821.3
-31618.0	7810.0	1216.56	1872.51
-31618.0	7810.0	1215.44	1885.64
-31618.0	7810.0	1214.33	1845.03
-31618.0	7810.0	1213.21	1927.55
-31618.0	7810.0	1212.09	1895.9
-31618.0	7810.0	1210.98	1897.82
-31618.0	7810.0	1209.86	1886.32
-31618.0	7810.0	1208.74	1859.16
-31618.0	7810.0	1207.62	1881.22
-31618.0	7810.0	1206.51	1854.07
-31618.0	7810.0	1205.39	1896.25
-31618.0	7810.0	1204.27	1889.23
-31618.0	7810.0	1203.15	1859.85
-31618.0	7810.0	1202.03	1868.49
-31618.0	7810.0	1200.91	1874.88
-31618.0	7810.0	1199.8	1820.94
-31618.0	7810.0	1198.68	1813.94
-31618.0	7810.0	1197.56	1851.61
-31618.0	7810.0	1196.44	1784.3
-31618.0	7810.0	1195.32	1884.48
-31618.0	7810.0	1194.2	1790.41
-31618.0	7810.0	1193.08	1805.73
-31618.0	7810.0	1191.96	1841.14
-31618.0	7810.0	1190.84	1845.3
-31618.0	7810.0	1189.72	1880.68
-31618.0	7810.0	1188.6	1904.91
-31618.0	7810.0	1187.48	1819.84
-31618.0	7810.0	1186.35	1855.21
-31618.0	7810.0	1185.23	1808.08
-31618.0	7810.0	1184.11	1794.41
-31618.0	7810.0	1182.99	1794.11
-31618.0	7810.0	1181.87	1753.7
-31618.0	7810.0	1180.75	1789.05
-31618.0	7810.0	1179.62	1802.12
-31618.0	7810.0	1178.5	1826.31
-31618.0	7810.0	1177.38	1848.28
-31618.0	7810.0	1176.26	1901.4
-31618.0	7810.0	1175.13	1847.66
-31618.0	7810.0	1174.01	1874.06
-31618.0	7810.0	1172.89	1833.68
-31618.0	7810.0	1171.76	1817.8
-31618.0	7810.0	1170.64	1902.03
-31618.0	7810.0	1169.51	1832.76
-31618.0	7810.0	1168.39	1790.2
-31618.0	7810.0	1167.27	1905.52
-31618.0	7810.0	1166.14	1816.27
-31618.0	7810.0	1165.02	1813.75
-31618.0	7810.0	1163.89	1811.22
-31618.0	7810.0	1162.77	1842.02
-31618.0	7810.0	1161.64	1843.93
-31618.0	7810.0	1160.52	1790.31
-31618.0	7810.0	1159.39	1754.47
-31618.0	7810.0	1158.26	1794.15
-31618.0	7810.0	1157.14	1793.84
-31618.0	7810.0	1156.01	1857.91
-31618.0	7810.0	1154.88	1873.13
-31618.0	7810.0	1153.76	1835.1
-31618.0	7810.0	1152.63	1839.22
-31618.0	7810.0	1151.5	1843.35
-31618.0	7810.0	1150.38	1758.76
-31618.0	7810.0	1149.25	1751.81
-31618.0	7810.0	1148.12	1866.8
-31618.0	7810.0	1146.99	1793.33
-31618.0	7810.0	1145.87	1786.38
-31618.0	7810.0	1144.74	1797.15
-31618.0	7810.0	1143.61	1756.97
-31618.0	7810.0	1142.48	1772.18
-31618.0	7810.0	1141.35	1816.17
-31618.0	7810.0	1140.22	1831.37
-31618.0	7810.0	1139.09	1811.13
-31618.0	7810.0	1137.97	1790.9
-31618.0	7810.0	1136.84	1819.37
-31618.0	7810.0	1135.71	1832.33
-31618.0	7810.0	1134.58	1801.05
-31618.0	7810.0	1133.45	1710.04
-31618.0	7810.0	1132.32	1760.62
-31618.0	7810.0	1131.19	1817.82
-31618.0	7810.0	1130.05	1788.76
-31618.0	7810.0	1128.92	1803.93
-31618.0	7810.0	1127.79	1792.57
-31618.0	7810.0	1126.66	1840.89
-31618.0	7810.0	1125.53	1840.57
-31618.0	7810.0	1124.4	1734.22
-31618.0	7810.0	1123.27	1740.54
-31618.0	7810.0	1122.13	1771.17
-31618.0	7810.0	1121.0	1821.65
-31618.0	7810.0	1119.87	1757.31
-31618.0	7810.0	1118.74	1803.37
-31618.0	7810.0	1117.6	1807.47
-31618.0	7810.0	1116.47	1727.72
-31618.0	7810.0	1115.34	1833.32
-31618.0	7810.0	1114.2	1775.66
-31618.0	7810.0	1113.07	1742.27
-31618.0	7810.0	1111.94	1827.97
-31618.0	7810.0	1110.8	1787.97
-31618.0	7810.0	1109.67	1778.85
-31618.0	7810.0	1108.54	1787.36
-31618.0	7810.0	1107.4	1771.63
-31618.0	7810.0	1106.27	1733.87
-31618.0	7810.0	1105.13	1731.37
-31618.0	7810.0	1104.0	1755.3
-31618.0	7810.0	1102.86	1732.97
-31618.0	7810.0	1101.72	1750.29
-31618.0	7810.0	1100.59	1714.77
-31618.0	7810.0	1099.45	1798.1
-31618.0	7810.0	1098.32	1808.79
-31618.0	7810.0	1097.18	1850.28
-31618.0	7810.0	1096.04	1755.38
-31618.0	7810.0	1094.91	1759.47
-31618.0	7810.0	1093.77	1809.74
-31618.0	7810.0	1092.63	1842.41
-31618.0	7810.0	1091.5	1749.77
-31618.0	7810.0	1090.36	1762.65
-31618.0	7810.0	1089.22	1740.37
-31618.0	7810.0	1088.08	1746.66
-31618.0	7810.0	1086.95	1737.57
-31618.0	7810.0	1085.81	1739.47
-31618.0	7810.0	1084.67	1835.79
-31618.0	7810.0	1083.53	1725.69
-31618.0	7810.0	1082.39	1688.07
-31618.0	7810.0	1081.25	1736.07
-31618.0	7810.0	1080.11	1755.51
-31618.0	7810.0	1078.97	1722.3
-31618.0	7810.0	1077.83	1761.48
-31618.0	7810.0	1076.69	1763.37
-31618.0	7810.0	1075.55	1723.59
-31618.0	7810.0	1074.41	1703.56
-31618.0	7810.0	1073.27	1738.34
-31618.0	7810.0	1072.13	1718.31
-31618.0	7810.0	1070.99	1748.69
-31618.0	7810.0	1069.85	1735.24
-31618.0	7810.0	1068.71	1684.55
-31618.0	7810.0	1067.57	1721.49
-31618.0	7810.0	1066.43	1705.86
-31618.0	7810.0	1065.28	1749.35
-31618.0	7810.0	1064.14	1790.64
-31618.0	7810.0	1063.0	1667.76
-31618.0	7810.0	1061.86	1671.85
-31618.0	7810.0	1060.71	1724.06
-31618.0	7810.0	1059.57	1728.14
-31618.0	7810.0	1058.43	1701.59
-31618.0	7810.0	1057.29	1762.52
-31618.0	7810.0	1056.14	1711.92
-31618.0	7810.0	1055.0	1761.9
-31618.0	7810.0	1053.85	1722.25
-31618.0	7810.0	1052.71	1756.91
-31618.0	7810.0	1051.57	1723.83
-31618.0	7810.0	1050.42	1745.37
-31618.0	7810.0	1049.28	1764.72
-31618.0	7810.0	1048.13	1836.48
-31618.0	7810.0	1046.99	1801.22
-31618.0	7810.0	1045.84	1698.31
-31618.0	7810.0	1044.7	1770.03
-31618.0	7810.0	1043.55	1739.17
-31618.0	7810.0	1042.4	1710.5
-31618.0	7810.0	1041.26	1830.17
-31618.0	7810.0	1040.11	1777.51
-31618.0	7810.0	1038.97	1794.64
-31618.0	7810.0	1037.82	1848.83
-31618.0	7810.0	1036.67	1826.7
-31618.0	7810.0	1035.53	1856.89
-31618.0	7810.0	1034.38	1786.84
-31618.0	7810.0	1033.23	1795.23
-31618.0	7810.0	1032.08	1770.96
-31618.0	7810.0	1030.94	1807.67
-31618.0	7810.0	1029.79	1829.12
-31618.0	7810.0	1028.64	1765.66
-31618.0	7810.0	1027.49	1721.81
-31618.0	7810.0	1026.34	1802.04
-31618.0	7810.0	1025.19	1797.36
-31618.0	7810.0	1024.04	1860.14
-31618.0	7810.0	1022.89	1901.14
-31618.0	7810.0	1021.74	1774.66
-31618.0	7810.0	1020.59	1824.36
-31618.0	7810.0	1019.45	1895.78
-31618.0	7810.0	1018.29	1836.75
-31618.0	7810.0	1017.14	1821.21
-31618.0	7810.0	1015.99	1881.73
-31618.0	7810.0	1014.84	1853.15
-31618.0	7810.0	1013.69	1909.3
-31618.0	7810.0	1012.54	1861.18
-31618.0	7810.0	1011.39	1958.56
-31618.0	7810.0	1010.24	2021.17
-31618.0	7810.0	1009.09	1871.04
-31618.0	7810.0	1007.93	1946.66
-31618.0	7810.0	1006.78	1994.05
-31618.0	7810.0	1005.63	1998.03
-31618.0	7810.0	1004.48	2004.18
-31618.0	7810.0	1003.32	1990.81
-31618.0	7810.0	1002.17	2083.69
-31618.0	7810.0	1001.02	1972.76
-31618.0	7810.0	999.865	2007.09
-31618.0	7810.0	998.711	2054.4
-31618.0	7810.0	997.558	2093.04
-31618.0	7810.0	996.403	2029.84
-31618.0	7810.0	995.249	2152.93
-31618.0	7810.0	994.095	2104.9
-31618.0	7810.0	992.94	2130.51
-31618.0	7810.0	991.785	2182.08
-31618.0	7810.0	990.63	2160.05
-31618.0	7810.0	989.475	2218.09
-31618.0	7810.0	988.319	2206.87
-31618.0	7810.0	987.164	2277.86
-31618.0	7810.0	986.008	2238.52
-31618.0	7810.0	984.852	2246.77
-31618.0	7810.0	983.695	2317.71
-31618.0	7810.0	982.539	2354.04
-31618.0	7810.0	981.382	2377.39
-31618.0	7810.0	980.225	2312.14
-31618.0	7810.0	979.068	2395.98
-31618.0	7810.0	977.911	2373.95
-31618.0	7810.0	976.753	2364.88
-31618.0	7810.0	975.595	2316.95
-31618.0	7810.0	974.437	2264.72
-31618.0	7810.0	973.279	2439.15
-31618.0	7810.0	972.121	2449.5
-31618.0	7810.0	970.962	2377.85
-31618.0	7810.0	969.803	2424.88
-31618.0	7810.0	968.644	2417.97
-31618.0	7810.0	967.485	2335.59
-31618.0	7810.0	966.326	2393.38
-31618.0	7810.0	965.166	2323.96
-31618.0	7810.0	964.006	2429.16
-31618.0	7810.0	962.846	2443.8
-31618.0	7810.0	961.686	2329.16
-31618.0	7810.0	960.525	2356.75
-31618.0	7810.0	959.365	2369.24
-31618.0	7810.0	958.204	2442.03
-31618.0	7810.0	957.043	2415.75
-31618.0	7810.0	955.881	2393.78
-31618.0	7810.0	954.72	2279.28
-31618.0	7810.0	953.558	2371.4
-31618.0	7810.0	952.396	2351.6
-31618.0	7810.0	951.234	2342.57
-31618.0	7810.0	950.071	2309.88
-31618.0	7810.0	948.909	2373.97
-31618.0	7810.0	947.746	2382.14
-31618.0	7810.0	946.583	2383.85
-31618.0	7810.0	945.42	2340.44
-31618.0	7810.0	944.256	2357.2
-31618.0	7810.0	943.092	2389.0
-31618.0	7810.0	941.929	2287.6
-31618.0	7810.0	940.765	2351.61
-31618.0	7810.0	939.6	2419.9
-31618.0	7810.0	938.436	2271.32
-31618.0	7810.0	937.271	2223.69
-31618.0	7810.0	936.106	2234.01
-31618.0	7810.0	934.941	2186.4
-31618.0	7810.0	933.775	2153.82
-31618.0	7810.0	932.61	2204.9
-31618.0	7810.0	931.444	2163.75
-31618.0	7810.0	930.278	2137.63
-31618.0	7810.0	929.112	2025.77
-31618.0	7810.0	927.945	1997.53
-31618.0	7810.0	926.779	1995.02
-31618.0	7810.0	925.612	1932.52
-31618.0	7810.0	924.445	2017.85
-31618.0	7810.0	923.278	1927.53
-31618.0	7810.0	922.11	1877.93
-31618.0	7810.0	920.942	1873.3
-31618.0	7810.0	919.774	1977.84
-31618.0	7810.0	918.606	1904.71
-31618.0	7810.0	917.438	1818.77
-31618.0	7810.0	916.269	1874.06
-31618.0	7810.0	915.1	1760.35
-31618.0	7810.0	913.931	1843.43
-31618.0	7810.0	912.762	1731.91
-31618.0	7810.0	911.593	1838.48
-31618.0	7810.0	910.423	1780.43
-31618.0	7810.0	909.253	1760.87
-31618.0	7810.0	908.083	1749.86
-31618.0	7810.0	906.913	1693.99
-31618.0	7810.0	905.742	1736.4
-31618.0	7810.0	904.572	1704.05
-31618.0	7810.0	903.401	1718.68
-31618.0	7810.0	902.229	1767.45
-31618.0	7810.0	901.058	1843.96
-31618.0	7810.0	899.886	1747.59
-31618.0	7810.0	898.715	1647.0
-31618.0	7810.0	897.543	1689.36
-31618.0	7810.0	896.37	1654.92
-31618.0	7810.0	895.198	1739.9
-31618.0	7810.0	894.025	1714.0
-31618.0	7810.0	892.852	1703.02
-31618.0	7810.0	891.679	1696.31
-31618.0	7810.0	890.506	1689.61
-31618.0	7810.0	889.332	1699.94
-31618.0	7810.0	888.158	1648.51
-31618.0	7810.0	886.984	1663.11
-31618.0	7810.0	885.81	1624.48
-31618.0	7810.0	884.636	1694.42
-31618.0	7810.0	883.461	1709.01
-31618.0	7810.0	882.286	1623.57
-31618.0	7810.0	881.111	1636.03
-31618.0	7810.0	879.936	1697.42
-31618.0	7810.0	878.76	1652.44
-31618.0	7810.0	877.584	1662.76
-31618.0	7810.0	876.408	1656.07
-31618.0	7810.0	875.232	1691.9
-31618.0	7810.0	874.056	1672.46
-31618.0	7810.0	872.879	1650.9
-31618.0	7810.0	871.702	1616.6
-31618.0	7810.0	870.525	1692.76
-31618.0	7810.0	869.348	1722.17
-31618.0	7810.0	868.17	1709.11
-31618.0	7810.0	866.993	1679.07
-31618.0	7810.0	865.815	1659.66
-31618.0	7810.0	864.637	1672.08
-31618.0	7810.0	863.458	1688.74
-31618.0	7810.0	862.28	1576.0
-31618.0	7810.0	861.101	1641.45
-31618.0	7810.0	859.922	1617.82
-31618.0	7810.0	858.742	1617.51
-31618.0	7810.0	857.563	1627.81
-31618.0	7810.0	856.383	1648.69
-31618.0	7810.0	855.203	1735.25
-31618.0	7810.0	854.023	1688.32
-31618.0	7810.0	852.843	1626.58
-31618.0	7810.0	851.662	1647.45
-31618.0	7810.0	850.481	1628.09
-31618.0	7810.0	849.3	1604.5
-31618.0	7810.0	848.119	1640.17
-31618.0	7810.0	846.937	1677.95
-31618.0	7810.0	845.756	1633.21
-31618.0	7810.0	844.574	1577.91
-31618.0	7810.0	843.392	1653.74
-31618.0	7810.0	842.209	1657.66
-31618.0	7810.0	841.027	1691.17
-31618.0	7810.0	839.844	1595.74
-31618.0	7810.0	838.661	1660.95
-31618.0	7810.0	837.477	1624.71
-31618.0	7810.0	836.294	1592.72
-31618.0	7810.0	835.11	1621.99
-31618.0	7810.0	833.926	1636.46
-31618.0	7810.0	832.742	1648.82
-31618.0	7810.0	831.558	1652.73
-31618.0	7810.0	830.373	1631.31
-31618.0	7810.0	829.188	1662.65
-31618.0	7810.0	828.003	1656.01
-31618.0	7810.0	826.818	1659.91
-31618.0	7810.0	825.632	1657.49
-31618.0	7810.0	824.446	1636.09
-31618.0	7810.0	823.26	1658.97
-31618.0	7810.0	822.074	1639.69
-31618.0	7810.0	820.888	1620.41
-31618.0	7810.0	819.701	1660.13
-31618.0	7810.0	818.514	1590.3
-31618.0	7810.0	817.327	1619.49
-31618.0	7810.0	816.14	1680.24
-31618.0	7810.0	814.952	1625.19
-31618.0	7810.0	813.765	1612.25
-31618.0	7810.0	812.577	1618.25
-31618.0	7810.0	811.388	1668.44
-31618.0	7810.0	810.2	1592.39
-31618.0	7810.0	809.011	1596.3
-31618.0	7810.0	807.822	1610.71
-31618.0	7810.0	806.633	1566.25
-31618.0	7810.0	805.444	1582.77
-31618.0	7810.0	804.254	1651.82
-31618.0	7810.0	803.064	1636.8
-31618.0	7810.0	801.874	1600.77
-31618.0	7810.0	800.684	1575.26
-31618.0	7810.0	799.493	1625.36
-31618.0	7810.0	798.303	1625.05
-31618.0	7810.0	797.112	1677.22
-31618.0	7810.0	795.921	1695.78
-31618.0	7810.0	794.729	1613.62
-31618.0	7810.0	793.538	1594.43
-31618.0	7810.0	792.346	1581.54
-31618.0	7810.0	791.154	1610.6
-31618.0	7810.0	789.961	1585.13
-31618.0	7810.0	788.769	1635.14
-31618.0	7810.0	787.576	1607.58
-31618.0	7810.0	786.383	1552.78
-31618.0	7810.0	785.19	1539.91
-31618.0	7810.0	783.996	1610.84
-31618.0	7810.0	782.802	1579.11
-31618.0	7810.0	781.608	1551.59
-31618.0	7810.0	780.414	1565.95
-31618.0	7810.0	779.22	1603.32
-31618.0	7810.0	778.025	1588.36
-31618.0	7810.0	776.83	1548.3
-31618.0	7810.0	775.635	1548.01
-31618.0	7810.0	774.44	1618.82
-31618.0	7810.0	773.244	1624.78
-31618.0	7810.0	772.049	1664.19
-31618.0	7810.0	770.853	1592.8
-31618.0	7810.0	769.656	1628.02
-31618.0	7810.0	768.46	1619.35
-31618.0	7810.0	767.263	1527.11
-31618.0	7810.0	766.066	1574.86
-31618.0	7810.0	764.869	1574.56
-31618.0	7810.0	763.672	1574.25
-31618.0	7810.0	762.474	1553.07
-31618.0	7810.0	761.276	1632.08
-31618.0	7810.0	760.078	1594.2
-31618.0	7810.0	758.88	1587.64
-31618.0	7810.0	757.681	1558.13
-31618.0	7810.0	756.483	1572.42
-31618.0	7810.0	755.284	1609.65
-31618.0	7810.0	754.084	1644.78
-31618.0	7810.0	752.885	1498.56
-31618.0	7810.0	751.685	1537.86
-31618.0	7810.0	750.485	1522.98
-31618.0	7810.0	749.285	1526.85
-31618.0	7810.0	748.085	1601.53
-31618.0	7810.0	746.884	1565.82
-31618.0	7810.0	745.683	1617.56
-31618.0	7810.0	744.482	1592.27
-31618.0	7810.0	743.281	1575.31
-31618.0	7810.0	742.079	1599.97
-31618.0	7810.0	740.877	1610.06
-31618.0	7810.0	739.675	1549.43
-31618.0	7810.0	738.473	1582.4
-31618.0	7810.0	737.27	1571.7
-31618.0	7810.0	736.068	1538.14
-31618.0	7810.0	734.865	1577.32
-31618.0	7810.0	733.661	1529.23
-31618.0	7810.0	732.458	1549.7
-31618.0	7810.0	731.254	1590.94
-31618.0	7810.0	730.05	1542.87
-31618.0	7810.0	728.846	1604.85
-31618.0	7810.0	727.642	1529.81
-31618.0	7810.0	726.437	1589.69
-31618.0	7810.0	725.232	1595.61
-31618.0	7810.0	724.027	1609.82
-31618.0	7810.0	722.822	1551.43
-31618.0	7810.0	721.616	1530.39
-31618.0	7810.0	720.41	1567.41
-31618.0	7810.0	719.204	1571.25
-31618.0	7810.0	717.998	1664.2
-31618.0	7810.0	716.791	1564.41
-31618.0	7810.0	715.585	1584.82
-31618.0	7810.0	714.378	1830.99
-31618.0	7810.0	713.17	1731.23
-31618.0	7810.0	711.963	1627.37
-31618.0	7810.0	710.755	1558.74
-31618.0	7810.0	709.547	1614.31
-31618.0	7810.0	708.339	1570.54
-31618.0	7810.0	707.131	1586.79
-31618.0	7810.0	705.922	1505.81
-31618.0	7810.0	704.713	1571.69
-31618.0	7810.0	703.504	1672.69
-31618.0	7810.0	702.295	1614.48
-31618.0	7810.0	701.085	1603.83
-31618.0	7810.0	699.875	1560.12
-31618.0	7810.0	698.665	1630.05
-31618.0	7810.0	697.455	1596.68
-31618.0	7810.0	696.244	1641.8
-31618.0	7810.0	695.034	1596.05
-31618.0	7810.0	693.822	1618.45
-31618.0	7810.0	692.611	1599.55
-31618.0	7810.0	691.4	1586.85
-31618.0	7810.0	690.188	1598.92
-31618.0	7810.0	688.976	1600.67
-31618.0	7810.0	687.764	1629.22
-31618.0	7810.0	686.551	1628.9
-31618.0	7810.0	685.339	1735.78
-31618.0	7810.0	684.126	1644.75
-31618.0	7810.0	682.912	1687.69
-31618.0	7810.0	681.699	1584.35
-31618.0	7810.0	680.485	1635.53
-31618.0	7810.0	679.271	1626.97
-31618.0	7810.0	678.057	1696.65
-31618.0	7810.0	676.843	1671.61
-31618.0	7810.0	675.628	1681.57
-31618.0	7810.0	674.413	1697.7
-31618.0	7810.0	673.198	1713.83
-31618.0	7810.0	671.983	1690.86
-31618.0	7810.0	670.767	1702.86
-31618.0	7810.0	669.551	1667.57
-31618.0	7810.0	668.335	1646.68
-31618.0	7810.0	667.119	1625.8
-31618.0	7810.0	665.902	1724.11
-31618.0	7810.0	664.686	1680.63
-31618.0	7810.0	663.469	1723.43
-31618.0	7810.0	662.251	1655.31
-31618.0	7810.0	661.034	1652.93
-31618.0	7810.0	659.816	1646.44
-31618.0	7810.0	658.598	1678.95
-31618.0	7810.0	657.38	1668.36
-31618.0	7810.0	656.161	1606.48
-31618.0	7810.0	654.942	1675.9
-31618.0	7810.0	653.723	1634.55
-31618.0	7810.0	652.504	1609.62
-31618.0	7810.0	651.285	1642.1
-31618.0	7810.0	650.065	1619.22
-31618.0	7810.0	648.845	1623.0
-31618.0	7810.0	647.625	1653.41
-31618.0	7810.0	646.404	1665.37
-31618.0	7810.0	645.184	1671.18
-31618.0	7810.0	643.963	1681.08
-31618.0	7810.0	642.742	1684.84
-31618.0	7810.0	641.52	1629.24
-31618.0	7810.0	640.298	1661.66
-31618.0	7810.0	639.076	1661.32
-31618.0	7810.0	637.854	1718.27
-31618.0	7810.0	636.632	1703.61
-31618.0	7810.0	635.409	1678.73
-31618.0	7810.0	634.186	1674.3
-31618.0	7810.0	632.963	1698.49
-31618.0	7810.0	631.74	1669.55
-31618.0	7810.0	630.516	1677.38
-31618.0	7810.0	629.292	1642.32
-31618.0	7810.0	628.068	1701.22
-31618.0	7810.0	626.844	1651.87
-31618.0	7810.0	625.619	1682.16
-31618.0	7810.0	624.394	1675.7
-31618.0	7810.0	623.169	1710.05
-31618.0	7810.0	621.944	1613.82
-31618.0	7810.0	620.718	1709.37
-31618.0	7810.0	619.492	1729.42
-31618.0	7810.0	618.266	1680.13
-31618.0	7810.0	617.04	1653.29
-31618.0	7810.0	615.813	1655.0
-31618.0	7810.0	614.587	1715.8
-31618.0	7810.0	613.36	1721.57
-31618.0	7810.0	612.132	1660.11
-31618.0	7810.0	610.905	1665.88
-31618.0	7810.0	609.677	1639.08
-31618.0	7810.0	608.449	1762.93
-31618.0	7810.0	607.22	1725.94
-31618.0	7810.0	605.992	1666.58
-31618.0	7810.0	604.763	1682.52
-31618.0	7810.0	603.534	1665.9
-31618.0	7810.0	602.305	1651.33
-31618.0	7810.0	601.075	1651.0
-31618.0	7810.0	599.845	1660.83
-31618.0	7810.0	598.615	1693.01
-31618.0	7810.0	597.385	1633.74
-31618.0	7810.0	596.154	1637.47
-31618.0	7810.0	594.924	1744.8
-31618.0	7810.0	593.693	1691.64
-31618.0	7810.0	592.461	1699.42
-31618.0	7810.0	591.23	1703.14
-31618.0	7810.0	589.998	1609.43
-31618.0	7810.0	588.766	1617.22
-31618.0	7810.0	587.534	1671.67
-31618.0	7810.0	586.301	1665.25
-31618.0	7810.0	585.068	1699.38
-31618.0	7810.0	583.835	1674.71
-31618.0	7810.0	582.602	1682.48
-31618.0	7810.0	581.368	1619.31
-31618.0	7810.0	580.134	1734.48
-31618.0	7810.0	578.9	1634.86
-31618.0	7810.0	577.666	1725.67
-31618.0	7810.0	576.432	1650.39
-31618.0	7810.0	575.197	1674.35
-31618.0	7810.0	573.962	1619.36
-31618.0	7810.0	572.726	1675.7
-31618.0	7810.0	571.491	1695.59
-31618.0	7810.0	570.255	1652.76
-31618.0	7810.0	569.019	1678.72
-31618.0	7810.0	567.783	1650.07
-31618.0	7810.0	566.546	1738.69
-31618.0	7810.0	565.309	1705.99
-31618.0	7810.0	564.072	1713.73
-31618.0	7810.0	562.835	1719.44
-31618.0	7810.0	561.597	1747.37
-31618.0	7810.0	560.359	1728.84
-31618.0	7810.0	559.121	1750.7
-31618.0	7810.0	557.883	1689.77
-31618.0	7810.0	556.644	1747.96
-31618.0	7810.0	555.406	1727.43
-31618.0	7810.0	554.167	1759.36
-31618.0	7810.0	552.927	1815.48
-31618.0	7810.0	551.688	1772.75
-31618.0	7810.0	550.448	1728.03
-31618.0	7810.0	549.208	1794.21
-31618.0	7810.0	547.967	1884.54
-31618.0	7810.0	546.727	1878.11
-31618.0	7810.0	545.486	1861.61
-31618.0	7810.0	544.245	1798.78
-31618.0	7810.0	543.003	1876.95
-31618.0	7810.0	541.762	2017.51
-31618.0	7810.0	540.52	2015.09
-31618.0	7810.0	539.278	1992.54
-31618.0	7810.0	538.035	2098.78
-31618.0	7810.0	536.793	2100.36
-31618.0	7810.0	535.55	2210.56
-31618.0	7810.0	534.307	2348.86
-31618.0	7810.0	533.063	2408.7
-31618.0	7810.0	531.82	2617.26
-31618.0	7810.0	530.576	2992.55
-31618.0	7810.0	529.331	3297.36
-31618.0	7810.0	528.087	3905.4
-31618.0	7810.0	526.842	4724.08
-31618.0	7810.0	525.597	6038.43
-31618.0	7810.0	524.352	7840.11
-31618.0	7810.0	523.107	10417.9
-31618.0	7810.0	521.861	13570.6
-31618.0	7810.0	520.615	14705.4
-31618.0	7810.0	519.369	13354.3
-31618.0	7810.0	518.122	11466.3
-31618.0	7810.0	516.876	9548.92
-31618.0	7810.0	515.629	8119.52
-31618.0	7810.0	514.381	7057.52
-31618.0	7810.0	513.134	6060.08
-31618.0	7810.0	511.886	5393.64
-31618.0	7810.0	510.638	4839.66
-31618.0	7810.0	509.39	4502.2
-31618.0	7810.0	508.141	4128.83
-31618.0	7810.0	506.892	3841.7
-31618.0	7810.0	505.643	3716.82
-31618.0	7810.0	504.394	3573.97
-31618.0	7810.0	503.145	3419.18
-31618.0	7810.0	501.895	3398.47
-31618.0	7810.0	500.645	3327.77
-31618.0	7810.0	499.394	3233.11
-31618.0	7810.0	498.144	3224.45
-31618.0	7810.0	496.893	3159.83
-31618.0	7810.0	495.642	3097.23
-31618.0	7810.0	494.39	3024.67
-31618.0	7810.0	493.139	2916.18
-31618.0	7810.0	491.887	2795.76
-31618.0	7810.0	490.635	2727.3
-31618.0	7810.0	489.382	2666.85
-31618.0	7810.0	488.13	2604.43
-31618.0	7810.0	486.877	2468.21
-31618.0	7810.0	485.623	2477.67
-31618.0	7810.0	484.37	2437.27
-31618.0	7810.0	483.116	2422.8
-31618.0	7810.0	481.862	2352.52
-31618.0	7810.0	480.608	2350.04
-31618.0	7810.0	479.354	2305.71
-31618.0	7810.0	478.099	2281.33
-31618.0	7810.0	476.844	2256.95
-31618.0	7810.0	475.588	2270.42
-31618.0	7810.0	474.333	2230.13
-31618.0	7810.0	473.077	2337.16
-31618.0	7810.0	471.821	2205.31
-31618.0	7810.0	470.565	2226.75
-31618.0	7810.0	469.308	2144.71
-31618.0	7810.0	468.051	2235.77
-31618.0	7810.0	466.794	2179.62
-31618.0	7810.0	465.537	2139.4
-31618.0	7810.0	464.279	2123.05
-31618.0	7810.0	463.021	2108.7
-31618.0	7810.0	461.763	2151.97
-31618.0	7810.0	460.505	2125.7
-31618.0	7810.0	459.246	2089.5
-31618.0	7810.0	457.987	2120.84
-31618.0	7810.0	456.728	2086.65
-31618.0	7810.0	455.469	2121.94
-31618.0	7810.0	454.209	2004.41
-31618.0	7810.0	452.949	2023.84
-31618.0	7810.0	451.689	2023.41
-31618.0	7810.0	450.428	2032.91
-31618.0	7810.0	449.167	1984.89
-31618.0	7810.0	447.906	2012.23
-31618.0	7810.0	446.645	1986.05
-31618.0	7810.0	445.383	2031.21
-31618.0	7810.0	444.122	2030.79
-31618.0	7810.0	442.86	2010.56
-31618.0	7810.0	441.597	2012.12
-31618.0	7810.0	440.335	2023.58
-31618.0	7810.0	439.072	2027.11
-31618.0	7810.0	437.809	2052.42
-31618.0	7810.0	436.545	2006.48
-31618.0	7810.0	435.281	2017.93
-31618.0	7810.0	434.018	2003.66
-31618.0	7810.0	432.753	2058.61
-31618.0	7810.0	431.489	1992.94
-31618.0	7810.0	430.224	2053.8
-31618.0	7810.0	428.959	2057.32
-31618.0	7810.0	427.694	2086.53
-31618.0	7810.0	426.428	2022.87
-31618.0	7810.0	425.163	1998.75
-31618.0	7810.0	423.896	1992.41
-31618.0	7810.0	422.63	1913.02
-31618.0	7810.0	421.364	2048.81
-31618.0	7810.0	420.097	2012.86
-31618.0	7810.0	418.83	2051.9
-31618.0	7810.0	417.562	2008.07
-31618.0	7810.0	416.295	1993.85
-31618.0	7810.0	415.027	1993.43
-31618.0	7810.0	413.758	2065.95
-31618.0	7810.0	412.49	1994.56
-31618.0	7810.0	411.221	1972.47
-31618.0	7810.0	409.952	1962.2
-31618.0	7810.0	408.683	2028.76
-31618.0	7810.0	407.414	1967.29
-31618.0	7810.0	406.144	1945.22
-31618.0	7810.0	404.874	1970.4
-31618.0	7810.0	403.603	1991.63
-31618.0	7810.0	402.333	1963.67
-31618.0	7810.0	401.062	2016.37
-31618.0	7810.0	399.791	2065.11
-31618.0	7810.0	398.519	2048.95
-31618.0	7810.0	397.248	1977.74
-31618.0	7810.0	395.976	1941.95
-31618.0	7810.0	394.704	1972.98
-31618.0	7810.0	393.431	2013.82
-31618.0	7810.0	392.159	1968.22
-31618.0	7810.0	390.886	2075.82
-31618.0	7810.0	389.612	1967.39
-31618.0	7810.0	388.339	1876.68
-31618.0	7810.0	387.065	1909.64
-31618.0	7810.0	385.791	1999.5
-31618.0	7810.0	384.517	1981.43
-31618.0	7810.0	383.242	1953.55
-31618.0	7810.0	381.967	1913.92
-31618.0	7810.0	380.692	2023.31
-31618.0	7810.0	379.417	2005.24
-31618.0	7810.0	378.141	1993.06
-31618.0	7810.0	376.865	1976.96
-31618.0	7810.0	375.589	1921.69
-31618.0	7810.0	374.312	1995.71
-31618.0	7810.0	373.035	2050.12
-31618.0	7810.0	371.758	2030.11
-31618.0	7810.0	370.481	2019.89
-31618.0	7810.0	369.204	2023.38
-31618.0	7810.0	367.926	2110.99
-31618.0	7810.0	366.648	2004.92
-31618.0	7810.0	365.369	1973.2
-31618.0	7810.0	364.091	2004.07
-31618.0	7810.0	362.812	2046.65
-31618.0	7810.0	361.532	1964.13
-31618.0	7810.0	360.253	1983.26
-31618.0	7810.0	358.973	2078.56
-31618.0	7810.0	357.693	1976.56
-31618.0	7810.0	356.413	1993.72
-31618.0	7810.0	355.132	2016.72
-31618.0	7810.0	353.852	2053.38
-31618.0	7810.0	352.571	2039.28
-31618.0	7810.0	351.289	2068.12
-31618.0	7810.0	350.008	1995.51
-31618.0	7810.0	348.726	2037.99
-31618.0	7810.0	347.444	2060.95
-31618.0	7810.0	346.161	2019.58
-31618.0	7810.0	344.878	2089.32
-31618.0	7810.0	343.595	2073.28
-31618.0	7810.0	342.312	2067.0
-31618.0	7810.0	341.029	2105.52
-31618.0	7810.0	339.745	2128.44
-31618.0	7810.0	338.461	2157.19
-31618.0	7810.0	337.176	2143.11
-31618.0	7810.0	335.892	2092.05
-31618.0	7810.0	334.607	2155.82
-31618.0	7810.0	333.322	2163.14
-31618.0	7810.0	332.036	2094.61
-31618.0	7810.0	330.75	2125.28
-31618.0	7810.0	329.464	2140.38
-31618.0	7810.0	328.178	2211.84
-31618.0	7810.0	326.892	2100.6
-31618.0	7810.0	325.605	2115.7
-31618.0	7810.0	324.318	2192.94
-31618.0	7810.0	323.03	2147.81
-31618.0	7810.0	321.743	2131.82
-31618.0	7810.0	320.455	2189.6
-31618.0	7810.0	319.167	2140.62
-31618.0	7810.0	317.878	2145.99
-31618.0	7810.0	316.59	2170.75
-31618.0	7810.0	315.301	2156.71
-31618.0	7810.0	314.011	2183.4
-31618.0	7810.0	312.722	2210.07
-31618.0	7810.0	311.432	2228.99
-31618.0	7810.0	310.142	2176.19
-31618.0	7810.0	308.851	2243.54
-31618.0	7810.0	307.561	2289.55
-31618.0	7810.0	306.27	2327.79
-31618.0	7810.0	304.979	2292.44
-31618.0	7810.0	303.687	2322.93
-31618.0	7810.0	302.395	2264.37
-31618.0	7810.0	301.103	2312.26
-31618.0	7810.0	299.811	2354.33
-31618.0	7810.0	298.519	2303.54
-31618.0	7810.0	297.226	2330.12
-31618.0	7810.0	295.933	2215.56
-31618.0	7810.0	294.639	2251.81
-31618.0	7810.0	293.345	2204.95
-31618.0	7810.0	292.052	2274.03
-31618.0	7810.0	290.757	2225.26
-31618.0	7810.0	289.463	2238.3
-31618.0	7810.0	288.168	2272.58
-31618.0	7810.0	286.873	2250.86
-31618.0	7810.0	285.578	2317.93
-31618.0	7810.0	284.282	2257.62
-31618.0	7810.0	282.986	2315.01
-31618.0	7810.0	281.69	2218.08
-31618.0	7810.0	280.393	2215.67
-31618.0	7810.0	279.097	2211.34
-31618.0	7810.0	277.8	2178.1
-31618.0	7810.0	276.502	2185.35
-31618.0	7810.0	275.205	2169.47
-31618.0	7810.0	273.907	2197.9
-31618.0	7810.0	272.609	2143.5
-31618.0	7810.0	271.311	2189.25
-31618.0	7810.0	270.012	2140.66
-31618.0	7810.0	268.713	2211.41
-31618.0	7810.0	267.414	2095.49
-31618.0	7810.0	266.114	2158.52
-31618.0	7810.0	264.814	2138.83
-31618.0	7810.0	263.514	2080.68
-31618.0	7810.0	262.214	2139.84
-31618.0	7810.0	260.913	2212.42
-31618.0	7810.0	259.613	2081.27
-31618.0	7810.0	258.311	2092.35
-31618.0	7810.0	257.01	2036.19
-31618.0	7810.0	255.708	2070.33
-31618.0	7810.0	254.406	2079.48
-31618.0	7810.0	253.104	2098.24
-31618.0	7810.0	251.801	2088.19
-31618.0	7810.0	250.499	2009.07
-31618.0	7810.0	249.195	1995.21
-31618.0	7810.0	247.892	2071.5
-31618.0	7810.0	246.588	2088.32
-31618.0	7810.0	245.284	2038.02
-31618.0	7810.0	243.98	1962.83
-31618.0	7810.0	242.676	2096.56
-31618.0	7810.0	241.371	2063.53
-31618.0	7810.0	240.066	2063.09
-31618.0	7810.0	238.76	2051.16
-31618.0	7810.0	237.455	1985.62
-31618.0	7810.0	236.149	1969.88
-31618.0	7810.0	234.843	2003.9
-31618.0	7810.0	233.536	1940.33
-31618.0	7810.0	232.229	2008.78
-31618.0	7810.0	230.922	2027.48
-31618.0	7810.0	229.615	2011.75
-31618.0	7810.0	228.307	2034.26
-31618.0	7810.0	227.0	2012.79
-31618.0	7810.0	225.691	2035.29
-31618.0	7810.0	224.383	1895.38
-31618.0	7810.0	223.074	1902.61
-31618.0	7810.0	221.765	1944.22
-31618.0	7810.0	220.456	1966.72
-31618.0	7810.0	219.146	1964.38
-31618.0	7810.0	217.836	2007.86
-31618.0	7810.0	216.526	1994.07
-31618.0	7810.0	215.216	1997.46
-31618.0	7810.0	213.905	2000.84
-31618.0	7810.0	212.594	1920.32
-31618.0	7810.0	211.283	1963.76
-31618.0	7810.0	209.971	1993.83
-31618.0	7810.0	208.66	2029.62
-31618.0	7810.0	207.348	1979.64
-31618.0	7810.0	206.035	2019.22
-31618.0	7810.0	204.722	1942.6
-31618.0	7810.0	203.409	1965.03
-31618.0	7810.0	202.096	1996.97
-31618.0	7810.0	200.783	1958.48
-31618.0	7810.0	199.469	1885.75
-31618.0	7810.0	198.155	1961.44
-31618.0	7810.0	196.84	2008.57
-31618.0	7810.0	195.526	1985.32
-31618.0	7810.0	194.211	1975.39
-31618.0	7810.0	192.896	2014.88
-31618.0	7810.0	191.58	2027.75
-31618.0	7810.0	190.264	2076.71
-31618.0	7810.0	188.948	2032.57
-31618.0	7810.0	187.632	1997.95
-31618.0	7810.0	186.315	2029.8
-31618.0	7810.0	184.998	2010.38
-31618.0	7810.0	183.681	2002.35
-31618.0	7810.0	182.364	2030.38
-31618.0	7810.0	181.046	2056.51
-31618.0	7810.0	179.728	2065.55
-31618.0	7810.0	178.41	1981.66
-31618.0	7810.0	177.091	2064.66
-31618.0	7810.0	175.772	2043.36
-31618.0	7810.0	174.453	2025.87
-31618.0	7810.0	173.133	2051.96
-31618.0	7810.0	171.814	2028.78
-31618.0	7810.0	170.494	2123.04
-31618.0	7810.0	169.173	2075.24
-31618.0	7810.0	167.853	2033.15
-31618.0	7810.0	166.532	2076.24
-31618.0	7810.0	165.211	2128.78
-31618.0	7810.0	163.889	2033.73
-31618.0	7810.0	162.567	2073.01
-31618.0	7810.0	161.245	2119.84
-31618.0	7810.0	159.923	2159.08
-31618.0	7810.0	158.6	2067.89
-31618.0	7810.0	157.278	2120.36
-31618.0	7810.0	155.954	2102.89
-31618.0	7810.0	154.631	2221.45
-31618.0	7810.0	153.307	2175.64
-31618.0	7810.0	151.983	2143.07
-31618.0	7810.0	150.659	2208.68
-31618.0	7810.0	149.334	2176.12
-31618.0	7810.0	148.009	2109.61
-31618.0	7810.0	146.684	2190.27
-31618.0	7810.0	145.359	2212.44
-31618.0	7810.0	144.033	2155.39
-31618.0	7810.0	142.707	2156.81
-31618.0	7810.0	141.381	2084.71
-31618.0	7810.0	140.054	2133.26
-31618.0	7810.0	138.727	2142.22
-31618.0	7810.0	137.4	2158.71
-31618.0	7810.0	136.072	2182.73
-31618.0	7810.0	134.745	2170.96
-31618.0	7810.0	133.417	2251.44
-31618.0	7810.0	132.088	2220.84
-31618.0	7810.0	130.76	2177.08
-31618.0	7810.0	129.431	2140.87
-31618.0	7810.0	128.102	2119.72
-31618.0	7810.0	126.772	2185.07
-31618.0	7810.0	125.442	2250.4
-31618.0	7810.0	124.112	2061.96
-31618.0	7810.0	122.782	2164.87
-31618.0	7810.0	121.451	2160.64
-31618.0	7810.0	120.12	2135.76
-31618.0	7810.0	118.789	2163.47
-31618.0	7810.0	117.458	2114.18
-31618.0	7810.0	116.126	2096.83
-31618.0	7810.0	114.794	2100.13
-31618.0	7810.0	113.462	2135.33
-31618.0	7810.0	112.129	2211.78
-31618.0	7810.0	110.796	2134.41
-31618.0	7810.0	109.463	2156.45
-31618.0	7810.0	108.129	2116.61
-31618.0	7810.0	106.796	2108.66
-31618.0	7810.0	105.461	2070.72
-31618.0	7810.0	104.127	1959.73
-31618.0	7810.0	102.792	2032.36
-31618.0	7810.0	101.457	1970.12
-31618.0	7810.0	100.122	1917.27
-31618.0	7810.0	98.7867	1931.83
-31618.0	7810.0	97.4509	1935.16
-31618.0	7810.0	96.1148	1882.35
-31618.0	7810.0	94.7784	1797.76
-31618.0	7810.0	93.4418	1857.22
-31618.0	7810.0	92.1048	1757.72
-31618.0	7810.0	90.7676	1761.08
-31618.0	7810.0	89.43	1743.87
-31618.0	7810.0	88.0922	1715.47
-31618.0	7810.0	86.7541	1810.38
-31618.0	7810.0	85.4157	1720.33
