-31616.0	7802.0	1311.89	1923.84
-31616.0	7802.0	1310.78	1998.48
-31616.0	7802.0	1309.68	1980.0
-31616.0	7802.0	1308.58	1925.19
-31616.0	7802.0	1307.48	1988.44
-31616.0	7802.0	1306.38	1997.2
-31616.0	7802.0	1305.28	1935.61
-31616.0	7802.0	1304.18	2005.64
-31616.0	7802.0	1303.07	2005.32
-31616.0	7802.0	1301.97	1982.31
-31616.0	7802.0	1300.87	1975.19
-31616.0	7802.0	1299.77	1931.8
-31616.0	7802.0	1298.66	1956.42
-31616.0	7802.0	1297.56	2051.31
-31616.0	7802.0	1296.46	1971.66
-31616.0	7802.0	1295.35	1905.63
-31616.0	7802.0	1294.25	1957.43
-31616.0	7802.0	1293.15	1979.77
-31616.0	7802.0	1292.04	1952.27
-31616.0	7802.0	1290.94	1999.51
-31616.0	7802.0	1289.83	1913.16
-31616.0	7802.0	1288.73	1994.34
-31616.0	7802.0	1287.63	1946.49
-31616.0	7802.0	1286.52	1907.71
-31616.0	7802.0	1285.42	1963.96
-31616.0	7802.0	1284.31	1988.53
-31616.0	7802.0	1283.21	1895.47
-31616.0	7802.0	1282.1	1924.57
-31616.0	7802.0	1280.99	1899.38
-31616.0	7802.0	1279.89	1932.99
-31616.0	7802.0	1278.78	1941.72
-31616.0	7802.0	1277.68	1957.23
-31616.0	7802.0	1276.57	1965.95
-31616.0	7802.0	1275.46	1992.74
-31616.0	7802.0	1274.36	1922.39
-31616.0	7802.0	1273.25	1962.74
-31616.0	7802.0	1272.14	1948.87
-31616.0	7802.0	1271.04	1916.94
-31616.0	7802.0	1269.93	1986.61
-31616.0	7802.0	1268.82	1900.52
-31616.0	7802.0	1267.71	1918.27
-31616.0	7802.0	1266.61	1926.98
-31616.0	7802.0	1265.5	1915.39
-31616.0	7802.0	1264.39	1869.96
-31616.0	7802.0	1263.28	1838.09
-31616.0	7802.0	1262.17	1955.04
-31616.0	7802.0	1261.06	1875.82
-31616.0	7802.0	1259.95	1895.8
-31616.0	7802.0	1258.84	1821.11
-31616.0	7802.0	1257.74	1863.63
-31616.0	7802.0	1256.63	1861.08
-31616.0	7802.0	1255.52	1894.56
-31616.0	7802.0	1254.41	1912.27
-31616.0	7802.0	1253.3	1934.48
-31616.0	7802.0	1252.19	1857.61
-31616.0	7802.0	1251.08	1913.59
-31616.0	7802.0	1249.96	1969.55
-31616.0	7802.0	1248.85	1924.22
-31616.0	7802.0	1247.74	1930.65
-31616.0	7802.0	1246.63	1840.35
-31616.0	7802.0	1245.52	1939.02
-31616.0	7802.0	1244.41	1826.25
-31616.0	7802.0	1243.3	1895.66
-31616.0	7802.0	1242.18	1976.29
-31616.0	7802.0	1241.07	1913.02
-31616.0	7802.0	1239.96	1903.72
-31616.0	7802.0	1238.85	1912.4
-31616.0	7802.0	1237.74	1939.05
-31616.0	7802.0	1236.62	1900.54
-31616.0	7802.0	1235.51	1868.78
-31616.0	7802.0	1234.4	1794.36
-31616.0	7802.0	1233.28	1744.67
-31616.0	7802.0	1232.17	1901.54
-31616.0	7802.0	1231.06	1836.13
-31616.0	7802.0	1229.94	1921.11
-31616.0	7802.0	1228.83	1828.79
-31616.0	7802.0	1227.71	1927.21
-31616.0	7802.0	1226.6	1819.22
-31616.0	7802.0	1225.48	1821.16
-31616.0	7802.0	1224.37	1832.07
-31616.0	7802.0	1223.25	1914.73
-31616.0	7802.0	1222.14	1903.2
-31616.0	7802.0	1221.02	1898.41
-31616.0	7802.0	1219.91	1884.65
-31616.0	7802.0	1218.79	1870.89
-31616.0	7802.0	1217.68	1836.98
-31616.0	7802.0	1216.56	1836.68
-31616.0	7802.0	1215.44	1937.15
-31616.0	7802.0	1214.33	1818.16
-31616.0	7802.0	1213.21	1929.79
-31616.0	7802.0	1212.09	1891.42
-31616.0	7802.0	1210.98	1823.97
-31616.0	7802.0	1209.86	1819.19
-31616.0	7802.0	1208.74	1836.79
-31616.0	7802.0	1207.62	1970.7
-31616.0	7802.0	1206.51	1822.76
-31616.0	7802.0	1205.39	1784.44
-31616.0	7802.0	1204.27	1822.15
-31616.0	7802.0	1203.15	1830.79
-31616.0	7802.0	1202.03	1886.37
-31616.0	7802.0	1200.91	1894.99
-31616.0	7802.0	1199.8	1890.21
-31616.0	7802.0	1198.68	1780.43
-31616.0	7802.0	1197.56	1851.61
-31616.0	7802.0	1196.44	1866.93
-31616.0	7802.0	1195.32	1835.36
-31616.0	7802.0	1194.2	1806.04
-31616.0	7802.0	1193.08	1796.81
-31616.0	7802.0	1191.96	1798.74
-31616.0	7802.0	1190.84	1816.29
-31616.0	7802.0	1189.72	1838.29
-31616.0	7802.0	1188.6	1786.68
-31616.0	7802.0	1187.48	1875.59
-31616.0	7802.0	1186.35	1861.9
-31616.0	7802.0	1185.23	1783.56
-31616.0	7802.0	1184.11	1834.53
-31616.0	7802.0	1182.99	1852.05
-31616.0	7802.0	1181.87	1891.85
-31616.0	7802.0	1180.75	1864.8
-31616.0	7802.0	1179.62	1853.35
-31616.0	7802.0	1178.5	1797.36
-31616.0	7802.0	1177.38	1819.33
-31616.0	7802.0	1176.26	2030.54
-31616.0	7802.0	1175.13	1905.54
-31616.0	7802.0	1174.01	1840.67
-31616.0	7802.0	1172.89	1806.98
-31616.0	7802.0	1171.76	1837.83
-31616.0	7802.0	1170.64	1788.58
-31616.0	7802.0	1169.51	1843.88
-31616.0	7802.0	1168.39	1890.27
-31616.0	7802.0	1167.27	1785.45
-31616.0	7802.0	1166.14	1769.59
-31616.0	7802.0	1165.02	1787.07
-31616.0	7802.0	1163.89	1784.55
-31616.0	7802.0	1162.77	1797.58
-31616.0	7802.0	1161.64	1786.17
-31616.0	7802.0	1160.52	1805.86
-31616.0	7802.0	1159.39	1774.46
-31616.0	7802.0	1158.26	1847.44
-31616.0	7802.0	1157.14	1804.94
-31616.0	7802.0	1156.01	1775.78
-31616.0	7802.0	1154.88	1835.41
-31616.0	7802.0	1153.76	1832.88
-31616.0	7802.0	1152.63	1845.88
-31616.0	7802.0	1151.5	1716.91
-31616.0	7802.0	1150.38	1754.32
-31616.0	7802.0	1149.25	1765.11
-31616.0	7802.0	1148.12	1822.46
-31616.0	7802.0	1146.99	1837.67
-31616.0	7802.0	1145.87	1806.33
-31616.0	7802.0	1144.74	1761.7
-31616.0	7802.0	1143.61	1774.69
-31616.0	7802.0	1142.48	1809.84
-31616.0	7802.0	1141.35	1829.46
-31616.0	7802.0	1140.22	1782.65
-31616.0	7802.0	1139.09	1744.71
-31616.0	7802.0	1137.97	1837.38
-31616.0	7802.0	1136.84	1841.5
-31616.0	7802.0	1135.71	1836.76
-31616.0	7802.0	1134.58	1767.86
-31616.0	7802.0	1133.45	1787.47
-31616.0	7802.0	1132.32	1815.91
-31616.0	7802.0	1131.19	1806.76
-31616.0	7802.0	1130.05	1804.24
-31616.0	7802.0	1128.92	1803.93
-31616.0	7802.0	1127.79	1713.0
-31616.0	7802.0	1126.66	1750.28
-31616.0	7802.0	1125.53	1719.04
-31616.0	7802.0	1124.4	1809.33
-31616.0	7802.0	1123.27	1760.42
-31616.0	7802.0	1122.13	1757.91
-31616.0	7802.0	1121.0	1799.57
-31616.0	7802.0	1119.87	1752.9
-31616.0	7802.0	1118.74	1765.84
-31616.0	7802.0	1117.6	1792.02
-31616.0	7802.0	1116.47	1758.62
-31616.0	7802.0	1115.34	1802.44
-31616.0	7802.0	1114.2	1766.84
-31616.0	7802.0	1113.07	1799.61
-31616.0	7802.0	1111.94	1783.87
-31616.0	7802.0	1110.8	1792.38
-31616.0	7802.0	1109.67	1754.6
-31616.0	7802.0	1108.54	1774.14
-31616.0	7802.0	1107.4	1751.8
-31616.0	7802.0	1106.27	1738.27
-31616.0	7802.0	1105.13	1784.23
-31616.0	7802.0	1104.0	1786.13
-31616.0	7802.0	1102.86	1726.37
-31616.0	7802.0	1101.72	1743.68
-31616.0	7802.0	1100.59	1712.56
-31616.0	7802.0	1099.45	1738.68
-31616.0	7802.0	1098.32	1815.4
-31616.0	7802.0	1097.18	1771.08
-31616.0	7802.0	1096.04	1812.57
-31616.0	7802.0	1094.91	1774.87
-31616.0	7802.0	1093.77	1756.97
-31616.0	7802.0	1092.63	1816.03
-31616.0	7802.0	1091.5	1798.13
-31616.0	7802.0	1090.36	1894.52
-31616.0	7802.0	1089.22	1729.38
-31616.0	7802.0	1088.08	1770.83
-31616.0	7802.0	1086.95	1739.77
-31616.0	7802.0	1085.81	1728.49
-31616.0	7802.0	1084.67	1719.4
-31616.0	7802.0	1083.53	1712.52
-31616.0	7802.0	1082.39	1703.44
-31616.0	7802.0	1081.25	1648.27
-31616.0	7802.0	1080.11	1737.96
-31616.0	7802.0	1078.97	1728.88
-31616.0	7802.0	1077.83	1726.39
-31616.0	7802.0	1076.69	1717.31
-31616.0	7802.0	1075.55	1784.99
-31616.0	7802.0	1074.41	1683.83
-31616.0	7802.0	1073.27	1731.76
-31616.0	7802.0	1072.13	1788.44
-31616.0	7802.0	1070.99	1777.18
-31616.0	7802.0	1069.85	1682.65
-31616.0	7802.0	1068.71	1682.36
-31616.0	7802.0	1067.57	1747.77
-31616.0	7802.0	1066.43	1701.48
-31616.0	7802.0	1065.28	1799.71
-31616.0	7802.0	1064.14	1731.53
-31616.0	7802.0	1063.0	1656.82
-31616.0	7802.0	1061.86	1698.11
-31616.0	7802.0	1060.71	1717.5
-31616.0	7802.0	1059.57	1820.01
-31616.0	7802.0	1058.43	1786.89
-31616.0	7802.0	1057.29	1707.85
-31616.0	7802.0	1056.14	1746.91
-31616.0	7802.0	1055.0	1678.83
-31616.0	7802.0	1053.85	1698.21
-31616.0	7802.0	1052.71	1704.47
-31616.0	7802.0	1051.57	1817.78
-31616.0	7802.0	1050.42	1754.11
-31616.0	7802.0	1049.28	1686.1
-31616.0	7802.0	1048.13	1742.58
-31616.0	7802.0	1046.99	1722.62
-31616.0	7802.0	1045.84	1789.99
-31616.0	7802.0	1044.7	1739.48
-31616.0	7802.0	1043.55	1774.08
-31616.0	7802.0	1042.4	1695.23
-31616.0	7802.0	1041.26	1775.64
-31616.0	7802.0	1040.11	1720.8
-31616.0	7802.0	1038.97	1759.75
-31616.0	7802.0	1037.82	1739.82
-31616.0	7802.0	1036.67	1698.09
-31616.0	7802.0	1035.53	1811.13
-31616.0	7802.0	1034.38	1751.97
-31616.0	7802.0	1033.23	1795.23
-31616.0	7802.0	1032.08	1784.03
-31616.0	7802.0	1030.94	1772.82
-31616.0	7802.0	1029.79	1796.46
-31616.0	7802.0	1028.64	1750.42
-31616.0	7802.0	1027.49	1824.12
-31616.0	7802.0	1026.34	1852.09
-31616.0	7802.0	1025.19	1825.65
-31616.0	7802.0	1024.04	1886.24
-31616.0	7802.0	1022.89	1761.92
-31616.0	7802.0	1021.74	1870.35
-31616.0	7802.0	1020.59	1859.15
-31616.0	7802.0	1019.45	1843.6
-31616.0	7802.0	1018.29	1884.57
-31616.0	7802.0	1017.14	1905.97
-31616.0	7802.0	1015.99	1879.56
-31616.0	7802.0	1014.84	1883.57
-31616.0	7802.0	1013.69	1909.3
-31616.0	7802.0	1012.54	1874.21
-31616.0	7802.0	1011.39	1919.47
-31616.0	7802.0	1010.24	1821.44
-31616.0	7802.0	1009.09	1884.06
-31616.0	7802.0	1007.93	1862.02
-31616.0	7802.0	1006.78	1959.33
-31616.0	7802.0	1005.63	1987.18
-31616.0	7802.0	1004.48	1978.15
-31616.0	7802.0	1003.32	1904.07
-31616.0	7802.0	1002.17	1966.61
-31616.0	7802.0	1001.02	2000.94
-31616.0	7802.0	999.865	2026.59
-31616.0	7802.0	998.711	2045.73
-31616.0	7802.0	997.558	2041.03
-31616.0	7802.0	996.403	2079.66
-31616.0	7802.0	995.249	2014.31
-31616.0	7802.0	994.095	2107.07
-31616.0	7802.0	992.94	2121.85
-31616.0	7802.0	991.785	2244.86
-31616.0	7802.0	990.63	2112.43
-31616.0	7802.0	989.475	2172.64
-31616.0	7802.0	988.319	2198.22
-31616.0	7802.0	987.164	2241.08
-31616.0	7802.0	986.008	2257.98
-31616.0	7802.0	984.852	2290.02
-31616.0	7802.0	983.695	2261.5
-31616.0	7802.0	982.539	2328.1
-31616.0	7802.0	981.382	2288.78
-31616.0	7802.0	980.225	2331.58
-31616.0	7802.0	979.068	2335.49
-31616.0	7802.0	977.911	2248.66
-31616.0	7802.0	976.753	2360.56
-31616.0	7802.0	975.595	2362.29
-31616.0	7802.0	974.437	2387.78
-31616.0	7802.0	973.279	2348.49
-31616.0	7802.0	972.121	2339.43
-31616.0	7802.0	970.962	2341.17
-31616.0	7802.0	969.803	2405.47
-31616.0	7802.0	968.644	2383.46
-31616.0	7802.0	967.485	2262.26
-31616.0	7802.0	966.326	2345.94
-31616.0	7802.0	965.166	2252.82
-31616.0	7802.0	964.006	2351.56
-31616.0	7802.0	962.846	2372.69
-31616.0	7802.0	961.686	2378.72
-31616.0	7802.0	960.525	2380.44
-31616.0	7802.0	959.365	2459.7
-31616.0	7802.0	958.204	2439.88
-31616.0	7802.0	957.043	2430.82
-31616.0	7802.0	955.881	2391.63
-31616.0	7802.0	954.72	2391.2
-31616.0	7802.0	953.558	2407.98
-31616.0	7802.0	952.396	2405.39
-31616.0	7802.0	951.234	2404.95
-31616.0	7802.0	950.071	2352.9
-31616.0	7802.0	948.909	2346.02
-31616.0	7802.0	947.746	2373.54
-31616.0	7802.0	946.583	2360.21
-31616.0	7802.0	945.42	2312.5
-31616.0	7802.0	944.256	2348.6
-31616.0	7802.0	943.092	2348.18
-31616.0	7802.0	941.929	2289.75
-31616.0	7802.0	940.765	2375.24
-31616.0	7802.0	939.6	2293.21
-31616.0	7802.0	938.436	2312.11
-31616.0	7802.0	937.271	2309.54
-31616.0	7802.0	936.106	2208.26
-31616.0	7802.0	934.941	2169.23
-31616.0	7802.0	933.775	2181.71
-31616.0	7802.0	932.61	2095.51
-31616.0	7802.0	931.444	2067.25
-31616.0	7802.0	930.278	2049.72
-31616.0	7802.0	929.112	1978.6
-31616.0	7802.0	927.945	1954.67
-31616.0	7802.0	926.779	1928.59
-31616.0	7802.0	925.612	1973.23
-31616.0	7802.0	924.445	1970.73
-31616.0	7802.0	923.278	1987.5
-31616.0	7802.0	922.11	1839.38
-31616.0	7802.0	920.942	1896.85
-31616.0	7802.0	919.774	1900.78
-31616.0	7802.0	918.606	1846.93
-31616.0	7802.0	917.438	1825.19
-31616.0	7802.0	916.269	1854.81
-31616.0	7802.0	915.1	1786.02
-31616.0	7802.0	913.931	1766.44
-31616.0	7802.0	912.762	1727.63
-31616.0	7802.0	911.593	1785.03
-31616.0	7802.0	910.423	1684.25
-31616.0	7802.0	909.253	1671.11
-31616.0	7802.0	908.083	1737.04
-31616.0	7802.0	906.913	1640.59
-31616.0	7802.0	905.742	1809.01
-31616.0	7802.0	904.572	1742.48
-31616.0	7802.0	903.401	1716.54
-31616.0	7802.0	902.229	1699.15
-31616.0	7802.0	901.058	1771.39
-31616.0	7802.0	899.886	1730.52
-31616.0	7802.0	898.715	1627.8
-31616.0	7802.0	897.543	1674.42
-31616.0	7802.0	896.37	1714.63
-31616.0	7802.0	895.198	1703.66
-31616.0	7802.0	894.025	1701.21
-31616.0	7802.0	892.852	1747.78
-31616.0	7802.0	891.679	1726.15
-31616.0	7802.0	890.506	1649.12
-31616.0	7802.0	889.332	1655.21
-31616.0	7802.0	888.158	1697.5
-31616.0	7802.0	886.984	1667.37
-31616.0	7802.0	885.81	1654.29
-31616.0	7802.0	884.636	1651.85
-31616.0	7802.0	883.461	1643.03
-31616.0	7802.0	882.286	1642.72
-31616.0	7802.0	881.111	1719.01
-31616.0	7802.0	879.936	1633.6
-31616.0	7802.0	878.76	1658.82
-31616.0	7802.0	877.584	1662.76
-31616.0	7802.0	876.408	1724.1
-31616.0	7802.0	875.232	1674.89
-31616.0	7802.0	874.056	1638.45
-31616.0	7802.0	872.879	1663.65
-31616.0	7802.0	871.702	1637.84
-31616.0	7802.0	870.525	1663.02
-31616.0	7802.0	869.348	1647.85
-31616.0	7802.0	868.17	1577.48
-31616.0	7802.0	866.993	1664.21
-31616.0	7802.0	865.815	1733.94
-31616.0	7802.0	864.637	1676.32
-31616.0	7802.0	863.458	1612.36
-31616.0	7802.0	862.28	1614.18
-31616.0	7802.0	861.101	1603.27
-31616.0	7802.0	859.922	1628.42
-31616.0	7802.0	858.742	1602.67
-31616.0	7802.0	857.563	1634.16
-31616.0	7802.0	856.383	1655.05
-31616.0	7802.0	855.203	1650.5
-31616.0	7802.0	854.023	1652.31
-31616.0	7802.0	852.843	1601.17
-31616.0	7802.0	851.662	1619.92
-31616.0	7802.0	850.481	1625.97
-31616.0	7802.0	849.3	1557.93
-31616.0	7802.0	848.119	1665.57
-31616.0	7802.0	846.937	1654.68
-31616.0	7802.0	845.756	1593.01
-31616.0	7802.0	844.574	1685.78
-31616.0	7802.0	843.392	1727.76
-31616.0	7802.0	842.209	1676.69
-31616.0	7802.0	841.027	1606.61
-31616.0	7802.0	839.844	1608.42
-31616.0	7802.0	838.661	1650.38
-31616.0	7802.0	837.477	1622.6
-31616.0	7802.0	836.294	1588.5
-31616.0	7802.0	835.11	1588.2
-31616.0	7802.0	833.926	1678.69
-31616.0	7802.0	832.742	1646.71
-31616.0	7802.0	831.558	1621.07
-31616.0	7802.0	830.373	1656.64
-31616.0	7802.0	829.188	1614.12
-31616.0	7802.0	828.003	1590.61
-31616.0	7802.0	826.818	1638.82
-31616.0	7802.0	825.632	1587.9
-31616.0	7802.0	824.446	1619.22
-31616.0	7802.0	823.26	1650.54
-31616.0	7802.0	822.074	1633.36
-31616.0	7802.0	820.888	1609.87
-31616.0	7802.0	819.701	1632.74
-31616.0	7802.0	818.514	1617.69
-31616.0	7802.0	817.327	1602.64
-31616.0	7802.0	816.14	1646.55
-31616.0	7802.0	814.952	1652.55
-31616.0	7802.0	813.765	1612.25
-31616.0	7802.0	812.577	1616.15
-31616.0	7802.0	811.388	1615.84
-31616.0	7802.0	810.2	1592.39
-31616.0	7802.0	809.011	1613.12
-31616.0	7802.0	807.822	1631.74
-31616.0	7802.0	806.633	1593.59
-31616.0	7802.0	805.444	1555.45
-31616.0	7802.0	804.254	1613.99
-31616.0	7802.0	803.064	1674.62
-31616.0	7802.0	801.874	1619.68
-31616.0	7802.0	800.684	1575.26
-31616.0	7802.0	799.493	1547.66
-31616.0	7802.0	798.303	1559.96
-31616.0	7802.0	797.112	1631.03
-31616.0	7802.0	795.921	1624.43
-31616.0	7802.0	794.729	1634.61
-31616.0	7802.0	793.538	1600.73
-31616.0	7802.0	792.346	1644.47
-31616.0	7802.0	791.154	1646.25
-31616.0	7802.0	789.961	1608.19
-31616.0	7802.0	788.769	1559.67
-31616.0	7802.0	787.576	1563.56
-31616.0	7802.0	786.383	1592.6
-31616.0	7802.0	785.19	1598.58
-31616.0	7802.0	783.996	1577.32
-31616.0	7802.0	782.802	1604.25
-31616.0	7802.0	781.608	1551.59
-31616.0	7802.0	780.414	1498.95
-31616.0	7802.0	779.22	1559.37
-31616.0	7802.0	778.025	1550.69
-31616.0	7802.0	776.83	1529.47
-31616.0	7802.0	775.635	1604.49
-31616.0	7802.0	774.44	1623.0
-31616.0	7802.0	773.244	1603.87
-31616.0	7802.0	772.049	1582.65
-31616.0	7802.0	770.853	1622.06
-31616.0	7802.0	769.656	1540.24
-31616.0	7802.0	768.46	1592.18
-31616.0	7802.0	767.263	1591.88
-31616.0	7802.0	766.066	1593.66
-31616.0	7802.0	764.869	1593.35
-31616.0	7802.0	763.672	1542.93
-31616.0	7802.0	762.474	1603.17
-31616.0	7802.0	761.276	1588.25
-31616.0	7802.0	760.078	1531.6
-31616.0	7802.0	758.88	1581.38
-31616.0	7802.0	757.681	1633.22
-31616.0	7802.0	756.483	1593.28
-31616.0	7802.0	755.284	1640.92
-31616.0	7802.0	754.084	1584.32
-31616.0	7802.0	752.885	1561.09
-31616.0	7802.0	751.685	1564.95
-31616.0	7802.0	750.485	1550.07
-31616.0	7802.0	749.285	1599.76
-31616.0	7802.0	748.085	1599.45
-31616.0	7802.0	746.884	1605.38
-31616.0	7802.0	745.683	1578.01
-31616.0	7802.0	744.482	1525.66
-31616.0	7802.0	743.281	1569.07
-31616.0	7802.0	742.079	1637.42
-31616.0	7802.0	740.877	1691.19
-31616.0	7802.0	739.675	1518.24
-31616.0	7802.0	738.473	1565.77
-31616.0	7802.0	737.27	1503.09
-31616.0	7802.0	736.068	1490.33
-31616.0	7802.0	734.865	1627.2
-31616.0	7802.0	733.661	1543.77
-31616.0	7802.0	732.458	1555.93
-31616.0	7802.0	731.254	1501.63
-31616.0	7802.0	730.05	1561.56
-31616.0	7802.0	728.846	1594.47
-31616.0	7802.0	727.642	1604.54
-31616.0	7802.0	726.437	1606.3
-31616.0	7802.0	725.232	1560.34
-31616.0	7802.0	724.027	1591.15
-31616.0	7802.0	722.822	1601.21
-31616.0	7802.0	721.616	1528.31
-31616.0	7802.0	720.41	1610.95
-31616.0	7802.0	719.204	1610.63
-31616.0	7802.0	717.998	1581.3
-31616.0	7802.0	716.791	1574.77
-31616.0	7802.0	715.585	1588.97
-31616.0	7802.0	714.378	1783.35
-31616.0	7802.0	713.17	1613.19
-31616.0	7802.0	711.963	1606.67
-31616.0	7802.0	710.755	1542.18
-31616.0	7802.0	709.547	1564.64
-31616.0	7802.0	708.339	1547.78
-31616.0	7802.0	707.131	1559.89
-31616.0	7802.0	705.922	1594.75
-31616.0	7802.0	704.713	1567.55
-31616.0	7802.0	703.504	1587.92
-31616.0	7802.0	702.295	1535.92
-31616.0	7802.0	701.085	1574.89
-31616.0	7802.0	699.875	1599.38
-31616.0	7802.0	698.665	1619.72
-31616.0	7802.0	697.455	1563.63
-31616.0	7802.0	696.244	1645.93
-31616.0	7802.0	695.034	1591.92
-31616.0	7802.0	693.822	1583.35
-31616.0	7802.0	692.611	1647.02
-31616.0	7802.0	691.4	1595.11
-31616.0	7802.0	690.188	1567.97
-31616.0	7802.0	688.976	1584.17
-31616.0	7802.0	687.764	1559.1
-31616.0	7802.0	686.551	1583.54
-31616.0	7802.0	685.339	1667.75
-31616.0	7802.0	684.126	1599.4
-31616.0	7802.0	682.912	1582.6
-31616.0	7802.0	681.699	1677.06
-31616.0	7802.0	680.485	1623.17
-31616.0	7802.0	679.271	1635.21
-31616.0	7802.0	678.057	1663.71
-31616.0	7802.0	676.843	1632.5
-31616.0	7802.0	675.628	1632.18
-31616.0	7802.0	674.413	1638.03
-31616.0	7802.0	673.198	1705.6
-31616.0	7802.0	671.983	1732.0
-31616.0	7802.0	670.767	1602.09
-31616.0	7802.0	669.551	1659.34
-31616.0	7802.0	668.335	1644.62
-31616.0	7802.0	667.119	1607.3
-31616.0	7802.0	665.902	1606.98
-31616.0	7802.0	664.686	1660.08
-31616.0	7802.0	663.469	1743.97
-31616.0	7802.0	662.251	1708.71
-31616.0	7802.0	661.034	1675.52
-31616.0	7802.0	659.816	1681.34
-31616.0	7802.0	658.598	1658.43
-31616.0	7802.0	657.38	1660.15
-31616.0	7802.0	656.161	1661.87
-31616.0	7802.0	654.942	1618.46
-31616.0	7802.0	653.723	1618.14
-31616.0	7802.0	652.504	1703.94
-31616.0	7802.0	651.285	1660.55
-31616.0	7802.0	650.065	1652.02
-31616.0	7802.0	648.845	1592.26
-31616.0	7802.0	647.625	1684.14
-31616.0	7802.0	646.404	1653.08
-31616.0	7802.0	645.184	1658.89
-31616.0	7802.0	643.963	1699.51
-31616.0	7802.0	642.742	1664.37
-31616.0	7802.0	641.52	1561.7
-31616.0	7802.0	640.298	1630.96
-31616.0	7802.0	639.076	1679.74
-31616.0	7802.0	637.854	1710.08
-31616.0	7802.0	636.632	1656.57
-31616.0	7802.0	635.409	1660.33
-31616.0	7802.0	634.186	1664.08
-31616.0	7802.0	632.963	1676.01
-31616.0	7802.0	631.74	1683.85
-31616.0	7802.0	630.516	1720.29
-31616.0	7802.0	629.292	1613.72
-31616.0	7802.0	628.068	1695.09
-31616.0	7802.0	626.844	1664.12
-31616.0	7802.0	625.619	1580.09
-31616.0	7802.0	624.394	1698.15
-31616.0	7802.0	623.169	1673.32
-31616.0	7802.0	621.944	1695.43
-31616.0	7802.0	620.718	1686.93
-31616.0	7802.0	619.492	1656.0
-31616.0	7802.0	618.266	1727.03
-31616.0	7802.0	617.04	1655.33
-31616.0	7802.0	615.813	1685.57
-31616.0	7802.0	614.587	1683.19
-31616.0	7802.0	613.36	1709.34
-31616.0	7802.0	612.132	1700.85
-31616.0	7802.0	610.905	1684.21
-31616.0	7802.0	609.677	1643.15
-31616.0	7802.0	608.449	1673.36
-31616.0	7802.0	607.22	1693.37
-31616.0	7802.0	605.992	1648.26
-31616.0	7802.0	604.763	1593.0
-31616.0	7802.0	603.534	1566.23
-31616.0	7802.0	602.305	1661.5
-31616.0	7802.0	601.075	1653.03
-31616.0	7802.0	599.845	1681.16
-31616.0	7802.0	598.615	1642.2
-31616.0	7802.0	597.385	1615.45
-31616.0	7802.0	596.154	1651.69
-31616.0	7802.0	594.924	1736.67
-31616.0	7802.0	593.693	1685.55
-31616.0	7802.0	592.461	1673.03
-31616.0	7802.0	591.23	1678.78
-31616.0	7802.0	589.998	1617.55
-31616.0	7802.0	588.766	1676.07
-31616.0	7802.0	587.534	1639.21
-31616.0	7802.0	586.301	1628.74
-31616.0	7802.0	585.068	1670.99
-31616.0	7802.0	583.835	1595.64
-31616.0	7802.0	582.602	1650.04
-31616.0	7802.0	581.368	1590.94
-31616.0	7802.0	580.134	1685.85
-31616.0	7802.0	578.9	1667.27
-31616.0	7802.0	577.666	1693.26
-31616.0	7802.0	576.432	1617.99
-31616.0	7802.0	575.197	1654.11
-31616.0	7802.0	573.962	1692.23
-31616.0	7802.0	572.726	1667.6
-31616.0	7802.0	571.491	1695.59
-31616.0	7802.0	570.255	1662.88
-31616.0	7802.0	569.019	1614.0
-31616.0	7802.0	567.783	1682.42
-31616.0	7802.0	566.546	1726.56
-31616.0	7802.0	565.309	1677.69
-31616.0	7802.0	564.072	1746.06
-31616.0	7802.0	562.835	1709.34
-31616.0	7802.0	561.597	1664.55
-31616.0	7802.0	560.359	1702.58
-31616.0	7802.0	559.121	1657.81
-31616.0	7802.0	557.883	1728.13
-31616.0	7802.0	556.644	1663.19
-31616.0	7802.0	555.406	1709.27
-31616.0	7802.0	554.167	1686.72
-31616.0	7802.0	552.927	1765.05
-31616.0	7802.0	551.688	1782.84
-31616.0	7802.0	550.448	1758.28
-31616.0	7802.0	549.208	1856.7
-31616.0	7802.0	547.967	1854.31
-31616.0	7802.0	546.727	1853.93
-31616.0	7802.0	545.486	1839.44
-31616.0	7802.0	544.245	1833.02
-31616.0	7802.0	543.003	1919.25
-31616.0	7802.0	541.762	1868.52
-31616.0	7802.0	540.52	1976.84
-31616.0	7802.0	539.278	1914.04
-31616.0	7802.0	538.035	2022.31
-31616.0	7802.0	536.793	2052.07
-31616.0	7802.0	535.55	2162.28
-31616.0	7802.0	534.307	2204.07
-31616.0	7802.0	533.063	2288.06
-31616.0	7802.0	531.82	2522.78
-31616.0	7802.0	530.576	2725.25
-31616.0	7802.0	529.331	3140.63
-31616.0	7802.0	528.087	3656.29
-31616.0	7802.0	526.842	4450.92
-31616.0	7802.0	525.597	5582.58
-31616.0	7802.0	524.352	7380.35
-31616.0	7802.0	523.107	9721.34
-31616.0	7802.0	521.861	12553.1
-31616.0	7802.0	520.615	13792.5
-31616.0	7802.0	519.369	12277.1
-31616.0	7802.0	518.122	10589.8
-31616.0	7802.0	516.876	8726.78
-31616.0	7802.0	515.629	7271.49
-31616.0	7802.0	514.381	6402.08
-31616.0	7802.0	513.134	5525.01
-31616.0	7802.0	511.886	4846.66
-31616.0	7802.0	510.638	4457.05
-31616.0	7802.0	509.39	4155.72
-31616.0	7802.0	508.141	3898.56
-31616.0	7802.0	506.892	3587.46
-31616.0	7802.0	505.643	3458.62
-31616.0	7802.0	504.394	3425.89
-31616.0	7802.0	503.145	3247.12
-31616.0	7802.0	501.895	3148.44
-31616.0	7802.0	500.645	3043.79
-31616.0	7802.0	499.394	3019.17
-31616.0	7802.0	498.144	3030.54
-31616.0	7802.0	496.893	2953.97
-31616.0	7802.0	495.642	2885.42
-31616.0	7802.0	494.39	2798.91
-31616.0	7802.0	493.139	2654.52
-31616.0	7802.0	491.887	2632.01
-31616.0	7802.0	490.635	2537.63
-31616.0	7802.0	489.382	2427.31
-31616.0	7802.0	488.13	2368.93
-31616.0	7802.0	486.877	2360.46
-31616.0	7802.0	485.623	2355.98
-31616.0	7802.0	484.37	2387.41
-31616.0	7802.0	483.116	2321.11
-31616.0	7802.0	481.862	2318.63
-31616.0	7802.0	480.608	2274.3
-31616.0	7802.0	479.354	2271.83
-31616.0	7802.0	478.099	2233.51
-31616.0	7802.0	476.844	2256.95
-31616.0	7802.0	475.588	2218.64
-31616.0	7802.0	474.333	2190.3
-31616.0	7802.0	473.077	2187.86
-31616.0	7802.0	471.821	2165.51
-31616.0	7802.0	470.565	2194.91
-31616.0	7802.0	469.308	2114.87
-31616.0	7802.0	468.051	2148.25
-31616.0	7802.0	466.794	2068.25
-31616.0	7802.0	465.537	2153.32
-31616.0	7802.0	464.279	2067.39
-31616.0	7802.0	463.021	2096.77
-31616.0	7802.0	461.763	2002.94
-31616.0	7802.0	460.505	2062.13
-31616.0	7802.0	459.246	2083.55
-31616.0	7802.0	457.987	2075.17
-31616.0	7802.0	456.728	2074.74
-31616.0	7802.0	455.469	2040.56
-31616.0	7802.0	454.209	2022.27
-31616.0	7802.0	452.949	2031.77
-31616.0	7802.0	451.689	1957.95
-31616.0	7802.0	450.428	1981.34
-31616.0	7802.0	449.167	1965.06
-31616.0	7802.0	447.906	1944.83
-31616.0	7802.0	446.645	1924.6
-31616.0	7802.0	445.383	1993.56
-31616.0	7802.0	444.122	1983.24
-31616.0	7802.0	442.86	1959.05
-31616.0	7802.0	441.597	1986.37
-31616.0	7802.0	440.335	1946.35
-31616.0	7802.0	439.072	2019.19
-31616.0	7802.0	437.809	1937.62
-31616.0	7802.0	436.545	1947.11
-31616.0	7802.0	435.281	1942.75
-31616.0	7802.0	434.018	1914.65
-31616.0	7802.0	432.753	2015.11
-31616.0	7802.0	431.489	1961.3
-31616.0	7802.0	430.224	2034.03
-31616.0	7802.0	428.959	2023.72
-31616.0	7802.0	427.694	2021.32
-31616.0	7802.0	426.428	2038.68
-31616.0	7802.0	425.163	1963.2
-31616.0	7802.0	423.896	1988.46
-31616.0	7802.0	422.63	1986.07
-31616.0	7802.0	421.364	1987.62
-31616.0	7802.0	420.097	1922.09
-31616.0	7802.0	418.83	2002.58
-31616.0	7802.0	417.562	1942.98
-31616.0	7802.0	416.295	2003.71
-31616.0	7802.0	415.027	1928.36
-31616.0	7802.0	413.758	1957.53
-31616.0	7802.0	412.49	1911.78
-31616.0	7802.0	411.221	1921.24
-31616.0	7802.0	409.952	1983.87
-31616.0	7802.0	408.683	1904.67
-31616.0	7802.0	407.414	1941.69
-31616.0	7802.0	406.144	1988.53
-31616.0	7802.0	404.874	1897.57
-31616.0	7802.0	403.603	1995.57
-31616.0	7802.0	402.333	1969.57
-31616.0	7802.0	401.062	1978.99
-31616.0	7802.0	399.791	1941.21
-31616.0	7802.0	398.519	2019.45
-31616.0	7802.0	397.248	1983.64
-31616.0	7802.0	395.976	1908.53
-31616.0	7802.0	394.704	1878.65
-31616.0	7802.0	393.431	1964.7
-31616.0	7802.0	392.159	1873.93
-31616.0	7802.0	390.886	1932.46
-31616.0	7802.0	389.612	1949.72
-31616.0	7802.0	388.339	1912.01
-31616.0	7802.0	387.065	1931.23
-31616.0	7802.0	385.791	1966.15
-31616.0	7802.0	384.517	1924.53
-31616.0	7802.0	383.242	1937.86
-31616.0	7802.0	381.967	1972.75
-31616.0	7802.0	380.692	1933.12
-31616.0	7802.0	379.417	1891.55
-31616.0	7802.0	378.141	2006.77
-31616.0	7802.0	376.865	2025.94
-31616.0	7802.0	375.589	1992.21
-31616.0	7802.0	374.312	1974.17
-31616.0	7802.0	373.035	2005.08
-31616.0	7802.0	371.758	1957.67
-31616.0	7802.0	370.481	2000.32
-31616.0	7802.0	369.204	1929.45
-31616.0	7802.0	367.926	2001.43
-31616.0	7802.0	366.648	1916.9
-31616.0	7802.0	365.369	1941.91
-31616.0	7802.0	364.091	1943.46
-31616.0	7802.0	362.812	1974.32
-31616.0	7802.0	361.532	2057.94
-31616.0	7802.0	360.253	1985.21
-31616.0	7802.0	358.973	1976.98
-31616.0	7802.0	357.693	1990.23
-31616.0	7802.0	356.413	1960.52
-31616.0	7802.0	355.132	2063.58
-31616.0	7802.0	353.852	2106.08
-31616.0	7802.0	352.571	2015.87
-31616.0	7802.0	351.289	1997.88
-31616.0	7802.0	350.008	1954.54
-31616.0	7802.0	348.726	1971.68
-31616.0	7802.0	347.444	2018.06
-31616.0	7802.0	346.161	2027.38
-31616.0	7802.0	344.878	2030.85
-31616.0	7802.0	343.595	1962.22
-31616.0	7802.0	342.312	2072.84
-31616.0	7802.0	341.029	1988.65
-31616.0	7802.0	339.745	2021.33
-31616.0	7802.0	338.461	2090.99
-31616.0	7802.0	337.176	2115.86
-31616.0	7802.0	335.892	2010.32
-31616.0	7802.0	334.607	2076.04
-31616.0	7802.0	333.322	2009.46
-31616.0	7802.0	332.036	2121.84
-31616.0	7802.0	330.75	2098.05
-31616.0	7802.0	329.464	2056.78
-31616.0	7802.0	328.178	2069.95
-31616.0	7802.0	326.892	2162.79
-31616.0	7802.0	325.605	2107.93
-31616.0	7802.0	324.318	2148.27
-31616.0	7802.0	323.03	2066.25
-31616.0	7802.0	321.743	2083.28
-31616.0	7802.0	320.455	2170.19
-31616.0	7802.0	319.167	2152.26
-31616.0	7802.0	317.878	2087.78
-31616.0	7802.0	316.59	2201.79
-31616.0	7802.0	315.301	2106.28
-31616.0	7802.0	314.011	2138.8
-31616.0	7802.0	312.722	2128.65
-31616.0	7802.0	311.432	2104.94
-31616.0	7802.0	310.142	2129.68
-31616.0	7802.0	308.851	2154.41
-31616.0	7802.0	307.561	2244.99
-31616.0	7802.0	306.27	2230.96
-31616.0	7802.0	304.979	2215.0
-31616.0	7802.0	303.687	2280.34
-31616.0	7802.0	302.395	2237.28
-31616.0	7802.0	301.103	2294.85
-31616.0	7802.0	299.811	2228.58
-31616.0	7802.0	298.519	2301.6
-31616.0	7802.0	297.226	2293.38
-31616.0	7802.0	295.933	2221.36
-31616.0	7802.0	294.639	2255.68
-31616.0	7802.0	293.345	2216.55
-31616.0	7802.0	292.052	2214.14
-31616.0	7802.0	290.757	2176.97
-31616.0	7802.0	289.463	2170.71
-31616.0	7802.0	288.168	2170.24
-31616.0	7802.0	286.873	2198.74
-31616.0	7802.0	285.578	2209.85
-31616.0	7802.0	284.282	2205.52
-31616.0	7802.0	282.986	2174.18
-31616.0	7802.0	281.69	2071.49
-31616.0	7802.0	280.393	2186.75
-31616.0	7802.0	279.097	2199.78
-31616.0	7802.0	277.8	2091.36
-31616.0	7802.0	276.502	2071.65
-31616.0	7802.0	275.205	2129.0
-31616.0	7802.0	273.907	2143.96
-31616.0	7802.0	272.609	2072.24
-31616.0	7802.0	271.311	2150.74
-31616.0	7802.0	270.012	2111.78
-31616.0	7802.0	268.713	2088.24
-31616.0	7802.0	267.414	2141.67
-31616.0	7802.0	266.114	2108.5
-31616.0	7802.0	264.814	2061.89
-31616.0	7802.0	263.514	2015.3
-31616.0	7802.0	262.214	2045.63
-31616.0	7802.0	260.913	2083.63
-31616.0	7802.0	259.613	2008.24
-31616.0	7802.0	258.311	2088.51
-31616.0	7802.0	257.01	1993.93
-31616.0	7802.0	255.708	2005.03
-31616.0	7802.0	254.406	2006.52
-31616.0	7802.0	253.104	1994.57
-31616.0	7802.0	251.801	2082.43
-31616.0	7802.0	250.499	2010.99
-31616.0	7802.0	249.195	2014.39
-31616.0	7802.0	247.892	1958.34
-31616.0	7802.0	246.588	2036.54
-31616.0	7802.0	245.284	1980.5
-31616.0	7802.0	243.98	1953.24
-31616.0	7802.0	242.676	1895.33
-31616.0	7802.0	241.371	2000.31
-31616.0	7802.0	240.066	1980.72
-31616.0	7802.0	238.76	1957.31
-31616.0	7802.0	237.455	1954.98
-31616.0	7802.0	236.149	1950.73
-31616.0	7802.0	234.843	1931.17
-31616.0	7802.0	233.536	1970.94
-31616.0	7802.0	232.229	1959.04
-31616.0	7802.0	230.922	1922.28
-31616.0	7802.0	229.615	1956.29
-31616.0	7802.0	228.307	1948.22
-31616.0	7802.0	227.0	2020.44
-31616.0	7802.0	225.691	1964.58
-31616.0	7802.0	224.383	1941.23
-31616.0	7802.0	223.074	1896.88
-31616.0	7802.0	221.765	1888.83
-31616.0	7802.0	220.456	1970.53
-31616.0	7802.0	219.146	1952.93
-31616.0	7802.0	217.836	1983.05
-31616.0	7802.0	216.526	1925.38
-31616.0	7802.0	215.216	1900.16
-31616.0	7802.0	213.905	1865.42
-31616.0	7802.0	212.594	1863.11
-31616.0	7802.0	211.283	1927.53
-31616.0	7802.0	209.971	1892.81
-31616.0	7802.0	208.66	1913.36
-31616.0	7802.0	207.348	1890.09
-31616.0	7802.0	206.035	1897.3
-31616.0	7802.0	204.722	1963.55
-31616.0	7802.0	203.409	1968.84
-31616.0	7802.0	202.096	1905.6
-31616.0	7802.0	200.783	1956.58
-31616.0	7802.0	199.469	1948.54
-31616.0	7802.0	198.155	1986.17
-31616.0	7802.0	196.84	1953.41
-31616.0	7802.0	195.526	2006.24
-31616.0	7802.0	194.211	1958.27
-31616.0	7802.0	192.896	1936.94
-31616.0	7802.0	191.58	2149.37
-31616.0	7802.0	190.264	2042.51
-31616.0	7802.0	188.948	2004.08
-31616.0	7802.0	187.632	1959.97
-31616.0	7802.0	186.315	2016.51
-31616.0	7802.0	184.998	2014.17
-31616.0	7802.0	183.681	1968.19
-31616.0	7802.0	182.364	1948.79
-31616.0	7802.0	181.046	1955.96
-31616.0	7802.0	179.728	2084.52
-31616.0	7802.0	178.41	1974.08
-31616.0	7802.0	177.091	2051.39
-31616.0	7802.0	175.772	2077.48
-31616.0	7802.0	174.453	2014.5
-31616.0	7802.0	173.133	2057.64
-31616.0	7802.0	171.814	2021.21
-31616.0	7802.0	170.494	2020.77
-31616.0	7802.0	169.173	2075.24
-31616.0	7802.0	167.853	2042.62
-31616.0	7802.0	166.532	1977.82
-31616.0	7802.0	165.211	2077.69
-31616.0	7802.0	163.889	2033.73
-31616.0	7802.0	162.567	2071.12
-31616.0	7802.0	161.245	2055.54
-31616.0	7802.0	159.923	2066.44
-31616.0	7802.0	158.6	2100.02
-31616.0	7802.0	157.278	2118.47
-31616.0	7802.0	155.954	2091.56
-31616.0	7802.0	154.631	2161.0
-31616.0	7802.0	153.307	2079.32
-31616.0	7802.0	151.983	2129.86
-31616.0	7802.0	150.659	2046.34
-31616.0	7802.0	149.334	2117.61
-31616.0	7802.0	148.009	2117.16
-31616.0	7802.0	146.684	2073.31
-31616.0	7802.0	145.359	2065.32
-31616.0	7802.0	144.033	2130.87
-31616.0	7802.0	142.707	2038.03
-31616.0	7802.0	141.381	2114.87
-31616.0	7802.0	140.054	2099.34
-31616.0	7802.0	138.727	2072.51
-31616.0	7802.0	137.4	2121.04
-31616.0	7802.0	136.072	2096.1
-31616.0	7802.0	134.745	2150.25
-31616.0	7802.0	133.417	2104.61
-31616.0	7802.0	132.088	2164.38
-31616.0	7802.0	130.76	2092.41
-31616.0	7802.0	129.431	2152.16
-31616.0	7802.0	128.102	2117.84
-31616.0	7802.0	126.772	2117.38
-31616.0	7802.0	125.442	2156.4
-31616.0	7802.0	124.112	2060.08
-31616.0	7802.0	122.782	2040.84
-31616.0	7802.0	121.451	2111.79
-31616.0	7802.0	120.12	2041.84
-31616.0	7802.0	118.789	2063.93
-31616.0	7802.0	117.458	2106.67
-31616.0	7802.0	116.126	2093.07
-31616.0	7802.0	114.794	2077.61
-31616.0	7802.0	113.462	2131.57
-31616.0	7802.0	112.129	2106.73
-31616.0	7802.0	110.796	2055.63
-31616.0	7802.0	109.463	2090.82
-31616.0	7802.0	108.129	2028.5
-31616.0	7802.0	106.796	2071.17
-31616.0	7802.0	105.461	1992.02
-31616.0	7802.0	104.127	2014.07
-31616.0	7802.0	102.792	1989.28
-31616.0	7802.0	101.457	1938.29
-31616.0	7802.0	100.122	1872.34
-31616.0	7802.0	98.7867	1911.24
-31616.0	7802.0	97.4509	1888.37
-31616.0	7802.0	96.1148	1872.99
-31616.0	7802.0	94.7784	1795.89
-31616.0	7802.0	93.4418	1795.5
-31616.0	7802.0	92.1048	1802.59
-31616.0	7802.0	90.7676	1845.2
-31616.0	7802.0	89.43	1775.65
-31616.0	7802.0	88.0922	1771.53
-31616.0	7802.0	86.7541	1746.86
-31616.0	7802.0	85.4157	1697.91
