-31614.0	7820.0	1311.89	1921.57
-31614.0	7820.0	1310.78	1989.4
-31614.0	7820.0	1309.68	1973.18
-31614.0	7820.0	1308.58	1888.87
-31614.0	7820.0	1307.48	2013.41
-31614.0	7820.0	1306.38	1965.43
-31614.0	7820.0	1305.28	1922.0
-31614.0	7820.0	1304.18	1953.45
-31614.0	7820.0	1303.07	2000.78
-31614.0	7820.0	1301.97	2011.8
-31614.0	7820.0	1300.87	1927.57
-31614.0	7820.0	1299.77	1988.48
-31614.0	7820.0	1298.66	1915.62
-31614.0	7820.0	1297.56	2046.78
-31614.0	7820.0	1296.46	2005.65
-31614.0	7820.0	1295.35	1998.53
-31614.0	7820.0	1294.25	1959.7
-31614.0	7820.0	1293.15	2022.81
-31614.0	7820.0	1292.04	1947.74
-31614.0	7820.0	1290.94	1949.7
-31614.0	7820.0	1289.83	1867.87
-31614.0	7820.0	1288.73	1926.43
-31614.0	7820.0	1287.63	2000.81
-31614.0	7820.0	1286.52	1903.18
-31614.0	7820.0	1285.42	1871.2
-31614.0	7820.0	1284.31	1954.6
-31614.0	7820.0	1283.21	1924.88
-31614.0	7820.0	1282.1	1978.84
-31614.0	7820.0	1280.99	1962.7
-31614.0	7820.0	1279.89	1928.47
-31614.0	7820.0	1278.78	1896.51
-31614.0	7820.0	1277.68	1957.23
-31614.0	7820.0	1276.57	1900.42
-31614.0	7820.0	1275.46	2026.63
-31614.0	7820.0	1274.36	2033.08
-31614.0	7820.0	1273.25	1942.41
-31614.0	7820.0	1272.14	2007.58
-31614.0	7820.0	1271.04	1989.19
-31614.0	7820.0	1269.93	1927.92
-31614.0	7820.0	1268.82	1918.58
-31614.0	7820.0	1267.71	1879.9
-31614.0	7820.0	1266.61	1861.55
-31614.0	7820.0	1265.5	1879.29
-31614.0	7820.0	1264.39	1878.99
-31614.0	7820.0	1263.28	1901.23
-31614.0	7820.0	1262.17	1891.91
-31614.0	7820.0	1261.06	1914.14
-31614.0	7820.0	1259.95	1886.78
-31614.0	7820.0	1258.84	1852.67
-31614.0	7820.0	1257.74	1899.69
-31614.0	7820.0	1256.63	1908.39
-31614.0	7820.0	1255.52	1941.87
-31614.0	7820.0	1254.41	1907.77
-31614.0	7820.0	1253.3	1902.95
-31614.0	7820.0	1252.19	1889.13
-31614.0	7820.0	1251.08	1956.36
-31614.0	7820.0	1249.96	1888.52
-31614.0	7820.0	1248.85	1915.22
-31614.0	7820.0	1247.74	1878.9
-31614.0	7820.0	1246.63	1912.34
-31614.0	7820.0	1245.52	1894.03
-31614.0	7820.0	1244.41	1902.72
-31614.0	7820.0	1243.3	1911.4
-31614.0	7820.0	1242.18	1872.87
-31614.0	7820.0	1241.07	1935.5
-31614.0	7820.0	1239.96	1899.23
-31614.0	7820.0	1238.85	1939.36
-31614.0	7820.0	1237.74	1871.64
-31614.0	7820.0	1236.62	1909.52
-31614.0	7820.0	1235.51	1954.13
-31614.0	7820.0	1234.4	1888.69
-31614.0	7820.0	1233.28	1895.11
-31614.0	7820.0	1232.17	1883.58
-31614.0	7820.0	1231.06	1865.31
-31614.0	7820.0	1229.94	1869.49
-31614.0	7820.0	1228.83	1866.94
-31614.0	7820.0	1227.71	1889.07
-31614.0	7820.0	1226.6	1877.54
-31614.0	7820.0	1225.48	1843.59
-31614.0	7820.0	1224.37	1841.04
-31614.0	7820.0	1223.25	1831.77
-31614.0	7820.0	1222.14	1900.96
-31614.0	7820.0	1221.02	1873.75
-31614.0	7820.0	1219.91	1844.31
-31614.0	7820.0	1218.79	1886.58
-31614.0	7820.0	1217.68	1848.18
-31614.0	7820.0	1216.56	1823.24
-31614.0	7820.0	1215.44	1874.44
-31614.0	7820.0	1214.33	1829.35
-31614.0	7820.0	1213.21	1838.01
-31614.0	7820.0	1212.09	1824.27
-31614.0	7820.0	1210.98	1846.35
-31614.0	7820.0	1209.86	1819.19
-31614.0	7820.0	1208.74	1852.45
-31614.0	7820.0	1207.62	1876.75
-31614.0	7820.0	1206.51	1863.02
-31614.0	7820.0	1205.39	1911.9
-31614.0	7820.0	1204.27	1869.11
-31614.0	7820.0	1203.15	1848.68
-31614.0	7820.0	1202.03	1917.66
-31614.0	7820.0	1200.91	1892.76
-31614.0	7820.0	1199.8	1885.74
-31614.0	7820.0	1198.68	1805.0
-31614.0	7820.0	1197.56	1777.9
-31614.0	7820.0	1196.44	1851.3
-31614.0	7820.0	1195.32	1817.5
-31614.0	7820.0	1194.2	1868.54
-31614.0	7820.0	1193.08	1799.04
-31614.0	7820.0	1191.96	1798.74
-31614.0	7820.0	1190.84	1847.53
-31614.0	7820.0	1189.72	1878.45
-31614.0	7820.0	1188.6	1858.06
-31614.0	7820.0	1187.48	1830.99
-31614.0	7820.0	1186.35	1893.12
-31614.0	7820.0	1185.23	1857.13
-31614.0	7820.0	1184.11	1827.84
-31614.0	7820.0	1182.99	1807.48
-31614.0	7820.0	1181.87	1856.2
-31614.0	7820.0	1180.75	1844.75
-31614.0	7820.0	1179.62	1724.15
-31614.0	7820.0	1178.5	1810.72
-31614.0	7820.0	1177.38	1788.15
-31614.0	7820.0	1176.26	1914.76
-31614.0	7820.0	1175.13	1838.75
-31614.0	7820.0	1174.01	1838.44
-31614.0	7820.0	1172.89	1831.46
-31614.0	7820.0	1171.76	1831.15
-31614.0	7820.0	1170.64	1868.66
-31614.0	7820.0	1169.51	1803.85
-31614.0	7820.0	1168.39	1872.48
-31614.0	7820.0	1167.27	1838.81
-31614.0	7820.0	1166.14	1809.6
-31614.0	7820.0	1165.02	1847.09
-31614.0	7820.0	1163.89	1795.66
-31614.0	7820.0	1162.77	1819.8
-31614.0	7820.0	1161.64	1821.71
-31614.0	7820.0	1160.52	1885.82
-31614.0	7820.0	1159.39	1838.87
-31614.0	7820.0	1158.26	1818.57
-31614.0	7820.0	1157.14	1802.72
-31614.0	7820.0	1156.01	1760.25
-31614.0	7820.0	1154.88	1835.41
-31614.0	7820.0	1153.76	1824.0
-31614.0	7820.0	1152.63	1843.66
-31614.0	7820.0	1151.5	1776.8
-31614.0	7820.0	1150.38	1818.64
-31614.0	7820.0	1149.25	1867.12
-31614.0	7820.0	1148.12	1900.06
-31614.0	7820.0	1146.99	1824.37
-31614.0	7820.0	1145.87	1835.14
-31614.0	7820.0	1144.74	1819.31
-31614.0	7820.0	1143.61	1819.01
-31614.0	7820.0	1142.48	1785.47
-31614.0	7820.0	1141.35	1842.75
-31614.0	7820.0	1140.22	1802.58
-31614.0	7820.0	1139.09	1793.42
-31614.0	7820.0	1137.97	1841.81
-31614.0	7820.0	1136.84	1854.78
-31614.0	7820.0	1135.71	1819.06
-31614.0	7820.0	1134.58	1778.92
-31614.0	7820.0	1133.45	1763.13
-31614.0	7820.0	1132.32	1787.16
-31614.0	7820.0	1131.19	1802.34
-31614.0	7820.0	1130.05	1795.4
-31614.0	7820.0	1128.92	1777.4
-31614.0	7820.0	1127.79	1832.36
-31614.0	7820.0	1126.66	1750.28
-31614.0	7820.0	1125.53	1774.28
-31614.0	7820.0	1124.4	1749.68
-31614.0	7820.0	1123.27	1767.05
-31614.0	7820.0	1122.13	1777.79
-31614.0	7820.0	1121.0	1775.28
-31614.0	7820.0	1119.87	1766.14
-31614.0	7820.0	1118.74	1732.73
-31614.0	7820.0	1117.6	1831.75
-31614.0	7820.0	1116.47	1809.37
-31614.0	7820.0	1115.34	1802.44
-31614.0	7820.0	1114.2	1890.36
-31614.0	7820.0	1113.07	1762.12
-31614.0	7820.0	1111.94	1823.56
-31614.0	7820.0	1110.8	1803.41
-31614.0	7820.0	1109.67	1692.88
-31614.0	7820.0	1108.54	1743.28
-31614.0	7820.0	1107.4	1782.64
-31614.0	7820.0	1106.27	1738.27
-31614.0	7820.0	1105.13	1740.18
-31614.0	7820.0	1104.0	1753.09
-31614.0	7820.0	1102.86	1739.58
-31614.0	7820.0	1101.72	1776.71
-31614.0	7820.0	1100.59	1675.14
-31614.0	7820.0	1099.45	1784.9
-31614.0	7820.0	1098.32	1802.19
-31614.0	7820.0	1097.18	1744.68
-31614.0	7820.0	1096.04	1715.78
-31614.0	7820.0	1094.91	1807.86
-31614.0	7820.0	1093.77	1838.33
-31614.0	7820.0	1092.63	1851.2
-31614.0	7820.0	1091.5	1795.93
-31614.0	7820.0	1090.36	1793.42
-31614.0	7820.0	1089.22	1755.75
-31614.0	7820.0	1088.08	1779.62
-31614.0	7820.0	1086.95	1744.16
-31614.0	7820.0	1085.81	1708.72
-31614.0	7820.0	1084.67	1789.67
-31614.0	7820.0	1083.53	1701.54
-31614.0	7820.0	1082.39	1674.9
-31614.0	7820.0	1081.25	1700.95
-31614.0	7820.0	1080.11	1781.85
-31614.0	7820.0	1078.97	1761.79
-31614.0	7820.0	1077.83	1792.2
-31614.0	7820.0	1076.69	1791.88
-31614.0	7820.0	1075.55	1736.75
-31614.0	7820.0	1074.41	1778.11
-31614.0	7820.0	1073.27	1771.22
-31614.0	7820.0	1072.13	1705.16
-31614.0	7820.0	1070.99	1707.05
-31614.0	7820.0	1069.85	1717.71
-31614.0	7820.0	1068.71	1737.13
-31614.0	7820.0	1067.57	1822.24
-31614.0	7820.0	1066.43	1701.48
-31614.0	7820.0	1065.28	1742.78
-31614.0	7820.0	1064.14	1711.83
-31614.0	7820.0	1063.0	1676.52
-31614.0	7820.0	1061.86	1695.92
-31614.0	7820.0	1060.71	1805.02
-31614.0	7820.0	1059.57	1750.01
-31614.0	7820.0	1058.43	1762.83
-31614.0	7820.0	1057.29	1749.4
-31614.0	7820.0	1056.14	1729.41
-31614.0	7820.0	1055.0	1742.23
-31614.0	7820.0	1053.85	1757.22
-31614.0	7820.0	1052.71	1732.88
-31614.0	7820.0	1051.57	1686.69
-31614.0	7820.0	1050.42	1745.37
-31614.0	7820.0	1049.28	1703.57
-31614.0	7820.0	1048.13	1746.94
-31614.0	7820.0	1046.99	1724.8
-31614.0	7820.0	1045.84	1761.61
-31614.0	7820.0	1044.7	1728.56
-31614.0	7820.0	1043.55	1802.45
-31614.0	7820.0	1042.4	1789.04
-31614.0	7820.0	1041.26	1799.64
-31614.0	7820.0	1040.11	1683.73
-31614.0	7820.0	1038.97	1748.85
-31614.0	7820.0	1037.82	1776.88
-31614.0	7820.0	1036.67	1811.44
-31614.0	7820.0	1035.53	1756.64
-31614.0	7820.0	1034.38	1732.36
-31614.0	7820.0	1033.23	1762.55
-31614.0	7820.0	1032.08	1823.24
-31614.0	7820.0	1030.94	1759.75
-31614.0	7820.0	1029.79	1779.04
-31614.0	7820.0	1028.64	1844.04
-31614.0	7820.0	1027.49	1769.7
-31614.0	7820.0	1026.34	1793.33
-31614.0	7820.0	1025.19	1788.66
-31614.0	7820.0	1024.04	1779.64
-31614.0	7820.0	1022.89	1803.25
-31614.0	7820.0	1021.74	1850.78
-31614.0	7820.0	1020.59	1839.58
-31614.0	7820.0	1019.45	1865.34
-31614.0	7820.0	1018.29	1904.13
-31614.0	7820.0	1017.14	1845.12
-31614.0	7820.0	1015.99	1851.31
-31614.0	7820.0	1014.84	1903.12
-31614.0	7820.0	1013.69	1913.64
-31614.0	7820.0	1012.54	1943.71
-31614.0	7820.0	1011.39	1893.42
-31614.0	7820.0	1010.24	1834.46
-31614.0	7820.0	1009.09	1973.05
-31614.0	7820.0	1007.93	1896.75
-31614.0	7820.0	1006.78	2007.07
-31614.0	7820.0	1005.63	1963.32
-31614.0	7820.0	1004.48	2010.69
-31614.0	7820.0	1003.32	2012.5
-31614.0	7820.0	1002.17	2055.5
-31614.0	7820.0	1001.02	2078.98
-31614.0	7820.0	999.865	2000.58
-31614.0	7820.0	998.711	1978.55
-31614.0	7820.0	997.558	2012.87
-31614.0	7820.0	996.403	2109.99
-31614.0	7820.0	995.249	2066.29
-31614.0	7820.0	994.095	2163.37
-31614.0	7820.0	992.94	2227.94
-31614.0	7820.0	991.785	2234.04
-31614.0	7820.0	990.63	2194.68
-31614.0	7820.0	989.475	2237.56
-31614.0	7820.0	988.319	2267.45
-31614.0	7820.0	987.164	2234.59
-31614.0	7820.0	986.008	2260.15
-31614.0	7820.0	984.852	2233.79
-31614.0	7820.0	983.695	2332.84
-31614.0	7820.0	982.539	2418.89
-31614.0	7820.0	981.382	2401.17
-31614.0	7820.0	980.225	2385.61
-31614.0	7820.0	979.068	2370.05
-31614.0	7820.0	977.911	2352.35
-31614.0	7820.0	976.753	2369.2
-31614.0	7820.0	975.595	2418.44
-31614.0	7820.0	974.437	2359.71
-31614.0	7820.0	973.279	2452.1
-31614.0	7820.0	972.121	2445.18
-31614.0	7820.0	970.962	2429.64
-31614.0	7820.0	969.803	2442.14
-31614.0	7820.0	968.644	2413.66
-31614.0	7820.0	967.485	2357.15
-31614.0	7820.0	966.326	2421.41
-31614.0	7820.0	965.166	2311.03
-31614.0	7820.0	964.006	2444.24
-31614.0	7820.0	962.846	2435.18
-31614.0	7820.0	961.686	2346.4
-31614.0	7820.0	960.525	2382.6
-31614.0	7820.0	959.365	2410.16
-31614.0	7820.0	958.204	2498.02
-31614.0	7820.0	957.043	2469.58
-31614.0	7820.0	955.881	2367.95
-31614.0	7820.0	954.72	2404.11
-31614.0	7820.0	953.558	2401.52
-31614.0	7820.0	952.396	2355.9
-31614.0	7820.0	951.234	2422.16
-31614.0	7820.0	950.071	2462.58
-31614.0	7820.0	948.909	2451.38
-31614.0	7820.0	947.746	2395.04
-31614.0	7820.0	946.583	2353.76
-31614.0	7820.0	945.42	2321.09
-31614.0	7820.0	944.256	2266.95
-31614.0	7820.0	943.092	2275.13
-31614.0	7820.0	941.929	2328.42
-31614.0	7820.0	940.765	2422.48
-31614.0	7820.0	939.6	2329.71
-31614.0	7820.0	938.436	2294.94
-31614.0	7820.0	937.271	2300.96
-31614.0	7820.0	936.106	2236.16
-31614.0	7820.0	934.941	2280.81
-31614.0	7820.0	933.775	2140.95
-31614.0	7820.0	932.61	2093.37
-31614.0	7820.0	931.444	2144.45
-31614.0	7820.0	930.278	2084.03
-31614.0	7820.0	929.112	2057.92
-31614.0	7820.0	927.945	2014.68
-31614.0	7820.0	926.779	1973.59
-31614.0	7820.0	925.612	2007.51
-31614.0	7820.0	924.445	1960.02
-31614.0	7820.0	923.278	1933.96
-31614.0	7820.0	922.11	1918.61
-31614.0	7820.0	920.942	1896.85
-31614.0	7820.0	919.774	1868.67
-31614.0	7820.0	918.606	1857.63
-31614.0	7820.0	917.438	1872.27
-31614.0	7820.0	916.269	1912.57
-31614.0	7820.0	915.1	1781.74
-31614.0	7820.0	913.931	1792.11
-31614.0	7820.0	912.762	1781.08
-31614.0	7820.0	911.593	1750.83
-31614.0	7820.0	910.423	1707.76
-31614.0	7820.0	909.253	1754.46
-31614.0	7820.0	908.083	1766.95
-31614.0	7820.0	906.913	1820.03
-31614.0	7820.0	905.742	1830.37
-31614.0	7820.0	904.572	1761.7
-31614.0	7820.0	903.401	1742.16
-31614.0	7820.0	902.229	1750.38
-31614.0	7820.0	901.058	1709.5
-31614.0	7820.0	899.886	1760.4
-31614.0	7820.0	898.715	1691.8
-31614.0	7820.0	897.543	1661.63
-31614.0	7820.0	896.37	1772.22
-31614.0	7820.0	895.198	1746.3
-31614.0	7820.0	894.025	1682.02
-31614.0	7820.0	892.852	1688.1
-31614.0	7820.0	891.679	1758.11
-31614.0	7820.0	890.506	1753.53
-31614.0	7820.0	889.332	1678.64
-31614.0	7820.0	888.158	1635.73
-31614.0	7820.0	886.984	1748.29
-31614.0	7820.0	885.81	1679.84
-31614.0	7820.0	884.636	1694.42
-31614.0	7820.0	883.461	1683.47
-31614.0	7820.0	882.286	1644.85
-31614.0	7820.0	881.111	1672.2
-31614.0	7820.0	879.936	1648.49
-31614.0	7820.0	878.76	1690.72
-31614.0	7820.0	877.584	1718.05
-31614.0	7820.0	876.408	1698.59
-31614.0	7820.0	875.232	1706.78
-31614.0	7820.0	874.056	1685.21
-31614.0	7820.0	872.879	1674.27
-31614.0	7820.0	871.702	1684.58
-31614.0	7820.0	870.525	1620.55
-31614.0	7820.0	869.348	1647.85
-31614.0	7820.0	868.17	1632.68
-31614.0	7820.0	866.993	1628.13
-31614.0	7820.0	865.815	1738.18
-31614.0	7820.0	864.637	1686.93
-31614.0	7820.0	863.458	1676.01
-31614.0	7820.0	862.28	1612.06
-31614.0	7820.0	861.101	1599.03
-31614.0	7820.0	859.922	1628.42
-31614.0	7820.0	858.742	1630.23
-31614.0	7820.0	857.563	1661.72
-31614.0	7820.0	856.383	1627.5
-31614.0	7820.0	855.203	1612.36
-31614.0	7820.0	854.023	1645.95
-31614.0	7820.0	852.843	1611.76
-31614.0	7820.0	851.662	1641.1
-31614.0	7820.0	850.481	1670.43
-31614.0	7820.0	849.3	1689.17
-31614.0	7820.0	848.119	1665.57
-31614.0	7820.0	846.937	1616.59
-31614.0	7820.0	845.756	1643.79
-31614.0	7820.0	844.574	1647.71
-31614.0	7820.0	843.392	1687.58
-31614.0	7820.0	842.209	1611.14
-31614.0	7820.0	841.027	1640.43
-31614.0	7820.0	839.844	1612.65
-31614.0	7820.0	838.661	1650.38
-31614.0	7820.0	837.477	1666.97
-31614.0	7820.0	836.294	1639.19
-31614.0	7820.0	835.11	1638.88
-31614.0	7820.0	833.926	1687.14
-31614.0	7820.0	832.742	1678.38
-31614.0	7820.0	831.558	1633.73
-31614.0	7820.0	830.373	1711.51
-31614.0	7820.0	829.188	1609.9
-31614.0	7820.0	828.003	1615.93
-31614.0	7820.0	826.818	1653.59
-31614.0	7820.0	825.632	1621.64
-31614.0	7820.0	824.446	1591.82
-31614.0	7820.0	823.26	1684.26
-31614.0	7820.0	822.074	1618.61
-31614.0	7820.0	820.888	1635.16
-31614.0	7820.0	819.701	1647.49
-31614.0	7820.0	818.514	1636.64
-31614.0	7820.0	817.327	1697.41
-31614.0	7820.0	816.14	1665.5
-31614.0	7820.0	814.952	1679.92
-31614.0	7820.0	813.765	1614.35
-31614.0	7820.0	812.577	1588.79
-31614.0	7820.0	811.388	1657.92
-31614.0	7820.0	810.2	1638.67
-31614.0	7820.0	809.011	1688.84
-31614.0	7820.0	807.822	1600.2
-31614.0	7820.0	806.633	1574.66
-31614.0	7820.0	805.444	1580.67
-31614.0	7820.0	804.254	1656.02
-31614.0	7820.0	803.064	1632.59
-31614.0	7820.0	801.874	1613.38
-31614.0	7820.0	800.684	1573.16
-31614.0	7820.0	799.493	1572.86
-31614.0	7820.0	798.303	1572.56
-31614.0	7820.0	797.112	1637.33
-31614.0	7820.0	795.921	1653.81
-31614.0	7820.0	794.729	1714.34
-31614.0	7820.0	793.538	1655.27
-31614.0	7820.0	792.346	1619.3
-31614.0	7820.0	791.154	1652.54
-31614.0	7820.0	789.961	1612.39
-31614.0	7820.0	788.769	1609.98
-31614.0	7820.0	787.576	1611.77
-31614.0	7820.0	786.383	1554.88
-31614.0	7820.0	785.19	1581.82
-31614.0	7820.0	783.996	1598.27
-31614.0	7820.0	782.802	1589.59
-31614.0	7820.0	781.608	1585.09
-31614.0	7820.0	780.414	1511.52
-31614.0	7820.0	779.22	1574.02
-31614.0	7820.0	778.025	1615.57
-31614.0	7820.0	776.83	1554.58
-31614.0	7820.0	775.635	1604.49
-31614.0	7820.0	774.44	1602.09
-31614.0	7820.0	773.244	1674.97
-31614.0	7820.0	772.049	1657.92
-31614.0	7820.0	770.853	1630.42
-31614.0	7820.0	769.656	1571.59
-31614.0	7820.0	768.46	1575.47
-31614.0	7820.0	767.263	1646.19
-31614.0	7820.0	766.066	1604.1
-31614.0	7820.0	764.869	1620.5
-31614.0	7820.0	763.672	1584.69
-31614.0	7820.0	762.474	1573.95
-31614.0	7820.0	761.276	1600.77
-31614.0	7820.0	760.078	1533.69
-31614.0	7820.0	758.88	1600.15
-31614.0	7820.0	757.681	1547.7
-31614.0	7820.0	756.483	1555.74
-31614.0	7820.0	755.284	1622.16
-31614.0	7820.0	754.084	1607.25
-31614.0	7820.0	752.885	1563.17
-31614.0	7820.0	751.685	1602.46
-31614.0	7820.0	750.485	1529.23
-31614.0	7820.0	749.285	1581.01
-31614.0	7820.0	748.085	1601.53
-31614.0	7820.0	746.884	1545.0
-31614.0	7820.0	745.683	1561.35
-31614.0	7820.0	744.482	1573.54
-31614.0	7820.0	743.281	1623.17
-31614.0	7820.0	742.079	1568.76
-31614.0	7820.0	740.877	1647.51
-31614.0	7820.0	739.675	1570.23
-31614.0	7820.0	738.473	1532.5
-31614.0	7820.0	737.27	1519.73
-31614.0	7820.0	736.068	1594.26
-31614.0	7820.0	734.865	1531.6
-31614.0	7820.0	733.661	1550.0
-31614.0	7820.0	732.458	1580.86
-31614.0	7820.0	731.254	1543.17
-31614.0	7820.0	730.05	1536.64
-31614.0	7820.0	728.846	1586.16
-31614.0	7820.0	727.642	1563.02
-31614.0	7820.0	726.437	1517.06
-31614.0	7820.0	725.232	1572.78
-31614.0	7820.0	724.027	1587.0
-31614.0	7820.0	722.822	1553.5
-31614.0	7820.0	721.616	1578.08
-31614.0	7820.0	720.41	1577.77
-31614.0	7820.0	719.204	1583.68
-31614.0	7820.0	717.998	1637.26
-31614.0	7820.0	716.791	1618.29
-31614.0	7820.0	715.585	1593.11
-31614.0	7820.0	714.378	1806.14
-31614.0	7820.0	713.17	1631.83
-31614.0	7820.0	711.963	1588.03
-31614.0	7820.0	710.755	1548.39
-31614.0	7820.0	709.547	1568.78
-31614.0	7820.0	708.339	1568.47
-31614.0	7820.0	707.131	1619.89
-31614.0	7820.0	705.922	1625.77
-31614.0	7820.0	704.713	1610.98
-31614.0	7820.0	703.504	1618.93
-31614.0	7820.0	702.295	1610.34
-31614.0	7820.0	701.085	1589.36
-31614.0	7820.0	699.875	1620.04
-31614.0	7820.0	698.665	1611.46
-31614.0	7820.0	697.455	1563.63
-31614.0	7820.0	696.244	1658.32
-31614.0	7820.0	695.034	1622.89
-31614.0	7820.0	693.822	1622.57
-31614.0	7820.0	692.611	1601.62
-31614.0	7820.0	691.4	1679.71
-31614.0	7820.0	690.188	1609.24
-31614.0	7820.0	688.976	1586.23
-31614.0	7820.0	687.764	1641.6
-31614.0	7820.0	686.551	1630.96
-31614.0	7820.0	685.339	1706.92
-31614.0	7820.0	684.126	1679.78
-31614.0	7820.0	682.912	1636.18
-31614.0	7820.0	681.699	1652.34
-31614.0	7820.0	680.485	1606.69
-31614.0	7820.0	679.271	1583.72
-31614.0	7820.0	678.057	1657.53
-31614.0	7820.0	676.843	1640.73
-31614.0	7820.0	675.628	1642.47
-31614.0	7820.0	674.413	1654.49
-31614.0	7820.0	673.198	1668.56
-31614.0	7820.0	671.983	1639.43
-31614.0	7820.0	670.767	1606.2
-31614.0	7820.0	669.551	1634.67
-31614.0	7820.0	668.335	1642.57
-31614.0	7820.0	667.119	1640.19
-31614.0	7820.0	665.902	1656.3
-31614.0	7820.0	664.686	1618.99
-31614.0	7820.0	663.469	1643.32
-31614.0	7820.0	662.251	1694.33
-31614.0	7820.0	661.034	1640.61
-31614.0	7820.0	659.816	1695.71
-31614.0	7820.0	658.598	1650.22
-31614.0	7820.0	657.38	1682.72
-31614.0	7820.0	656.161	1631.1
-31614.0	7820.0	654.942	1620.52
-31614.0	7820.0	653.723	1638.65
-31614.0	7820.0	652.504	1632.17
-31614.0	7820.0	651.285	1629.8
-31614.0	7820.0	650.065	1576.18
-31614.0	7820.0	648.845	1592.26
-31614.0	7820.0	647.625	1639.06
-31614.0	7820.0	646.404	1675.61
-31614.0	7820.0	645.184	1646.6
-31614.0	7820.0	643.963	1693.37
-31614.0	7820.0	642.742	1660.27
-31614.0	7820.0	641.52	1619.01
-31614.0	7820.0	640.298	1671.89
-31614.0	7820.0	639.076	1694.06
-31614.0	7820.0	637.854	1671.22
-31614.0	7820.0	636.632	1703.61
-31614.0	7820.0	635.409	1699.18
-31614.0	7820.0	634.186	1684.53
-31614.0	7820.0	632.963	1669.88
-31614.0	7820.0	631.74	1673.63
-31614.0	7820.0	630.516	1701.9
-31614.0	7820.0	629.292	1756.71
-31614.0	7820.0	628.068	1744.1
-31614.0	7820.0	626.844	1666.16
-31614.0	7820.0	625.619	1674.0
-31614.0	7820.0	624.394	1726.73
-31614.0	7820.0	623.169	1644.75
-31614.0	7820.0	621.944	1644.42
-31614.0	7820.0	620.718	1599.22
-31614.0	7820.0	619.492	1645.8
-31614.0	7820.0	618.266	1688.29
-31614.0	7820.0	617.04	1671.64
-31614.0	7820.0	615.813	1634.62
-31614.0	7820.0	614.587	1697.46
-31614.0	7820.0	613.36	1662.48
-31614.0	7820.0	612.132	1692.7
-31614.0	7820.0	610.905	1686.25
-31614.0	7820.0	609.677	1645.19
-31614.0	7820.0	608.449	1618.39
-31614.0	7820.0	607.22	1673.02
-31614.0	7820.0	605.992	1642.16
-31614.0	7820.0	604.763	1692.69
-31614.0	7820.0	603.534	1710.65
-31614.0	7820.0	602.305	1673.7
-31614.0	7820.0	601.075	1624.57
-31614.0	7820.0	599.845	1593.74
-31614.0	7820.0	598.615	1666.59
-31614.0	7820.0	597.385	1676.41
-31614.0	7820.0	596.154	1645.6
-31614.0	7820.0	594.924	1647.3
-31614.0	7820.0	593.693	1663.21
-31614.0	7820.0	592.461	1705.51
-31614.0	7820.0	591.23	1699.08
-31614.0	7820.0	589.998	1684.53
-31614.0	7820.0	588.766	1669.98
-31614.0	7820.0	587.534	1677.76
-31614.0	7820.0	586.301	1661.19
-31614.0	7820.0	585.068	1656.8
-31614.0	7820.0	583.835	1668.63
-31614.0	7820.0	582.602	1645.99
-31614.0	7820.0	581.368	1651.74
-31614.0	7820.0	580.134	1698.0
-31614.0	7820.0	578.9	1707.79
-31614.0	7820.0	577.666	1749.98
-31614.0	7820.0	576.432	1668.62
-31614.0	7820.0	575.197	1686.5
-31614.0	7820.0	573.962	1676.04
-31614.0	7820.0	572.726	1675.7
-31614.0	7820.0	571.491	1693.57
-31614.0	7820.0	570.255	1699.29
-31614.0	7820.0	569.019	1713.1
-31614.0	7820.0	567.783	1674.33
-31614.0	7820.0	566.546	1698.25
-31614.0	7820.0	565.309	1699.93
-31614.0	7820.0	564.072	1671.29
-31614.0	7820.0	562.835	1699.24
-31614.0	7820.0	561.597	1698.89
-31614.0	7820.0	560.359	1728.84
-31614.0	7820.0	559.121	1712.33
-31614.0	7820.0	557.883	1732.17
-31614.0	7820.0	556.644	1760.08
-31614.0	7820.0	555.406	1721.37
-31614.0	7820.0	554.167	1745.23
-31614.0	7820.0	552.927	1740.84
-31614.0	7820.0	551.688	1873.59
-31614.0	7820.0	550.448	1786.51
-31614.0	7820.0	549.208	1886.94
-31614.0	7820.0	547.967	1854.31
-31614.0	7820.0	546.727	1851.91
-31614.0	7820.0	545.486	1918.02
-31614.0	7820.0	544.245	1887.41
-31614.0	7820.0	543.003	1842.72
-31614.0	7820.0	541.762	1928.92
-31614.0	7820.0	540.52	1944.63
-31614.0	7820.0	539.278	1956.31
-31614.0	7820.0	538.035	2034.38
-31614.0	7820.0	536.793	2120.48
-31614.0	7820.0	535.55	2168.32
-31614.0	7820.0	534.307	2272.44
-31614.0	7820.0	533.063	2426.79
-31614.0	7820.0	531.82	2550.93
-31614.0	7820.0	530.576	2873.98
-31614.0	7820.0	529.331	3345.59
-31614.0	7820.0	528.087	3907.41
-31614.0	7820.0	526.842	4567.41
-31614.0	7820.0	525.597	5952.08
-31614.0	7820.0	524.352	7629.3
-31614.0	7820.0	523.107	10122.8
-31614.0	7820.0	521.861	12994.6
-31614.0	7820.0	520.615	14504.8
-31614.0	7820.0	519.369	12852.8
-31614.0	7820.0	518.122	10918.7
-31614.0	7820.0	516.876	9179.96
-31614.0	7820.0	515.629	7842.86
-31614.0	7820.0	514.381	6656.64
-31614.0	7820.0	513.134	5831.63
-31614.0	7820.0	511.886	5169.24
-31614.0	7820.0	510.638	4625.32
-31614.0	7820.0	509.39	4251.85
-31614.0	7820.0	508.141	3964.64
-31614.0	7820.0	506.892	3807.67
-31614.0	7820.0	505.643	3516.66
-31614.0	7820.0	504.394	3537.95
-31614.0	7820.0	503.145	3445.19
-31614.0	7820.0	501.895	3278.45
-31614.0	7820.0	500.645	3325.77
-31614.0	7820.0	499.394	3141.14
-31614.0	7820.0	498.144	3154.48
-31614.0	7820.0	496.893	3157.83
-31614.0	7820.0	495.642	3009.31
-31614.0	7820.0	494.39	2870.84
-31614.0	7820.0	493.139	2806.33
-31614.0	7820.0	491.887	2719.87
-31614.0	7820.0	490.635	2599.52
-31614.0	7820.0	489.382	2547.08
-31614.0	7820.0	488.13	2556.53
-31614.0	7820.0	486.877	2464.22
-31614.0	7820.0	485.623	2441.76
-31614.0	7820.0	484.37	2423.31
-31614.0	7820.0	483.116	2378.93
-31614.0	7820.0	481.862	2298.69
-31614.0	7820.0	480.608	2244.4
-31614.0	7820.0	479.354	2247.92
-31614.0	7820.0	478.099	2279.33
-31614.0	7820.0	476.844	2356.55
-31614.0	7820.0	475.588	2334.15
-31614.0	7820.0	474.333	2248.05
-31614.0	7820.0	473.077	2249.57
-31614.0	7820.0	471.821	2179.44
-31614.0	7820.0	470.565	2246.65
-31614.0	7820.0	469.308	2132.78
-31614.0	7820.0	468.051	2166.15
-31614.0	7820.0	466.794	2165.7
-31614.0	7820.0	465.537	2187.12
-31614.0	7820.0	464.279	2057.45
-31614.0	7820.0	463.021	2090.81
-31614.0	7820.0	461.763	2134.09
-31614.0	7820.0	460.505	2036.3
-31614.0	7820.0	459.246	2069.64
-31614.0	7820.0	457.987	2120.84
-31614.0	7820.0	456.728	2104.52
-31614.0	7820.0	455.469	2068.35
-31614.0	7820.0	454.209	2034.18
-31614.0	7820.0	452.949	2015.9
-31614.0	7820.0	451.689	1983.74
-31614.0	7820.0	450.428	2074.56
-31614.0	7820.0	449.167	2006.71
-31614.0	7820.0	447.906	2030.08
-31614.0	7820.0	446.645	1991.99
-31614.0	7820.0	445.383	1993.56
-31614.0	7820.0	444.122	1997.11
-31614.0	7820.0	442.86	1947.17
-31614.0	7820.0	441.597	1984.39
-31614.0	7820.0	440.335	1944.37
-31614.0	7820.0	439.072	2015.23
-31614.0	7820.0	437.809	2111.79
-31614.0	7820.0	436.545	2008.46
-31614.0	7820.0	435.281	2025.84
-31614.0	7820.0	434.018	2021.46
-31614.0	7820.0	432.753	1963.69
-31614.0	7820.0	431.489	2000.84
-31614.0	7820.0	430.224	2008.33
-31614.0	7820.0	428.959	2083.01
-31614.0	7820.0	427.694	2013.42
-31614.0	7820.0	426.428	2003.12
-31614.0	7820.0	425.163	2032.33
-31614.0	7820.0	423.896	1996.36
-31614.0	7820.0	422.63	1960.4
-31614.0	7820.0	421.364	2003.42
-31614.0	7820.0	420.097	2028.65
-31614.0	7820.0	418.83	2044.01
-31614.0	7820.0	417.562	1952.84
-31614.0	7820.0	416.295	2001.74
-31614.0	7820.0	415.027	1989.48
-31614.0	7820.0	413.758	1961.47
-31614.0	7820.0	412.49	2020.18
-31614.0	7820.0	411.221	2011.88
-31614.0	7820.0	409.952	1972.05
-31614.0	7820.0	408.683	2032.7
-31614.0	7820.0	407.414	1996.83
-31614.0	7820.0	406.144	1996.41
-31614.0	7820.0	404.874	1938.9
-31614.0	7820.0	403.603	1928.65
-31614.0	7820.0	402.333	1959.73
-31614.0	7820.0	401.062	2032.1
-31614.0	7820.0	399.791	1990.37
-31614.0	7820.0	398.519	1964.39
-31614.0	7820.0	397.248	1965.95
-31614.0	7820.0	395.976	1916.39
-31614.0	7820.0	394.704	1969.05
-31614.0	7820.0	393.431	1964.7
-31614.0	7820.0	392.159	1940.72
-31614.0	7820.0	390.886	1983.52
-31614.0	7820.0	389.612	1912.41
-31614.0	7820.0	388.339	1898.27
-31614.0	7820.0	387.065	1950.86
-31614.0	7820.0	385.791	1999.5
-31614.0	7820.0	384.517	1999.08
-31614.0	7820.0	383.242	1959.43
-31614.0	7820.0	381.967	2010.01
-31614.0	7820.0	380.692	2005.66
-31614.0	7820.0	379.417	2009.16
-31614.0	7820.0	378.141	2061.65
-31614.0	7820.0	376.865	1959.33
-31614.0	7820.0	375.589	1980.46
-31614.0	7820.0	374.312	1915.41
-31614.0	7820.0	373.035	2036.41
-31614.0	7820.0	371.758	1979.21
-31614.0	7820.0	370.481	1961.17
-31614.0	7820.0	369.204	1994.02
-31614.0	7820.0	367.926	1995.56
-31614.0	7820.0	366.648	2020.57
-31614.0	7820.0	365.369	1986.89
-31614.0	7820.0	364.091	2035.35
-31614.0	7820.0	362.812	1999.74
-31614.0	7820.0	361.532	2046.22
-31614.0	7820.0	360.253	1940.27
-31614.0	7820.0	358.973	2008.24
-31614.0	7820.0	357.693	2048.83
-31614.0	7820.0	356.413	2019.1
-31614.0	7820.0	355.132	1979.63
-31614.0	7820.0	353.852	2033.86
-31614.0	7820.0	352.571	2017.82
-31614.0	7820.0	351.289	2021.29
-31614.0	7820.0	350.008	2038.42
-31614.0	7820.0	348.726	2045.79
-31614.0	7820.0	347.444	1979.06
-31614.0	7820.0	346.161	2050.77
-31614.0	7820.0	344.878	2005.51
-31614.0	7820.0	343.595	2069.39
-31614.0	7820.0	342.312	2051.41
-31614.0	7820.0	341.029	2025.66
-31614.0	7820.0	339.745	2089.49
-31614.0	7820.0	338.461	2017.01
-31614.0	7820.0	337.176	2127.53
-31614.0	7820.0	335.892	1986.96
-31614.0	7820.0	334.607	2109.12
-31614.0	7820.0	333.322	2116.45
-31614.0	7820.0	332.036	2104.33
-31614.0	7820.0	330.75	2098.05
-31614.0	7820.0	329.464	2148.15
-31614.0	7820.0	328.178	2071.9
-31614.0	7820.0	326.892	2129.75
-31614.0	7820.0	325.605	2152.61
-31614.0	7820.0	324.318	2171.58
-31614.0	7820.0	323.03	2163.35
-31614.0	7820.0	321.743	2174.54
-31614.0	7820.0	320.455	2228.43
-31614.0	7820.0	319.167	2218.25
-31614.0	7820.0	317.878	2217.78
-31614.0	7820.0	316.59	2143.59
-31614.0	7820.0	315.301	2137.31
-31614.0	7820.0	314.011	2158.19
-31614.0	7820.0	312.722	2109.26
-31614.0	7820.0	311.432	2147.58
-31614.0	7820.0	310.142	2151.0
-31614.0	7820.0	308.851	2197.04
-31614.0	7820.0	307.561	2291.48
-31614.0	7820.0	306.27	2269.69
-31614.0	7820.0	304.979	2319.55
-31614.0	7820.0	303.687	2369.39
-31614.0	7820.0	302.395	2241.15
-31614.0	7820.0	301.103	2327.74
-31614.0	7820.0	299.811	2288.55
-31614.0	7820.0	298.519	2243.58
-31614.0	7820.0	297.226	2264.37
-31614.0	7820.0	295.933	2227.16
-31614.0	7820.0	294.639	2275.0
-31614.0	7820.0	293.345	2307.37
-31614.0	7820.0	292.052	2304.95
-31614.0	7820.0	290.757	2153.79
-31614.0	7820.0	289.463	2246.03
-31614.0	7820.0	288.168	2303.47
-31614.0	7820.0	286.873	2247.0
-31614.0	7820.0	285.578	2263.89
-31614.0	7820.0	284.282	2265.33
-31614.0	7820.0	282.986	2233.98
-31614.0	7820.0	281.69	2193.0
-31614.0	7820.0	280.393	2221.46
-31614.0	7820.0	279.097	2109.16
-31614.0	7820.0	277.8	2178.1
-31614.0	7820.0	276.502	2098.63
-31614.0	7820.0	275.205	2188.73
-31614.0	7820.0	273.907	2170.93
-31614.0	7820.0	272.609	2087.65
-31614.0	7820.0	271.311	2062.17
-31614.0	7820.0	270.012	2113.71
-31614.0	7820.0	268.713	2057.44
-31614.0	7820.0	267.414	2093.56
-31614.0	7820.0	266.114	2071.95
-31614.0	7820.0	264.814	2067.66
-31614.0	7820.0	263.514	2113.37
-31614.0	7820.0	262.214	2051.4
-31614.0	7820.0	260.913	2079.79
-31614.0	7820.0	259.613	2090.88
-31614.0	7820.0	258.311	2069.29
-31614.0	7820.0	257.01	2057.32
-31614.0	7820.0	255.708	2083.77
-31614.0	7820.0	254.406	1995.0
-31614.0	7820.0	253.104	2048.32
-31614.0	7820.0	251.801	2063.24
-31614.0	7820.0	250.499	2024.42
-31614.0	7820.0	249.195	1983.7
-31614.0	7820.0	247.892	2048.49
-31614.0	7820.0	246.588	2128.59
-31614.0	7820.0	245.284	1982.42
-31614.0	7820.0	243.98	1964.75
-31614.0	7820.0	242.676	1981.57
-31614.0	7820.0	241.371	2004.14
-31614.0	7820.0	240.066	2101.4
-31614.0	7820.0	238.76	2047.33
-31614.0	7820.0	237.455	1972.21
-31614.0	7820.0	236.149	2029.22
-31614.0	7820.0	234.843	1979.02
-31614.0	7820.0	233.536	2013.04
-31614.0	7820.0	232.229	1945.65
-31614.0	7820.0	230.922	2021.74
-31614.0	7820.0	229.615	2027.04
-31614.0	7820.0	228.307	2047.64
-31614.0	7820.0	227.0	1987.94
-31614.0	7820.0	225.691	2014.27
-31614.0	7820.0	224.383	1977.54
-31614.0	7820.0	223.074	1967.56
-31614.0	7820.0	221.765	1940.4
-31614.0	7820.0	220.456	1972.44
-31614.0	7820.0	219.146	1901.39
-31614.0	7820.0	217.836	1967.78
-31614.0	7820.0	216.526	2016.97
-31614.0	7820.0	215.216	1911.61
-31614.0	7820.0	213.905	1955.07
-31614.0	7820.0	212.594	1933.67
-31614.0	7820.0	211.283	1918.0
-31614.0	7820.0	209.971	1917.59
-31614.0	7820.0	208.66	1901.93
-31614.0	7820.0	207.348	1972.02
-31614.0	7820.0	206.035	1944.93
-31614.0	7820.0	204.722	1990.22
-31614.0	7820.0	203.409	2003.12
-31614.0	7820.0	202.096	1996.97
-31614.0	7820.0	200.783	1977.51
-31614.0	7820.0	199.469	1920.0
-31614.0	7820.0	198.155	1965.25
-31614.0	7820.0	196.84	1972.43
-31614.0	7820.0	195.526	2030.96
-31614.0	7820.0	194.211	1956.37
-31614.0	7820.0	192.896	2011.08
-31614.0	7820.0	191.58	2145.57
-31614.0	7820.0	190.264	2145.11
-31614.0	7820.0	188.948	2066.77
-31614.0	7820.0	187.632	2016.94
-31614.0	7820.0	186.315	2031.7
-31614.0	7820.0	184.998	1989.5
-31614.0	7820.0	183.681	2089.66
-31614.0	7820.0	182.364	2058.85
-31614.0	7820.0	181.046	2035.64
-31614.0	7820.0	179.728	2010.54
-31614.0	7820.0	178.41	2080.27
-31614.0	7820.0	177.091	2021.05
-31614.0	7820.0	175.772	1988.39
-31614.0	7820.0	174.453	1997.44
-31614.0	7820.0	173.133	2055.75
-31614.0	7820.0	171.814	2038.25
-31614.0	7820.0	170.494	2100.31
-31614.0	7820.0	169.173	2103.65
-31614.0	7820.0	167.853	2059.65
-31614.0	7820.0	166.532	2049.75
-31614.0	7820.0	165.211	2028.49
-31614.0	7820.0	163.889	2092.37
-31614.0	7820.0	162.567	2076.79
-31614.0	7820.0	161.245	2112.27
-31614.0	7820.0	159.923	2074.01
-31614.0	7820.0	158.6	2103.8
-31614.0	7820.0	157.278	2158.15
-31614.0	7820.0	155.954	2085.89
-31614.0	7820.0	154.631	2215.78
-31614.0	7820.0	153.307	2183.2
-31614.0	7820.0	151.983	2135.52
-31614.0	7820.0	150.659	2119.96
-31614.0	7820.0	149.334	2110.06
-31614.0	7820.0	148.009	2139.8
-31614.0	7820.0	146.684	2158.2
-31614.0	7820.0	145.359	2191.69
-31614.0	7820.0	144.033	2168.59
-31614.0	7820.0	142.707	2154.92
-31614.0	7820.0	141.381	2154.46
-31614.0	7820.0	140.054	2127.61
-31614.0	7820.0	138.727	2119.61
-31614.0	7820.0	137.4	2081.48
-31614.0	7820.0	136.072	2137.53
-31614.0	7820.0	134.745	2169.08
-31614.0	7820.0	133.417	2098.96
-31614.0	7820.0	132.088	2138.03
-31614.0	7820.0	130.76	2169.56
-31614.0	7820.0	129.431	2080.67
-31614.0	7820.0	128.102	2114.07
-31614.0	7820.0	126.772	2107.98
-31614.0	7820.0	125.442	2156.4
-31614.0	7820.0	124.112	2120.22
-31614.0	7820.0	122.782	2061.51
-31614.0	7820.0	121.451	2079.85
-31614.0	7820.0	120.12	2118.85
-31614.0	7820.0	118.789	2150.32
-31614.0	7820.0	117.458	2147.98
-31614.0	7820.0	116.126	2145.64
-31614.0	7820.0	114.794	2120.77
-31614.0	7820.0	113.462	2131.57
-31614.0	7820.0	112.129	2082.34
-31614.0	7820.0	110.796	2050.0
-31614.0	7820.0	109.463	2085.19
-31614.0	7820.0	108.129	2152.23
-31614.0	7820.0	106.796	2106.78
-31614.0	7820.0	105.461	2083.84
-31614.0	7820.0	104.127	1970.98
-31614.0	7820.0	102.792	1985.54
-31614.0	7820.0	101.457	1998.22
-31614.0	7820.0	100.122	1885.44
-31614.0	7820.0	98.7867	1881.29
-31614.0	7820.0	97.4509	1879.01
-31614.0	7820.0	96.1148	1850.54
-31614.0	7820.0	94.7784	1857.62
-31614.0	7820.0	93.4418	1819.82
-31614.0	7820.0	92.1048	1808.2
-31614.0	7820.0	90.7676	1796.6
-31614.0	7820.0	89.43	1848.54
-31614.0	7820.0	88.0922	1762.18
-31614.0	7820.0	86.7541	1731.91
-31614.0	7820.0	85.4157	1746.48
