-31612.0	7836.0	1311.89	1937.47
-31612.0	7836.0	1310.78	1966.69
-31612.0	7836.0	1309.68	1980.0
-31612.0	7836.0	1308.58	1966.06
-31612.0	7836.0	1307.48	1988.44
-31612.0	7836.0	1306.38	1976.78
-31612.0	7836.0	1305.28	1946.96
-31612.0	7836.0	1304.18	1960.26
-31612.0	7836.0	1303.07	1898.7
-31612.0	7836.0	1301.97	1936.95
-31612.0	7836.0	1300.87	1952.52
-31612.0	7836.0	1299.77	1918.19
-31612.0	7836.0	1298.66	1981.36
-31612.0	7836.0	1297.56	2089.84
-31612.0	7836.0	1296.46	1996.59
-31612.0	7836.0	1295.35	1964.55
-31612.0	7836.0	1294.25	1959.7
-31612.0	7836.0	1293.15	1972.97
-31612.0	7836.0	1292.04	1938.68
-31612.0	7836.0	1290.94	1954.22
-31612.0	7836.0	1289.83	1969.76
-31612.0	7836.0	1288.73	1949.07
-31612.0	7836.0	1287.63	1908.01
-31612.0	7836.0	1286.52	1930.34
-31612.0	7836.0	1285.42	2002.43
-31612.0	7836.0	1284.31	1999.84
-31612.0	7836.0	1283.21	1949.76
-31612.0	7836.0	1282.1	2008.24
-31612.0	7836.0	1280.99	1955.91
-31612.0	7836.0	1279.89	2027.94
-31612.0	7836.0	1278.78	1880.69
-31612.0	7836.0	1277.68	1959.49
-31612.0	7836.0	1276.57	1875.56
-31612.0	7836.0	1275.46	1882.03
-31612.0	7836.0	1274.36	1904.32
-31612.0	7836.0	1273.25	1942.41
-31612.0	7836.0	1272.14	1969.19
-31612.0	7836.0	1271.04	1944.04
-31612.0	7836.0	1269.93	1943.72
-31612.0	7836.0	1268.82	1914.06
-31612.0	7836.0	1267.71	1992.74
-31612.0	7836.0	1266.61	1879.6
-31612.0	7836.0	1265.5	1865.76
-31612.0	7836.0	1264.39	1921.84
-31612.0	7836.0	1263.28	1905.74
-31612.0	7836.0	1262.17	1869.36
-31612.0	7836.0	1261.06	1936.69
-31612.0	7836.0	1259.95	1904.82
-31612.0	7836.0	1258.84	1861.68
-31612.0	7836.0	1257.74	1947.01
-31612.0	7836.0	1256.63	1903.89
-31612.0	7836.0	1255.52	1944.12
-31612.0	7836.0	1254.41	1907.77
-31612.0	7836.0	1253.3	1952.5
-31612.0	7836.0	1252.19	1873.37
-31612.0	7836.0	1251.08	1875.32
-31612.0	7836.0	1249.96	1868.26
-31612.0	7836.0	1248.85	1894.96
-31612.0	7836.0	1247.74	1917.15
-31612.0	7836.0	1246.63	1916.84
-31612.0	7836.0	1245.52	1948.02
-31612.0	7836.0	1244.41	1859.99
-31612.0	7836.0	1243.3	1861.93
-31612.0	7836.0	1242.18	1974.04
-31612.0	7836.0	1241.07	1955.74
-31612.0	7836.0	1239.96	1858.77
-31612.0	7836.0	1238.85	1840.49
-31612.0	7836.0	1237.74	1844.68
-31612.0	7836.0	1236.62	1837.64
-31612.0	7836.0	1235.51	1900.23
-31612.0	7836.0	1234.4	1846.02
-31612.0	7836.0	1233.28	1901.85
-31612.0	7836.0	1232.17	1852.14
-31612.0	7836.0	1231.06	1863.06
-31612.0	7836.0	1229.94	1824.6
-31612.0	7836.0	1228.83	1824.3
-31612.0	7836.0	1227.71	1960.86
-31612.0	7836.0	1226.6	1803.52
-31612.0	7836.0	1225.48	1899.66
-31612.0	7836.0	1224.37	1897.1
-31612.0	7836.0	1223.25	1856.43
-31612.0	7836.0	1222.14	1860.61
-31612.0	7836.0	1221.02	1887.2
-31612.0	7836.0	1219.91	1864.48
-31612.0	7836.0	1218.79	1837.28
-31612.0	7836.0	1217.68	1787.7
-31612.0	7836.0	1216.56	1818.76
-31612.0	7836.0	1215.44	1928.19
-31612.0	7836.0	1214.33	1865.18
-31612.0	7836.0	1213.21	1822.33
-31612.0	7836.0	1212.09	1835.46
-31612.0	7836.0	1210.98	1835.16
-31612.0	7836.0	1209.86	1933.31
-31612.0	7836.0	1208.74	1906.14
-31612.0	7836.0	1207.62	1919.25
-31612.0	7836.0	1206.51	1845.12
-31612.0	7836.0	1205.39	1878.36
-31612.0	7836.0	1204.27	1862.4
-31612.0	7836.0	1203.15	1806.2
-31612.0	7836.0	1202.03	1908.72
-31612.0	7836.0	1200.91	1857.0
-31612.0	7836.0	1199.8	1820.94
-31612.0	7836.0	1198.68	1889.89
-31612.0	7836.0	1197.56	1887.35
-31612.0	7836.0	1196.44	1873.63
-31612.0	7836.0	1195.32	1797.4
-31612.0	7836.0	1194.2	1850.68
-31612.0	7836.0	1193.08	1854.84
-31612.0	7836.0	1191.96	1850.07
-31612.0	7836.0	1190.84	1818.52
-31612.0	7836.0	1189.72	1807.06
-31612.0	7836.0	1188.6	1797.84
-31612.0	7836.0	1187.48	1848.83
-31612.0	7836.0	1186.35	1884.2
-31612.0	7836.0	1185.23	1817.0
-31612.0	7836.0	1184.11	1903.63
-31612.0	7836.0	1182.99	1827.54
-31612.0	7836.0	1181.87	1796.04
-31612.0	7836.0	1180.75	1838.07
-31612.0	7836.0	1179.62	1868.94
-31612.0	7836.0	1178.5	1866.4
-31612.0	7836.0	1177.38	1870.54
-31612.0	7836.0	1176.26	1896.95
-31612.0	7836.0	1175.13	1869.92
-31612.0	7836.0	1174.01	1878.51
-31612.0	7836.0	1172.89	1851.49
-31612.0	7836.0	1171.76	1860.08
-31612.0	7836.0	1170.64	1875.34
-31612.0	7836.0	1169.51	1768.26
-31612.0	7836.0	1168.39	1888.05
-31612.0	7836.0	1167.27	1829.92
-31612.0	7836.0	1166.14	1802.94
-31612.0	7836.0	1165.02	1815.97
-31612.0	7836.0	1163.89	1813.44
-31612.0	7836.0	1162.77	1908.68
-31612.0	7836.0	1161.64	1737.29
-31612.0	7836.0	1160.52	1774.76
-31612.0	7836.0	1159.39	1750.03
-31612.0	7836.0	1158.26	1783.04
-31612.0	7836.0	1157.14	1824.93
-31612.0	7836.0	1156.01	1802.42
-31612.0	7836.0	1154.88	1786.58
-31612.0	7836.0	1153.76	1772.96
-31612.0	7836.0	1152.63	1763.79
-31612.0	7836.0	1151.5	1765.71
-31612.0	7836.0	1150.38	1783.15
-31612.0	7836.0	1149.25	1749.59
-31612.0	7836.0	1148.12	1735.99
-31612.0	7836.0	1146.99	1813.28
-31612.0	7836.0	1145.87	1839.57
-31612.0	7836.0	1144.74	1788.29
-31612.0	7836.0	1143.61	1869.96
-31612.0	7836.0	1142.48	1747.81
-31612.0	7836.0	1141.35	1787.38
-31612.0	7836.0	1140.22	1727.29
-31612.0	7836.0	1139.09	1751.35
-31612.0	7836.0	1137.97	1832.96
-31612.0	7836.0	1136.84	1814.94
-31612.0	7836.0	1135.71	1807.99
-31612.0	7836.0	1134.58	1747.94
-31612.0	7836.0	1133.45	1712.25
-31612.0	7836.0	1132.32	1802.64
-31612.0	7836.0	1131.19	1791.28
-31612.0	7836.0	1130.05	1746.75
-31612.0	7836.0	1128.92	1799.51
-31612.0	7836.0	1127.79	1730.68
-31612.0	7836.0	1126.66	1787.85
-31612.0	7836.0	1125.53	1787.54
-31612.0	7836.0	1124.4	1796.07
-31612.0	7836.0	1123.27	1773.68
-31612.0	7836.0	1122.13	1786.62
-31612.0	7836.0	1121.0	1792.94
-31612.0	7836.0	1119.87	1790.43
-31612.0	7836.0	1118.74	1794.54
-31612.0	7836.0	1117.6	1794.23
-31612.0	7836.0	1116.47	1703.45
-31612.0	7836.0	1115.34	1791.41
-31612.0	7836.0	1114.2	1793.31
-31612.0	7836.0	1113.07	1762.12
-31612.0	7836.0	1111.94	1830.18
-31612.0	7836.0	1110.8	1891.59
-31612.0	7836.0	1109.67	1763.42
-31612.0	7836.0	1108.54	1780.75
-31612.0	7836.0	1107.4	1725.35
-31612.0	7836.0	1106.27	1744.88
-31612.0	7836.0	1105.13	1735.77
-31612.0	7836.0	1104.0	1781.72
-31612.0	7836.0	1102.86	1739.58
-31612.0	7836.0	1101.72	1811.93
-31612.0	7836.0	1100.59	1749.99
-31612.0	7836.0	1099.45	1749.68
-31612.0	7836.0	1098.32	1773.59
-31612.0	7836.0	1097.18	1786.48
-31612.0	7836.0	1096.04	1764.18
-31612.0	7836.0	1094.91	1779.27
-31612.0	7836.0	1093.77	1715.19
-31612.0	7836.0	1092.63	1829.22
-31612.0	7836.0	1091.5	1809.12
-31612.0	7836.0	1090.36	1773.64
-31612.0	7836.0	1089.22	1786.52
-31612.0	7836.0	1088.08	1759.84
-31612.0	7836.0	1086.95	1733.18
-31612.0	7836.0	1085.81	1735.07
-31612.0	7836.0	1084.67	1787.48
-31612.0	7836.0	1083.53	1756.43
-31612.0	7836.0	1082.39	1670.51
-31612.0	7836.0	1081.25	1729.48
-31612.0	7836.0	1080.11	1731.38
-31612.0	7836.0	1078.97	1755.21
-31612.0	7836.0	1077.83	1693.48
-31612.0	7836.0	1076.69	1774.34
-31612.0	7836.0	1075.55	1712.63
-31612.0	7836.0	1074.41	1664.1
-31612.0	7836.0	1073.27	1659.42
-31612.0	7836.0	1072.13	1762.14
-31612.0	7836.0	1070.99	1766.22
-31612.0	7836.0	1069.85	1713.33
-31612.0	7836.0	1068.71	1651.69
-31612.0	7836.0	1067.57	1787.2
-31612.0	7836.0	1066.43	1683.96
-31612.0	7836.0	1065.28	1701.19
-31612.0	7836.0	1064.14	1698.7
-31612.0	7836.0	1063.0	1735.61
-31612.0	7836.0	1061.86	1772.51
-31612.0	7836.0	1060.71	1695.62
-31612.0	7836.0	1059.57	1804.7
-31612.0	7836.0	1058.43	1703.78
-31612.0	7836.0	1057.29	1736.28
-31612.0	7836.0	1056.14	1687.87
-31612.0	7836.0	1055.0	1720.37
-31612.0	7836.0	1053.85	1768.15
-31612.0	7836.0	1052.71	1767.84
-31612.0	7836.0	1051.57	1839.63
-31612.0	7836.0	1050.42	1716.98
-31612.0	7836.0	1049.28	1697.02
-31612.0	7836.0	1048.13	1701.09
-31612.0	7836.0	1046.99	1836.15
-31612.0	7836.0	1045.84	1720.14
-31612.0	7836.0	1044.7	1678.36
-31612.0	7836.0	1043.55	1802.45
-31612.0	7836.0	1042.4	1797.77
-31612.0	7836.0	1041.26	1753.83
-31612.0	7836.0	1040.11	1696.81
-31612.0	7836.0	1038.97	1753.21
-31612.0	7836.0	1037.82	1776.88
-31612.0	7836.0	1036.67	1724.25
-31612.0	7836.0	1035.53	1784.97
-31612.0	7836.0	1034.38	1828.24
-31612.0	7836.0	1033.23	1784.34
-31612.0	7836.0	1032.08	1845.02
-31612.0	7836.0	1030.94	1761.93
-31612.0	7836.0	1029.79	1757.26
-31612.0	7836.0	1028.64	1854.92
-31612.0	7836.0	1027.49	1863.3
-31612.0	7836.0	1026.34	1823.8
-31612.0	7836.0	1025.19	1840.88
-31612.0	7836.0	1024.04	1829.68
-31612.0	7836.0	1022.89	1811.95
-31612.0	7836.0	1021.74	1842.08
-31612.0	7836.0	1020.59	1872.19
-31612.0	7836.0	1019.45	1858.82
-31612.0	7836.0	1018.29	1810.67
-31612.0	7836.0	1017.14	1855.98
-31612.0	7836.0	1015.99	1875.21
-31612.0	7836.0	1014.84	1868.36
-31612.0	7836.0	1013.69	1854.99
-31612.0	7836.0	1012.54	1861.18
-31612.0	7836.0	1011.39	1899.93
-31612.0	7836.0	1010.24	1916.96
-31612.0	7836.0	1009.09	1903.6
-31612.0	7836.0	1007.93	1857.68
-31612.0	7836.0	1006.78	1965.84
-31612.0	7836.0	1005.63	2000.2
-31612.0	7836.0	1004.48	2002.01
-31612.0	7836.0	1003.32	1990.81
-31612.0	7836.0	1002.17	1996.96
-31612.0	7836.0	1001.02	1957.58
-31612.0	7836.0	999.865	2046.1
-31612.0	7836.0	998.711	2052.24
-31612.0	7836.0	997.558	2041.03
-31612.0	7836.0	996.403	2099.16
-31612.0	7836.0	995.249	2055.47
-31612.0	7836.0	994.095	2148.21
-31612.0	7836.0	992.94	2217.11
-31612.0	7836.0	991.785	2203.73
-31612.0	7836.0	990.63	2151.39
-31612.0	7836.0	989.475	2252.71
-31612.0	7836.0	988.319	2174.42
-31612.0	7836.0	987.164	2342.76
-31612.0	7836.0	986.008	2253.66
-31612.0	7836.0	984.852	2274.88
-31612.0	7836.0	983.695	2319.87
-31612.0	7836.0	982.539	2362.69
-31612.0	7836.0	981.382	2353.62
-31612.0	7836.0	980.225	2331.58
-31612.0	7836.0	979.068	2370.05
-31612.0	7836.0	977.911	2376.11
-31612.0	7836.0	976.753	2427.51
-31612.0	7836.0	975.595	2351.5
-31612.0	7836.0	974.437	2411.52
-31612.0	7836.0	973.279	2434.83
-31612.0	7836.0	972.121	2358.86
-31612.0	7836.0	970.962	2380.01
-31612.0	7836.0	969.803	2442.14
-31612.0	7836.0	968.644	2398.56
-31612.0	7836.0	967.485	2357.15
-31612.0	7836.0	966.326	2369.66
-31612.0	7836.0	965.166	2321.81
-31612.0	7836.0	964.006	2414.07
-31612.0	7836.0	962.846	2461.04
-31612.0	7836.0	961.686	2439.05
-31612.0	7836.0	960.525	2447.22
-31612.0	7836.0	959.365	2489.86
-31612.0	7836.0	958.204	2523.86
-31612.0	7836.0	957.043	2501.87
-31612.0	7836.0	955.881	2447.6
-31612.0	7836.0	954.72	2343.85
-31612.0	7836.0	953.558	2388.61
-31612.0	7836.0	952.396	2401.09
-31612.0	7836.0	951.234	2333.96
-31612.0	7836.0	950.071	2417.42
-31612.0	7836.0	948.909	2341.72
-31612.0	7836.0	947.746	2420.84
-31612.0	7836.0	946.583	2370.96
-31612.0	7836.0	945.42	2357.63
-31612.0	7836.0	944.256	2408.77
-31612.0	7836.0	943.092	2339.58
-31612.0	7836.0	941.929	2375.67
-31612.0	7836.0	940.765	2312.96
-31612.0	7836.0	939.6	2280.33
-31612.0	7836.0	938.436	2320.7
-31612.0	7836.0	937.271	2193.64
-31612.0	7836.0	936.106	2193.24
-31612.0	7836.0	934.941	2179.96
-31612.0	7836.0	933.775	2158.11
-31612.0	7836.0	932.61	2183.45
-31612.0	7836.0	931.444	2144.45
-31612.0	7836.0	930.278	2084.03
-31612.0	7836.0	929.112	2077.21
-31612.0	7836.0	927.945	1984.67
-31612.0	7836.0	926.779	1922.16
-31612.0	7836.0	925.612	1990.37
-31612.0	7836.0	924.445	2007.14
-31612.0	7836.0	923.278	1944.66
-31612.0	7836.0	922.11	1862.94
-31612.0	7836.0	920.942	1826.2
-31612.0	7836.0	919.774	1932.89
-31612.0	7836.0	918.606	1908.99
-31612.0	7836.0	917.438	1925.76
-31612.0	7836.0	916.269	1901.87
-31612.0	7836.0	915.1	1792.44
-31612.0	7836.0	913.931	1809.21
-31612.0	7836.0	912.762	1862.33
-31612.0	7836.0	911.593	1827.79
-31612.0	7836.0	910.423	1825.31
-31612.0	7836.0	909.253	1797.19
-31612.0	7836.0	908.083	1681.49
-31612.0	7836.0	906.913	1726.04
-31612.0	7836.0	905.742	1779.11
-31612.0	7836.0	904.572	1751.02
-31612.0	7836.0	903.401	1742.16
-31612.0	7836.0	902.229	1827.22
-31612.0	7836.0	901.058	1735.11
-31612.0	7836.0	899.886	1747.59
-31612.0	7836.0	898.715	1696.07
-31612.0	7836.0	897.543	1680.82
-31612.0	7836.0	896.37	1714.63
-31612.0	7836.0	895.198	1759.09
-31612.0	7836.0	894.025	1728.92
-31612.0	7836.0	892.852	1717.94
-31612.0	7836.0	891.679	1715.49
-31612.0	7836.0	890.506	1691.74
-31612.0	7836.0	889.332	1695.68
-31612.0	7836.0	888.158	1680.46
-31612.0	7836.0	886.984	1688.67
-31612.0	7836.0	885.81	1669.19
-31612.0	7836.0	884.636	1664.62
-31612.0	7836.0	883.461	1681.34
-31612.0	7836.0	882.286	1715.07
-31612.0	7836.0	881.111	1665.82
-31612.0	7836.0	879.936	1686.78
-31612.0	7836.0	878.76	1724.75
-31612.0	7836.0	877.584	1669.14
-31612.0	7836.0	876.408	1651.82
-31612.0	7836.0	875.232	1664.27
-31612.0	7836.0	874.056	1634.2
-31612.0	7836.0	872.879	1684.89
-31612.0	7836.0	871.702	1690.95
-31612.0	7836.0	870.525	1735.24
-31612.0	7836.0	869.348	1694.57
-31612.0	7836.0	868.17	1715.48
-31612.0	7836.0	866.993	1734.26
-31612.0	7836.0	865.815	1668.15
-31612.0	7836.0	864.637	1693.3
-31612.0	7836.0	863.458	1642.06
-31612.0	7836.0	862.28	1631.15
-31612.0	7836.0	861.101	1658.41
-31612.0	7836.0	859.922	1685.67
-31612.0	7836.0	858.742	1674.75
-31612.0	7836.0	857.563	1651.12
-31612.0	7836.0	856.383	1627.5
-31612.0	7836.0	855.203	1580.58
-31612.0	7836.0	854.023	1626.89
-31612.0	7836.0	852.843	1666.82
-31612.0	7836.0	851.662	1626.28
-31612.0	7836.0	850.481	1604.8
-31612.0	7836.0	849.3	1600.26
-31612.0	7836.0	848.119	1665.57
-31612.0	7836.0	846.937	1697.0
-31612.0	7836.0	845.756	1622.63
-31612.0	7836.0	844.574	1687.9
-31612.0	7836.0	843.392	1674.89
-31612.0	7836.0	842.209	1638.63
-31612.0	7836.0	841.027	1756.7
-31612.0	7836.0	839.844	1688.74
-31612.0	7836.0	838.661	1646.15
-31612.0	7836.0	837.477	1656.41
-31612.0	7836.0	836.294	1672.99
-31612.0	7836.0	835.11	1672.68
-31612.0	7836.0	833.926	1680.81
-31612.0	7836.0	832.742	1697.38
-31612.0	7836.0	831.558	1610.51
-31612.0	7836.0	830.373	1679.85
-31612.0	7836.0	829.188	1658.43
-31612.0	7836.0	828.003	1643.35
-31612.0	7836.0	826.818	1602.97
-31612.0	7836.0	825.632	1598.44
-31612.0	7836.0	824.446	1600.25
-31612.0	7836.0	823.26	1629.46
-31612.0	7836.0	822.074	1591.21
-31612.0	7836.0	820.888	1536.12
-31612.0	7836.0	819.701	1626.42
-31612.0	7836.0	818.514	1619.79
-31612.0	7836.0	817.327	1699.51
-31612.0	7836.0	816.14	1699.19
-31612.0	7836.0	814.952	1629.4
-31612.0	7836.0	813.765	1664.87
-31612.0	7836.0	812.577	1593.0
-31612.0	7836.0	811.388	1599.01
-31612.0	7836.0	810.2	1636.57
-31612.0	7836.0	809.011	1644.67
-31612.0	7836.0	807.822	1652.77
-31612.0	7836.0	806.633	1635.63
-31612.0	7836.0	805.444	1570.16
-31612.0	7836.0	804.254	1687.55
-31612.0	7836.0	803.064	1647.3
-31612.0	7836.0	801.874	1560.86
-31612.0	7836.0	800.684	1587.86
-31612.0	7836.0	799.493	1635.86
-31612.0	7836.0	798.303	1589.36
-31612.0	7836.0	797.112	1652.03
-31612.0	7836.0	795.921	1653.81
-31612.0	7836.0	794.729	1649.29
-31612.0	7836.0	793.538	1688.84
-31612.0	7836.0	792.346	1646.57
-31612.0	7836.0	791.154	1631.57
-31612.0	7836.0	789.961	1624.97
-31612.0	7836.0	788.769	1624.65
-31612.0	7836.0	787.576	1601.29
-31612.0	7836.0	786.383	1586.31
-31612.0	7836.0	785.19	1567.15
-31612.0	7836.0	783.996	1594.08
-31612.0	7836.0	782.802	1553.98
-31612.0	7836.0	781.608	1557.87
-31612.0	7836.0	780.414	1530.36
-31612.0	7836.0	779.22	1641.0
-31612.0	7836.0	778.025	1609.29
-31612.0	7836.0	776.83	1588.06
-31612.0	7836.0	775.635	1633.77
-31612.0	7836.0	774.44	1614.64
-31612.0	7836.0	773.244	1597.6
-31612.0	7836.0	772.049	1637.01
-31612.0	7836.0	770.853	1532.18
-31612.0	7836.0	769.656	1598.76
-31612.0	7836.0	768.46	1588.0
-31612.0	7836.0	767.263	1591.88
-31612.0	7836.0	766.066	1606.19
-31612.0	7836.0	764.869	1564.11
-31612.0	7836.0	763.672	1636.89
-31612.0	7836.0	762.474	1588.56
-31612.0	7836.0	761.276	1567.38
-31612.0	7836.0	760.078	1581.68
-31612.0	7836.0	758.88	1598.07
-31612.0	7836.0	757.681	1578.99
-31612.0	7836.0	756.483	1578.68
-31612.0	7836.0	755.284	1634.67
-31612.0	7836.0	754.084	1621.85
-31612.0	7836.0	752.885	1550.67
-31612.0	7836.0	751.685	1527.44
-31612.0	7836.0	750.485	1593.82
-31612.0	7836.0	749.285	1558.1
-31612.0	7836.0	748.085	1568.21
-31612.0	7836.0	746.884	1601.22
-31612.0	7836.0	745.683	1573.84
-31612.0	7836.0	744.482	1648.47
-31612.0	7836.0	743.281	1614.85
-31612.0	7836.0	742.079	1647.83
-31612.0	7836.0	740.877	1639.18
-31612.0	7836.0	739.675	1547.35
-31612.0	7836.0	738.473	1567.85
-31612.0	7836.0	737.27	1503.09
-31612.0	7836.0	736.068	1533.98
-31612.0	7836.0	734.865	1573.17
-31612.0	7836.0	733.661	1543.77
-31612.0	7836.0	732.458	1580.86
-31612.0	7836.0	731.254	1539.01
-31612.0	7836.0	730.05	1578.17
-31612.0	7836.0	728.846	1584.09
-31612.0	7836.0	727.642	1527.73
-31612.0	7836.0	726.437	1560.64
-31612.0	7836.0	725.232	1583.16
-31612.0	7836.0	724.027	1528.91
-31612.0	7836.0	722.822	1578.39
-31612.0	7836.0	721.616	1534.54
-31612.0	7836.0	720.41	1592.29
-31612.0	7836.0	719.204	1594.05
-31612.0	7836.0	717.998	1577.16
-31612.0	7836.0	716.791	1593.42
-31612.0	7836.0	715.585	1593.11
-31612.0	7836.0	714.378	1828.92
-31612.0	7836.0	713.17	1602.84
-31612.0	7836.0	711.963	1637.72
-31612.0	7836.0	710.755	1585.65
-31612.0	7836.0	709.547	1626.73
-31612.0	7836.0	708.339	1597.44
-31612.0	7836.0	707.131	1586.79
-31612.0	7836.0	705.922	1565.79
-31612.0	7836.0	704.713	1590.3
-31612.0	7836.0	703.504	1604.46
-31612.0	7836.0	702.295	1575.2
-31612.0	7836.0	701.085	1603.83
-31612.0	7836.0	699.875	1611.78
-31612.0	7836.0	698.665	1601.13
-31612.0	7836.0	697.455	1604.94
-31612.0	7836.0	696.244	1594.3
-31612.0	7836.0	695.034	1616.7
-31612.0	7836.0	693.822	1622.57
-31612.0	7836.0	692.611	1576.85
-31612.0	7836.0	691.4	1578.6
-31612.0	7836.0	690.188	1545.28
-31612.0	7836.0	688.976	1586.23
-31612.0	7836.0	687.764	1581.79
-31612.0	7836.0	686.551	1585.6
-31612.0	7836.0	685.339	1655.38
-31612.0	7836.0	684.126	1628.26
-31612.0	7836.0	682.912	1646.48
-31612.0	7836.0	681.699	1677.06
-31612.0	7836.0	680.485	1581.97
-31612.0	7836.0	679.271	1645.5
-31612.0	7836.0	678.057	1669.89
-31612.0	7836.0	676.843	1601.62
-31612.0	7836.0	675.628	1582.78
-31612.0	7836.0	674.413	1660.66
-31612.0	7836.0	673.198	1670.62
-31612.0	7836.0	671.983	1649.72
-31612.0	7836.0	670.767	1624.71
-31612.0	7836.0	669.551	1653.18
-31612.0	7836.0	668.335	1689.85
-31612.0	7836.0	667.119	1736.79
-31612.0	7836.0	665.902	1576.16
-31612.0	7836.0	664.686	1651.86
-31612.0	7836.0	663.469	1690.56
-31612.0	7836.0	662.251	1612.18
-31612.0	7836.0	661.034	1679.62
-31612.0	7836.0	659.816	1695.71
-31612.0	7836.0	658.598	1697.43
-31612.0	7836.0	657.38	1576.01
-31612.0	7836.0	656.161	1592.11
-31612.0	7836.0	654.942	1704.62
-31612.0	7836.0	653.723	1698.13
-31612.0	7836.0	652.504	1640.37
-31612.0	7836.0	651.285	1689.25
-31612.0	7836.0	650.065	1639.72
-31612.0	7836.0	648.845	1641.44
-31612.0	7836.0	647.625	1651.36
-31612.0	7836.0	646.404	1644.88
-31612.0	7836.0	645.184	1658.89
-31612.0	7836.0	643.963	1619.65
-31612.0	7836.0	642.742	1680.75
-31612.0	7836.0	641.52	1661.99
-31612.0	7836.0	640.298	1647.33
-31612.0	7836.0	639.076	1694.06
-31612.0	7836.0	637.854	1751.0
-31612.0	7836.0	636.632	1652.48
-31612.0	7836.0	635.409	1733.94
-31612.0	7836.0	634.186	1711.1
-31612.0	7836.0	632.963	1720.98
-31612.0	7836.0	631.74	1640.94
-31612.0	7836.0	630.516	1677.38
-31612.0	7836.0	629.292	1683.17
-31612.0	7836.0	628.068	1715.51
-31612.0	7836.0	626.844	1633.49
-31612.0	7836.0	625.619	1633.17
-31612.0	7836.0	624.394	1732.85
-31612.0	7836.0	623.169	1665.16
-31612.0	7836.0	621.944	1715.83
-31612.0	7836.0	620.718	1674.69
-31612.0	7836.0	619.492	1680.47
-31612.0	7836.0	618.266	1692.37
-31612.0	7836.0	617.04	1698.14
-31612.0	7836.0	615.813	1628.5
-31612.0	7836.0	614.587	1664.85
-31612.0	7836.0	613.36	1691.0
-31612.0	7836.0	612.132	1641.78
-31612.0	7836.0	610.905	1653.67
-31612.0	7836.0	609.677	1602.43
-31612.0	7836.0	608.449	1671.32
-31612.0	7836.0	607.22	1675.05
-31612.0	7836.0	605.992	1717.45
-31612.0	7836.0	604.763	1652.0
-31612.0	7836.0	603.534	1751.33
-31612.0	7836.0	602.305	1681.84
-31612.0	7836.0	601.075	1677.43
-31612.0	7836.0	599.845	1713.68
-31612.0	7836.0	598.615	1676.75
-31612.0	7836.0	597.385	1680.48
-31612.0	7836.0	596.154	1692.33
-31612.0	7836.0	594.924	1622.92
-31612.0	7836.0	593.693	1653.06
-31612.0	7836.0	592.461	1666.94
-31612.0	7836.0	591.23	1632.09
-31612.0	7836.0	589.998	1686.56
-31612.0	7836.0	588.766	1676.07
-31612.0	7836.0	587.534	1655.44
-31612.0	7836.0	586.301	1669.3
-31612.0	7836.0	585.068	1673.02
-31612.0	7836.0	583.835	1674.71
-31612.0	7836.0	582.602	1684.5
-31612.0	7836.0	581.368	1698.35
-31612.0	7836.0	580.134	1657.48
-31612.0	7836.0	578.9	1628.78
-31612.0	7836.0	577.666	1673.01
-31612.0	7836.0	576.432	1668.62
-31612.0	7836.0	575.197	1686.5
-31612.0	7836.0	573.962	1605.19
-31612.0	7836.0	572.726	1647.36
-31612.0	7836.0	571.491	1673.33
-31612.0	7836.0	570.255	1662.88
-31612.0	7836.0	569.019	1670.63
-31612.0	7836.0	567.783	1726.91
-31612.0	7836.0	566.546	1762.95
-31612.0	7836.0	565.309	1718.12
-31612.0	7836.0	564.072	1683.42
-31612.0	7836.0	562.835	1677.01
-31612.0	7836.0	561.597	1731.21
-31612.0	7836.0	560.359	1724.8
-31612.0	7836.0	559.121	1819.35
-31612.0	7836.0	557.883	1742.26
-31612.0	7836.0	556.644	1719.71
-31612.0	7836.0	555.406	1777.88
-31612.0	7836.0	554.167	1710.93
-31612.0	7836.0	552.927	1761.01
-31612.0	7836.0	551.688	1823.17
-31612.0	7836.0	550.448	1802.64
-31612.0	7836.0	549.208	1794.21
-31612.0	7836.0	547.967	1910.74
-31612.0	7836.0	546.727	1886.17
-31612.0	7836.0	545.486	1887.8
-31612.0	7836.0	544.245	1947.84
-31612.0	7836.0	543.003	1957.51
-31612.0	7836.0	541.762	1908.79
-31612.0	7836.0	540.52	1902.36
-31612.0	7836.0	539.278	1966.37
-31612.0	7836.0	538.035	1996.15
-31612.0	7836.0	536.793	2178.82
-31612.0	7836.0	535.55	2274.92
-31612.0	7836.0	534.307	2332.77
-31612.0	7836.0	533.063	2418.75
-31612.0	7836.0	531.82	2631.34
-31612.0	7836.0	530.576	2928.24
-31612.0	7836.0	529.331	3345.59
-31612.0	7836.0	528.087	3891.33
-31612.0	7836.0	526.842	4706.0
-31612.0	7836.0	525.597	5972.16
-31612.0	7836.0	524.352	7771.85
-31612.0	7836.0	523.107	10421.9
-31612.0	7836.0	521.861	13412.0
-31612.0	7836.0	520.615	14729.5
-31612.0	7836.0	519.369	13272.1
-31612.0	7836.0	518.122	11444.2
-31612.0	7836.0	516.876	9611.09
-31612.0	7836.0	515.629	8055.37
-31612.0	7836.0	514.381	6927.23
-31612.0	7836.0	513.134	5993.95
-31612.0	7836.0	511.886	5235.36
-31612.0	7836.0	510.638	4713.46
-31612.0	7836.0	509.39	4360.0
-31612.0	7836.0	508.141	4120.82
-31612.0	7836.0	506.892	3757.62
-31612.0	7836.0	505.643	3602.73
-31612.0	7836.0	504.394	3475.92
-31612.0	7836.0	503.145	3345.15
-31612.0	7836.0	501.895	3310.46
-31612.0	7836.0	500.645	3239.78
-31612.0	7836.0	499.394	3249.11
-31612.0	7836.0	498.144	3200.46
-31612.0	7836.0	496.893	3099.87
-31612.0	7836.0	495.642	3005.31
-31612.0	7836.0	494.39	2982.71
-31612.0	7836.0	493.139	2804.33
-31612.0	7836.0	491.887	2779.78
-31612.0	7836.0	490.635	2643.44
-31612.0	7836.0	489.382	2626.93
-31612.0	7836.0	488.13	2532.58
-31612.0	7836.0	486.877	2625.84
-31612.0	7836.0	485.623	2485.65
-31612.0	7836.0	484.37	2449.24
-31612.0	7836.0	483.116	2394.89
-31612.0	7836.0	481.862	2378.44
-31612.0	7836.0	480.608	2326.12
-31612.0	7836.0	479.354	2345.57
-31612.0	7836.0	478.099	2297.26
-31612.0	7836.0	476.844	2344.6
-31612.0	7836.0	475.588	2318.22
-31612.0	7836.0	474.333	2263.98
-31612.0	7836.0	473.077	2197.81
-31612.0	7836.0	471.821	2229.2
-31612.0	7836.0	470.565	2248.64
-31612.0	7836.0	469.308	2178.53
-31612.0	7836.0	468.051	2205.93
-31612.0	7836.0	466.794	2165.7
-31612.0	7836.0	465.537	2205.01
-31612.0	7836.0	464.279	2160.82
-31612.0	7836.0	463.021	2090.81
-31612.0	7836.0	461.763	2114.22
-31612.0	7836.0	460.505	2078.02
-31612.0	7836.0	459.246	2107.38
-31612.0	7836.0	457.987	2124.81
-31612.0	7836.0	456.728	2080.69
-31612.0	7836.0	455.469	2068.35
-31612.0	7836.0	454.209	2030.21
-31612.0	7836.0	452.949	2049.63
-31612.0	7836.0	451.689	2009.53
-31612.0	7836.0	450.428	1983.32
-31612.0	7836.0	449.167	1998.77
-31612.0	7836.0	447.906	2026.11
-31612.0	7836.0	446.645	1972.17
-31612.0	7836.0	445.383	2078.77
-31612.0	7836.0	444.122	1961.44
-31612.0	7836.0	442.86	2000.65
-31612.0	7836.0	441.597	1958.64
-31612.0	7836.0	440.335	2001.8
-31612.0	7836.0	439.072	2066.7
-31612.0	7836.0	437.809	2101.9
-31612.0	7836.0	436.545	2046.05
-31612.0	7836.0	435.281	1982.32
-31612.0	7836.0	434.018	1954.21
-31612.0	7836.0	432.753	2042.79
-31612.0	7836.0	431.489	1981.07
-31612.0	7836.0	430.224	2047.87
-31612.0	7836.0	428.959	2110.68
-31612.0	7836.0	427.694	1952.17
-31612.0	7836.0	426.428	2042.63
-31612.0	7836.0	425.163	1996.78
-31612.0	7836.0	423.896	2020.05
-31612.0	7836.0	422.63	1952.51
-31612.0	7836.0	421.364	2031.05
-31612.0	7836.0	420.097	1973.39
-31612.0	7836.0	418.83	2022.3
-31612.0	7836.0	417.562	2049.5
-31612.0	7836.0	416.295	1993.85
-31612.0	7836.0	415.027	1969.77
-31612.0	7836.0	413.758	1953.58
-31612.0	7836.0	412.49	1986.68
-31612.0	7836.0	411.221	2009.91
-31612.0	7836.0	409.952	1979.93
-31612.0	7836.0	408.683	1959.82
-31612.0	7836.0	407.414	1908.21
-31612.0	7836.0	406.144	1919.62
-31612.0	7836.0	404.874	1891.66
-31612.0	7836.0	403.603	2009.34
-31612.0	7836.0	402.333	1947.93
-31612.0	7836.0	401.062	1977.02
-31612.0	7836.0	399.791	1982.51
-31612.0	7836.0	398.519	2013.55
-31612.0	7836.0	397.248	2024.92
-31612.0	7836.0	395.976	1967.5
-31612.0	7836.0	394.704	2006.39
-31612.0	7836.0	393.431	1982.39
-31612.0	7836.0	392.159	1946.61
-31612.0	7836.0	390.886	2030.65
-31612.0	7836.0	389.612	1992.92
-31612.0	7836.0	388.339	1939.49
-31612.0	7836.0	387.065	1966.56
-31612.0	7836.0	385.791	1968.11
-31612.0	7836.0	384.517	1979.46
-31612.0	7836.0	383.242	1981.01
-31612.0	7836.0	381.967	1947.25
-31612.0	7836.0	380.692	1993.9
-31612.0	7836.0	379.417	1971.91
-31612.0	7836.0	378.141	2061.65
-31612.0	7836.0	376.865	2051.41
-31612.0	7836.0	375.589	2068.61
-31612.0	7836.0	374.312	2032.92
-31612.0	7836.0	373.035	1946.34
-31612.0	7836.0	371.758	1969.42
-31612.0	7836.0	370.481	2027.72
-31612.0	7836.0	369.204	1954.89
-31612.0	7836.0	367.926	2050.34
-31612.0	7836.0	366.648	2004.92
-31612.0	7836.0	365.369	2016.23
-31612.0	7836.0	364.091	2027.53
-31612.0	7836.0	362.812	2048.61
-31612.0	7836.0	361.532	2003.22
-31612.0	7836.0	360.253	1991.07
-31612.0	7836.0	358.973	2090.28
-31612.0	7836.0	357.693	1955.08
-31612.0	7836.0	356.413	2034.72
-31612.0	7836.0	355.132	2088.96
-31612.0	7836.0	353.852	2063.14
-31612.0	7836.0	352.571	2154.42
-31612.0	7836.0	351.289	2044.71
-31612.0	7836.0	350.008	2022.82
-31612.0	7836.0	348.726	2032.14
-31612.0	7836.0	347.444	2029.76
-31612.0	7836.0	346.161	2050.77
-31612.0	7836.0	344.878	2104.91
-31612.0	7836.0	343.595	2057.7
-31612.0	7836.0	342.312	2061.16
-31612.0	7836.0	341.029	2060.72
-31612.0	7836.0	339.745	2040.81
-31612.0	7836.0	338.461	2024.8
-31612.0	7836.0	337.176	2119.75
-31612.0	7836.0	335.892	2138.76
-31612.0	7836.0	334.607	2142.2
-31612.0	7836.0	333.322	2124.23
-31612.0	7836.0	332.036	2131.56
-31612.0	7836.0	330.75	2170.0
-31612.0	7836.0	329.464	2078.17
-31612.0	7836.0	328.178	2188.51
-31612.0	7836.0	326.892	2083.11
-31612.0	7836.0	325.605	2129.3
-31612.0	7836.0	324.318	2179.35
-31612.0	7836.0	323.03	2138.1
-31612.0	7836.0	321.743	2153.18
-31612.0	7836.0	320.455	2212.9
-31612.0	7836.0	319.167	2152.26
-31612.0	7836.0	317.878	2161.51
-31612.0	7836.0	316.59	2221.19
-31612.0	7836.0	315.301	2108.22
-31612.0	7836.0	314.011	2191.15
-31612.0	7836.0	312.722	2148.04
-31612.0	7836.0	311.432	2124.32
-31612.0	7836.0	310.142	2162.62
-31612.0	7836.0	308.851	2166.04
-31612.0	7836.0	307.561	2324.41
-31612.0	7836.0	306.27	2246.45
-31612.0	7836.0	304.979	2265.34
-31612.0	7836.0	303.687	2309.38
-31612.0	7836.0	302.395	2289.53
-31612.0	7836.0	301.103	2292.91
-31612.0	7836.0	299.811	2336.92
-31612.0	7836.0	298.519	2315.14
-31612.0	7836.0	297.226	2279.84
-31612.0	7836.0	295.933	2252.29
-31612.0	7836.0	294.639	2238.28
-31612.0	7836.0	293.345	2228.14
-31612.0	7836.0	292.052	2289.49
-31612.0	7836.0	290.757	2246.51
-31612.0	7836.0	289.463	2224.78
-31612.0	7836.0	288.168	2332.43
-31612.0	7836.0	286.873	2235.42
-31612.0	7836.0	285.578	2196.34
-31612.0	7836.0	284.282	2280.77
-31612.0	7836.0	282.986	2247.49
-31612.0	7836.0	281.69	2171.79
-31612.0	7836.0	280.393	2244.6
-31612.0	7836.0	279.097	2178.57
-31612.0	7836.0	277.8	2195.45
-31612.0	7836.0	276.502	2181.49
-31612.0	7836.0	275.205	2179.1
-31612.0	7836.0	273.907	2176.71
-31612.0	7836.0	272.609	2104.98
-31612.0	7836.0	271.311	2152.67
-31612.0	7836.0	270.012	2134.88
-31612.0	7836.0	268.713	2132.5
-31612.0	7836.0	267.414	2160.91
-31612.0	7836.0	266.114	2120.05
-31612.0	7836.0	264.814	2042.66
-31612.0	7836.0	263.514	2090.3
-31612.0	7836.0	262.214	2039.86
-31612.0	7836.0	260.913	2093.24
-31612.0	7836.0	259.613	2058.21
-31612.0	7836.0	258.311	1965.54
-31612.0	7836.0	257.01	2028.51
-31612.0	7836.0	255.708	2101.06
-31612.0	7836.0	254.406	2085.24
-31612.0	7836.0	253.104	2006.09
-31612.0	7836.0	251.801	2057.48
-31612.0	7836.0	250.499	2066.63
-31612.0	7836.0	249.195	2020.15
-31612.0	7836.0	247.892	2058.08
-31612.0	7836.0	246.588	2109.41
-31612.0	7836.0	245.284	2055.28
-31612.0	7836.0	243.98	2041.42
-31612.0	7836.0	242.676	2040.98
-31612.0	7836.0	241.371	2080.78
-31612.0	7836.0	240.066	2015.2
-31612.0	7836.0	238.76	2035.84
-31612.0	7836.0	237.455	2052.63
-31612.0	7836.0	236.149	1983.28
-31612.0	7836.0	234.843	1959.88
-31612.0	7836.0	233.536	1961.38
-31612.0	7836.0	232.229	2037.48
-31612.0	7836.0	230.922	1970.1
-31612.0	7836.0	229.615	1960.11
-31612.0	7836.0	228.307	2059.11
-31612.0	7836.0	227.0	2016.62
-31612.0	7836.0	225.691	1958.85
-31612.0	7836.0	224.383	1981.36
-31612.0	7836.0	223.074	1946.55
-31612.0	7836.0	221.765	1934.67
-31612.0	7836.0	220.456	1962.9
-31612.0	7836.0	219.146	1933.84
-31612.0	7836.0	217.836	1956.33
-31612.0	7836.0	216.526	1950.18
-31612.0	7836.0	215.216	1989.83
-31612.0	7836.0	213.905	1966.51
-31612.0	7836.0	212.594	1985.16
-31612.0	7836.0	211.283	1992.36
-31612.0	7836.0	209.971	1940.46
-31612.0	7836.0	208.66	1930.52
-31612.0	7836.0	207.348	2006.31
-31612.0	7836.0	206.035	1933.5
-31612.0	7836.0	204.722	1997.83
-31612.0	7836.0	203.409	2012.64
-31612.0	7836.0	202.096	1979.84
-31612.0	7836.0	200.783	1962.29
-31612.0	7836.0	199.469	1959.96
-31612.0	7836.0	198.155	1932.9
-31612.0	7836.0	196.84	1924.88
-31612.0	7836.0	195.526	1960.6
-31612.0	7836.0	194.211	1931.66
-31612.0	7836.0	192.896	1942.65
-31612.0	7836.0	191.58	2151.27
-31612.0	7836.0	190.264	2156.51
-31612.0	7836.0	188.948	2043.97
-31612.0	7836.0	187.632	2062.52
-31612.0	7836.0	186.315	2001.32
-31612.0	7836.0	184.998	2004.68
-31612.0	7836.0	183.681	2028.92
-31612.0	7836.0	182.364	1933.61
-31612.0	7836.0	181.046	2037.54
-31612.0	7836.0	179.728	1963.12
-31612.0	7836.0	178.41	1989.25
-31612.0	7836.0	177.091	2053.28
-31612.0	7836.0	175.772	2088.86
-31612.0	7836.0	174.453	2116.83
-31612.0	7836.0	173.133	2082.27
-31612.0	7836.0	171.814	2114.03
-31612.0	7836.0	170.494	2098.42
-31612.0	7836.0	169.173	2043.06
-31612.0	7836.0	167.853	2089.94
-31612.0	7836.0	166.532	2053.53
-31612.0	7836.0	165.211	2054.98
-31612.0	7836.0	163.889	2048.86
-31612.0	7836.0	162.567	2067.33
-31612.0	7836.0	161.245	2070.67
-31612.0	7836.0	159.923	2138.29
-31612.0	7836.0	158.6	2166.18
-31612.0	7836.0	157.278	2109.02
-31612.0	7836.0	155.954	2155.8
-31612.0	7836.0	154.631	2174.22
-31612.0	7836.0	153.307	2190.75
-31612.0	7836.0	151.983	2237.48
-31612.0	7836.0	150.659	2129.4
-31612.0	7836.0	149.334	2213.87
-31612.0	7836.0	148.009	2092.63
-31612.0	7836.0	146.684	2167.64
-31612.0	7836.0	145.359	2235.07
-31612.0	7836.0	144.033	2189.33
-31612.0	7836.0	142.707	2166.23
-31612.0	7836.0	141.381	2143.15
-31612.0	7836.0	140.054	2167.18
-31612.0	7836.0	138.727	2196.86
-31612.0	7836.0	137.4	2145.53
-31612.0	7836.0	136.072	2145.06
-31612.0	7836.0	134.745	2233.1
-31612.0	7836.0	133.417	2149.79
-31612.0	7836.0	132.088	2215.19
-31612.0	7836.0	130.76	2148.86
-31612.0	7836.0	129.431	2125.82
-31612.0	7836.0	128.102	2102.79
-31612.0	7836.0	126.772	2128.66
-31612.0	7836.0	125.442	2225.96
-31612.0	7836.0	124.112	2154.06
-31612.0	7836.0	122.782	2144.2
-31612.0	7836.0	121.451	2138.1
-31612.0	7836.0	120.12	2135.76
-31612.0	7836.0	118.789	2184.12
-31612.0	7836.0	117.458	2146.1
-31612.0	7836.0	116.126	2109.97
-31612.0	7836.0	114.794	2128.28
-31612.0	7836.0	113.462	2109.06
-31612.0	7836.0	112.129	2149.87
-31612.0	7836.0	110.796	2226.31
-31612.0	7836.0	109.463	2135.82
-31612.0	7836.0	108.129	2094.11
-31612.0	7836.0	106.796	2056.17
-31612.0	7836.0	105.461	1995.76
-31612.0	7836.0	104.127	1997.21
-31612.0	7836.0	102.792	1974.3
-31612.0	7836.0	101.457	1919.56
-31612.0	7836.0	100.122	1851.74
-31612.0	7836.0	98.7867	1935.58
-31612.0	7836.0	97.4509	1916.44
-31612.0	7836.0	96.1148	1872.99
-31612.0	7836.0	94.7784	1831.43
-31612.0	7836.0	93.4418	1836.65
-31612.0	7836.0	92.1048	1821.29
-31612.0	7836.0	90.7676	1757.34
-31612.0	7836.0	89.43	1751.35
-31612.0	7836.0	88.0922	1754.71
-31612.0	7836.0	86.7541	1744.99
-31612.0	7836.0	85.4157	1744.61
