-31612.0	7828.0	1311.89	1882.96
-31612.0	7828.0	1310.78	1968.96
-31612.0	7828.0	1309.68	1875.55
-31612.0	7828.0	1308.58	1884.33
-31612.0	7828.0	1307.48	2020.22
-31612.0	7828.0	1306.38	1999.47
-31612.0	7828.0	1305.28	1858.46
-31612.0	7828.0	1304.18	1867.24
-31612.0	7828.0	1303.07	1953.14
-31612.0	7828.0	1301.97	1957.36
-31612.0	7828.0	1300.87	1898.09
-31612.0	7828.0	1299.77	1886.45
-31612.0	7828.0	1298.66	1951.89
-31612.0	7828.0	1297.56	2008.24
-31612.0	7828.0	1296.46	1939.93
-31612.0	7828.0	1295.35	1946.42
-31612.0	7828.0	1294.25	1950.64
-31612.0	7828.0	1293.15	1970.71
-31612.0	7828.0	1292.04	1981.72
-31612.0	7828.0	1290.94	1956.49
-31612.0	7828.0	1289.83	1992.4
-31612.0	7828.0	1288.73	1983.02
-31612.0	7828.0	1287.63	1957.81
-31612.0	7828.0	1286.52	1946.18
-31612.0	7828.0	1285.42	1930.02
-31612.0	7828.0	1284.31	1950.07
-31612.0	7828.0	1283.21	1924.88
-31612.0	7828.0	1282.1	1942.66
-31612.0	7828.0	1280.99	2007.92
-31612.0	7828.0	1279.89	1978.21
-31612.0	7828.0	1278.78	1916.85
-31612.0	7828.0	1277.68	1896.2
-31612.0	7828.0	1276.57	1911.72
-31612.0	7828.0	1275.46	1922.7
-31612.0	7828.0	1274.36	1954.02
-31612.0	7828.0	1273.25	1953.7
-31612.0	7828.0	1272.14	2048.23
-31612.0	7828.0	1271.04	1948.55
-31612.0	7828.0	1269.93	1941.46
-31612.0	7828.0	1268.82	1927.61
-31612.0	7828.0	1267.71	1832.51
-31612.0	7828.0	1266.61	1922.47
-31612.0	7828.0	1265.5	1895.08
-31612.0	7828.0	1264.39	1899.29
-31612.0	7828.0	1263.28	1856.13
-31612.0	7828.0	1262.17	1909.95
-31612.0	7828.0	1261.06	1984.04
-31612.0	7828.0	1259.95	1898.05
-31612.0	7828.0	1258.84	1870.7
-31612.0	7828.0	1257.74	1892.93
-31612.0	7828.0	1256.63	1919.66
-31612.0	7828.0	1255.52	1955.39
-31612.0	7828.0	1254.41	1905.52
-31612.0	7828.0	1253.3	1986.28
-31612.0	7828.0	1252.19	1884.63
-31612.0	7828.0	1251.08	1981.13
-31612.0	7828.0	1249.96	1924.53
-31612.0	7828.0	1248.85	1933.22
-31612.0	7828.0	1247.74	1899.15
-31612.0	7828.0	1246.63	1943.84
-31612.0	7828.0	1245.52	1885.03
-31612.0	7828.0	1244.41	1871.23
-31612.0	7828.0	1243.3	1879.92
-31612.0	7828.0	1242.18	1906.59
-31612.0	7828.0	1241.07	1915.27
-31612.0	7828.0	1239.96	1899.23
-31612.0	7828.0	1238.85	1878.69
-31612.0	7828.0	1237.74	1804.23
-31612.0	7828.0	1236.62	1891.55
-31612.0	7828.0	1235.51	1882.26
-31612.0	7828.0	1234.4	1785.38
-31612.0	7828.0	1233.28	1838.98
-31612.0	7828.0	1232.17	1885.82
-31612.0	7828.0	1231.06	1865.31
-31612.0	7828.0	1229.94	1851.54
-31612.0	7828.0	1228.83	1853.48
-31612.0	7828.0	1227.71	1924.96
-31612.0	7828.0	1226.6	1848.38
-31612.0	7828.0	1225.48	1798.73
-31612.0	7828.0	1224.37	1852.25
-31612.0	7828.0	1223.25	1865.4
-31612.0	7828.0	1222.14	1903.2
-31612.0	7828.0	1221.02	1878.23
-31612.0	7828.0	1219.91	1857.76
-31612.0	7828.0	1218.79	1837.28
-31612.0	7828.0	1217.68	1875.06
-31612.0	7828.0	1216.56	1791.88
-31612.0	7828.0	1215.44	1903.56
-31612.0	7828.0	1214.33	1889.81
-31612.0	7828.0	1213.21	1862.63
-31612.0	7828.0	1212.09	1911.57
-31612.0	7828.0	1210.98	1862.01
-31612.0	7828.0	1209.86	1848.28
-31612.0	7828.0	1208.74	1796.52
-31612.0	7828.0	1207.62	1948.33
-31612.0	7828.0	1206.51	1869.73
-31612.0	7828.0	1205.39	1804.57
-31612.0	7828.0	1204.27	1875.81
-31612.0	7828.0	1203.15	1875.5
-31612.0	7828.0	1202.03	1897.54
-31612.0	7828.0	1200.91	1948.62
-31612.0	7828.0	1199.8	1905.85
-31612.0	7828.0	1198.68	1755.86
-31612.0	7828.0	1197.56	1786.84
-31612.0	7828.0	1196.44	1808.87
-31612.0	7828.0	1195.32	1786.24
-31612.0	7828.0	1194.2	1843.99
-31612.0	7828.0	1193.08	1816.89
-31612.0	7828.0	1191.96	1765.26
-31612.0	7828.0	1190.84	1834.14
-31612.0	7828.0	1189.72	1869.53
-31612.0	7828.0	1188.6	1851.37
-31612.0	7828.0	1187.48	1904.59
-31612.0	7828.0	1186.35	1890.89
-31612.0	7828.0	1185.23	1812.54
-31612.0	7828.0	1184.11	1776.57
-31612.0	7828.0	1182.99	1881.03
-31612.0	7828.0	1181.87	1836.15
-31612.0	7828.0	1180.75	1853.66
-31612.0	7828.0	1179.62	1824.39
-31612.0	7828.0	1178.5	1853.04
-31612.0	7828.0	1177.38	1881.68
-31612.0	7828.0	1176.26	1925.89
-31612.0	7828.0	1175.13	1869.92
-31612.0	7828.0	1174.01	1789.48
-31612.0	7828.0	1172.89	1778.05
-31612.0	7828.0	1171.76	1804.45
-31612.0	7828.0	1170.64	1786.35
-31612.0	7828.0	1169.51	1792.72
-31612.0	7828.0	1168.39	1870.26
-31612.0	7828.0	1167.27	1872.17
-31612.0	7828.0	1166.14	1816.27
-31612.0	7828.0	1165.02	1829.3
-31612.0	7828.0	1163.89	1771.22
-31612.0	7828.0	1162.77	1810.91
-31612.0	7828.0	1161.64	1783.95
-31612.0	7828.0	1160.52	1836.96
-31612.0	7828.0	1159.39	1829.98
-31612.0	7828.0	1158.26	1809.69
-31612.0	7828.0	1157.14	1769.42
-31612.0	7828.0	1156.01	1817.96
-31612.0	7828.0	1154.88	1797.68
-31612.0	7828.0	1153.76	1808.47
-31612.0	7828.0	1152.63	1799.29
-31612.0	7828.0	1151.5	1772.36
-31612.0	7828.0	1150.38	1805.33
-31612.0	7828.0	1149.25	1734.07
-31612.0	7828.0	1148.12	1775.9
-31612.0	7828.0	1146.99	1720.18
-31612.0	7828.0	1145.87	1835.14
-31612.0	7828.0	1144.74	1834.83
-31612.0	7828.0	1143.61	1787.99
-31612.0	7828.0	1142.48	1776.61
-31612.0	7828.0	1141.35	1831.68
-31612.0	7828.0	1140.22	1811.44
-31612.0	7828.0	1139.09	1813.34
-31612.0	7828.0	1137.97	1808.61
-31612.0	7828.0	1136.84	1890.19
-31612.0	7828.0	1135.71	1819.06
-31612.0	7828.0	1134.58	1714.75
-31612.0	7828.0	1133.45	1725.52
-31612.0	7828.0	1132.32	1829.19
-31612.0	7828.0	1131.19	1764.74
-31612.0	7828.0	1130.05	1795.4
-31612.0	7828.0	1128.92	1750.88
-31612.0	7828.0	1127.79	1781.52
-31612.0	7828.0	1126.66	1796.69
-31612.0	7828.0	1125.53	1749.98
-31612.0	7828.0	1124.4	1782.82
-31612.0	7828.0	1123.27	1773.68
-31612.0	7828.0	1122.13	1897.05
-31612.0	7828.0	1121.0	1834.9
-31612.0	7828.0	1119.87	1757.31
-31612.0	7828.0	1118.74	1768.05
-31612.0	7828.0	1117.6	1736.85
-31612.0	7828.0	1116.47	1740.96
-31612.0	7828.0	1115.34	1727.43
-31612.0	7828.0	1114.2	1755.81
-31612.0	7828.0	1113.07	1797.41
-31612.0	7828.0	1111.94	1779.46
-31612.0	7828.0	1110.8	1818.84
-31612.0	7828.0	1109.67	1809.71
-31612.0	7828.0	1108.54	1723.45
-31612.0	7828.0	1107.4	1742.98
-31612.0	7828.0	1106.27	1720.65
-31612.0	7828.0	1105.13	1786.44
-31612.0	7828.0	1104.0	1761.9
-31612.0	7828.0	1102.86	1730.77
-31612.0	7828.0	1101.72	1748.09
-31612.0	7828.0	1100.59	1776.4
-31612.0	7828.0	1099.45	1718.87
-31612.0	7828.0	1098.32	1844.0
-31612.0	7828.0	1097.18	1801.88
-31612.0	7828.0	1096.04	1792.77
-31612.0	7828.0	1094.91	1799.06
-31612.0	7828.0	1093.77	1781.16
-31612.0	7828.0	1092.63	1877.59
-31612.0	7828.0	1091.5	1769.55
-31612.0	7828.0	1090.36	1789.03
-31612.0	7828.0	1089.22	1714.0
-31612.0	7828.0	1088.08	1687.34
-31612.0	7828.0	1086.95	1744.16
-31612.0	7828.0	1085.81	1757.04
-31612.0	7828.0	1084.67	1813.83
-31612.0	7828.0	1083.53	1736.67
-31612.0	7828.0	1082.39	1740.76
-31612.0	7828.0	1081.25	1707.53
-31612.0	7828.0	1080.11	1731.38
-31612.0	7828.0	1078.97	1755.21
-31612.0	7828.0	1077.83	1735.16
-31612.0	7828.0	1076.69	1831.36
-31612.0	7828.0	1075.55	1692.89
-31612.0	7828.0	1074.41	1760.57
-31612.0	7828.0	1073.27	1727.38
-31612.0	7828.0	1072.13	1683.24
-31612.0	7828.0	1070.99	1682.95
-31612.0	7828.0	1069.85	1719.9
-31612.0	7828.0	1068.71	1726.17
-31612.0	7828.0	1067.57	1710.54
-31612.0	7828.0	1066.43	1769.37
-31612.0	7828.0	1065.28	1751.54
-31612.0	7828.0	1064.14	1718.4
-31612.0	7828.0	1063.0	1726.85
-31612.0	7828.0	1061.86	1722.18
-31612.0	7828.0	1060.71	1778.76
-31612.0	7828.0	1059.57	1763.14
-31612.0	7828.0	1058.43	1716.9
-31612.0	7828.0	1057.29	1731.9
-31612.0	7828.0	1056.14	1690.06
-31612.0	7828.0	1055.0	1716.0
-31612.0	7828.0	1053.85	1785.63
-31612.0	7828.0	1052.71	1785.32
-31612.0	7828.0	1051.57	1721.65
-31612.0	7828.0	1050.42	1703.87
-31612.0	7828.0	1049.28	1664.26
-31612.0	7828.0	1048.13	1777.52
-31612.0	7828.0	1046.99	1748.82
-31612.0	7828.0	1045.84	1698.31
-31612.0	7828.0	1044.7	1780.94
-31612.0	7828.0	1043.55	1774.08
-31612.0	7828.0	1042.4	1769.41
-31612.0	7828.0	1041.26	1749.46
-31612.0	7828.0	1040.11	1788.41
-31612.0	7828.0	1038.97	1805.54
-31612.0	7828.0	1037.82	1768.16
-31612.0	7828.0	1036.67	1787.47
-31612.0	7828.0	1035.53	1813.3
-31612.0	7828.0	1034.38	1775.94
-31612.0	7828.0	1033.23	1749.48
-31612.0	7828.0	1032.08	1890.76
-31612.0	7828.0	1030.94	1844.69
-31612.0	7828.0	1029.79	1822.59
-31612.0	7828.0	1028.64	1826.62
-31612.0	7828.0	1027.49	1811.06
-31612.0	7828.0	1026.34	1869.5
-31612.0	7828.0	1025.19	1851.76
-31612.0	7828.0	1024.04	1764.41
-31612.0	7828.0	1022.89	1816.3
-31612.0	7828.0	1021.74	1879.05
-31612.0	7828.0	1020.59	1915.68
-31612.0	7828.0	1019.45	1845.77
-31612.0	7828.0	1018.29	1886.75
-31612.0	7828.0	1017.14	1849.46
-31612.0	7828.0	1015.99	1868.69
-31612.0	7828.0	1014.84	1877.05
-31612.0	7828.0	1013.69	1885.4
-31612.0	7828.0	1012.54	1878.55
-31612.0	7828.0	1011.39	1925.99
-31612.0	7828.0	1010.24	1880.05
-31612.0	7828.0	1009.09	1910.11
-31612.0	7828.0	1007.93	1868.53
-31612.0	7828.0	1006.78	1907.26
-31612.0	7828.0	1005.63	1930.78
-31612.0	7828.0	1004.48	1941.28
-31612.0	7828.0	1003.32	1975.63
-31612.0	7828.0	1002.17	1975.28
-31612.0	7828.0	1001.02	2013.95
-31612.0	7828.0	999.865	1976.74
-31612.0	7828.0	998.711	2132.42
-31612.0	7828.0	997.558	2049.7
-31612.0	7828.0	996.403	2045.0
-31612.0	7828.0	995.249	2009.98
-31612.0	7828.0	994.095	2111.4
-31612.0	7828.0	992.94	2193.3
-31612.0	7828.0	991.785	2149.61
-31612.0	7828.0	990.63	2207.66
-31612.0	7828.0	989.475	2246.22
-31612.0	7828.0	988.319	2250.14
-31612.0	7828.0	987.164	2249.74
-31612.0	7828.0	986.008	2247.17
-31612.0	7828.0	984.852	2309.48
-31612.0	7828.0	983.695	2287.44
-31612.0	7828.0	982.539	2388.63
-31612.0	7828.0	981.382	2429.26
-31612.0	7828.0	980.225	2385.61
-31612.0	7828.0	979.068	2402.46
-31612.0	7828.0	977.911	2319.94
-31612.0	7828.0	976.753	2388.64
-31612.0	7828.0	975.595	2386.05
-31612.0	7828.0	974.437	2348.91
-31612.0	7828.0	973.279	2333.38
-31612.0	7828.0	972.121	2367.49
-31612.0	7828.0	970.962	2362.75
-31612.0	7828.0	969.803	2383.89
-31612.0	7828.0	968.644	2376.99
-31612.0	7828.0	967.485	2363.62
-31612.0	7828.0	966.326	2402.01
-31612.0	7828.0	965.166	2449.0
-31612.0	7828.0	964.006	2450.71
-31612.0	7828.0	962.846	2430.87
-31612.0	7828.0	961.686	2365.79
-31612.0	7828.0	960.525	2447.22
-31612.0	7828.0	959.365	2455.4
-31612.0	7828.0	958.204	2504.48
-31612.0	7828.0	957.043	2467.42
-31612.0	7828.0	955.881	2406.7
-31612.0	7828.0	954.72	2425.63
-31612.0	7828.0	953.558	2358.48
-31612.0	7828.0	952.396	2420.45
-31612.0	7828.0	951.234	2424.31
-31612.0	7828.0	950.071	2372.25
-31612.0	7828.0	948.909	2384.72
-31612.0	7828.0	947.746	2371.39
-31612.0	7828.0	946.583	2345.16
-31612.0	7828.0	945.42	2417.81
-31612.0	7828.0	944.256	2329.27
-31612.0	7828.0	943.092	2326.69
-31612.0	7828.0	941.929	2354.19
-31612.0	7828.0	940.765	2373.09
-31612.0	7828.0	939.6	2267.44
-31612.0	7828.0	938.436	2221.95
-31612.0	7828.0	937.271	2191.49
-31612.0	7828.0	936.106	2334.87
-31612.0	7828.0	934.941	2261.5
-31612.0	7828.0	933.775	2153.82
-31612.0	7828.0	932.61	2089.08
-31612.0	7828.0	931.444	2153.03
-31612.0	7828.0	930.278	2077.59
-31612.0	7828.0	929.112	2042.91
-31612.0	7828.0	927.945	2008.25
-31612.0	7828.0	926.779	2005.74
-31612.0	7828.0	925.612	2009.65
-31612.0	7828.0	924.445	1990.01
-31612.0	7828.0	923.278	1940.38
-31612.0	7828.0	922.11	1899.34
-31612.0	7828.0	920.942	1879.72
-31612.0	7828.0	919.774	1883.66
-31612.0	7828.0	918.606	1844.79
-31612.0	7828.0	917.438	1882.96
-31612.0	7828.0	916.269	1863.36
-31612.0	7828.0	915.1	1865.16
-31612.0	7828.0	913.931	1830.6
-31612.0	7828.0	912.762	1759.7
-31612.0	7828.0	911.593	1765.79
-31612.0	7828.0	910.423	1771.88
-31612.0	7828.0	909.253	1701.03
-31612.0	7828.0	908.083	1739.18
-31612.0	7828.0	906.913	1764.49
-31612.0	7828.0	905.742	1732.13
-31612.0	7828.0	904.572	1748.89
-31612.0	7828.0	903.401	1737.89
-31612.0	7828.0	902.229	1775.99
-31612.0	7828.0	901.058	1782.07
-31612.0	7828.0	899.886	1685.71
-31612.0	7828.0	898.715	1679.0
-31612.0	7828.0	897.543	1648.83
-31612.0	7828.0	896.37	1735.96
-31612.0	7828.0	895.198	1716.45
-31612.0	7828.0	894.025	1692.68
-31612.0	7828.0	892.852	1764.84
-31612.0	7828.0	891.679	1753.85
-31612.0	7828.0	890.506	1706.65
-31612.0	7828.0	889.332	1695.68
-31612.0	7828.0	888.158	1669.81
-31612.0	7828.0	886.984	1654.59
-31612.0	7828.0	885.81	1626.61
-31612.0	7828.0	884.636	1702.94
-31612.0	7828.0	883.461	1668.57
-31612.0	7828.0	882.286	1691.66
-31612.0	7828.0	881.111	1644.54
-31612.0	7828.0	879.936	1678.27
-31612.0	7828.0	878.76	1673.71
-31612.0	7828.0	877.584	1705.29
-31612.0	7828.0	876.408	1694.34
-31612.0	7828.0	875.232	1702.53
-31612.0	7828.0	874.056	1632.08
-31612.0	7828.0	872.879	1642.4
-31612.0	7828.0	871.702	1710.07
-31612.0	7828.0	870.525	1669.4
-31612.0	7828.0	869.348	1692.44
-31612.0	7828.0	868.17	1673.02
-31612.0	7828.0	866.993	1730.02
-31612.0	7828.0	865.815	1689.37
-31612.0	7828.0	864.637	1629.64
-31612.0	7828.0	863.458	1576.3
-31612.0	7828.0	862.28	1576.0
-31612.0	7828.0	861.101	1647.81
-31612.0	7828.0	859.922	1660.22
-31612.0	7828.0	858.742	1604.79
-31612.0	7828.0	857.563	1674.44
-31612.0	7828.0	856.383	1661.41
-31612.0	7828.0	855.203	1612.36
-31612.0	7828.0	854.023	1650.19
-31612.0	7828.0	852.843	1626.58
-31612.0	7828.0	851.662	1609.34
-31612.0	7828.0	850.481	1598.45
-31612.0	7828.0	849.3	1602.38
-31612.0	7828.0	848.119	1680.38
-31612.0	7828.0	846.937	1646.21
-31612.0	7828.0	845.756	1631.09
-31612.0	7828.0	844.574	1651.94
-31612.0	7828.0	843.392	1668.54
-31612.0	7828.0	842.209	1604.8
-31612.0	7828.0	841.027	1665.8
-31612.0	7828.0	839.844	1629.56
-31612.0	7828.0	838.661	1622.91
-31612.0	7828.0	837.477	1599.36
-31612.0	7828.0	836.294	1622.29
-31612.0	7828.0	835.11	1617.76
-31612.0	7828.0	833.926	1672.36
-31612.0	7828.0	832.742	1655.15
-31612.0	7828.0	831.558	1661.17
-31612.0	7828.0	830.373	1662.97
-31612.0	7828.0	829.188	1662.65
-31612.0	7828.0	828.003	1630.69
-31612.0	7828.0	826.818	1596.64
-31612.0	7828.0	825.632	1598.44
-31612.0	7828.0	824.446	1663.5
-31612.0	7828.0	823.26	1646.32
-31612.0	7828.0	822.074	1643.9
-31612.0	7828.0	820.888	1635.16
-31612.0	7828.0	819.701	1628.53
-31612.0	7828.0	818.514	1581.88
-31612.0	7828.0	817.327	1663.71
-31612.0	7828.0	816.14	1669.71
-31612.0	7828.0	814.952	1669.39
-31612.0	7828.0	813.765	1637.5
-31612.0	7828.0	812.577	1654.03
-31612.0	7828.0	811.388	1634.78
-31612.0	7828.0	810.2	1651.29
-31612.0	7828.0	809.011	1596.3
-31612.0	7828.0	807.822	1650.66
-31612.0	7828.0	806.633	1658.76
-31612.0	7828.0	805.444	1631.12
-31612.0	7828.0	804.254	1607.69
-31612.0	7828.0	803.064	1613.68
-31612.0	7828.0	801.874	1575.56
-31612.0	7828.0	800.684	1571.06
-31612.0	7828.0	799.493	1574.96
-31612.0	7828.0	798.303	1629.25
-31612.0	7828.0	797.112	1675.12
-31612.0	7828.0	795.921	1620.23
-31612.0	7828.0	794.729	1691.26
-31612.0	7828.0	793.538	1628.0
-31612.0	7828.0	792.346	1579.44
-31612.0	7828.0	791.154	1604.31
-31612.0	7828.0	789.961	1641.74
-31612.0	7828.0	788.769	1651.91
-31612.0	7828.0	787.576	1576.14
-31612.0	7828.0	786.383	1559.07
-31612.0	7828.0	785.19	1623.72
-31612.0	7828.0	783.996	1608.74
-31612.0	7828.0	782.802	1562.36
-31612.0	7828.0	781.608	1591.37
-31612.0	7828.0	780.414	1513.61
-31612.0	7828.0	779.22	1584.48
-31612.0	7828.0	778.025	1607.2
-31612.0	7828.0	776.83	1552.49
-31612.0	7828.0	775.635	1646.32
-31612.0	7828.0	774.44	1618.82
-31612.0	7828.0	773.244	1624.78
-31612.0	7828.0	772.049	1603.56
-31612.0	7828.0	770.853	1599.07
-31612.0	7828.0	769.656	1559.05
-31612.0	7828.0	768.46	1556.66
-31612.0	7828.0	767.263	1642.01
-31612.0	7828.0	766.066	1604.1
-31612.0	7828.0	764.869	1595.44
-31612.0	7828.0	763.672	1603.48
-31612.0	7828.0	762.474	1609.43
-31612.0	7828.0	761.276	1598.69
-31612.0	7828.0	760.078	1573.34
-31612.0	7828.0	758.88	1589.72
-31612.0	7828.0	757.681	1624.87
-31612.0	7828.0	756.483	1609.96
-31612.0	7828.0	755.284	1628.41
-31612.0	7828.0	754.084	1636.44
-31612.0	7828.0	752.885	1600.69
-31612.0	7828.0	751.685	1573.29
-31612.0	7828.0	750.485	1543.81
-31612.0	7828.0	749.285	1560.18
-31612.0	7828.0	748.085	1545.3
-31612.0	7828.0	746.884	1594.97
-31612.0	7828.0	745.683	1580.09
-31612.0	7828.0	744.482	1598.51
-31612.0	7828.0	743.281	1571.15
-31612.0	7828.0	742.079	1614.54
-31612.0	7828.0	740.877	1591.34
-31612.0	7828.0	739.675	1568.15
-31612.0	7828.0	738.473	1594.88
-31612.0	7828.0	737.27	1550.91
-31612.0	7828.0	736.068	1571.39
-31612.0	7828.0	734.865	1658.37
-31612.0	7828.0	733.661	1572.86
-31612.0	7828.0	732.458	1595.4
-31612.0	7828.0	731.254	1536.94
-31612.0	7828.0	730.05	1561.56
-31612.0	7828.0	728.846	1532.18
-31612.0	7828.0	727.642	1646.05
-31612.0	7828.0	726.437	1577.24
-31612.0	7828.0	725.232	1649.56
-31612.0	7828.0	724.027	1568.33
-31612.0	7828.0	722.822	1574.24
-31612.0	7828.0	721.616	1557.35
-31612.0	7828.0	720.41	1563.26
-31612.0	7828.0	719.204	1533.93
-31612.0	7828.0	717.998	1554.36
-31612.0	7828.0	716.791	1599.64
-31612.0	7828.0	715.585	1638.69
-31612.0	7828.0	714.378	1843.42
-31612.0	7828.0	713.17	1629.76
-31612.0	7828.0	711.963	1525.92
-31612.0	7828.0	710.755	1554.6
-31612.0	7828.0	709.547	1649.5
-31612.0	7828.0	708.339	1597.44
-31612.0	7828.0	707.131	1588.85
-31612.0	7828.0	705.922	1561.65
-31612.0	7828.0	704.713	1610.98
-31612.0	7828.0	703.504	1600.32
-31612.0	7828.0	702.295	1484.25
-31612.0	7828.0	701.085	1581.09
-31612.0	7828.0	699.875	1574.58
-31612.0	7828.0	698.665	1580.47
-31612.0	7828.0	697.455	1573.96
-31612.0	7828.0	696.244	1567.46
-31612.0	7828.0	695.034	1569.21
-31612.0	7828.0	693.822	1562.71
-31612.0	7828.0	692.611	1595.42
-31612.0	7828.0	691.4	1657.01
-31612.0	7828.0	690.188	1596.86
-31612.0	7828.0	688.976	1549.1
-31612.0	7828.0	687.764	1575.6
-31612.0	7828.0	686.551	1663.95
-31612.0	7828.0	685.339	1597.66
-31612.0	7828.0	684.126	1646.81
-31612.0	7828.0	682.912	1669.15
-31612.0	7828.0	681.699	1613.19
-31612.0	7828.0	680.485	1629.35
-31612.0	7828.0	679.271	1581.66
-31612.0	7828.0	678.057	1641.06
-31612.0	7828.0	676.843	1696.32
-31612.0	7828.0	675.628	1609.54
-31612.0	7828.0	674.413	1629.79
-31612.0	7828.0	673.198	1639.76
-31612.0	7828.0	671.983	1682.63
-31612.0	7828.0	670.767	1711.09
-31612.0	7828.0	669.551	1649.06
-31612.0	7828.0	668.335	1661.07
-31612.0	7828.0	667.119	1646.35
-31612.0	7828.0	665.902	1650.14
-31612.0	7828.0	664.686	1643.64
-31612.0	7828.0	663.469	1692.62
-31612.0	7828.0	662.251	1616.29
-31612.0	7828.0	661.034	1700.16
-31612.0	7828.0	659.816	1658.76
-31612.0	7828.0	658.598	1693.32
-31612.0	7828.0	657.38	1619.11
-31612.0	7828.0	656.161	1635.2
-31612.0	7828.0	654.942	1682.05
-31612.0	7828.0	653.723	1702.23
-31612.0	7828.0	652.504	1679.33
-31612.0	7828.0	651.285	1668.75
-31612.0	7828.0	650.065	1625.37
-31612.0	7828.0	648.845	1661.93
-31612.0	7828.0	647.625	1651.36
-31612.0	7828.0	646.404	1741.16
-31612.0	7828.0	645.184	1710.09
-31612.0	7828.0	643.963	1717.94
-31612.0	7828.0	642.742	1676.65
-31612.0	7828.0	641.52	1590.35
-31612.0	7828.0	640.298	1657.56
-31612.0	7828.0	639.076	1655.19
-31612.0	7828.0	637.854	1677.36
-31612.0	7828.0	636.632	1656.57
-31612.0	7828.0	635.409	1639.88
-31612.0	7828.0	634.186	1637.51
-31612.0	7828.0	632.963	1641.27
-31612.0	7828.0	631.74	1630.72
-31612.0	7828.0	630.516	1658.99
-31612.0	7828.0	629.292	1744.45
-31612.0	7828.0	628.068	1648.12
-31612.0	7828.0	626.844	1621.24
-31612.0	7828.0	625.619	1639.29
-31612.0	7828.0	624.394	1673.66
-31612.0	7828.0	623.169	1661.08
-31612.0	7828.0	621.944	1711.75
-31612.0	7828.0	620.718	1656.33
-31612.0	7828.0	619.492	1702.9
-31612.0	7828.0	618.266	1684.21
-31612.0	7828.0	617.04	1722.61
-31612.0	7828.0	615.813	1701.88
-31612.0	7828.0	614.587	1705.61
-31612.0	7828.0	613.36	1707.3
-31612.0	7828.0	612.132	1713.07
-31612.0	7828.0	610.905	1704.58
-31612.0	7828.0	609.677	1687.95
-31612.0	7828.0	608.449	1683.53
-31612.0	7828.0	607.22	1685.23
-31612.0	7828.0	605.992	1680.82
-31612.0	7828.0	604.763	1678.45
-31612.0	7828.0	603.534	1627.26
-31612.0	7828.0	602.305	1669.63
-31612.0	7828.0	601.075	1632.7
-31612.0	7828.0	599.845	1668.96
-31612.0	7828.0	598.615	1670.65
-31612.0	7828.0	597.385	1613.42
-31612.0	7828.0	596.154	1637.47
-31612.0	7828.0	594.924	1724.48
-31612.0	7828.0	593.693	1697.73
-31612.0	7828.0	592.461	1640.54
-31612.0	7828.0	591.23	1666.6
-31612.0	7828.0	589.998	1664.23
-31612.0	7828.0	588.766	1657.81
-31612.0	7828.0	587.534	1633.13
-31612.0	7828.0	586.301	1653.08
-31612.0	7828.0	585.068	1660.85
-31612.0	7828.0	583.835	1642.27
-31612.0	7828.0	582.602	1654.1
-31612.0	7828.0	581.368	1619.31
-31612.0	7828.0	580.134	1661.53
-31612.0	7828.0	578.9	1663.22
-31612.0	7828.0	577.666	1715.54
-31612.0	7828.0	576.432	1670.64
-31612.0	7828.0	575.197	1672.33
-31612.0	7828.0	573.962	1649.72
-31612.0	7828.0	572.726	1683.79
-31612.0	7828.0	571.491	1634.89
-31612.0	7828.0	570.255	1634.56
-31612.0	7828.0	569.019	1654.45
-31612.0	7828.0	567.783	1680.4
-31612.0	7828.0	566.546	1690.17
-31612.0	7828.0	565.309	1681.74
-31612.0	7828.0	564.072	1762.23
-31612.0	7828.0	562.835	1743.69
-31612.0	7828.0	561.597	1721.11
-31612.0	7828.0	560.359	1710.66
-31612.0	7828.0	559.121	1758.77
-31612.0	7828.0	557.883	1707.94
-31612.0	7828.0	556.644	1723.74
-31612.0	7828.0	555.406	1769.81
-31612.0	7828.0	554.167	1733.13
-31612.0	7828.0	552.927	1833.63
-31612.0	7828.0	551.688	1780.82
-31612.0	7828.0	550.448	1796.59
-31612.0	7828.0	549.208	1854.68
-31612.0	7828.0	547.967	1834.15
-31612.0	7828.0	546.727	1872.06
-31612.0	7828.0	545.486	1843.47
-31612.0	7828.0	544.245	1889.42
-31612.0	7828.0	543.003	1947.44
-31612.0	7828.0	541.762	1973.22
-31612.0	7828.0	540.52	1990.93
-31612.0	7828.0	539.278	1974.42
-31612.0	7828.0	538.035	2026.34
-31612.0	7828.0	536.793	2122.49
-31612.0	7828.0	535.55	2242.74
-31612.0	7828.0	534.307	2316.69
-31612.0	7828.0	533.063	2521.29
-31612.0	7828.0	531.82	2625.3
-31612.0	7828.0	530.576	2910.15
-31612.0	7828.0	529.331	3263.2
-31612.0	7828.0	528.087	3895.35
-31612.0	7828.0	526.842	4734.12
-31612.0	7828.0	525.597	6146.87
-31612.0	7828.0	524.352	7972.62
-31612.0	7828.0	523.107	10532.3
-31612.0	7828.0	521.861	13807.4
-31612.0	7828.0	520.615	15281.3
-31612.0	7828.0	519.369	13835.8
-31612.0	7828.0	518.122	11897.5
-31612.0	7828.0	516.876	9827.65
-31612.0	7828.0	515.629	8422.25
-31612.0	7828.0	514.381	7271.99
-31612.0	7828.0	513.134	6156.27
-31612.0	7828.0	511.886	5511.85
-31612.0	7828.0	510.638	4917.78
-31612.0	7828.0	509.39	4524.23
-31612.0	7828.0	508.141	4178.89
-31612.0	7828.0	506.892	3919.78
-31612.0	7828.0	505.643	3700.8
-31612.0	7828.0	504.394	3644.01
-31612.0	7828.0	503.145	3567.23
-31612.0	7828.0	501.895	3444.48
-31612.0	7828.0	500.645	3399.77
-31612.0	7828.0	499.394	3283.1
-31612.0	7828.0	498.144	3286.42
-31612.0	7828.0	496.893	3247.76
-31612.0	7828.0	495.642	3119.21
-31612.0	7828.0	494.39	3116.56
-31612.0	7828.0	493.139	2922.17
-31612.0	7828.0	491.887	2785.77
-31612.0	7828.0	490.635	2691.36
-31612.0	7828.0	489.382	2716.75
-31612.0	7828.0	488.13	2580.48
-31612.0	7828.0	486.877	2516.1
-31612.0	7828.0	485.623	2569.44
-31612.0	7828.0	484.37	2477.16
-31612.0	7828.0	483.116	2410.84
-31612.0	7828.0	481.862	2466.16
-31612.0	7828.0	480.608	2399.87
-31612.0	7828.0	479.354	2347.56
-31612.0	7828.0	478.099	2301.25
-31612.0	7828.0	476.844	2350.57
-31612.0	7828.0	475.588	2342.12
-31612.0	7828.0	474.333	2355.57
-31612.0	7828.0	473.077	2341.15
-31612.0	7828.0	471.821	2267.02
-31612.0	7828.0	470.565	2330.22
-31612.0	7828.0	469.308	2192.46
-31612.0	7828.0	468.051	2265.6
-31612.0	7828.0	466.794	2289.0
-31612.0	7828.0	465.537	2254.72
-31612.0	7828.0	464.279	2115.1
-31612.0	7828.0	463.021	2138.51
-31612.0	7828.0	461.763	2221.52
-31612.0	7828.0	460.505	2171.39
-31612.0	7828.0	459.246	2091.49
-31612.0	7828.0	457.987	2055.31
-31612.0	7828.0	456.728	2116.43
-31612.0	7828.0	455.469	2090.18
-31612.0	7828.0	454.209	2050.06
-31612.0	7828.0	452.949	2049.63
-31612.0	7828.0	451.689	2090.86
-31612.0	7828.0	450.428	2094.39
-31612.0	7828.0	449.167	2016.62
-31612.0	7828.0	447.906	2016.2
-31612.0	7828.0	446.645	2075.24
-31612.0	7828.0	445.383	2035.17
-31612.0	7828.0	444.122	2102.11
-31612.0	7828.0	442.86	2044.23
-31612.0	7828.0	441.597	2053.7
-31612.0	7828.0	440.335	2019.62
-31612.0	7828.0	439.072	2001.38
-31612.0	7828.0	437.809	2052.42
-31612.0	7828.0	436.545	2038.14
-31612.0	7828.0	435.281	2083.21
-31612.0	7828.0	434.018	1985.86
-31612.0	7828.0	432.753	2086.3
-31612.0	7828.0	431.489	1963.28
-31612.0	7828.0	430.224	2115.07
-31612.0	7828.0	428.959	2158.11
-31612.0	7828.0	427.694	2064.79
-31612.0	7828.0	426.428	2032.75
-31612.0	7828.0	425.163	2038.25
-31612.0	7828.0	423.896	2104.96
-31612.0	7828.0	422.63	2078.86
-31612.0	7828.0	421.364	2102.11
-31612.0	7828.0	420.097	2040.49
-31612.0	7828.0	418.83	2067.68
-31612.0	7828.0	417.562	1992.29
-31612.0	7828.0	416.295	2009.62
-31612.0	7828.0	415.027	1995.4
-31612.0	7828.0	413.758	2008.78
-31612.0	7828.0	412.49	1961.06
-31612.0	7828.0	411.221	1976.41
-31612.0	7828.0	409.952	1989.78
-31612.0	7828.0	408.683	2013.0
-31612.0	7828.0	407.414	1945.63
-31612.0	7828.0	406.144	2065.32
-31612.0	7828.0	404.874	1984.18
-31612.0	7828.0	403.603	1979.82
-31612.0	7828.0	402.333	1969.57
-31612.0	7828.0	401.062	2032.1
-31612.0	7828.0	399.791	2021.84
-31612.0	7828.0	398.519	1942.76
-31612.0	7828.0	397.248	2005.26
-31612.0	7828.0	395.976	1938.01
-31612.0	7828.0	394.704	1971.01
-31612.0	7828.0	393.431	1970.6
-31612.0	7828.0	392.159	1999.65
-31612.0	7828.0	390.886	2020.83
-31612.0	7828.0	389.612	1977.21
-31612.0	7828.0	388.339	1992.5
-31612.0	7828.0	387.065	1976.37
-31612.0	7828.0	385.791	2052.48
-31612.0	7828.0	384.517	2067.75
-31612.0	7828.0	383.242	2006.51
-31612.0	7828.0	381.967	2025.69
-31612.0	7828.0	380.692	2062.52
-31612.0	7828.0	379.417	1969.95
-31612.0	7828.0	378.141	2028.33
-31612.0	7828.0	376.865	1990.68
-31612.0	7828.0	375.589	1947.16
-31612.0	7828.0	374.312	1987.88
-31612.0	7828.0	373.035	2077.53
-31612.0	7828.0	371.758	1961.59
-31612.0	7828.0	370.481	1990.53
-31612.0	7828.0	369.204	2068.38
-31612.0	7828.0	367.926	2042.51
-31612.0	7828.0	366.648	2024.48
-31612.0	7828.0	365.369	1982.98
-31612.0	7828.0	364.091	2027.53
-31612.0	7828.0	362.812	2103.34
-31612.0	7828.0	361.532	2073.58
-31612.0	7828.0	360.253	2051.65
-31612.0	7828.0	358.973	2076.61
-31612.0	7828.0	357.693	2037.11
-31612.0	7828.0	356.413	1999.57
-31612.0	7828.0	355.132	2063.58
-31612.0	7828.0	353.852	2129.5
-31612.0	7828.0	352.571	2015.87
-31612.0	7828.0	351.289	2064.22
-31612.0	7828.0	350.008	2015.01
-31612.0	7828.0	348.726	2002.88
-31612.0	7828.0	347.444	2088.25
-31612.0	7828.0	346.161	2039.07
-31612.0	7828.0	344.878	2048.39
-31612.0	7828.0	343.595	2047.95
-31612.0	7828.0	342.312	2156.62
-31612.0	7828.0	341.029	2021.76
-31612.0	7828.0	339.745	2130.38
-31612.0	7828.0	338.461	2178.61
-31612.0	7828.0	337.176	2133.37
-31612.0	7828.0	335.892	2185.47
-31612.0	7828.0	334.607	2142.2
-31612.0	7828.0	333.322	2141.74
-31612.0	7828.0	332.036	2248.25
-31612.0	7828.0	330.75	2144.72
-31612.0	7828.0	329.464	2066.5
-31612.0	7828.0	328.178	2171.02
-31612.0	7828.0	326.892	2197.76
-31612.0	7828.0	325.605	2201.18
-31612.0	7828.0	324.318	2097.77
-31612.0	7828.0	323.03	2175.0
-31612.0	7828.0	321.743	2217.25
-31612.0	7828.0	320.455	2261.43
-31612.0	7828.0	319.167	2274.53
-31612.0	7828.0	317.878	2165.39
-31612.0	7828.0	316.59	2182.39
-31612.0	7828.0	315.301	2162.53
-31612.0	7828.0	314.011	2216.36
-31612.0	7828.0	312.722	2190.69
-31612.0	7828.0	311.432	2250.31
-31612.0	7828.0	310.142	2282.77
-31612.0	7828.0	308.851	2290.03
-31612.0	7828.0	307.561	2330.22
-31612.0	7828.0	306.27	2323.92
-31612.0	7828.0	304.979	2367.95
-31612.0	7828.0	303.687	2431.33
-31612.0	7828.0	302.395	2401.78
-31612.0	7828.0	301.103	2389.66
-31612.0	7828.0	299.811	2336.92
-31612.0	7828.0	298.519	2419.59
-31612.0	7828.0	297.226	2388.13
-31612.0	7828.0	295.933	2325.76
-31612.0	7828.0	294.639	2363.92
-31612.0	7828.0	293.345	2346.02
-31612.0	7828.0	292.052	2281.76
-31612.0	7828.0	290.757	2242.64
-31612.0	7828.0	289.463	2331.0
-31612.0	7828.0	288.168	2330.5
-31612.0	7828.0	286.873	2337.73
-31612.0	7828.0	285.578	2321.79
-31612.0	7828.0	284.282	2329.01
-31612.0	7828.0	282.986	2369.03
-31612.0	7828.0	281.69	2331.87
-31612.0	7828.0	280.393	2310.16
-31612.0	7828.0	279.097	2217.13
-31612.0	7828.0	277.8	2226.29
-31612.0	7828.0	276.502	2235.45
-31612.0	7828.0	275.205	2248.46
-31612.0	7828.0	273.907	2278.8
-31612.0	7828.0	272.609	2253.28
-31612.0	7828.0	271.311	2237.39
-31612.0	7828.0	270.012	2209.96
-31612.0	7828.0	268.713	2188.32
-31612.0	7828.0	267.414	2214.79
-31612.0	7828.0	266.114	2123.9
-31612.0	7828.0	264.814	2190.76
-31612.0	7828.0	263.514	2063.37
-31612.0	7828.0	262.214	2116.76
-31612.0	7828.0	260.913	2122.08
-31612.0	7828.0	259.613	2156.21
-31612.0	7828.0	258.311	2134.62
-31612.0	7828.0	257.01	2080.37
-31612.0	7828.0	255.708	2070.33
-31612.0	7828.0	254.406	2117.89
-31612.0	7828.0	253.104	2113.59
-31612.0	7828.0	251.801	2032.53
-31612.0	7828.0	250.499	2045.53
-31612.0	7828.0	249.195	2142.93
-31612.0	7828.0	247.892	2107.95
-31612.0	7828.0	246.588	2153.52
-31612.0	7828.0	245.284	2055.28
-31612.0	7828.0	243.98	2064.42
-31612.0	7828.0	242.676	2021.82
-31612.0	7828.0	241.371	2055.87
-31612.0	7828.0	240.066	2032.44
-31612.0	7828.0	238.76	2007.11
-31612.0	7828.0	237.455	2054.55
-31612.0	7828.0	236.149	2107.71
-31612.0	7828.0	234.843	2040.27
-31612.0	7828.0	233.536	2043.66
-31612.0	7828.0	232.229	2142.7
-31612.0	7828.0	230.922	2079.12
-31612.0	7828.0	229.615	2013.66
-31612.0	7828.0	228.307	2055.29
-31612.0	7828.0	227.0	2018.53
-31612.0	7828.0	225.691	2042.94
-31612.0	7828.0	224.383	1971.8
-31612.0	7828.0	223.074	1986.66
-31612.0	7828.0	221.765	1951.86
-31612.0	7828.0	220.456	1945.71
-31612.0	7828.0	219.146	1962.47
-31612.0	7828.0	217.836	2021.22
-31612.0	7828.0	216.526	1969.26
-31612.0	7828.0	215.216	2031.8
-31612.0	7828.0	213.905	1947.44
-31612.0	7828.0	212.594	1981.34
-31612.0	7828.0	211.283	1994.26
-31612.0	7828.0	209.971	2020.52
-31612.0	7828.0	208.66	1919.08
-31612.0	7828.0	207.348	1996.79
-31612.0	7828.0	206.035	1986.83
-31612.0	7828.0	204.722	1946.41
-31612.0	7828.0	203.409	2052.62
-31612.0	7828.0	202.096	1913.21
-31612.0	7828.0	200.783	2015.58
-31612.0	7828.0	199.469	1990.41
-31612.0	7828.0	198.155	2001.39
-31612.0	7828.0	196.84	1942.0
-31612.0	7828.0	195.526	1987.22
-31612.0	7828.0	194.211	2040.03
-31612.0	7828.0	192.896	2005.37
-31612.0	7828.0	191.58	2231.09
-31612.0	7828.0	190.264	2221.11
-31612.0	7828.0	188.948	2072.46
-31612.0	7828.0	187.632	2075.82
-31612.0	7828.0	186.315	1997.52
-31612.0	7828.0	184.998	2090.11
-31612.0	7828.0	183.681	2051.7
-31612.0	7828.0	182.364	2075.93
-31612.0	7828.0	181.046	2096.35
-31612.0	7828.0	179.728	2061.75
-31612.0	7828.0	178.41	2019.59
-31612.0	7828.0	177.091	2098.79
-31612.0	7828.0	175.772	2105.91
-31612.0	7828.0	174.453	2058.08
-31612.0	7828.0	173.133	2105.01
-31612.0	7828.0	171.814	2076.14
-31612.0	7828.0	170.494	2066.22
-31612.0	7828.0	169.173	2075.24
-31612.0	7828.0	167.853	2118.34
-31612.0	7828.0	166.532	2081.92
-31612.0	7828.0	165.211	2083.36
-31612.0	7828.0	163.889	2122.64
-31612.0	7828.0	162.567	2129.75
-31612.0	7828.0	161.245	2074.45
-31612.0	7828.0	159.923	2126.94
-31612.0	7828.0	158.6	2211.54
-31612.0	7828.0	157.278	2182.72
-31612.0	7828.0	155.954	2148.24
-31612.0	7828.0	154.631	2246.0
-31612.0	7828.0	153.307	2198.3
-31612.0	7828.0	151.983	2212.94
-31612.0	7828.0	150.659	2172.82
-31612.0	7828.0	149.334	2181.78
-31612.0	7828.0	148.009	2143.57
-31612.0	7828.0	146.684	2212.91
-31612.0	7828.0	145.359	2201.12
-31612.0	7828.0	144.033	2200.64
-31612.0	7828.0	142.707	2205.83
-31612.0	7828.0	141.381	2243.05
-31612.0	7828.0	140.054	2231.26
-31612.0	7828.0	138.727	2219.47
-31612.0	7828.0	137.4	2141.76
-31612.0	7828.0	136.072	2201.56
-31612.0	7828.0	134.745	2231.21
-31612.0	7828.0	133.417	2198.73
-31612.0	7828.0	132.088	2211.43
-31612.0	7828.0	130.76	2156.38
-31612.0	7828.0	129.431	2212.36
-31612.0	7828.0	128.102	2228.81
-31612.0	7828.0	126.772	2220.8
-31612.0	7828.0	125.442	2265.44
-31612.0	7828.0	124.112	2131.5
-31612.0	7828.0	122.782	2181.78
-31612.0	7828.0	121.451	2158.76
-31612.0	7828.0	120.12	2126.36
-31612.0	7828.0	118.789	2148.44
-31612.0	7828.0	117.458	2185.53
-31612.0	7828.0	116.126	2149.39
-31612.0	7828.0	114.794	2105.76
-31612.0	7828.0	113.462	2187.87
-31612.0	7828.0	112.129	2159.25
-31612.0	7828.0	110.796	2177.54
-31612.0	7828.0	109.463	2139.57
-31612.0	7828.0	108.129	2127.86
-31612.0	7828.0	106.796	2097.41
-31612.0	7828.0	105.461	2119.44
-31612.0	7828.0	104.127	2083.39
-31612.0	7828.0	102.792	2028.62
-31612.0	7828.0	101.457	1985.11
-31612.0	7828.0	100.122	1834.89
-31612.0	7828.0	98.7867	1877.55
-31612.0	7828.0	97.4509	1916.44
-31612.0	7828.0	96.1148	1940.36
-31612.0	7828.0	94.7784	1891.3
-31612.0	7828.0	93.4418	1857.22
-31612.0	7828.0	92.1048	1856.82
-31612.0	7828.0	90.7676	1826.51
-31612.0	7828.0	89.43	1885.93
-31612.0	7828.0	88.0922	1754.71
-31612.0	7828.0	86.7541	1746.86
-31612.0	7828.0	85.4157	1787.57
