-31612.0	7840.0	1311.89	1878.42
-31612.0	7840.0	1310.78	2032.54
-31612.0	7840.0	1309.68	1907.33
-31612.0	7840.0	1308.58	1877.52
-31612.0	7840.0	1307.48	1931.69
-31612.0	7840.0	1306.38	1963.16
-31612.0	7840.0	1305.28	1976.46
-31612.0	7840.0	1304.18	1953.45
-31612.0	7840.0	1303.07	1987.17
-31612.0	7840.0	1301.97	1930.15
-31612.0	7840.0	1300.87	1963.85
-31612.0	7840.0	1299.77	1918.19
-31612.0	7840.0	1298.66	1926.95
-31612.0	7840.0	1297.56	1994.64
-31612.0	7840.0	1296.46	1960.33
-31612.0	7840.0	1295.35	1894.3
-31612.0	7840.0	1294.25	1907.59
-31612.0	7840.0	1293.15	1939.0
-31612.0	7840.0	1292.04	1938.68
-31612.0	7840.0	1290.94	1961.02
-31612.0	7840.0	1289.83	1926.74
-31612.0	7840.0	1288.73	2064.52
-31612.0	7840.0	1287.63	1937.44
-31612.0	7840.0	1286.52	1928.07
-31612.0	7840.0	1285.42	2000.17
-31612.0	7840.0	1284.31	1941.02
-31612.0	7840.0	1283.21	1929.4
-31612.0	7840.0	1282.1	1960.75
-31612.0	7840.0	1280.99	1901.65
-31612.0	7840.0	1279.89	1957.86
-31612.0	7840.0	1278.78	1869.39
-31612.0	7840.0	1277.68	1993.39
-31612.0	7840.0	1276.57	1825.85
-31612.0	7840.0	1275.46	1852.66
-31612.0	7840.0	1274.36	1911.1
-31612.0	7840.0	1273.25	1942.41
-31612.0	7840.0	1272.14	2003.07
-31612.0	7840.0	1271.04	1932.75
-31612.0	7840.0	1269.93	1995.64
-31612.0	7840.0	1268.82	1927.61
-31612.0	7840.0	1267.71	1940.83
-31612.0	7840.0	1266.61	1922.47
-31612.0	7840.0	1265.5	1868.01
-31612.0	7840.0	1264.39	1926.36
-31612.0	7840.0	1263.28	1937.32
-31612.0	7840.0	1262.17	1885.14
-31612.0	7840.0	1261.06	1898.36
-31612.0	7840.0	1259.95	1843.95
-31612.0	7840.0	1258.84	1845.91
-31612.0	7840.0	1257.74	1868.14
-31612.0	7840.0	1256.63	1890.37
-31612.0	7840.0	1255.52	1863.03
-31612.0	7840.0	1254.41	1889.75
-31612.0	7840.0	1253.3	1945.74
-31612.0	7840.0	1252.19	1934.17
-31612.0	7840.0	1251.08	1920.34
-31612.0	7840.0	1249.96	1933.54
-31612.0	7840.0	1248.85	1897.21
-31612.0	7840.0	1247.74	1806.89
-31612.0	7840.0	1246.63	1865.09
-31612.0	7840.0	1245.52	1855.79
-31612.0	7840.0	1244.41	1902.72
-31612.0	7840.0	1243.3	1832.7
-31612.0	7840.0	1242.18	1890.85
-31612.0	7840.0	1241.07	1841.09
-31612.0	7840.0	1239.96	1863.26
-31612.0	7840.0	1238.85	1925.88
-31612.0	7840.0	1237.74	1941.29
-31612.0	7840.0	1236.62	1869.09
-31612.0	7840.0	1235.51	1810.38
-31612.0	7840.0	1234.4	1810.08
-31612.0	7840.0	1233.28	1960.23
-31612.0	7840.0	1232.17	1854.39
-31612.0	7840.0	1231.06	1849.6
-31612.0	7840.0	1229.94	1831.34
-31612.0	7840.0	1228.83	1831.04
-31612.0	7840.0	1227.71	1900.28
-31612.0	7840.0	1226.6	1884.27
-31612.0	7840.0	1225.48	1866.02
-31612.0	7840.0	1224.37	1917.29
-31612.0	7840.0	1223.25	1872.13
-31612.0	7840.0	1222.14	1894.24
-31612.0	7840.0	1221.02	1873.75
-31612.0	7840.0	1219.91	1855.52
-31612.0	7840.0	1218.79	1857.45
-31612.0	7840.0	1217.68	1890.75
-31612.0	7840.0	1216.56	1816.52
-31612.0	7840.0	1215.44	1970.74
-31612.0	7840.0	1214.33	1874.13
-31612.0	7840.0	1213.21	1849.2
-31612.0	7840.0	1212.09	1824.27
-31612.0	7840.0	1210.98	1875.44
-31612.0	7840.0	1209.86	1893.03
-31612.0	7840.0	1208.74	1868.11
-31612.0	7840.0	1207.62	1870.04
-31612.0	7840.0	1206.51	1948.0
-31612.0	7840.0	1205.39	1878.36
-31612.0	7840.0	1204.27	1799.8
-31612.0	7840.0	1203.15	1841.97
-31612.0	7840.0	1202.03	1922.13
-31612.0	7840.0	1200.91	1870.41
-31612.0	7840.0	1199.8	1789.66
-31612.0	7840.0	1198.68	1767.03
-31612.0	7840.0	1197.56	1833.74
-31612.0	7840.0	1196.44	1802.17
-31612.0	7840.0	1195.32	1855.46
-31612.0	7840.0	1194.2	1814.96
-31612.0	7840.0	1193.08	1821.36
-31612.0	7840.0	1191.96	1803.2
-31612.0	7840.0	1190.84	1865.38
-31612.0	7840.0	1189.72	1838.29
-31612.0	7840.0	1188.6	1855.83
-31612.0	7840.0	1187.48	1853.29
-31612.0	7840.0	1186.35	1819.54
-31612.0	7840.0	1185.23	1848.21
-31612.0	7840.0	1184.11	1760.97
-31612.0	7840.0	1182.99	1829.77
-31612.0	7840.0	1181.87	1818.32
-31612.0	7840.0	1180.75	1826.93
-31612.0	7840.0	1179.62	1891.22
-31612.0	7840.0	1178.5	1770.63
-31612.0	7840.0	1177.38	1839.37
-31612.0	7840.0	1176.26	1876.91
-31612.0	7840.0	1175.13	1794.23
-31612.0	7840.0	1174.01	1740.51
-31612.0	7840.0	1172.89	1815.88
-31612.0	7840.0	1171.76	1851.18
-31612.0	7840.0	1170.64	1830.84
-31612.0	7840.0	1169.51	1734.89
-31612.0	7840.0	1168.39	1828.0
-31612.0	7840.0	1167.27	1845.48
-31612.0	7840.0	1166.14	1745.13
-31612.0	7840.0	1165.02	1767.07
-31612.0	7840.0	1163.89	1780.1
-31612.0	7840.0	1162.77	1793.14
-31612.0	7840.0	1161.64	1801.72
-31612.0	7840.0	1160.52	1876.94
-31612.0	7840.0	1159.39	1758.92
-31612.0	7840.0	1158.26	1794.15
-31612.0	7840.0	1157.14	1811.61
-31612.0	7840.0	1156.01	1853.47
-31612.0	7840.0	1154.88	1862.04
-31612.0	7840.0	1153.76	1872.82
-31612.0	7840.0	1152.63	1741.6
-31612.0	7840.0	1151.5	1774.58
-31612.0	7840.0	1150.38	1707.75
-31612.0	7840.0	1149.25	1765.11
-31612.0	7840.0	1148.12	1804.72
-31612.0	7840.0	1146.99	1824.37
-31612.0	7840.0	1145.87	1793.03
-31612.0	7840.0	1144.74	1779.43
-31612.0	7840.0	1143.61	1783.56
-31612.0	7840.0	1142.48	1745.59
-31612.0	7840.0	1141.35	1807.31
-31612.0	7840.0	1140.22	1822.51
-31612.0	7840.0	1139.09	1826.63
-31612.0	7840.0	1137.97	1813.03
-31612.0	7840.0	1136.84	1896.83
-31612.0	7840.0	1135.71	1779.22
-31612.0	7840.0	1134.58	1851.93
-31612.0	7840.0	1133.45	1816.22
-31612.0	7840.0	1132.32	1811.49
-31612.0	7840.0	1131.19	1826.66
-31612.0	7840.0	1130.05	1764.44
-31612.0	7840.0	1128.92	1834.88
-31612.0	7840.0	1127.79	1735.1
-31612.0	7840.0	1126.66	1805.53
-31612.0	7840.0	1125.53	1827.31
-31612.0	7840.0	1124.4	1802.7
-31612.0	7840.0	1123.27	1782.51
-31612.0	7840.0	1122.13	1780.0
-31612.0	7840.0	1121.0	1792.94
-31612.0	7840.0	1119.87	1794.84
-31612.0	7840.0	1118.74	1792.33
-31612.0	7840.0	1117.6	1809.68
-31612.0	7840.0	1116.47	1701.25
-31612.0	7840.0	1115.34	1780.38
-31612.0	7840.0	1114.2	1738.16
-31612.0	7840.0	1113.07	1744.48
-31612.0	7840.0	1111.94	1777.26
-31612.0	7840.0	1110.8	1810.02
-31612.0	7840.0	1109.67	1714.92
-31612.0	7840.0	1108.54	1714.63
-31612.0	7840.0	1107.4	1771.63
-31612.0	7840.0	1106.27	1692.01
-31612.0	7840.0	1105.13	1782.03
-31612.0	7840.0	1104.0	1792.74
-31612.0	7840.0	1102.86	1651.5
-31612.0	7840.0	1101.72	1712.86
-31612.0	7840.0	1100.59	1749.99
-31612.0	7840.0	1099.45	1831.12
-31612.0	7840.0	1098.32	1830.8
-31612.0	7840.0	1097.18	1731.48
-31612.0	7840.0	1096.04	1753.18
-31612.0	7840.0	1094.91	1812.26
-31612.0	7840.0	1093.77	1778.96
-31612.0	7840.0	1092.63	1879.79
-31612.0	7840.0	1091.5	1822.31
-31612.0	7840.0	1090.36	1824.19
-31612.0	7840.0	1089.22	1740.37
-31612.0	7840.0	1088.08	1753.25
-31612.0	7840.0	1086.95	1733.18
-31612.0	7840.0	1085.81	1660.4
-31612.0	7840.0	1084.67	1739.17
-31612.0	7840.0	1083.53	1659.82
-31612.0	7840.0	1082.39	1685.88
-31612.0	7840.0	1081.25	1727.29
-31612.0	7840.0	1080.11	1788.43
-31612.0	7840.0	1078.97	1731.07
-31612.0	7840.0	1077.83	1713.22
-31612.0	7840.0	1076.69	1780.92
-31612.0	7840.0	1075.55	1745.52
-31612.0	7840.0	1074.41	1734.26
-31612.0	7840.0	1073.27	1762.45
-31612.0	7840.0	1072.13	1770.91
-31612.0	7840.0	1070.99	1632.55
-31612.0	7840.0	1069.85	1765.91
-31612.0	7840.0	1068.71	1621.03
-31612.0	7840.0	1067.57	1708.35
-31612.0	7840.0	1066.43	1666.45
-31612.0	7840.0	1065.28	1766.87
-31612.0	7840.0	1064.14	1749.05
-31612.0	7840.0	1063.0	1753.12
-31612.0	7840.0	1061.86	1750.62
-31612.0	7840.0	1060.71	1763.45
-31612.0	7840.0	1059.57	1815.64
-31612.0	7840.0	1058.43	1745.33
-31612.0	7840.0	1057.29	1712.22
-31612.0	7840.0	1056.14	1738.16
-31612.0	7840.0	1055.0	1707.25
-31612.0	7840.0	1053.85	1761.59
-31612.0	7840.0	1052.71	1732.88
-31612.0	7840.0	1051.57	1758.79
-31612.0	7840.0	1050.42	1802.17
-31612.0	7840.0	1049.28	1766.91
-31612.0	7840.0	1048.13	1701.09
-31612.0	7840.0	1046.99	1674.59
-31612.0	7840.0	1045.84	1731.05
-31612.0	7840.0	1044.7	1676.18
-31612.0	7840.0	1043.55	1865.73
-31612.0	7840.0	1042.4	1804.32
-31612.0	7840.0	1041.26	1782.18
-31612.0	7840.0	1040.11	1738.25
-31612.0	7840.0	1038.97	1785.92
-31612.0	7840.0	1037.82	1829.21
-31612.0	7840.0	1036.67	1778.75
-31612.0	7840.0	1035.53	1806.77
-31612.0	7840.0	1034.38	1771.58
-31612.0	7840.0	1033.23	1880.2
-31612.0	7840.0	1032.08	1784.03
-31612.0	7840.0	1030.94	1731.44
-31612.0	7840.0	1029.79	1820.41
-31612.0	7840.0	1028.64	1844.04
-31612.0	7840.0	1027.49	1811.06
-31612.0	7840.0	1026.34	1867.33
-31612.0	7840.0	1025.19	1823.48
-31612.0	7840.0	1024.04	1775.29
-31612.0	7840.0	1022.89	1818.48
-31612.0	7840.0	1021.74	1842.08
-31612.0	7840.0	1020.59	1863.5
-31612.0	7840.0	1019.45	1754.46
-31612.0	7840.0	1018.29	1815.01
-31612.0	7840.0	1017.14	1779.92
-31612.0	7840.0	1015.99	1820.89
-31612.0	7840.0	1014.84	1900.95
-31612.0	7840.0	1013.69	1941.88
-31612.0	7840.0	1012.54	1924.16
-31612.0	7840.0	1011.39	1884.73
-31612.0	7840.0	1010.24	1945.18
-31612.0	7840.0	1009.09	1914.45
-31612.0	7840.0	1007.93	1944.49
-31612.0	7840.0	1006.78	1937.63
-31612.0	7840.0	1005.63	1972.0
-31612.0	7840.0	1004.48	2021.53
-31612.0	7840.0	1003.32	1999.49
-31612.0	7840.0	1002.17	1992.63
-31612.0	7840.0	1001.02	1992.27
-31612.0	7840.0	999.865	2074.28
-31612.0	7840.0	998.711	2080.41
-31612.0	7840.0	997.558	2080.04
-31612.0	7840.0	996.403	2064.5
-31612.0	7840.0	995.249	2098.78
-31612.0	7840.0	994.095	2130.89
-31612.0	7840.0	992.94	2210.62
-31612.0	7840.0	991.785	2160.43
-31612.0	7840.0	990.63	2101.61
-31612.0	7840.0	989.475	2257.04
-31612.0	7840.0	988.319	2265.29
-31612.0	7840.0	987.164	2238.92
-31612.0	7840.0	986.008	2283.94
-31612.0	7840.0	984.852	2318.13
-31612.0	7840.0	983.695	2339.33
-31612.0	7840.0	982.539	2416.73
-31612.0	7840.0	981.382	2368.75
-31612.0	7840.0	980.225	2381.28
-31612.0	7840.0	979.068	2344.13
-31612.0	7840.0	977.911	2322.1
-31612.0	7840.0	976.753	2321.69
-31612.0	7840.0	975.595	2258.65
-31612.0	7840.0	974.437	2389.93
-31612.0	7840.0	973.279	2398.14
-31612.0	7840.0	972.121	2358.86
-31612.0	7840.0	970.962	2468.48
-31612.0	7840.0	969.803	2327.8
-31612.0	7840.0	968.644	2448.17
-31612.0	7840.0	967.485	2316.18
-31612.0	7840.0	966.326	2358.88
-31612.0	7840.0	965.166	2390.79
-31612.0	7840.0	964.006	2388.2
-31612.0	7840.0	962.846	2402.86
-31612.0	7840.0	961.686	2355.02
-31612.0	7840.0	960.525	2410.6
-31612.0	7840.0	959.365	2442.47
-31612.0	7840.0	958.204	2435.57
-31612.0	7840.0	957.043	2426.51
-31612.0	7840.0	955.881	2436.84
-31612.0	7840.0	954.72	2384.74
-31612.0	7840.0	953.558	2435.95
-31612.0	7840.0	952.396	2360.21
-31612.0	7840.0	951.234	2407.1
-31612.0	7840.0	950.071	2430.32
-31612.0	7840.0	948.909	2384.72
-31612.0	7840.0	947.746	2444.49
-31612.0	7840.0	946.583	2401.05
-31612.0	7840.0	945.42	2422.1
-31612.0	7840.0	944.256	2378.69
-31612.0	7840.0	943.092	2414.78
-31612.0	7840.0	941.929	2373.52
-31612.0	7840.0	940.765	2381.68
-31612.0	7840.0	939.6	2334.01
-31612.0	7840.0	938.436	2376.52
-31612.0	7840.0	937.271	2285.93
-31612.0	7840.0	936.106	2347.75
-31612.0	7840.0	934.941	2231.46
-31612.0	7840.0	933.775	2222.47
-31612.0	7840.0	932.61	2211.34
-31612.0	7840.0	931.444	2103.71
-31612.0	7840.0	930.278	2096.89
-31612.0	7840.0	929.112	2027.91
-31612.0	7840.0	927.945	2057.54
-31612.0	7840.0	926.779	1943.59
-31612.0	7840.0	925.612	2005.37
-31612.0	7840.0	924.445	1957.87
-31612.0	7840.0	923.278	1953.23
-31612.0	7840.0	922.11	1918.61
-31612.0	7840.0	920.942	1881.86
-31612.0	7840.0	919.774	1958.58
-31612.0	7840.0	918.606	1943.23
-31612.0	7840.0	917.438	1820.91
-31612.0	7840.0	916.269	1786.35
-31612.0	7840.0	915.1	1856.6
-31612.0	7840.0	913.931	1815.63
-31612.0	7840.0	912.762	1738.32
-31612.0	7840.0	911.593	1806.41
-31612.0	7840.0	910.423	1741.96
-31612.0	7840.0	909.253	1795.06
-31612.0	7840.0	908.083	1816.09
-31612.0	7840.0	906.913	1749.54
-31612.0	7840.0	905.742	1727.85
-31612.0	7840.0	904.572	1746.75
-31612.0	7840.0	903.401	1673.84
-31612.0	7840.0	902.229	1722.63
-31612.0	7840.0	901.058	1803.41
-31612.0	7840.0	899.886	1739.06
-31612.0	7840.0	898.715	1728.07
-31612.0	7840.0	897.543	1689.36
-31612.0	7840.0	896.37	1716.77
-31612.0	7840.0	895.198	1637.56
-31612.0	7840.0	894.025	1724.66
-31612.0	7840.0	892.852	1735.0
-31612.0	7840.0	891.679	1681.4
-31612.0	7840.0	890.506	1693.87
-31612.0	7840.0	889.332	1727.64
-31612.0	7840.0	888.158	1725.19
-31612.0	7840.0	886.984	1692.92
-31612.0	7840.0	885.81	1635.12
-31612.0	7840.0	884.636	1656.11
-31612.0	7840.0	883.461	1770.73
-31612.0	7840.0	882.286	1651.23
-31612.0	7840.0	881.111	1761.56
-31612.0	7840.0	879.936	1733.58
-31612.0	7840.0	878.76	1729.0
-31612.0	7840.0	877.584	1724.42
-31612.0	7840.0	876.408	1664.58
-31612.0	7840.0	875.232	1640.89
-31612.0	7840.0	874.056	1668.21
-31612.0	7840.0	872.879	1661.52
-31612.0	7840.0	871.702	1680.33
-31612.0	7840.0	870.525	1726.74
-31612.0	7840.0	869.348	1715.8
-31612.0	7840.0	868.17	1728.22
-31612.0	7840.0	866.993	1683.32
-31612.0	7840.0	865.815	1666.02
-31612.0	7840.0	864.637	1638.13
-31612.0	7840.0	863.458	1667.52
-31612.0	7840.0	862.28	1626.91
-31612.0	7840.0	861.101	1662.65
-31612.0	7840.0	859.922	1639.02
-31612.0	7840.0	858.742	1638.71
-31612.0	7840.0	857.563	1608.73
-31612.0	7840.0	856.383	1623.26
-31612.0	7840.0	855.203	1684.4
-31612.0	7840.0	854.023	1614.18
-31612.0	7840.0	852.843	1658.35
-31612.0	7840.0	851.662	1615.69
-31612.0	7840.0	850.481	1570.93
-31612.0	7840.0	849.3	1600.26
-31612.0	7840.0	848.119	1625.36
-31612.0	7840.0	846.937	1705.46
-31612.0	7840.0	845.756	1675.52
-31612.0	7840.0	844.574	1654.05
-31612.0	7840.0	843.392	1693.92
-31612.0	7840.0	842.209	1634.4
-31612.0	7840.0	841.027	1623.52
-31612.0	7840.0	839.844	1616.87
-31612.0	7840.0	838.661	1635.59
-31612.0	7840.0	837.477	1565.56
-31612.0	7840.0	836.294	1721.58
-31612.0	7840.0	835.11	1649.44
-31612.0	7840.0	833.926	1689.25
-31612.0	7840.0	832.742	1697.38
-31612.0	7840.0	831.558	1669.62
-31612.0	7840.0	830.373	1713.62
-31612.0	7840.0	829.188	1645.77
-31612.0	7840.0	828.003	1575.85
-31612.0	7840.0	826.818	1678.9
-31612.0	7840.0	825.632	1676.47
-31612.0	7840.0	824.446	1570.73
-31612.0	7840.0	823.26	1654.75
-31612.0	7840.0	822.074	1587.0
-31612.0	7840.0	820.888	1633.05
-31612.0	7840.0	819.701	1660.13
-31612.0	7840.0	818.514	1655.6
-31612.0	7840.0	817.327	1606.85
-31612.0	7840.0	816.14	1665.5
-31612.0	7840.0	814.952	1597.82
-31612.0	7840.0	813.765	1654.34
-31612.0	7840.0	812.577	1578.27
-31612.0	7840.0	811.388	1611.63
-31612.0	7840.0	810.2	1600.81
-31612.0	7840.0	809.011	1703.56
-31612.0	7840.0	807.822	1659.07
-31612.0	7840.0	806.633	1541.03
-31612.0	7840.0	805.444	1574.36
-31612.0	7840.0	804.254	1626.6
-31612.0	7840.0	803.064	1525.44
-31612.0	7840.0	801.874	1632.28
-31612.0	7840.0	800.684	1592.06
-31612.0	7840.0	799.493	1633.76
-31612.0	7840.0	798.303	1625.05
-31612.0	7840.0	797.112	1660.42
-31612.0	7840.0	795.921	1674.8
-31612.0	7840.0	794.729	1684.97
-31612.0	7840.0	793.538	1634.29
-31612.0	7840.0	792.346	1633.98
-31612.0	7840.0	791.154	1606.4
-31612.0	7840.0	789.961	1654.32
-31612.0	7840.0	788.769	1609.98
-31612.0	7840.0	787.576	1645.3
-31612.0	7840.0	786.383	1609.36
-31612.0	7840.0	785.19	1623.72
-31612.0	7840.0	783.996	1566.85
-31612.0	7840.0	782.802	1543.51
-31612.0	7840.0	781.608	1499.24
-31612.0	7840.0	780.414	1532.45
-31612.0	7840.0	779.22	1559.37
-31612.0	7840.0	778.025	1584.18
-31612.0	7840.0	776.83	1575.5
-31612.0	7840.0	775.635	1596.12
-31612.0	7840.0	774.44	1593.72
-31612.0	7840.0	773.244	1490.95
-31612.0	7840.0	772.049	1570.11
-31612.0	7840.0	770.853	1634.6
-31612.0	7840.0	769.656	1636.38
-31612.0	7840.0	768.46	1621.44
-31612.0	7840.0	767.263	1619.03
-31612.0	7840.0	766.066	1633.34
-31612.0	7840.0	764.869	1536.97
-31612.0	7840.0	763.672	1599.31
-31612.0	7840.0	762.474	1621.96
-31612.0	7840.0	761.276	1561.12
-31612.0	7840.0	760.078	1602.55
-31612.0	7840.0	758.88	1641.88
-31612.0	7840.0	757.681	1622.79
-31612.0	7840.0	756.483	1599.53
-31612.0	7840.0	755.284	1630.5
-31612.0	7840.0	754.084	1640.61
-31612.0	7840.0	752.885	1569.42
-31612.0	7840.0	751.685	1642.05
-31612.0	7840.0	750.485	1581.32
-31612.0	7840.0	749.285	1591.42
-31612.0	7840.0	748.085	1620.27
-31612.0	7840.0	746.884	1628.29
-31612.0	7840.0	745.683	1573.84
-31612.0	7840.0	744.482	1594.35
-31612.0	7840.0	743.281	1571.15
-31612.0	7840.0	742.079	1566.68
-31612.0	7840.0	740.877	1603.82
-31612.0	7840.0	739.675	1541.12
-31612.0	7840.0	738.473	1549.13
-31612.0	7840.0	737.27	1496.86
-31612.0	7840.0	736.068	1523.59
-31612.0	7840.0	734.865	1589.79
-31612.0	7840.0	733.661	1587.4
-31612.0	7840.0	732.458	1585.02
-31612.0	7840.0	731.254	1576.4
-31612.0	7840.0	730.05	1582.32
-31612.0	7840.0	728.846	1569.55
-31612.0	7840.0	727.642	1583.78
-31612.0	7840.0	726.437	1624.98
-31612.0	7840.0	725.232	1587.31
-31612.0	7840.0	724.027	1564.18
-31612.0	7840.0	722.822	1588.76
-31612.0	7840.0	721.616	1600.89
-31612.0	7840.0	720.41	1583.99
-31612.0	7840.0	719.204	1556.74
-31612.0	7840.0	717.998	1612.39
-31612.0	7840.0	716.791	1574.77
-31612.0	7840.0	715.585	1564.11
-31612.0	7840.0	714.378	1779.21
-31612.0	7840.0	713.17	1658.75
-31612.0	7840.0	711.963	1625.3
-31612.0	7840.0	710.755	1554.6
-31612.0	7840.0	709.547	1628.8
-31612.0	7840.0	708.339	1589.17
-31612.0	7840.0	707.131	1599.2
-31612.0	7840.0	705.922	1569.93
-31612.0	7840.0	704.713	1577.89
-31612.0	7840.0	703.504	1616.86
-31612.0	7840.0	702.295	1537.99
-31612.0	7840.0	701.085	1579.03
-31612.0	7840.0	699.875	1586.98
-31612.0	7840.0	698.665	1615.59
-31612.0	7840.0	697.455	1629.73
-31612.0	7840.0	696.244	1662.45
-31612.0	7840.0	695.034	1606.38
-31612.0	7840.0	693.822	1624.64
-31612.0	7840.0	692.611	1659.41
-31612.0	7840.0	691.4	1636.38
-31612.0	7840.0	690.188	1671.13
-31612.0	7840.0	688.976	1629.54
-31612.0	7840.0	687.764	1604.48
-31612.0	7840.0	686.551	1589.72
-31612.0	7840.0	685.339	1593.53
-31612.0	7840.0	684.126	1679.78
-31612.0	7840.0	682.912	1625.87
-31612.0	7840.0	681.699	1621.43
-31612.0	7840.0	680.485	1645.83
-31612.0	7840.0	679.271	1645.5
-31612.0	7840.0	678.057	1721.36
-31612.0	7840.0	676.843	1667.5
-31612.0	7840.0	675.628	1700.1
-31612.0	7840.0	674.413	1736.8
-31612.0	7840.0	673.198	1701.48
-31612.0	7840.0	671.983	1670.29
-31612.0	7840.0	670.767	1690.52
-31612.0	7840.0	669.551	1634.67
-31612.0	7840.0	668.335	1661.07
-31612.0	7840.0	667.119	1656.63
-31612.0	7840.0	665.902	1680.96
-31612.0	7840.0	664.686	1768.97
-31612.0	7840.0	663.469	1715.21
-31612.0	7840.0	662.251	1634.78
-31612.0	7840.0	661.034	1675.52
-31612.0	7840.0	659.816	1699.82
-31612.0	7840.0	658.598	1662.53
-31612.0	7840.0	657.38	1647.84
-31612.0	7840.0	656.161	1581.86
-31612.0	7840.0	654.942	1655.39
-31612.0	7840.0	653.723	1724.79
-31612.0	7840.0	652.504	1632.17
-31612.0	7840.0	651.285	1687.2
-31612.0	7840.0	650.065	1699.16
-31612.0	7840.0	648.845	1625.05
-31612.0	7840.0	647.625	1538.67
-31612.0	7840.0	646.404	1694.04
-31612.0	7840.0	645.184	1734.67
-31612.0	7840.0	643.963	1650.37
-31612.0	7840.0	642.742	1637.75
-31612.0	7840.0	641.52	1676.32
-31612.0	7840.0	640.298	1694.4
-31612.0	7840.0	639.076	1692.01
-31612.0	7840.0	637.854	1714.18
-31612.0	7840.0	636.632	1785.41
-31612.0	7840.0	635.409	1641.92
-31612.0	7840.0	634.186	1690.66
-31612.0	7840.0	632.963	1761.86
-31612.0	7840.0	631.74	1724.72
-31612.0	7840.0	630.516	1695.77
-31612.0	7840.0	629.292	1634.15
-31612.0	7840.0	628.068	1674.67
-31612.0	7840.0	626.844	1668.21
-31612.0	7840.0	625.619	1639.29
-31612.0	7840.0	624.394	1647.13
-31612.0	7840.0	623.169	1720.26
-31612.0	7840.0	621.944	1754.6
-31612.0	7840.0	620.718	1693.05
-31612.0	7840.0	619.492	1668.23
-31612.0	7840.0	618.266	1676.06
-31612.0	7840.0	617.04	1706.3
-31612.0	7840.0	615.813	1673.34
-31612.0	7840.0	614.587	1693.38
-31612.0	7840.0	613.36	1640.07
-31612.0	7840.0	612.132	1692.7
-31612.0	7840.0	610.905	1645.52
-31612.0	7840.0	609.677	1681.84
-31612.0	7840.0	608.449	1736.46
-31612.0	7840.0	607.22	1681.16
-31612.0	7840.0	605.992	1693.03
-31612.0	7840.0	604.763	1649.96
-31612.0	7840.0	603.534	1700.48
-31612.0	7840.0	602.305	1675.74
-31612.0	7840.0	601.075	1716.06
-31612.0	7840.0	599.845	1664.89
-31612.0	7840.0	598.615	1690.98
-31612.0	7840.0	597.385	1708.93
-31612.0	7840.0	596.154	1700.45
-31612.0	7840.0	594.924	1675.73
-31612.0	7840.0	593.693	1689.61
-31612.0	7840.0	592.461	1646.63
-31612.0	7840.0	591.23	1727.5
-31612.0	7840.0	589.998	1633.79
-31612.0	7840.0	588.766	1732.88
-31612.0	7840.0	587.534	1665.58
-31612.0	7840.0	586.301	1646.99
-31612.0	7840.0	585.068	1681.13
-31612.0	7840.0	583.835	1672.68
-31612.0	7840.0	582.602	1708.83
-31612.0	7840.0	581.368	1625.39
-31612.0	7840.0	580.134	1677.74
-31612.0	7840.0	578.9	1632.83
-31612.0	7840.0	577.666	1683.14
-31612.0	7840.0	576.432	1711.15
-31612.0	7840.0	575.197	1692.58
-31612.0	7840.0	573.962	1639.6
-31612.0	7840.0	572.726	1649.39
-31612.0	7840.0	571.491	1705.71
-31612.0	7840.0	570.255	1709.41
-31612.0	7840.0	569.019	1713.1
-31612.0	7840.0	567.783	1712.75
-31612.0	7840.0	566.546	1750.82
-31612.0	7840.0	565.309	1699.93
-31612.0	7840.0	564.072	1687.46
-31612.0	7840.0	562.835	1689.13
-31612.0	7840.0	561.597	1711.01
-31612.0	7840.0	560.359	1724.8
-31612.0	7840.0	559.121	1760.79
-31612.0	7840.0	557.883	1709.96
-31612.0	7840.0	556.644	1745.95
-31612.0	7840.0	555.406	1751.64
-31612.0	7840.0	554.167	1759.36
-31612.0	7840.0	552.927	1807.41
-31612.0	7840.0	551.688	1770.74
-31612.0	7840.0	550.448	1770.38
-31612.0	7840.0	549.208	1899.04
-31612.0	7840.0	547.967	1896.63
-31612.0	7840.0	546.727	1870.05
-31612.0	7840.0	545.486	1918.02
-31612.0	7840.0	544.245	1857.2
-31612.0	7840.0	543.003	1899.11
-31612.0	7840.0	541.762	2009.46
-31612.0	7840.0	540.52	2039.25
-31612.0	7840.0	539.278	1992.54
-31612.0	7840.0	538.035	2203.41
-31612.0	7840.0	536.793	2188.88
-31612.0	7840.0	535.55	2262.85
-31612.0	7840.0	534.307	2370.98
-31612.0	7840.0	533.063	2495.15
-31612.0	7840.0	531.82	2711.74
-31612.0	7840.0	530.576	2946.33
-31612.0	7840.0	529.331	3460.12
-31612.0	7840.0	528.087	4062.1
-31612.0	7840.0	526.842	4924.93
-31612.0	7840.0	525.597	6397.88
-31612.0	7840.0	524.352	8315.94
-31612.0	7840.0	523.107	11198.7
-31612.0	7840.0	521.861	14608.1
-31612.0	7840.0	520.615	16164.1
-31612.0	7840.0	519.369	14732.5
-31612.0	7840.0	518.122	12527.3
-31612.0	7840.0	516.876	10435.2
-31612.0	7840.0	515.629	8955.53
-31612.0	7840.0	514.381	7550.6
-31612.0	7840.0	513.134	6645.25
-31612.0	7840.0	511.886	5844.45
-31612.0	7840.0	510.638	5134.12
-31612.0	7840.0	509.39	4758.55
-31612.0	7840.0	508.141	4371.11
-31612.0	7840.0	506.892	4053.91
-31612.0	7840.0	505.643	3876.94
-31612.0	7840.0	504.394	3656.02
-31612.0	7840.0	503.145	3555.23
-31612.0	7840.0	501.895	3448.48
-31612.0	7840.0	500.645	3455.77
-31612.0	7840.0	499.394	3375.07
-31612.0	7840.0	498.144	3336.39
-31612.0	7840.0	496.893	3351.69
-31612.0	7840.0	495.642	3243.1
-31612.0	7840.0	494.39	3108.57
-31612.0	7840.0	493.139	2954.13
-31612.0	7840.0	491.887	2851.68
-31612.0	7840.0	490.635	2791.19
-31612.0	7840.0	489.382	2730.73
-31612.0	7840.0	488.13	2732.16
-31612.0	7840.0	486.877	2573.96
-31612.0	7840.0	485.623	2607.34
-31612.0	7840.0	484.37	2493.11
-31612.0	7840.0	483.116	2464.68
-31612.0	7840.0	481.862	2396.38
-31612.0	7840.0	480.608	2423.79
-31612.0	7840.0	479.354	2431.26
-31612.0	7840.0	478.099	2372.98
-31612.0	7840.0	476.844	2406.35
-31612.0	7840.0	475.588	2391.91
-31612.0	7840.0	474.333	2381.46
-31612.0	7840.0	473.077	2339.15
-31612.0	7840.0	471.821	2298.86
-31612.0	7840.0	470.565	2332.21
-31612.0	7840.0	469.308	2194.45
-31612.0	7840.0	468.051	2297.43
-31612.0	7840.0	466.794	2281.04
-31612.0	7840.0	465.537	2316.36
-31612.0	7840.0	464.279	2202.57
-31612.0	7840.0	463.021	2168.32
-31612.0	7840.0	461.763	2243.38
-31612.0	7840.0	460.505	2141.59
-31612.0	7840.0	459.246	2161.01
-31612.0	7840.0	457.987	2134.74
-31612.0	7840.0	456.728	2134.3
-31612.0	7840.0	455.469	2143.78
-31612.0	7840.0	454.209	2038.15
-31612.0	7840.0	452.949	2073.44
-31612.0	7840.0	451.689	2071.02
-31612.0	7840.0	450.428	2100.34
-31612.0	7840.0	449.167	2078.09
-31612.0	7840.0	447.906	2095.5
-31612.0	7840.0	446.645	2065.33
-31612.0	7840.0	445.383	2072.83
-31612.0	7840.0	444.122	2066.45
-31612.0	7840.0	442.86	2052.15
-31612.0	7840.0	441.597	2085.39
-31612.0	7840.0	440.335	2088.92
-31612.0	7840.0	439.072	2147.87
-31612.0	7840.0	437.809	2064.29
-31612.0	7840.0	436.545	2089.58
-31612.0	7840.0	435.281	2104.97
-31612.0	7840.0	434.018	2047.17
-31612.0	7840.0	432.753	2147.6
-31612.0	7840.0	431.489	2074.0
-31612.0	7840.0	430.224	2150.65
-31612.0	7840.0	428.959	2140.32
-31612.0	7840.0	427.694	2120.12
-31612.0	7840.0	426.428	2034.73
-31612.0	7840.0	425.163	2109.35
-31612.0	7840.0	423.896	2039.8
-31612.0	7840.0	422.63	2021.6
-31612.0	7840.0	421.364	2011.31
-31612.0	7840.0	420.097	2032.6
-31612.0	7840.0	418.83	2059.79
-31612.0	7840.0	417.562	2027.8
-31612.0	7840.0	416.295	2072.73
-31612.0	7840.0	415.027	1969.77
-31612.0	7840.0	413.758	2060.03
-31612.0	7840.0	412.49	2039.89
-31612.0	7840.0	411.221	2023.7
-31612.0	7840.0	409.952	2107.99
-31612.0	7840.0	408.683	2060.27
-31612.0	7840.0	407.414	1975.16
-31612.0	7840.0	406.144	1964.9
-31612.0	7840.0	404.874	1958.59
-31612.0	7840.0	403.603	1991.63
-31612.0	7840.0	402.333	2032.53
-31612.0	7840.0	401.062	2057.68
-31612.0	7840.0	399.791	2094.61
-31612.0	7840.0	398.519	2068.61
-31612.0	7840.0	397.248	1965.95
-31612.0	7840.0	395.976	2030.39
-31612.0	7840.0	394.704	2028.0
-31612.0	7840.0	393.431	2017.75
-31612.0	7840.0	392.159	1993.76
-31612.0	7840.0	390.886	2067.96
-31612.0	7840.0	389.612	1951.68
-31612.0	7840.0	388.339	2035.68
-31612.0	7840.0	387.065	2074.51
-31612.0	7840.0	385.791	2083.88
-31612.0	7840.0	384.517	2001.04
-31612.0	7840.0	383.242	2071.23
-31612.0	7840.0	381.967	1996.28
-31612.0	7840.0	380.692	2042.91
-31612.0	7840.0	379.417	2026.8
-31612.0	7840.0	378.141	2106.72
-31612.0	7840.0	376.865	2047.5
-31612.0	7840.0	375.589	1988.3
-31612.0	7840.0	374.312	2021.17
-31612.0	7840.0	373.035	2079.49
-31612.0	7840.0	371.758	1959.63
-31612.0	7840.0	370.481	2115.8
-31612.0	7840.0	369.204	2066.43
-31612.0	7840.0	367.926	2105.12
-31612.0	7840.0	366.648	2002.96
-31612.0	7840.0	365.369	2057.3
-31612.0	7840.0	364.091	2117.47
-31612.0	7840.0	362.812	2138.53
-31612.0	7840.0	361.532	2095.08
-31612.0	7840.0	360.253	2037.97
-31612.0	7840.0	358.973	2158.66
-31612.0	7840.0	357.693	2150.39
-31612.0	7840.0	356.413	2060.11
-31612.0	7840.0	355.132	2094.81
-31612.0	7840.0	353.852	2108.03
-31612.0	7840.0	352.571	2117.34
-31612.0	7840.0	351.289	2112.99
-31612.0	7840.0	350.008	2065.73
-31612.0	7840.0	348.726	2108.2
-31612.0	7840.0	347.444	2115.55
-31612.0	7840.0	346.161	2076.11
-31612.0	7840.0	344.878	2089.32
-31612.0	7840.0	343.595	2094.72
-31612.0	7840.0	342.312	2174.15
-31612.0	7840.0	341.029	2165.9
-31612.0	7840.0	339.745	2103.12
-31612.0	7840.0	338.461	2209.76
-31612.0	7840.0	337.176	2152.84
-31612.0	7840.0	335.892	2167.95
-31612.0	7840.0	334.607	2216.13
-31612.0	7840.0	333.322	2108.67
-31612.0	7840.0	332.036	2152.96
-31612.0	7840.0	330.75	2171.94
-31612.0	7840.0	329.464	2134.54
-31612.0	7840.0	328.178	2174.91
-31612.0	7840.0	326.892	2211.37
-31612.0	7840.0	325.605	2162.33
-31612.0	7840.0	324.318	2187.12
-31612.0	7840.0	323.03	2314.82
-31612.0	7840.0	321.743	2267.73
-31612.0	7840.0	320.455	2282.78
-31612.0	7840.0	319.167	2198.84
-31612.0	7840.0	317.878	2332.26
-31612.0	7840.0	316.59	2275.5
-31612.0	7840.0	315.301	2203.26
-31612.0	7840.0	314.011	2220.24
-31612.0	7840.0	312.722	2307.01
-31612.0	7840.0	311.432	2258.06
-31612.0	7840.0	310.142	2265.33
-31612.0	7840.0	308.851	2330.72
-31612.0	7840.0	307.561	2374.77
-31612.0	7840.0	306.27	2387.82
-31612.0	7840.0	304.979	2443.47
-31612.0	7840.0	303.687	2400.36
-31612.0	7840.0	302.395	2465.65
-31612.0	7840.0	301.103	2494.15
-31612.0	7840.0	299.811	2472.33
-31612.0	7840.0	298.519	2423.45
-31612.0	7840.0	297.226	2436.47
-31612.0	7840.0	295.933	2410.82
-31612.0	7840.0	294.639	2421.9
-31612.0	7840.0	293.345	2388.54
-31612.0	7840.0	292.052	2415.07
-31612.0	7840.0	290.757	2294.8
-31612.0	7840.0	289.463	2348.38
-31612.0	7840.0	288.168	2434.77
-31612.0	7840.0	286.873	2432.32
-31612.0	7840.0	285.578	2314.07
-31612.0	7840.0	284.282	2332.87
-31612.0	7840.0	282.986	2376.74
-31612.0	7840.0	281.69	2299.08
-31612.0	7840.0	280.393	2219.53
-31612.0	7840.0	279.097	2280.75
-31612.0	7840.0	277.8	2264.84
-31612.0	7840.0	276.502	2308.68
-31612.0	7840.0	275.205	2342.87
-31612.0	7840.0	273.907	2303.84
-31612.0	7840.0	272.609	2234.02
-31612.0	7840.0	271.311	2166.15
-31612.0	7840.0	270.012	2240.76
-31612.0	7840.0	268.713	2236.43
-31612.0	7840.0	267.414	2212.86
-31612.0	7840.0	266.114	2129.67
-31612.0	7840.0	264.814	2163.83
-31612.0	7840.0	263.514	2149.91
-31612.0	7840.0	262.214	2105.23
-31612.0	7840.0	260.913	2181.66
-31612.0	7840.0	259.613	2177.35
-31612.0	7840.0	258.311	2090.43
-31612.0	7840.0	257.01	2114.95
-31612.0	7840.0	255.708	2060.72
-31612.0	7840.0	254.406	1991.16
-31612.0	7840.0	253.104	2102.07
-31612.0	7840.0	251.801	2130.41
-31612.0	7840.0	250.499	2043.61
-31612.0	7840.0	249.195	2075.78
-31612.0	7840.0	247.892	2104.11
-31612.0	7840.0	246.588	2057.63
-31612.0	7840.0	245.284	2057.19
-31612.0	7840.0	243.98	1970.5
-31612.0	7840.0	242.676	2010.32
-31612.0	7840.0	241.371	2059.7
-31612.0	7840.0	240.066	2049.68
-31612.0	7840.0	238.76	2068.39
-31612.0	7840.0	237.455	2071.78
-31612.0	7840.0	236.149	2059.85
-31612.0	7840.0	234.843	2036.44
-31612.0	7840.0	233.536	1982.42
-31612.0	7840.0	232.229	2092.96
-31612.0	7840.0	230.922	2126.94
-31612.0	7840.0	229.615	2078.68
-31612.0	7840.0	228.307	2045.73
-31612.0	7840.0	227.0	2030.0
-31612.0	7840.0	225.691	1987.52
-31612.0	7840.0	224.383	1989.0
-31612.0	7840.0	223.074	1996.21
-31612.0	7840.0	221.765	1940.4
-31612.0	7840.0	220.456	1964.81
-31612.0	7840.0	219.146	2086.56
-31612.0	7840.0	217.836	2068.94
-31612.0	7840.0	216.526	2020.79
-31612.0	7840.0	215.216	2008.9
-31612.0	7840.0	213.905	1953.16
-31612.0	7840.0	212.594	2004.23
-31612.0	7840.0	211.283	1998.08
-31612.0	7840.0	209.971	1948.09
-31612.0	7840.0	208.66	2044.86
-31612.0	7840.0	207.348	2076.81
-31612.0	7840.0	206.035	1984.93
-31612.0	7840.0	204.722	1990.22
-31612.0	7840.0	203.409	2003.12
-31612.0	7840.0	202.096	2023.63
-31612.0	7840.0	200.783	2013.67
-31612.0	7840.0	199.469	2020.85
-31612.0	7840.0	198.155	2007.1
-31612.0	7840.0	196.84	2006.67
-31612.0	7840.0	195.526	2029.06
-31612.0	7840.0	194.211	2053.34
-31612.0	7840.0	192.896	1980.66
-31612.0	7840.0	191.58	2280.5
-31612.0	7840.0	190.264	2143.21
-31612.0	7840.0	188.948	2137.05
-31612.0	7840.0	187.632	2060.62
-31612.0	7840.0	186.315	2071.57
-31612.0	7840.0	184.998	2090.11
-31612.0	7840.0	183.681	2074.48
-31612.0	7840.0	182.364	2053.16
-31612.0	7840.0	181.046	2064.1
-31612.0	7840.0	179.728	2071.24
-31612.0	7840.0	178.41	2063.21
-31612.0	7840.0	177.091	2138.6
-31612.0	7840.0	175.772	2134.35
-31612.0	7840.0	174.453	2128.2
-31612.0	7840.0	173.133	2133.43
-31612.0	7840.0	171.814	2104.55
-31612.0	7840.0	170.494	2098.42
-31612.0	7840.0	169.173	2150.98
-31612.0	7840.0	167.853	2137.27
-31612.0	7840.0	166.532	2115.99
-31612.0	7840.0	165.211	2106.07
-31612.0	7840.0	163.889	2052.65
-31612.0	7840.0	162.567	2167.58
-31612.0	7840.0	161.245	2117.95
-31612.0	7840.0	159.923	2149.63
-31612.0	7840.0	158.6	2171.85
-31612.0	7840.0	157.278	2197.84
-31612.0	7840.0	155.954	2153.91
-31612.0	7840.0	154.631	2317.79
-31612.0	7840.0	153.307	2247.41
-31612.0	7840.0	151.983	2222.38
-31612.0	7840.0	150.659	2304.96
-31612.0	7840.0	149.334	2272.38
-31612.0	7840.0	148.009	2224.71
-31612.0	7840.0	146.684	2256.3
-31612.0	7840.0	145.359	2189.8
-31612.0	7840.0	144.033	2238.36
-31612.0	7840.0	142.707	2281.24
-31612.0	7840.0	141.381	2211.0
-31612.0	7840.0	140.054	2253.87
-31612.0	7840.0	138.727	2302.37
-31612.0	7840.0	137.4	2239.71
-31612.0	7840.0	136.072	2248.64
-31612.0	7840.0	134.745	2201.09
-31612.0	7840.0	133.417	2223.2
-31612.0	7840.0	132.088	2288.59
-31612.0	7840.0	130.76	2293.75
-31612.0	7840.0	129.431	2178.49
-31612.0	7840.0	128.102	2208.12
-31612.0	7840.0	126.772	2190.72
-31612.0	7840.0	125.442	2225.96
-31612.0	7840.0	124.112	2242.4
-31612.0	7840.0	122.782	2144.2
-31612.0	7840.0	121.451	2155.01
-31612.0	7840.0	120.12	2252.22
-31612.0	7840.0	118.789	2244.22
-31612.0	7840.0	117.458	2155.49
-31612.0	7840.0	116.126	2220.72
-31612.0	7840.0	114.794	2152.68
-31612.0	7840.0	113.462	2189.74
-31612.0	7840.0	112.129	2204.28
-31612.0	7840.0	110.796	2220.68
-31612.0	7840.0	109.463	2197.7
-31612.0	7840.0	108.129	2247.84
-31612.0	7840.0	106.796	2155.51
-31612.0	7840.0	105.461	2081.96
-31612.0	7840.0	104.127	2008.45
-31612.0	7840.0	102.792	2077.32
-31612.0	7840.0	101.457	1955.14
-31612.0	7840.0	100.122	1937.87
-31612.0	7840.0	98.7867	1913.12
-31612.0	7840.0	97.4509	1916.44
-31612.0	7840.0	96.1148	1876.74
-31612.0	7840.0	94.7784	1876.33
-31612.0	7840.0	93.4418	1896.5
-31612.0	7840.0	92.1048	1838.12
-31612.0	7840.0	90.7676	1802.2
-31612.0	7840.0	89.43	1779.39
-31612.0	7840.0	88.0922	1737.89
-31612.0	7840.0	86.7541	1735.65
-31612.0	7840.0	85.4157	1781.97
