-31646.0	7804.0	1311.89	1948.83
-31646.0	7804.0	1310.78	1962.14
-31646.0	7804.0	1309.68	1914.15
-31646.0	7804.0	1308.58	1938.81
-31646.0	7804.0	1307.48	1965.74
-31646.0	7804.0	1306.38	1942.73
-31646.0	7804.0	1305.28	2015.04
-31646.0	7804.0	1304.18	2014.71
-31646.0	7804.0	1303.07	1930.46
-31646.0	7804.0	1301.97	1989.12
-31646.0	7804.0	1300.87	2000.14
-31646.0	7804.0	1299.77	1927.26
-31646.0	7804.0	1298.66	1958.69
-31646.0	7804.0	1297.56	2005.98
-31646.0	7804.0	1296.46	1899.14
-31646.0	7804.0	1295.35	1880.71
-31646.0	7804.0	1294.25	1912.12
-31646.0	7804.0	1293.15	1995.63
-31646.0	7804.0	1292.04	1993.04
-31646.0	7804.0	1290.94	1899.88
-31646.0	7804.0	1289.83	1929.0
-31646.0	7804.0	1288.73	1942.28
-31646.0	7804.0	1287.63	1910.28
-31646.0	7804.0	1286.52	1885.08
-31646.0	7804.0	1285.42	1945.86
-31646.0	7804.0	1284.31	1907.09
-31646.0	7804.0	1283.21	1954.28
-31646.0	7804.0	1282.1	1933.61
-31646.0	7804.0	1280.99	1960.44
-31646.0	7804.0	1279.89	1928.47
-31646.0	7804.0	1278.78	1925.9
-31646.0	7804.0	1277.68	1909.76
-31646.0	7804.0	1276.57	1916.23
-31646.0	7804.0	1275.46	1920.44
-31646.0	7804.0	1274.36	1926.91
-31646.0	7804.0	1273.25	1928.86
-31646.0	7804.0	1272.14	1985.0
-31646.0	7804.0	1271.04	1959.84
-31646.0	7804.0	1269.93	1961.78
-31646.0	7804.0	1268.82	1918.58
-31646.0	7804.0	1267.71	1888.93
-31646.0	7804.0	1266.61	1954.06
-31646.0	7804.0	1265.5	1926.67
-31646.0	7804.0	1264.39	1928.61
-31646.0	7804.0	1263.28	1912.51
-31646.0	7804.0	1262.17	1885.14
-31646.0	7804.0	1261.06	1943.45
-31646.0	7804.0	1259.95	1916.09
-31646.0	7804.0	1258.84	1794.07
-31646.0	7804.0	1257.74	1901.94
-31646.0	7804.0	1256.63	1822.77
-31646.0	7804.0	1255.52	1930.61
-31646.0	7804.0	1254.41	1966.33
-31646.0	7804.0	1253.3	1837.65
-31646.0	7804.0	1252.19	1841.85
-31646.0	7804.0	1251.08	1940.61
-31646.0	7804.0	1249.96	1996.56
-31646.0	7804.0	1248.85	1836.45
-31646.0	7804.0	1247.74	1948.66
-31646.0	7804.0	1246.63	1932.59
-31646.0	7804.0	1245.52	1979.51
-31646.0	7804.0	1244.41	1911.72
-31646.0	7804.0	1243.3	1807.96
-31646.0	7804.0	1242.18	1956.06
-31646.0	7804.0	1241.07	1892.79
-31646.0	7804.0	1239.96	1872.25
-31646.0	7804.0	1238.85	1835.99
-31646.0	7804.0	1237.74	1855.91
-31646.0	7804.0	1236.62	1869.09
-31646.0	7804.0	1235.51	1832.84
-31646.0	7804.0	1234.4	1933.6
-31646.0	7804.0	1233.28	1951.25
-31646.0	7804.0	1232.17	1883.58
-31646.0	7804.0	1231.06	1847.35
-31646.0	7804.0	1229.94	1907.64
-31646.0	7804.0	1228.83	1884.89
-31646.0	7804.0	1227.71	1889.07
-31646.0	7804.0	1226.6	1882.03
-31646.0	7804.0	1225.48	1917.6
-31646.0	7804.0	1224.37	1926.26
-31646.0	7804.0	1223.25	1860.92
-31646.0	7804.0	1222.14	1912.17
-31646.0	7804.0	1221.02	1862.55
-31646.0	7804.0	1219.91	1913.78
-31646.0	7804.0	1218.79	1884.34
-31646.0	7804.0	1217.68	1892.99
-31646.0	7804.0	1216.56	1876.99
-31646.0	7804.0	1215.44	1950.59
-31646.0	7804.0	1214.33	1921.16
-31646.0	7804.0	1213.21	1853.68
-31646.0	7804.0	1212.09	1851.13
-31646.0	7804.0	1210.98	1832.92
-31646.0	7804.0	1209.86	1870.66
-31646.0	7804.0	1208.74	1830.08
-31646.0	7804.0	1207.62	1872.27
-31646.0	7804.0	1206.51	1831.71
-31646.0	7804.0	1205.39	1885.07
-31646.0	7804.0	1204.27	1824.39
-31646.0	7804.0	1203.15	1828.56
-31646.0	7804.0	1202.03	1910.95
-31646.0	7804.0	1200.91	1841.36
-31646.0	7804.0	1199.8	1771.79
-31646.0	7804.0	1198.68	1827.34
-31646.0	7804.0	1197.56	1860.54
-31646.0	7804.0	1196.44	1813.34
-31646.0	7804.0	1195.32	1859.92
-31646.0	7804.0	1194.2	1790.41
-31646.0	7804.0	1193.08	1812.43
-31646.0	7804.0	1191.96	1816.59
-31646.0	7804.0	1190.84	1785.05
-31646.0	7804.0	1189.72	1876.22
-31646.0	7804.0	1188.6	1829.07
-31646.0	7804.0	1187.48	1839.91
-31646.0	7804.0	1186.35	1884.2
-31646.0	7804.0	1185.23	1868.28
-31646.0	7804.0	1184.11	1888.03
-31646.0	7804.0	1182.99	1872.11
-31646.0	7804.0	1181.87	1749.24
-31646.0	7804.0	1180.75	1813.56
-31646.0	7804.0	1179.62	1790.98
-31646.0	7804.0	1178.5	1826.31
-31646.0	7804.0	1177.38	1837.14
-31646.0	7804.0	1176.26	1890.27
-31646.0	7804.0	1175.13	1843.2
-31646.0	7804.0	1174.01	1869.6
-31646.0	7804.0	1172.89	1867.06
-31646.0	7804.0	1171.76	1837.83
-31646.0	7804.0	1170.64	1861.99
-31646.0	7804.0	1169.51	1843.88
-31646.0	7804.0	1168.39	1852.47
-31646.0	7804.0	1167.27	1838.81
-31646.0	7804.0	1166.14	1742.91
-31646.0	7804.0	1165.02	1873.76
-31646.0	7804.0	1163.89	1780.1
-31646.0	7804.0	1162.77	1779.8
-31646.0	7804.0	1161.64	1808.39
-31646.0	7804.0	1160.52	1790.31
-31646.0	7804.0	1159.39	1783.35
-31646.0	7804.0	1158.26	1809.69
-31646.0	7804.0	1157.14	1791.62
-31646.0	7804.0	1156.01	1888.99
-31646.0	7804.0	1154.88	1837.63
-31646.0	7804.0	1153.76	1897.23
-31646.0	7804.0	1152.63	1828.13
-31646.0	7804.0	1151.5	1836.69
-31646.0	7804.0	1150.38	1780.94
-31646.0	7804.0	1149.25	1758.46
-31646.0	7804.0	1148.12	1846.85
-31646.0	7804.0	1146.99	1797.76
-31646.0	7804.0	1145.87	1828.49
-31646.0	7804.0	1144.74	1817.1
-31646.0	7804.0	1143.61	1861.1
-31646.0	7804.0	1142.48	1734.52
-31646.0	7804.0	1141.35	1760.8
-31646.0	7804.0	1140.22	1813.65
-31646.0	7804.0	1139.09	1793.42
-31646.0	7804.0	1137.97	1797.54
-31646.0	7804.0	1136.84	1788.38
-31646.0	7804.0	1135.71	1761.52
-31646.0	7804.0	1134.58	1787.77
-31646.0	7804.0	1133.45	1763.13
-31646.0	7804.0	1132.32	1778.31
-31646.0	7804.0	1131.19	1806.76
-31646.0	7804.0	1130.05	1775.5
-31646.0	7804.0	1128.92	1819.41
-31646.0	7804.0	1127.79	1746.16
-31646.0	7804.0	1126.66	1761.33
-31646.0	7804.0	1125.53	1699.16
-31646.0	7804.0	1124.4	1809.33
-31646.0	7804.0	1123.27	1811.23
-31646.0	7804.0	1122.13	1735.83
-31646.0	7804.0	1121.0	1795.15
-31646.0	7804.0	1119.87	1750.69
-31646.0	7804.0	1118.74	1809.99
-31646.0	7804.0	1117.6	1856.02
-31646.0	7804.0	1116.47	1716.69
-31646.0	7804.0	1115.34	1800.23
-31646.0	7804.0	1114.2	1788.89
-31646.0	7804.0	1113.07	1762.12
-31646.0	7804.0	1111.94	1803.72
-31646.0	7804.0	1110.8	1772.54
-31646.0	7804.0	1109.67	1827.34
-31646.0	7804.0	1108.54	1743.28
-31646.0	7804.0	1107.4	1782.64
-31646.0	7804.0	1106.27	1769.12
-31646.0	7804.0	1105.13	1764.41
-31646.0	7804.0	1104.0	1792.74
-31646.0	7804.0	1102.86	1728.57
-31646.0	7804.0	1101.72	1732.67
-31646.0	7804.0	1100.59	1670.74
-31646.0	7804.0	1099.45	1804.71
-31646.0	7804.0	1098.32	1762.58
-31646.0	7804.0	1097.18	1764.48
-31646.0	7804.0	1096.04	1781.77
-31646.0	7804.0	1094.91	1752.87
-31646.0	7804.0	1093.77	1778.96
-31646.0	7804.0	1092.63	1886.38
-31646.0	7804.0	1091.5	1773.95
-31646.0	7804.0	1090.36	1863.75
-31646.0	7804.0	1089.22	1764.54
-31646.0	7804.0	1088.08	1777.42
-31646.0	7804.0	1086.95	1704.62
-31646.0	7804.0	1085.81	1741.66
-31646.0	7804.0	1084.67	1811.63
-31646.0	7804.0	1083.53	1719.1
-31646.0	7804.0	1082.39	1710.03
-31646.0	7804.0	1081.25	1711.92
-31646.0	7804.0	1080.11	1746.74
-31646.0	7804.0	1078.97	1717.91
-31646.0	7804.0	1077.83	1748.32
-31646.0	7804.0	1076.69	1717.31
-31646.0	7804.0	1075.55	1752.1
-31646.0	7804.0	1074.41	1793.45
-31646.0	7804.0	1073.27	1766.83
-31646.0	7804.0	1072.13	1779.68
-31646.0	7804.0	1070.99	1834.15
-31646.0	7804.0	1069.85	1711.14
-31646.0	7804.0	1068.71	1673.6
-31646.0	7804.0	1067.57	1765.3
-31646.0	7804.0	1066.43	1764.99
-31646.0	7804.0	1065.28	1723.08
-31646.0	7804.0	1064.14	1654.92
-31646.0	7804.0	1063.0	1691.84
-31646.0	7804.0	1061.86	1639.02
-31646.0	7804.0	1060.71	1811.58
-31646.0	7804.0	1059.57	1747.82
-31646.0	7804.0	1058.43	1771.58
-31646.0	7804.0	1057.29	1664.12
-31646.0	7804.0	1056.14	1744.72
-31646.0	7804.0	1055.0	1781.58
-31646.0	7804.0	1053.85	1696.02
-31646.0	7804.0	1052.71	1772.21
-31646.0	7804.0	1051.57	1706.35
-31646.0	7804.0	1050.42	1773.77
-31646.0	7804.0	1049.28	1745.07
-31646.0	7804.0	1048.13	1729.47
-31646.0	7804.0	1046.99	1748.82
-31646.0	7804.0	1045.84	1711.4
-31646.0	7804.0	1044.7	1737.29
-31646.0	7804.0	1043.55	1739.17
-31646.0	7804.0	1042.4	1714.86
-31646.0	7804.0	1041.26	1766.91
-31646.0	7804.0	1040.11	1740.43
-31646.0	7804.0	1038.97	1761.93
-31646.0	7804.0	1037.82	1816.13
-31646.0	7804.0	1036.67	1761.31
-31646.0	7804.0	1035.53	1745.74
-31646.0	7804.0	1034.38	1762.87
-31646.0	7804.0	1033.23	1725.52
-31646.0	7804.0	1032.08	1801.45
-31646.0	7804.0	1030.94	1783.71
-31646.0	7804.0	1029.79	1707.18
-31646.0	7804.0	1028.64	1874.52
-31646.0	7804.0	1027.49	1771.88
-31646.0	7804.0	1026.34	1812.92
-31646.0	7804.0	1025.19	1890.93
-31646.0	7804.0	1024.04	1790.52
-31646.0	7804.0	1022.89	1866.33
-31646.0	7804.0	1021.74	1798.58
-31646.0	7804.0	1020.59	1909.16
-31646.0	7804.0	1019.45	1830.56
-31646.0	7804.0	1018.29	1788.93
-31646.0	7804.0	1017.14	1766.88
-31646.0	7804.0	1015.99	1833.93
-31646.0	7804.0	1014.84	1818.39
-31646.0	7804.0	1013.69	1796.35
-31646.0	7804.0	1012.54	1926.33
-31646.0	7804.0	1011.39	1993.3
-31646.0	7804.0	1010.24	1962.55
-31646.0	7804.0	1009.09	1890.57
-31646.0	7804.0	1007.93	1885.9
-31646.0	7804.0	1006.78	1931.12
-31646.0	7804.0	1005.63	1900.41
-31646.0	7804.0	1004.48	1930.44
-31646.0	7804.0	1003.32	1979.97
-31646.0	7804.0	1002.17	1964.44
-31646.0	7804.0	1001.02	2000.94
-31646.0	7804.0	999.865	2061.27
-31646.0	7804.0	998.711	2054.4
-31646.0	7804.0	997.558	2082.2
-31646.0	7804.0	996.403	2075.33
-31646.0	7804.0	995.249	2051.13
-31646.0	7804.0	994.095	2078.92
-31646.0	7804.0	992.94	2137.0
-31646.0	7804.0	991.785	2112.81
-31646.0	7804.0	990.63	2199.0
-31646.0	7804.0	989.475	2209.43
-31646.0	7804.0	988.319	2202.54
-31646.0	7804.0	987.164	2236.76
-31646.0	7804.0	986.008	2236.36
-31646.0	7804.0	984.852	2231.63
-31646.0	7804.0	983.695	2235.55
-31646.0	7804.0	982.539	2354.04
-31646.0	7804.0	981.382	2347.13
-31646.0	7804.0	980.225	2372.64
-31646.0	7804.0	979.068	2324.68
-31646.0	7804.0	977.911	2315.62
-31646.0	7804.0	976.753	2250.42
-31646.0	7804.0	975.595	2349.34
-31646.0	7804.0	974.437	2385.62
-31646.0	7804.0	973.279	2367.92
-31646.0	7804.0	972.121	2341.59
-31646.0	7804.0	970.962	2425.32
-31646.0	7804.0	969.803	2340.75
-31646.0	7804.0	968.644	2340.32
-31646.0	7804.0	967.485	2314.02
-31646.0	7804.0	966.326	2289.88
-31646.0	7804.0	965.166	2356.3
-31646.0	7804.0	964.006	2386.05
-31646.0	7804.0	962.846	2420.1
-31646.0	7804.0	961.686	2376.57
-31646.0	7804.0	960.525	2317.97
-31646.0	7804.0	959.365	2354.16
-31646.0	7804.0	958.204	2390.35
-31646.0	7804.0	957.043	2338.24
-31646.0	7804.0	955.881	2413.16
-31646.0	7804.0	954.72	2302.95
-31646.0	7804.0	953.558	2431.65
-31646.0	7804.0	952.396	2390.33
-31646.0	7804.0	951.234	2424.31
-31646.0	7804.0	950.071	2333.54
-31646.0	7804.0	948.909	2335.26
-31646.0	7804.0	947.746	2431.59
-31646.0	7804.0	946.583	2347.31
-31646.0	7804.0	945.42	2329.69
-31646.0	7804.0	944.256	2346.46
-31646.0	7804.0	943.092	2309.51
-31646.0	7804.0	941.929	2311.23
-31646.0	7804.0	940.765	2323.7
-31646.0	7804.0	939.6	2252.41
-31646.0	7804.0	938.436	2286.35
-31646.0	7804.0	937.271	2200.08
-31646.0	7804.0	936.106	2208.26
-31646.0	7804.0	934.941	2117.74
-31646.0	7804.0	933.775	2125.93
-31646.0	7804.0	932.61	2106.24
-31646.0	7804.0	931.444	2097.27
-31646.0	7804.0	930.278	2060.44
-31646.0	7804.0	929.112	2021.48
-31646.0	7804.0	927.945	2031.82
-31646.0	7804.0	926.779	1971.45
-31646.0	7804.0	925.612	1938.95
-31646.0	7804.0	924.445	2005.0
-31646.0	7804.0	923.278	1897.55
-31646.0	7804.0	922.11	1875.79
-31646.0	7804.0	920.942	1809.07
-31646.0	7804.0	919.774	1977.84
-31646.0	7804.0	918.606	1896.15
-31646.0	7804.0	917.438	1927.9
-31646.0	7804.0	916.269	1889.04
-31646.0	7804.0	915.1	1790.3
-31646.0	7804.0	913.931	1834.88
-31646.0	7804.0	912.762	1749.01
-31646.0	7804.0	911.593	1740.14
-31646.0	7804.0	910.423	1767.6
-31646.0	7804.0	909.253	1786.51
-31646.0	7804.0	908.083	1771.22
-31646.0	7804.0	906.913	1792.26
-31646.0	7804.0	905.742	1757.76
-31646.0	7804.0	904.572	1738.21
-31646.0	7804.0	903.401	1703.73
-31646.0	7804.0	902.229	1752.51
-31646.0	7804.0	901.058	1754.32
-31646.0	7804.0	899.886	1743.33
-31646.0	7804.0	898.715	1736.6
-31646.0	7804.0	897.543	1749.08
-31646.0	7804.0	896.37	1695.44
-31646.0	7804.0	895.198	1765.49
-31646.0	7804.0	894.025	1707.6
-31646.0	7804.0	892.852	1711.55
-31646.0	7804.0	891.679	1713.36
-31646.0	7804.0	890.506	1721.57
-31646.0	7804.0	889.332	1665.86
-31646.0	7804.0	888.158	1714.54
-31646.0	7804.0	886.984	1695.05
-31646.0	7804.0	885.81	1686.22
-31646.0	7804.0	884.636	1707.2
-31646.0	7804.0	883.461	1662.18
-31646.0	7804.0	882.286	1612.93
-31646.0	7804.0	881.111	1667.95
-31646.0	7804.0	879.936	1676.14
-31646.0	7804.0	878.76	1646.06
-31646.0	7804.0	877.584	1620.24
-31646.0	7804.0	876.408	1594.42
-31646.0	7804.0	875.232	1643.01
-31646.0	7804.0	874.056	1610.83
-31646.0	7804.0	872.879	1614.78
-31646.0	7804.0	871.702	1654.84
-31646.0	7804.0	870.525	1652.4
-31646.0	7804.0	869.348	1652.1
-31646.0	7804.0	868.17	1670.89
-31646.0	7804.0	866.993	1613.27
-31646.0	7804.0	865.815	1651.17
-31646.0	7804.0	864.637	1631.76
-31646.0	7804.0	863.458	1576.3
-31646.0	7804.0	862.28	1671.45
-31646.0	7804.0	861.101	1630.84
-31646.0	7804.0	859.922	1672.94
-31646.0	7804.0	858.742	1676.87
-31646.0	7804.0	857.563	1591.77
-31646.0	7804.0	856.383	1610.55
-31646.0	7804.0	855.203	1637.79
-31646.0	7804.0	854.023	1578.17
-31646.0	7804.0	852.843	1601.17
-31646.0	7804.0	851.662	1628.39
-31646.0	7804.0	850.481	1625.97
-31646.0	7804.0	849.3	1572.75
-31646.0	7804.0	848.119	1661.34
-31646.0	7804.0	846.937	1673.72
-31646.0	7804.0	845.756	1622.63
-31646.0	7804.0	844.574	1618.09
-31646.0	7804.0	843.392	1660.09
-31646.0	7804.0	842.209	1623.83
-31646.0	7804.0	841.027	1672.14
-31646.0	7804.0	839.844	1625.33
-31646.0	7804.0	838.661	1606.0
-31646.0	7804.0	837.477	1620.49
-31646.0	7804.0	836.294	1609.62
-31646.0	7804.0	835.11	1664.23
-31646.0	7804.0	833.926	1672.36
-31646.0	7804.0	832.742	1693.15
-31646.0	7804.0	831.558	1623.18
-31646.0	7804.0	830.373	1605.99
-31646.0	7804.0	829.188	1622.56
-31646.0	7804.0	828.003	1681.32
-31646.0	7804.0	826.818	1651.48
-31646.0	7804.0	825.632	1630.08
-31646.0	7804.0	824.446	1627.66
-31646.0	7804.0	823.26	1621.03
-31646.0	7804.0	822.074	1582.78
-31646.0	7804.0	820.888	1698.37
-31646.0	7804.0	819.701	1628.53
-31646.0	7804.0	818.514	1634.54
-31646.0	7804.0	817.327	1674.24
-31646.0	7804.0	816.14	1648.66
-31646.0	7804.0	814.952	1667.29
-31646.0	7804.0	813.765	1702.75
-31646.0	7804.0	812.577	1571.96
-31646.0	7804.0	811.388	1592.7
-31646.0	7804.0	810.2	1567.15
-31646.0	7804.0	809.011	1556.34
-31646.0	7804.0	807.822	1631.74
-31646.0	7804.0	806.633	1589.38
-31646.0	7804.0	805.444	1652.14
-31646.0	7804.0	804.254	1622.4
-31646.0	7804.0	803.064	1571.66
-31646.0	7804.0	801.874	1556.66
-31646.0	7804.0	800.684	1606.77
-31646.0	7804.0	799.493	1623.26
-31646.0	7804.0	798.303	1604.05
-31646.0	7804.0	797.112	1670.92
-31646.0	7804.0	795.921	1716.77
-31646.0	7804.0	794.729	1607.33
-31646.0	7804.0	793.538	1577.65
-31646.0	7804.0	792.346	1617.2
-31646.0	7804.0	791.154	1602.21
-31646.0	7804.0	789.961	1662.71
-31646.0	7804.0	788.769	1628.85
-31646.0	7804.0	787.576	1603.38
-31646.0	7804.0	786.383	1617.74
-31646.0	7804.0	785.19	1604.86
-31646.0	7804.0	783.996	1629.69
-31646.0	7804.0	782.802	1589.59
-31646.0	7804.0	781.608	1622.78
-31646.0	7804.0	780.414	1551.29
-31646.0	7804.0	779.22	1586.58
-31646.0	7804.0	778.025	1609.29
-31646.0	7804.0	776.83	1565.04
-31646.0	7804.0	775.635	1614.95
-31646.0	7804.0	774.44	1589.54
-31646.0	7804.0	773.244	1614.32
-31646.0	7804.0	772.049	1643.28
-31646.0	7804.0	770.853	1540.54
-31646.0	7804.0	769.656	1607.12
-31646.0	7804.0	768.46	1537.86
-31646.0	7804.0	767.263	1600.23
-31646.0	7804.0	766.066	1583.21
-31646.0	7804.0	764.869	1576.64
-31646.0	7804.0	763.672	1595.13
-31646.0	7804.0	762.474	1634.48
-31646.0	7804.0	761.276	1559.03
-31646.0	7804.0	760.078	1579.6
-31646.0	7804.0	758.88	1621.02
-31646.0	7804.0	757.681	1624.87
-31646.0	7804.0	756.483	1595.36
-31646.0	7804.0	755.284	1643.01
-31646.0	7804.0	754.084	1525.95
-31646.0	7804.0	752.885	1602.77
-31646.0	7804.0	751.685	1617.05
-31646.0	7804.0	750.485	1564.65
-31646.0	7804.0	749.285	1551.85
-31646.0	7804.0	748.085	1511.98
-31646.0	7804.0	746.884	1578.31
-31646.0	7804.0	745.683	1553.02
-31646.0	7804.0	744.482	1554.8
-31646.0	7804.0	743.281	1585.72
-31646.0	7804.0	742.079	1581.25
-31646.0	7804.0	740.877	1630.86
-31646.0	7804.0	739.675	1532.8
-31646.0	7804.0	738.473	1572.01
-31646.0	7804.0	737.27	1582.09
-31646.0	7804.0	736.068	1577.63
-31646.0	7804.0	734.865	1558.62
-31646.0	7804.0	733.661	1550.0
-31646.0	7804.0	732.458	1553.86
-31646.0	7804.0	731.254	1557.71
-31646.0	7804.0	730.05	1615.55
-31646.0	7804.0	728.846	1567.48
-31646.0	7804.0	727.642	1577.55
-31646.0	7804.0	726.437	1558.56
-31646.0	7804.0	725.232	1624.66
-31646.0	7804.0	724.027	1657.53
-31646.0	7804.0	722.822	1613.65
-31646.0	7804.0	721.616	1551.12
-31646.0	7804.0	720.41	1552.89
-31646.0	7804.0	719.204	1577.46
-31646.0	7804.0	717.998	1593.74
-31646.0	7804.0	716.791	1564.41
-31646.0	7804.0	715.585	1564.11
-31646.0	7804.0	714.378	1781.28
-31646.0	7804.0	713.17	1635.97
-31646.0	7804.0	711.963	1623.23
-31646.0	7804.0	710.755	1622.91
-31646.0	7804.0	709.547	1566.71
-31646.0	7804.0	708.339	1605.72
-31646.0	7804.0	707.131	1586.79
-31646.0	7804.0	705.922	1617.5
-31646.0	7804.0	704.713	1652.34
-31646.0	7804.0	703.504	1670.62
-31646.0	7804.0	702.295	1573.13
-31646.0	7804.0	701.085	1587.29
-31646.0	7804.0	699.875	1628.31
-31646.0	7804.0	698.665	1539.15
-31646.0	7804.0	697.455	1588.42
-31646.0	7804.0	696.244	1586.04
-31646.0	7804.0	695.034	1631.15
-31646.0	7804.0	693.822	1624.64
-31646.0	7804.0	692.611	1570.66
-31646.0	7804.0	691.4	1624.0
-31646.0	7804.0	690.188	1600.98
-31646.0	7804.0	688.976	1580.04
-31646.0	7804.0	687.764	1606.54
-31646.0	7804.0	686.551	1614.47
-31646.0	7804.0	685.339	1713.1
-31646.0	7804.0	684.126	1617.95
-31646.0	7804.0	682.912	1673.27
-31646.0	7804.0	681.699	1716.2
-31646.0	7804.0	680.485	1633.47
-31646.0	7804.0	679.271	1649.62
-31646.0	7804.0	678.057	1682.24
-31646.0	7804.0	676.843	1673.67
-31646.0	7804.0	675.628	1613.65
-31646.0	7804.0	674.413	1705.93
-31646.0	7804.0	673.198	1654.16
-31646.0	7804.0	671.983	1637.38
-31646.0	7804.0	670.767	1688.47
-31646.0	7804.0	669.551	1647.01
-31646.0	7804.0	668.335	1628.18
-31646.0	7804.0	667.119	1660.74
-31646.0	7804.0	665.902	1621.37
-31646.0	7804.0	664.686	1719.66
-31646.0	7804.0	663.469	1680.29
-31646.0	7804.0	662.251	1651.21
-31646.0	7804.0	661.034	1689.89
-31646.0	7804.0	659.816	1734.72
-31646.0	7804.0	658.598	1722.06
-31646.0	7804.0	657.38	1610.9
-31646.0	7804.0	656.161	1637.25
-31646.0	7804.0	654.942	1647.18
-31646.0	7804.0	653.723	1700.18
-31646.0	7804.0	652.504	1681.38
-31646.0	7804.0	651.285	1621.6
-31646.0	7804.0	650.065	1623.32
-31646.0	7804.0	648.845	1604.55
-31646.0	7804.0	647.625	1680.04
-31646.0	7804.0	646.404	1651.03
-31646.0	7804.0	645.184	1640.46
-31646.0	7804.0	643.963	1646.27
-31646.0	7804.0	642.742	1637.75
-31646.0	7804.0	641.52	1639.47
-31646.0	7804.0	640.298	1696.44
-31646.0	7804.0	639.076	1669.51
-31646.0	7804.0	637.854	1689.63
-31646.0	7804.0	636.632	1689.29
-31646.0	7804.0	635.409	1678.73
-31646.0	7804.0	634.186	1621.15
-31646.0	7804.0	632.963	1610.61
-31646.0	7804.0	631.74	1622.54
-31646.0	7804.0	630.516	1695.77
-31646.0	7804.0	629.292	1664.79
-31646.0	7804.0	628.068	1668.54
-31646.0	7804.0	626.844	1682.5
-31646.0	7804.0	625.619	1680.12
-31646.0	7804.0	624.394	1647.13
-31646.0	7804.0	623.169	1693.73
-31646.0	7804.0	621.944	1679.11
-31646.0	7804.0	620.718	1717.53
-31646.0	7804.0	619.492	1698.83
-31646.0	7804.0	618.266	1686.25
-31646.0	7804.0	617.04	1694.07
-31646.0	7804.0	615.813	1714.11
-31646.0	7804.0	614.587	1670.97
-31646.0	7804.0	613.36	1648.22
-31646.0	7804.0	612.132	1672.33
-31646.0	7804.0	610.905	1674.03
-31646.0	7804.0	609.677	1712.38
-31646.0	7804.0	608.449	1720.18
-31646.0	7804.0	607.22	1695.41
-31646.0	7804.0	605.992	1656.4
-31646.0	7804.0	604.763	1647.93
-31646.0	7804.0	603.534	1728.96
-31646.0	7804.0	602.305	1720.48
-31646.0	7804.0	601.075	1675.4
-31646.0	7804.0	599.845	1640.5
-31646.0	7804.0	598.615	1686.91
-31646.0	7804.0	597.385	1617.48
-31646.0	7804.0	596.154	1627.32
-31646.0	7804.0	594.924	1665.58
-31646.0	7804.0	593.693	1669.3
-31646.0	7804.0	592.461	1632.42
-31646.0	7804.0	591.23	1668.63
-31646.0	7804.0	589.998	1625.67
-31646.0	7804.0	588.766	1655.78
-31646.0	7804.0	587.534	1683.84
-31646.0	7804.0	586.301	1596.28
-31646.0	7804.0	585.068	1640.57
-31646.0	7804.0	583.835	1688.9
-31646.0	7804.0	582.602	1710.86
-31646.0	7804.0	581.368	1651.74
-31646.0	7804.0	580.134	1693.95
-31646.0	7804.0	578.9	1717.92
-31646.0	7804.0	577.666	1666.93
-31646.0	7804.0	576.432	1674.69
-31646.0	7804.0	575.197	1676.38
-31646.0	7804.0	573.962	1686.16
-31646.0	7804.0	572.726	1643.32
-31646.0	7804.0	571.491	1683.45
-31646.0	7804.0	570.255	1685.13
-31646.0	7804.0	569.019	1690.86
-31646.0	7804.0	567.783	1619.74
-31646.0	7804.0	566.546	1726.56
-31646.0	7804.0	565.309	1734.29
-31646.0	7804.0	564.072	1699.58
-31646.0	7804.0	562.835	1713.38
-31646.0	7804.0	561.597	1664.55
-31646.0	7804.0	560.359	1674.31
-31646.0	7804.0	559.121	1766.85
-31646.0	7804.0	557.883	1673.62
-31646.0	7804.0	556.644	1760.08
-31646.0	7804.0	555.406	1755.68
-31646.0	7804.0	554.167	1775.5
-31646.0	7804.0	552.927	1801.36
-31646.0	7804.0	551.688	1732.42
-31646.0	7804.0	550.448	1784.49
-31646.0	7804.0	549.208	1790.17
-31646.0	7804.0	547.967	1803.92
-31646.0	7804.0	546.727	1823.7
-31646.0	7804.0	545.486	1855.56
-31646.0	7804.0	544.245	1879.35
-31646.0	7804.0	543.003	1935.36
-31646.0	7804.0	541.762	1977.24
-31646.0	7804.0	540.52	2003.01
-31646.0	7804.0	539.278	1972.41
-31646.0	7804.0	538.035	2048.47
-31646.0	7804.0	536.793	2080.24
-31646.0	7804.0	535.55	2168.32
-31646.0	7804.0	534.307	2224.18
-31646.0	7804.0	533.063	2398.65
-31646.0	7804.0	531.82	2518.76
-31646.0	7804.0	530.576	2793.59
-31646.0	7804.0	529.331	3225.03
-31646.0	7804.0	528.087	3875.26
-31646.0	7804.0	526.842	4583.48
-31646.0	7804.0	525.597	5944.05
-31646.0	7804.0	524.352	7874.24
-31646.0	7804.0	523.107	10231.2
-31646.0	7804.0	521.861	13092.9
-31646.0	7804.0	520.615	14605.1
-31646.0	7804.0	519.369	12810.7
-31646.0	7804.0	518.122	11079.2
-31646.0	7804.0	516.876	9242.12
-31646.0	7804.0	515.629	7876.94
-31646.0	7804.0	514.381	6596.51
-31646.0	7804.0	513.134	5605.17
-31646.0	7804.0	511.886	5115.14
-31646.0	7804.0	510.638	4577.24
-31646.0	7804.0	509.39	4239.83
-31646.0	7804.0	508.141	3990.67
-31646.0	7804.0	506.892	3699.57
-31646.0	7804.0	505.643	3564.7
-31646.0	7804.0	504.394	3491.93
-31646.0	7804.0	503.145	3329.15
-31646.0	7804.0	501.895	3250.45
-31646.0	7804.0	500.645	3161.79
-31646.0	7804.0	499.394	3129.14
-31646.0	7804.0	498.144	3064.52
-31646.0	7804.0	496.893	3051.9
-31646.0	7804.0	495.642	2963.35
-31646.0	7804.0	494.39	2900.8
-31646.0	7804.0	493.139	2856.26
-31646.0	7804.0	491.887	2699.91
-31646.0	7804.0	490.635	2633.46
-31646.0	7804.0	489.382	2604.97
-31646.0	7804.0	488.13	2452.75
-31646.0	7804.0	486.877	2534.05
-31646.0	7804.0	485.623	2507.6
-31646.0	7804.0	484.37	2375.44
-31646.0	7804.0	483.116	2412.83
-31646.0	7804.0	481.862	2324.61
-31646.0	7804.0	480.608	2330.11
-31646.0	7804.0	479.354	2291.76
-31646.0	7804.0	478.099	2223.55
-31646.0	7804.0	476.844	2326.67
-31646.0	7804.0	475.588	2258.47
-31646.0	7804.0	474.333	2285.88
-31646.0	7804.0	473.077	2203.78
-31646.0	7804.0	471.821	2269.01
-31646.0	7804.0	470.565	2242.67
-31646.0	7804.0	469.308	2166.6
-31646.0	7804.0	468.051	2140.29
-31646.0	7804.0	466.794	2115.98
-31646.0	7804.0	465.537	2212.97
-31646.0	7804.0	464.279	2131.0
-31646.0	7804.0	463.021	2088.82
-31646.0	7804.0	461.763	2144.02
-31646.0	7804.0	460.505	2097.89
-31646.0	7804.0	459.246	2073.61
-31646.0	7804.0	457.987	2136.73
-31646.0	7804.0	456.728	2035.03
-31646.0	7804.0	455.469	2018.72
-31646.0	7804.0	454.209	1984.57
-31646.0	7804.0	452.949	1992.09
-31646.0	7804.0	451.689	1967.87
-31646.0	7804.0	450.428	2070.59
-31646.0	7804.0	449.167	2020.59
-31646.0	7804.0	447.906	2028.09
-31646.0	7804.0	446.645	2031.64
-31646.0	7804.0	445.383	2009.41
-31646.0	7804.0	444.122	2001.07
-31646.0	7804.0	442.86	1980.84
-31646.0	7804.0	441.597	1980.43
-31646.0	7804.0	440.335	2017.64
-31646.0	7804.0	439.072	2054.83
-31646.0	7804.0	437.809	1997.0
-31646.0	7804.0	436.545	1972.84
-31646.0	7804.0	435.281	2013.97
-31646.0	7804.0	434.018	1960.14
-31646.0	7804.0	432.753	1999.29
-31646.0	7804.0	431.489	1935.6
-31646.0	7804.0	430.224	2061.7
-31646.0	7804.0	428.959	2041.51
-31646.0	7804.0	427.694	2007.49
-31646.0	7804.0	426.428	1987.32
-31646.0	7804.0	425.163	2022.45
-31646.0	7804.0	423.896	2059.54
-31646.0	7804.0	422.63	1958.43
-31646.0	7804.0	421.364	2062.63
-31646.0	7804.0	420.097	2022.73
-31646.0	7804.0	418.83	2000.6
-31646.0	7804.0	417.562	1952.84
-31646.0	7804.0	416.295	2029.35
-31646.0	7804.0	415.027	2050.61
-31646.0	7804.0	413.758	1967.38
-31646.0	7804.0	412.49	2045.81
-31646.0	7804.0	411.221	1994.14
-31646.0	7804.0	409.952	1924.77
-31646.0	7804.0	408.683	1949.97
-31646.0	7804.0	407.414	1947.59
-31646.0	7804.0	406.144	1953.09
-31646.0	7804.0	404.874	1911.34
-31646.0	7804.0	403.603	1960.14
-31646.0	7804.0	402.333	1971.54
-31646.0	7804.0	401.062	1998.66
-31646.0	7804.0	399.791	1966.77
-31646.0	7804.0	398.519	1966.36
-31646.0	7804.0	397.248	1910.9
-31646.0	7804.0	395.976	1916.39
-31646.0	7804.0	394.704	1943.5
-31646.0	7804.0	393.431	1954.88
-31646.0	7804.0	392.159	1983.93
-31646.0	7804.0	390.886	1999.23
-31646.0	7804.0	389.612	1969.35
-31646.0	7804.0	388.339	1951.27
-31646.0	7804.0	387.065	2001.89
-31646.0	7804.0	385.791	2011.28
-31646.0	7804.0	384.517	1981.43
-31646.0	7804.0	383.242	2006.51
-31646.0	7804.0	381.967	2031.58
-31646.0	7804.0	380.692	1997.82
-31646.0	7804.0	379.417	1936.63
-31646.0	7804.0	378.141	1926.42
-31646.0	7804.0	376.865	1986.76
-31646.0	7804.0	375.589	1982.42
-31646.0	7804.0	374.312	2038.8
-31646.0	7804.0	373.035	2038.37
-31646.0	7804.0	371.758	1983.12
-31646.0	7804.0	370.481	2012.06
-31646.0	7804.0	369.204	1980.33
-31646.0	7804.0	367.926	2048.38
-31646.0	7804.0	366.648	1985.36
-31646.0	7804.0	365.369	1986.89
-31646.0	7804.0	364.091	2019.71
-31646.0	7804.0	362.812	2027.1
-31646.0	7804.0	361.532	1964.13
-31646.0	7804.0	360.253	1957.86
-31646.0	7804.0	358.973	2025.82
-31646.0	7804.0	357.693	2109.37
-31646.0	7804.0	356.413	1980.05
-31646.0	7804.0	355.132	2044.05
-31646.0	7804.0	353.852	2080.71
-31646.0	7804.0	352.571	2027.58
-31646.0	7804.0	351.289	2077.87
-31646.0	7804.0	350.008	1958.44
-31646.0	7804.0	348.726	2076.99
-31646.0	7804.0	347.444	2096.05
-31646.0	7804.0	346.161	2066.37
-31646.0	7804.0	344.878	2044.49
-31646.0	7804.0	343.595	2038.21
-31646.0	7804.0	342.312	2047.52
-31646.0	7804.0	341.029	2019.82
-31646.0	7804.0	339.745	2029.12
-31646.0	7804.0	338.461	2163.03
-31646.0	7804.0	337.176	2168.41
-31646.0	7804.0	335.892	2099.84
-31646.0	7804.0	334.607	2105.23
-31646.0	7804.0	333.322	2095.05
-31646.0	7804.0	332.036	2117.95
-31646.0	7804.0	330.75	2117.5
-31646.0	7804.0	329.464	2066.5
-31646.0	7804.0	328.178	2126.32
-31646.0	7804.0	326.892	2108.38
-31646.0	7804.0	325.605	2098.21
-31646.0	7804.0	324.318	2130.79
-31646.0	7804.0	323.03	2151.7
-31646.0	7804.0	321.743	2120.17
-31646.0	7804.0	320.455	2166.31
-31646.0	7804.0	319.167	2160.03
-31646.0	7804.0	317.878	2087.78
-31646.0	7804.0	316.59	2168.81
-31646.0	7804.0	315.301	2104.34
-31646.0	7804.0	314.011	2218.3
-31646.0	7804.0	312.722	2235.28
-31646.0	7804.0	311.432	2166.96
-31646.0	7804.0	310.142	2141.31
-31646.0	7804.0	308.851	2220.29
-31646.0	7804.0	307.561	2258.55
-31646.0	7804.0	306.27	2205.78
-31646.0	7804.0	304.979	2253.72
-31646.0	7804.0	303.687	2305.5
-31646.0	7804.0	302.395	2293.4
-31646.0	7804.0	301.103	2275.5
-31646.0	7804.0	299.811	2290.49
-31646.0	7804.0	298.519	2348.02
-31646.0	7804.0	297.226	2245.04
-31646.0	7804.0	295.933	2190.43
-31646.0	7804.0	294.639	2263.41
-31646.0	7804.0	293.345	2280.32
-31646.0	7804.0	292.052	2295.29
-31646.0	7804.0	290.757	2192.42
-31646.0	7804.0	289.463	2226.71
-31646.0	7804.0	288.168	2349.81
-31646.0	7804.0	286.873	2248.93
-31646.0	7804.0	285.578	2279.33
-31646.0	7804.0	284.282	2203.59
-31646.0	7804.0	282.986	2154.89
-31646.0	7804.0	281.69	2198.79
-31646.0	7804.0	280.393	2246.53
-31646.0	7804.0	279.097	2130.37
-31646.0	7804.0	277.8	2212.8
-31646.0	7804.0	276.502	2194.98
-31646.0	7804.0	275.205	2173.32
-31646.0	7804.0	273.907	2140.11
-31646.0	7804.0	272.609	2191.65
-31646.0	7804.0	271.311	2112.24
-31646.0	7804.0	270.012	2107.93
-31646.0	7804.0	268.713	2132.5
-31646.0	7804.0	267.414	2114.73
-31646.0	7804.0	266.114	2095.04
-31646.0	7804.0	264.814	2117.67
-31646.0	7804.0	263.514	2069.14
-31646.0	7804.0	262.214	2122.53
-31646.0	7804.0	260.913	2112.47
-31646.0	7804.0	259.613	2035.14
-31646.0	7804.0	258.311	2030.87
-31646.0	7804.0	257.01	2103.43
-31646.0	7804.0	255.708	2097.21
-31646.0	7804.0	254.406	2014.2
-31646.0	7804.0	253.104	2065.6
-31646.0	7804.0	251.801	2024.85
-31646.0	7804.0	250.499	2099.26
-31646.0	7804.0	249.195	2041.25
-31646.0	7804.0	247.892	2065.75
-31646.0	7804.0	246.588	2030.79
-31646.0	7804.0	245.284	2030.35
-31646.0	7804.0	243.98	1983.91
-31646.0	7804.0	242.676	2056.31
-31646.0	7804.0	241.371	2042.46
-31646.0	7804.0	240.066	2034.36
-31646.0	7804.0	238.76	2041.58
-31646.0	7804.0	237.455	2033.49
-31646.0	7804.0	236.149	2021.56
-31646.0	7804.0	234.843	2028.78
-31646.0	7804.0	233.536	1997.73
-31646.0	7804.0	232.229	1993.48
-31646.0	7804.0	230.922	2010.26
-31646.0	7804.0	229.615	2088.24
-31646.0	7804.0	228.307	1992.19
-31646.0	7804.0	227.0	1989.86
-31646.0	7804.0	225.691	1949.3
-31646.0	7804.0	224.383	1922.13
-31646.0	7804.0	223.074	1982.84
-31646.0	7804.0	221.765	1894.56
-31646.0	7804.0	220.456	1917.07
-31646.0	7804.0	219.146	1893.75
-31646.0	7804.0	217.836	1981.14
-31646.0	7804.0	216.526	1969.26
-31646.0	7804.0	215.216	1944.04
-31646.0	7804.0	213.905	1922.64
-31646.0	7804.0	212.594	1935.58
-31646.0	7804.0	211.283	1919.91
-31646.0	7804.0	209.971	1990.02
-31646.0	7804.0	208.66	2001.03
-31646.0	7804.0	207.348	1960.59
-31646.0	7804.0	206.035	2002.07
-31646.0	7804.0	204.722	1931.18
-31646.0	7804.0	203.409	1966.94
-31646.0	7804.0	202.096	1939.86
-31646.0	7804.0	200.783	1962.29
-31646.0	7804.0	199.469	1929.51
-31646.0	7804.0	198.155	1961.44
-31646.0	7804.0	196.84	1993.35
-31646.0	7804.0	195.526	1932.07
-31646.0	7804.0	194.211	1943.06
-31646.0	7804.0	192.896	2022.48
-31646.0	7804.0	191.58	2227.29
-31646.0	7804.0	190.264	2090.01
-31646.0	7804.0	188.948	2087.66
-31646.0	7804.0	187.632	1984.66
-31646.0	7804.0	186.315	2005.11
-31646.0	7804.0	184.998	2008.48
-31646.0	7804.0	183.681	2064.99
-31646.0	7804.0	182.364	2036.08
-31646.0	7804.0	181.046	2065.99
-31646.0	7804.0	179.728	2044.68
-31646.0	7804.0	178.41	2055.62
-31646.0	7804.0	177.091	2009.68
-31646.0	7804.0	175.772	2041.47
-31646.0	7804.0	174.453	2048.61
-31646.0	7804.0	173.133	2038.69
-31646.0	7804.0	171.814	2021.21
-31646.0	7804.0	170.494	2109.78
-31646.0	7804.0	169.173	2075.24
-31646.0	7804.0	167.853	2089.94
-31646.0	7804.0	166.532	2057.32
-31646.0	7804.0	165.211	2072.01
-31646.0	7804.0	163.889	2103.73
-31646.0	7804.0	162.567	1987.89
-31646.0	7804.0	161.245	2083.91
-31646.0	7804.0	159.923	2092.91
-31646.0	7804.0	158.6	2026.3
-31646.0	7804.0	157.278	2143.03
-31646.0	7804.0	155.954	2125.57
-31646.0	7804.0	154.631	2202.56
-31646.0	7804.0	153.307	2117.1
-31646.0	7804.0	151.983	2056.22
-31646.0	7804.0	150.659	2176.59
-31646.0	7804.0	149.334	2123.28
-31646.0	7804.0	148.009	2160.56
-31646.0	7804.0	146.684	2156.32
-31646.0	7804.0	145.359	2180.37
-31646.0	7804.0	144.033	2157.27
-31646.0	7804.0	142.707	2126.64
-31646.0	7804.0	141.381	2137.49
-31646.0	7804.0	140.054	2121.96
-31646.0	7804.0	138.727	2145.99
-31646.0	7804.0	137.4	2147.41
-31646.0	7804.0	136.072	2143.18
-31646.0	7804.0	134.745	2182.26
-31646.0	7804.0	133.417	2138.49
-31646.0	7804.0	132.088	2130.5
-31646.0	7804.0	130.76	2162.03
-31646.0	7804.0	129.431	2135.22
-31646.0	7804.0	128.102	2127.24
-31646.0	7804.0	126.772	2224.56
-31646.0	7804.0	125.442	2184.6
-31646.0	7804.0	124.112	2140.9
-31646.0	7804.0	122.782	2181.78
-31646.0	7804.0	121.451	2128.7
-31646.0	7804.0	120.12	2098.19
-31646.0	7804.0	118.789	2163.47
-31646.0	7804.0	117.458	2151.73
-31646.0	7804.0	116.126	2123.11
-31646.0	7804.0	114.794	2090.75
-31646.0	7804.0	113.462	2148.46
-31646.0	7804.0	112.129	2183.64
-31646.0	7804.0	110.796	2095.02
-31646.0	7804.0	109.463	2019.56
-31646.0	7804.0	108.129	2099.74
-31646.0	7804.0	106.796	2071.17
-31646.0	7804.0	105.461	2036.99
-31646.0	7804.0	104.127	2000.95
-31646.0	7804.0	102.792	2015.51
-31646.0	7804.0	101.457	1945.78
-31646.0	7804.0	100.122	1982.8
-31646.0	7804.0	98.7867	1871.93
-31646.0	7804.0	97.4509	1931.42
-31646.0	7804.0	96.1148	1927.26
-31646.0	7804.0	94.7784	1891.3
-31646.0	7804.0	93.4418	1836.65
-31646.0	7804.0	92.1048	1888.61
-31646.0	7804.0	90.7676	1822.77
-31646.0	7804.0	89.43	1813.03
-31646.0	7804.0	88.0922	1736.02
-31646.0	7804.0	86.7541	1776.75
-31646.0	7804.0	85.4157	1774.5
