-31604.0	7842.0	1311.89	1882.96
-31604.0	7842.0	1310.78	1959.87
-31604.0	7842.0	1309.68	1920.96
-31604.0	7842.0	1308.58	1909.3
-31604.0	7842.0	1307.48	1943.04
-31604.0	7842.0	1306.38	2028.98
-31604.0	7842.0	1305.28	1969.65
-31604.0	7842.0	1304.18	2010.18
-31604.0	7842.0	1303.07	1941.8
-31604.0	7842.0	1301.97	1930.15
-31604.0	7842.0	1300.87	1875.41
-31604.0	7842.0	1299.77	1911.39
-31604.0	7842.0	1298.66	1931.49
-31604.0	7842.0	1297.56	2017.31
-31604.0	7842.0	1296.46	1919.54
-31604.0	7842.0	1295.35	1921.49
-31604.0	7842.0	1294.25	1912.12
-31604.0	7842.0	1293.15	1995.63
-31604.0	7842.0	1292.04	1961.33
-31604.0	7842.0	1290.94	1961.02
-31604.0	7842.0	1289.83	1949.38
-31604.0	7842.0	1288.73	1935.49
-31604.0	7842.0	1287.63	1944.23
-31604.0	7842.0	1286.52	1891.87
-31604.0	7842.0	1285.42	1853.1
-31604.0	7842.0	1284.31	1916.14
-31604.0	7842.0	1283.21	1965.59
-31604.0	7842.0	1282.1	1874.81
-31604.0	7842.0	1280.99	1924.26
-31604.0	7842.0	1279.89	1896.82
-31604.0	7842.0	1278.78	1876.17
-31604.0	7842.0	1277.68	1932.37
-31604.0	7842.0	1276.57	1852.96
-31604.0	7842.0	1275.46	1893.33
-31604.0	7842.0	1274.36	1940.46
-31604.0	7842.0	1273.25	1928.86
-31604.0	7842.0	1272.14	1901.45
-31604.0	7842.0	1271.04	1916.94
-31604.0	7842.0	1269.93	1939.21
-31604.0	7842.0	1268.82	1877.95
-31604.0	7842.0	1267.71	1958.89
-31604.0	7842.0	1266.61	1906.67
-31604.0	7842.0	1265.5	1892.83
-31604.0	7842.0	1264.39	1876.73
-31604.0	7842.0	1263.28	1829.06
-31604.0	7842.0	1262.17	1921.22
-31604.0	7842.0	1261.06	1893.85
-31604.0	7842.0	1259.95	1911.58
-31604.0	7842.0	1258.84	1875.21
-31604.0	7842.0	1257.74	1863.63
-31604.0	7842.0	1256.63	1867.84
-31604.0	7842.0	1255.52	1892.31
-31604.0	7842.0	1254.41	1941.56
-31604.0	7842.0	1253.3	1941.24
-31604.0	7842.0	1252.19	1958.94
-31604.0	7842.0	1251.08	1976.63
-31604.0	7842.0	1249.96	1996.56
-31604.0	7842.0	1248.85	1928.72
-31604.0	7842.0	1247.74	1896.9
-31604.0	7842.0	1246.63	1885.34
-31604.0	7842.0	1245.52	1851.29
-31604.0	7842.0	1244.41	1853.24
-31604.0	7842.0	1243.3	1810.21
-31604.0	7842.0	1242.18	1969.55
-31604.0	7842.0	1241.07	1937.75
-31604.0	7842.0	1239.96	1908.22
-31604.0	7842.0	1238.85	1948.35
-31604.0	7842.0	1237.74	1869.39
-31604.0	7842.0	1236.62	1945.47
-31604.0	7842.0	1235.51	1891.24
-31604.0	7842.0	1234.4	1857.24
-31604.0	7842.0	1233.28	1888.38
-31604.0	7842.0	1232.17	1791.53
-31604.0	7842.0	1231.06	1874.29
-31604.0	7842.0	1229.94	1838.07
-31604.0	7842.0	1228.83	1889.38
-31604.0	7842.0	1227.71	1866.63
-31604.0	7842.0	1226.6	1857.35
-31604.0	7842.0	1225.48	1839.1
-31604.0	7842.0	1224.37	1928.5
-31604.0	7842.0	1223.25	1845.22
-31604.0	7842.0	1222.14	1914.41
-31604.0	7842.0	1221.02	1835.65
-31604.0	7842.0	1219.91	1895.85
-31604.0	7842.0	1218.79	1763.34
-31604.0	7842.0	1217.68	1872.82
-31604.0	7842.0	1216.56	1841.16
-31604.0	7842.0	1215.44	1798.3
-31604.0	7842.0	1214.33	1782.33
-31604.0	7842.0	1213.21	1923.08
-31604.0	7842.0	1212.09	1884.71
-31604.0	7842.0	1210.98	1835.16
-31604.0	7842.0	1209.86	1872.89
-31604.0	7842.0	1208.74	1877.06
-31604.0	7842.0	1207.62	1890.17
-31604.0	7842.0	1206.51	1867.49
-31604.0	7842.0	1205.39	1871.65
-31604.0	7842.0	1204.27	1826.63
-31604.0	7842.0	1203.15	1841.97
-31604.0	7842.0	1202.03	1935.54
-31604.0	7842.0	1200.91	1872.64
-31604.0	7842.0	1199.8	1838.82
-31604.0	7842.0	1198.68	1755.86
-31604.0	7842.0	1197.56	1882.88
-31604.0	7842.0	1196.44	1770.91
-31604.0	7842.0	1195.32	1813.03
-31604.0	7842.0	1194.2	1810.5
-31604.0	7842.0	1193.08	1792.34
-31604.0	7842.0	1191.96	1832.21
-31604.0	7842.0	1190.84	1845.3
-31604.0	7842.0	1189.72	1856.14
-31604.0	7842.0	1188.6	1855.83
-31604.0	7842.0	1187.48	1835.45
-31604.0	7842.0	1186.35	1772.71
-31604.0	7842.0	1185.23	1781.33
-31604.0	7842.0	1184.11	1830.07
-31604.0	7842.0	1182.99	1762.91
-31604.0	7842.0	1181.87	1867.34
-31604.0	7842.0	1180.75	1806.87
-31604.0	7842.0	1179.62	1848.9
-31604.0	7842.0	1178.5	1877.54
-31604.0	7842.0	1177.38	1863.86
-31604.0	7842.0	1176.26	1916.99
-31604.0	7842.0	1175.13	1885.5
-31604.0	7842.0	1174.01	1829.54
-31604.0	7842.0	1172.89	1891.54
-31604.0	7842.0	1171.76	1860.08
-31604.0	7842.0	1170.64	1888.68
-31604.0	7842.0	1169.51	1812.74
-31604.0	7842.0	1168.39	1899.17
-31604.0	7842.0	1167.27	1794.34
-31604.0	7842.0	1166.14	1778.48
-31604.0	7842.0	1165.02	1773.74
-31604.0	7842.0	1163.89	1733.44
-31604.0	7842.0	1162.77	1884.24
-31604.0	7842.0	1161.64	1821.71
-31604.0	7842.0	1160.52	1772.54
-31604.0	7842.0	1159.39	1807.78
-31604.0	7842.0	1158.26	1814.13
-31604.0	7842.0	1157.14	1773.86
-31604.0	7842.0	1156.01	1809.08
-31604.0	7842.0	1154.88	1768.83
-31604.0	7842.0	1153.76	1883.91
-31604.0	7842.0	1152.63	1748.26
-31604.0	7842.0	1151.5	1805.64
-31604.0	7842.0	1150.38	1827.51
-31604.0	7842.0	1149.25	1827.2
-31604.0	7842.0	1148.12	1789.2
-31604.0	7842.0	1146.99	1802.2
-31604.0	7842.0	1145.87	1806.33
-31604.0	7842.0	1144.74	1761.7
-31604.0	7842.0	1143.61	1776.91
-31604.0	7842.0	1142.48	1774.39
-31604.0	7842.0	1141.35	1842.75
-31604.0	7842.0	1140.22	1722.86
-31604.0	7842.0	1139.09	1746.92
-31604.0	7842.0	1137.97	1755.48
-31604.0	7842.0	1136.84	1792.81
-31604.0	7842.0	1135.71	1741.6
-31604.0	7842.0	1134.58	1787.77
-31604.0	7842.0	1133.45	1807.38
-31604.0	7842.0	1132.32	1780.53
-31604.0	7842.0	1131.19	1713.88
-31604.0	7842.0	1130.05	1698.11
-31604.0	7842.0	1128.92	1819.41
-31604.0	7842.0	1127.79	1788.15
-31604.0	7842.0	1126.66	1776.8
-31604.0	7842.0	1125.53	1787.54
-31604.0	7842.0	1124.4	1749.68
-31604.0	7842.0	1123.27	1709.62
-31604.0	7842.0	1122.13	1773.37
-31604.0	7842.0	1121.0	1806.19
-31604.0	7842.0	1119.87	1702.12
-31604.0	7842.0	1118.74	1776.88
-31604.0	7842.0	1117.6	1787.61
-31604.0	7842.0	1116.47	1785.1
-31604.0	7842.0	1115.34	1809.06
-31604.0	7842.0	1114.2	1755.81
-31604.0	7842.0	1113.07	1768.74
-31604.0	7842.0	1111.94	1733.15
-31604.0	7842.0	1110.8	1814.43
-31604.0	7842.0	1109.67	1794.28
-31604.0	7842.0	1108.54	1721.24
-31604.0	7842.0	1107.4	1740.78
-31604.0	7842.0	1106.27	1665.57
-31604.0	7842.0	1105.13	1777.63
-31604.0	7842.0	1104.0	1812.56
-31604.0	7842.0	1102.86	1783.62
-31604.0	7842.0	1101.72	1726.07
-31604.0	7842.0	1100.59	1730.17
-31604.0	7842.0	1099.45	1817.91
-31604.0	7842.0	1098.32	1815.4
-31604.0	7842.0	1097.18	1733.68
-31604.0	7842.0	1096.04	1827.97
-31604.0	7842.0	1094.91	1783.67
-31604.0	7842.0	1093.77	1750.37
-31604.0	7842.0	1092.63	1796.24
-31604.0	7842.0	1091.5	1743.17
-31604.0	7842.0	1090.36	1850.56
-31604.0	7842.0	1089.22	1692.03
-31604.0	7842.0	1088.08	1707.11
-31604.0	7842.0	1086.95	1788.1
-31604.0	7842.0	1085.81	1686.76
-31604.0	7842.0	1084.67	1769.91
-31604.0	7842.0	1083.53	1738.86
-31604.0	7842.0	1082.39	1666.12
-31604.0	7842.0	1081.25	1790.94
-31604.0	7842.0	1080.11	1698.46
-31604.0	7842.0	1078.97	1680.61
-31604.0	7842.0	1077.83	1682.51
-31604.0	7842.0	1076.69	1745.83
-31604.0	7842.0	1075.55	1701.66
-31604.0	7842.0	1074.41	1743.03
-31604.0	7842.0	1073.27	1729.57
-31604.0	7842.0	1072.13	1626.26
-31604.0	7842.0	1070.99	1735.54
-31604.0	7842.0	1069.85	1748.38
-31604.0	7842.0	1068.71	1673.6
-31604.0	7842.0	1067.57	1749.96
-31604.0	7842.0	1066.43	1751.85
-31604.0	7842.0	1065.28	1727.46
-31604.0	7842.0	1064.14	1735.91
-31604.0	7842.0	1063.0	1718.1
-31604.0	7842.0	1061.86	1702.48
-31604.0	7842.0	1060.71	1721.88
-31604.0	7842.0	1059.57	1760.95
-31604.0	7842.0	1058.43	1725.65
-31604.0	7842.0	1057.29	1710.04
-31604.0	7842.0	1056.14	1808.12
-31604.0	7842.0	1055.0	1733.48
-31604.0	7842.0	1053.85	1739.74
-31604.0	7842.0	1052.71	1754.73
-31604.0	7842.0	1051.57	1743.5
-31604.0	7842.0	1050.42	1677.66
-31604.0	7842.0	1049.28	1607.47
-31604.0	7842.0	1048.13	1779.7
-31604.0	7842.0	1046.99	1729.17
-31604.0	7842.0	1045.84	1691.76
-31604.0	7842.0	1044.7	1732.93
-31604.0	7842.0	1043.55	1732.62
-31604.0	7842.0	1042.4	1706.14
-31604.0	7842.0	1041.26	1777.82
-31604.0	7842.0	1040.11	1760.06
-31604.0	7842.0	1038.97	1753.21
-31604.0	7842.0	1037.82	1833.57
-31604.0	7842.0	1036.67	1756.95
-31604.0	7842.0	1035.53	1758.82
-31604.0	7842.0	1034.38	1773.76
-31604.0	7842.0	1033.23	1764.73
-31604.0	7842.0	1032.08	1799.27
-31604.0	7842.0	1030.94	1735.8
-31604.0	7842.0	1029.79	1728.96
-31604.0	7842.0	1028.64	1835.33
-31604.0	7842.0	1027.49	1798.0
-31604.0	7842.0	1026.34	1797.68
-31604.0	7842.0	1025.19	1788.66
-31604.0	7842.0	1024.04	1775.29
-31604.0	7842.0	1022.89	1794.55
-31604.0	7842.0	1021.74	1800.76
-31604.0	7842.0	1020.59	1854.8
-31604.0	7842.0	1019.45	1847.95
-31604.0	7842.0	1018.29	1819.36
-31604.0	7842.0	1017.14	1821.21
-31604.0	7842.0	1015.99	1801.33
-31604.0	7842.0	1014.84	1931.36
-31604.0	7842.0	1013.69	1874.54
-31604.0	7842.0	1012.54	1843.81
-31604.0	7842.0	1011.39	1891.25
-31604.0	7842.0	1010.24	1897.42
-31604.0	7842.0	1009.09	1890.57
-31604.0	7842.0	1007.93	1905.43
-31604.0	7842.0	1006.78	1933.29
-31604.0	7842.0	1005.63	1939.46
-31604.0	7842.0	1004.48	1973.82
-31604.0	7842.0	1003.32	1956.11
-31604.0	7842.0	1002.17	1983.95
-31604.0	7842.0	1001.02	2046.47
-31604.0	7842.0	999.865	1981.08
-31604.0	7842.0	998.711	2045.73
-31604.0	7842.0	997.558	2067.03
-31604.0	7842.0	996.403	2021.17
-31604.0	7842.0	995.249	2079.29
-31604.0	7842.0	994.095	2143.88
-31604.0	7842.0	992.94	2160.82
-31604.0	7842.0	991.785	2223.21
-31604.0	7842.0	990.63	2160.05
-31604.0	7842.0	989.475	2172.64
-31604.0	7842.0	988.319	2215.52
-31604.0	7842.0	987.164	2267.04
-31604.0	7842.0	986.008	2229.87
-31604.0	7842.0	984.852	2207.84
-31604.0	7842.0	983.695	2296.09
-31604.0	7842.0	982.539	2306.48
-31604.0	7842.0	981.382	2275.81
-31604.0	7842.0	980.225	2316.46
-31604.0	7842.0	979.068	2374.37
-31604.0	7842.0	977.911	2356.67
-31604.0	7842.0	976.753	2341.12
-31604.0	7842.0	975.595	2308.31
-31604.0	7842.0	974.437	2357.55
-31604.0	7842.0	973.279	2272.94
-31604.0	7842.0	972.121	2294.11
-31604.0	7842.0	970.962	2358.43
-31604.0	7842.0	969.803	2291.13
-31604.0	7842.0	968.644	2256.2
-31604.0	7842.0	967.485	2316.18
-31604.0	7842.0	966.326	2328.7
-31604.0	7842.0	965.166	2298.09
-31604.0	7842.0	964.006	2345.1
-31604.0	7842.0	962.846	2331.74
-31604.0	7842.0	961.686	2391.65
-31604.0	7842.0	960.525	2354.59
-31604.0	7842.0	959.365	2384.32
-31604.0	7842.0	958.204	2411.88
-31604.0	7842.0	957.043	2452.35
-31604.0	7842.0	955.881	2339.97
-31604.0	7842.0	954.72	2341.69
-31604.0	7842.0	953.558	2328.36
-31604.0	7842.0	952.396	2375.27
-31604.0	7842.0	951.234	2415.71
-31604.0	7842.0	950.071	2378.7
-31604.0	7842.0	948.909	2369.67
-31604.0	7842.0	947.746	2293.99
-31604.0	7842.0	946.583	2302.17
-31604.0	7842.0	945.42	2349.03
-31604.0	7842.0	944.256	2331.41
-31604.0	7842.0	943.092	2270.83
-31604.0	7842.0	941.929	2268.27
-31604.0	7842.0	940.765	2330.14
-31604.0	7842.0	939.6	2344.74
-31604.0	7842.0	938.436	2275.62
-31604.0	7842.0	937.271	2178.61
-31604.0	7842.0	936.106	2182.51
-31604.0	7842.0	934.941	2220.73
-31604.0	7842.0	933.775	2102.33
-31604.0	7842.0	932.61	2099.8
-31604.0	7842.0	931.444	2080.12
-31604.0	7842.0	930.278	2088.31
-31604.0	7842.0	929.112	1972.17
-31604.0	7842.0	927.945	1901.08
-31604.0	7842.0	926.779	1868.59
-31604.0	7842.0	925.612	1998.94
-31604.0	7842.0	924.445	1930.03
-31604.0	7842.0	923.278	1927.53
-31604.0	7842.0	922.11	1826.54
-31604.0	7842.0	920.942	1881.86
-31604.0	7842.0	919.774	1986.4
-31604.0	7842.0	918.606	1844.79
-31604.0	7842.0	917.438	1889.38
-31604.0	7842.0	916.269	1854.81
-31604.0	7842.0	915.1	1841.63
-31604.0	7842.0	913.931	1849.85
-31604.0	7842.0	912.762	1742.6
-31604.0	7842.0	911.593	1770.07
-31604.0	7842.0	910.423	1748.37
-31604.0	7842.0	909.253	1735.22
-31604.0	7842.0	908.083	1762.68
-31604.0	7842.0	906.913	1770.9
-31604.0	7842.0	905.742	1719.31
-31604.0	7842.0	904.572	1697.64
-31604.0	7842.0	903.401	1708.0
-31604.0	7842.0	902.229	1748.24
-31604.0	7842.0	901.058	1722.31
-31604.0	7842.0	899.886	1696.38
-31604.0	7842.0	898.715	1659.8
-31604.0	7842.0	897.543	1644.56
-31604.0	7842.0	896.37	1716.77
-31604.0	7842.0	895.198	1718.58
-31604.0	7842.0	894.025	1692.68
-31604.0	7842.0	892.852	1726.47
-31604.0	7842.0	891.679	1709.1
-31604.0	7842.0	890.506	1713.04
-31604.0	7842.0	889.332	1682.9
-31604.0	7842.0	888.158	1665.55
-31604.0	7842.0	886.984	1663.11
-31604.0	7842.0	885.81	1645.77
-31604.0	7842.0	884.636	1760.41
-31604.0	7842.0	883.461	1696.24
-31604.0	7842.0	882.286	1612.93
-31604.0	7842.0	881.111	1701.99
-31604.0	7842.0	879.936	1676.14
-31604.0	7842.0	878.76	1669.45
-31604.0	7842.0	877.584	1662.76
-31604.0	7842.0	876.408	1690.09
-31604.0	7842.0	875.232	1689.77
-31604.0	7842.0	874.056	1693.71
-31604.0	7842.0	872.879	1693.39
-31604.0	7842.0	871.702	1697.32
-31604.0	7842.0	870.525	1622.67
-31604.0	7842.0	869.348	1675.45
-31604.0	7842.0	868.17	1658.16
-31604.0	7842.0	866.993	1581.43
-31604.0	7842.0	865.815	1661.78
-31604.0	7842.0	864.637	1652.98
-31604.0	7842.0	863.458	1688.74
-31604.0	7842.0	862.28	1592.97
-31604.0	7842.0	861.101	1605.39
-31604.0	7842.0	859.922	1624.18
-31604.0	7842.0	858.742	1659.91
-31604.0	7842.0	857.563	1657.48
-31604.0	7842.0	856.383	1691.07
-31604.0	7842.0	855.203	1652.62
-31604.0	7842.0	854.023	1688.32
-31604.0	7842.0	852.843	1690.12
-31604.0	7842.0	851.662	1592.4
-31604.0	7842.0	850.481	1596.33
-31604.0	7842.0	849.3	1600.26
-31604.0	7842.0	848.119	1599.96
-31604.0	7842.0	846.937	1701.23
-31604.0	7842.0	845.756	1588.78
-31604.0	7842.0	844.574	1687.9
-31604.0	7842.0	843.392	1619.9
-31604.0	7842.0	842.209	1619.6
-31604.0	7842.0	841.027	1705.97
-31604.0	7842.0	839.844	1629.56
-31604.0	7842.0	838.661	1646.15
-31604.0	7842.0	837.477	1628.94
-31604.0	7842.0	836.294	1607.51
-31604.0	7842.0	835.11	1621.99
-31604.0	7842.0	833.926	1710.37
-31604.0	7842.0	832.742	1695.27
-31604.0	7842.0	831.558	1640.06
-31604.0	7842.0	830.373	1582.77
-31604.0	7842.0	829.188	1612.01
-31604.0	7842.0	828.003	1582.17
-31604.0	7842.0	826.818	1609.29
-31604.0	7842.0	825.632	1587.9
-31604.0	7842.0	824.446	1619.22
-31604.0	7842.0	823.26	1618.92
-31604.0	7842.0	822.074	1593.32
-31604.0	7842.0	820.888	1609.87
-31604.0	7842.0	819.701	1653.81
-31604.0	7842.0	818.514	1617.69
-31604.0	7842.0	817.327	1630.02
-31604.0	7842.0	816.14	1579.17
-31604.0	7842.0	814.952	1568.35
-31604.0	7842.0	813.765	1563.84
-31604.0	7842.0	812.577	1580.37
-31604.0	7842.0	811.388	1559.03
-31604.0	7842.0	810.2	1590.29
-31604.0	7842.0	809.011	1560.54
-31604.0	7842.0	807.822	1621.23
-31604.0	7842.0	806.633	1641.94
-31604.0	7842.0	805.444	1584.87
-31604.0	7842.0	804.254	1586.67
-31604.0	7842.0	803.064	1571.66
-31604.0	7842.0	801.874	1567.16
-31604.0	7842.0	800.684	1516.45
-31604.0	7842.0	799.493	1574.96
-31604.0	7842.0	798.303	1633.45
-31604.0	7842.0	797.112	1641.53
-31604.0	7842.0	795.921	1590.85
-31604.0	7842.0	794.729	1619.92
-31604.0	7842.0	793.538	1611.22
-31604.0	7842.0	792.346	1610.91
-31604.0	7842.0	791.154	1589.63
-31604.0	7842.0	789.961	1635.45
-31604.0	7842.0	788.769	1628.85
-31604.0	7842.0	787.576	1609.67
-31604.0	7842.0	786.383	1592.6
-31604.0	7842.0	785.19	1575.53
-31604.0	7842.0	783.996	1571.04
-31604.0	7842.0	782.802	1560.27
-31604.0	7842.0	781.608	1543.21
-31604.0	7842.0	780.414	1639.22
-31604.0	7842.0	779.22	1597.04
-31604.0	7842.0	778.025	1561.16
-31604.0	7842.0	776.83	1539.93
-31604.0	7842.0	775.635	1604.49
-31604.0	7842.0	774.44	1616.73
-31604.0	7842.0	773.244	1622.69
-31604.0	7842.0	772.049	1574.29
-31604.0	7842.0	770.853	1601.16
-31604.0	7842.0	769.656	1600.85
-31604.0	7842.0	768.46	1573.38
-31604.0	7842.0	767.263	1642.01
-31604.0	7842.0	766.066	1604.1
-31604.0	7842.0	764.869	1585.0
-31604.0	7842.0	763.672	1613.92
-31604.0	7842.0	762.474	1615.7
-31604.0	7842.0	761.276	1636.25
-31604.0	7842.0	760.078	1546.21
-31604.0	7842.0	758.88	1583.46
-31604.0	7842.0	757.681	1645.73
-31604.0	7842.0	756.483	1593.28
-31604.0	7842.0	755.284	1576.29
-31604.0	7842.0	754.084	1601.0
-31604.0	7842.0	752.885	1561.09
-31604.0	7842.0	751.685	1569.12
-31604.0	7842.0	750.485	1595.9
-31604.0	7842.0	749.285	1558.1
-31604.0	7842.0	748.085	1595.28
-31604.0	7842.0	746.884	1572.07
-31604.0	7842.0	745.683	1573.84
-31604.0	7842.0	744.482	1540.23
-31604.0	7842.0	743.281	1566.99
-31604.0	7842.0	742.079	1616.62
-31604.0	7842.0	740.877	1628.78
-31604.0	7842.0	739.675	1518.24
-31604.0	7842.0	738.473	1555.37
-31604.0	7842.0	737.27	1567.54
-31604.0	7842.0	736.068	1525.67
-31604.0	7842.0	734.865	1521.21
-31604.0	7842.0	733.661	1527.15
-31604.0	7842.0	732.458	1595.4
-31604.0	7842.0	731.254	1497.47
-31604.0	7842.0	730.05	1655.0
-31604.0	7842.0	728.846	1573.71
-31604.0	7842.0	727.642	1548.49
-31604.0	7842.0	726.437	1560.64
-31604.0	7842.0	725.232	1608.06
-31604.0	7842.0	724.027	1576.63
-31604.0	7842.0	722.822	1599.13
-31604.0	7842.0	721.616	1567.71
-31604.0	7842.0	720.41	1592.29
-31604.0	7842.0	719.204	1573.32
-31604.0	7842.0	717.998	1602.03
-31604.0	7842.0	716.791	1597.57
-31604.0	7842.0	715.585	1576.54
-31604.0	7842.0	714.378	1814.42
-31604.0	7842.0	713.17	1615.27
-31604.0	7842.0	711.963	1590.1
-31604.0	7842.0	710.755	1558.74
-31604.0	7842.0	709.547	1626.73
-31604.0	7842.0	708.339	1667.8
-31604.0	7842.0	707.131	1528.86
-31604.0	7842.0	705.922	1582.34
-31604.0	7842.0	704.713	1557.21
-31604.0	7842.0	703.504	1596.19
-31604.0	7842.0	702.295	1571.07
-31604.0	7842.0	701.085	1581.09
-31604.0	7842.0	699.875	1568.38
-31604.0	7842.0	698.665	1636.25
-31604.0	7842.0	697.455	1631.8
-31604.0	7842.0	696.244	1602.56
-31604.0	7842.0	695.034	1558.89
-31604.0	7842.0	693.822	1599.87
-31604.0	7842.0	692.611	1634.64
-31604.0	7842.0	691.4	1632.25
-31604.0	7842.0	690.188	1543.22
-31604.0	7842.0	688.976	1608.92
-31604.0	7842.0	687.764	1583.85
-31604.0	7842.0	686.551	1626.84
-31604.0	7842.0	685.339	1597.66
-31604.0	7842.0	684.126	1636.5
-31604.0	7842.0	682.912	1640.3
-31604.0	7842.0	681.699	1602.89
-31604.0	7842.0	680.485	1604.63
-31604.0	7842.0	679.271	1649.62
-31604.0	7842.0	678.057	1663.71
-31604.0	7842.0	676.843	1634.56
-31604.0	7842.0	675.628	1660.99
-31604.0	7842.0	674.413	1679.18
-31604.0	7842.0	673.198	1682.96
-31604.0	7842.0	671.983	1635.32
-31604.0	7842.0	670.767	1698.75
-31604.0	7842.0	669.551	1659.34
-31604.0	7842.0	668.335	1622.01
-31604.0	7842.0	667.119	1631.97
-31604.0	7842.0	665.902	1697.4
-31604.0	7842.0	664.686	1584.06
-31604.0	7842.0	663.469	1645.37
-31604.0	7842.0	662.251	1558.79
-31604.0	7842.0	661.034	1675.52
-31604.0	7842.0	659.816	1658.76
-31604.0	7842.0	658.598	1674.85
-31604.0	7842.0	657.38	1600.64
-31604.0	7842.0	656.161	1594.17
-31604.0	7842.0	654.942	1655.39
-31604.0	7842.0	653.723	1657.11
-31604.0	7842.0	652.504	1621.92
-31604.0	7842.0	651.285	1582.64
-31604.0	7842.0	650.065	1635.62
-31604.0	7842.0	648.845	1629.15
-31604.0	7842.0	647.625	1557.11
-31604.0	7842.0	646.404	1673.56
-31604.0	7842.0	645.184	1660.94
-31604.0	7842.0	643.963	1689.27
-31604.0	7842.0	642.742	1670.51
-31604.0	7842.0	641.52	1621.05
-31604.0	7842.0	640.298	1630.96
-31604.0	7842.0	639.076	1644.96
-31604.0	7842.0	637.854	1609.85
-31604.0	7842.0	636.632	1677.02
-31604.0	7842.0	635.409	1594.89
-31604.0	7842.0	634.186	1696.79
-31604.0	7842.0	632.963	1647.4
-31604.0	7842.0	631.74	1689.98
-31604.0	7842.0	630.516	1689.64
-31604.0	7842.0	629.292	1681.13
-31604.0	7842.0	628.068	1639.95
-31604.0	7842.0	626.844	1696.79
-31604.0	7842.0	625.619	1676.04
-31604.0	7842.0	624.394	1636.92
-31604.0	7842.0	623.169	1630.47
-31604.0	7842.0	621.944	1736.23
-31604.0	7842.0	620.718	1717.53
-31604.0	7842.0	619.492	1749.81
-31604.0	7842.0	618.266	1629.16
-31604.0	7842.0	617.04	1665.52
-31604.0	7842.0	615.813	1593.85
-31604.0	7842.0	614.587	1626.14
-31604.0	7842.0	613.36	1678.78
-31604.0	7842.0	612.132	1615.3
-31604.0	7842.0	610.905	1639.41
-31604.0	7842.0	609.677	1637.04
-31604.0	7842.0	608.449	1634.68
-31604.0	7842.0	607.22	1691.34
-31604.0	7842.0	605.992	1650.3
-31604.0	7842.0	604.763	1676.41
-31604.0	7842.0	603.534	1663.87
-31604.0	7842.0	602.305	1669.63
-31604.0	7842.0	601.075	1630.67
-31604.0	7842.0	599.845	1616.11
-31604.0	7842.0	598.615	1613.75
-31604.0	7842.0	597.385	1682.51
-31604.0	7842.0	596.154	1607.0
-31604.0	7842.0	594.924	1689.95
-31604.0	7842.0	593.693	1679.46
-31604.0	7842.0	592.461	1632.42
-31604.0	7842.0	591.23	1664.57
-31604.0	7842.0	589.998	1615.52
-31604.0	7842.0	588.766	1659.84
-31604.0	7842.0	587.534	1661.53
-31604.0	7842.0	586.301	1665.25
-31604.0	7842.0	585.068	1640.57
-31604.0	7842.0	583.835	1676.74
-31604.0	7842.0	582.602	1706.8
-31604.0	7842.0	581.368	1605.12
-31604.0	7842.0	580.134	1631.14
-31604.0	7842.0	578.9	1638.91
-31604.0	7842.0	577.666	1668.96
-31604.0	7842.0	576.432	1642.29
-31604.0	7842.0	575.197	1660.18
-31604.0	7842.0	573.962	1609.24
-31604.0	7842.0	572.726	1663.55
-31604.0	7842.0	571.491	1713.8
-31604.0	7842.0	570.255	1689.18
-31604.0	7842.0	569.019	1670.63
-31604.0	7842.0	567.783	1724.89
-31604.0	7842.0	566.546	1752.84
-31604.0	7842.0	565.309	1681.74
-31604.0	7842.0	564.072	1655.12
-31604.0	7842.0	562.835	1668.93
-31604.0	7842.0	561.597	1721.11
-31604.0	7842.0	560.359	1726.82
-31604.0	7842.0	559.121	1675.98
-31604.0	7842.0	557.883	1685.74
-31604.0	7842.0	556.644	1727.78
-31604.0	7842.0	555.406	1765.77
-31604.0	7842.0	554.167	1743.22
-31604.0	7842.0	552.927	1793.29
-31604.0	7842.0	551.688	1819.14
-31604.0	7842.0	550.448	1838.93
-31604.0	7842.0	549.208	1840.57
-31604.0	7842.0	547.967	1836.17
-31604.0	7842.0	546.727	1797.5
-31604.0	7842.0	545.486	1847.5
-31604.0	7842.0	544.245	1895.47
-31604.0	7842.0	543.003	1925.29
-31604.0	7842.0	541.762	1987.31
-31604.0	7842.0	540.52	1978.85
-31604.0	7842.0	539.278	1942.22
-31604.0	7842.0	538.035	1994.14
-31604.0	7842.0	536.793	2074.2
-31604.0	7842.0	535.55	2210.56
-31604.0	7842.0	534.307	2248.31
-31604.0	7842.0	533.063	2354.41
-31604.0	7842.0	531.82	2534.85
-31604.0	7842.0	530.576	2841.82
-31604.0	7842.0	529.331	3154.7
-31604.0	7842.0	528.087	3702.49
-31604.0	7842.0	526.842	4537.28
-31604.0	7842.0	525.597	5775.36
-31604.0	7842.0	524.352	7458.65
-31604.0	7842.0	523.107	9717.33
-31604.0	7842.0	521.861	12665.5
-31604.0	7842.0	520.615	13979.1
-31604.0	7842.0	519.369	12433.6
-31604.0	7842.0	518.122	10487.5
-31604.0	7842.0	516.876	8730.79
-31604.0	7842.0	515.629	7486.0
-31604.0	7842.0	514.381	6454.19
-31604.0	7842.0	513.134	5587.14
-31604.0	7842.0	511.886	4924.8
-31604.0	7842.0	510.638	4551.2
-31604.0	7842.0	509.39	4189.77
-31604.0	7842.0	508.141	3932.6
-31604.0	7842.0	506.892	3715.58
-31604.0	7842.0	505.643	3560.7
-31604.0	7842.0	504.394	3401.88
-31604.0	7842.0	503.145	3293.14
-31604.0	7842.0	501.895	3174.44
-31604.0	7842.0	500.645	3177.78
-31604.0	7842.0	499.394	3159.13
-31604.0	7842.0	498.144	3038.54
-31604.0	7842.0	496.893	2959.96
-31604.0	7842.0	495.642	2973.34
-31604.0	7842.0	494.39	2794.92
-31604.0	7842.0	493.139	2740.41
-31604.0	7842.0	491.887	2636.0
-31604.0	7842.0	490.635	2657.42
-31604.0	7842.0	489.382	2555.07
-31604.0	7842.0	488.13	2446.77
-31604.0	7842.0	486.877	2474.19
-31604.0	7842.0	485.623	2485.65
-31604.0	7842.0	484.37	2395.38
-31604.0	7842.0	483.116	2414.83
-31604.0	7842.0	481.862	2368.47
-31604.0	7842.0	480.608	2284.27
-31604.0	7842.0	479.354	2253.9
-31604.0	7842.0	478.099	2289.3
-31604.0	7842.0	476.844	2280.85
-31604.0	7842.0	475.588	2226.61
-31604.0	7842.0	474.333	2256.01
-31604.0	7842.0	473.077	2199.8
-31604.0	7842.0	471.821	2121.72
-31604.0	7842.0	470.565	2141.18
-31604.0	7842.0	469.308	2077.07
-31604.0	7842.0	468.051	2154.21
-31604.0	7842.0	466.794	2115.98
-31604.0	7842.0	465.537	2199.05
-31604.0	7842.0	464.279	2125.04
-31604.0	7842.0	463.021	2033.17
-31604.0	7842.0	461.763	2106.27
-31604.0	7842.0	460.505	2125.7
-31604.0	7842.0	459.246	2091.49
-31604.0	7842.0	457.987	2039.42
-31604.0	7842.0	456.728	2096.58
-31604.0	7842.0	455.469	1992.92
-31604.0	7842.0	454.209	1940.91
-31604.0	7842.0	452.949	2007.96
-31604.0	7842.0	451.689	1934.14
-31604.0	7842.0	450.428	2052.74
-31604.0	7842.0	449.167	1933.34
-31604.0	7842.0	447.906	1962.67
-31604.0	7842.0	446.645	1922.62
-31604.0	7842.0	445.383	2023.28
-31604.0	7842.0	444.122	2010.97
-31604.0	7842.0	442.86	1947.17
-31604.0	7842.0	441.597	2014.1
-31604.0	7842.0	440.335	1950.31
-31604.0	7842.0	439.072	1999.4
-31604.0	7842.0	437.809	1991.06
-31604.0	7842.0	436.545	1957.01
-31604.0	7842.0	435.281	1968.47
-31604.0	7842.0	434.018	1993.77
-31604.0	7842.0	432.753	1991.37
-31604.0	7842.0	431.489	1951.42
-31604.0	7842.0	430.224	2032.05
-31604.0	7842.0	428.959	2023.72
-31604.0	7842.0	427.694	2003.54
-31604.0	7842.0	426.428	1971.51
-31604.0	7842.0	425.163	1949.37
-31604.0	7842.0	423.896	1931.19
-31604.0	7842.0	422.63	1936.71
-31604.0	7842.0	421.364	1993.55
-31604.0	7842.0	420.097	2016.81
-31604.0	7842.0	418.83	2002.58
-31604.0	7842.0	417.562	1988.35
-31604.0	7842.0	416.295	2009.62
-31604.0	7842.0	415.027	1987.51
-31604.0	7842.0	413.758	1939.78
-31604.0	7842.0	412.49	2000.48
-31604.0	7842.0	411.221	1980.35
-31604.0	7842.0	409.952	1944.47
-31604.0	7842.0	408.683	1946.03
-31604.0	7842.0	407.414	1898.36
-31604.0	7842.0	406.144	1949.15
-31604.0	7842.0	404.874	1929.06
-31604.0	7842.0	403.603	1975.89
-31604.0	7842.0	402.333	2004.99
-31604.0	7842.0	401.062	1941.61
-31604.0	7842.0	399.791	1927.44
-31604.0	7842.0	398.519	1954.56
-31604.0	7842.0	397.248	1944.32
-31604.0	7842.0	395.976	2034.33
-31604.0	7842.0	394.704	2018.18
-31604.0	7842.0	393.431	1952.92
-31604.0	7842.0	392.159	1942.68
-31604.0	7842.0	390.886	1989.41
-31604.0	7842.0	389.612	1943.83
-31604.0	7842.0	388.339	1866.86
-31604.0	7842.0	387.065	1986.19
-31604.0	7842.0	385.791	2017.16
-31604.0	7842.0	384.517	1997.12
-31604.0	7842.0	383.242	1880.98
-31604.0	7842.0	381.967	1911.96
-31604.0	7842.0	380.692	1944.88
-31604.0	7842.0	379.417	1934.67
-31604.0	7842.0	378.141	1993.06
-31604.0	7842.0	376.865	2002.43
-31604.0	7842.0	375.589	1958.91
-31604.0	7842.0	374.312	1983.96
-31604.0	7842.0	373.035	1987.46
-31604.0	7842.0	371.758	1967.46
-31604.0	7842.0	370.481	1976.83
-31604.0	7842.0	369.204	1939.23
-31604.0	7842.0	367.926	1987.73
-31604.0	7842.0	366.648	1897.34
-31604.0	7842.0	365.369	2000.58
-31604.0	7842.0	364.091	1964.97
-31604.0	7842.0	362.812	1993.87
-31604.0	7842.0	361.532	1985.63
-31604.0	7842.0	360.253	1963.72
-31604.0	7842.0	358.973	1963.3
-31604.0	7842.0	357.693	1955.08
-31604.0	7842.0	356.413	1923.42
-31604.0	7842.0	355.132	1989.39
-31604.0	7842.0	353.852	2045.57
-31604.0	7842.0	352.571	1963.18
-31604.0	7842.0	351.289	1995.93
-31604.0	7842.0	350.008	1933.09
-31604.0	7842.0	348.726	1952.18
-31604.0	7842.0	347.444	2018.06
-31604.0	7842.0	346.161	2009.83
-31604.0	7842.0	344.878	1995.76
-31604.0	7842.0	343.595	2012.88
-31604.0	7842.0	342.312	2072.84
-31604.0	7842.0	341.029	1994.49
-31604.0	7842.0	339.745	2044.7
-31604.0	7842.0	338.461	2061.79
-31604.0	7842.0	337.176	2084.71
-31604.0	7842.0	335.892	2039.51
-31604.0	7842.0	334.607	2070.21
-31604.0	7842.0	333.322	2095.05
-31604.0	7842.0	332.036	2069.33
-31604.0	7842.0	330.75	2059.17
-31604.0	7842.0	329.464	2076.22
-31604.0	7842.0	328.178	2114.65
-31604.0	7842.0	326.892	2137.52
-31604.0	7842.0	325.605	2102.1
-31604.0	7842.0	324.318	2169.64
-31604.0	7842.0	323.03	2066.25
-31604.0	7842.0	321.743	2100.76
-31604.0	7842.0	320.455	2127.49
-31604.0	7842.0	319.167	2084.34
-31604.0	7842.0	317.878	2107.18
-31604.0	7842.0	316.59	2161.05
-31604.0	7842.0	315.301	2086.89
-31604.0	7842.0	314.011	2117.47
-31604.0	7842.0	312.722	2184.87
-31604.0	7842.0	311.432	2070.05
-31604.0	7842.0	310.142	2108.37
-31604.0	7842.0	308.851	2166.04
-31604.0	7842.0	307.561	2177.2
-31604.0	7842.0	306.27	2159.31
-31604.0	7842.0	304.979	2149.17
-31604.0	7842.0	303.687	2274.53
-31604.0	7842.0	302.395	2308.88
-31604.0	7842.0	301.103	2283.24
-31604.0	7842.0	299.811	2245.99
-31604.0	7842.0	298.519	2346.09
-31604.0	7842.0	297.226	2239.24
-31604.0	7842.0	295.933	2211.69
-31604.0	7842.0	294.639	2153.23
-31604.0	7842.0	293.345	2131.52
-31604.0	7842.0	292.052	2177.43
-31604.0	7842.0	290.757	2173.1
-31604.0	7842.0	289.463	2251.82
-31604.0	7842.0	288.168	2260.99
-31604.0	7842.0	286.873	2165.92
-31604.0	7842.0	285.578	2142.3
-31604.0	7842.0	284.282	2178.5
-31604.0	7842.0	282.986	2239.77
-31604.0	7842.0	281.69	2175.64
-31604.0	7842.0	280.393	2180.96
-31604.0	7842.0	279.097	2055.18
-31604.0	7842.0	277.8	2226.29
-31604.0	7842.0	276.502	2196.91
-31604.0	7842.0	275.205	2142.49
-31604.0	7842.0	273.907	2026.46
-31604.0	7842.0	272.609	2095.35
-31604.0	7842.0	271.311	2160.37
-31604.0	7842.0	270.012	2106.01
-31604.0	7842.0	268.713	2076.69
-31604.0	7842.0	267.414	2126.27
-31604.0	7842.0	266.114	2114.28
-31604.0	7842.0	264.814	2113.82
-31604.0	7842.0	263.514	2036.45
-31604.0	7842.0	262.214	2022.56
-31604.0	7842.0	260.913	2056.72
-31604.0	7842.0	259.613	2010.16
-31604.0	7842.0	258.311	2096.19
-31604.0	7842.0	257.01	2049.64
-31604.0	7842.0	255.708	2051.12
-31604.0	7842.0	254.406	1966.2
-31604.0	7842.0	253.104	2025.29
-31604.0	7842.0	251.801	2070.92
-31604.0	7842.0	250.499	2018.66
-31604.0	7842.0	249.195	2016.31
-31604.0	7842.0	247.892	1981.35
-31604.0	7842.0	246.588	1936.82
-31604.0	7842.0	245.284	2053.36
-31604.0	7842.0	243.98	1999.25
-31604.0	7842.0	242.676	1968.16
-31604.0	7842.0	241.371	2098.02
-31604.0	7842.0	240.066	2051.6
-31604.0	7842.0	238.76	2049.24
-31604.0	7842.0	237.455	2012.42
-31604.0	7842.0	236.149	1989.02
-31604.0	7842.0	234.843	2082.38
-31604.0	7842.0	233.536	1944.15
-31604.0	7842.0	232.229	1959.04
-31604.0	7842.0	230.922	1991.14
-31604.0	7842.0	229.615	1935.25
-31604.0	7842.0	228.307	1908.07
-31604.0	7842.0	227.0	1984.12
-31604.0	7842.0	225.691	1962.67
-31604.0	7842.0	224.383	1883.91
-31604.0	7842.0	223.074	1864.41
-31604.0	7842.0	221.765	1904.11
-31604.0	7842.0	220.456	1875.06
-31604.0	7842.0	219.146	1897.57
-31604.0	7842.0	217.836	1954.42
-31604.0	7842.0	216.526	1954.0
-31604.0	7842.0	215.216	1903.98
-31604.0	7842.0	213.905	1882.59
-31604.0	7842.0	212.594	1872.65
-31604.0	7842.0	211.283	1904.66
-31604.0	7842.0	209.971	1921.4
-31604.0	7842.0	208.66	1938.14
-31604.0	7842.0	207.348	1924.39
-31604.0	7842.0	206.035	1986.83
-31604.0	7842.0	204.722	1950.22
-31604.0	7842.0	203.409	2003.12
-31604.0	7842.0	202.096	1943.67
-31604.0	7842.0	200.783	1962.29
-31604.0	7842.0	199.469	1984.7
-31604.0	7842.0	198.155	1948.12
-31604.0	7842.0	196.84	1922.98
-31604.0	7842.0	195.526	1901.65
-31604.0	7842.0	194.211	1927.85
-31604.0	7842.0	192.896	1938.84
-31604.0	7842.0	191.58	2232.99
-31604.0	7842.0	190.264	2082.41
-31604.0	7842.0	188.948	1994.58
-31604.0	7842.0	187.632	1977.06
-31604.0	7842.0	186.315	1957.64
-31604.0	7842.0	184.998	2004.68
-31604.0	7842.0	183.681	1979.58
-31604.0	7842.0	182.364	1943.1
-31604.0	7842.0	181.046	2060.3
-31604.0	7842.0	179.728	2027.61
-31604.0	7842.0	178.41	1991.15
-31604.0	7842.0	177.091	2026.74
-31604.0	7842.0	175.772	2060.42
-31604.0	7842.0	174.453	2048.61
-31604.0	7842.0	173.133	2021.64
-31604.0	7842.0	171.814	2000.37
-31604.0	7842.0	170.494	2022.66
-31604.0	7842.0	169.173	1997.61
-31604.0	7842.0	167.853	2059.65
-31604.0	7842.0	166.532	2013.79
-31604.0	7842.0	165.211	2032.27
-31604.0	7842.0	163.889	2005.35
-31604.0	7842.0	162.567	2012.48
-31604.0	7842.0	161.245	2099.04
-31604.0	7842.0	159.923	2068.33
-31604.0	7842.0	158.6	2117.03
-31604.0	7842.0	157.278	2048.54
-31604.0	7842.0	155.954	2025.43
-31604.0	7842.0	154.631	2198.78
-31604.0	7842.0	153.307	2149.2
-31604.0	7842.0	151.983	2139.3
-31604.0	7842.0	150.659	2157.71
-31604.0	7842.0	149.334	2104.4
-31604.0	7842.0	148.009	2060.55
-31604.0	7842.0	146.684	2161.98
-31604.0	7842.0	145.359	2131.33
-31604.0	7842.0	144.033	2166.7
-31604.0	7842.0	142.707	2088.94
-31604.0	7842.0	141.381	2148.8
-31604.0	7842.0	140.054	2110.65
-31604.0	7842.0	138.727	2104.54
-31604.0	7842.0	137.4	2141.76
-31604.0	7842.0	136.072	2152.6
-31604.0	7842.0	134.745	2186.02
-31604.0	7842.0	133.417	2114.02
-31604.0	7842.0	132.088	2106.03
-31604.0	7842.0	130.76	2137.57
-31604.0	7842.0	129.431	2118.29
-31604.0	7842.0	128.102	2089.62
-31604.0	7842.0	126.772	2085.41
-31604.0	7842.0	125.442	2090.6
-31604.0	7842.0	124.112	2080.75
-31604.0	7842.0	122.782	2095.34
-31604.0	7842.0	121.451	2115.55
-31604.0	7842.0	120.12	2103.82
-31604.0	7842.0	118.789	2110.88
-31604.0	7842.0	117.458	2101.04
-31604.0	7842.0	116.126	2158.78
-31604.0	7842.0	114.794	2056.96
-31604.0	7842.0	113.462	2069.65
-31604.0	7842.0	112.129	2061.7
-31604.0	7842.0	110.796	2141.91
-31604.0	7842.0	109.463	2126.44
-31604.0	7842.0	108.129	2090.36
-31604.0	7842.0	106.796	2009.31
-31604.0	7842.0	105.461	2027.62
-31604.0	7842.0	104.127	2008.45
-31604.0	7842.0	102.792	1940.58
-31604.0	7842.0	101.457	1878.36
-31604.0	7842.0	100.122	1958.46
-31604.0	7842.0	98.7867	1856.96
-31604.0	7842.0	97.4509	1824.74
-31604.0	7842.0	96.1148	1863.64
-31604.0	7842.0	94.7784	1814.6
-31604.0	7842.0	93.4418	1883.41
-31604.0	7842.0	92.1048	1795.11
-31604.0	7842.0	90.7676	1824.64
-31604.0	7842.0	89.43	1760.7
-31604.0	7842.0	88.0922	1788.35
-31604.0	7842.0	86.7541	1733.78
-31604.0	7842.0	85.4157	1763.29
