-31600.0	7820.0	1311.89	1880.69
-31600.0	7820.0	1310.78	1975.77
-31600.0	7820.0	1309.68	1918.69
-31600.0	7820.0	1308.58	1929.73
-31600.0	7820.0	1307.48	2033.84
-31600.0	7820.0	1306.38	2022.17
-31600.0	7820.0	1305.28	1949.23
-31600.0	7820.0	1304.18	2032.86
-31600.0	7820.0	1303.07	1944.07
-31600.0	7820.0	1301.97	1887.05
-31600.0	7820.0	1300.87	1968.39
-31600.0	7820.0	1299.77	1913.66
-31600.0	7820.0	1298.66	1965.49
-31600.0	7820.0	1297.56	2012.78
-31600.0	7820.0	1296.46	1960.33
-31600.0	7820.0	1295.35	1892.04
-31600.0	7820.0	1294.25	1912.12
-31600.0	7820.0	1293.15	1948.06
-31600.0	7820.0	1292.04	1879.8
-31600.0	7820.0	1290.94	1999.51
-31600.0	7820.0	1289.83	1992.4
-31600.0	7820.0	1288.73	1967.18
-31600.0	7820.0	1287.63	1946.49
-31600.0	7820.0	1286.52	1857.92
-31600.0	7820.0	1285.42	1936.81
-31600.0	7820.0	1284.31	1929.71
-31600.0	7820.0	1283.21	1847.97
-31600.0	7820.0	1282.1	1906.48
-31600.0	7820.0	1280.99	1931.04
-31600.0	7820.0	1279.89	1910.38
-31600.0	7820.0	1278.78	1919.11
-31600.0	7820.0	1277.68	1914.28
-31600.0	7820.0	1276.57	1916.23
-31600.0	7820.0	1275.46	1902.37
-31600.0	7820.0	1274.36	1947.24
-31600.0	7820.0	1273.25	1926.6
-31600.0	7820.0	1272.14	2003.07
-31600.0	7820.0	1271.04	1892.11
-31600.0	7820.0	1269.93	2022.73
-31600.0	7820.0	1268.82	1920.84
-31600.0	7820.0	1267.71	1916.01
-31600.0	7820.0	1266.61	1911.19
-31600.0	7820.0	1265.5	1899.6
-31600.0	7820.0	1264.39	1847.41
-31600.0	7820.0	1263.28	1869.66
-31600.0	7820.0	1262.17	1891.91
-31600.0	7820.0	1261.06	1927.67
-31600.0	7820.0	1259.95	1949.9
-31600.0	7820.0	1258.84	1798.57
-31600.0	7820.0	1257.74	1809.55
-31600.0	7820.0	1256.63	1865.58
-31600.0	7820.0	1255.52	1856.27
-31600.0	7820.0	1254.41	1858.22
-31600.0	7820.0	1253.3	1929.98
-31600.0	7820.0	1252.19	1911.65
-31600.0	7820.0	1251.08	1911.34
-31600.0	7820.0	1249.96	1953.79
-31600.0	7820.0	1248.85	1872.46
-31600.0	7820.0	1247.74	1928.4
-31600.0	7820.0	1246.63	1925.84
-31600.0	7820.0	1245.52	1855.79
-31600.0	7820.0	1244.41	1817.25
-31600.0	7820.0	1243.3	1990.11
-31600.0	7820.0	1242.18	1866.12
-31600.0	7820.0	1241.07	1924.26
-31600.0	7820.0	1239.96	1975.64
-31600.0	7820.0	1238.85	1889.93
-31600.0	7820.0	1237.74	1894.11
-31600.0	7820.0	1236.62	1909.52
-31600.0	7820.0	1235.51	1846.32
-31600.0	7820.0	1234.4	1850.51
-31600.0	7820.0	1233.28	1830.0
-31600.0	7820.0	1232.17	1874.59
-31600.0	7820.0	1231.06	1856.33
-31600.0	7820.0	1229.94	1914.38
-31600.0	7820.0	1228.83	1875.91
-31600.0	7820.0	1227.71	1895.8
-31600.0	7820.0	1226.6	1913.43
-31600.0	7820.0	1225.48	1866.02
-31600.0	7820.0	1224.37	1856.74
-31600.0	7820.0	1223.25	1885.58
-31600.0	7820.0	1222.14	1896.48
-31600.0	7820.0	1221.02	1862.55
-31600.0	7820.0	1219.91	1886.89
-31600.0	7820.0	1218.79	1864.17
-31600.0	7820.0	1217.68	1850.42
-31600.0	7820.0	1216.56	1760.52
-31600.0	7820.0	1215.44	1921.47
-31600.0	7820.0	1214.33	1856.22
-31600.0	7820.0	1213.21	1885.02
-31600.0	7820.0	1212.09	1913.81
-31600.0	7820.0	1210.98	1797.11
-31600.0	7820.0	1209.86	1859.47
-31600.0	7820.0	1208.74	1854.69
-31600.0	7820.0	1207.62	1809.64
-31600.0	7820.0	1206.51	1842.89
-31600.0	7820.0	1205.39	1894.01
-31600.0	7820.0	1204.27	1889.23
-31600.0	7820.0	1203.15	1900.09
-31600.0	7820.0	1202.03	1877.43
-31600.0	7820.0	1200.91	1883.82
-31600.0	7820.0	1199.8	1812.01
-31600.0	7820.0	1198.68	1780.43
-31600.0	7820.0	1197.56	1838.21
-31600.0	7820.0	1196.44	1768.67
-31600.0	7820.0	1195.32	1728.19
-31600.0	7820.0	1194.2	1781.48
-31600.0	7820.0	1193.08	1781.18
-31600.0	7820.0	1191.96	1816.59
-31600.0	7820.0	1190.84	1796.21
-31600.0	7820.0	1189.72	1856.14
-31600.0	7820.0	1188.6	1775.53
-31600.0	7820.0	1187.48	1844.37
-31600.0	7820.0	1186.35	1757.1
-31600.0	7820.0	1185.23	1785.79
-31600.0	7820.0	1184.11	1803.32
-31600.0	7820.0	1182.99	1787.42
-31600.0	7820.0	1181.87	1809.41
-31600.0	7820.0	1180.75	1824.7
-31600.0	7820.0	1179.62	1837.76
-31600.0	7820.0	1178.5	1779.54
-31600.0	7820.0	1177.38	1828.23
-31600.0	7820.0	1176.26	1823.48
-31600.0	7820.0	1175.13	1809.81
-31600.0	7820.0	1174.01	1787.25
-31600.0	7820.0	1172.89	1786.95
-31600.0	7820.0	1171.76	1768.85
-31600.0	7820.0	1170.64	1830.84
-31600.0	7820.0	1169.51	1817.19
-31600.0	7820.0	1168.39	1890.27
-31600.0	7820.0	1167.27	1814.36
-31600.0	7820.0	1166.14	1798.49
-31600.0	7820.0	1165.02	1804.85
-31600.0	7820.0	1163.89	1817.88
-31600.0	7820.0	1162.77	1768.69
-31600.0	7820.0	1161.64	1763.95
-31600.0	7820.0	1160.52	1781.43
-31600.0	7820.0	1159.39	1734.49
-31600.0	7820.0	1158.26	1756.4
-31600.0	7820.0	1157.14	1793.84
-31600.0	7820.0	1156.01	1855.69
-31600.0	7820.0	1154.88	1828.75
-31600.0	7820.0	1153.76	1779.62
-31600.0	7820.0	1152.63	1781.54
-31600.0	7820.0	1151.5	1885.49
-31600.0	7820.0	1150.38	1780.94
-31600.0	7820.0	1149.25	1776.2
-31600.0	7820.0	1148.12	1844.63
-31600.0	7820.0	1146.99	1762.3
-31600.0	7820.0	1145.87	1826.27
-31600.0	7820.0	1144.74	1777.21
-31600.0	7820.0	1143.61	1801.28
-31600.0	7820.0	1142.48	1707.94
-31600.0	7820.0	1141.35	1723.15
-31600.0	7820.0	1140.22	1720.64
-31600.0	7820.0	1139.09	1815.56
-31600.0	7820.0	1137.97	1790.9
-31600.0	7820.0	1136.84	1848.14
-31600.0	7820.0	1135.71	1816.84
-31600.0	7820.0	1134.58	1725.82
-31600.0	7820.0	1133.45	1752.07
-31600.0	7820.0	1132.32	1707.53
-31600.0	7820.0	1131.19	1707.24
-31600.0	7820.0	1130.05	1762.23
-31600.0	7820.0	1128.92	1737.61
-31600.0	7820.0	1127.79	1814.68
-31600.0	7820.0	1126.66	1858.56
-31600.0	7820.0	1125.53	1758.82
-31600.0	7820.0	1124.4	1773.98
-31600.0	7820.0	1123.27	1764.84
-31600.0	7820.0	1122.13	1766.75
-31600.0	7820.0	1121.0	1837.1
-31600.0	7820.0	1119.87	1783.81
-31600.0	7820.0	1118.74	1783.5
-31600.0	7820.0	1117.6	1701.54
-31600.0	7820.0	1116.47	1652.7
-31600.0	7820.0	1115.34	1747.28
-31600.0	7820.0	1114.2	1762.42
-31600.0	7820.0	1113.07	1804.03
-31600.0	7820.0	1111.94	1797.1
-31600.0	7820.0	1110.8	1774.75
-31600.0	7820.0	1109.67	1809.71
-31600.0	7820.0	1108.54	1765.32
-31600.0	7820.0	1107.4	1731.96
-31600.0	7820.0	1106.27	1771.32
-31600.0	7820.0	1105.13	1777.63
-31600.0	7820.0	1104.0	1761.9
-31600.0	7820.0	1102.86	1717.56
-31600.0	7820.0	1101.72	1763.5
-31600.0	7820.0	1100.59	1661.94
-31600.0	7820.0	1099.45	1712.27
-31600.0	7820.0	1098.32	1749.38
-31600.0	7820.0	1097.18	1727.08
-31600.0	7820.0	1096.04	1728.98
-31600.0	7820.0	1094.91	1697.89
-31600.0	7820.0	1093.77	1776.76
-31600.0	7820.0	1092.63	1776.45
-31600.0	7820.0	1091.5	1828.9
-31600.0	7820.0	1090.36	1767.05
-31600.0	7820.0	1089.22	1757.95
-31600.0	7820.0	1088.08	1671.96
-31600.0	7820.0	1086.95	1735.38
-31600.0	7820.0	1085.81	1728.49
-31600.0	7820.0	1084.67	1756.73
-31600.0	7820.0	1083.53	1721.3
-31600.0	7820.0	1082.39	1690.27
-31600.0	7820.0	1081.25	1709.73
-31600.0	7820.0	1080.11	1744.54
-31600.0	7820.0	1078.97	1772.76
-31600.0	7820.0	1077.83	1695.68
-31600.0	7820.0	1076.69	1734.86
-31600.0	7820.0	1075.55	1730.17
-31600.0	7820.0	1074.41	1738.64
-31600.0	7820.0	1073.27	1744.91
-31600.0	7820.0	1072.13	1641.6
-31600.0	7820.0	1070.99	1663.23
-31600.0	7820.0	1069.85	1713.33
-31600.0	7820.0	1068.71	1653.88
-31600.0	7820.0	1067.57	1765.3
-31600.0	7820.0	1066.43	1681.77
-31600.0	7820.0	1065.28	1751.54
-31600.0	7820.0	1064.14	1718.4
-31600.0	7820.0	1063.0	1715.91
-31600.0	7820.0	1061.86	1757.19
-31600.0	7820.0	1060.71	1715.31
-31600.0	7820.0	1059.57	1706.26
-31600.0	7820.0	1058.43	1758.45
-31600.0	7820.0	1057.29	1769.08
-31600.0	7820.0	1056.14	1766.58
-31600.0	7820.0	1055.0	1735.67
-31600.0	7820.0	1053.85	1715.69
-31600.0	7820.0	1052.71	1724.13
-31600.0	7820.0	1051.57	1691.06
-31600.0	7820.0	1050.42	1701.69
-31600.0	7820.0	1049.28	1638.05
-31600.0	7820.0	1048.13	1709.82
-31600.0	7820.0	1046.99	1698.6
-31600.0	7820.0	1045.84	1728.87
-31600.0	7820.0	1044.7	1783.13
-31600.0	7820.0	1043.55	1754.44
-31600.0	7820.0	1042.4	1712.68
-31600.0	7820.0	1041.26	1777.82
-31600.0	7820.0	1040.11	1740.43
-31600.0	7820.0	1038.97	1814.26
-31600.0	7820.0	1037.82	1824.85
-31600.0	7820.0	1036.67	1831.06
-31600.0	7820.0	1035.53	1763.18
-31600.0	7820.0	1034.38	1734.54
-31600.0	7820.0	1033.23	1784.34
-31600.0	7820.0	1032.08	1733.93
-31600.0	7820.0	1030.94	1716.2
-31600.0	7820.0	1029.79	1783.39
-31600.0	7820.0	1028.64	1817.91
-31600.0	7820.0	1027.49	1747.94
-31600.0	7820.0	1026.34	1788.98
-31600.0	7820.0	1025.19	1851.76
-31600.0	7820.0	1024.04	1770.94
-31600.0	7820.0	1022.89	1790.2
-31600.0	7820.0	1021.74	1807.28
-31600.0	7820.0	1020.59	1830.88
-31600.0	7820.0	1019.45	1852.3
-31600.0	7820.0	1018.29	1780.24
-31600.0	7820.0	1017.14	1808.17
-31600.0	7820.0	1015.99	1879.56
-31600.0	7820.0	1014.84	1842.29
-31600.0	7820.0	1013.69	1765.94
-31600.0	7820.0	1012.54	1865.52
-31600.0	7820.0	1011.39	1858.68
-31600.0	7820.0	1010.24	1873.54
-31600.0	7820.0	1009.09	1888.4
-31600.0	7820.0	1007.93	1883.73
-31600.0	7820.0	1006.78	1939.8
-31600.0	7820.0	1005.63	1995.86
-31600.0	7820.0	1004.48	1965.14
-31600.0	7820.0	1003.32	1969.13
-31600.0	7820.0	1002.17	1992.63
-31600.0	7820.0	1001.02	2011.78
-31600.0	7820.0	999.865	2017.92
-31600.0	7820.0	998.711	2021.9
-31600.0	7820.0	997.558	2071.37
-31600.0	7820.0	996.403	2003.84
-31600.0	7820.0	995.249	2018.64
-31600.0	7820.0	994.095	2052.93
-31600.0	7820.0	992.94	2078.55
-31600.0	7820.0	991.785	2188.58
-31600.0	7820.0	990.63	2170.87
-31600.0	7820.0	989.475	2159.66
-31600.0	7820.0	988.319	2250.14
-31600.0	7820.0	987.164	2297.33
-31600.0	7820.0	986.008	2214.73
-31600.0	7820.0	984.852	2203.52
-31600.0	7820.0	983.695	2259.33
-31600.0	7820.0	982.539	2302.16
-31600.0	7820.0	981.382	2319.04
-31600.0	7820.0	980.225	2277.56
-31600.0	7820.0	979.068	2309.56
-31600.0	7820.0	977.911	2231.38
-31600.0	7820.0	976.753	2287.13
-31600.0	7820.0	975.595	2286.72
-31600.0	7820.0	974.437	2281.99
-31600.0	7820.0	973.279	2363.6
-31600.0	7820.0	972.121	2380.44
-31600.0	7820.0	970.962	2334.7
-31600.0	7820.0	969.803	2358.0
-31600.0	7820.0	968.644	2361.89
-31600.0	7820.0	967.485	2385.19
-31600.0	7820.0	966.326	2361.04
-31600.0	7820.0	965.166	2323.96
-31600.0	7820.0	964.006	2306.3
-31600.0	7820.0	962.846	2327.43
-31600.0	7820.0	961.686	2264.52
-31600.0	7820.0	960.525	2373.98
-31600.0	7820.0	959.365	2330.47
-31600.0	7820.0	958.204	2351.58
-31600.0	7820.0	957.043	2381.3
-31600.0	7820.0	955.881	2387.33
-31600.0	7820.0	954.72	2264.21
-31600.0	7820.0	953.558	2474.69
-31600.0	7820.0	952.396	2327.93
-31600.0	7820.0	951.234	2394.2
-31600.0	7820.0	950.071	2348.59
-31600.0	7820.0	948.909	2305.16
-31600.0	7820.0	947.746	2291.84
-31600.0	7820.0	946.583	2330.11
-31600.0	7820.0	945.42	2316.8
-31600.0	7820.0	944.256	2378.69
-31600.0	7820.0	943.092	2275.13
-31600.0	7820.0	941.929	2244.64
-31600.0	7820.0	940.765	2248.53
-31600.0	7820.0	939.6	2224.5
-31600.0	7820.0	938.436	2243.41
-31600.0	7820.0	937.271	2195.78
-31600.0	7820.0	936.106	2165.34
-31600.0	7820.0	934.941	2207.85
-31600.0	7820.0	933.775	2155.96
-31600.0	7820.0	932.61	2125.54
-31600.0	7820.0	931.444	2065.11
-31600.0	7820.0	930.278	2028.28
-31600.0	7820.0	929.112	1961.46
-31600.0	7820.0	927.945	1978.24
-31600.0	7820.0	926.779	1982.16
-31600.0	7820.0	925.612	2043.93
-31600.0	7820.0	924.445	1951.45
-31600.0	7820.0	923.278	1867.56
-31600.0	7820.0	922.11	1884.35
-31600.0	7820.0	920.942	1832.62
-31600.0	7820.0	919.774	1928.61
-31600.0	7820.0	918.606	1846.93
-31600.0	7820.0	917.438	1882.96
-31600.0	7820.0	916.269	1816.3
-31600.0	7820.0	915.1	1826.66
-31600.0	7820.0	913.931	1800.66
-31600.0	7820.0	912.762	1753.29
-31600.0	7820.0	911.593	1800.0
-31600.0	7820.0	910.423	1761.19
-31600.0	7820.0	909.253	1741.63
-31600.0	7820.0	908.083	1724.22
-31600.0	7820.0	906.913	1751.67
-31600.0	7820.0	905.742	1685.14
-31600.0	7820.0	904.572	1691.23
-31600.0	7820.0	903.401	1744.3
-31600.0	7820.0	902.229	1720.49
-31600.0	7820.0	901.058	1775.66
-31600.0	7820.0	899.886	1719.86
-31600.0	7820.0	898.715	1713.14
-31600.0	7820.0	897.543	1661.63
-31600.0	7820.0	896.37	1654.92
-31600.0	7820.0	895.198	1780.42
-31600.0	7820.0	894.025	1724.66
-31600.0	7820.0	892.852	1698.76
-31600.0	7820.0	891.679	1721.89
-31600.0	7820.0	890.506	1661.91
-31600.0	7820.0	889.332	1644.56
-31600.0	7820.0	888.158	1697.5
-31600.0	7820.0	886.984	1633.3
-31600.0	7820.0	885.81	1633.0
-31600.0	7820.0	884.636	1758.28
-31600.0	7820.0	883.461	1670.7
-31600.0	7820.0	882.286	1581.01
-31600.0	7820.0	881.111	1633.91
-31600.0	7820.0	879.936	1686.78
-31600.0	7820.0	878.76	1709.86
-31600.0	7820.0	877.584	1632.99
-31600.0	7820.0	876.408	1662.45
-31600.0	7820.0	875.232	1700.4
-31600.0	7820.0	874.056	1657.58
-31600.0	7820.0	872.879	1646.65
-31600.0	7820.0	871.702	1656.96
-31600.0	7820.0	870.525	1648.16
-31600.0	7820.0	869.348	1596.88
-31600.0	7820.0	868.17	1677.26
-31600.0	7820.0	866.993	1664.21
-31600.0	7820.0	865.815	1697.86
-31600.0	7820.0	864.637	1616.91
-31600.0	7820.0	863.458	1593.27
-31600.0	7820.0	862.28	1556.91
-31600.0	7820.0	861.101	1645.69
-31600.0	7820.0	859.922	1607.21
-31600.0	7820.0	858.742	1666.27
-31600.0	7820.0	857.563	1659.6
-31600.0	7820.0	856.383	1619.02
-31600.0	7820.0	855.203	1694.99
-31600.0	7820.0	854.023	1658.66
-31600.0	7820.0	852.843	1649.88
-31600.0	7820.0	851.662	1668.63
-31600.0	7820.0	850.481	1693.72
-31600.0	7820.0	849.3	1655.3
-31600.0	7820.0	848.119	1638.06
-31600.0	7820.0	846.937	1608.13
-31600.0	7820.0	845.756	1597.24
-31600.0	7820.0	844.574	1586.37
-31600.0	7820.0	843.392	1689.69
-31600.0	7820.0	842.209	1615.37
-31600.0	7820.0	841.027	1598.15
-31600.0	7820.0	839.844	1686.62
-31600.0	7820.0	838.661	1622.91
-31600.0	7820.0	837.477	1525.41
-31600.0	7820.0	836.294	1634.97
-31600.0	7820.0	835.11	1647.33
-31600.0	7820.0	833.926	1697.7
-31600.0	7820.0	832.742	1646.71
-31600.0	7820.0	831.558	1675.95
-31600.0	7820.0	830.373	1643.97
-31600.0	7820.0	829.188	1626.78
-31600.0	7820.0	828.003	1575.85
-31600.0	7820.0	826.818	1657.8
-31600.0	7820.0	825.632	1581.57
-31600.0	7820.0	824.446	1579.17
-31600.0	7820.0	823.26	1606.27
-31600.0	7820.0	822.074	1578.57
-31600.0	7820.0	820.888	1692.05
-31600.0	7820.0	819.701	1649.6
-31600.0	7820.0	818.514	1575.56
-31600.0	7820.0	817.327	1644.76
-31600.0	7820.0	816.14	1644.44
-31600.0	7820.0	814.952	1709.39
-31600.0	7820.0	813.765	1660.66
-31600.0	7820.0	812.577	1632.98
-31600.0	7820.0	811.388	1588.49
-31600.0	7820.0	810.2	1613.43
-31600.0	7820.0	809.011	1615.23
-31600.0	7820.0	807.822	1574.96
-31600.0	7820.0	806.633	1593.59
-31600.0	7820.0	805.444	1626.91
-31600.0	7820.0	804.254	1592.98
-31600.0	7820.0	803.064	1588.47
-31600.0	7820.0	801.874	1575.56
-31600.0	7820.0	800.684	1547.96
-31600.0	7820.0	799.493	1625.36
-31600.0	7820.0	798.303	1648.14
-31600.0	7820.0	797.112	1649.93
-31600.0	7820.0	795.921	1645.41
-31600.0	7820.0	794.729	1561.16
-31600.0	7820.0	793.538	1600.73
-31600.0	7820.0	792.346	1527.01
-31600.0	7820.0	791.154	1579.14
-31600.0	7820.0	789.961	1622.87
-31600.0	7820.0	788.769	1616.27
-31600.0	7820.0	787.576	1590.81
-31600.0	7820.0	786.383	1525.54
-31600.0	7820.0	785.19	1544.1
-31600.0	7820.0	783.996	1589.89
-31600.0	7820.0	782.802	1579.11
-31600.0	7820.0	781.608	1524.37
-31600.0	7820.0	780.414	1563.85
-31600.0	7820.0	779.22	1569.83
-31600.0	7820.0	778.025	1613.48
-31600.0	7820.0	776.83	1556.67
-31600.0	7820.0	775.635	1589.84
-31600.0	7820.0	774.44	1566.53
-31600.0	7820.0	773.244	1562.05
-31600.0	7820.0	772.049	1572.2
-31600.0	7820.0	770.853	1596.98
-31600.0	7820.0	769.656	1556.96
-31600.0	7820.0	768.46	1565.02
-31600.0	7820.0	767.263	1600.23
-31600.0	7820.0	766.066	1581.13
-31600.0	7820.0	764.869	1559.94
-31600.0	7820.0	763.672	1545.02
-31600.0	7820.0	762.474	1590.65
-31600.0	7820.0	761.276	1600.77
-31600.0	7820.0	760.078	1544.12
-31600.0	7820.0	758.88	1627.28
-31600.0	7820.0	757.681	1674.93
-31600.0	7820.0	756.483	1522.37
-31600.0	7820.0	755.284	1601.31
-31600.0	7820.0	754.084	1573.9
-31600.0	7820.0	752.885	1554.84
-31600.0	7820.0	751.685	1575.37
-31600.0	7820.0	750.485	1533.4
-31600.0	7820.0	749.285	1585.18
-31600.0	7820.0	748.085	1526.55
-31600.0	7820.0	746.884	1549.16
-31600.0	7820.0	745.683	1580.09
-31600.0	7820.0	744.482	1611.0
-31600.0	7820.0	743.281	1589.88
-31600.0	7820.0	742.079	1566.68
-31600.0	7820.0	740.877	1655.83
-31600.0	7820.0	739.675	1566.07
-31600.0	7820.0	738.473	1530.42
-31600.0	7820.0	737.27	1532.2
-31600.0	7820.0	736.068	1488.25
-31600.0	7820.0	734.865	1562.77
-31600.0	7820.0	733.661	1562.47
-31600.0	7820.0	732.458	1587.09
-31600.0	7820.0	731.254	1547.32
-31600.0	7820.0	730.05	1536.64
-31600.0	7820.0	728.846	1501.04
-31600.0	7820.0	727.642	1515.28
-31600.0	7820.0	726.437	1517.06
-31600.0	7820.0	725.232	1537.51
-31600.0	7820.0	724.027	1535.14
-31600.0	7820.0	722.822	1580.47
-31600.0	7820.0	721.616	1538.68
-31600.0	7820.0	720.41	1530.09
-31600.0	7820.0	719.204	1544.3
-31600.0	7820.0	717.998	1558.5
-31600.0	7820.0	716.791	1547.84
-31600.0	7820.0	715.585	1553.75
-31600.0	7820.0	714.378	1808.21
-31600.0	7820.0	713.17	1648.4
-31600.0	7820.0	711.963	1573.54
-31600.0	7820.0	710.755	1550.46
-31600.0	7820.0	709.547	1550.16
-31600.0	7820.0	708.339	1553.99
-31600.0	7820.0	707.131	1568.17
-31600.0	7820.0	705.922	1607.16
-31600.0	7820.0	704.713	1615.11
-31600.0	7820.0	703.504	1649.95
-31600.0	7820.0	702.295	1475.98
-31600.0	7820.0	701.085	1601.76
-31600.0	7820.0	699.875	1510.52
-31600.0	7820.0	698.665	1557.74
-31600.0	7820.0	697.455	1613.21
-31600.0	7820.0	696.244	1625.28
-31600.0	7820.0	695.034	1604.31
-31600.0	7820.0	693.822	1630.83
-31600.0	7820.0	692.611	1655.28
-31600.0	7820.0	691.4	1584.79
-31600.0	7820.0	690.188	1627.8
-31600.0	7820.0	688.976	1637.8
-31600.0	7820.0	687.764	1608.6
-31600.0	7820.0	686.551	1612.41
-31600.0	7820.0	685.339	1612.09
-31600.0	7820.0	684.126	1646.81
-31600.0	7820.0	682.912	1621.75
-31600.0	7820.0	681.699	1617.31
-31600.0	7820.0	680.485	1571.67
-31600.0	7820.0	679.271	1610.49
-31600.0	7820.0	678.057	1723.42
-31600.0	7820.0	676.843	1632.5
-31600.0	7820.0	675.628	1677.46
-31600.0	7820.0	674.413	1596.87
-31600.0	7820.0	673.198	1709.71
-31600.0	7820.0	671.983	1709.37
-31600.0	7820.0	670.767	1672.01
-31600.0	7820.0	669.551	1614.11
-31600.0	7820.0	668.335	1677.52
-31600.0	7820.0	667.119	1691.57
-31600.0	7820.0	665.902	1592.6
-31600.0	7820.0	664.686	1612.83
-31600.0	7820.0	663.469	1635.1
-31600.0	7820.0	662.251	1626.56
-31600.0	7820.0	661.034	1698.1
-31600.0	7820.0	659.816	1658.76
-31600.0	7820.0	658.598	1609.17
-31600.0	7820.0	657.38	1660.15
-31600.0	7820.0	656.161	1618.79
-31600.0	7820.0	654.942	1597.95
-31600.0	7820.0	653.723	1689.92
-31600.0	7820.0	652.504	1652.68
-31600.0	7820.0	651.285	1664.65
-31600.0	7820.0	650.065	1592.58
-31600.0	7820.0	648.845	1586.11
-31600.0	7820.0	647.625	1602.19
-31600.0	7820.0	646.404	1648.98
-31600.0	7820.0	645.184	1660.94
-31600.0	7820.0	643.963	1662.65
-31600.0	7820.0	642.742	1660.27
-31600.0	7820.0	641.52	1649.71
-31600.0	7820.0	640.298	1647.33
-31600.0	7820.0	639.076	1589.71
-31600.0	7820.0	637.854	1658.95
-31600.0	7820.0	636.632	1609.53
-31600.0	7820.0	635.409	1570.36
-31600.0	7820.0	634.186	1641.59
-31600.0	7820.0	632.963	1622.87
-31600.0	7820.0	631.74	1692.02
-31600.0	7820.0	630.516	1569.1
-31600.0	7820.0	629.292	1628.02
-31600.0	7820.0	628.068	1678.75
-31600.0	7820.0	626.844	1592.66
-31600.0	7820.0	625.619	1602.54
-31600.0	7820.0	624.394	1655.29
-31600.0	7820.0	623.169	1644.75
-31600.0	7820.0	621.944	1644.42
-31600.0	7820.0	620.718	1654.29
-31600.0	7820.0	619.492	1625.41
-31600.0	7820.0	618.266	1674.02
-31600.0	7820.0	617.04	1655.33
-31600.0	7820.0	615.813	1646.85
-31600.0	7820.0	614.587	1683.19
-31600.0	7820.0	613.36	1629.88
-31600.0	7820.0	612.132	1629.56
-31600.0	7820.0	610.905	1651.63
-31600.0	7820.0	609.677	1653.33
-31600.0	7820.0	608.449	1661.14
-31600.0	7820.0	607.22	1668.95
-31600.0	7820.0	605.992	1611.63
-31600.0	7820.0	604.763	1637.76
-31600.0	7820.0	603.534	1631.32
-31600.0	7820.0	602.305	1606.59
-31600.0	7820.0	601.075	1657.1
-31600.0	7820.0	599.845	1610.01
-31600.0	7820.0	598.615	1632.04
-31600.0	7820.0	597.385	1601.23
-31600.0	7820.0	596.154	1641.54
-31600.0	7820.0	594.924	1641.2
-31600.0	7820.0	593.693	1675.4
-31600.0	7820.0	592.461	1652.72
-31600.0	7820.0	591.23	1623.97
-31600.0	7820.0	589.998	1678.44
-31600.0	7820.0	588.766	1651.72
-31600.0	7820.0	587.534	1596.61
-31600.0	7820.0	586.301	1624.68
-31600.0	7820.0	585.068	1630.44
-31600.0	7820.0	583.835	1617.94
-31600.0	7820.0	582.602	1609.5
-31600.0	7820.0	581.368	1682.14
-31600.0	7820.0	580.134	1661.53
-31600.0	7820.0	578.9	1685.5
-31600.0	7820.0	577.666	1656.81
-31600.0	7820.0	576.432	1650.39
-31600.0	7820.0	575.197	1605.52
-31600.0	7820.0	573.962	1676.04
-31600.0	7820.0	572.726	1580.58
-31600.0	7820.0	571.491	1669.29
-31600.0	7820.0	570.255	1604.21
-31600.0	7820.0	569.019	1632.2
-31600.0	7820.0	567.783	1593.45
-31600.0	7820.0	566.546	1714.43
-31600.0	7820.0	565.309	1639.29
-31600.0	7820.0	564.072	1725.85
-31600.0	7820.0	562.835	1620.44
-31600.0	7820.0	561.597	1662.53
-31600.0	7820.0	560.359	1690.46
-31600.0	7820.0	559.121	1686.08
-31600.0	7820.0	557.883	1687.76
-31600.0	7820.0	556.644	1709.61
-31600.0	7820.0	555.406	1650.74
-31600.0	7820.0	554.167	1662.51
-31600.0	7820.0	552.927	1819.51
-31600.0	7820.0	551.688	1776.79
-31600.0	7820.0	550.448	1719.97
-31600.0	7820.0	549.208	1812.35
-31600.0	7820.0	547.967	1757.56
-31600.0	7820.0	546.727	1787.43
-31600.0	7820.0	545.486	1774.97
-31600.0	7820.0	544.245	1750.44
-31600.0	7820.0	543.003	1858.83
-31600.0	7820.0	541.762	1951.07
-31600.0	7820.0	540.52	1900.34
-31600.0	7820.0	539.278	1893.92
-31600.0	7820.0	538.035	1931.76
-31600.0	7820.0	536.793	2009.83
-31600.0	7820.0	535.55	2112.0
-31600.0	7820.0	534.307	2183.96
-31600.0	7820.0	533.063	2342.35
-31600.0	7820.0	531.82	2444.39
-31600.0	7820.0	530.576	2622.76
-31600.0	7820.0	529.331	2987.92
-31600.0	7820.0	528.087	3579.95
-31600.0	7820.0	526.842	4254.08
-31600.0	7820.0	525.597	5498.24
-31600.0	7820.0	524.352	6986.83
-31600.0	7820.0	523.107	9014.78
-31600.0	7820.0	521.861	11615.9
-31600.0	7820.0	520.615	12640.8
-31600.0	7820.0	519.369	11231.9
-31600.0	7820.0	518.122	9498.74
-31600.0	7820.0	516.876	7920.67
-31600.0	7820.0	515.629	6808.37
-31600.0	7820.0	514.381	5734.61
-31600.0	7820.0	513.134	4987.94
-31600.0	7820.0	511.886	4488.02
-31600.0	7820.0	510.638	4096.48
-31600.0	7820.0	509.39	3867.32
-31600.0	7820.0	508.141	3634.25
-31600.0	7820.0	506.892	3421.3
-31600.0	7820.0	505.643	3278.48
-31600.0	7820.0	504.394	3171.75
-31600.0	7820.0	503.145	3003.04
-31600.0	7820.0	501.895	3086.43
-31600.0	7820.0	500.645	2929.8
-31600.0	7820.0	499.394	2953.19
-31600.0	7820.0	498.144	2912.6
-31600.0	7820.0	496.893	2834.05
-31600.0	7820.0	495.642	2847.45
-31600.0	7820.0	494.39	2703.02
-31600.0	7820.0	493.139	2556.65
-31600.0	7820.0	491.887	2468.26
-31600.0	7820.0	490.635	2531.64
-31600.0	7820.0	489.382	2371.42
-31600.0	7820.0	488.13	2368.93
-31600.0	7820.0	486.877	2390.39
-31600.0	7820.0	485.623	2316.08
-31600.0	7820.0	484.37	2285.69
-31600.0	7820.0	483.116	2263.28
-31600.0	7820.0	481.862	2254.83
-31600.0	7820.0	480.608	2224.47
-31600.0	7820.0	479.354	2176.18
-31600.0	7820.0	478.099	2221.55
-31600.0	7820.0	476.844	2235.04
-31600.0	7820.0	475.588	2144.95
-31600.0	7820.0	474.333	2166.41
-31600.0	7820.0	473.077	2086.33
-31600.0	7820.0	471.821	2099.83
-31600.0	7820.0	470.565	2135.21
-31600.0	7820.0	469.308	2085.03
-31600.0	7820.0	468.051	2128.35
-31600.0	7820.0	466.794	2092.11
-31600.0	7820.0	465.537	2079.75
-31600.0	7820.0	464.279	2063.41
-31600.0	7820.0	463.021	2003.36
-31600.0	7820.0	461.763	2022.81
-31600.0	7820.0	460.505	2064.11
-31600.0	7820.0	459.246	2061.7
-31600.0	7820.0	457.987	1952.05
-31600.0	7820.0	456.728	2039.0
-31600.0	7820.0	455.469	1994.9
-31600.0	7820.0	454.209	1936.94
-31600.0	7820.0	452.949	1918.68
-31600.0	7820.0	451.689	1983.74
-31600.0	7820.0	450.428	1933.74
-31600.0	7820.0	449.167	1974.98
-31600.0	7820.0	447.906	1960.69
-31600.0	7820.0	446.645	1950.37
-31600.0	7820.0	445.383	1949.96
-31600.0	7820.0	444.122	1989.18
-31600.0	7820.0	442.86	1921.42
-31600.0	7820.0	441.597	1976.47
-31600.0	7820.0	440.335	1968.13
-31600.0	7820.0	439.072	1955.85
-31600.0	7820.0	437.809	1998.98
-31600.0	7820.0	436.545	1939.2
-31600.0	7820.0	435.281	1919.01
-31600.0	7820.0	434.018	1993.77
-31600.0	7820.0	432.753	1991.37
-31600.0	7820.0	431.489	1941.53
-31600.0	7820.0	430.224	2024.15
-31600.0	7820.0	428.959	1996.05
-31600.0	7820.0	427.694	1960.07
-31600.0	7820.0	426.428	2013.0
-31600.0	7820.0	425.163	1911.85
-31600.0	7820.0	423.896	1976.61
-31600.0	7820.0	422.63	1936.71
-31600.0	7820.0	421.364	1944.2
-31600.0	7820.0	420.097	1914.19
-31600.0	7820.0	418.83	1903.93
-31600.0	7820.0	417.562	1891.69
-31600.0	7820.0	416.295	1978.07
-31600.0	7820.0	415.027	1924.42
-31600.0	7820.0	413.758	1943.73
-31600.0	7820.0	412.49	1937.41
-31600.0	7820.0	411.221	1903.5
-31600.0	7820.0	409.952	1859.76
-31600.0	7820.0	408.683	1910.58
-31600.0	7820.0	407.414	1862.92
-31600.0	7820.0	406.144	1884.18
-31600.0	7820.0	404.874	1901.5
-31600.0	7820.0	403.603	1873.55
-31600.0	7820.0	402.333	1879.06
-31600.0	7820.0	401.062	1939.65
-31600.0	7820.0	399.791	1897.94
-31600.0	7820.0	398.519	1964.39
-31600.0	7820.0	397.248	1887.31
-31600.0	7820.0	395.976	1886.91
-31600.0	7820.0	394.704	1853.11
-31600.0	7820.0	393.431	1899.87
-31600.0	7820.0	392.159	1840.54
-31600.0	7820.0	390.886	1934.42
-31600.0	7820.0	389.612	1912.41
-31600.0	7820.0	388.339	1884.53
-31600.0	7820.0	387.065	1917.5
-31600.0	7820.0	385.791	1950.45
-31600.0	7820.0	384.517	1891.18
-31600.0	7820.0	383.242	1906.48
-31600.0	7820.0	381.967	1960.98
-31600.0	7820.0	380.692	1958.61
-31600.0	7820.0	379.417	1920.95
-31600.0	7820.0	378.141	1912.71
-31600.0	7820.0	376.865	1869.2
-31600.0	7820.0	375.589	1953.04
-31600.0	7820.0	374.312	1919.33
-31600.0	7820.0	373.035	1905.22
-31600.0	7820.0	371.758	1922.43
-31600.0	7820.0	370.481	1935.73
-31600.0	7820.0	369.204	1896.18
-31600.0	7820.0	367.926	1964.26
-31600.0	7820.0	366.648	1911.03
-31600.0	7820.0	365.369	1943.87
-31600.0	7820.0	364.091	1910.22
-31600.0	7820.0	362.812	1964.55
-31600.0	7820.0	361.532	1960.23
-31600.0	7820.0	360.253	1895.33
-31600.0	7820.0	358.973	1928.14
-31600.0	7820.0	357.693	1908.2
-31600.0	7820.0	356.413	1923.42
-31600.0	7820.0	355.132	1948.39
-31600.0	7820.0	353.852	1942.12
-31600.0	7820.0	352.571	1922.2
-31600.0	7820.0	351.289	1954.96
-31600.0	7820.0	350.008	1946.74
-31600.0	7820.0	348.726	1961.93
-31600.0	7820.0	347.444	1881.57
-31600.0	7820.0	346.161	1947.45
-31600.0	7820.0	344.878	1989.92
-31600.0	7820.0	343.595	1894.02
-31600.0	7820.0	342.312	2033.88
-31600.0	7820.0	341.029	1971.12
-31600.0	7820.0	339.745	1982.39
-31600.0	7820.0	338.461	1948.87
-31600.0	7820.0	337.176	2082.76
-31600.0	7820.0	335.892	1986.96
-31600.0	7820.0	334.607	2083.83
-31600.0	7820.0	333.322	1982.23
-31600.0	7820.0	332.036	2010.98
-31600.0	7820.0	330.75	1991.11
-31600.0	7820.0	329.464	2019.85
-31600.0	7820.0	328.178	2036.91
-31600.0	7820.0	326.892	1987.9
-31600.0	7820.0	325.605	2010.79
-31600.0	7820.0	324.318	2010.36
-31600.0	7820.0	323.03	2058.48
-31600.0	7820.0	321.743	2050.28
-31600.0	7820.0	320.455	2111.96
-31600.0	7820.0	319.167	2078.52
-31600.0	7820.0	317.878	2039.27
-31600.0	7820.0	316.59	2067.93
-31600.0	7820.0	315.301	1978.28
-31600.0	7820.0	314.011	2057.36
-31600.0	7820.0	312.722	2074.37
-31600.0	7820.0	311.432	2106.88
-31600.0	7820.0	310.142	2054.11
-31600.0	7820.0	308.851	2105.98
-31600.0	7820.0	307.561	2113.28
-31600.0	7820.0	306.27	2107.02
-31600.0	7820.0	304.979	2079.46
-31600.0	7820.0	303.687	2214.52
-31600.0	7820.0	302.395	2134.7
-31600.0	7820.0	301.103	2157.47
-31600.0	7820.0	299.811	2220.85
-31600.0	7820.0	298.519	2168.15
-31600.0	7820.0	297.226	2121.28
-31600.0	7820.0	295.933	2134.36
-31600.0	7820.0	294.639	2099.11
-31600.0	7820.0	293.345	2114.12
-31600.0	7820.0	292.052	2138.79
-31600.0	7820.0	290.757	2140.27
-31600.0	7820.0	289.463	2116.63
-31600.0	7820.0	288.168	2118.11
-31600.0	7820.0	286.873	2077.12
-31600.0	7820.0	285.578	2140.37
-31600.0	7820.0	284.282	2190.08
-31600.0	7820.0	282.986	2110.52
-31600.0	7820.0	281.69	2081.13
-31600.0	7820.0	280.393	2130.83
-31600.0	7820.0	279.097	2080.24
-31600.0	7820.0	277.8	2089.44
-31600.0	7820.0	276.502	2087.06
-31600.0	7820.0	275.205	2094.32
-31600.0	7820.0	273.907	2009.12
-31600.0	7820.0	272.609	2014.47
-31600.0	7820.0	271.311	2071.8
-31600.0	7820.0	270.012	2040.56
-31600.0	7820.0	268.713	1978.53
-31600.0	7820.0	267.414	2053.15
-31600.0	7820.0	266.114	1960.37
-31600.0	7820.0	264.814	2013.81
-31600.0	7820.0	263.514	1974.92
-31600.0	7820.0	262.214	2034.09
-31600.0	7820.0	260.913	2058.65
-31600.0	7820.0	259.613	1975.57
-31600.0	7820.0	258.311	1988.6
-31600.0	7820.0	257.01	1999.7
-31600.0	7820.0	255.708	2012.71
-31600.0	7820.0	254.406	1931.63
-31600.0	7820.0	253.104	1944.66
-31600.0	7820.0	251.801	1978.79
-31600.0	7820.0	250.499	1987.96
-31600.0	7820.0	249.195	1947.25
-31600.0	7820.0	247.892	1979.44
-31600.0	7820.0	246.588	2017.36
-31600.0	7820.0	245.284	2034.19
-31600.0	7820.0	243.98	1953.24
-31600.0	7820.0	242.676	1937.49
-31600.0	7820.0	241.371	1952.41
-31600.0	7820.0	240.066	1997.96
-31600.0	7820.0	238.76	1993.7
-31600.0	7820.0	237.455	1958.81
-31600.0	7820.0	236.149	1916.27
-31600.0	7820.0	234.843	1871.84
-31600.0	7820.0	233.536	1902.06
-31600.0	7820.0	232.229	1913.13
-31600.0	7820.0	230.922	1966.27
-31600.0	7820.0	229.615	1940.99
-31600.0	7820.0	228.307	1971.16
-31600.0	7820.0	227.0	1854.14
-31600.0	7820.0	225.691	1891.96
-31600.0	7820.0	224.383	1815.13
-31600.0	7820.0	223.074	1822.38
-31600.0	7820.0	221.765	1833.45
-31600.0	7820.0	220.456	1884.61
-31600.0	7820.0	219.146	1878.48
-31600.0	7820.0	217.836	1979.23
-31600.0	7820.0	216.526	1862.4
-31600.0	7820.0	215.216	1814.31
-31600.0	7820.0	213.905	1865.42
-31600.0	7820.0	212.594	1885.99
-31600.0	7820.0	211.283	1872.24
-31600.0	7820.0	209.971	1902.34
-31600.0	7820.0	208.66	1909.55
-31600.0	7820.0	207.348	1937.72
-31600.0	7820.0	206.035	1960.17
-31600.0	7820.0	204.722	1971.17
-31600.0	7820.0	203.409	1944.09
-31600.0	7820.0	202.096	1917.02
-31600.0	7820.0	200.783	1998.45
-31600.0	7820.0	199.469	1914.29
-31600.0	7820.0	198.155	1864.42
-31600.0	7820.0	196.84	1875.43
-31600.0	7820.0	195.526	1945.38
-31600.0	7820.0	194.211	1882.22
-31600.0	7820.0	192.896	1832.4
-31600.0	7820.0	191.58	2088.56
-31600.0	7820.0	190.264	2014.01
-31600.0	7820.0	188.948	2021.17
-31600.0	7820.0	187.632	1952.37
-31600.0	7820.0	186.315	1970.94
-31600.0	7820.0	184.998	1940.14
-31600.0	7820.0	183.681	1987.17
-31600.0	7820.0	182.364	1946.89
-31600.0	7820.0	181.046	1919.91
-31600.0	7820.0	179.728	1949.85
-31600.0	7820.0	178.41	1953.22
-31600.0	7820.0	177.091	1939.53
-31600.0	7820.0	175.772	1927.74
-31600.0	7820.0	174.453	1984.17
-31600.0	7820.0	173.133	1985.64
-31600.0	7820.0	171.814	1973.85
-31600.0	7820.0	170.494	2066.22
-31600.0	7820.0	169.173	2012.76
-31600.0	7820.0	167.853	1987.72
-31600.0	7820.0	166.532	1985.4
-31600.0	7820.0	165.211	2002.0
-31600.0	7820.0	163.889	1937.24
-31600.0	7820.0	162.567	2003.03
-31600.0	7820.0	161.245	2019.61
-31600.0	7820.0	159.923	1992.71
-31600.0	7820.0	158.6	2043.31
-31600.0	7820.0	157.278	2029.65
-31600.0	7820.0	155.954	2004.65
-31600.0	7820.0	154.631	2068.44
-31600.0	7820.0	153.307	2047.22
-31600.0	7820.0	151.983	2016.57
-31600.0	7820.0	150.659	2087.87
-31600.0	7820.0	149.334	2038.34
-31600.0	7820.0	148.009	2058.66
-31600.0	7820.0	146.684	1958.23
-31600.0	7820.0	145.359	1984.21
-31600.0	7820.0	144.033	2030.93
-31600.0	7820.0	142.707	2030.49
-31600.0	7820.0	141.381	2039.48
-31600.0	7820.0	140.054	2027.73
-31600.0	7820.0	138.727	2032.94
-31600.0	7820.0	137.4	1979.76
-31600.0	7820.0	136.072	2049.02
-31600.0	7820.0	134.745	2057.99
-31600.0	7820.0	133.417	2040.6
-31600.0	7820.0	132.088	2008.17
-31600.0	7820.0	130.76	2022.79
-31600.0	7820.0	129.431	2001.66
-31600.0	7820.0	128.102	2036.96
-31600.0	7820.0	126.772	1989.51
-31600.0	7820.0	125.442	2034.2
-31600.0	7820.0	124.112	2013.09
-31600.0	7820.0	122.782	2016.41
-31600.0	7820.0	121.451	1999.06
-31600.0	7820.0	120.12	1991.12
-31600.0	7820.0	118.789	1996.32
-31600.0	7820.0	117.458	2020.3
-31600.0	7820.0	116.126	2042.39
-31600.0	7820.0	114.794	1976.26
-31600.0	7820.0	113.462	2133.45
-31600.0	7820.0	112.129	2041.07
-31600.0	7820.0	110.796	2027.5
-31600.0	7820.0	109.463	2023.31
-31600.0	7820.0	108.129	2022.87
-31600.0	7820.0	106.796	2001.82
-31600.0	7820.0	105.461	1911.43
-31600.0	7820.0	104.127	1967.23
-31600.0	7820.0	102.792	1908.74
-31600.0	7820.0	101.457	1951.4
-31600.0	7820.0	100.122	1872.34
-31600.0	7820.0	98.7867	1864.44
-31600.0	7820.0	97.4509	1895.86
-31600.0	7820.0	96.1148	1841.19
-31600.0	7820.0	94.7784	1863.24
-31600.0	7820.0	93.4418	1802.98
-31600.0	7820.0	92.1048	1772.68
-31600.0	7820.0	90.7676	1736.77
-31600.0	7820.0	89.43	1833.59
-31600.0	7820.0	88.0922	1741.63
-31600.0	7820.0	86.7541	1763.67
-31600.0	7820.0	85.4157	1731.54
