-31600.0	7850.0	1311.89	1889.77
-31600.0	7850.0	1310.78	1966.69
-31600.0	7850.0	1309.68	1961.83
-31600.0	7850.0	1308.58	1952.44
-31600.0	7850.0	1307.48	1979.36
-31600.0	7850.0	1306.38	1924.58
-31600.0	7850.0	1305.28	1899.31
-31600.0	7850.0	1304.18	1962.53
-31600.0	7850.0	1303.07	1937.26
-31600.0	7850.0	1301.97	1952.83
-31600.0	7850.0	1300.87	1932.11
-31600.0	7850.0	1299.77	1983.95
-31600.0	7850.0	1298.66	1822.67
-31600.0	7850.0	1297.56	1924.38
-31600.0	7850.0	1296.46	1964.86
-31600.0	7850.0	1295.35	1923.76
-31600.0	7850.0	1294.25	1986.88
-31600.0	7850.0	1293.15	1982.04
-31600.0	7850.0	1292.04	1954.54
-31600.0	7850.0	1290.94	2028.95
-31600.0	7850.0	1289.83	1895.04
-31600.0	7850.0	1288.73	1858.52
-31600.0	7850.0	1287.63	1951.02
-31600.0	7850.0	1286.52	1948.44
-31600.0	7850.0	1285.42	1902.87
-31600.0	7850.0	1284.31	1909.35
-31600.0	7850.0	1283.21	1900.0
-31600.0	7850.0	1282.1	1897.43
-31600.0	7850.0	1280.99	1967.22
-31600.0	7850.0	1279.89	1880.99
-31600.0	7850.0	1278.78	1858.08
-31600.0	7850.0	1277.68	1930.11
-31600.0	7850.0	1276.57	1950.13
-31600.0	7850.0	1275.46	1997.26
-31600.0	7850.0	1274.36	1917.87
-31600.0	7850.0	1273.25	1964.99
-31600.0	7850.0	1272.14	1930.8
-31600.0	7850.0	1271.04	1957.58
-31600.0	7850.0	1269.93	2009.19
-31600.0	7850.0	1268.82	1925.35
-31600.0	7850.0	1267.71	1934.06
-31600.0	7850.0	1266.61	1936.01
-31600.0	7850.0	1265.5	1949.23
-31600.0	7850.0	1264.39	1856.43
-31600.0	7850.0	1263.28	1876.43
-31600.0	7850.0	1262.17	1876.12
-31600.0	7850.0	1261.06	1925.42
-31600.0	7850.0	1259.95	1952.15
-31600.0	7850.0	1258.84	1872.95
-31600.0	7850.0	1257.74	1897.44
-31600.0	7850.0	1256.63	1852.06
-31600.0	7850.0	1255.52	1935.11
-31600.0	7850.0	1254.41	1941.56
-31600.0	7850.0	1253.3	1907.46
-31600.0	7850.0	1252.19	1900.39
-31600.0	7850.0	1251.08	1902.33
-31600.0	7850.0	1249.96	1938.04
-31600.0	7850.0	1248.85	1966.98
-31600.0	7850.0	1247.74	1869.9
-31600.0	7850.0	1246.63	1916.84
-31600.0	7850.0	1245.52	1880.54
-31600.0	7850.0	1244.41	1859.99
-31600.0	7850.0	1243.3	1877.67
-31600.0	7850.0	1242.18	1974.04
-31600.0	7850.0	1241.07	1877.06
-31600.0	7850.0	1239.96	1890.24
-31600.0	7850.0	1238.85	1898.91
-31600.0	7850.0	1237.74	1844.68
-31600.0	7850.0	1236.62	1833.14
-31600.0	7850.0	1235.51	1857.55
-31600.0	7850.0	1234.4	1895.42
-31600.0	7850.0	1233.28	1834.49
-31600.0	7850.0	1232.17	1838.67
-31600.0	7850.0	1231.06	1806.95
-31600.0	7850.0	1229.94	1831.34
-31600.0	7850.0	1228.83	1786.16
-31600.0	7850.0	1227.71	1929.45
-31600.0	7850.0	1226.6	1866.32
-31600.0	7850.0	1225.48	1785.28
-31600.0	7850.0	1224.37	1836.56
-31600.0	7850.0	1223.25	1784.69
-31600.0	7850.0	1222.14	1842.68
-31600.0	7850.0	1221.02	1846.86
-31600.0	7850.0	1219.91	1951.88
-31600.0	7850.0	1218.79	1873.13
-31600.0	7850.0	1217.68	1859.38
-31600.0	7850.0	1216.56	1876.99
-31600.0	7850.0	1215.44	1905.8
-31600.0	7850.0	1214.33	1862.94
-31600.0	7850.0	1213.21	1871.59
-31600.0	7850.0	1212.09	1835.46
-31600.0	7850.0	1210.98	1832.92
-31600.0	7850.0	1209.86	1839.33
-31600.0	7850.0	1208.74	1890.48
-31600.0	7850.0	1207.62	1854.38
-31600.0	7850.0	1206.51	1813.81
-31600.0	7850.0	1205.39	1909.67
-31600.0	7850.0	1204.27	1891.46
-31600.0	7850.0	1203.15	1835.26
-31600.0	7850.0	1202.03	1870.72
-31600.0	7850.0	1200.91	1881.58
-31600.0	7850.0	1199.8	1865.63
-31600.0	7850.0	1198.68	1869.79
-31600.0	7850.0	1197.56	1802.47
-31600.0	7850.0	1196.44	1826.74
-31600.0	7850.0	1195.32	1868.85
-31600.0	7850.0	1194.2	1812.73
-31600.0	7850.0	1193.08	1839.21
-31600.0	7850.0	1191.96	1856.76
-31600.0	7850.0	1190.84	1831.91
-31600.0	7850.0	1189.72	1833.83
-31600.0	7850.0	1188.6	1829.07
-31600.0	7850.0	1187.48	1830.99
-31600.0	7850.0	1186.35	1864.13
-31600.0	7850.0	1185.23	1799.17
-31600.0	7850.0	1184.11	1752.05
-31600.0	7850.0	1182.99	1794.11
-31600.0	7850.0	1181.87	1780.44
-31600.0	7850.0	1180.75	1833.61
-31600.0	7850.0	1179.62	1848.9
-31600.0	7850.0	1178.5	1824.09
-31600.0	7850.0	1177.38	1834.92
-31600.0	7850.0	1176.26	1919.21
-31600.0	7850.0	1175.13	1812.04
-31600.0	7850.0	1174.01	1811.74
-31600.0	7850.0	1172.89	1862.61
-31600.0	7850.0	1171.76	1784.43
-31600.0	7850.0	1170.64	1826.39
-31600.0	7850.0	1169.51	1779.38
-31600.0	7850.0	1168.39	1828.0
-31600.0	7850.0	1167.27	1785.45
-31600.0	7850.0	1166.14	1751.8
-31600.0	7850.0	1165.02	1773.74
-31600.0	7850.0	1163.89	1809.0
-31600.0	7850.0	1162.77	1864.24
-31600.0	7850.0	1161.64	1692.86
-31600.0	7850.0	1160.52	1801.42
-31600.0	7850.0	1159.39	1792.23
-31600.0	7850.0	1158.26	1767.5
-31600.0	7850.0	1157.14	1760.54
-31600.0	7850.0	1156.01	1811.3
-31600.0	7850.0	1154.88	1802.12
-31600.0	7850.0	1153.76	1806.25
-31600.0	7850.0	1152.63	1865.85
-31600.0	7850.0	1151.5	1796.76
-31600.0	7850.0	1150.38	1743.23
-31600.0	7850.0	1149.25	1860.46
-31600.0	7850.0	1148.12	1782.55
-31600.0	7850.0	1146.99	1691.36
-31600.0	7850.0	1145.87	1766.43
-31600.0	7850.0	1144.74	1819.31
-31600.0	7850.0	1143.61	1796.85
-31600.0	7850.0	1142.48	1745.59
-31600.0	7850.0	1141.35	1825.03
-31600.0	7850.0	1140.22	1822.51
-31600.0	7850.0	1139.09	1742.49
-31600.0	7850.0	1137.97	1799.75
-31600.0	7850.0	1136.84	1856.99
-31600.0	7850.0	1135.71	1792.5
-31600.0	7850.0	1134.58	1825.38
-31600.0	7850.0	1133.45	1745.43
-31600.0	7850.0	1132.32	1760.62
-31600.0	7850.0	1131.19	1753.68
-31600.0	7850.0	1130.05	1742.33
-31600.0	7850.0	1128.92	1792.88
-31600.0	7850.0	1127.79	1724.05
-31600.0	7850.0	1126.66	1739.23
-31600.0	7850.0	1125.53	1769.86
-31600.0	7850.0	1124.4	1736.42
-31600.0	7850.0	1123.27	1731.71
-31600.0	7850.0	1122.13	1746.87
-31600.0	7850.0	1121.0	1914.39
-31600.0	7850.0	1119.87	1752.9
-31600.0	7850.0	1118.74	1783.5
-31600.0	7850.0	1117.6	1814.09
-31600.0	7850.0	1116.47	1738.76
-31600.0	7850.0	1115.34	1764.93
-31600.0	7850.0	1114.2	1780.07
-31600.0	7850.0	1113.07	1748.89
-31600.0	7850.0	1111.94	1781.67
-31600.0	7850.0	1110.8	1818.84
-31600.0	7850.0	1109.67	1770.03
-31600.0	7850.0	1108.54	1719.04
-31600.0	7850.0	1107.4	1714.34
-31600.0	7850.0	1106.27	1786.74
-31600.0	7850.0	1105.13	1691.72
-31600.0	7850.0	1104.0	1832.38
-31600.0	7850.0	1102.86	1748.39
-31600.0	7850.0	1101.72	1706.26
-31600.0	7850.0	1100.59	1730.17
-31600.0	7850.0	1099.45	1714.47
-31600.0	7850.0	1098.32	1751.58
-31600.0	7850.0	1097.18	1742.48
-31600.0	7850.0	1096.04	1812.57
-31600.0	7850.0	1094.91	1755.07
-31600.0	7850.0	1093.77	1745.97
-31600.0	7850.0	1092.63	1866.59
-31600.0	7850.0	1091.5	1806.92
-31600.0	7850.0	1090.36	1786.83
-31600.0	7850.0	1089.22	1749.16
-31600.0	7850.0	1088.08	1667.57
-31600.0	7850.0	1086.95	1704.62
-31600.0	7850.0	1085.81	1724.09
-31600.0	7850.0	1084.67	1739.17
-31600.0	7850.0	1083.53	1752.04
-31600.0	7850.0	1082.39	1718.81
-31600.0	7850.0	1081.25	1698.75
-31600.0	7850.0	1080.11	1779.65
-31600.0	7850.0	1078.97	1792.51
-31600.0	7850.0	1077.83	1772.45
-31600.0	7850.0	1076.69	1737.05
-31600.0	7850.0	1075.55	1690.7
-31600.0	7850.0	1074.41	1699.18
-31600.0	7850.0	1073.27	1799.72
-31600.0	7850.0	1072.13	1700.78
-31600.0	7850.0	1070.99	1691.71
-31600.0	7850.0	1069.85	1682.65
-31600.0	7850.0	1068.71	1721.79
-31600.0	7850.0	1067.57	1822.24
-31600.0	7850.0	1066.43	1771.56
-31600.0	7850.0	1065.28	1786.57
-31600.0	7850.0	1064.14	1733.72
-31600.0	7850.0	1063.0	1724.67
-31600.0	7850.0	1061.86	1709.05
-31600.0	7850.0	1060.71	1750.32
-31600.0	7850.0	1059.57	1760.95
-31600.0	7850.0	1058.43	1740.96
-31600.0	7850.0	1057.29	1760.33
-31600.0	7850.0	1056.14	1705.36
-31600.0	7850.0	1055.0	1698.51
-31600.0	7850.0	1053.85	1790.01
-31600.0	7850.0	1052.71	1702.28
-31600.0	7850.0	1051.57	1728.2
-31600.0	7850.0	1050.42	1710.42
-31600.0	7850.0	1049.28	1694.83
-31600.0	7850.0	1048.13	1670.52
-31600.0	7850.0	1046.99	1783.75
-31600.0	7850.0	1045.84	1728.87
-31600.0	7850.0	1044.7	1778.76
-31600.0	7850.0	1043.55	1813.36
-31600.0	7850.0	1042.4	1666.86
-31600.0	7850.0	1041.26	1780.0
-31600.0	7850.0	1040.11	1738.25
-31600.0	7850.0	1038.97	1740.12
-31600.0	7850.0	1037.82	1735.46
-31600.0	7850.0	1036.67	1794.01
-31600.0	7850.0	1035.53	1745.74
-31600.0	7850.0	1034.38	1701.85
-31600.0	7850.0	1033.23	1766.91
-31600.0	7850.0	1032.08	1773.13
-31600.0	7850.0	1030.94	1803.31
-31600.0	7850.0	1029.79	1800.82
-31600.0	7850.0	1028.64	1756.95
-31600.0	7850.0	1027.49	1835.01
-31600.0	7850.0	1026.34	1819.45
-31600.0	7850.0	1025.19	1882.23
-31600.0	7850.0	1024.04	1823.15
-31600.0	7850.0	1022.89	1809.78
-31600.0	7850.0	1021.74	1892.1
-31600.0	7850.0	1020.59	1846.1
-31600.0	7850.0	1019.45	1841.43
-31600.0	7850.0	1018.29	1849.79
-31600.0	7850.0	1017.14	1847.29
-31600.0	7850.0	1015.99	1875.21
-31600.0	7850.0	1014.84	1890.08
-31600.0	7850.0	1013.69	1907.12
-31600.0	7850.0	1012.54	1893.76
-31600.0	7850.0	1011.39	1865.19
-31600.0	7850.0	1010.24	1843.15
-31600.0	7850.0	1009.09	1907.94
-31600.0	7850.0	1007.93	1883.73
-31600.0	7850.0	1006.78	1974.52
-31600.0	7850.0	1005.63	1972.0
-31600.0	7850.0	1004.48	1882.72
-31600.0	7850.0	1003.32	1925.75
-31600.0	7850.0	1002.17	1960.1
-31600.0	7850.0	1001.02	1970.59
-31600.0	7850.0	999.865	1983.24
-31600.0	7850.0	998.711	2032.73
-31600.0	7850.0	997.558	2010.7
-31600.0	7850.0	996.403	2118.66
-31600.0	7850.0	995.249	2090.12
-31600.0	7850.0	994.095	2154.71
-31600.0	7850.0	992.94	2121.85
-31600.0	7850.0	991.785	2216.72
-31600.0	7850.0	990.63	2181.69
-31600.0	7850.0	989.475	2244.05
-31600.0	7850.0	988.319	2239.32
-31600.0	7850.0	987.164	2178.35
-31600.0	7850.0	986.008	2277.45
-31600.0	7850.0	984.852	2218.65
-31600.0	7850.0	983.695	2278.79
-31600.0	7850.0	982.539	2261.09
-31600.0	7850.0	981.382	2256.36
-31600.0	7850.0	980.225	2379.12
-31600.0	7850.0	979.068	2212.34
-31600.0	7850.0	977.911	2235.7
-31600.0	7850.0	976.753	2343.28
-31600.0	7850.0	975.595	2345.02
-31600.0	7850.0	974.437	2323.01
-31600.0	7850.0	973.279	2359.28
-31600.0	7850.0	972.121	2291.95
-31600.0	7850.0	970.962	2354.12
-31600.0	7850.0	969.803	2411.94
-31600.0	7850.0	968.644	2368.36
-31600.0	7850.0	967.485	2346.37
-31600.0	7850.0	966.326	2371.82
-31600.0	7850.0	965.166	2375.7
-31600.0	7850.0	964.006	2411.91
-31600.0	7850.0	962.846	2355.45
-31600.0	7850.0	961.686	2363.64
-31600.0	7850.0	960.525	2386.91
-31600.0	7850.0	959.365	2386.47
-31600.0	7850.0	958.204	2299.9
-31600.0	7850.0	957.043	2333.93
-31600.0	7850.0	955.881	2430.38
-31600.0	7850.0	954.72	2328.78
-31600.0	7850.0	953.558	2341.27
-31600.0	7850.0	952.396	2390.33
-31600.0	7850.0	951.234	2353.32
-31600.0	7850.0	950.071	2331.39
-31600.0	7850.0	948.909	2423.43
-31600.0	7850.0	947.746	2354.19
-31600.0	7850.0	946.583	2416.1
-31600.0	7850.0	945.42	2368.38
-31600.0	7850.0	944.256	2355.05
-31600.0	7850.0	943.092	2266.54
-31600.0	7850.0	941.929	2328.42
-31600.0	7850.0	940.765	2364.5
-31600.0	7850.0	939.6	2196.59
-31600.0	7850.0	938.436	2245.56
-31600.0	7850.0	937.271	2215.1
-31600.0	7850.0	936.106	2231.86
-31600.0	7850.0	934.941	2282.95
-31600.0	7850.0	933.775	2179.56
-31600.0	7850.0	932.61	2071.92
-31600.0	7850.0	931.444	2088.7
-31600.0	7850.0	930.278	2056.15
-31600.0	7850.0	929.112	1993.61
-31600.0	7850.0	927.945	1980.39
-31600.0	7850.0	926.779	1973.59
-31600.0	7850.0	925.612	1994.66
-31600.0	7850.0	924.445	1945.02
-31600.0	7850.0	923.278	1886.84
-31600.0	7850.0	922.11	1860.8
-31600.0	7850.0	920.942	1849.75
-31600.0	7850.0	919.774	1954.3
-31600.0	7850.0	918.606	1898.29
-31600.0	7850.0	917.438	1820.91
-31600.0	7850.0	916.269	1859.09
-31600.0	7850.0	915.1	1811.69
-31600.0	7850.0	913.931	1860.54
-31600.0	7850.0	912.762	1772.53
-31600.0	7850.0	911.593	1761.52
-31600.0	7850.0	910.423	1737.68
-31600.0	7850.0	909.253	1752.32
-31600.0	7850.0	908.083	1702.85
-31600.0	7850.0	906.913	1762.35
-31600.0	7850.0	905.742	1783.38
-31600.0	7850.0	904.572	1706.18
-31600.0	7850.0	903.401	1767.78
-31600.0	7850.0	902.229	1722.63
-31600.0	7850.0	901.058	1782.07
-31600.0	7850.0	899.886	1672.91
-31600.0	7850.0	898.715	1698.2
-31600.0	7850.0	897.543	1625.37
-31600.0	7850.0	896.37	1701.84
-31600.0	7850.0	895.198	1669.54
-31600.0	7850.0	894.025	1733.19
-31600.0	7850.0	892.852	1713.68
-31600.0	7850.0	891.679	1662.22
-31600.0	7850.0	890.506	1751.4
-31600.0	7850.0	889.332	1699.94
-31600.0	7850.0	888.158	1691.11
-31600.0	7850.0	886.984	1695.05
-31600.0	7850.0	885.81	1675.58
-31600.0	7850.0	884.636	1634.82
-31600.0	7850.0	883.461	1677.08
-31600.0	7850.0	882.286	1712.94
-31600.0	7850.0	881.111	1693.48
-31600.0	7850.0	879.936	1733.58
-31600.0	7850.0	878.76	1705.61
-31600.0	7850.0	877.584	1643.63
-31600.0	7850.0	876.408	1664.58
-31600.0	7850.0	875.232	1638.76
-31600.0	7850.0	874.056	1659.71
-31600.0	7850.0	872.879	1687.02
-31600.0	7850.0	871.702	1635.72
-31600.0	7850.0	870.525	1716.12
-31600.0	7850.0	869.348	1707.31
-31600.0	7850.0	868.17	1666.65
-31600.0	7850.0	866.993	1672.7
-31600.0	7850.0	865.815	1716.96
-31600.0	7850.0	864.637	1597.81
-31600.0	7850.0	863.458	1618.73
-31600.0	7850.0	862.28	1629.03
-31600.0	7850.0	861.101	1607.52
-31600.0	7850.0	859.922	1583.89
-31600.0	7850.0	858.742	1628.11
-31600.0	7850.0	857.563	1665.96
-31600.0	7850.0	856.383	1667.76
-31600.0	7850.0	855.203	1722.54
-31600.0	7850.0	854.023	1648.07
-31600.0	7850.0	852.843	1632.94
-31600.0	7850.0	851.662	1672.86
-31600.0	7850.0	850.481	1583.63
-31600.0	7850.0	849.3	1570.63
-31600.0	7850.0	848.119	1619.01
-31600.0	7850.0	846.937	1728.73
-31600.0	7850.0	845.756	1686.1
-31600.0	7850.0	844.574	1624.44
-31600.0	7850.0	843.392	1641.05
-31600.0	7850.0	842.209	1590.0
-31600.0	7850.0	841.027	1634.09
-31600.0	7850.0	839.844	1612.65
-31600.0	7850.0	838.661	1667.28
-31600.0	7850.0	837.477	1647.95
-31600.0	7850.0	836.294	1677.22
-31600.0	7850.0	835.11	1615.65
-31600.0	7850.0	833.926	1668.14
-31600.0	7850.0	832.742	1674.15
-31600.0	7850.0	831.558	1684.39
-31600.0	7850.0	830.373	1673.52
-31600.0	7850.0	829.188	1660.54
-31600.0	7850.0	828.003	1601.16
-31600.0	7850.0	826.818	1581.87
-31600.0	7850.0	825.632	1665.92
-31600.0	7850.0	824.446	1655.07
-31600.0	7850.0	823.26	1604.16
-31600.0	7850.0	822.074	1610.18
-31600.0	7850.0	820.888	1607.77
-31600.0	7850.0	819.701	1710.69
-31600.0	7850.0	818.514	1598.73
-31600.0	7850.0	817.327	1665.82
-31600.0	7850.0	816.14	1648.66
-31600.0	7850.0	814.952	1686.23
-31600.0	7850.0	813.765	1620.67
-31600.0	7850.0	812.577	1614.04
-31600.0	7850.0	811.388	1607.43
-31600.0	7850.0	810.2	1615.53
-31600.0	7850.0	809.011	1646.77
-31600.0	7850.0	807.822	1629.64
-31600.0	7850.0	806.633	1606.2
-31600.0	7850.0	805.444	1601.69
-31600.0	7850.0	804.254	1595.08
-31600.0	7850.0	803.064	1603.18
-31600.0	7850.0	801.874	1613.38
-31600.0	7850.0	800.684	1613.07
-31600.0	7850.0	799.493	1631.66
-31600.0	7850.0	798.303	1637.65
-31600.0	7850.0	797.112	1708.7
-31600.0	7850.0	795.921	1641.22
-31600.0	7850.0	794.729	1649.29
-31600.0	7850.0	793.538	1594.43
-31600.0	7850.0	792.346	1610.91
-31600.0	7850.0	791.154	1547.68
-31600.0	7850.0	789.961	1568.35
-31600.0	7850.0	788.769	1609.98
-31600.0	7850.0	787.576	1639.01
-31600.0	7850.0	786.383	1624.03
-31600.0	7850.0	785.19	1548.29
-31600.0	7850.0	783.996	1541.71
-31600.0	7850.0	782.802	1516.29
-31600.0	7850.0	781.608	1603.94
-31600.0	7850.0	780.414	1551.29
-31600.0	7850.0	779.22	1569.83
-31600.0	7850.0	778.025	1571.62
-31600.0	7850.0	776.83	1562.95
-31600.0	7850.0	775.635	1596.12
-31600.0	7850.0	774.44	1631.37
-31600.0	7850.0	773.244	1589.23
-31600.0	7850.0	772.049	1614.01
-31600.0	7850.0	770.853	1580.26
-31600.0	7850.0	769.656	1625.93
-31600.0	7850.0	768.46	1558.75
-31600.0	7850.0	767.263	1598.14
-31600.0	7850.0	766.066	1574.86
-31600.0	7850.0	764.869	1603.79
-31600.0	7850.0	763.672	1559.64
-31600.0	7850.0	762.474	1507.15
-31600.0	7850.0	761.276	1600.77
-31600.0	7850.0	760.078	1573.34
-31600.0	7850.0	758.88	1591.81
-31600.0	7850.0	757.681	1612.36
-31600.0	7850.0	756.483	1653.76
-31600.0	7850.0	755.284	1643.01
-31600.0	7850.0	754.084	1661.45
-31600.0	7850.0	752.885	1523.57
-31600.0	7850.0	751.685	1592.04
-31600.0	7850.0	750.485	1539.65
-31600.0	7850.0	749.285	1578.93
-31600.0	7850.0	748.085	1597.36
-31600.0	7850.0	746.884	1599.14
-31600.0	7850.0	745.683	1598.82
-31600.0	7850.0	744.482	1619.33
-31600.0	7850.0	743.281	1498.31
-31600.0	7850.0	742.079	1533.39
-31600.0	7850.0	740.877	1578.86
-31600.0	7850.0	739.675	1605.59
-31600.0	7850.0	738.473	1590.72
-31600.0	7850.0	737.27	1501.01
-31600.0	7850.0	736.068	1500.72
-31600.0	7850.0	734.865	1583.56
-31600.0	7850.0	733.661	1589.48
-31600.0	7850.0	732.458	1620.33
-31600.0	7850.0	731.254	1534.86
-31600.0	7850.0	730.05	1567.78
-31600.0	7850.0	728.846	1582.01
-31600.0	7850.0	727.642	1511.13
-31600.0	7850.0	726.437	1577.24
-31600.0	7850.0	725.232	1603.91
-31600.0	7850.0	724.027	1520.61
-31600.0	7850.0	722.822	1541.06
-31600.0	7850.0	721.616	1551.12
-31600.0	7850.0	720.41	1546.67
-31600.0	7850.0	719.204	1583.68
-31600.0	7850.0	717.998	1568.87
-31600.0	7850.0	716.791	1585.14
-31600.0	7850.0	715.585	1520.6
-31600.0	7850.0	714.378	1808.21
-31600.0	7850.0	713.17	1580.06
-31600.0	7850.0	711.963	1534.2
-31600.0	7850.0	710.755	1620.84
-31600.0	7850.0	709.547	1608.11
-31600.0	7850.0	708.339	1593.31
-31600.0	7850.0	707.131	1605.4
-31600.0	7850.0	705.922	1559.58
-31600.0	7850.0	704.713	1511.71
-31600.0	7850.0	703.504	1604.46
-31600.0	7850.0	702.295	1573.13
-31600.0	7850.0	701.085	1622.43
-31600.0	7850.0	699.875	1642.77
-31600.0	7850.0	698.665	1611.46
-31600.0	7850.0	697.455	1551.24
-31600.0	7850.0	696.244	1577.78
-31600.0	7850.0	695.034	1579.53
-31600.0	7850.0	693.822	1601.93
-31600.0	7850.0	692.611	1655.28
-31600.0	7850.0	691.4	1628.12
-31600.0	7850.0	690.188	1561.78
-31600.0	7850.0	688.976	1567.66
-31600.0	7850.0	687.764	1567.35
-31600.0	7850.0	686.551	1577.35
-31600.0	7850.0	685.339	1628.58
-31600.0	7850.0	684.126	1681.85
-31600.0	7850.0	682.912	1603.21
-31600.0	7850.0	681.699	1617.31
-31600.0	7850.0	680.485	1612.87
-31600.0	7850.0	679.271	1633.15
-31600.0	7850.0	678.057	1702.83
-31600.0	7850.0	676.843	1644.85
-31600.0	7850.0	675.628	1720.68
-31600.0	7850.0	674.413	1660.66
-31600.0	7850.0	673.198	1631.53
-31600.0	7850.0	671.983	1620.92
-31600.0	7850.0	670.767	1628.82
-31600.0	7850.0	669.551	1636.73
-31600.0	7850.0	668.335	1679.57
-31600.0	7850.0	667.119	1642.24
-31600.0	7850.0	665.902	1662.47
-31600.0	7850.0	664.686	1643.64
-31600.0	7850.0	663.469	1709.05
-31600.0	7850.0	662.251	1659.42
-31600.0	7850.0	661.034	1679.62
-31600.0	7850.0	659.816	1677.24
-31600.0	7850.0	658.598	1594.8
-31600.0	7850.0	657.38	1701.19
-31600.0	7850.0	656.161	1590.06
-31600.0	7850.0	654.942	1626.67
-31600.0	7850.0	653.723	1628.4
-31600.0	7850.0	652.504	1683.43
-31600.0	7850.0	651.285	1646.2
-31600.0	7850.0	650.065	1602.83
-31600.0	7850.0	648.845	1579.96
-31600.0	7850.0	647.625	1589.89
-31600.0	7850.0	646.404	1657.17
-31600.0	7850.0	645.184	1726.47
-31600.0	7850.0	643.963	1734.32
-31600.0	7850.0	642.742	1674.6
-31600.0	7850.0	641.52	1639.47
-31600.0	7850.0	640.298	1671.89
-31600.0	7850.0	639.076	1687.92
-31600.0	7850.0	637.854	1726.45
-31600.0	7850.0	636.632	1674.97
-31600.0	7850.0	635.409	1693.04
-31600.0	7850.0	634.186	1676.35
-31600.0	7850.0	632.963	1651.48
-31600.0	7850.0	631.74	1681.81
-31600.0	7850.0	630.516	1699.86
-31600.0	7850.0	629.292	1617.81
-31600.0	7850.0	628.068	1656.29
-31600.0	7850.0	626.844	1623.28
-31600.0	7850.0	625.619	1657.66
-31600.0	7850.0	624.394	1655.29
-31600.0	7850.0	623.169	1661.08
-31600.0	7850.0	621.944	1758.68
-31600.0	7850.0	620.718	1631.85
-31600.0	7850.0	619.492	1639.68
-31600.0	7850.0	618.266	1604.69
-31600.0	7850.0	617.04	1649.22
-31600.0	7850.0	615.813	1650.92
-31600.0	7850.0	614.587	1703.57
-31600.0	7850.0	613.36	1654.33
-31600.0	7850.0	612.132	1633.63
-31600.0	7850.0	610.905	1631.26
-31600.0	7850.0	609.677	1655.37
-31600.0	7850.0	608.449	1671.32
-31600.0	7850.0	607.22	1683.19
-31600.0	7850.0	605.992	1634.02
-31600.0	7850.0	604.763	1725.24
-31600.0	7850.0	603.534	1625.22
-31600.0	7850.0	602.305	1649.3
-31600.0	7850.0	601.075	1620.5
-31600.0	7850.0	599.845	1642.53
-31600.0	7850.0	598.615	1701.14
-31600.0	7850.0	597.385	1647.96
-31600.0	7850.0	596.154	1710.61
-31600.0	7850.0	594.924	1590.42
-31600.0	7850.0	593.693	1699.77
-31600.0	7850.0	592.461	1689.27
-31600.0	7850.0	591.23	1615.85
-31600.0	7850.0	589.998	1635.82
-31600.0	7850.0	588.766	1672.01
-31600.0	7850.0	587.534	1600.67
-31600.0	7850.0	586.301	1663.22
-31600.0	7850.0	585.068	1644.63
-31600.0	7850.0	583.835	1650.38
-31600.0	7850.0	582.602	1670.32
-31600.0	7850.0	581.368	1651.74
-31600.0	7850.0	580.134	1673.69
-31600.0	7850.0	578.9	1636.88
-31600.0	7850.0	577.666	1650.73
-31600.0	7850.0	576.432	1666.59
-31600.0	7850.0	575.197	1666.26
-31600.0	7850.0	573.962	1653.77
-31600.0	7850.0	572.726	1588.67
-31600.0	7850.0	571.491	1695.59
-31600.0	7850.0	570.255	1622.42
-31600.0	7850.0	569.019	1599.84
-31600.0	7850.0	567.783	1696.58
-31600.0	7850.0	566.546	1764.97
-31600.0	7850.0	565.309	1637.27
-31600.0	7850.0	564.072	1622.79
-31600.0	7850.0	562.835	1719.44
-31600.0	7850.0	561.597	1729.19
-31600.0	7850.0	560.359	1710.66
-31600.0	7850.0	559.121	1708.29
-31600.0	7850.0	557.883	1639.3
-31600.0	7850.0	556.644	1709.61
-31600.0	7850.0	555.406	1695.14
-31600.0	7850.0	554.167	1743.22
-31600.0	7850.0	552.927	1761.01
-31600.0	7850.0	551.688	1782.84
-31600.0	7850.0	550.448	1758.28
-31600.0	7850.0	549.208	1832.51
-31600.0	7850.0	547.967	1820.04
-31600.0	7850.0	546.727	1805.56
-31600.0	7850.0	545.486	1859.59
-31600.0	7850.0	544.245	1782.67
-31600.0	7850.0	543.003	1883.0
-31600.0	7850.0	541.762	1995.37
-31600.0	7850.0	540.52	1974.83
-31600.0	7850.0	539.278	1932.16
-31600.0	7850.0	538.035	2018.29
-31600.0	7850.0	536.793	2060.12
-31600.0	7850.0	535.55	2172.34
-31600.0	7850.0	534.307	2254.34
-31600.0	7850.0	533.063	2392.61
-31600.0	7850.0	531.82	2494.64
-31600.0	7850.0	530.576	2827.75
-31600.0	7850.0	529.331	3126.57
-31600.0	7850.0	528.087	3726.6
-31600.0	7850.0	526.842	4543.31
-31600.0	7850.0	525.597	5845.65
-31600.0	7850.0	524.352	7605.21
-31600.0	7850.0	523.107	9891.97
-31600.0	7850.0	521.861	12573.1
-31600.0	7850.0	520.615	13798.5
-31600.0	7850.0	519.369	12503.8
-31600.0	7850.0	518.122	10425.4
-31600.0	7850.0	516.876	8732.79
-31600.0	7850.0	515.629	7488.01
-31600.0	7850.0	514.381	6404.08
-31600.0	7850.0	513.134	5605.17
-31600.0	7850.0	511.886	5091.1
-31600.0	7850.0	510.638	4599.28
-31600.0	7850.0	509.39	4225.81
-31600.0	7850.0	508.141	3908.57
-31600.0	7850.0	506.892	3655.52
-31600.0	7850.0	505.643	3490.65
-31600.0	7850.0	504.394	3395.87
-31600.0	7850.0	503.145	3241.12
-31600.0	7850.0	501.895	3150.44
-31600.0	7850.0	500.645	3139.79
-31600.0	7850.0	499.394	3171.13
-31600.0	7850.0	498.144	3060.53
-31600.0	7850.0	496.893	3007.93
-31600.0	7850.0	495.642	2861.44
-31600.0	7850.0	494.39	2844.86
-31600.0	7850.0	493.139	2754.39
-31600.0	7850.0	491.887	2647.98
-31600.0	7850.0	490.635	2607.5
-31600.0	7850.0	489.382	2515.14
-31600.0	7850.0	488.13	2500.65
-31600.0	7850.0	486.877	2386.4
-31600.0	7850.0	485.623	2453.73
-31600.0	7850.0	484.37	2391.39
-31600.0	7850.0	483.116	2362.98
-31600.0	7850.0	481.862	2350.53
-31600.0	7850.0	480.608	2242.41
-31600.0	7850.0	479.354	2218.03
-31600.0	7850.0	478.099	2247.45
-31600.0	7850.0	476.844	2286.83
-31600.0	7850.0	475.588	2212.66
-31600.0	7850.0	474.333	2256.01
-31600.0	7850.0	473.077	2183.87
-31600.0	7850.0	471.821	2153.57
-31600.0	7850.0	470.565	2161.08
-31600.0	7850.0	469.308	2140.73
-31600.0	7850.0	468.051	2146.26
-31600.0	7850.0	466.794	2143.82
-31600.0	7850.0	465.537	2177.18
-31600.0	7850.0	464.279	2047.51
-31600.0	7850.0	463.021	2011.31
-31600.0	7850.0	461.763	2072.49
-31600.0	7850.0	460.505	2028.35
-31600.0	7850.0	459.246	2097.45
-31600.0	7850.0	457.987	2051.34
-31600.0	7850.0	456.728	2037.01
-31600.0	7850.0	455.469	1994.9
-31600.0	7850.0	454.209	1958.77
-31600.0	7850.0	452.949	1990.1
-31600.0	7850.0	451.689	1946.05
-31600.0	7850.0	450.428	2036.87
-31600.0	7850.0	449.167	1994.81
-31600.0	7850.0	447.906	2010.25
-31600.0	7850.0	446.645	2023.71
-31600.0	7850.0	445.383	1983.65
-31600.0	7850.0	444.122	1967.39
-31600.0	7850.0	442.86	1990.75
-31600.0	7850.0	441.597	1992.31
-31600.0	7850.0	440.335	1948.33
-31600.0	7850.0	439.072	1965.74
-31600.0	7850.0	437.809	1993.04
-31600.0	7850.0	436.545	1955.03
-31600.0	7850.0	435.281	2045.62
-31600.0	7850.0	434.018	2084.76
-31600.0	7850.0	432.753	2064.54
-31600.0	7850.0	431.489	1983.05
-31600.0	7850.0	430.224	2012.29
-31600.0	7850.0	428.959	2031.63
-31600.0	7850.0	427.694	1987.73
-31600.0	7850.0	426.428	1999.17
-31600.0	7850.0	425.163	1965.17
-31600.0	7850.0	423.896	2022.03
-31600.0	7850.0	422.63	1936.71
-31600.0	7850.0	421.364	2102.11
-31600.0	7850.0	420.097	2026.68
-31600.0	7850.0	418.83	1978.9
-31600.0	7850.0	417.562	1950.87
-31600.0	7850.0	416.295	1962.29
-31600.0	7850.0	415.027	1957.94
-31600.0	7850.0	413.758	1961.47
-31600.0	7850.0	412.49	2006.39
-31600.0	7850.0	411.221	1944.88
-31600.0	7850.0	409.952	1968.11
-31600.0	7850.0	408.683	1898.76
-31600.0	7850.0	407.414	2000.76
-31600.0	7850.0	406.144	1986.56
-31600.0	7850.0	404.874	1889.69
-31600.0	7850.0	403.603	1938.49
-31600.0	7850.0	402.333	1859.38
-31600.0	7850.0	401.062	1996.7
-31600.0	7850.0	399.791	1966.77
-31600.0	7850.0	398.519	1954.56
-31600.0	7850.0	397.248	1901.07
-31600.0	7850.0	395.976	1973.39
-31600.0	7850.0	394.704	1886.51
-31600.0	7850.0	393.431	1960.78
-31600.0	7850.0	392.159	1962.33
-31600.0	7850.0	390.886	1928.53
-31600.0	7850.0	389.612	1939.9
-31600.0	7850.0	388.339	1853.12
-31600.0	7850.0	387.065	1986.19
-31600.0	7850.0	385.791	2001.47
-31600.0	7850.0	384.517	1938.27
-31600.0	7850.0	383.242	1931.97
-31600.0	7850.0	381.967	1974.71
-31600.0	7850.0	380.692	1876.26
-31600.0	7850.0	379.417	1928.79
-31600.0	7850.0	378.141	2047.93
-31600.0	7850.0	376.865	1988.72
-31600.0	7850.0	375.589	1954.99
-31600.0	7850.0	374.312	1942.83
-31600.0	7850.0	373.035	1967.88
-31600.0	7850.0	371.758	1906.77
-31600.0	7850.0	370.481	1990.53
-31600.0	7850.0	369.204	2013.59
-31600.0	7850.0	367.926	2034.69
-31600.0	7850.0	366.648	1952.11
-31600.0	7850.0	365.369	1961.47
-31600.0	7850.0	364.091	1941.5
-31600.0	7850.0	362.812	1991.92
-31600.0	7850.0	361.532	1971.95
-31600.0	7850.0	360.253	1903.15
-31600.0	7850.0	358.973	1986.75
-31600.0	7850.0	357.693	2052.73
-31600.0	7850.0	356.413	1950.76
-31600.0	7850.0	355.132	1962.06
-31600.0	7850.0	353.852	2028.01
-31600.0	7850.0	352.571	1965.13
-31600.0	7850.0	351.289	2050.56
-31600.0	7850.0	350.008	1903.83
-31600.0	7850.0	348.726	1940.48
-31600.0	7850.0	347.444	1990.76
-31600.0	7850.0	346.161	1994.24
-31600.0	7850.0	344.878	1999.66
-31600.0	7850.0	343.595	1962.22
-31600.0	7850.0	342.312	2014.4
-31600.0	7850.0	341.029	1949.7
-31600.0	7850.0	339.745	2040.81
-31600.0	7850.0	338.461	2075.42
-31600.0	7850.0	337.176	2039.94
-31600.0	7850.0	335.892	2002.53
-31600.0	7850.0	334.607	2054.64
-31600.0	7850.0	333.322	2056.15
-31600.0	7850.0	332.036	2003.2
-31600.0	7850.0	330.75	2090.28
-31600.0	7850.0	329.464	2066.5
-31600.0	7850.0	328.178	2079.67
-31600.0	7850.0	326.892	2011.22
-31600.0	7850.0	325.605	2057.42
-31600.0	7850.0	324.318	2105.54
-31600.0	7850.0	323.03	2126.45
-31600.0	7850.0	321.743	2141.53
-31600.0	7850.0	320.455	2127.49
-31600.0	7850.0	319.167	2109.57
-31600.0	7850.0	317.878	2138.22
-31600.0	7850.0	316.59	2085.39
-31600.0	7850.0	315.301	2110.16
-31600.0	7850.0	314.011	2167.88
-31600.0	7850.0	312.722	2130.59
-31600.0	7850.0	311.432	2089.43
-31600.0	7850.0	310.142	2104.49
-31600.0	7850.0	308.851	2202.85
-31600.0	7850.0	307.561	2244.99
-31600.0	7850.0	306.27	2165.12
-31600.0	7850.0	304.979	2249.85
-31600.0	7850.0	303.687	2291.95
-31600.0	7850.0	302.395	2264.37
-31600.0	7850.0	301.103	2221.32
-31600.0	7850.0	299.811	2261.47
-31600.0	7850.0	298.519	2239.71
-31600.0	7850.0	297.226	2241.17
-31600.0	7850.0	295.933	2217.49
-31600.0	7850.0	294.639	2226.68
-31600.0	7850.0	293.345	2179.83
-31600.0	7850.0	292.052	2233.46
-31600.0	7850.0	290.757	2157.65
-31600.0	7850.0	289.463	2164.91
-31600.0	7850.0	288.168	2218.52
-31600.0	7850.0	286.873	2181.36
-31600.0	7850.0	285.578	2169.32
-31600.0	7850.0	284.282	2203.59
-31600.0	7850.0	282.986	2197.33
-31600.0	7850.0	281.69	2096.56
-31600.0	7850.0	280.393	2111.54
-31600.0	7850.0	279.097	2167.0
-31600.0	7850.0	277.8	2176.18
-31600.0	7850.0	276.502	2127.53
-31600.0	7850.0	275.205	2076.98
-31600.0	7850.0	273.907	2007.19
-31600.0	7850.0	272.609	2049.13
-31600.0	7850.0	271.311	2139.19
-31600.0	7850.0	270.012	2119.48
-31600.0	7850.0	268.713	2094.01
-31600.0	7850.0	267.414	2153.21
-31600.0	7850.0	266.114	2114.28
-31600.0	7850.0	264.814	2129.21
-31600.0	7850.0	263.514	1976.84
-31600.0	7850.0	262.214	2070.62
-31600.0	7850.0	260.913	2066.33
-31600.0	7850.0	259.613	2006.32
-31600.0	7850.0	258.311	2080.82
-31600.0	7850.0	257.01	2041.96
-31600.0	7850.0	255.708	2024.23
-31600.0	7850.0	254.406	1998.84
-31600.0	7850.0	253.104	2023.37
-31600.0	7850.0	251.801	2038.29
-31600.0	7850.0	250.499	1964.93
-31600.0	7850.0	249.195	2008.64
-31600.0	7850.0	247.892	2031.22
-31600.0	7850.0	246.588	2013.53
-31600.0	7850.0	245.284	1947.91
-31600.0	7850.0	243.98	1958.99
-31600.0	7850.0	242.676	1983.49
-31600.0	7850.0	241.371	2044.37
-31600.0	7850.0	240.066	2040.1
-31600.0	7850.0	238.76	2043.5
-31600.0	7850.0	237.455	2016.25
-31600.0	7850.0	236.149	2019.65
-31600.0	7850.0	234.843	1933.09
-31600.0	7850.0	233.536	2001.56
-31600.0	7850.0	232.229	1930.34
-31600.0	7850.0	230.922	1968.18
-31600.0	7850.0	229.615	1973.5
-31600.0	7850.0	228.307	1969.25
-31600.0	7850.0	227.0	1963.09
-31600.0	7850.0	225.691	1947.38
-31600.0	7850.0	224.383	1927.86
-31600.0	7850.0	223.074	1852.95
-31600.0	7850.0	221.765	1951.86
-31600.0	7850.0	220.456	1813.96
-31600.0	7850.0	219.146	1930.02
-31600.0	7850.0	217.836	1958.24
-31600.0	7850.0	216.526	1868.13
-31600.0	7850.0	215.216	1888.71
-31600.0	7850.0	213.905	1869.23
-31600.0	7850.0	212.594	1882.18
-31600.0	7850.0	211.283	1937.07
-31600.0	7850.0	209.971	1927.12
-31600.0	7850.0	208.66	1890.5
-31600.0	7850.0	207.348	1956.78
-31600.0	7850.0	206.035	1950.64
-31600.0	7850.0	204.722	1963.55
-31600.0	7850.0	203.409	1963.13
-31600.0	7850.0	202.096	1878.95
-31600.0	7850.0	200.783	1939.45
-31600.0	7850.0	199.469	1967.57
-31600.0	7850.0	198.155	1932.9
-31600.0	7850.0	196.84	1932.49
-31600.0	7850.0	195.526	1992.93
-31600.0	7850.0	194.211	1982.99
-31600.0	7850.0	192.896	1967.36
-31600.0	7850.0	191.58	2219.69
-31600.0	7850.0	190.264	2076.71
-31600.0	7850.0	188.948	2032.57
-31600.0	7850.0	187.632	1963.76
-31600.0	7850.0	186.315	1993.72
-31600.0	7850.0	184.998	1993.29
-31600.0	7850.0	183.681	1968.19
-31600.0	7850.0	182.364	1958.28
-31600.0	7850.0	181.046	1927.5
-31600.0	7850.0	179.728	2035.2
-31600.0	7850.0	178.41	2019.59
-31600.0	7850.0	177.091	1983.13
-31600.0	7850.0	175.772	2033.89
-31600.0	7850.0	174.453	2039.13
-31600.0	7850.0	173.133	1993.22
-31600.0	7850.0	171.814	2024.99
-31600.0	7850.0	170.494	2119.25
-31600.0	7850.0	169.173	2079.03
-31600.0	7850.0	167.853	2031.26
-31600.0	7850.0	166.532	2059.21
-31600.0	7850.0	165.211	2003.89
-31600.0	7850.0	163.889	2029.94
-31600.0	7850.0	162.567	2052.2
-31600.0	7850.0	161.245	1996.92
-31600.0	7850.0	159.923	1998.38
-31600.0	7850.0	158.6	2039.53
-31600.0	7850.0	157.278	2126.03
-31600.0	7850.0	155.954	2101.0
-31600.0	7850.0	154.631	2102.44
-31600.0	7850.0	153.307	2126.54
-31600.0	7850.0	151.983	2144.96
-31600.0	7850.0	150.659	2146.39
-31600.0	7850.0	149.334	2110.06
-31600.0	7850.0	148.009	2137.91
-31600.0	7850.0	146.684	2063.88
-31600.0	7850.0	145.359	2112.47
-31600.0	7850.0	144.033	2112.02
-31600.0	7850.0	142.707	2096.48
-31600.0	7850.0	141.381	2099.79
-31600.0	7850.0	140.054	2112.53
-31600.0	7850.0	138.727	2134.69
-31600.0	7850.0	137.4	2043.81
-31600.0	7850.0	136.072	2065.97
-31600.0	7850.0	134.745	2039.16
-31600.0	7850.0	133.417	2108.37
-31600.0	7850.0	132.088	2136.15
-31600.0	7850.0	130.76	2101.82
-31600.0	7850.0	129.431	2105.12
-31600.0	7850.0	128.102	2065.17
-31600.0	7850.0	126.772	2004.55
-31600.0	7850.0	125.442	2068.04
-31600.0	7850.0	124.112	1998.05
-31600.0	7850.0	122.782	2065.27
-31600.0	7850.0	121.451	2059.19
-31600.0	7850.0	120.12	2079.4
-31600.0	7850.0	118.789	2065.81
-31600.0	7850.0	117.458	2127.32
-31600.0	7850.0	116.126	2034.88
-31600.0	7850.0	114.794	2066.35
-31600.0	7850.0	113.462	2118.44
-31600.0	7850.0	112.129	2089.84
-31600.0	7850.0	110.796	2065.01
-31600.0	7850.0	109.463	2092.69
-31600.0	7850.0	108.129	2058.49
-31600.0	7850.0	106.796	2048.68
-31600.0	7850.0	105.461	1932.05
-31600.0	7850.0	104.127	1970.98
-31600.0	7850.0	102.792	1979.92
-31600.0	7850.0	101.457	1915.81
-31600.0	7850.0	100.122	1883.57
-31600.0	7850.0	98.7867	1804.54
-31600.0	7850.0	97.4509	1839.71
-31600.0	7850.0	96.1148	1854.28
-31600.0	7850.0	94.7784	1934.32
-31600.0	7850.0	93.4418	1812.34
-31600.0	7850.0	92.1048	1759.59
-31600.0	7850.0	90.7676	1837.73
-31600.0	7850.0	89.43	1814.9
-31600.0	7850.0	88.0922	1743.5
-31600.0	7850.0	86.7541	1748.72
-31600.0	7850.0	85.4157	1718.46
