-31644.0	7834.0	1311.89	1926.12
-31644.0	7834.0	1310.78	1903.1
-31644.0	7834.0	1309.68	1945.94
-31644.0	7834.0	1308.58	1977.41
-31644.0	7834.0	1307.48	1956.66
-31644.0	7834.0	1306.38	1979.05
-31644.0	7834.0	1305.28	1971.92
-31644.0	7834.0	1304.18	2041.94
-31644.0	7834.0	1303.07	1937.26
-31644.0	7834.0	1301.97	1957.36
-31644.0	7834.0	1300.87	1927.57
-31644.0	7834.0	1299.77	1954.47
-31644.0	7834.0	1298.66	1945.09
-31644.0	7834.0	1297.56	1999.18
-31644.0	7834.0	1296.46	1921.8
-31644.0	7834.0	1295.35	1975.87
-31644.0	7834.0	1294.25	1923.45
-31644.0	7834.0	1293.15	2025.07
-31644.0	7834.0	1292.04	1988.51
-31644.0	7834.0	1290.94	2069.71
-31644.0	7834.0	1289.83	1978.81
-31644.0	7834.0	1288.73	1971.71
-31644.0	7834.0	1287.63	1964.6
-31644.0	7834.0	1286.52	1871.5
-31644.0	7834.0	1285.42	1963.96
-31644.0	7834.0	1284.31	1968.17
-31644.0	7834.0	1283.21	1945.24
-31644.0	7834.0	1282.1	1913.26
-31644.0	7834.0	1280.99	1942.35
-31644.0	7834.0	1279.89	1944.29
-31644.0	7834.0	1278.78	1971.11
-31644.0	7834.0	1277.68	1925.58
-31644.0	7834.0	1276.57	1895.9
-31644.0	7834.0	1275.46	1909.15
-31644.0	7834.0	1274.36	1881.73
-31644.0	7834.0	1273.25	1985.32
-31644.0	7834.0	1272.14	2034.68
-31644.0	7834.0	1271.04	1907.91
-31644.0	7834.0	1269.93	1966.3
-31644.0	7834.0	1268.82	1923.09
-31644.0	7834.0	1267.71	1906.98
-31644.0	7834.0	1266.61	1972.11
-31644.0	7834.0	1265.5	1924.41
-31644.0	7834.0	1264.39	1951.17
-31644.0	7834.0	1263.28	1878.68
-31644.0	7834.0	1262.17	1903.18
-31644.0	7834.0	1261.06	1975.02
-31644.0	7834.0	1259.95	1848.46
-31644.0	7834.0	1258.84	1900.0
-31644.0	7834.0	1257.74	1895.18
-31644.0	7834.0	1256.63	1894.87
-31644.0	7834.0	1255.52	1930.61
-31644.0	7834.0	1254.41	1919.03
-31644.0	7834.0	1253.3	1952.5
-31644.0	7834.0	1252.19	1929.66
-31644.0	7834.0	1251.08	1904.59
-31644.0	7834.0	1249.96	2034.83
-31644.0	7834.0	1248.85	1933.22
-31644.0	7834.0	1247.74	1903.65
-31644.0	7834.0	1246.63	1937.09
-31644.0	7834.0	1245.52	1959.27
-31644.0	7834.0	1244.41	1828.5
-31644.0	7834.0	1243.3	1931.64
-31644.0	7834.0	1242.18	1902.1
-31644.0	7834.0	1241.07	1892.79
-31644.0	7834.0	1239.96	1953.17
-31644.0	7834.0	1238.85	1903.41
-31644.0	7834.0	1237.74	1862.65
-31644.0	7834.0	1236.62	1871.33
-31644.0	7834.0	1235.51	1976.59
-31644.0	7834.0	1234.4	1911.14
-31644.0	7834.0	1233.28	1899.6
-31644.0	7834.0	1232.17	1930.72
-31644.0	7834.0	1231.06	1856.33
-31644.0	7834.0	1229.94	1813.38
-31644.0	7834.0	1228.83	1806.35
-31644.0	7834.0	1227.71	1922.72
-31644.0	7834.0	1226.6	1846.14
-31644.0	7834.0	1225.48	1949.0
-31644.0	7834.0	1224.37	1903.83
-31644.0	7834.0	1223.25	1928.18
-31644.0	7834.0	1222.14	1932.35
-31644.0	7834.0	1221.02	1909.61
-31644.0	7834.0	1219.91	1898.09
-31644.0	7834.0	1218.79	1913.46
-31644.0	7834.0	1217.68	1937.79
-31644.0	7834.0	1216.56	1926.27
-31644.0	7834.0	1215.44	1997.62
-31644.0	7834.0	1214.33	1865.18
-31644.0	7834.0	1213.21	1898.45
-31644.0	7834.0	1212.09	1938.43
-31644.0	7834.0	1210.98	1790.4
-31644.0	7834.0	1209.86	1852.76
-31644.0	7834.0	1208.74	1890.48
-31644.0	7834.0	1207.62	1858.85
-31644.0	7834.0	1206.51	1840.65
-31644.0	7834.0	1205.39	1887.31
-31644.0	7834.0	1204.27	1862.4
-31644.0	7834.0	1203.15	1871.03
-31644.0	7834.0	1202.03	1861.78
-31644.0	7834.0	1200.91	1850.3
-31644.0	7834.0	1199.8	1858.93
-31644.0	7834.0	1198.68	1872.02
-31644.0	7834.0	1197.56	1840.44
-31644.0	7834.0	1196.44	1822.27
-31644.0	7834.0	1195.32	1795.17
-31644.0	7834.0	1194.2	1848.45
-31644.0	7834.0	1193.08	1845.91
-31644.0	7834.0	1191.96	1843.37
-31644.0	7834.0	1190.84	1809.59
-31644.0	7834.0	1189.72	1896.3
-31644.0	7834.0	1188.6	1826.84
-31644.0	7834.0	1187.48	1944.73
-31644.0	7834.0	1186.35	1906.5
-31644.0	7834.0	1185.23	1857.13
-31644.0	7834.0	1184.11	1908.09
-31644.0	7834.0	1182.99	1876.57
-31644.0	7834.0	1181.87	1862.89
-31644.0	7834.0	1180.75	1800.19
-31644.0	7834.0	1179.62	1893.45
-31644.0	7834.0	1178.5	1837.45
-31644.0	7834.0	1177.38	1881.68
-31644.0	7834.0	1176.26	1963.74
-31644.0	7834.0	1175.13	1800.91
-31644.0	7834.0	1174.01	1874.06
-31644.0	7834.0	1172.89	1749.12
-31644.0	7834.0	1171.76	1951.3
-31644.0	7834.0	1170.64	1873.11
-31644.0	7834.0	1169.51	1850.55
-31644.0	7834.0	1168.39	1841.35
-31644.0	7834.0	1167.27	1814.36
-31644.0	7834.0	1166.14	1816.27
-31644.0	7834.0	1165.02	1815.97
-31644.0	7834.0	1163.89	1844.55
-31644.0	7834.0	1162.77	1802.02
-31644.0	7834.0	1161.64	1830.6
-31644.0	7834.0	1160.52	1790.31
-31644.0	7834.0	1159.39	1856.63
-31644.0	7834.0	1158.26	1767.5
-31644.0	7834.0	1157.14	1778.3
-31644.0	7834.0	1156.01	1884.55
-31644.0	7834.0	1154.88	1830.97
-31644.0	7834.0	1153.76	1839.53
-31644.0	7834.0	1152.63	1730.51
-31644.0	7834.0	1151.5	1832.26
-31644.0	7834.0	1150.38	1780.94
-31644.0	7834.0	1149.25	1720.76
-31644.0	7834.0	1148.12	1869.02
-31644.0	7834.0	1146.99	1828.8
-31644.0	7834.0	1145.87	1815.19
-31644.0	7834.0	1144.74	1896.87
-31644.0	7834.0	1143.61	1743.68
-31644.0	7834.0	1142.48	1765.53
-31644.0	7834.0	1141.35	1771.88
-31644.0	7834.0	1140.22	1725.07
-31644.0	7834.0	1139.09	1833.27
-31644.0	7834.0	1137.97	1813.03
-31644.0	7834.0	1136.84	1764.03
-31644.0	7834.0	1135.71	1783.65
-31644.0	7834.0	1134.58	1836.45
-31644.0	7834.0	1133.45	1791.89
-31644.0	7834.0	1132.32	1760.62
-31644.0	7834.0	1131.19	1778.01
-31644.0	7834.0	1130.05	1788.76
-31644.0	7834.0	1128.92	1708.87
-31644.0	7834.0	1127.79	1739.52
-31644.0	7834.0	1126.66	1710.5
-31644.0	7834.0	1125.53	1721.25
-31644.0	7834.0	1124.4	1751.89
-31644.0	7834.0	1123.27	1747.17
-31644.0	7834.0	1122.13	1813.13
-31644.0	7834.0	1121.0	1799.57
-31644.0	7834.0	1119.87	1739.65
-31644.0	7834.0	1118.74	1794.54
-31644.0	7834.0	1117.6	1767.75
-31644.0	7834.0	1116.47	1866.74
-31644.0	7834.0	1115.34	1888.48
-31644.0	7834.0	1114.2	1771.25
-31644.0	7834.0	1113.07	1773.15
-31644.0	7834.0	1111.94	1792.69
-31644.0	7834.0	1110.8	1829.86
-31644.0	7834.0	1109.67	1871.43
-31644.0	7834.0	1108.54	1719.04
-31644.0	7834.0	1107.4	1787.05
-31644.0	7834.0	1106.27	1751.49
-31644.0	7834.0	1105.13	1786.44
-31644.0	7834.0	1104.0	1750.89
-31644.0	7834.0	1102.86	1754.99
-31644.0	7834.0	1101.72	1745.88
-31644.0	7834.0	1100.59	1756.59
-31644.0	7834.0	1099.45	1833.32
-31644.0	7834.0	1098.32	1833.0
-31644.0	7834.0	1097.18	1797.48
-31644.0	7834.0	1096.04	1805.97
-31644.0	7834.0	1094.91	1750.68
-31644.0	7834.0	1093.77	1743.78
-31644.0	7834.0	1092.63	1827.02
-31644.0	7834.0	1091.5	1877.26
-31644.0	7834.0	1090.36	1815.4
-31644.0	7834.0	1089.22	1760.15
-31644.0	7834.0	1088.08	1696.13
-31644.0	7834.0	1086.95	1717.8
-31644.0	7834.0	1085.81	1748.25
-31644.0	7834.0	1084.67	1750.15
-31644.0	7834.0	1083.53	1798.14
-31644.0	7834.0	1082.39	1740.76
-31644.0	7834.0	1081.25	1775.57
-31644.0	7834.0	1080.11	1786.24
-31644.0	7834.0	1078.97	1805.67
-31644.0	7834.0	1077.83	1818.52
-31644.0	7834.0	1076.69	1805.04
-31644.0	7834.0	1075.55	1721.4
-31644.0	7834.0	1074.41	1694.79
-31644.0	7834.0	1073.27	1703.26
-31644.0	7834.0	1072.13	1786.25
-31644.0	7834.0	1070.99	1761.84
-31644.0	7834.0	1069.85	1684.85
-31644.0	7834.0	1068.71	1737.13
-31644.0	7834.0	1067.57	1758.72
-31644.0	7834.0	1066.43	1723.38
-31644.0	7834.0	1065.28	1736.22
-31644.0	7834.0	1064.14	1792.83
-31644.0	7834.0	1063.0	1722.48
-31644.0	7834.0	1061.86	1739.68
-31644.0	7834.0	1060.71	1791.89
-31644.0	7834.0	1059.57	1741.26
-31644.0	7834.0	1058.43	1708.15
-31644.0	7834.0	1057.29	1793.13
-31644.0	7834.0	1056.14	1836.55
-31644.0	7834.0	1055.0	1630.74
-31644.0	7834.0	1053.85	1722.25
-31644.0	7834.0	1052.71	1715.39
-31644.0	7834.0	1051.57	1693.24
-31644.0	7834.0	1050.42	1716.98
-31644.0	7834.0	1049.28	1705.75
-31644.0	7834.0	1048.13	1746.94
-31644.0	7834.0	1046.99	1729.17
-31644.0	7834.0	1045.84	1722.32
-31644.0	7834.0	1044.7	1772.21
-31644.0	7834.0	1043.55	1769.72
-31644.0	7834.0	1042.4	1677.77
-31644.0	7834.0	1041.26	1740.74
-31644.0	7834.0	1040.11	1764.42
-31644.0	7834.0	1038.97	1822.99
-31644.0	7834.0	1037.82	1742.0
-31644.0	7834.0	1036.67	1700.27
-31644.0	7834.0	1035.53	1695.61
-31644.0	7834.0	1034.38	1708.39
-31644.0	7834.0	1033.23	1729.87
-31644.0	7834.0	1032.08	1740.46
-31644.0	7834.0	1030.94	1772.82
-31644.0	7834.0	1029.79	1733.31
-31644.0	7834.0	1028.64	1754.78
-31644.0	7834.0	1027.49	1835.01
-31644.0	7834.0	1026.34	1825.98
-31644.0	7834.0	1025.19	1849.59
-31644.0	7834.0	1024.04	1892.77
-31644.0	7834.0	1022.89	1751.05
-31644.0	7834.0	1021.74	1818.16
-31644.0	7834.0	1020.59	1830.88
-31644.0	7834.0	1019.45	1824.03
-31644.0	7834.0	1018.29	1884.57
-31644.0	7834.0	1017.14	1888.58
-31644.0	7834.0	1015.99	1820.89
-31644.0	7834.0	1014.84	1846.63
-31644.0	7834.0	1013.69	1833.27
-31644.0	7834.0	1012.54	1906.79
-31644.0	7834.0	1011.39	1934.67
-31644.0	7834.0	1010.24	1947.35
-31644.0	7834.0	1009.09	1890.57
-31644.0	7834.0	1007.93	1831.64
-31644.0	7834.0	1006.78	1983.2
-31644.0	7834.0	1005.63	1924.27
-31644.0	7834.0	1004.48	1997.68
-31644.0	7834.0	1003.32	1964.79
-31644.0	7834.0	1002.17	2083.69
-31644.0	7834.0	1001.02	2100.66
-31644.0	7834.0	999.865	2098.12
-31644.0	7834.0	998.711	2060.9
-31644.0	7834.0	997.558	2123.37
-31644.0	7834.0	996.403	2077.5
-31644.0	7834.0	995.249	2077.12
-31644.0	7834.0	994.095	2172.04
-31644.0	7834.0	992.94	2080.71
-31644.0	7834.0	991.785	2188.58
-31644.0	7834.0	990.63	2183.85
-31644.0	7834.0	989.475	2241.89
-31644.0	7834.0	988.319	2241.49
-31644.0	7834.0	987.164	2293.0
-31644.0	7834.0	986.008	2277.45
-31644.0	7834.0	984.852	2363.54
-31644.0	7834.0	983.695	2337.17
-31644.0	7834.0	982.539	2319.45
-31644.0	7834.0	981.382	2340.65
-31644.0	7834.0	980.225	2374.8
-31644.0	7834.0	979.068	2363.57
-31644.0	7834.0	977.911	2291.86
-31644.0	7834.0	976.753	2399.44
-31644.0	7834.0	975.595	2321.27
-31644.0	7834.0	974.437	2400.73
-31644.0	7834.0	973.279	2350.65
-31644.0	7834.0	972.121	2358.86
-31644.0	7834.0	970.962	2403.74
-31644.0	7834.0	969.803	2368.79
-31644.0	7834.0	968.644	2374.83
-31644.0	7834.0	967.485	2383.03
-31644.0	7834.0	966.326	2324.38
-31644.0	7834.0	965.166	2332.59
-31644.0	7834.0	964.006	2411.91
-31644.0	7834.0	962.846	2420.1
-31644.0	7834.0	961.686	2370.1
-31644.0	7834.0	960.525	2397.68
-31644.0	7834.0	959.365	2360.63
-31644.0	7834.0	958.204	2364.5
-31644.0	7834.0	957.043	2392.07
-31644.0	7834.0	955.881	2402.39
-31644.0	7834.0	954.72	2283.58
-31644.0	7834.0	953.558	2440.26
-31644.0	7834.0	952.396	2340.84
-31644.0	7834.0	951.234	2331.81
-31644.0	7834.0	950.071	2385.16
-31644.0	7834.0	948.909	2410.53
-31644.0	7834.0	947.746	2382.14
-31644.0	7834.0	946.583	2383.85
-31644.0	7834.0	945.42	2359.78
-31644.0	7834.0	944.256	2331.41
-31644.0	7834.0	943.092	2240.76
-31644.0	7834.0	941.929	2199.54
-31644.0	7834.0	940.765	2338.73
-31644.0	7834.0	939.6	2303.95
-31644.0	7834.0	938.436	2234.83
-31644.0	7834.0	937.271	2223.69
-31644.0	7834.0	936.106	2212.55
-31644.0	7834.0	934.941	2259.35
-31644.0	7834.0	933.775	2153.82
-31644.0	7834.0	932.61	2121.25
-31644.0	7834.0	931.444	2129.44
-31644.0	7834.0	930.278	2079.74
-31644.0	7834.0	929.112	2008.62
-31644.0	7834.0	927.945	2001.82
-31644.0	7834.0	926.779	1915.74
-31644.0	7834.0	925.612	2039.65
-31644.0	7834.0	924.445	2022.14
-31644.0	7834.0	923.278	1931.81
-31644.0	7834.0	922.11	1854.37
-31644.0	7834.0	920.942	1800.51
-31644.0	7834.0	919.774	1909.34
-31644.0	7834.0	918.606	1885.45
-31644.0	7834.0	917.438	1850.87
-31644.0	7834.0	916.269	1859.09
-31644.0	7834.0	915.1	1781.74
-31644.0	7834.0	913.931	1845.57
-31644.0	7834.0	912.762	1804.6
-31644.0	7834.0	911.593	1817.1
-31644.0	7834.0	910.423	1763.33
-31644.0	7834.0	909.253	1698.89
-31644.0	7834.0	908.083	1756.27
-31644.0	7834.0	906.913	1773.03
-31644.0	7834.0	905.742	1744.94
-31644.0	7834.0	904.572	1731.81
-31644.0	7834.0	903.401	1701.6
-31644.0	7834.0	902.229	1797.34
-31644.0	7834.0	901.058	1745.78
-31644.0	7834.0	899.886	1719.86
-31644.0	7834.0	898.715	1672.6
-31644.0	7834.0	897.543	1663.76
-31644.0	7834.0	896.37	1774.35
-31644.0	7834.0	895.198	1742.04
-31644.0	7834.0	894.025	1750.24
-31644.0	7834.0	892.852	1737.13
-31644.0	7834.0	891.679	1738.94
-31644.0	7834.0	890.506	1745.0
-31644.0	7834.0	889.332	1667.99
-31644.0	7834.0	888.158	1725.19
-31644.0	7834.0	886.984	1754.68
-31644.0	7834.0	885.81	1660.67
-31644.0	7834.0	884.636	1754.03
-31644.0	7834.0	883.461	1738.8
-31644.0	7834.0	882.286	1676.77
-31644.0	7834.0	881.111	1697.73
-31644.0	7834.0	879.936	1635.73
-31644.0	7834.0	878.76	1669.45
-31644.0	7834.0	877.584	1694.66
-31644.0	7834.0	876.408	1617.81
-31644.0	7834.0	875.232	1634.51
-31644.0	7834.0	874.056	1693.71
-31644.0	7834.0	872.879	1682.77
-31644.0	7834.0	871.702	1656.96
-31644.0	7834.0	870.525	1680.01
-31644.0	7834.0	869.348	1696.69
-31644.0	7834.0	868.17	1696.37
-31644.0	7834.0	866.993	1676.95
-31644.0	7834.0	865.815	1644.8
-31644.0	7834.0	864.637	1691.18
-31644.0	7834.0	863.458	1686.62
-31644.0	7834.0	862.28	1650.24
-31644.0	7834.0	861.101	1594.79
-31644.0	7834.0	859.922	1653.86
-31644.0	7834.0	858.742	1664.15
-31644.0	7834.0	857.563	1680.79
-31644.0	7834.0	856.383	1665.65
-31644.0	7834.0	855.203	1658.98
-31644.0	7834.0	854.023	1648.07
-31644.0	7834.0	852.843	1696.48
-31644.0	7834.0	851.662	1658.04
-31644.0	7834.0	850.481	1645.03
-31644.0	7834.0	849.3	1600.26
-31644.0	7834.0	848.119	1619.01
-31644.0	7834.0	846.937	1667.37
-31644.0	7834.0	845.756	1607.82
-31644.0	7834.0	844.574	1730.2
-31644.0	7834.0	843.392	1689.69
-31644.0	7834.0	842.209	1680.92
-31644.0	7834.0	841.027	1619.29
-31644.0	7834.0	839.844	1623.21
-31644.0	7834.0	838.661	1593.32
-31644.0	7834.0	837.477	1660.63
-31644.0	7834.0	836.294	1685.67
-31644.0	7834.0	835.11	1632.55
-31644.0	7834.0	833.926	1642.8
-31644.0	7834.0	832.742	1655.15
-31644.0	7834.0	831.558	1610.51
-31644.0	7834.0	830.373	1681.96
-31644.0	7834.0	829.188	1637.33
-31644.0	7834.0	828.003	1645.46
-31644.0	7834.0	826.818	1571.33
-31644.0	7834.0	825.632	1577.36
-31644.0	7834.0	824.446	1695.13
-31644.0	7834.0	823.26	1597.84
-31644.0	7834.0	822.074	1648.12
-31644.0	7834.0	820.888	1609.87
-31644.0	7834.0	819.701	1672.77
-31644.0	7834.0	818.514	1558.71
-31644.0	7834.0	817.327	1655.29
-31644.0	7834.0	816.14	1686.56
-31644.0	7834.0	814.952	1627.29
-31644.0	7834.0	813.765	1629.09
-31644.0	7834.0	812.577	1609.84
-31644.0	7834.0	811.388	1601.11
-31644.0	7834.0	810.2	1565.05
-31644.0	7834.0	809.011	1653.08
-31644.0	7834.0	807.822	1644.36
-31644.0	7834.0	806.633	1650.35
-31644.0	7834.0	805.444	1681.56
-31644.0	7834.0	804.254	1662.33
-31644.0	7834.0	803.064	1632.59
-31644.0	7834.0	801.874	1592.37
-31644.0	7834.0	800.684	1596.26
-31644.0	7834.0	799.493	1574.96
-31644.0	7834.0	798.303	1669.14
-31644.0	7834.0	797.112	1687.71
-31644.0	7834.0	795.921	1641.22
-31644.0	7834.0	794.729	1649.29
-31644.0	7834.0	793.538	1642.69
-31644.0	7834.0	792.346	1613.0
-31644.0	7834.0	791.154	1598.02
-31644.0	7834.0	789.961	1627.06
-31644.0	7834.0	788.769	1651.91
-31644.0	7834.0	787.576	1620.15
-31644.0	7834.0	786.383	1577.93
-31644.0	7834.0	785.19	1657.24
-31644.0	7834.0	783.996	1581.51
-31644.0	7834.0	782.802	1549.79
-31644.0	7834.0	781.608	1543.21
-31644.0	7834.0	780.414	1532.45
-31644.0	7834.0	779.22	1590.76
-31644.0	7834.0	778.025	1672.07
-31644.0	7834.0	776.83	1552.49
-31644.0	7834.0	775.635	1548.01
-31644.0	7834.0	774.44	1583.26
-31644.0	7834.0	773.244	1553.68
-31644.0	7834.0	772.049	1551.29
-31644.0	7834.0	770.853	1607.43
-31644.0	7834.0	769.656	1617.57
-31644.0	7834.0	768.46	1588.0
-31644.0	7834.0	767.263	1612.77
-31644.0	7834.0	766.066	1572.77
-31644.0	7834.0	764.869	1605.88
-31644.0	7834.0	763.672	1611.83
-31644.0	7834.0	762.474	1605.26
-31644.0	7834.0	761.276	1561.12
-31644.0	7834.0	760.078	1562.9
-31644.0	7834.0	758.88	1541.74
-31644.0	7834.0	757.681	1597.76
-31644.0	7834.0	756.483	1628.73
-31644.0	7834.0	755.284	1613.82
-31644.0	7834.0	754.084	1657.28
-31644.0	7834.0	752.885	1588.18
-31644.0	7834.0	751.685	1600.38
-31644.0	7834.0	750.485	1612.57
-31644.0	7834.0	749.285	1599.76
-31644.0	7834.0	748.085	1628.6
-31644.0	7834.0	746.884	1534.59
-31644.0	7834.0	745.683	1546.78
-31644.0	7834.0	744.482	1631.82
-31644.0	7834.0	743.281	1600.28
-31644.0	7834.0	742.079	1672.79
-31644.0	7834.0	740.877	1589.26
-31644.0	7834.0	739.675	1607.67
-31644.0	7834.0	738.473	1549.13
-31644.0	7834.0	737.27	1555.07
-31644.0	7834.0	736.068	1542.29
-31644.0	7834.0	734.865	1591.87
-31644.0	7834.0	733.661	1589.48
-31644.0	7834.0	732.458	1597.48
-31644.0	7834.0	731.254	1512.01
-31644.0	7834.0	730.05	1540.79
-31644.0	7834.0	728.846	1590.32
-31644.0	7834.0	727.642	1567.17
-31644.0	7834.0	726.437	1525.36
-31644.0	7834.0	725.232	1630.88
-31644.0	7834.0	724.027	1611.89
-31644.0	7834.0	722.822	1551.43
-31644.0	7834.0	721.616	1580.16
-31644.0	7834.0	720.41	1604.73
-31644.0	7834.0	719.204	1621.0
-31644.0	7834.0	717.998	1599.95
-31644.0	7834.0	716.791	1583.06
-31644.0	7834.0	715.585	1613.83
-31644.0	7834.0	714.378	1822.71
-31644.0	7834.0	713.17	1635.97
-31644.0	7834.0	711.963	1585.96
-31644.0	7834.0	710.755	1618.77
-31644.0	7834.0	709.547	1628.8
-31644.0	7834.0	708.339	1566.41
-31644.0	7834.0	707.131	1551.62
-31644.0	7834.0	705.922	1578.2
-31644.0	7834.0	704.713	1590.3
-31644.0	7834.0	703.504	1649.95
-31644.0	7834.0	702.295	1653.76
-31644.0	7834.0	701.085	1622.43
-31644.0	7834.0	699.875	1549.78
-31644.0	7834.0	698.665	1561.88
-31644.0	7834.0	697.455	1573.96
-31644.0	7834.0	696.244	1631.48
-31644.0	7834.0	695.034	1610.51
-31644.0	7834.0	693.822	1614.32
-31644.0	7834.0	692.611	1647.02
-31644.0	7834.0	691.4	1661.14
-31644.0	7834.0	690.188	1586.54
-31644.0	7834.0	688.976	1648.11
-31644.0	7834.0	687.764	1585.91
-31644.0	7834.0	686.551	1575.29
-31644.0	7834.0	685.339	1682.18
-31644.0	7834.0	684.126	1659.17
-31644.0	7834.0	682.912	1650.6
-31644.0	7834.0	681.699	1619.37
-31644.0	7834.0	680.485	1621.11
-31644.0	7834.0	679.271	1583.72
-31644.0	7834.0	678.057	1715.18
-31644.0	7834.0	676.843	1626.32
-31644.0	7834.0	675.628	1638.35
-31644.0	7834.0	674.413	1664.78
-31644.0	7834.0	673.198	1600.67
-31644.0	7834.0	671.983	1651.78
-31644.0	7834.0	670.767	1614.43
-31644.0	7834.0	669.551	1642.89
-31644.0	7834.0	668.335	1683.68
-31644.0	7834.0	667.119	1687.46
-31644.0	7834.0	665.902	1689.18
-31644.0	7834.0	664.686	1701.17
-31644.0	7834.0	663.469	1700.83
-31644.0	7834.0	662.251	1626.56
-31644.0	7834.0	661.034	1706.32
-31644.0	7834.0	659.816	1681.34
-31644.0	7834.0	658.598	1726.16
-31644.0	7834.0	657.38	1643.73
-31644.0	7834.0	656.161	1620.84
-31644.0	7834.0	654.942	1708.72
-31644.0	7834.0	653.723	1708.38
-31644.0	7834.0	652.504	1626.02
-31644.0	7834.0	651.285	1625.7
-31644.0	7834.0	650.065	1654.07
-31644.0	7834.0	648.845	1623.0
-31644.0	7834.0	647.625	1563.26
-31644.0	7834.0	646.404	1657.17
-31644.0	7834.0	645.184	1634.31
-31644.0	7834.0	643.963	1689.27
-31644.0	7834.0	642.742	1602.95
-31644.0	7834.0	641.52	1645.61
-31644.0	7834.0	640.298	1639.15
-31644.0	7834.0	639.076	1698.15
-31644.0	7834.0	637.854	1685.54
-31644.0	7834.0	636.632	1703.61
-31644.0	7834.0	635.409	1635.79
-31644.0	7834.0	634.186	1702.92
-31644.0	7834.0	632.963	1669.88
-31644.0	7834.0	631.74	1712.46
-31644.0	7834.0	630.516	1634.48
-31644.0	7834.0	629.292	1711.77
-31644.0	7834.0	628.068	1678.75
-31644.0	7834.0	626.844	1680.46
-31644.0	7834.0	625.619	1631.12
-31644.0	7834.0	624.394	1696.11
-31644.0	7834.0	623.169	1626.39
-31644.0	7834.0	621.944	1721.95
-31644.0	7834.0	620.718	1693.05
-31644.0	7834.0	619.492	1696.79
-31644.0	7834.0	618.266	1663.82
-31644.0	7834.0	617.04	1643.1
-31644.0	7834.0	615.813	1683.53
-31644.0	7834.0	614.587	1650.59
-31644.0	7834.0	613.36	1737.86
-31644.0	7834.0	612.132	1735.48
-31644.0	7834.0	610.905	1696.43
-31644.0	7834.0	609.677	1661.48
-31644.0	7834.0	608.449	1726.28
-31644.0	7834.0	607.22	1754.43
-31644.0	7834.0	605.992	1617.74
-31644.0	7834.0	604.763	1588.93
-31644.0	7834.0	603.534	1702.52
-31644.0	7834.0	602.305	1645.23
-31644.0	7834.0	601.075	1638.8
-31644.0	7834.0	599.845	1701.49
-31644.0	7834.0	598.615	1756.02
-31644.0	7834.0	597.385	1727.21
-31644.0	7834.0	596.154	1649.66
-31644.0	7834.0	594.924	1698.08
-31644.0	7834.0	593.693	1691.64
-31644.0	7834.0	592.461	1632.42
-31644.0	7834.0	591.23	1640.21
-31644.0	7834.0	589.998	1609.43
-31644.0	7834.0	588.766	1757.23
-31644.0	7834.0	587.534	1706.16
-31644.0	7834.0	586.301	1614.54
-31644.0	7834.0	585.068	1689.24
-31644.0	7834.0	583.835	1688.9
-31644.0	7834.0	582.602	1643.96
-31644.0	7834.0	581.368	1623.36
-31644.0	7834.0	580.134	1604.8
-31644.0	7834.0	578.9	1602.45
-31644.0	7834.0	577.666	1636.55
-31644.0	7834.0	576.432	1646.34
-31644.0	7834.0	575.197	1710.8
-31644.0	7834.0	573.962	1623.41
-31644.0	7834.0	572.726	1661.53
-31644.0	7834.0	571.491	1659.17
-31644.0	7834.0	570.255	1656.81
-31644.0	7834.0	569.019	1664.56
-31644.0	7834.0	567.783	1635.91
-31644.0	7834.0	566.546	1692.19
-31644.0	7834.0	565.309	1689.82
-31644.0	7834.0	564.072	1721.81
-31644.0	7834.0	562.835	1723.48
-31644.0	7834.0	561.597	1745.35
-31644.0	7834.0	560.359	1718.74
-31644.0	7834.0	559.121	1772.91
-31644.0	7834.0	557.883	1740.25
-31644.0	7834.0	556.644	1749.98
-31644.0	7834.0	555.406	1765.77
-31644.0	7834.0	554.167	1783.57
-31644.0	7834.0	552.927	1805.39
-31644.0	7834.0	551.688	1879.64
-31644.0	7834.0	550.448	1863.13
-31644.0	7834.0	549.208	1850.65
-31644.0	7834.0	547.967	1822.06
-31644.0	7834.0	546.727	1864.0
-31644.0	7834.0	545.486	1861.61
-31644.0	7834.0	544.245	1867.27
-31644.0	7834.0	543.003	1925.29
-31644.0	7834.0	541.762	1951.07
-31644.0	7834.0	540.52	2005.02
-31644.0	7834.0	539.278	2020.71
-31644.0	7834.0	538.035	2072.62
-31644.0	7834.0	536.793	2166.75
-31644.0	7834.0	535.55	2220.61
-31644.0	7834.0	534.307	2288.53
-31644.0	7834.0	533.063	2485.1
-31644.0	7834.0	531.82	2627.31
-31644.0	7834.0	530.576	2984.52
-31644.0	7834.0	529.331	3381.76
-31644.0	7834.0	528.087	3859.19
-31644.0	7834.0	526.842	4772.28
-31644.0	7834.0	525.597	6092.65
-31644.0	7834.0	524.352	8161.34
-31644.0	7834.0	523.107	10717.0
-31644.0	7834.0	521.861	14162.6
-31644.0	7834.0	520.615	15662.5
-31644.0	7834.0	519.369	13857.9
-31644.0	7834.0	518.122	11931.6
-31644.0	7834.0	516.876	9953.98
-31644.0	7834.0	515.629	8552.57
-31644.0	7834.0	514.381	7045.49
-31644.0	7834.0	513.134	6246.45
-31644.0	7834.0	511.886	5600.01
-31644.0	7834.0	510.638	4987.89
-31644.0	7834.0	509.39	4460.14
-31644.0	7834.0	508.141	4266.99
-31644.0	7834.0	506.892	3929.79
-31644.0	7834.0	505.643	3768.86
-31644.0	7834.0	504.394	3642.01
-31644.0	7834.0	503.145	3557.23
-31644.0	7834.0	501.895	3386.47
-31644.0	7834.0	500.645	3423.77
-31644.0	7834.0	499.394	3321.09
-31644.0	7834.0	498.144	3200.46
-31644.0	7834.0	496.893	3339.7
-31644.0	7834.0	495.642	3141.19
-31644.0	7834.0	494.39	3078.61
-31644.0	7834.0	493.139	2974.11
-31644.0	7834.0	491.887	2835.7
-31644.0	7834.0	490.635	2727.3
-31644.0	7834.0	489.382	2604.97
-31644.0	7834.0	488.13	2550.54
-31644.0	7834.0	486.877	2591.92
-31644.0	7834.0	485.623	2581.41
-31644.0	7834.0	484.37	2481.15
-31644.0	7834.0	483.116	2456.7
-31644.0	7834.0	481.862	2426.29
-31644.0	7834.0	480.608	2328.12
-31644.0	7834.0	479.354	2387.42
-31644.0	7834.0	478.099	2422.79
-31644.0	7834.0	476.844	2322.68
-31644.0	7834.0	475.588	2310.25
-31644.0	7834.0	474.333	2307.78
-31644.0	7834.0	473.077	2309.29
-31644.0	7834.0	471.821	2306.82
-31644.0	7834.0	470.565	2252.62
-31644.0	7834.0	469.308	2212.36
-31644.0	7834.0	468.051	2186.04
-31644.0	7834.0	466.794	2227.35
-31644.0	7834.0	465.537	2240.8
-31644.0	7834.0	464.279	2138.95
-31644.0	7834.0	463.021	2186.21
-31644.0	7834.0	461.763	2177.8
-31644.0	7834.0	460.505	2177.35
-31644.0	7834.0	459.246	2077.59
-31644.0	7834.0	457.987	2120.84
-31644.0	7834.0	456.728	2078.71
-31644.0	7834.0	455.469	2092.17
-31644.0	7834.0	454.209	1974.64
-31644.0	7834.0	452.949	2025.82
-31644.0	7834.0	451.689	2033.33
-31644.0	7834.0	450.428	2019.02
-31644.0	7834.0	449.167	2056.28
-31644.0	7834.0	447.906	2055.85
-31644.0	7834.0	446.645	2102.99
-31644.0	7834.0	445.383	2011.39
-31644.0	7834.0	444.122	2022.86
-31644.0	7834.0	442.86	2014.52
-31644.0	7834.0	441.597	2027.96
-31644.0	7834.0	440.335	2084.96
-31644.0	7834.0	439.072	2044.93
-31644.0	7834.0	437.809	2040.54
-31644.0	7834.0	436.545	2042.09
-31644.0	7834.0	435.281	2035.73
-31644.0	7834.0	434.018	2051.13
-31644.0	7834.0	432.753	2115.96
-31644.0	7834.0	431.489	2121.45
-31644.0	7834.0	430.224	2069.61
-31644.0	7834.0	428.959	2102.77
-31644.0	7834.0	427.694	2074.67
-31644.0	7834.0	426.428	2040.65
-31644.0	7834.0	425.163	2119.23
-31644.0	7834.0	423.896	2022.03
-31644.0	7834.0	422.63	2023.58
-31644.0	7834.0	421.364	2048.81
-31644.0	7834.0	420.097	2044.44
-31644.0	7834.0	418.83	2061.76
-31644.0	7834.0	417.562	2049.5
-31644.0	7834.0	416.295	2096.4
-31644.0	7834.0	415.027	1995.4
-31644.0	7834.0	413.758	2069.89
-31644.0	7834.0	412.49	2006.39
-31644.0	7834.0	411.221	2015.82
-31644.0	7834.0	409.952	2054.8
-31644.0	7834.0	408.683	2074.06
-31644.0	7834.0	407.414	1945.63
-31644.0	7834.0	406.144	2025.94
-31644.0	7834.0	404.874	1984.18
-31644.0	7834.0	403.603	1950.3
-31644.0	7834.0	402.333	1957.76
-31644.0	7834.0	401.062	2026.2
-31644.0	7834.0	399.791	2031.68
-31644.0	7834.0	398.519	2013.55
-31644.0	7834.0	397.248	2068.18
-31644.0	7834.0	395.976	1965.53
-31644.0	7834.0	394.704	2000.49
-31644.0	7834.0	393.431	2068.83
-31644.0	7834.0	392.159	2005.54
-31644.0	7834.0	390.886	2079.75
-31644.0	7834.0	389.612	2006.66
-31644.0	7834.0	388.339	1966.98
-31644.0	7834.0	387.065	1997.96
-31644.0	7834.0	385.791	2105.46
-31644.0	7834.0	384.517	2038.32
-31644.0	7834.0	383.242	2016.31
-31644.0	7834.0	381.967	2035.5
-31644.0	7834.0	380.692	2021.34
-31644.0	7834.0	379.417	1967.99
-31644.0	7834.0	378.141	2008.73
-31644.0	7834.0	376.865	2074.93
-31644.0	7834.0	375.589	2082.32
-31644.0	7834.0	374.312	1976.13
-31644.0	7834.0	373.035	2057.95
-31644.0	7834.0	371.758	1947.88
-31644.0	7834.0	370.481	2047.29
-31644.0	7834.0	369.204	2082.08
-31644.0	7834.0	367.926	2052.3
-31644.0	7834.0	366.648	2018.61
-31644.0	7834.0	365.369	2041.65
-31644.0	7834.0	364.091	2144.84
-31644.0	7834.0	362.812	2087.7
-31644.0	7834.0	361.532	2116.58
-31644.0	7834.0	360.253	2047.74
-31644.0	7834.0	358.973	2076.61
-31644.0	7834.0	357.693	2056.64
-31644.0	7834.0	356.413	2058.16
-31644.0	7834.0	355.132	2067.48
-31644.0	7834.0	353.852	2057.28
-31644.0	7834.0	352.571	2144.66
-31644.0	7834.0	351.289	2066.17
-31644.0	7834.0	350.008	2085.24
-31644.0	7834.0	348.726	2053.59
-31644.0	7834.0	347.444	2051.21
-31644.0	7834.0	346.161	2078.06
-31644.0	7834.0	344.878	2097.11
-31644.0	7834.0	343.595	2122.0
-31644.0	7834.0	342.312	2121.55
-31644.0	7834.0	341.029	2087.99
-31644.0	7834.0	339.745	2153.75
-31644.0	7834.0	338.461	2100.73
-31644.0	7834.0	337.176	2191.77
-31644.0	7834.0	335.892	2084.27
-31644.0	7834.0	334.607	2192.78
-31644.0	7834.0	333.322	2176.76
-31644.0	7834.0	332.036	2209.36
-31644.0	7834.0	330.75	2214.72
-31644.0	7834.0	329.464	2117.05
-31644.0	7834.0	328.178	2145.75
-31644.0	7834.0	326.892	2180.27
-31644.0	7834.0	325.605	2102.1
-31644.0	7834.0	324.318	2191.0
-31644.0	7834.0	323.03	2186.65
-31644.0	7834.0	321.743	2223.08
-31644.0	7834.0	320.455	2257.54
-31644.0	7834.0	319.167	2262.89
-31644.0	7834.0	317.878	2264.34
-31644.0	7834.0	316.59	2240.58
-31644.0	7834.0	315.301	2212.95
-31644.0	7834.0	314.011	2321.07
-31644.0	7834.0	312.722	2246.91
-31644.0	7834.0	311.432	2232.86
-31644.0	7834.0	310.142	2311.84
-31644.0	7834.0	308.851	2253.22
-31644.0	7834.0	307.561	2316.66
-31644.0	7834.0	306.27	2393.63
-31644.0	7834.0	304.979	2366.02
-31644.0	7834.0	303.687	2324.86
-31644.0	7834.0	302.395	2390.17
-31644.0	7834.0	301.103	2393.53
-31644.0	7834.0	299.811	2396.89
-31644.0	7834.0	298.519	2377.04
-31644.0	7834.0	297.226	2409.4
-31644.0	7834.0	295.933	2312.22
-31644.0	7834.0	294.639	2292.4
-31644.0	7834.0	293.345	2297.71
-31644.0	7834.0	292.052	2277.9
-31644.0	7834.0	290.757	2350.81
-31644.0	7834.0	289.463	2282.72
-31644.0	7834.0	288.168	2303.47
-31644.0	7834.0	286.873	2283.68
-31644.0	7834.0	285.578	2231.08
-31644.0	7834.0	284.282	2303.93
-31644.0	7834.0	282.986	2326.58
-31644.0	7834.0	281.69	2206.5
-31644.0	7834.0	280.393	2215.67
-31644.0	7834.0	279.097	2195.92
-31644.0	7834.0	277.8	2235.93
-31644.0	7834.0	276.502	2254.72
-31644.0	7834.0	275.205	2327.46
-31644.0	7834.0	273.907	2238.35
-31644.0	7834.0	272.609	2203.2
-31644.0	7834.0	271.311	2137.27
-31644.0	7834.0	270.012	2171.46
-31644.0	7834.0	268.713	2182.54
-31644.0	7834.0	267.414	2132.05
-31644.0	7834.0	266.114	2189.31
-31644.0	7834.0	264.814	2088.82
-31644.0	7834.0	263.514	2140.29
-31644.0	7834.0	262.214	2159.06
-31644.0	7834.0	260.913	2216.26
-31644.0	7834.0	259.613	2146.61
-31644.0	7834.0	258.311	2136.54
-31644.0	7834.0	257.01	2155.29
-31644.0	7834.0	255.708	2137.55
-31644.0	7834.0	254.406	2112.13
-31644.0	7834.0	253.104	2125.11
-31644.0	7834.0	251.801	2157.28
-31644.0	7834.0	250.499	2058.96
-31644.0	7834.0	249.195	2096.89
-31644.0	7834.0	247.892	2081.09
-31644.0	7834.0	246.588	2086.4
-31644.0	7834.0	245.284	2080.2
-31644.0	7834.0	243.98	2022.25
-31644.0	7834.0	242.676	2006.48
-31644.0	7834.0	241.371	2073.11
-31644.0	7834.0	240.066	2101.4
-31644.0	7834.0	238.76	2058.82
-31644.0	7834.0	237.455	2085.18
-31644.0	7834.0	236.149	2107.71
-31644.0	7834.0	234.843	2070.89
-31644.0	7834.0	233.536	2055.14
-31644.0	7834.0	232.229	2073.83
-31644.0	7834.0	230.922	2065.73
-31644.0	7834.0	229.615	2092.06
-31644.0	7834.0	228.307	2020.87
-31644.0	7834.0	227.0	2018.53
-31644.0	7834.0	225.691	2077.34
-31644.0	7834.0	224.383	1914.48
-31644.0	7834.0	223.074	1994.3
-31644.0	7834.0	221.765	2001.52
-31644.0	7834.0	220.456	2014.45
-31644.0	7834.0	219.146	2019.75
-31644.0	7834.0	217.836	1925.79
-31644.0	7834.0	216.526	2053.23
-31644.0	7834.0	215.216	2012.72
-31644.0	7834.0	213.905	1949.34
-31644.0	7834.0	212.594	1937.48
-31644.0	7834.0	211.283	2001.89
-31644.0	7834.0	209.971	1986.21
-31644.0	7834.0	208.66	1959.1
-31644.0	7834.0	207.348	2046.33
-31644.0	7834.0	206.035	2005.88
-31644.0	7834.0	204.722	2024.5
-31644.0	7834.0	203.409	1987.88
-31644.0	7834.0	202.096	1972.23
-31644.0	7834.0	200.783	2027.0
-31644.0	7834.0	199.469	2017.05
-31644.0	7834.0	198.155	2022.32
-31644.0	7834.0	196.84	2035.2
-31644.0	7834.0	195.526	1996.73
-31644.0	7834.0	194.211	1977.29
-31644.0	7834.0	192.896	2050.99
-31644.0	7834.0	191.58	2236.79
-31644.0	7834.0	190.264	2124.21
-31644.0	7834.0	188.948	2080.06
-31644.0	7834.0	187.632	1971.36
-31644.0	7834.0	186.315	2103.85
-31644.0	7834.0	184.998	2090.11
-31644.0	7834.0	183.681	2120.03
-31644.0	7834.0	182.364	2011.41
-31644.0	7834.0	181.046	2084.96
-31644.0	7834.0	179.728	2092.1
-31644.0	7834.0	178.41	2070.79
-31644.0	7834.0	177.091	2062.76
-31644.0	7834.0	175.772	2140.03
-31644.0	7834.0	174.453	2133.89
-31644.0	7834.0	173.133	2063.32
-31644.0	7834.0	171.814	2078.03
-31644.0	7834.0	170.494	2174.17
-31644.0	7834.0	169.173	2147.2
-31644.0	7834.0	167.853	2124.02
-31644.0	7834.0	166.532	2161.41
-31644.0	7834.0	165.211	2162.84
-31644.0	7834.0	163.889	2151.02
-31644.0	7834.0	162.567	2142.99
-31644.0	7834.0	161.245	2203.04
-31644.0	7834.0	159.923	2206.35
-31644.0	7834.0	158.6	2124.59
-31644.0	7834.0	157.278	2211.07
-31644.0	7834.0	155.954	2110.45
-31644.0	7834.0	154.631	2210.11
-31644.0	7834.0	153.307	2202.08
-31644.0	7834.0	151.983	2177.06
-31644.0	7834.0	150.659	2233.22
-31644.0	7834.0	149.334	2200.66
-31644.0	7834.0	148.009	2168.1
-31644.0	7834.0	146.684	2256.3
-31644.0	7834.0	145.359	2197.35
-31644.0	7834.0	144.033	2198.76
-31644.0	7834.0	142.707	2198.28
-31644.0	7834.0	141.381	2233.62
-31644.0	7834.0	140.054	2291.56
-31644.0	7834.0	138.727	2215.7
-31644.0	7834.0	137.4	2202.04
-31644.0	7834.0	136.072	2188.38
-31644.0	7834.0	134.745	2152.13
-31644.0	7834.0	133.417	2200.61
-31644.0	7834.0	132.088	2160.61
-31644.0	7834.0	130.76	2289.98
-31644.0	7834.0	129.431	2184.14
-31644.0	7834.0	128.102	2155.45
-31644.0	7834.0	126.772	2222.68
-31644.0	7834.0	125.442	2256.04
-31644.0	7834.0	124.112	2174.73
-31644.0	7834.0	122.782	2287.02
-31644.0	7834.0	121.451	2232.04
-31644.0	7834.0	120.12	2203.38
-31644.0	7834.0	118.789	2139.05
-31644.0	7834.0	117.458	2200.55
-31644.0	7834.0	116.126	2201.95
-31644.0	7834.0	114.794	2083.24
-31644.0	7834.0	113.462	2169.1
-31644.0	7834.0	112.129	2161.13
-31644.0	7834.0	110.796	2143.78
-31644.0	7834.0	109.463	2175.2
-31644.0	7834.0	108.129	2140.98
-31644.0	7834.0	106.796	2136.77
-31644.0	7834.0	105.461	2104.45
-31644.0	7834.0	104.127	2075.89
-31644.0	7834.0	102.792	2026.74
-31644.0	7834.0	101.457	1955.14
-31644.0	7834.0	100.122	1964.08
-31644.0	7834.0	98.7867	1946.81
-31644.0	7834.0	97.4509	1910.83
-31644.0	7834.0	96.1148	1902.93
-31644.0	7834.0	94.7784	1887.56
-31644.0	7834.0	93.4418	1866.57
-31644.0	7834.0	92.1048	1804.46
-31644.0	7834.0	90.7676	1805.94
-31644.0	7834.0	89.43	1809.29
-31644.0	7834.0	88.0922	1795.82
-31644.0	7834.0	86.7541	1795.43
-31644.0	7834.0	85.4157	1722.2
