-31642.0	7848.0	1311.89	1942.01
-31642.0	7848.0	1310.78	1991.67
-31642.0	7848.0	1309.68	2032.22
-31642.0	7848.0	1308.58	1888.87
-31642.0	7848.0	1307.48	1920.34
-31642.0	7848.0	1306.38	1945.0
-31642.0	7848.0	1305.28	1937.88
-31642.0	7848.0	1304.18	1876.31
-31642.0	7848.0	1303.07	1944.07
-31642.0	7848.0	1301.97	1970.97
-31642.0	7848.0	1300.87	1932.11
-31642.0	7848.0	1299.77	1895.52
-31642.0	7848.0	1298.66	1999.5
-31642.0	7848.0	1297.56	2049.04
-31642.0	7848.0	1296.46	2066.84
-31642.0	7848.0	1295.35	1896.57
-31642.0	7848.0	1294.25	1959.7
-31642.0	7848.0	1293.15	1972.97
-31642.0	7848.0	1292.04	1952.27
-31642.0	7848.0	1290.94	2017.63
-31642.0	7848.0	1289.83	1931.27
-31642.0	7848.0	1288.73	1989.81
-31642.0	7848.0	1287.63	2023.44
-31642.0	7848.0	1286.52	1885.08
-31642.0	7848.0	1285.42	1948.13
-31642.0	7848.0	1284.31	2008.89
-31642.0	7848.0	1283.21	1961.07
-31642.0	7848.0	1282.1	1956.23
-31642.0	7848.0	1280.99	1937.82
-31642.0	7848.0	1279.89	1919.42
-31642.0	7848.0	1278.78	1941.72
-31642.0	7848.0	1277.68	1939.15
-31642.0	7848.0	1276.57	1918.49
-31642.0	7848.0	1275.46	1967.89
-31642.0	7848.0	1274.36	1978.87
-31642.0	7848.0	1273.25	1942.41
-31642.0	7848.0	1272.14	1937.58
-31642.0	7848.0	1271.04	1941.78
-31642.0	7848.0	1269.93	2024.99
-31642.0	7848.0	1268.82	1859.89
-31642.0	7848.0	1267.71	1938.58
-31642.0	7848.0	1266.61	1976.62
-31642.0	7848.0	1265.5	1888.32
-31642.0	7848.0	1264.39	1829.36
-31642.0	7848.0	1263.28	1892.21
-31642.0	7848.0	1262.17	1831.02
-31642.0	7848.0	1261.06	1905.13
-31642.0	7848.0	1259.95	1945.39
-31642.0	7848.0	1258.84	1884.22
-31642.0	7848.0	1257.74	1861.38
-31642.0	7848.0	1256.63	1831.79
-31642.0	7848.0	1255.52	1964.4
-31642.0	7848.0	1254.41	1937.05
-31642.0	7848.0	1253.3	1961.51
-31642.0	7848.0	1252.19	1961.19
-31642.0	7848.0	1251.08	1974.38
-31642.0	7848.0	1249.96	1969.55
-31642.0	7848.0	1248.85	1890.46
-31642.0	7848.0	1247.74	1899.15
-31642.0	7848.0	1246.63	1894.34
-31642.0	7848.0	1245.52	1889.53
-31642.0	7848.0	1244.41	1893.72
-31642.0	7848.0	1243.3	1830.45
-31642.0	7848.0	1242.18	1929.08
-31642.0	7848.0	1241.07	1944.5
-31642.0	7848.0	1239.96	1946.43
-31642.0	7848.0	1238.85	1860.71
-31642.0	7848.0	1237.74	1921.07
-31642.0	7848.0	1236.62	1929.74
-31642.0	7848.0	1235.51	1918.2
-31642.0	7848.0	1234.4	1810.08
-31642.0	7848.0	1233.28	1814.28
-31642.0	7848.0	1232.17	1867.86
-31642.0	7848.0	1231.06	1878.78
-31642.0	7848.0	1229.94	1885.2
-31642.0	7848.0	1228.83	1831.04
-31642.0	7848.0	1227.71	1875.61
-31642.0	7848.0	1226.6	1929.13
-31642.0	7848.0	1225.48	1859.29
-31642.0	7848.0	1224.37	1867.95
-31642.0	7848.0	1223.25	1894.55
-31642.0	7848.0	1222.14	1889.75
-31642.0	7848.0	1221.02	1867.03
-31642.0	7848.0	1219.91	1951.88
-31642.0	7848.0	1218.79	1908.98
-31642.0	7848.0	1217.68	1830.26
-31642.0	7848.0	1216.56	1865.8
-31642.0	7848.0	1215.44	1930.43
-31642.0	7848.0	1214.33	1822.64
-31642.0	7848.0	1213.21	1896.21
-31642.0	7848.0	1212.09	1844.42
-31642.0	7848.0	1210.98	1817.25
-31642.0	7848.0	1209.86	1890.8
-31642.0	7848.0	1208.74	1859.16
-31642.0	7848.0	1207.62	1870.04
-31642.0	7848.0	1206.51	1869.73
-31642.0	7848.0	1205.39	1862.71
-31642.0	7848.0	1204.27	1848.98
-31642.0	7848.0	1203.15	1886.68
-31642.0	7848.0	1202.03	1877.43
-31642.0	7848.0	1200.91	1897.23
-31642.0	7848.0	1199.8	1794.13
-31642.0	7848.0	1198.68	1816.17
-31642.0	7848.0	1197.56	1842.67
-31642.0	7848.0	1196.44	1837.9
-31642.0	7848.0	1195.32	1895.65
-31642.0	7848.0	1194.2	1855.15
-31642.0	7848.0	1193.08	1774.49
-31642.0	7848.0	1191.96	1798.74
-31642.0	7848.0	1190.84	1874.3
-31642.0	7848.0	1189.72	1929.76
-31642.0	7848.0	1188.6	1893.75
-31642.0	7848.0	1187.48	1871.13
-31642.0	7848.0	1186.35	1888.66
-31642.0	7848.0	1185.23	1832.61
-31642.0	7848.0	1184.11	1792.18
-31642.0	7848.0	1182.99	1829.77
-31642.0	7848.0	1181.87	1818.32
-31642.0	7848.0	1180.75	1864.8
-31642.0	7848.0	1179.62	1853.35
-31642.0	7848.0	1178.5	1893.13
-31642.0	7848.0	1177.38	1875.0
-31642.0	7848.0	1176.26	2006.05
-31642.0	7848.0	1175.13	1843.2
-31642.0	7848.0	1174.01	1800.61
-31642.0	7848.0	1172.89	1853.71
-31642.0	7848.0	1171.76	1846.73
-31642.0	7848.0	1170.64	1868.66
-31642.0	7848.0	1169.51	1774.93
-31642.0	7848.0	1168.39	1868.03
-31642.0	7848.0	1167.27	1776.56
-31642.0	7848.0	1166.14	1758.47
-31642.0	7848.0	1165.02	1762.62
-31642.0	7848.0	1163.89	1855.66
-31642.0	7848.0	1162.77	1850.91
-31642.0	7848.0	1161.64	1857.26
-31642.0	7848.0	1160.52	1819.19
-31642.0	7848.0	1159.39	1794.45
-31642.0	7848.0	1158.26	1825.23
-31642.0	7848.0	1157.14	1764.98
-31642.0	7848.0	1156.01	1857.91
-31642.0	7848.0	1154.88	1822.09
-31642.0	7848.0	1153.76	1817.34
-31642.0	7848.0	1152.63	1874.72
-31642.0	7848.0	1151.5	1832.26
-31642.0	7848.0	1150.38	1863.0
-31642.0	7848.0	1149.25	1864.9
-31642.0	7848.0	1148.12	1835.76
-31642.0	7848.0	1146.99	1844.32
-31642.0	7848.0	1145.87	1815.19
-31642.0	7848.0	1144.74	1841.47
-31642.0	7848.0	1143.61	1805.71
-31642.0	7848.0	1142.48	1818.7
-31642.0	7848.0	1141.35	1800.67
-31642.0	7848.0	1140.22	1784.86
-31642.0	7848.0	1139.09	1762.42
-31642.0	7848.0	1137.97	1832.96
-31642.0	7848.0	1136.84	1779.53
-31642.0	7848.0	1135.71	1765.94
-31642.0	7848.0	1134.58	1745.73
-31642.0	7848.0	1133.45	1783.04
-31642.0	7848.0	1132.32	1809.28
-31642.0	7848.0	1131.19	1795.7
-31642.0	7848.0	1130.05	1793.18
-31642.0	7848.0	1128.92	1839.3
-31642.0	7848.0	1127.79	1739.52
-31642.0	7848.0	1126.66	1840.89
-31642.0	7848.0	1125.53	1767.65
-31642.0	7848.0	1124.4	1793.86
-31642.0	7848.0	1123.27	1789.14
-31642.0	7848.0	1122.13	1852.88
-31642.0	7848.0	1121.0	1865.81
-31642.0	7848.0	1119.87	1735.24
-31642.0	7848.0	1118.74	1750.39
-31642.0	7848.0	1117.6	1783.19
-31642.0	7848.0	1116.47	1714.49
-31642.0	7848.0	1115.34	1789.2
-31642.0	7848.0	1114.2	1777.87
-31642.0	7848.0	1113.07	1819.46
-31642.0	7848.0	1111.94	1755.2
-31642.0	7848.0	1110.8	1827.66
-31642.0	7848.0	1109.67	1820.73
-31642.0	7848.0	1108.54	1791.77
-31642.0	7848.0	1107.4	1747.39
-31642.0	7848.0	1106.27	1707.43
-31642.0	7848.0	1105.13	1746.79
-31642.0	7848.0	1104.0	1810.35
-31642.0	7848.0	1102.86	1719.76
-31642.0	7848.0	1101.72	1809.73
-31642.0	7848.0	1100.59	1719.17
-31642.0	7848.0	1099.45	1831.12
-31642.0	7848.0	1098.32	1786.79
-31642.0	7848.0	1097.18	1757.88
-31642.0	7848.0	1096.04	1845.57
-31642.0	7848.0	1094.91	1805.66
-31642.0	7848.0	1093.77	1781.16
-31642.0	7848.0	1092.63	1822.62
-31642.0	7848.0	1091.5	1831.1
-31642.0	7848.0	1090.36	1846.17
-31642.0	7848.0	1089.22	1714.0
-31642.0	7848.0	1088.08	1720.3
-31642.0	7848.0	1086.95	1713.41
-31642.0	7848.0	1085.81	1719.7
-31642.0	7848.0	1084.67	1829.2
-31642.0	7848.0	1083.53	1771.8
-31642.0	7848.0	1082.39	1683.68
-31642.0	7848.0	1081.25	1672.42
-31642.0	7848.0	1080.11	1795.01
-31642.0	7848.0	1078.97	1757.4
-31642.0	7848.0	1077.83	1713.22
-31642.0	7848.0	1076.69	1761.18
-31642.0	7848.0	1075.55	1717.01
-31642.0	7848.0	1074.41	1738.64
-31642.0	7848.0	1073.27	1716.42
-31642.0	7848.0	1072.13	1762.14
-31642.0	7848.0	1070.99	1755.26
-31642.0	7848.0	1069.85	1733.05
-31642.0	7848.0	1068.71	1699.89
-31642.0	7848.0	1067.57	1747.77
-31642.0	7848.0	1066.43	1677.39
-31642.0	7848.0	1065.28	1716.51
-31642.0	7848.0	1064.14	1698.7
-31642.0	7848.0	1063.0	1700.59
-31642.0	7848.0	1061.86	1759.38
-31642.0	7848.0	1060.71	1778.76
-31642.0	7848.0	1059.57	1774.07
-31642.0	7848.0	1058.43	1736.58
-31642.0	7848.0	1057.29	1729.72
-31642.0	7848.0	1056.14	1681.31
-31642.0	7848.0	1055.0	1694.14
-31642.0	7848.0	1053.85	1730.99
-31642.0	7848.0	1052.71	1676.06
-31642.0	7848.0	1051.57	1734.76
-31642.0	7848.0	1050.42	1771.59
-31642.0	7848.0	1049.28	1740.7
-31642.0	7848.0	1048.13	1736.03
-31642.0	7848.0	1046.99	1731.35
-31642.0	7848.0	1045.84	1683.03
-31642.0	7848.0	1044.7	1750.39
-31642.0	7848.0	1043.55	1765.35
-31642.0	7848.0	1042.4	1817.41
-31642.0	7848.0	1041.26	1769.1
-31642.0	7848.0	1040.11	1777.51
-31642.0	7848.0	1038.97	1711.78
-31642.0	7848.0	1037.82	1848.83
-31642.0	7848.0	1036.67	1798.37
-31642.0	7848.0	1035.53	1750.1
-31642.0	7848.0	1034.38	1730.18
-31642.0	7848.0	1033.23	1814.84
-31642.0	7848.0	1032.08	1779.67
-31642.0	7848.0	1030.94	1714.02
-31642.0	7848.0	1029.79	1809.53
-31642.0	7848.0	1028.64	1798.32
-31642.0	7848.0	1027.49	1791.47
-31642.0	7848.0	1026.34	1775.92
-31642.0	7848.0	1025.19	1797.36
-31642.0	7848.0	1024.04	1775.29
-31642.0	7848.0	1022.89	1859.81
-31642.0	7848.0	1021.74	1870.35
-31642.0	7848.0	1020.59	1811.31
-31642.0	7848.0	1019.45	1810.99
-31642.0	7848.0	1018.29	1878.05
-31642.0	7848.0	1017.14	1871.2
-31642.0	7848.0	1015.99	1899.11
-31642.0	7848.0	1014.84	1840.12
-31642.0	7848.0	1013.69	1857.17
-31642.0	7848.0	1012.54	1822.09
-31642.0	7848.0	1011.39	1919.47
-31642.0	7848.0	1010.24	1919.13
-31642.0	7848.0	1009.09	1916.62
-31642.0	7848.0	1007.93	1879.38
-31642.0	7848.0	1006.78	1972.35
-31642.0	7848.0	1005.63	2004.54
-31642.0	7848.0	1004.48	2017.2
-31642.0	7848.0	1003.32	1969.13
-31642.0	7848.0	1002.17	2040.33
-31642.0	7848.0	1001.02	2046.47
-31642.0	7848.0	999.865	2052.6
-31642.0	7848.0	998.711	2097.74
-31642.0	7848.0	997.558	2075.7
-31642.0	7848.0	996.403	2105.66
-31642.0	7848.0	995.249	2100.95
-31642.0	7848.0	994.095	2115.73
-31642.0	7848.0	992.94	2106.69
-31642.0	7848.0	991.785	2197.23
-31642.0	7848.0	990.63	2127.58
-31642.0	7848.0	989.475	2259.2
-31642.0	7848.0	988.319	2282.6
-31642.0	7848.0	987.164	2316.8
-31642.0	7848.0	986.008	2268.8
-31642.0	7848.0	984.852	2272.72
-31642.0	7848.0	983.695	2246.36
-31642.0	7848.0	982.539	2360.53
-31642.0	7848.0	981.382	2368.75
-31642.0	7848.0	980.225	2372.64
-31642.0	7848.0	979.068	2352.77
-31642.0	7848.0	977.911	2393.39
-31642.0	7848.0	976.753	2380.0
-31642.0	7848.0	975.595	2334.22
-31642.0	7848.0	974.437	2465.5
-31642.0	7848.0	973.279	2408.93
-31642.0	7848.0	972.121	2350.22
-31642.0	7848.0	970.962	2377.85
-31642.0	7848.0	969.803	2496.08
-31642.0	7848.0	968.644	2422.29
-31642.0	7848.0	967.485	2374.4
-31642.0	7848.0	966.326	2438.66
-31642.0	7848.0	965.166	2392.95
-31642.0	7848.0	964.006	2414.07
-31642.0	7848.0	962.846	2413.63
-31642.0	7848.0	961.686	2301.15
-31642.0	7848.0	960.525	2371.83
-31642.0	7848.0	959.365	2446.78
-31642.0	7848.0	958.204	2381.73
-31642.0	7848.0	957.043	2432.97
-31642.0	7848.0	955.881	2419.62
-31642.0	7848.0	954.72	2457.92
-31642.0	7848.0	953.558	2433.8
-31642.0	7848.0	952.396	2469.93
-31642.0	7848.0	951.234	2404.95
-31642.0	7848.0	950.071	2370.1
-31642.0	7848.0	948.909	2399.77
-31642.0	7848.0	947.746	2513.28
-31642.0	7848.0	946.583	2452.64
-31642.0	7848.0	945.42	2422.1
-31642.0	7848.0	944.256	2391.58
-31642.0	7848.0	943.092	2365.36
-31642.0	7848.0	941.929	2356.34
-31642.0	7848.0	940.765	2424.63
-31642.0	7848.0	939.6	2344.74
-31642.0	7848.0	938.436	2327.14
-31642.0	7848.0	937.271	2225.83
-31642.0	7848.0	936.106	2332.73
-31642.0	7848.0	934.941	2270.08
-31642.0	7848.0	933.775	2250.36
-31642.0	7848.0	932.61	2192.03
-31642.0	7848.0	931.444	2077.97
-31642.0	7848.0	930.278	2096.89
-31642.0	7848.0	929.112	2075.07
-31642.0	7848.0	927.945	2036.11
-31642.0	7848.0	926.779	2007.88
-31642.0	7848.0	925.612	2016.08
-31642.0	7848.0	924.445	2015.71
-31642.0	7848.0	923.278	1936.1
-31642.0	7848.0	922.11	1918.61
-31642.0	7848.0	920.942	1836.9
-31642.0	7848.0	919.774	1975.7
-31642.0	7848.0	918.606	1883.31
-31642.0	7848.0	917.438	1917.2
-31642.0	7848.0	916.269	1850.53
-31642.0	7848.0	915.1	1820.24
-31642.0	7848.0	913.931	1837.02
-31642.0	7848.0	912.762	1766.12
-31642.0	7848.0	911.593	1832.06
-31642.0	7848.0	910.423	1810.35
-31642.0	7848.0	909.253	1724.54
-31642.0	7848.0	908.083	1799.0
-31642.0	7848.0	906.913	1758.08
-31642.0	7848.0	905.742	1725.72
-31642.0	7848.0	904.572	1689.1
-31642.0	7848.0	903.401	1695.19
-31642.0	7848.0	902.229	1816.55
-31642.0	7848.0	901.058	1837.56
-31642.0	7848.0	899.886	1739.06
-31642.0	7848.0	898.715	1721.67
-31642.0	7848.0	897.543	1749.08
-31642.0	7848.0	896.37	1744.49
-31642.0	7848.0	895.198	1767.62
-31642.0	7848.0	894.025	1677.76
-31642.0	7848.0	892.852	1745.65
-31642.0	7848.0	891.679	1700.58
-31642.0	7848.0	890.506	1691.74
-31642.0	7848.0	889.332	1706.34
-31642.0	7848.0	888.158	1678.33
-31642.0	7848.0	886.984	1697.18
-31642.0	7848.0	885.81	1743.71
-31642.0	7848.0	884.636	1651.85
-31642.0	7848.0	883.461	1721.78
-31642.0	7848.0	882.286	1636.34
-31642.0	7848.0	881.111	1729.64
-31642.0	7848.0	879.936	1697.42
-31642.0	7848.0	878.76	1667.33
-31642.0	7848.0	877.584	1752.07
-31642.0	7848.0	876.408	1690.09
-31642.0	7848.0	875.232	1651.51
-31642.0	7848.0	874.056	1676.71
-31642.0	7848.0	872.879	1712.51
-31642.0	7848.0	871.702	1752.56
-31642.0	7848.0	870.525	1716.12
-31642.0	7848.0	869.348	1690.32
-31642.0	7848.0	868.17	1681.51
-31642.0	7848.0	866.993	1693.93
-31642.0	7848.0	865.815	1678.76
-31642.0	7848.0	864.637	1652.98
-31642.0	7848.0	863.458	1620.85
-31642.0	7848.0	862.28	1631.15
-31642.0	7848.0	861.101	1673.26
-31642.0	7848.0	859.922	1660.22
-31642.0	7848.0	858.742	1719.27
-31642.0	7848.0	857.563	1680.79
-31642.0	7848.0	856.383	1619.02
-31642.0	7848.0	855.203	1639.91
-31642.0	7848.0	854.023	1665.02
-31642.0	7848.0	852.843	1596.93
-31642.0	7848.0	851.662	1664.39
-31642.0	7848.0	850.481	1676.78
-31642.0	7848.0	849.3	1651.07
-31642.0	7848.0	848.119	1667.69
-31642.0	7848.0	846.937	1688.53
-31642.0	7848.0	845.756	1612.05
-31642.0	7848.0	844.574	1740.77
-31642.0	7848.0	843.392	1719.3
-31642.0	7848.0	842.209	1611.14
-31642.0	7848.0	841.027	1600.27
-31642.0	7848.0	839.844	1580.94
-31642.0	7848.0	838.661	1658.83
-31642.0	7848.0	837.477	1641.62
-31642.0	7848.0	836.294	1683.55
-31642.0	7848.0	835.11	1617.76
-31642.0	7848.0	833.926	1687.14
-31642.0	7848.0	832.742	1688.93
-31642.0	7848.0	831.558	1618.96
-31642.0	7848.0	830.373	1662.97
-31642.0	7848.0	829.188	1683.75
-31642.0	7848.0	828.003	1656.01
-31642.0	7848.0	826.818	1607.18
-31642.0	7848.0	825.632	1617.42
-31642.0	7848.0	824.446	1650.85
-31642.0	7848.0	823.26	1680.05
-31642.0	7848.0	822.074	1650.22
-31642.0	7848.0	820.888	1603.55
-31642.0	7848.0	819.701	1668.56
-31642.0	7848.0	818.514	1682.98
-31642.0	7848.0	817.327	1646.86
-31642.0	7848.0	816.14	1753.93
-31642.0	7848.0	814.952	1665.18
-31642.0	7848.0	813.765	1626.98
-31642.0	7848.0	812.577	1635.09
-31642.0	7848.0	811.388	1617.94
-31642.0	7848.0	810.2	1602.91
-31642.0	7848.0	809.011	1634.15
-31642.0	7848.0	807.822	1614.92
-31642.0	7848.0	806.633	1648.25
-31642.0	7848.0	805.444	1595.38
-31642.0	7848.0	804.254	1595.08
-31642.0	7848.0	803.064	1573.76
-31642.0	7848.0	801.874	1556.66
-31642.0	7848.0	800.684	1600.47
-31642.0	7848.0	799.493	1572.86
-31642.0	7848.0	798.303	1700.63
-31642.0	7848.0	797.112	1662.52
-31642.0	7848.0	795.921	1649.61
-31642.0	7848.0	794.729	1632.51
-31642.0	7848.0	793.538	1690.94
-31642.0	7848.0	792.346	1638.18
-31642.0	7848.0	791.154	1648.35
-31642.0	7848.0	789.961	1656.42
-31642.0	7848.0	788.769	1698.03
-31642.0	7848.0	787.576	1586.62
-31642.0	7848.0	786.383	1600.98
-31642.0	7848.0	785.19	1567.15
-31642.0	7848.0	783.996	1604.55
-31642.0	7848.0	782.802	1579.11
-31642.0	7848.0	781.608	1589.28
-31642.0	7848.0	780.414	1586.88
-31642.0	7848.0	779.22	1615.88
-31642.0	7848.0	778.025	1577.9
-31642.0	7848.0	776.83	1617.35
-31642.0	7848.0	775.635	1566.83
-31642.0	7848.0	774.44	1606.27
-31642.0	7848.0	773.244	1601.78
-31642.0	7848.0	772.049	1674.64
-31642.0	7848.0	770.853	1640.88
-31642.0	7848.0	769.656	1579.95
-31642.0	7848.0	768.46	1585.92
-31642.0	7848.0	767.263	1637.84
-31642.0	7848.0	766.066	1620.81
-31642.0	7848.0	764.869	1587.08
-31642.0	7848.0	763.672	1580.51
-31642.0	7848.0	762.474	1632.4
-31642.0	7848.0	761.276	1617.47
-31642.0	7848.0	760.078	1571.25
-31642.0	7848.0	758.88	1660.66
-31642.0	7848.0	757.681	1604.02
-31642.0	7848.0	756.483	1603.7
-31642.0	7848.0	755.284	1595.05
-31642.0	7848.0	754.084	1655.2
-31642.0	7848.0	752.885	1496.48
-31642.0	7848.0	751.685	1552.45
-31642.0	7848.0	750.485	1531.31
-31642.0	7848.0	749.285	1653.91
-31642.0	7848.0	748.085	1668.17
-31642.0	7848.0	746.884	1578.31
-31642.0	7848.0	745.683	1621.72
-31642.0	7848.0	744.482	1627.65
-31642.0	7848.0	743.281	1546.18
-31642.0	7848.0	742.079	1606.21
-31642.0	7848.0	740.877	1599.66
-31642.0	7848.0	739.675	1543.2
-31642.0	7848.0	738.473	1590.72
-31642.0	7848.0	737.27	1580.02
-31642.0	7848.0	736.068	1552.69
-31642.0	7848.0	734.865	1589.79
-31642.0	7848.0	733.661	1566.63
-31642.0	7848.0	732.458	1636.95
-31642.0	7848.0	731.254	1516.17
-31642.0	7848.0	730.05	1603.09
-31642.0	7848.0	728.846	1577.86
-31642.0	7848.0	727.642	1608.69
-31642.0	7848.0	726.437	1593.85
-31642.0	7848.0	725.232	1630.88
-31642.0	7848.0	724.027	1643.01
-31642.0	7848.0	722.822	1545.21
-31642.0	7848.0	721.616	1665.18
-31642.0	7848.0	720.41	1623.39
-31642.0	7848.0	719.204	1554.66
-31642.0	7848.0	717.998	1593.74
-31642.0	7848.0	716.791	1593.42
-31642.0	7848.0	715.585	1578.61
-31642.0	7848.0	714.378	1845.49
-31642.0	7848.0	713.17	1706.38
-31642.0	7848.0	711.963	1617.02
-31642.0	7848.0	710.755	1612.56
-31642.0	7848.0	709.547	1591.55
-31642.0	7848.0	708.339	1630.55
-31642.0	7848.0	707.131	1634.37
-31642.0	7848.0	705.922	1596.82
-31642.0	7848.0	704.713	1646.13
-31642.0	7848.0	703.504	1637.54
-31642.0	7848.0	702.295	1631.02
-31642.0	7848.0	701.085	1589.36
-31642.0	7848.0	699.875	1640.71
-31642.0	7848.0	698.665	1646.58
-31642.0	7848.0	697.455	1598.75
-31642.0	7848.0	696.244	1660.39
-31642.0	7848.0	695.034	1610.51
-31642.0	7848.0	693.822	1643.22
-31642.0	7848.0	692.611	1659.41
-31642.0	7848.0	691.4	1659.08
-31642.0	7848.0	690.188	1617.49
-31642.0	7848.0	688.976	1615.11
-31642.0	7848.0	687.764	1542.61
-31642.0	7848.0	686.551	1628.9
-31642.0	7848.0	685.339	1700.73
-31642.0	7848.0	684.126	1652.99
-31642.0	7848.0	682.912	1712.42
-31642.0	7848.0	681.699	1712.08
-31642.0	7848.0	680.485	1579.91
-31642.0	7848.0	679.271	1678.45
-31642.0	7848.0	678.057	1630.76
-31642.0	7848.0	676.843	1659.26
-31642.0	7848.0	675.628	1646.58
-31642.0	7848.0	674.413	1689.47
-31642.0	7848.0	673.198	1703.54
-31642.0	7848.0	671.983	1672.35
-31642.0	7848.0	670.767	1737.82
-31642.0	7848.0	669.551	1653.18
-31642.0	7848.0	668.335	1603.51
-31642.0	7848.0	667.119	1658.69
-31642.0	7848.0	665.902	1678.91
-31642.0	7848.0	664.686	1643.64
-31642.0	7848.0	663.469	1696.72
-31642.0	7848.0	662.251	1630.67
-31642.0	7848.0	661.034	1652.93
-31642.0	7848.0	659.816	1689.55
-31642.0	7848.0	658.598	1625.59
-31642.0	7848.0	657.38	1690.93
-31642.0	7848.0	656.161	1674.18
-31642.0	7848.0	654.942	1657.44
-31642.0	7848.0	653.723	1708.38
-31642.0	7848.0	652.504	1685.48
-31642.0	7848.0	651.285	1638.0
-31642.0	7848.0	650.065	1639.72
-31642.0	7848.0	648.845	1688.57
-31642.0	7848.0	647.625	1614.48
-31642.0	7848.0	646.404	1638.74
-31642.0	7848.0	645.184	1705.99
-31642.0	7848.0	643.963	1748.65
-31642.0	7848.0	642.742	1680.75
-31642.0	7848.0	641.52	1637.43
-31642.0	7848.0	640.298	1628.91
-31642.0	7848.0	639.076	1630.63
-31642.0	7848.0	637.854	1746.9
-31642.0	7848.0	636.632	1744.51
-31642.0	7848.0	635.409	1709.4
-31642.0	7848.0	634.186	1723.37
-31642.0	7848.0	632.963	1735.29
-31642.0	7848.0	631.74	1665.46
-31642.0	7848.0	630.516	1681.47
-31642.0	7848.0	629.292	1630.06
-31642.0	7848.0	628.068	1680.79
-31642.0	7848.0	626.844	1698.83
-31642.0	7848.0	625.619	1665.83
-31642.0	7848.0	624.394	1712.44
-31642.0	7848.0	623.169	1763.11
-31642.0	7848.0	621.944	1721.95
-31642.0	7848.0	620.718	1697.13
-31642.0	7848.0	619.492	1747.77
-31642.0	7848.0	618.266	1698.48
-31642.0	7848.0	617.04	1734.84
-31642.0	7848.0	615.813	1697.8
-31642.0	7848.0	614.587	1677.08
-31642.0	7848.0	613.36	1658.41
-31642.0	7848.0	612.132	1696.77
-31642.0	7848.0	610.905	1637.37
-31642.0	7848.0	609.677	1645.19
-31642.0	7848.0	608.449	1642.82
-31642.0	7848.0	607.22	1744.25
-31642.0	7848.0	605.992	1686.93
-31642.0	7848.0	604.763	1694.72
-31642.0	7848.0	603.534	1737.1
-31642.0	7848.0	602.305	1677.77
-31642.0	7848.0	601.075	1657.1
-31642.0	7848.0	599.845	1614.07
-31642.0	7848.0	598.615	1762.11
-31642.0	7848.0	597.385	1641.87
-31642.0	7848.0	596.154	1627.32
-31642.0	7848.0	594.924	1691.98
-31642.0	7848.0	593.693	1691.64
-31642.0	7848.0	592.461	1677.09
-31642.0	7848.0	591.23	1648.33
-31642.0	7848.0	589.998	1647.99
-31642.0	7848.0	588.766	1690.27
-31642.0	7848.0	587.534	1708.19
-31642.0	7848.0	586.301	1675.39
-31642.0	7848.0	585.068	1632.46
-31642.0	7848.0	583.835	1670.65
-31642.0	7848.0	582.602	1684.5
-31642.0	7848.0	581.368	1688.22
-31642.0	7848.0	580.134	1687.87
-31642.0	7848.0	578.9	1730.07
-31642.0	7848.0	577.666	1701.37
-31642.0	7848.0	576.432	1670.64
-31642.0	7848.0	575.197	1680.43
-31642.0	7848.0	573.962	1639.6
-31642.0	7848.0	572.726	1669.63
-31642.0	7848.0	571.491	1663.22
-31642.0	7848.0	570.255	1670.97
-31642.0	7848.0	569.019	1751.53
-31642.0	7848.0	567.783	1755.22
-31642.0	7848.0	566.546	1746.78
-31642.0	7848.0	565.309	1734.29
-31642.0	7848.0	564.072	1731.92
-31642.0	7848.0	562.835	1733.58
-31642.0	7848.0	561.597	1717.07
-31642.0	7848.0	560.359	1740.96
-31642.0	7848.0	559.121	1742.62
-31642.0	7848.0	557.883	1776.59
-31642.0	7848.0	556.644	1713.65
-31642.0	7848.0	555.406	1735.5
-31642.0	7848.0	554.167	1745.23
-31642.0	7848.0	552.927	1829.6
-31642.0	7848.0	551.688	1809.06
-31642.0	7848.0	550.448	1857.08
-31642.0	7848.0	549.208	1848.64
-31642.0	7848.0	547.967	1872.45
-31642.0	7848.0	546.727	1817.65
-31642.0	7848.0	545.486	1895.86
-31642.0	7848.0	544.245	1883.38
-31642.0	7848.0	543.003	1965.57
-31642.0	7848.0	541.762	1997.38
-31642.0	7848.0	540.52	2033.21
-31642.0	7848.0	539.278	1954.3
-31642.0	7848.0	538.035	2120.91
-31642.0	7848.0	536.793	2174.8
-31642.0	7848.0	535.55	2303.08
-31642.0	7848.0	534.307	2370.98
-31642.0	7848.0	533.063	2511.24
-31642.0	7848.0	531.82	2717.77
-31642.0	7848.0	530.576	3012.65
-31642.0	7848.0	529.331	3395.82
-31642.0	7848.0	528.087	4112.32
-31642.0	7848.0	526.842	4862.67
-31642.0	7848.0	525.597	6345.67
-31642.0	7848.0	524.352	8368.14
-31642.0	7848.0	523.107	11293.1
-31642.0	7848.0	521.861	14564.0
-31642.0	7848.0	520.615	15983.6
-31642.0	7848.0	519.369	14465.7
-31642.0	7848.0	518.122	12288.6
-31642.0	7848.0	516.876	10290.9
-31642.0	7848.0	515.629	8702.93
-31642.0	7848.0	514.381	7570.65
-31642.0	7848.0	513.134	6464.89
-31642.0	7848.0	511.886	5594.0
-31642.0	7848.0	510.638	5186.2
-31642.0	7848.0	509.39	4608.34
-31642.0	7848.0	508.141	4248.97
-31642.0	7848.0	506.892	4055.91
-31642.0	7848.0	505.643	3858.92
-31642.0	7848.0	504.394	3694.04
-31642.0	7848.0	503.145	3567.23
-31642.0	7848.0	501.895	3614.5
-31642.0	7848.0	500.645	3529.76
-31642.0	7848.0	499.394	3341.08
-31642.0	7848.0	498.144	3314.4
-31642.0	7848.0	496.893	3351.69
-31642.0	7848.0	495.642	3145.18
-31642.0	7848.0	494.39	3102.58
-31642.0	7848.0	493.139	2984.09
-31642.0	7848.0	491.887	2829.71
-31642.0	7848.0	490.635	2753.25
-31642.0	7848.0	489.382	2712.76
-31642.0	7848.0	488.13	2644.34
-31642.0	7848.0	486.877	2532.06
-31642.0	7848.0	485.623	2637.26
-31642.0	7848.0	484.37	2560.93
-31642.0	7848.0	483.116	2502.57
-31642.0	7848.0	481.862	2488.09
-31642.0	7848.0	480.608	2491.56
-31642.0	7848.0	479.354	2425.28
-31642.0	7848.0	478.099	2374.97
-31642.0	7848.0	476.844	2412.32
-31642.0	7848.0	475.588	2503.44
-31642.0	7848.0	474.333	2395.39
-31642.0	7848.0	473.077	2305.31
-31642.0	7848.0	471.821	2380.47
-31642.0	7848.0	470.565	2272.51
-31642.0	7848.0	469.308	2272.04
-31642.0	7848.0	468.051	2209.91
-31642.0	7848.0	466.794	2304.91
-31642.0	7848.0	465.537	2316.36
-31642.0	7848.0	464.279	2172.75
-31642.0	7848.0	463.021	2160.37
-31642.0	7848.0	461.763	2181.78
-31642.0	7848.0	460.505	2163.44
-31642.0	7848.0	459.246	2149.09
-31642.0	7848.0	457.987	2130.77
-31642.0	7848.0	456.728	2179.96
-31642.0	7848.0	455.469	2058.42
-31642.0	7848.0	454.209	1972.66
-31642.0	7848.0	452.949	2059.55
-31642.0	7848.0	451.689	2074.99
-31642.0	7848.0	450.428	2070.59
-31642.0	7848.0	449.167	2099.9
-31642.0	7848.0	447.906	1996.37
-31642.0	7848.0	446.645	2102.99
-31642.0	7848.0	445.383	2025.27
-31642.0	7848.0	444.122	2072.39
-31642.0	7848.0	442.86	2091.77
-31642.0	7848.0	441.597	2029.94
-31642.0	7848.0	440.335	2037.44
-31642.0	7848.0	439.072	2092.44
-31642.0	7848.0	437.809	2034.6
-31642.0	7848.0	436.545	2154.88
-31642.0	7848.0	435.281	2138.61
-31642.0	7848.0	434.018	2074.87
-31642.0	7848.0	432.753	2127.82
-31642.0	7848.0	431.489	2077.95
-31642.0	7848.0	430.224	2097.28
-31642.0	7848.0	428.959	2086.96
-31642.0	7848.0	427.694	2050.96
-31642.0	7848.0	426.428	2141.4
-31642.0	7848.0	425.163	2087.63
-31642.0	7848.0	423.896	2069.42
-31642.0	7848.0	422.63	1948.56
-31642.0	7848.0	421.364	2102.11
-31642.0	7848.0	420.097	2014.84
-31642.0	7848.0	418.83	2045.98
-31642.0	7848.0	417.562	2027.8
-31642.0	7848.0	416.295	2096.4
-31642.0	7848.0	415.027	2048.64
-31642.0	7848.0	413.758	2058.06
-31642.0	7848.0	412.49	2010.33
-31642.0	7848.0	411.221	1992.17
-31642.0	7848.0	409.952	1983.87
-31642.0	7848.0	408.683	1983.46
-31642.0	7848.0	407.414	1985.01
-31642.0	7848.0	406.144	1951.12
-31642.0	7848.0	404.874	2003.86
-31642.0	7848.0	403.603	2048.7
-31642.0	7848.0	402.333	2091.56
-31642.0	7848.0	401.062	2061.61
-31642.0	7848.0	399.791	2100.51
-31642.0	7848.0	398.519	2119.74
-31642.0	7848.0	397.248	2024.92
-31642.0	7848.0	395.976	1949.81
-31642.0	7848.0	394.704	1986.73
-31642.0	7848.0	393.431	2031.5
-31642.0	7848.0	392.159	1993.76
-31642.0	7848.0	390.886	1997.26
-31642.0	7848.0	389.612	1994.88
-31642.0	7848.0	388.339	2012.13
-31642.0	7848.0	387.065	2029.37
-31642.0	7848.0	385.791	2123.12
-31642.0	7848.0	384.517	2054.01
-31642.0	7848.0	383.242	2047.7
-31642.0	7848.0	381.967	2035.5
-31642.0	7848.0	380.692	2027.23
-31642.0	7848.0	379.417	2032.68
-31642.0	7848.0	378.141	2059.69
-31642.0	7848.0	376.865	2014.19
-31642.0	7848.0	375.589	2043.15
-31642.0	7848.0	374.312	1985.92
-31642.0	7848.0	373.035	2044.24
-31642.0	7848.0	371.758	1996.83
-31642.0	7848.0	370.481	2062.95
-31642.0	7848.0	369.204	2052.73
-31642.0	7848.0	367.926	2069.9
-31642.0	7848.0	366.648	2087.07
-31642.0	7848.0	365.369	2037.74
-31642.0	7848.0	364.091	2047.08
-31642.0	7848.0	362.812	2083.79
-31642.0	7848.0	361.532	2157.62
-31642.0	7848.0	360.253	2047.74
-31642.0	7848.0	358.973	2154.75
-31642.0	7848.0	357.693	2037.11
-31642.0	7848.0	356.413	2040.58
-31642.0	7848.0	355.132	2067.48
-31642.0	7848.0	353.852	2121.7
-31642.0	7848.0	352.571	2054.9
-31642.0	7848.0	351.289	2101.29
-31642.0	7848.0	350.008	2122.3
-31642.0	7848.0	348.726	2086.74
-31642.0	7848.0	347.444	2070.7
-31642.0	7848.0	346.161	2058.57
-31642.0	7848.0	344.878	2139.99
-31642.0	7848.0	343.595	2172.66
-31642.0	7848.0	342.312	2150.77
-31642.0	7848.0	341.029	2121.1
-31642.0	7848.0	339.745	2112.86
-31642.0	7848.0	338.461	2149.4
-31642.0	7848.0	337.176	2189.82
-31642.0	7848.0	335.892	2138.76
-31642.0	7848.0	334.607	2218.08
-31642.0	7848.0	333.322	2250.68
-31642.0	7848.0	332.036	2203.52
-31642.0	7848.0	330.75	2205.0
-31642.0	7848.0	329.464	2148.15
-31642.0	7848.0	328.178	2227.38
-31642.0	7848.0	326.892	2139.47
-31642.0	7848.0	325.605	2173.98
-31642.0	7848.0	324.318	2183.23
-31642.0	7848.0	323.03	2244.91
-31642.0	7848.0	321.743	2228.9
-31642.0	7848.0	320.455	2292.48
-31642.0	7848.0	319.167	2210.49
-31642.0	7848.0	317.878	2295.39
-31642.0	7848.0	316.59	2236.7
-31642.0	7848.0	315.301	2236.23
-31642.0	7848.0	314.011	2290.05
-31642.0	7848.0	312.722	2318.64
-31642.0	7848.0	311.432	2252.24
-31642.0	7848.0	310.142	2282.77
-31642.0	7848.0	308.851	2309.41
-31642.0	7848.0	307.561	2390.27
-31642.0	7848.0	306.27	2409.13
-31642.0	7848.0	304.979	2373.76
-31642.0	7848.0	303.687	2419.72
-31642.0	7848.0	302.395	2479.2
-31642.0	7848.0	301.103	2416.75
-31642.0	7848.0	299.811	2369.8
-31642.0	7848.0	298.519	2417.65
-31642.0	7848.0	297.226	2343.66
-31642.0	7848.0	295.933	2395.35
-31642.0	7848.0	294.639	2398.71
-31642.0	7848.0	293.345	2320.9
-31642.0	7848.0	292.052	2417.01
-31642.0	7848.0	290.757	2316.04
-31642.0	7848.0	289.463	2317.48
-31642.0	7848.0	288.168	2400.01
-31642.0	7848.0	286.873	2260.51
-31642.0	7848.0	285.578	2354.6
-31642.0	7848.0	284.282	2280.77
-31642.0	7848.0	282.986	2365.17
-31642.0	7848.0	281.69	2322.23
-31642.0	7848.0	280.393	2271.6
-31642.0	7848.0	279.097	2197.85
-31642.0	7848.0	277.8	2343.87
-31642.0	7848.0	276.502	2304.83
-31642.0	7848.0	275.205	2252.31
-31642.0	7848.0	273.907	2242.2
-31642.0	7848.0	272.609	2232.09
-31642.0	7848.0	271.311	2220.06
-31642.0	7848.0	270.012	2271.56
-31642.0	7848.0	268.713	2153.67
-31642.0	7848.0	267.414	2162.83
-31642.0	7848.0	266.114	2070.03
-31642.0	7848.0	264.814	2146.52
-31642.0	7848.0	263.514	2176.83
-31642.0	7848.0	262.214	2118.69
-31642.0	7848.0	260.913	2239.33
-31642.0	7848.0	259.613	2110.09
-31642.0	7848.0	258.311	2138.46
-31642.0	7848.0	257.01	2122.64
-31642.0	7848.0	255.708	2114.5
-31642.0	7848.0	254.406	2091.0
-31642.0	7848.0	253.104	2111.67
-31642.0	7848.0	251.801	2082.43
-31642.0	7848.0	250.499	2126.12
-31642.0	7848.0	249.195	2150.6
-31642.0	7848.0	247.892	2052.32
-31642.0	7848.0	246.588	2088.32
-31642.0	7848.0	245.284	2176.06
-31642.0	7848.0	243.98	2047.17
-31642.0	7848.0	242.676	2060.14
-31642.0	7848.0	241.371	2059.7
-31642.0	7848.0	240.066	2082.25
-31642.0	7848.0	238.76	2074.14
-31642.0	7848.0	237.455	2067.95
-31642.0	7848.0	236.149	2111.54
-31642.0	7848.0	234.843	2042.18
-31642.0	7848.0	233.536	2036.0
-31642.0	7848.0	232.229	2075.74
-31642.0	7848.0	230.922	2056.17
-31642.0	7848.0	229.615	2080.59
-31642.0	7848.0	228.307	2041.9
-31642.0	7848.0	227.0	2093.08
-31642.0	7848.0	225.691	2016.18
-31642.0	7848.0	224.383	1967.98
-31642.0	7848.0	223.074	1958.01
-31642.0	7848.0	221.765	1957.59
-31642.0	7848.0	220.456	2010.63
-31642.0	7848.0	219.146	2069.38
-31642.0	7848.0	217.836	1973.5
-31642.0	7848.0	216.526	2036.05
-31642.0	7848.0	215.216	1984.1
-31642.0	7848.0	213.905	1997.03
-31642.0	7848.0	212.594	2042.37
-31642.0	7848.0	211.283	2043.83
-31642.0	7848.0	209.971	1984.3
-31642.0	7848.0	208.66	1983.88
-31642.0	7848.0	207.348	2042.52
-31642.0	7848.0	206.035	2043.98
-31642.0	7848.0	204.722	2016.88
-31642.0	7848.0	203.409	1995.5
-31642.0	7848.0	202.096	2002.69
-31642.0	7848.0	200.783	1975.61
-31642.0	7848.0	199.469	1996.12
-31642.0	7848.0	198.155	2069.88
-31642.0	7848.0	196.84	1993.35
-31642.0	7848.0	195.526	1994.83
-31642.0	7848.0	194.211	2068.55
-31642.0	7848.0	192.896	2045.29
-31642.0	7848.0	191.58	2231.09
-31642.0	7848.0	190.264	2116.61
-31642.0	7848.0	188.948	2131.35
-31642.0	7848.0	187.632	2058.72
-31642.0	7848.0	186.315	2056.38
-31642.0	7848.0	184.998	2065.43
-31642.0	7848.0	183.681	2102.94
-31642.0	7848.0	182.364	2047.46
-31642.0	7848.0	181.046	2102.04
-31642.0	7848.0	179.728	2124.35
-31642.0	7848.0	178.41	2097.34
-31642.0	7848.0	177.091	2115.85
-31642.0	7848.0	175.772	2196.9
-31642.0	7848.0	174.453	2124.41
-31642.0	7848.0	173.133	2078.48
-31642.0	7848.0	171.814	2106.45
-31642.0	7848.0	170.494	2105.99
-31642.0	7848.0	169.173	2126.37
-31642.0	7848.0	167.853	2114.55
-31642.0	7848.0	166.532	2138.7
-31642.0	7848.0	165.211	2143.92
-31642.0	7848.0	163.889	2107.51
-31642.0	7848.0	162.567	2124.08
-31642.0	7848.0	161.245	2146.31
-31642.0	7848.0	159.923	2179.88
-31642.0	7848.0	158.6	2179.41
-31642.0	7848.0	157.278	2228.07
-31642.0	7848.0	155.954	2216.26
-31642.0	7848.0	154.631	2255.45
-31642.0	7848.0	153.307	2217.19
-31642.0	7848.0	151.983	2265.8
-31642.0	7848.0	150.659	2176.59
-31642.0	7848.0	149.334	2261.05
-31642.0	7848.0	148.009	2220.94
-31642.0	7848.0	146.684	2282.72
-31642.0	7848.0	145.359	2159.62
-31642.0	7848.0	144.033	2155.39
-31642.0	7848.0	142.707	2232.22
-31642.0	7848.0	141.381	2224.2
-31642.0	7848.0	140.054	2218.06
-31642.0	7848.0	138.727	2298.6
-31642.0	7848.0	137.4	2198.27
-31642.0	7848.0	136.072	2226.05
-31642.0	7848.0	134.745	2214.27
-31642.0	7848.0	133.417	2262.73
-31642.0	7848.0	132.088	2288.59
-31642.0	7848.0	130.76	2257.99
-31642.0	7848.0	129.431	2214.24
-31642.0	7848.0	128.102	2260.78
-31642.0	7848.0	126.772	2192.6
-31642.0	7848.0	125.442	2288.01
-31642.0	7848.0	124.112	2263.08
-31642.0	7848.0	122.782	2240.04
-31642.0	7848.0	121.451	2179.43
-31642.0	7848.0	120.12	2193.99
-31642.0	7848.0	118.789	2187.88
-31642.0	7848.0	117.458	2151.73
-31642.0	7848.0	116.126	2153.15
-31642.0	7848.0	114.794	2141.42
-31642.0	7848.0	113.462	2217.89
-31642.0	7848.0	112.129	2196.77
-31642.0	7848.0	110.796	2125.03
-31642.0	7848.0	109.463	2139.57
-31642.0	7848.0	108.129	2118.49
-31642.0	7848.0	106.796	2123.65
-31642.0	7848.0	105.461	2046.36
-31642.0	7848.0	104.127	2087.14
-31642.0	7848.0	102.792	2060.46
-31642.0	7848.0	101.457	1990.72
-31642.0	7848.0	100.122	1891.06
-31642.0	7848.0	98.7867	1973.02
-31642.0	7848.0	97.4509	1916.44
-31642.0	7848.0	96.1148	1917.9
-31642.0	7848.0	94.7784	1954.9
-31642.0	7848.0	93.4418	1883.41
-31642.0	7848.0	92.1048	1791.37
-31642.0	7848.0	90.7676	1796.6
-31642.0	7848.0	89.43	1766.3
-31642.0	7848.0	88.0922	1758.45
-31642.0	7848.0	86.7541	1744.99
-31642.0	7848.0	85.4157	1699.78
