-31640.0	7814.0	1311.89	1928.39
-31640.0	7814.0	1310.78	2114.3
-31640.0	7814.0	1309.68	1961.83
-31640.0	7814.0	1308.58	1952.44
-31640.0	7814.0	1307.48	1940.77
-31640.0	7814.0	1306.38	2010.82
-31640.0	7814.0	1305.28	1960.58
-31640.0	7814.0	1304.18	1903.54
-31640.0	7814.0	1303.07	1896.43
-31640.0	7814.0	1301.97	1952.83
-31640.0	7814.0	1300.87	1991.07
-31640.0	7814.0	1299.77	2033.83
-31640.0	7814.0	1298.66	1945.09
-31640.0	7814.0	1297.56	2015.04
-31640.0	7814.0	1296.46	1964.86
-31640.0	7814.0	1295.35	1973.61
-31640.0	7814.0	1294.25	2005.01
-31640.0	7814.0	1293.15	1988.83
-31640.0	7814.0	1292.04	1940.95
-31640.0	7814.0	1290.94	1949.7
-31640.0	7814.0	1289.83	1944.85
-31640.0	7814.0	1288.73	1894.74
-31640.0	7814.0	1287.63	1966.86
-31640.0	7814.0	1286.52	1873.76
-31640.0	7814.0	1285.42	1934.55
-31640.0	7814.0	1284.31	1977.22
-31640.0	7814.0	1283.21	1965.59
-31640.0	7814.0	1282.1	2008.24
-31640.0	7814.0	1280.99	2046.36
-31640.0	7814.0	1279.89	1980.47
-31640.0	7814.0	1278.78	1921.38
-31640.0	7814.0	1277.68	1986.61
-31640.0	7814.0	1276.57	1825.85
-31640.0	7814.0	1275.46	1974.67
-31640.0	7814.0	1274.36	1881.73
-31640.0	7814.0	1273.25	1933.37
-31640.0	7814.0	1272.14	1966.93
-31640.0	7814.0	1271.04	1962.1
-31640.0	7814.0	1269.93	1982.1
-31640.0	7814.0	1268.82	1855.38
-31640.0	7814.0	1267.71	1920.52
-31640.0	7814.0	1266.61	1866.06
-31640.0	7814.0	1265.5	1910.88
-31640.0	7814.0	1264.39	1933.12
-31640.0	7814.0	1263.28	1984.68
-31640.0	7814.0	1262.17	1923.47
-31640.0	7814.0	1261.06	1929.93
-31640.0	7814.0	1259.95	1868.75
-31640.0	7814.0	1258.84	1785.05
-31640.0	7814.0	1257.74	1904.2
-31640.0	7814.0	1256.63	1921.91
-31640.0	7814.0	1255.52	1935.11
-31640.0	7814.0	1254.41	1939.3
-31640.0	7814.0	1253.3	1941.24
-31640.0	7814.0	1252.19	1936.42
-31640.0	7814.0	1251.08	1828.04
-31640.0	7814.0	1249.96	1875.01
-31640.0	7814.0	1248.85	1897.21
-31640.0	7814.0	1247.74	1932.9
-31640.0	7814.0	1246.63	1921.34
-31640.0	7814.0	1245.52	1889.53
-31640.0	7814.0	1244.41	1925.21
-31640.0	7814.0	1243.3	1868.68
-31640.0	7814.0	1242.18	1931.32
-31640.0	7814.0	1241.07	1883.8
-31640.0	7814.0	1239.96	1825.05
-31640.0	7814.0	1238.85	1896.67
-31640.0	7814.0	1237.74	1914.33
-31640.0	7814.0	1236.62	1835.39
-31640.0	7814.0	1235.51	1942.9
-31640.0	7814.0	1234.4	1825.8
-31640.0	7814.0	1233.28	1913.07
-31640.0	7814.0	1232.17	1863.37
-31640.0	7814.0	1231.06	1898.98
-31640.0	7814.0	1229.94	1847.05
-31640.0	7814.0	1228.83	1878.16
-31640.0	7814.0	1227.71	1893.55
-31640.0	7814.0	1226.6	1861.84
-31640.0	7814.0	1225.48	1868.26
-31640.0	7814.0	1224.37	1881.41
-31640.0	7814.0	1223.25	1876.61
-31640.0	7814.0	1222.14	1896.48
-31640.0	7814.0	1221.02	1909.61
-31640.0	7814.0	1219.91	1855.52
-31640.0	7814.0	1218.79	1938.11
-31640.0	7814.0	1217.68	1877.3
-31640.0	7814.0	1216.56	1834.44
-31640.0	7814.0	1215.44	1903.56
-31640.0	7814.0	1214.33	1831.59
-31640.0	7814.0	1213.21	1831.29
-31640.0	7814.0	1212.09	1864.56
-31640.0	7814.0	1210.98	1857.54
-31640.0	7814.0	1209.86	1899.75
-31640.0	7814.0	1208.74	1872.58
-31640.0	7814.0	1207.62	1899.12
-31640.0	7814.0	1206.51	1845.12
-31640.0	7814.0	1205.39	1835.87
-31640.0	7814.0	1204.27	1862.4
-31640.0	7814.0	1203.15	1891.15
-31640.0	7814.0	1202.03	1861.78
-31640.0	7814.0	1200.91	1903.93
-31640.0	7814.0	1199.8	1894.68
-31640.0	7814.0	1198.68	1854.15
-31640.0	7814.0	1197.56	1871.71
-31640.0	7814.0	1196.44	1835.67
-31640.0	7814.0	1195.32	1842.06
-31640.0	7814.0	1194.2	1821.66
-31640.0	7814.0	1193.08	1850.38
-31640.0	7814.0	1191.96	1803.2
-31640.0	7814.0	1190.84	1892.15
-31640.0	7814.0	1189.72	1822.68
-31640.0	7814.0	1188.6	1887.06
-31640.0	7814.0	1187.48	1922.43
-31640.0	7814.0	1186.35	1857.44
-31640.0	7814.0	1185.23	1839.3
-31640.0	7814.0	1184.11	1854.59
-31640.0	7814.0	1182.99	1738.39
-31640.0	7814.0	1181.87	1840.6
-31640.0	7814.0	1180.75	1804.65
-31640.0	7814.0	1179.62	1819.94
-31640.0	7814.0	1178.5	1770.63
-31640.0	7814.0	1177.38	1846.05
-31640.0	7814.0	1176.26	1894.72
-31640.0	7814.0	1175.13	1878.82
-31640.0	7814.0	1174.01	1851.8
-31640.0	7814.0	1172.89	1916.02
-31640.0	7814.0	1171.76	1808.9
-31640.0	7814.0	1170.64	1828.62
-31640.0	7814.0	1169.51	1841.66
-31640.0	7814.0	1168.39	1781.3
-31640.0	7814.0	1167.27	1814.36
-31640.0	7814.0	1166.14	1800.71
-31640.0	7814.0	1165.02	1793.74
-31640.0	7814.0	1163.89	1844.55
-31640.0	7814.0	1162.77	1844.24
-31640.0	7814.0	1161.64	1768.4
-31640.0	7814.0	1160.52	1832.51
-31640.0	7814.0	1159.39	1778.9
-31640.0	7814.0	1158.26	1831.9
-31640.0	7814.0	1157.14	1756.1
-31640.0	7814.0	1156.01	1855.69
-31640.0	7814.0	1154.88	1828.75
-31640.0	7814.0	1153.76	1812.91
-31640.0	7814.0	1152.63	1750.48
-31640.0	7814.0	1151.5	1754.62
-31640.0	7814.0	1150.38	1787.59
-31640.0	7814.0	1149.25	1822.77
-31640.0	7814.0	1148.12	1800.29
-31640.0	7814.0	1146.99	1799.98
-31640.0	7814.0	1145.87	1790.81
-31640.0	7814.0	1144.74	1763.92
-31640.0	7814.0	1143.61	1825.65
-31640.0	7814.0	1142.48	1845.28
-31640.0	7814.0	1141.35	1867.11
-31640.0	7814.0	1140.22	1787.08
-31640.0	7814.0	1139.09	1771.27
-31640.0	7814.0	1137.97	1766.55
-31640.0	7814.0	1136.84	1814.94
-31640.0	7814.0	1135.71	1923.06
-31640.0	7814.0	1134.58	1778.92
-31640.0	7814.0	1133.45	1778.62
-31640.0	7814.0	1132.32	1778.31
-31640.0	7814.0	1131.19	1824.45
-31640.0	7814.0	1130.05	1795.4
-31640.0	7814.0	1128.92	1801.72
-31640.0	7814.0	1127.79	1816.89
-31640.0	7814.0	1126.66	1827.63
-31640.0	7814.0	1125.53	1743.35
-31640.0	7814.0	1124.4	1811.54
-31640.0	7814.0	1123.27	1769.26
-31640.0	7814.0	1122.13	1817.54
-31640.0	7814.0	1121.0	1784.11
-31640.0	7814.0	1119.87	1757.31
-31640.0	7814.0	1118.74	1809.99
-31640.0	7814.0	1117.6	1747.88
-31640.0	7814.0	1116.47	1738.76
-31640.0	7814.0	1115.34	1760.52
-31640.0	7814.0	1114.2	1755.81
-31640.0	7814.0	1113.07	1777.56
-31640.0	7814.0	1111.94	1766.23
-31640.0	7814.0	1110.8	1801.2
-31640.0	7814.0	1109.67	1860.41
-31640.0	7814.0	1108.54	1798.38
-31640.0	7814.0	1107.4	1804.68
-31640.0	7814.0	1106.27	1788.95
-31640.0	7814.0	1105.13	1834.9
-31640.0	7814.0	1104.0	1759.7
-31640.0	7814.0	1102.86	1766.0
-31640.0	7814.0	1101.72	1759.09
-31640.0	7814.0	1100.59	1816.02
-31640.0	7814.0	1099.45	1870.73
-31640.0	7814.0	1098.32	1738.38
-31640.0	7814.0	1097.18	1744.68
-31640.0	7814.0	1096.04	1746.58
-31640.0	7814.0	1094.91	1774.87
-31640.0	7814.0	1093.77	1831.73
-31640.0	7814.0	1092.63	1802.84
-31640.0	7814.0	1091.5	1738.78
-31640.0	7814.0	1090.36	1863.75
-31640.0	7814.0	1089.22	1843.65
-31640.0	7814.0	1088.08	1757.65
-31640.0	7814.0	1086.95	1781.51
-31640.0	7814.0	1085.81	1772.41
-31640.0	7814.0	1084.67	1846.77
-31640.0	7814.0	1083.53	1712.52
-31640.0	7814.0	1082.39	1694.66
-31640.0	7814.0	1081.25	1727.29
-31640.0	7814.0	1080.11	1748.93
-31640.0	7814.0	1078.97	1746.43
-31640.0	7814.0	1077.83	1757.1
-31640.0	7814.0	1076.69	1767.76
-31640.0	7814.0	1075.55	1763.06
-31640.0	7814.0	1074.41	1745.22
-31640.0	7814.0	1073.27	1731.76
-31640.0	7814.0	1072.13	1702.97
-31640.0	7814.0	1070.99	1737.73
-31640.0	7814.0	1069.85	1684.85
-31640.0	7814.0	1068.71	1662.65
-31640.0	7814.0	1067.57	1693.02
-31640.0	7814.0	1066.43	1747.47
-31640.0	7814.0	1065.28	1801.9
-31640.0	7814.0	1064.14	1733.72
-31640.0	7814.0	1063.0	1720.29
-31640.0	7814.0	1061.86	1730.93
-31640.0	7814.0	1060.71	1802.83
-31640.0	7814.0	1059.57	1706.26
-31640.0	7814.0	1058.43	1754.08
-31640.0	7814.0	1057.29	1740.65
-31640.0	7814.0	1056.14	1687.87
-31640.0	7814.0	1055.0	1755.34
-31640.0	7814.0	1053.85	1744.11
-31640.0	7814.0	1052.71	1772.21
-31640.0	7814.0	1051.57	1723.83
-31640.0	7814.0	1050.42	1699.5
-31640.0	7814.0	1049.28	1710.12
-31640.0	7814.0	1048.13	1775.33
-31640.0	7814.0	1046.99	1716.07
-31640.0	7814.0	1045.84	1704.85
-31640.0	7814.0	1044.7	1754.75
-31640.0	7814.0	1043.55	1774.08
-31640.0	7814.0	1042.4	1804.32
-31640.0	7814.0	1041.26	1812.72
-31640.0	7814.0	1040.11	1722.98
-31640.0	7814.0	1038.97	1759.75
-31640.0	7814.0	1037.82	1722.38
-31640.0	7814.0	1036.67	1767.85
-31640.0	7814.0	1035.53	1780.61
-31640.0	7814.0	1034.38	1723.64
-31640.0	7814.0	1033.23	1808.31
-31640.0	7814.0	1032.08	1770.96
-31640.0	7814.0	1030.94	1785.89
-31640.0	7814.0	1029.79	1781.22
-31640.0	7814.0	1028.64	1863.63
-31640.0	7814.0	1027.49	1806.71
-31640.0	7814.0	1026.34	1860.8
-31640.0	7814.0	1025.19	1880.05
-31640.0	7814.0	1024.04	1820.98
-31640.0	7814.0	1022.89	1811.95
-31640.0	7814.0	1021.74	1750.74
-31640.0	7814.0	1020.59	1798.26
-31640.0	7814.0	1019.45	1880.56
-31640.0	7814.0	1018.29	1904.13
-31640.0	7814.0	1017.14	1862.5
-31640.0	7814.0	1015.99	1844.79
-31640.0	7814.0	1014.84	1898.77
-31640.0	7814.0	1013.69	1878.89
-31640.0	7814.0	1012.54	1826.43
-31640.0	7814.0	1011.39	1893.42
-31640.0	7814.0	1010.24	1912.62
-31640.0	7814.0	1009.09	1931.81
-31640.0	7814.0	1007.93	1885.9
-31640.0	7814.0	1006.78	2080.84
-31640.0	7814.0	1005.63	2015.39
-31640.0	7814.0	1004.48	1999.84
-31640.0	7814.0	1003.32	1973.46
-31640.0	7814.0	1002.17	1988.29
-31640.0	7814.0	1001.02	2052.97
-31640.0	7814.0	999.865	2022.26
-31640.0	7814.0	998.711	2037.07
-31640.0	7814.0	997.558	2038.87
-31640.0	7814.0	996.403	2014.67
-31640.0	7814.0	995.249	2057.63
-31640.0	7814.0	994.095	2046.43
-31640.0	7814.0	992.94	2195.46
-31640.0	7814.0	991.785	2069.51
-31640.0	7814.0	990.63	2123.25
-31640.0	7814.0	989.475	2218.09
-31640.0	7814.0	988.319	2260.96
-31640.0	7814.0	987.164	2249.74
-31640.0	7814.0	986.008	2171.47
-31640.0	7814.0	984.852	2179.73
-31640.0	7814.0	983.695	2270.14
-31640.0	7814.0	982.539	2401.6
-31640.0	7814.0	981.382	2303.91
-31640.0	7814.0	980.225	2327.26
-31640.0	7814.0	979.068	2313.88
-31640.0	7814.0	977.911	2324.26
-31640.0	7814.0	976.753	2274.17
-31640.0	7814.0	975.595	2245.69
-31640.0	7814.0	974.437	2338.12
-31640.0	7814.0	973.279	2247.04
-31640.0	7814.0	972.121	2345.91
-31640.0	7814.0	970.962	2339.01
-31640.0	7814.0	969.803	2332.12
-31640.0	7814.0	968.644	2361.89
-31640.0	7814.0	967.485	2411.07
-31640.0	7814.0	966.326	2408.47
-31640.0	7814.0	965.166	2371.39
-31640.0	7814.0	964.006	2360.18
-31640.0	7814.0	962.846	2370.53
-31640.0	7814.0	961.686	2404.58
-31640.0	7814.0	960.525	2414.91
-31640.0	7814.0	959.365	2442.47
-31640.0	7814.0	958.204	2312.82
-31640.0	7814.0	957.043	2415.75
-31640.0	7814.0	955.881	2318.44
-31640.0	7814.0	954.72	2440.7
-31640.0	7814.0	953.558	2382.15
-31640.0	7814.0	952.396	2370.96
-31640.0	7814.0	951.234	2400.65
-31640.0	7814.0	950.071	2408.81
-31640.0	7814.0	948.909	2341.72
-31640.0	7814.0	947.746	2360.64
-31640.0	7814.0	946.583	2325.82
-31640.0	7814.0	945.42	2389.87
-31640.0	7814.0	944.256	2346.46
-31640.0	7814.0	943.092	2358.92
-31640.0	7814.0	941.929	2294.05
-31640.0	7814.0	940.765	2315.11
-31640.0	7814.0	939.6	2261.0
-31640.0	7814.0	938.436	2264.88
-31640.0	7814.0	937.271	2206.52
-31640.0	7814.0	936.106	2178.21
-31640.0	7814.0	934.941	2167.09
-31640.0	7814.0	933.775	2243.92
-31640.0	7814.0	932.61	2114.82
-31640.0	7814.0	931.444	1934.3
-31640.0	7814.0	930.278	2060.44
-31640.0	7814.0	929.112	2038.63
-31640.0	7814.0	927.945	1999.67
-31640.0	7814.0	926.779	1881.45
-31640.0	7814.0	925.612	1949.66
-31640.0	7814.0	924.445	1921.46
-31640.0	7814.0	923.278	1861.14
-31640.0	7814.0	922.11	1871.5
-31640.0	7814.0	920.942	1888.29
-31640.0	7814.0	919.774	1920.05
-31640.0	7814.0	918.606	1861.91
-31640.0	7814.0	917.438	1878.69
-31640.0	7814.0	916.269	1812.02
-31640.0	7814.0	915.1	1741.1
-31640.0	7814.0	913.931	1766.44
-31640.0	7814.0	912.762	1804.6
-31640.0	7814.0	911.593	1752.97
-31640.0	7814.0	910.423	1763.33
-31640.0	7814.0	909.253	1745.91
-31640.0	7814.0	908.083	1764.81
-31640.0	7814.0	906.913	1702.54
-31640.0	7814.0	905.742	1772.71
-31640.0	7814.0	904.572	1738.21
-31640.0	7814.0	903.401	1712.27
-31640.0	7814.0	902.229	1778.13
-31640.0	7814.0	901.058	1794.87
-31640.0	7814.0	899.886	1700.65
-31640.0	7814.0	898.715	1623.53
-31640.0	7814.0	897.543	1672.29
-31640.0	7814.0	896.37	1721.03
-31640.0	7814.0	895.198	1684.47
-31640.0	7814.0	894.025	1690.55
-31640.0	7814.0	892.852	1732.86
-31640.0	7814.0	891.679	1653.69
-31640.0	7814.0	890.506	1678.95
-31640.0	7814.0	889.332	1716.99
-31640.0	7814.0	888.158	1686.85
-31640.0	7814.0	886.984	1669.5
-31640.0	7814.0	885.81	1669.19
-31640.0	7814.0	884.636	1711.45
-31640.0	7814.0	883.461	1694.11
-31640.0	7814.0	882.286	1653.36
-31640.0	7814.0	881.111	1678.58
-31640.0	7814.0	879.936	1718.69
-31640.0	7814.0	878.76	1677.96
-31640.0	7814.0	877.584	1679.77
-31640.0	7814.0	876.408	1651.82
-31640.0	7814.0	875.232	1708.9
-31640.0	7814.0	874.056	1640.58
-31640.0	7814.0	872.879	1633.9
-31640.0	7814.0	871.702	1648.46
-31640.0	7814.0	870.525	1663.02
-31640.0	7814.0	869.348	1675.45
-31640.0	7814.0	868.17	1630.55
-31640.0	7814.0	866.993	1681.19
-31640.0	7814.0	865.815	1668.15
-31640.0	7814.0	864.637	1674.2
-31640.0	7814.0	863.458	1656.91
-31640.0	7814.0	862.28	1584.48
-31640.0	7814.0	861.101	1577.83
-31640.0	7814.0	859.922	1622.06
-31640.0	7814.0	858.742	1689.59
-31640.0	7814.0	857.563	1589.65
-31640.0	7814.0	856.383	1665.65
-31640.0	7814.0	855.203	1629.31
-31640.0	7814.0	854.023	1620.53
-31640.0	7814.0	852.843	1654.12
-31640.0	7814.0	851.662	1632.63
-31640.0	7814.0	850.481	1558.22
-31640.0	7814.0	849.3	1610.85
-31640.0	7814.0	848.119	1646.52
-31640.0	7814.0	846.937	1618.71
-31640.0	7814.0	845.756	1633.21
-31640.0	7814.0	844.574	1664.63
-31640.0	7814.0	843.392	1636.82
-31640.0	7814.0	842.209	1619.6
-31640.0	7814.0	841.027	1625.64
-31640.0	7814.0	839.844	1633.78
-31640.0	7814.0	838.661	1650.38
-31640.0	7814.0	837.477	1624.71
-31640.0	7814.0	836.294	1670.88
-31640.0	7814.0	835.11	1588.2
-31640.0	7814.0	833.926	1666.02
-31640.0	7814.0	832.742	1653.04
-31640.0	7814.0	831.558	1629.51
-31640.0	7814.0	830.373	1671.41
-31640.0	7814.0	829.188	1645.77
-31640.0	7814.0	828.003	1613.82
-31640.0	7814.0	826.818	1659.91
-31640.0	7814.0	825.632	1562.6
-31640.0	7814.0	824.446	1598.14
-31640.0	7814.0	823.26	1648.43
-31640.0	7814.0	822.074	1671.3
-31640.0	7814.0	820.888	1609.87
-31640.0	7814.0	819.701	1674.88
-31640.0	7814.0	818.514	1626.11
-31640.0	7814.0	817.327	1636.33
-31640.0	7814.0	816.14	1684.45
-31640.0	7814.0	814.952	1633.61
-31640.0	7814.0	813.765	1591.2
-31640.0	7814.0	812.577	1607.73
-31640.0	7814.0	811.388	1592.7
-31640.0	7814.0	810.2	1590.29
-31640.0	7814.0	809.011	1547.92
-31640.0	7814.0	807.822	1602.3
-31640.0	7814.0	806.633	1528.41
-31640.0	7814.0	805.444	1631.12
-31640.0	7814.0	804.254	1599.28
-31640.0	7814.0	803.064	1588.47
-31640.0	7814.0	801.874	1657.49
-31640.0	7814.0	800.684	1600.47
-31640.0	7814.0	799.493	1644.26
-31640.0	7814.0	798.303	1639.74
-31640.0	7814.0	797.112	1652.03
-31640.0	7814.0	795.921	1681.09
-31640.0	7814.0	794.729	1659.79
-31640.0	7814.0	793.538	1651.08
-31640.0	7814.0	792.346	1610.91
-31640.0	7814.0	791.154	1631.57
-31640.0	7814.0	789.961	1608.19
-31640.0	7814.0	788.769	1679.16
-31640.0	7814.0	787.576	1670.45
-31640.0	7814.0	786.383	1588.41
-31640.0	7814.0	785.19	1571.34
-31640.0	7814.0	783.996	1581.51
-31640.0	7814.0	782.802	1551.89
-31640.0	7814.0	781.608	1547.4
-31640.0	7814.0	780.414	1668.53
-31640.0	7814.0	779.22	1586.58
-31640.0	7814.0	778.025	1609.29
-31640.0	7814.0	776.83	1634.09
-31640.0	7814.0	775.635	1591.94
-31640.0	7814.0	774.44	1606.27
-31640.0	7814.0	773.244	1595.5
-31640.0	7814.0	772.049	1605.65
-31640.0	7814.0	770.853	1546.81
-31640.0	7814.0	769.656	1554.87
-31640.0	7814.0	768.46	1567.11
-31640.0	7814.0	767.263	1585.61
-31640.0	7814.0	766.066	1593.66
-31640.0	7814.0	764.869	1576.64
-31640.0	7814.0	763.672	1542.93
-31640.0	7814.0	762.474	1550.98
-31640.0	7814.0	761.276	1669.65
-31640.0	7814.0	760.078	1621.33
-31640.0	7814.0	758.88	1598.07
-31640.0	7814.0	757.681	1566.47
-31640.0	7814.0	756.483	1622.47
-31640.0	7814.0	755.284	1601.31
-31640.0	7814.0	754.084	1626.01
-31640.0	7814.0	752.885	1609.03
-31640.0	7814.0	751.685	1579.54
-31640.0	7814.0	750.485	1602.15
-31640.0	7814.0	749.285	1539.35
-31640.0	7814.0	748.085	1576.54
-31640.0	7814.0	746.884	1611.63
-31640.0	7814.0	745.683	1563.43
-31640.0	7814.0	744.482	1635.98
-31640.0	7814.0	743.281	1600.28
-31640.0	7814.0	742.079	1558.36
-31640.0	7814.0	740.877	1662.07
-31640.0	7814.0	739.675	1599.35
-31640.0	7814.0	738.473	1623.99
-31640.0	7814.0	737.27	1515.57
-31640.0	7814.0	736.068	1615.04
-31640.0	7814.0	734.865	1627.2
-31640.0	7814.0	733.661	1570.78
-31640.0	7814.0	732.458	1624.49
-31640.0	7814.0	731.254	1572.24
-31640.0	7814.0	730.05	1632.16
-31640.0	7814.0	728.846	1586.16
-31640.0	7814.0	727.642	1602.46
-31640.0	7814.0	726.437	1616.67
-31640.0	7814.0	725.232	1498.09
-31640.0	7814.0	724.027	1547.58
-31640.0	7814.0	722.822	1541.06
-31640.0	7814.0	721.616	1553.2
-31640.0	7814.0	720.41	1581.92
-31640.0	7814.0	719.204	1536.01
-31640.0	7814.0	717.998	1641.4
-31640.0	7814.0	716.791	1593.42
-31640.0	7814.0	715.585	1630.4
-31640.0	7814.0	714.378	1824.78
-31640.0	7814.0	713.17	1689.82
-31640.0	7814.0	711.963	1538.34
-31640.0	7814.0	710.755	1591.86
-31640.0	7814.0	709.547	1647.43
-31640.0	7814.0	708.339	1628.48
-31640.0	7814.0	707.131	1630.23
-31640.0	7814.0	705.922	1605.09
-31640.0	7814.0	704.713	1600.64
-31640.0	7814.0	703.504	1649.95
-31640.0	7814.0	702.295	1566.93
-31640.0	7814.0	701.085	1597.63
-31640.0	7814.0	699.875	1574.58
-31640.0	7814.0	698.665	1563.94
-31640.0	7814.0	697.455	1613.21
-31640.0	7814.0	696.244	1623.21
-31640.0	7814.0	695.034	1616.7
-31640.0	7814.0	693.822	1624.64
-31640.0	7814.0	692.611	1585.1
-31640.0	7814.0	691.4	1564.16
-31640.0	7814.0	690.188	1611.3
-31640.0	7814.0	688.976	1602.73
-31640.0	7814.0	687.764	1579.73
-31640.0	7814.0	686.551	1616.53
-31640.0	7814.0	685.339	1669.81
-31640.0	7814.0	684.126	1667.42
-31640.0	7814.0	682.912	1654.72
-31640.0	7814.0	681.699	1639.97
-31640.0	7814.0	680.485	1579.91
-31640.0	7814.0	679.271	1637.27
-31640.0	7814.0	678.057	1746.07
-31640.0	7814.0	676.843	1651.03
-31640.0	7814.0	675.628	1667.17
-31640.0	7814.0	674.413	1613.33
-31640.0	7814.0	673.198	1613.01
-31640.0	7814.0	671.983	1581.84
-31640.0	7814.0	670.767	1672.01
-31640.0	7814.0	669.551	1657.29
-31640.0	7814.0	668.335	1636.4
-31640.0	7814.0	667.119	1631.97
-31640.0	7814.0	665.902	1670.69
-31640.0	7814.0	664.686	1653.92
-31640.0	7814.0	663.469	1725.48
-31640.0	7814.0	662.251	1653.26
-31640.0	7814.0	661.034	1642.66
-31640.0	7814.0	659.816	1701.87
-31640.0	7814.0	658.598	1633.8
-31640.0	7814.0	657.38	1643.73
-31640.0	7814.0	656.161	1670.08
-31640.0	7814.0	654.942	1647.18
-31640.0	7814.0	653.723	1624.29
-31640.0	7814.0	652.504	1693.69
-31640.0	7814.0	651.285	1683.1
-31640.0	7814.0	650.065	1658.17
-31640.0	7814.0	648.845	1610.7
-31640.0	7814.0	647.625	1610.38
-31640.0	7814.0	646.404	1663.32
-31640.0	7814.0	645.184	1726.47
-31640.0	7814.0	643.963	1676.99
-31640.0	7814.0	642.742	1645.94
-31640.0	7814.0	641.52	1635.38
-31640.0	7814.0	640.298	1641.19
-31640.0	7814.0	639.076	1653.14
-31640.0	7814.0	637.854	1753.04
-31640.0	7814.0	636.632	1726.1
-31640.0	7814.0	635.409	1607.16
-31640.0	7814.0	634.186	1641.59
-31640.0	7814.0	632.963	1647.4
-31640.0	7814.0	631.74	1561.24
-31640.0	7814.0	630.516	1614.05
-31640.0	7814.0	629.292	1656.62
-31640.0	7814.0	628.068	1684.88
-31640.0	7814.0	626.844	1680.46
-31640.0	7814.0	625.619	1635.21
-31640.0	7814.0	624.394	1667.54
-31640.0	7814.0	623.169	1773.31
-31640.0	7814.0	621.944	1730.11
-31640.0	7814.0	620.718	1727.72
-31640.0	7814.0	619.492	1713.1
-31640.0	7814.0	618.266	1714.8
-31640.0	7814.0	617.04	1651.25
-31640.0	7814.0	615.813	1752.83
-31640.0	7814.0	614.587	1760.63
-31640.0	7814.0	613.36	1668.59
-31640.0	7814.0	612.132	1654.0
-31640.0	7814.0	610.905	1645.52
-31640.0	7814.0	609.677	1669.62
-31640.0	7814.0	608.449	1703.89
-31640.0	7814.0	607.22	1738.15
-31640.0	7814.0	605.992	1719.48
-31640.0	7814.0	604.763	1676.41
-31640.0	7814.0	603.534	1716.76
-31640.0	7814.0	602.305	1718.44
-31640.0	7814.0	601.075	1714.03
-31640.0	7814.0	599.845	1650.66
-31640.0	7814.0	598.615	1686.91
-31640.0	7814.0	597.385	1672.35
-31640.0	7814.0	596.154	1657.79
-31640.0	7814.0	594.924	1722.45
-31640.0	7814.0	593.693	1653.06
-31640.0	7814.0	592.461	1648.66
-31640.0	7814.0	591.23	1672.69
-31640.0	7814.0	589.998	1633.79
-31640.0	7814.0	588.766	1726.8
-31640.0	7814.0	587.534	1645.3
-31640.0	7814.0	586.301	1634.82
-31640.0	7814.0	585.068	1664.91
-31640.0	7814.0	583.835	1632.13
-31640.0	7814.0	582.602	1678.42
-31640.0	7814.0	581.368	1641.6
-31640.0	7814.0	580.134	1602.77
-31640.0	7814.0	578.9	1693.61
-31640.0	7814.0	577.666	1707.44
-31640.0	7814.0	576.432	1613.94
-31640.0	7814.0	575.197	1694.6
-31640.0	7814.0	573.962	1678.06
-31640.0	7814.0	572.726	1693.91
-31640.0	7814.0	571.491	1665.24
-31640.0	7814.0	570.255	1614.33
-31640.0	7814.0	569.019	1614.0
-31640.0	7814.0	567.783	1644.0
-31640.0	7814.0	566.546	1748.8
-31640.0	7814.0	565.309	1635.25
-31640.0	7814.0	564.072	1713.73
-31640.0	7814.0	562.835	1666.91
-31640.0	7814.0	561.597	1721.11
-31640.0	7814.0	560.359	1771.25
-31640.0	7814.0	559.121	1718.39
-31640.0	7814.0	557.883	1714.0
-31640.0	7814.0	556.644	1711.63
-31640.0	7814.0	555.406	1777.88
-31640.0	7814.0	554.167	1735.14
-31640.0	7814.0	552.927	1752.95
-31640.0	7814.0	551.688	1807.04
-31640.0	7814.0	550.448	1768.36
-31640.0	7814.0	549.208	1794.21
-31640.0	7814.0	547.967	1844.23
-31640.0	7814.0	546.727	1825.71
-31640.0	7814.0	545.486	1855.56
-31640.0	7814.0	544.245	1855.18
-31640.0	7814.0	543.003	1955.5
-31640.0	7814.0	541.762	1951.07
-31640.0	7814.0	540.52	2055.35
-31640.0	7814.0	539.278	1926.12
-31640.0	7814.0	538.035	2020.3
-31640.0	7814.0	536.793	2048.05
-31640.0	7814.0	535.55	2242.74
-31640.0	7814.0	534.307	2296.58
-31640.0	7814.0	533.063	2483.09
-31640.0	7814.0	531.82	2605.2
-31640.0	7814.0	530.576	2892.07
-31640.0	7814.0	529.331	3305.4
-31640.0	7814.0	528.087	3839.1
-31640.0	7814.0	526.842	4637.71
-31640.0	7814.0	525.597	5964.13
-31640.0	7814.0	524.352	7830.07
-31640.0	7814.0	523.107	10263.3
-31640.0	7814.0	521.861	13269.5
-31640.0	7814.0	520.615	14577.0
-31640.0	7814.0	519.369	13019.3
-31640.0	7814.0	518.122	11025.0
-31640.0	7814.0	516.876	9242.12
-31640.0	7814.0	515.629	7852.88
-31640.0	7814.0	514.381	6764.88
-31640.0	7814.0	513.134	5817.6
-31640.0	7814.0	511.886	5077.08
-31640.0	7814.0	510.638	4729.48
-31640.0	7814.0	509.39	4245.84
-31640.0	7814.0	508.141	4034.72
-31640.0	7814.0	506.892	3717.58
-31640.0	7814.0	505.643	3690.8
-31640.0	7814.0	504.394	3457.91
-31640.0	7814.0	503.145	3457.19
-31640.0	7814.0	501.895	3322.46
-31640.0	7814.0	500.645	3309.77
-31640.0	7814.0	499.394	3179.13
-31640.0	7814.0	498.144	3158.48
-31640.0	7814.0	496.893	3065.89
-31640.0	7814.0	495.642	3013.3
-31640.0	7814.0	494.39	2972.72
-31640.0	7814.0	493.139	2804.33
-31640.0	7814.0	491.887	2747.83
-31640.0	7814.0	490.635	2631.46
-31640.0	7814.0	489.382	2602.97
-31640.0	7814.0	488.13	2500.65
-31640.0	7814.0	486.877	2506.12
-31640.0	7814.0	485.623	2497.62
-31640.0	7814.0	484.37	2345.52
-31640.0	7814.0	483.116	2337.06
-31640.0	7814.0	481.862	2304.68
-31640.0	7814.0	480.608	2336.09
-31640.0	7814.0	479.354	2339.59
-31640.0	7814.0	478.099	2307.23
-31640.0	7814.0	476.844	2390.41
-31640.0	7814.0	475.588	2306.27
-31640.0	7814.0	474.333	2281.9
-31640.0	7814.0	473.077	2233.64
-31640.0	7814.0	471.821	2223.23
-31640.0	7814.0	470.565	2240.68
-31640.0	7814.0	469.308	2154.66
-31640.0	7814.0	468.051	2201.95
-31640.0	7814.0	466.794	2243.26
-31640.0	7814.0	465.537	2157.29
-31640.0	7814.0	464.279	2111.12
-31640.0	7814.0	463.021	2082.86
-31640.0	7814.0	461.763	2100.31
-31640.0	7814.0	460.505	2109.81
-31640.0	7814.0	459.246	2190.8
-31640.0	7814.0	457.987	2019.57
-31640.0	7814.0	456.728	2084.66
-31640.0	7814.0	455.469	2052.47
-31640.0	7814.0	454.209	1996.47
-31640.0	7814.0	452.949	2033.76
-31640.0	7814.0	451.689	2007.54
-31640.0	7814.0	450.428	2019.02
-31640.0	7814.0	449.167	2032.48
-31640.0	7814.0	447.906	1946.81
-31640.0	7814.0	446.645	2029.65
-31640.0	7814.0	445.383	1997.52
-31640.0	7814.0	444.122	2046.64
-31640.0	7814.0	442.86	1970.94
-31640.0	7814.0	441.597	2008.15
-31640.0	7814.0	440.335	2007.74
-31640.0	7814.0	439.072	2064.72
-31640.0	7814.0	437.809	2022.73
-31640.0	7814.0	436.545	2012.41
-31640.0	7814.0	435.281	2006.06
-31640.0	7814.0	434.018	2003.66
-31640.0	7814.0	432.753	2104.09
-31640.0	7814.0	431.489	2026.55
-31640.0	7814.0	430.224	2101.24
-31640.0	7814.0	428.959	2077.08
-31640.0	7814.0	427.694	1993.66
-31640.0	7814.0	426.428	2018.92
-31640.0	7814.0	425.163	2063.93
-31640.0	7814.0	423.896	1960.81
-31640.0	7814.0	422.63	1982.12
-31640.0	7814.0	421.364	2078.42
-31640.0	7814.0	420.097	2022.73
-31640.0	7814.0	418.83	2081.49
-31640.0	7814.0	417.562	2037.66
-31640.0	7814.0	416.295	2021.46
-31640.0	7814.0	415.027	1999.34
-31640.0	7814.0	413.758	1971.33
-31640.0	7814.0	412.49	1965.0
-31640.0	7814.0	411.221	2011.88
-31640.0	7814.0	409.952	2009.49
-31640.0	7814.0	408.683	2024.82
-31640.0	7814.0	407.414	1935.78
-31640.0	7814.0	406.144	1966.87
-31640.0	7814.0	404.874	1990.08
-31640.0	7814.0	403.603	1987.69
-31640.0	7814.0	402.333	1967.6
-31640.0	7814.0	401.062	1927.84
-31640.0	7814.0	399.791	1982.51
-31640.0	7814.0	398.519	1976.19
-31640.0	7814.0	397.248	2020.99
-31640.0	7814.0	395.976	1934.08
-31640.0	7814.0	394.704	1963.15
-31640.0	7814.0	393.431	1982.39
-31640.0	7814.0	392.159	1921.08
-31640.0	7814.0	390.886	2020.83
-31640.0	7814.0	389.612	1994.88
-31640.0	7814.0	388.339	1968.94
-31640.0	7814.0	387.065	1978.34
-31640.0	7814.0	385.791	2068.18
-31640.0	7814.0	384.517	2010.85
-31640.0	7814.0	383.242	1945.7
-31640.0	7814.0	381.967	2008.04
-31640.0	7814.0	380.692	2040.95
-31640.0	7814.0	379.417	1997.4
-31640.0	7814.0	378.141	1995.02
-31640.0	7814.0	376.865	2071.01
-31640.0	7814.0	375.589	2007.89
-31640.0	7814.0	374.312	1923.25
-31640.0	7814.0	373.035	2061.86
-31640.0	7814.0	371.758	2012.49
-31640.0	7814.0	370.481	2002.28
-31640.0	7814.0	369.204	1954.89
-31640.0	7814.0	367.926	2030.78
-31640.0	7814.0	366.648	1965.8
-31640.0	7814.0	365.369	2004.49
-31640.0	7814.0	364.091	1984.52
-31640.0	7814.0	362.812	2015.37
-31640.0	7814.0	361.532	2079.44
-31640.0	7814.0	360.253	1994.98
-31640.0	7814.0	358.973	1963.3
-31640.0	7814.0	357.693	1976.56
-31640.0	7814.0	356.413	2005.43
-31640.0	7814.0	355.132	1983.53
-31640.0	7814.0	353.852	2049.48
-31640.0	7814.0	352.571	2047.09
-31640.0	7814.0	351.289	2005.68
-31640.0	7814.0	350.008	2073.53
-31640.0	7814.0	348.726	1973.63
-31640.0	7814.0	347.444	2092.15
-31640.0	7814.0	346.161	2050.77
-31640.0	7814.0	344.878	2083.47
-31640.0	7814.0	343.595	2049.9
-31640.0	7814.0	342.312	2067.0
-31640.0	7814.0	341.029	2074.35
-31640.0	7814.0	339.745	2060.28
-31640.0	7814.0	338.461	2083.21
-31640.0	7814.0	337.176	2176.2
-31640.0	7814.0	335.892	2111.51
-31640.0	7814.0	334.607	2109.12
-31640.0	7814.0	333.322	2110.62
-31640.0	7814.0	332.036	2172.4
-31640.0	7814.0	330.75	2140.83
-31640.0	7814.0	329.464	2183.15
-31640.0	7814.0	328.178	2106.88
-31640.0	7814.0	326.892	2116.15
-31640.0	7814.0	325.605	2150.67
-31640.0	7814.0	324.318	2177.41
-31640.0	7814.0	323.03	2231.32
-31640.0	7814.0	321.743	2184.25
-31640.0	7814.0	320.455	2191.55
-31640.0	7814.0	319.167	2154.21
-31640.0	7814.0	317.878	2178.97
-31640.0	7814.0	316.59	2170.75
-31640.0	7814.0	315.301	2199.38
-31640.0	7814.0	314.011	2164.01
-31640.0	7814.0	312.722	2212.01
-31640.0	7814.0	311.432	2190.22
-31640.0	7814.0	310.142	2174.25
-31640.0	7814.0	308.851	2150.54
-31640.0	7814.0	307.561	2332.16
-31640.0	7814.0	306.27	2290.99
-31640.0	7814.0	304.979	2249.85
-31640.0	7814.0	303.687	2320.99
-31640.0	7814.0	302.395	2341.79
-31640.0	7814.0	301.103	2321.94
-31640.0	7814.0	299.811	2367.87
-31640.0	7814.0	298.519	2284.2
-31640.0	7814.0	297.226	2291.45
-31640.0	7814.0	295.933	2364.42
-31640.0	7814.0	294.639	2334.92
-31640.0	7814.0	293.345	2218.48
-31640.0	7814.0	292.052	2266.31
-31640.0	7814.0	290.757	2232.98
-31640.0	7814.0	289.463	2274.99
-31640.0	7814.0	288.168	2230.1
-31640.0	7814.0	286.873	2247.0
-31640.0	7814.0	285.578	2260.03
-31640.0	7814.0	284.282	2267.26
-31640.0	7814.0	282.986	2303.43
-31640.0	7814.0	281.69	2216.15
-31640.0	7814.0	280.393	2215.67
-31640.0	7814.0	279.097	2184.35
-31640.0	7814.0	277.8	2143.41
-31640.0	7814.0	276.502	2177.64
-31640.0	7814.0	275.205	2213.78
-31640.0	7814.0	273.907	2157.44
-31640.0	7814.0	272.609	2141.58
-31640.0	7814.0	271.311	2154.6
-31640.0	7814.0	270.012	2161.84
-31640.0	7814.0	268.713	2068.99
-31640.0	7814.0	267.414	2085.87
-31640.0	7814.0	266.114	2112.35
-31640.0	7814.0	264.814	2171.53
-31640.0	7814.0	263.514	2144.14
-31640.0	7814.0	262.214	2066.78
-31640.0	7814.0	260.913	2081.71
-31640.0	7814.0	259.613	2092.8
-31640.0	7814.0	258.311	2134.62
-31640.0	7814.0	257.01	2038.11
-31640.0	7814.0	255.708	2066.49
-31640.0	7814.0	254.406	2085.24
-31640.0	7814.0	253.104	2069.44
-31640.0	7814.0	251.801	2036.37
-31640.0	7814.0	250.499	2049.36
-31640.0	7814.0	249.195	1964.51
-31640.0	7814.0	247.892	2084.93
-31640.0	7814.0	246.588	2051.88
-31640.0	7814.0	245.284	2062.95
-31640.0	7814.0	243.98	2035.67
-31640.0	7814.0	242.676	2014.15
-31640.0	7814.0	241.371	2015.63
-31640.0	7814.0	240.066	2065.01
-31640.0	7814.0	238.76	2026.26
-31640.0	7814.0	237.455	2043.06
-31640.0	7814.0	236.149	2084.74
-31640.0	7814.0	234.843	2057.49
-31640.0	7814.0	233.536	1961.38
-31640.0	7814.0	232.229	2004.96
-31640.0	7814.0	230.922	2021.74
-31640.0	7814.0	229.615	1990.71
-31640.0	7814.0	228.307	2034.26
-31640.0	7814.0	227.0	2026.17
-31640.0	7814.0	225.691	2014.27
-31640.0	7814.0	224.383	1937.41
-31640.0	7814.0	223.074	1984.75
-31640.0	7814.0	221.765	1906.02
-31640.0	7814.0	220.456	1922.8
-31640.0	7814.0	219.146	1909.02
-31640.0	7814.0	217.836	1973.5
-31640.0	7814.0	216.526	1967.36
-31640.0	7814.0	215.216	1989.83
-31640.0	7814.0	213.905	1993.21
-31640.0	7814.0	212.594	1901.25
-31640.0	7814.0	211.283	1927.53
-31640.0	7814.0	209.971	1953.81
-31640.0	7814.0	208.66	1953.39
-31640.0	7814.0	207.348	1912.95
-31640.0	7814.0	206.035	1979.21
-31640.0	7814.0	204.722	2039.73
-31640.0	7814.0	203.409	1999.31
-31640.0	7814.0	202.096	1915.12
-31640.0	7814.0	200.783	1950.87
-31640.0	7814.0	199.469	1897.17
-31640.0	7814.0	198.155	2010.91
-31640.0	7814.0	196.84	1991.45
-31640.0	7814.0	195.526	1962.5
-31640.0	7814.0	194.211	1944.97
-31640.0	7814.0	192.896	1967.36
-31640.0	7814.0	191.58	2191.18
-31640.0	7814.0	190.264	2095.71
-31640.0	7814.0	188.948	2007.88
-31640.0	7814.0	187.632	1984.66
-31640.0	7814.0	186.315	2014.61
-31640.0	7814.0	184.998	2012.28
-31640.0	7814.0	183.681	1983.37
-31640.0	7814.0	182.364	1975.36
-31640.0	7814.0	181.046	2103.94
-31640.0	7814.0	179.728	2078.83
-31640.0	7814.0	178.41	2038.55
-31640.0	7814.0	177.091	2110.16
-31640.0	7814.0	175.772	2014.93
-31640.0	7814.0	174.453	2078.93
-31640.0	7814.0	173.133	2072.8
-31640.0	7814.0	171.814	2115.92
-31640.0	7814.0	170.494	2092.74
-31640.0	7814.0	169.173	2077.14
-31640.0	7814.0	167.853	2071.01
-31640.0	7814.0	166.532	2093.28
-31640.0	7814.0	165.211	2153.38
-31640.0	7814.0	163.889	2128.32
-31640.0	7814.0	162.567	2042.75
-31640.0	7814.0	161.245	2100.93
-31640.0	7814.0	159.923	2083.46
-31640.0	7814.0	158.6	2105.69
-31640.0	7814.0	157.278	2135.47
-31640.0	7814.0	155.954	2140.68
-31640.0	7814.0	154.631	2204.45
-31640.0	7814.0	153.307	2098.21
-31640.0	7814.0	151.983	2194.05
-31640.0	7814.0	150.659	2080.32
-31640.0	7814.0	149.334	2196.88
-31640.0	7814.0	148.009	2175.65
-31640.0	7814.0	146.684	2212.91
-31640.0	7814.0	145.359	2180.37
-31640.0	7814.0	144.033	2210.07
-31640.0	7814.0	142.707	2130.41
-31640.0	7814.0	141.381	2171.42
-31640.0	7814.0	140.054	2110.65
-31640.0	7814.0	138.727	2213.82
-31640.0	7814.0	137.4	2058.88
-31640.0	7814.0	136.072	2171.43
-31640.0	7814.0	134.745	2167.2
-31640.0	7814.0	133.417	2202.49
-31640.0	7814.0	132.088	2230.25
-31640.0	7814.0	130.76	2143.21
-31640.0	7814.0	129.431	2176.61
-31640.0	7814.0	128.102	2155.45
-31640.0	7814.0	126.772	2139.94
-31640.0	7814.0	125.442	2203.4
-31640.0	7814.0	124.112	2157.82
-31640.0	7814.0	122.782	2161.11
-31640.0	7814.0	121.451	2115.55
-31640.0	7814.0	120.12	2130.12
-31640.0	7814.0	118.789	2140.93
-31640.0	7814.0	117.458	2142.34
-31640.0	7814.0	116.126	2149.39
-31640.0	7814.0	114.794	2145.17
-31640.0	7814.0	113.462	2116.56
-31640.0	7814.0	112.129	2163.01
-31640.0	7814.0	110.796	2138.16
-31640.0	7814.0	109.463	2088.94
-31640.0	7814.0	108.129	2105.36
-31640.0	7814.0	106.796	2041.18
-31640.0	7814.0	105.461	2018.25
-31640.0	7814.0	104.127	2038.42
-31640.0	7814.0	102.792	2000.52
-31640.0	7814.0	101.457	1925.18
-31640.0	7814.0	100.122	1894.81
-31640.0	7814.0	98.7867	1886.91
-31640.0	7814.0	97.4509	1963.23
-31640.0	7814.0	96.1148	1901.06
-31640.0	7814.0	94.7784	1928.71
-31640.0	7814.0	93.4418	1831.04
-31640.0	7814.0	92.1048	1836.25
-31640.0	7814.0	90.7676	1802.2
-31640.0	7814.0	89.43	1736.4
-31640.0	7814.0	88.0922	1745.37
-31640.0	7814.0	86.7541	1789.83
-31640.0	7814.0	85.4157	1776.37
