-31636.0	7832.0	1311.89	2026.06
-31636.0	7832.0	1310.78	1993.94
-31636.0	7832.0	1309.68	1955.02
-31636.0	7832.0	1308.58	1954.71
-31636.0	7832.0	1307.48	2004.33
-31636.0	7832.0	1306.38	1960.89
-31636.0	7832.0	1305.28	2053.61
-31636.0	7832.0	1304.18	1955.72
-31636.0	7832.0	1303.07	2000.78
-31636.0	7832.0	1301.97	1952.83
-31636.0	7832.0	1300.87	1968.39
-31636.0	7832.0	1299.77	1983.95
-31636.0	7832.0	1298.66	1933.75
-31636.0	7832.0	1297.56	1978.78
-31636.0	7832.0	1296.46	1973.93
-31636.0	7832.0	1295.35	1953.22
-31636.0	7832.0	1294.25	1943.84
-31636.0	7832.0	1293.15	1959.38
-31636.0	7832.0	1292.04	1897.92
-31636.0	7832.0	1290.94	1988.19
-31636.0	7832.0	1289.83	1956.17
-31636.0	7832.0	1288.73	1958.12
-31636.0	7832.0	1287.63	1973.65
-31636.0	7832.0	1286.52	1957.49
-31636.0	7832.0	1285.42	1839.52
-31636.0	7832.0	1284.31	2004.37
-31636.0	7832.0	1283.21	1895.47
-31636.0	7832.0	1282.1	2005.98
-31636.0	7832.0	1280.99	1967.22
-31636.0	7832.0	1279.89	1944.29
-31636.0	7832.0	1278.78	1941.72
-31636.0	7832.0	1277.68	1934.63
-31636.0	7832.0	1276.57	1875.56
-31636.0	7832.0	1275.46	1956.59
-31636.0	7832.0	1274.36	1981.13
-31636.0	7832.0	1273.25	1944.67
-31636.0	7832.0	1272.14	1928.54
-31636.0	7832.0	1271.04	1892.11
-31636.0	7832.0	1269.93	2022.73
-31636.0	7832.0	1268.82	1990.81
-31636.0	7832.0	1267.71	1877.64
-31636.0	7832.0	1266.61	1940.52
-31636.0	7832.0	1265.5	1906.36
-31636.0	7832.0	1264.39	1935.38
-31636.0	7832.0	1263.28	1912.51
-31636.0	7832.0	1262.17	1923.47
-31636.0	7832.0	1261.06	1954.73
-31636.0	7832.0	1259.95	1945.39
-31636.0	7832.0	1258.84	1900.0
-31636.0	7832.0	1257.74	1922.22
-31636.0	7832.0	1256.63	1906.14
-31636.0	7832.0	1255.52	1950.88
-31636.0	7832.0	1254.41	1876.24
-31636.0	7832.0	1253.3	1957.0
-31636.0	7832.0	1252.19	1936.42
-31636.0	7832.0	1251.08	1960.87
-31636.0	7832.0	1249.96	1897.52
-31636.0	7832.0	1248.85	1858.95
-31636.0	7832.0	1247.74	1950.91
-31636.0	7832.0	1246.63	1912.34
-31636.0	7832.0	1245.52	1858.04
-31636.0	7832.0	1244.41	1826.25
-31636.0	7832.0	1243.3	1832.7
-31636.0	7832.0	1242.18	1971.79
-31636.0	7832.0	1241.07	1975.97
-31636.0	7832.0	1239.96	1946.43
-31636.0	7832.0	1238.85	1894.42
-31636.0	7832.0	1237.74	1905.34
-31636.0	7832.0	1236.62	1833.14
-31636.0	7832.0	1235.51	1871.03
-31636.0	7832.0	1234.4	1888.69
-31636.0	7832.0	1233.28	1841.22
-31636.0	7832.0	1232.17	1908.27
-31636.0	7832.0	1231.06	1809.19
-31636.0	7832.0	1229.94	1849.29
-31636.0	7832.0	1228.83	1889.38
-31636.0	7832.0	1227.71	1832.98
-31636.0	7832.0	1226.6	1823.7
-31636.0	7832.0	1225.48	1825.65
-31636.0	7832.0	1224.37	1867.95
-31636.0	7832.0	1223.25	1854.19
-31636.0	7832.0	1222.14	1921.14
-31636.0	7832.0	1221.02	1858.06
-31636.0	7832.0	1219.91	1947.39
-31636.0	7832.0	1218.79	1810.4
-31636.0	7832.0	1217.68	1796.66
-31636.0	7832.0	1216.56	1794.12
-31636.0	7832.0	1215.44	1892.36
-31636.0	7832.0	1214.33	1851.74
-31636.0	7832.0	1213.21	1846.96
-31636.0	7832.0	1212.09	1844.42
-31636.0	7832.0	1210.98	1855.3
-31636.0	7832.0	1209.86	1884.08
-31636.0	7832.0	1208.74	1816.65
-31636.0	7832.0	1207.62	1932.67
-31636.0	7832.0	1206.51	1809.34
-31636.0	7832.0	1205.39	1858.24
-31636.0	7832.0	1204.27	1799.8
-31636.0	7832.0	1203.15	1824.09
-31636.0	7832.0	1202.03	1888.6
-31636.0	7832.0	1200.91	1859.24
-31636.0	7832.0	1199.8	1879.04
-31636.0	7832.0	1198.68	1820.64
-31636.0	7832.0	1197.56	1856.08
-31636.0	7832.0	1196.44	1779.84
-31636.0	7832.0	1195.32	1754.98
-31636.0	7832.0	1194.2	1810.5
-31636.0	7832.0	1193.08	1832.52
-31636.0	7832.0	1191.96	1838.91
-31636.0	7832.0	1190.84	1874.3
-31636.0	7832.0	1189.72	1836.06
-31636.0	7832.0	1188.6	1844.68
-31636.0	7832.0	1187.48	1864.44
-31636.0	7832.0	1186.35	1899.81
-31636.0	7832.0	1185.23	1850.44
-31636.0	7832.0	1184.11	1825.61
-31636.0	7832.0	1182.99	1863.2
-31636.0	7832.0	1181.87	1811.63
-31636.0	7832.0	1180.75	1873.71
-31636.0	7832.0	1179.62	1886.77
-31636.0	7832.0	1178.5	1795.13
-31636.0	7832.0	1177.38	1810.42
-31636.0	7832.0	1176.26	1861.33
-31636.0	7832.0	1175.13	1827.62
-31636.0	7832.0	1174.01	1816.19
-31636.0	7832.0	1172.89	1806.98
-31636.0	7832.0	1171.76	1793.33
-31636.0	7832.0	1170.64	1859.76
-31636.0	7832.0	1169.51	1790.5
-31636.0	7832.0	1168.39	1861.36
-31636.0	7832.0	1167.27	1816.58
-31636.0	7832.0	1166.14	1831.84
-31636.0	7832.0	1165.02	1787.07
-31636.0	7832.0	1163.89	1851.22
-31636.0	7832.0	1162.77	1826.47
-31636.0	7832.0	1161.64	1772.84
-31636.0	7832.0	1160.52	1850.28
-31636.0	7832.0	1159.39	1876.62
-31636.0	7832.0	1158.26	1803.03
-31636.0	7832.0	1157.14	1751.66
-31636.0	7832.0	1156.01	1806.86
-31636.0	7832.0	1154.88	1862.04
-31636.0	7832.0	1153.76	1812.91
-31636.0	7832.0	1152.63	1817.04
-31636.0	7832.0	1151.5	1834.47
-31636.0	7832.0	1150.38	1785.37
-31636.0	7832.0	1149.25	1725.2
-31636.0	7832.0	1148.12	1802.5
-31636.0	7832.0	1146.99	1751.21
-31636.0	7832.0	1145.87	1742.05
-31636.0	7832.0	1144.74	1810.45
-31636.0	7832.0	1143.61	1819.01
-31636.0	7832.0	1142.48	1785.47
-31636.0	7832.0	1141.35	1782.95
-31636.0	7832.0	1140.22	1864.58
-31636.0	7832.0	1139.09	1777.92
-31636.0	7832.0	1137.97	1828.53
-31636.0	7832.0	1136.84	1854.78
-31636.0	7832.0	1135.71	1790.29
-31636.0	7832.0	1134.58	1840.87
-31636.0	7832.0	1133.45	1736.58
-31636.0	7832.0	1132.32	1767.25
-31636.0	7832.0	1131.19	1789.07
-31636.0	7832.0	1130.05	1737.91
-31636.0	7832.0	1128.92	1781.83
-31636.0	7832.0	1127.79	1774.89
-31636.0	7832.0	1126.66	1792.27
-31636.0	7832.0	1125.53	1769.86
-31636.0	7832.0	1124.4	1785.03
-31636.0	7832.0	1123.27	1760.42
-31636.0	7832.0	1122.13	1715.95
-31636.0	7832.0	1121.0	1801.78
-31636.0	7832.0	1119.87	1697.71
-31636.0	7832.0	1118.74	1759.22
-31636.0	7832.0	1117.6	1789.81
-31636.0	7832.0	1116.47	1688.01
-31636.0	7832.0	1115.34	1820.09
-31636.0	7832.0	1114.2	1857.27
-31636.0	7832.0	1113.07	1757.71
-31636.0	7832.0	1111.94	1766.23
-31636.0	7832.0	1110.8	1827.66
-31636.0	7832.0	1109.67	1792.07
-31636.0	7832.0	1108.54	1763.12
-31636.0	7832.0	1107.4	1731.96
-31636.0	7832.0	1106.27	1685.4
-31636.0	7832.0	1105.13	1707.14
-31636.0	7832.0	1104.0	1755.3
-31636.0	7832.0	1102.86	1746.19
-31636.0	7832.0	1101.72	1737.08
-31636.0	7832.0	1100.59	1741.18
-31636.0	7832.0	1099.45	1740.88
-31636.0	7832.0	1098.32	1782.39
-31636.0	7832.0	1097.18	1746.88
-31636.0	7832.0	1096.04	1832.37
-31636.0	7832.0	1094.91	1763.87
-31636.0	7832.0	1093.77	1822.94
-31636.0	7832.0	1092.63	1840.21
-31636.0	7832.0	1091.5	1767.35
-31636.0	7832.0	1090.36	1751.66
-31636.0	7832.0	1089.22	1795.31
-31636.0	7832.0	1088.08	1702.72
-31636.0	7832.0	1086.95	1711.21
-31636.0	7832.0	1085.81	1704.33
-31636.0	7832.0	1084.67	1763.32
-31636.0	7832.0	1083.53	1828.88
-31636.0	7832.0	1082.39	1703.44
-31636.0	7832.0	1081.25	1668.03
-31636.0	7832.0	1080.11	1678.71
-31636.0	7832.0	1078.97	1783.73
-31636.0	7832.0	1077.83	1765.87
-31636.0	7832.0	1076.69	1780.92
-31636.0	7832.0	1075.55	1767.45
-31636.0	7832.0	1074.41	1775.91
-31636.0	7832.0	1073.27	1720.8
-31636.0	7832.0	1072.13	1746.8
-31636.0	7832.0	1070.99	1735.54
-31636.0	7832.0	1069.85	1654.17
-31636.0	7832.0	1068.71	1673.6
-31636.0	7832.0	1067.57	1714.92
-31636.0	7832.0	1066.43	1677.39
-31636.0	7832.0	1065.28	1731.84
-31636.0	7832.0	1064.14	1707.46
-31636.0	7832.0	1063.0	1683.08
-31636.0	7832.0	1061.86	1671.85
-31636.0	7832.0	1060.71	1765.63
-31636.0	7832.0	1059.57	1756.57
-31636.0	7832.0	1058.43	1736.58
-31636.0	7832.0	1057.29	1731.9
-31636.0	7832.0	1056.14	1790.63
-31636.0	7832.0	1055.0	1809.99
-31636.0	7832.0	1053.85	1761.59
-31636.0	7832.0	1052.71	1704.47
-31636.0	7832.0	1051.57	1730.39
-31636.0	7832.0	1050.42	1723.53
-31636.0	7832.0	1049.28	1714.49
-31636.0	7832.0	1048.13	1746.94
-31636.0	7832.0	1046.99	1764.1
-31636.0	7832.0	1045.84	1731.05
-31636.0	7832.0	1044.7	1750.39
-31636.0	7832.0	1043.55	1793.72
-31636.0	7832.0	1042.4	1751.95
-31636.0	7832.0	1041.26	1764.73
-31636.0	7832.0	1040.11	1768.78
-31636.0	7832.0	1038.97	1718.32
-31636.0	7832.0	1037.82	1713.65
-31636.0	7832.0	1036.67	1785.29
-31636.0	7832.0	1035.53	1813.3
-31636.0	7832.0	1034.38	1767.22
-31636.0	7832.0	1033.23	1736.41
-31636.0	7832.0	1032.08	1777.49
-31636.0	7832.0	1030.94	1733.62
-31636.0	7832.0	1029.79	1742.02
-31636.0	7832.0	1028.64	1813.56
-31636.0	7832.0	1027.49	1761.0
-31636.0	7832.0	1026.34	1802.04
-31636.0	7832.0	1025.19	1825.65
-31636.0	7832.0	1024.04	1831.85
-31636.0	7832.0	1022.89	1820.65
-31636.0	7832.0	1021.74	1818.16
-31636.0	7832.0	1020.59	1846.1
-31636.0	7832.0	1019.45	1821.86
-31636.0	7832.0	1018.29	1832.4
-31636.0	7832.0	1017.14	1884.24
-31636.0	7832.0	1015.99	1862.17
-31636.0	7832.0	1014.84	1916.15
-31636.0	7832.0	1013.69	1885.4
-31636.0	7832.0	1012.54	1882.9
-31636.0	7832.0	1011.39	1925.99
-31636.0	7832.0	1010.24	1947.35
-31636.0	7832.0	1009.09	1888.4
-31636.0	7832.0	1007.93	1896.75
-31636.0	7832.0	1006.78	1944.14
-31636.0	7832.0	1005.63	1978.51
-31636.0	7832.0	1004.48	1989.0
-31636.0	7832.0	1003.32	2001.66
-31636.0	7832.0	1002.17	1944.92
-31636.0	7832.0	1001.02	2018.28
-31636.0	7832.0	999.865	1996.25
-31636.0	7832.0	998.711	1976.39
-31636.0	7832.0	997.558	2056.2
-31636.0	7832.0	996.403	1988.68
-31636.0	7832.0	995.249	2048.97
-31636.0	7832.0	994.095	2039.94
-31636.0	7832.0	992.94	2197.63
-31636.0	7832.0	991.785	2156.1
-31636.0	7832.0	990.63	2125.42
-31636.0	7832.0	989.475	2211.59
-31636.0	7832.0	988.319	2241.49
-31636.0	7832.0	987.164	2269.21
-31636.0	7832.0	986.008	2238.52
-31636.0	7832.0	984.852	2279.2
-31636.0	7832.0	983.695	2365.27
-31636.0	7832.0	982.539	2256.77
-31636.0	7832.0	981.382	2392.52
-31636.0	7832.0	980.225	2232.18
-31636.0	7832.0	979.068	2305.24
-31636.0	7832.0	977.911	2289.7
-31636.0	7832.0	976.753	2295.77
-31636.0	7832.0	975.595	2312.63
-31636.0	7832.0	974.437	2342.44
-31636.0	7832.0	973.279	2307.48
-31636.0	7832.0	972.121	2332.96
-31636.0	7832.0	970.962	2349.8
-31636.0	7832.0	969.803	2321.33
-31636.0	7832.0	968.644	2320.91
-31636.0	7832.0	967.485	2309.71
-31636.0	7832.0	966.326	2363.19
-31636.0	7832.0	965.166	2343.36
-31636.0	7832.0	964.006	2364.49
-31636.0	7832.0	962.846	2370.53
-31636.0	7832.0	961.686	2387.34
-31636.0	7832.0	960.525	2367.52
-31636.0	7832.0	959.365	2289.55
-31636.0	7832.0	958.204	2388.19
-31636.0	7832.0	957.043	2376.99
-31636.0	7832.0	955.881	2232.33
-31636.0	7832.0	954.72	2341.69
-31636.0	7832.0	953.558	2336.96
-31636.0	7832.0	952.396	2368.81
-31636.0	7832.0	951.234	2327.51
-31636.0	7832.0	950.071	2281.92
-31636.0	7832.0	948.909	2365.37
-31636.0	7832.0	947.746	2330.54
-31636.0	7832.0	946.583	2364.51
-31636.0	7832.0	945.42	2411.36
-31636.0	7832.0	944.256	2290.59
-31636.0	7832.0	943.092	2305.21
-31636.0	7832.0	941.929	2289.75
-31636.0	7832.0	940.765	2338.73
-31636.0	7832.0	939.6	2256.71
-31636.0	7832.0	938.436	2344.31
-31636.0	7832.0	937.271	2204.37
-31636.0	7832.0	936.106	2212.55
-31636.0	7832.0	934.941	2225.02
-31636.0	7832.0	933.775	2196.72
-31636.0	7832.0	932.61	2089.08
-31636.0	7832.0	931.444	2101.56
-31636.0	7832.0	930.278	2094.75
-31636.0	7832.0	929.112	1982.89
-31636.0	7832.0	927.945	2008.25
-31636.0	7832.0	926.779	1954.31
-31636.0	7832.0	925.612	1986.09
-31636.0	7832.0	924.445	1960.02
-31636.0	7832.0	923.278	1938.24
-31636.0	7832.0	922.11	1822.25
-31636.0	7832.0	920.942	1776.96
-31636.0	7832.0	919.774	1967.14
-31636.0	7832.0	918.606	1861.91
-31636.0	7832.0	917.438	1865.85
-31636.0	7832.0	916.269	1846.25
-31636.0	7832.0	915.1	1815.96
-31636.0	7832.0	913.931	1843.43
-31636.0	7832.0	912.762	1740.46
-31636.0	7832.0	911.593	1770.07
-31636.0	7832.0	910.423	1712.03
-31636.0	7832.0	909.253	1733.09
-31636.0	7832.0	908.083	1766.95
-31636.0	7832.0	906.913	1755.94
-31636.0	7832.0	905.742	1757.76
-31636.0	7832.0	904.572	1733.94
-31636.0	7832.0	903.401	1678.11
-31636.0	7832.0	902.229	1731.17
-31636.0	7832.0	901.058	1762.86
-31636.0	7832.0	899.886	1683.58
-31636.0	7832.0	898.715	1696.07
-31636.0	7832.0	897.543	1663.76
-31636.0	7832.0	896.37	1714.63
-31636.0	7832.0	895.198	1746.3
-31636.0	7832.0	894.025	1722.53
-31636.0	7832.0	892.852	1730.73
-31636.0	7832.0	891.679	1760.25
-31636.0	7832.0	890.506	1700.26
-31636.0	7832.0	889.332	1731.9
-31636.0	7832.0	888.158	1759.26
-31636.0	7832.0	886.984	1680.15
-31636.0	7832.0	885.81	1684.09
-31636.0	7832.0	884.636	1673.14
-31636.0	7832.0	883.461	1664.31
-31636.0	7832.0	882.286	1710.82
-31636.0	7832.0	881.111	1663.69
-31636.0	7832.0	879.936	1680.4
-31636.0	7832.0	878.76	1635.43
-31636.0	7832.0	877.584	1607.48
-31636.0	7832.0	876.408	1683.71
-31636.0	7832.0	875.232	1689.77
-31636.0	7832.0	874.056	1676.71
-31636.0	7832.0	872.879	1648.77
-31636.0	7832.0	871.702	1652.71
-31636.0	7832.0	870.525	1665.15
-31636.0	7832.0	869.348	1683.95
-31636.0	7832.0	868.17	1660.28
-31636.0	7832.0	866.993	1683.32
-31636.0	7832.0	865.815	1714.84
-31636.0	7832.0	864.637	1697.54
-31636.0	7832.0	863.458	1578.42
-31636.0	7832.0	862.28	1565.39
-31636.0	7832.0	861.101	1654.17
-31636.0	7832.0	859.922	1664.46
-31636.0	7832.0	858.742	1600.55
-31636.0	7832.0	857.563	1665.96
-31636.0	7832.0	856.383	1627.5
-31636.0	7832.0	855.203	1618.72
-31636.0	7832.0	854.023	1605.71
-31636.0	7832.0	852.843	1673.18
-31636.0	7832.0	851.662	1643.22
-31636.0	7832.0	850.481	1661.96
-31636.0	7832.0	849.3	1615.08
-31636.0	7832.0	848.119	1642.29
-31636.0	7832.0	846.937	1656.79
-31636.0	7832.0	845.756	1595.13
-31636.0	7832.0	844.574	1626.56
-31636.0	7832.0	843.392	1645.28
-31636.0	7832.0	842.209	1632.29
-31636.0	7832.0	841.027	1676.37
-31636.0	7832.0	839.844	1602.08
-31636.0	7832.0	838.661	1599.66
-31636.0	7832.0	837.477	1620.49
-31636.0	7832.0	836.294	1624.41
-31636.0	7832.0	835.11	1672.68
-31636.0	7832.0	833.926	1680.81
-31636.0	7832.0	832.742	1623.49
-31636.0	7832.0	831.558	1659.06
-31636.0	7832.0	830.373	1671.41
-31636.0	7832.0	829.188	1567.7
-31636.0	7832.0	828.003	1641.24
-31636.0	7832.0	826.818	1689.44
-31636.0	7832.0	825.632	1661.71
-31636.0	7832.0	824.446	1652.96
-31636.0	7832.0	823.26	1696.91
-31636.0	7832.0	822.074	1656.55
-31636.0	7832.0	820.888	1649.91
-31636.0	7832.0	819.701	1723.33
-31636.0	7832.0	818.514	1689.3
-31636.0	7832.0	817.327	1716.36
-31636.0	7832.0	816.14	1627.6
-31636.0	7832.0	814.952	1677.81
-31636.0	7832.0	813.765	1597.51
-31636.0	7832.0	812.577	1557.23
-31636.0	7832.0	811.388	1565.35
-31636.0	7832.0	810.2	1586.08
-31636.0	7832.0	809.011	1634.15
-31636.0	7832.0	807.822	1692.72
-31636.0	7832.0	806.633	1608.3
-31636.0	7832.0	805.444	1647.93
-31636.0	7832.0	804.254	1559.35
-31636.0	7832.0	803.064	1615.79
-31636.0	7832.0	801.874	1615.48
-31636.0	7832.0	800.684	1594.16
-31636.0	7832.0	799.493	1579.16
-31636.0	7832.0	798.303	1654.44
-31636.0	7832.0	797.112	1622.64
-31636.0	7832.0	795.921	1586.65
-31636.0	7832.0	794.729	1594.74
-31636.0	7832.0	793.538	1640.59
-31636.0	7832.0	792.346	1547.98
-31636.0	7832.0	791.154	1589.63
-31636.0	7832.0	789.961	1608.19
-31636.0	7832.0	788.769	1622.56
-31636.0	7832.0	787.576	1595.0
-31636.0	7832.0	786.383	1573.74
-31636.0	7832.0	785.19	1512.68
-31636.0	7832.0	783.996	1594.08
-31636.0	7832.0	782.802	1551.89
-31636.0	7832.0	781.608	1629.06
-31636.0	7832.0	780.414	1626.66
-31636.0	7832.0	779.22	1590.76
-31636.0	7832.0	778.025	1619.75
-31636.0	7832.0	776.83	1539.93
-31636.0	7832.0	775.635	1633.77
-31636.0	7832.0	774.44	1618.82
-31636.0	7832.0	773.244	1608.05
-31636.0	7832.0	772.049	1626.56
-31636.0	7832.0	770.853	1605.34
-31636.0	7832.0	769.656	1579.95
-31636.0	7832.0	768.46	1550.39
-31636.0	7832.0	767.263	1631.57
-31636.0	7832.0	766.066	1585.3
-31636.0	7832.0	764.869	1620.5
-31636.0	7832.0	763.672	1576.34
-31636.0	7832.0	762.474	1596.91
-31636.0	7832.0	761.276	1529.81
-31636.0	7832.0	760.078	1544.12
-31636.0	7832.0	758.88	1602.24
-31636.0	7832.0	757.681	1568.56
-31636.0	7832.0	756.483	1682.95
-31636.0	7832.0	755.284	1603.39
-31636.0	7832.0	754.084	1513.44
-31636.0	7832.0	752.885	1573.59
-31636.0	7832.0	751.685	1558.7
-31636.0	7832.0	750.485	1554.23
-31636.0	7832.0	749.285	1533.1
-31636.0	7832.0	748.085	1561.96
-31636.0	7832.0	746.884	1630.37
-31636.0	7832.0	745.683	1594.66
-31636.0	7832.0	744.482	1590.19
-31636.0	7832.0	743.281	1581.55
-31636.0	7832.0	742.079	1618.7
-31636.0	7832.0	740.877	1501.89
-31636.0	7832.0	739.675	1578.55
-31636.0	7832.0	738.473	1599.04
-31636.0	7832.0	737.27	1507.25
-31636.0	7832.0	736.068	1509.04
-31636.0	7832.0	734.865	1562.77
-31636.0	7832.0	733.661	1533.38
-31636.0	7832.0	732.458	1551.78
-31636.0	7832.0	731.254	1532.78
-31636.0	7832.0	730.05	1613.47
-31636.0	7832.0	728.846	1565.4
-31636.0	7832.0	727.642	1531.89
-31636.0	7832.0	726.437	1577.24
-31636.0	7832.0	725.232	1610.13
-31636.0	7832.0	724.027	1553.81
-31636.0	7832.0	722.822	1594.98
-31636.0	7832.0	721.616	1493.06
-31636.0	7832.0	720.41	1613.02
-31636.0	7832.0	719.204	1581.61
-31636.0	7832.0	717.998	1599.95
-31636.0	7832.0	716.791	1578.92
-31636.0	7832.0	715.585	1593.11
-31636.0	7832.0	714.378	1779.21
-31636.0	7832.0	713.17	1658.75
-31636.0	7832.0	711.963	1652.22
-31636.0	7832.0	710.755	1600.14
-31636.0	7832.0	709.547	1558.43
-31636.0	7832.0	708.339	1560.2
-31636.0	7832.0	707.131	1605.4
-31636.0	7832.0	705.922	1609.23
-31636.0	7832.0	704.713	1635.79
-31636.0	7832.0	703.504	1600.32
-31636.0	7832.0	702.295	1575.2
-31636.0	7832.0	701.085	1651.36
-31636.0	7832.0	699.875	1671.7
-31636.0	7832.0	698.665	1563.94
-31636.0	7832.0	697.455	1582.22
-31636.0	7832.0	696.244	1697.56
-31636.0	7832.0	695.034	1618.77
-31636.0	7832.0	693.822	1612.25
-31636.0	7832.0	692.611	1545.89
-31636.0	7832.0	691.4	1644.63
-31636.0	7832.0	690.188	1586.54
-31636.0	7832.0	688.976	1674.92
-31636.0	7832.0	687.764	1573.54
-31636.0	7832.0	686.551	1593.85
-31636.0	7832.0	685.339	1599.72
-31636.0	7832.0	684.126	1626.2
-31636.0	7832.0	682.912	1681.51
-31636.0	7832.0	681.699	1615.25
-31636.0	7832.0	680.485	1623.17
-31636.0	7832.0	679.271	1618.73
-31636.0	7832.0	678.057	1645.18
-31636.0	7832.0	676.843	1679.85
-31636.0	7832.0	675.628	1609.54
-31636.0	7832.0	674.413	1668.89
-31636.0	7832.0	673.198	1664.45
-31636.0	7832.0	671.983	1622.98
-31636.0	7832.0	670.767	1571.24
-31636.0	7832.0	669.551	1616.16
-31636.0	7832.0	668.335	1626.12
-31636.0	7832.0	667.119	1644.3
-31636.0	7832.0	665.902	1578.21
-31636.0	7832.0	664.686	1594.33
-31636.0	7832.0	663.469	1635.1
-31636.0	7832.0	662.251	1645.04
-31636.0	7832.0	661.034	1667.3
-31636.0	7832.0	659.816	1652.6
-31636.0	7832.0	658.598	1668.69
-31636.0	7832.0	657.38	1658.1
-31636.0	7832.0	656.161	1649.56
-31636.0	7832.0	654.942	1610.26
-31636.0	7832.0	653.723	1603.79
-31636.0	7832.0	652.504	1585.01
-31636.0	7832.0	651.285	1670.8
-31636.0	7832.0	650.065	1676.61
-31636.0	7832.0	648.845	1612.75
-31636.0	7832.0	647.625	1614.48
-31636.0	7832.0	646.404	1595.72
-31636.0	7832.0	645.184	1691.66
-31636.0	7832.0	643.963	1693.37
-31636.0	7832.0	642.742	1611.14
-31636.0	7832.0	641.52	1590.35
-31636.0	7832.0	640.298	1682.12
-31636.0	7832.0	639.076	1644.96
-31636.0	7832.0	637.854	1722.36
-31636.0	7832.0	636.632	1736.33
-31636.0	7832.0	635.409	1674.64
-31636.0	7832.0	634.186	1635.46
-31636.0	7832.0	632.963	1680.1
-31636.0	7832.0	631.74	1585.76
-31636.0	7832.0	630.516	1693.73
-31636.0	7832.0	629.292	1652.53
-31636.0	7832.0	628.068	1662.41
-31636.0	7832.0	626.844	1676.37
-31636.0	7832.0	625.619	1602.54
-31636.0	7832.0	624.394	1700.19
-31636.0	7832.0	623.169	1650.88
-31636.0	7832.0	621.944	1691.35
-31636.0	7832.0	620.718	1715.49
-31636.0	7832.0	619.492	1670.27
-31636.0	7832.0	618.266	1657.7
-31636.0	7832.0	617.04	1708.34
-31636.0	7832.0	615.813	1732.45
-31636.0	7832.0	614.587	1715.8
-31636.0	7832.0	613.36	1660.44
-31636.0	7832.0	612.132	1670.29
-31636.0	7832.0	610.905	1604.79
-31636.0	7832.0	609.677	1696.09
-31636.0	7832.0	608.449	1691.68
-31636.0	7832.0	607.22	1734.08
-31636.0	7832.0	605.992	1656.4
-31636.0	7832.0	604.763	1662.17
-31636.0	7832.0	603.534	1598.78
-31636.0	7832.0	602.305	1679.8
-31636.0	7832.0	601.075	1636.77
-31636.0	7832.0	599.845	1642.53
-31636.0	7832.0	598.615	1652.36
-31636.0	7832.0	597.385	1710.96
-31636.0	7832.0	596.154	1663.88
-31636.0	7832.0	594.924	1704.17
-31636.0	7832.0	593.693	1726.17
-31636.0	7832.0	592.461	1717.69
-31636.0	7832.0	591.23	1727.5
-31636.0	7832.0	589.998	1688.59
-31636.0	7832.0	588.766	1747.09
-31636.0	7832.0	587.534	1600.67
-31636.0	7832.0	586.301	1610.48
-31636.0	7832.0	585.068	1685.19
-31636.0	7832.0	583.835	1636.19
-31636.0	7832.0	582.602	1682.48
-31636.0	7832.0	581.368	1700.38
-31636.0	7832.0	580.134	1687.87
-31636.0	7832.0	578.9	1632.83
-31636.0	7832.0	577.666	1644.65
-31636.0	7832.0	576.432	1680.77
-31636.0	7832.0	575.197	1686.5
-31636.0	7832.0	573.962	1629.48
-31636.0	7832.0	572.726	1677.72
-31636.0	7832.0	571.491	1620.73
-31636.0	7832.0	570.255	1618.37
-31636.0	7832.0	569.019	1692.88
-31636.0	7832.0	567.783	1637.94
-31636.0	7832.0	566.546	1740.71
-31636.0	7832.0	565.309	1643.33
-31636.0	7832.0	564.072	1723.83
-31636.0	7832.0	562.835	1739.65
-31636.0	7832.0	561.597	1735.25
-31636.0	7832.0	560.359	1728.84
-31636.0	7832.0	559.121	1736.56
-31636.0	7832.0	557.883	1728.13
-31636.0	7832.0	556.644	1743.93
-31636.0	7832.0	555.406	1697.16
-31636.0	7832.0	554.167	1751.29
-31636.0	7832.0	552.927	1813.46
-31636.0	7832.0	551.688	1792.92
-31636.0	7832.0	550.448	1832.88
-31636.0	7832.0	549.208	1778.08
-31636.0	7832.0	547.967	1787.79
-31636.0	7832.0	546.727	1807.58
-31636.0	7832.0	545.486	1813.25
-31636.0	7832.0	544.245	1784.68
-31636.0	7832.0	543.003	1897.09
-31636.0	7832.0	541.762	1870.53
-31636.0	7832.0	540.52	1964.76
-31636.0	7832.0	539.278	1950.27
-31636.0	7832.0	538.035	2024.32
-31636.0	7832.0	536.793	2040.0
-31636.0	7832.0	535.55	2109.98
-31636.0	7832.0	534.307	2226.19
-31636.0	7832.0	533.063	2288.06
-31636.0	7832.0	531.82	2502.68
-31636.0	7832.0	530.576	2783.54
-31636.0	7832.0	529.331	3184.84
-31636.0	7832.0	528.087	3746.69
-31636.0	7832.0	526.842	4539.29
-31636.0	7832.0	525.597	5811.51
-31636.0	7832.0	524.352	7384.36
-31636.0	7832.0	523.107	9556.75
-31636.0	7832.0	521.861	12274.1
-31636.0	7832.0	520.615	13485.5
-31636.0	7832.0	519.369	12030.3
-31636.0	7832.0	518.122	10116.5
-31636.0	7832.0	516.876	8472.11
-31636.0	7832.0	515.629	7221.36
-31636.0	7832.0	514.381	6115.45
-31636.0	7832.0	513.134	5412.79
-31636.0	7832.0	511.886	4974.89
-31636.0	7832.0	510.638	4414.98
-31636.0	7832.0	509.39	4053.58
-31636.0	7832.0	508.141	3808.46
-31636.0	7832.0	506.892	3617.49
-31636.0	7832.0	505.643	3420.59
-31636.0	7832.0	504.394	3337.84
-31636.0	7832.0	503.145	3277.13
-31636.0	7832.0	501.895	3166.44
-31636.0	7832.0	500.645	3095.79
-31636.0	7832.0	499.394	3087.15
-31636.0	7832.0	498.144	3046.53
-31636.0	7832.0	496.893	3037.91
-31636.0	7832.0	495.642	2895.41
-31636.0	7832.0	494.39	2770.95
-31636.0	7832.0	493.139	2782.36
-31636.0	7832.0	491.887	2602.05
-31636.0	7832.0	490.635	2611.5
-31636.0	7832.0	489.382	2598.98
-31636.0	7832.0	488.13	2474.71
-31636.0	7832.0	486.877	2396.38
-31636.0	7832.0	485.623	2465.7
-31636.0	7832.0	484.37	2367.46
-31636.0	7832.0	483.116	2327.09
-31636.0	7832.0	481.862	2304.68
-31636.0	7832.0	480.608	2240.41
-31636.0	7832.0	479.354	2337.6
-31636.0	7832.0	478.099	2193.66
-31636.0	7832.0	476.844	2256.95
-31636.0	7832.0	475.588	2230.59
-31636.0	7832.0	474.333	2240.08
-31636.0	7832.0	473.077	2159.99
-31636.0	7832.0	471.821	2189.39
-31636.0	7832.0	470.565	2111.33
-31636.0	7832.0	469.308	2051.2
-31636.0	7832.0	468.051	2172.11
-31636.0	7832.0	466.794	2227.35
-31636.0	7832.0	465.537	2175.19
-31636.0	7832.0	464.279	2180.7
-31636.0	7832.0	463.021	2068.95
-31636.0	7832.0	461.763	2068.52
-31636.0	7832.0	460.505	2095.9
-31636.0	7832.0	459.246	2061.7
-31636.0	7832.0	457.987	2053.32
-31636.0	7832.0	456.728	2084.66
-31636.0	7832.0	455.469	2034.6
-31636.0	7832.0	454.209	1990.52
-31636.0	7832.0	452.949	1966.29
-31636.0	7832.0	451.689	1969.85
-31636.0	7832.0	450.428	1939.69
-31636.0	7832.0	449.167	2032.48
-31636.0	7832.0	447.906	1982.5
-31636.0	7832.0	446.645	2049.47
-31636.0	7832.0	445.383	1973.74
-31636.0	7832.0	444.122	1937.67
-31636.0	7832.0	442.86	1921.42
-31636.0	7832.0	441.597	2022.02
-31636.0	7832.0	440.335	1964.17
-31636.0	7832.0	439.072	1987.52
-31636.0	7832.0	437.809	1995.02
-31636.0	7832.0	436.545	1988.67
-31636.0	7832.0	435.281	1895.27
-31636.0	7832.0	434.018	2033.33
-31636.0	7832.0	432.753	2023.02
-31636.0	7832.0	431.489	1900.01
-31636.0	7832.0	430.224	2002.4
-31636.0	7832.0	428.959	2025.7
-31636.0	7832.0	427.694	2023.3
-31636.0	7832.0	426.428	2014.97
-31636.0	7832.0	425.163	2079.73
-31636.0	7832.0	423.896	2024.0
-31636.0	7832.0	422.63	1972.25
-31636.0	7832.0	421.364	2021.18
-31636.0	7832.0	420.097	1971.42
-31636.0	7832.0	418.83	1965.09
-31636.0	7832.0	417.562	1942.98
-31636.0	7832.0	416.295	2021.46
-31636.0	7832.0	415.027	1900.76
-31636.0	7832.0	413.758	2006.81
-31636.0	7832.0	412.49	2020.18
-31636.0	7832.0	411.221	1927.15
-31636.0	7832.0	409.952	1936.59
-31636.0	7832.0	408.683	1991.34
-31636.0	7832.0	407.414	1920.02
-31636.0	7832.0	406.144	1892.06
-31636.0	7832.0	404.874	1962.52
-31636.0	7832.0	403.603	1930.62
-31636.0	7832.0	402.333	1963.67
-31636.0	7832.0	401.062	1937.68
-31636.0	7832.0	399.791	1992.34
-31636.0	7832.0	398.519	1952.6
-31636.0	7832.0	397.248	1958.08
-31636.0	7832.0	395.976	1924.26
-31636.0	7832.0	394.704	1902.23
-31636.0	7832.0	393.431	2002.03
-31636.0	7832.0	392.159	1893.58
-31636.0	7832.0	390.886	1969.77
-31636.0	7832.0	389.612	1973.28
-31636.0	7832.0	388.339	1896.31
-31636.0	7832.0	387.065	1925.35
-31636.0	7832.0	385.791	1895.51
-31636.0	7832.0	384.517	1985.35
-31636.0	7832.0	383.242	1945.7
-31636.0	7832.0	381.967	2035.5
-31636.0	7832.0	380.692	1970.37
-31636.0	7832.0	379.417	1952.31
-31636.0	7832.0	378.141	1944.06
-31636.0	7832.0	376.865	1996.55
-31636.0	7832.0	375.589	1974.58
-31636.0	7832.0	374.312	1940.87
-31636.0	7832.0	373.035	1962.0
-31636.0	7832.0	371.758	1922.43
-31636.0	7832.0	370.481	2006.19
-31636.0	7832.0	369.204	1970.54
-31636.0	7832.0	367.926	2022.95
-31636.0	7832.0	366.648	1938.41
-31636.0	7832.0	365.369	1908.67
-31636.0	7832.0	364.091	2013.85
-31636.0	7832.0	362.812	1958.69
-31636.0	7832.0	361.532	1983.68
-31636.0	7832.0	360.253	1910.96
-31636.0	7832.0	358.973	1969.16
-31636.0	7832.0	357.693	1916.01
-31636.0	7832.0	356.413	1970.28
-31636.0	7832.0	355.132	1991.34
-31636.0	7832.0	353.852	2072.9
-31636.0	7832.0	352.571	1961.23
-31636.0	7832.0	351.289	1999.83
-31636.0	7832.0	350.008	2007.21
-31636.0	7832.0	348.726	2030.19
-31636.0	7832.0	347.444	2029.76
-31636.0	7832.0	346.161	2054.67
-31636.0	7832.0	344.878	2034.74
-31636.0	7832.0	343.595	2018.72
-31636.0	7832.0	342.312	2098.17
-31636.0	7832.0	341.029	1957.49
-31636.0	7832.0	339.745	2036.91
-31636.0	7832.0	338.461	2007.28
-31636.0	7832.0	337.176	2071.09
-31636.0	7832.0	335.892	1985.02
-31636.0	7832.0	334.607	2031.29
-31636.0	7832.0	333.322	2108.67
-31636.0	7832.0	332.036	2061.55
-31636.0	7832.0	330.75	2082.5
-31636.0	7832.0	329.464	2068.45
-31636.0	7832.0	328.178	2112.71
-31636.0	7832.0	326.892	2129.75
-31636.0	7832.0	325.605	2045.76
-31636.0	7832.0	324.318	2080.29
-31636.0	7832.0	323.03	2083.73
-31636.0	7832.0	321.743	2063.87
-31636.0	7832.0	320.455	2162.43
-31636.0	7832.0	319.167	2080.46
-31636.0	7832.0	317.878	2081.96
-31636.0	7832.0	316.59	2108.67
-31636.0	7832.0	315.301	2084.95
-31636.0	7832.0	314.011	2051.54
-31636.0	7832.0	312.722	2064.67
-31636.0	7832.0	311.432	2192.16
-31636.0	7832.0	310.142	2133.56
-31636.0	7832.0	308.851	2150.54
-31636.0	7832.0	307.561	2181.07
-31636.0	7832.0	306.27	2227.09
-31636.0	7832.0	304.979	2232.42
-31636.0	7832.0	303.687	2259.05
-31636.0	7832.0	302.395	2212.12
-31636.0	7832.0	301.103	2238.73
-31636.0	7832.0	299.811	2218.91
-31636.0	7832.0	298.519	2259.05
-31636.0	7832.0	297.226	2266.31
-31636.0	7832.0	295.933	2217.49
-31636.0	7832.0	294.639	2276.94
-31636.0	7832.0	293.345	2228.14
-31636.0	7832.0	292.052	2173.57
-31636.0	7832.0	290.757	2132.54
-31636.0	7832.0	289.463	2122.43
-31636.0	7832.0	288.168	2208.86
-31636.0	7832.0	286.873	2189.09
-31636.0	7832.0	285.578	2111.42
-31636.0	7832.0	284.282	2155.35
-31636.0	7832.0	282.986	2178.04
-31636.0	7832.0	281.69	2200.72
-31636.0	7832.0	280.393	2159.75
-31636.0	7832.0	279.097	2209.42
-31636.0	7832.0	277.8	2166.54
-31636.0	7832.0	276.502	2144.88
-31636.0	7832.0	275.205	2202.22
-31636.0	7832.0	273.907	2147.81
-31636.0	7832.0	272.609	2116.54
-31636.0	7832.0	271.311	2102.61
-31636.0	7832.0	270.012	2061.73
-31636.0	7832.0	268.713	2040.12
-31636.0	7832.0	267.414	2095.49
-31636.0	7832.0	266.114	2058.49
-31636.0	7832.0	264.814	2094.59
-31636.0	7832.0	263.514	2067.22
-31636.0	7832.0	262.214	2051.4
-31636.0	7832.0	260.913	2093.24
-31636.0	7832.0	259.613	1969.8
-31636.0	7832.0	258.311	2053.92
-31636.0	7832.0	257.01	2024.67
-31636.0	7832.0	255.708	2041.52
-31636.0	7832.0	254.406	2014.2
-31636.0	7832.0	253.104	2057.92
-31636.0	7832.0	251.801	2069.0
-31636.0	7832.0	250.499	1936.15
-31636.0	7832.0	249.195	2010.56
-31636.0	7832.0	247.892	2067.67
-31636.0	7832.0	246.588	2055.72
-31636.0	7832.0	245.284	2039.94
-31636.0	7832.0	243.98	1991.58
-31636.0	7832.0	242.676	1983.49
-31636.0	7832.0	241.371	1998.39
-31636.0	7832.0	240.066	2072.67
-31636.0	7832.0	238.76	1978.38
-31636.0	7832.0	237.455	1999.02
-31636.0	7832.0	236.149	1958.39
-31636.0	7832.0	234.843	2072.81
-31636.0	7832.0	233.536	1988.17
-31636.0	7832.0	232.229	1947.56
-31636.0	7832.0	230.922	1996.88
-31636.0	7832.0	229.615	1967.76
-31636.0	7832.0	228.307	1959.69
-31636.0	7832.0	227.0	1915.31
-31636.0	7832.0	225.691	1930.18
-31636.0	7832.0	224.383	1855.25
-31636.0	7832.0	223.074	1849.12
-31636.0	7832.0	221.765	1923.21
-31636.0	7832.0	220.456	1918.98
-31636.0	7832.0	219.146	1910.93
-31636.0	7832.0	217.836	1979.23
-31636.0	7832.0	216.526	1965.45
-31636.0	7832.0	215.216	1970.75
-31636.0	7832.0	213.905	1916.92
-31636.0	7832.0	212.594	1887.9
-31636.0	7832.0	211.283	1908.47
-31636.0	7832.0	209.971	1946.18
-31636.0	7832.0	208.66	1961.01
-31636.0	7832.0	207.348	1979.64
-31636.0	7832.0	206.035	1920.16
-31636.0	7832.0	204.722	1902.61
-31636.0	7832.0	203.409	1949.8
-31636.0	7832.0	202.096	1962.71
-31636.0	7832.0	200.783	1941.35
-31636.0	7832.0	199.469	1937.13
-31636.0	7832.0	198.155	1978.56
-31636.0	7832.0	196.84	1942.0
-31636.0	7832.0	195.526	1916.86
-31636.0	7832.0	194.211	2000.1
-31636.0	7832.0	192.896	1976.86
-31636.0	7832.0	191.58	2204.49
-31636.0	7832.0	190.264	2029.21
-31636.0	7832.0	188.948	2045.87
-31636.0	7832.0	187.632	2032.13
-31636.0	7832.0	186.315	2026.0
-31636.0	7832.0	184.998	2004.68
-31636.0	7832.0	183.681	1975.78
-31636.0	7832.0	182.364	1996.23
-31636.0	7832.0	181.046	2009.08
-31636.0	7832.0	179.728	1989.68
-31636.0	7832.0	178.41	1957.01
-31636.0	7832.0	177.091	2064.66
-31636.0	7832.0	175.772	2009.24
-31636.0	7832.0	174.453	1961.43
-31636.0	7832.0	173.133	1993.22
-31636.0	7832.0	171.814	1970.06
-31636.0	7832.0	170.494	2022.66
-31636.0	7832.0	169.173	2037.38
-31636.0	7832.0	167.853	1946.07
-31636.0	7832.0	166.532	2028.93
-31636.0	7832.0	165.211	2109.86
-31636.0	7832.0	163.889	2046.97
-31636.0	7832.0	162.567	2035.18
-31636.0	7832.0	161.245	1968.56
-31636.0	7832.0	159.923	2036.19
-31636.0	7832.0	158.6	2090.57
-31636.0	7832.0	157.278	2112.8
-31636.0	7832.0	155.954	2148.24
-31636.0	7832.0	154.631	2183.67
-31636.0	7832.0	153.307	2126.54
-31636.0	7832.0	151.983	2110.97
-31636.0	7832.0	150.659	2091.64
-31636.0	7832.0	149.334	2132.71
-31636.0	7832.0	148.009	2103.95
-31636.0	7832.0	146.684	2088.4
-31636.0	7832.0	145.359	2076.63
-31636.0	7832.0	144.033	2074.3
-31636.0	7832.0	142.707	2124.76
-31636.0	7832.0	141.381	2063.98
-31636.0	7832.0	140.054	2150.22
-31636.0	7832.0	138.727	2051.79
-31636.0	7832.0	137.4	2139.88
-31636.0	7832.0	136.072	2084.8
-31636.0	7832.0	134.745	2074.93
-31636.0	7832.0	133.417	2117.78
-31636.0	7832.0	132.088	2122.97
-31636.0	7832.0	130.76	2098.05
-31636.0	7832.0	129.431	2163.44
-31636.0	7832.0	128.102	2048.24
-31636.0	7832.0	126.772	2107.98
-31636.0	7832.0	125.442	2130.08
-31636.0	7832.0	124.112	2058.2
-31636.0	7832.0	122.782	2089.7
-31636.0	7832.0	121.451	2076.1
-31636.0	7832.0	120.12	2075.65
-31636.0	7832.0	118.789	2084.59
-31636.0	7832.0	117.458	2052.22
-31636.0	7832.0	116.126	2093.07
-31636.0	7832.0	114.794	2139.54
-31636.0	7832.0	113.462	2064.02
-31636.0	7832.0	112.129	2148.0
-31636.0	7832.0	110.796	2115.65
-31636.0	7832.0	109.463	2034.56
-31636.0	7832.0	108.129	2080.99
-31636.0	7832.0	106.796	1966.2
-31636.0	7832.0	105.461	2081.96
-31636.0	7832.0	104.127	1963.48
-31636.0	7832.0	102.792	2051.1
-31636.0	7832.0	101.457	1919.56
-31636.0	7832.0	100.122	1874.21
-31636.0	7832.0	98.7867	1841.98
-31636.0	7832.0	97.4509	1905.22
-31636.0	7832.0	96.1148	1826.22
-31636.0	7832.0	94.7784	1788.41
-31636.0	7832.0	93.4418	1844.13
-31636.0	7832.0	92.1048	1789.5
-31636.0	7832.0	90.7676	1787.25
-31636.0	7832.0	89.43	1777.52
-31636.0	7832.0	88.0922	1775.26
-31636.0	7832.0	86.7541	1801.04
-31636.0	7832.0	85.4157	1710.99
