-31634.0	7818.0	1311.89	1887.5
-31634.0	7818.0	1310.78	1982.58
-31634.0	7818.0	1309.68	1945.94
-31634.0	7818.0	1308.58	1959.25
-31634.0	7818.0	1307.48	2008.87
-31634.0	7818.0	1306.38	1972.24
-31634.0	7818.0	1305.28	1946.96
-31634.0	7818.0	1304.18	1976.14
-31634.0	7818.0	1303.07	1984.9
-31634.0	7818.0	1301.97	2007.26
-31634.0	7818.0	1300.87	1927.57
-31634.0	7818.0	1299.77	1979.41
-31634.0	7818.0	1298.66	1988.16
-31634.0	7818.0	1297.56	1965.18
-31634.0	7818.0	1296.46	1967.13
-31634.0	7818.0	1295.35	1876.17
-31634.0	7818.0	1294.25	1887.2
-31634.0	7818.0	1293.15	1975.24
-31634.0	7818.0	1292.04	1965.86
-31634.0	7818.0	1290.94	1961.02
-31634.0	7818.0	1289.83	1969.76
-31634.0	7818.0	1288.73	1869.84
-31634.0	7818.0	1287.63	1994.02
-31634.0	7818.0	1286.52	1973.33
-31634.0	7818.0	1285.42	1995.64
-31634.0	7818.0	1284.31	1974.96
-31634.0	7818.0	1283.21	1909.05
-31634.0	7818.0	1282.1	1944.92
-31634.0	7818.0	1280.99	1951.39
-31634.0	7818.0	1279.89	1926.21
-31634.0	7818.0	1278.78	1921.38
-31634.0	7818.0	1277.68	1921.06
-31634.0	7818.0	1276.57	1868.78
-31634.0	7818.0	1275.46	1974.67
-31634.0	7818.0	1274.36	1897.54
-31634.0	7818.0	1273.25	1942.41
-31634.0	7818.0	1272.14	1910.48
-31634.0	7818.0	1271.04	1910.17
-31634.0	7818.0	1269.93	1991.13
-31634.0	7818.0	1268.82	1859.89
-31634.0	7818.0	1267.71	1879.9
-31634.0	7818.0	1266.61	1899.9
-31634.0	7818.0	1265.5	1863.5
-31634.0	7818.0	1264.39	1935.38
-31634.0	7818.0	1263.28	1878.68
-31634.0	7818.0	1262.17	1950.53
-31634.0	7818.0	1261.06	1923.16
-31634.0	7818.0	1259.95	1952.15
-31634.0	7818.0	1258.84	1861.68
-31634.0	7818.0	1257.74	1967.29
-31634.0	7818.0	1256.63	1921.91
-31634.0	7818.0	1255.52	1914.84
-31634.0	7818.0	1254.41	1921.28
-31634.0	7818.0	1253.3	1948.0
-31634.0	7818.0	1252.19	1936.42
-31634.0	7818.0	1251.08	1931.6
-31634.0	7818.0	1249.96	1931.29
-31634.0	7818.0	1248.85	1852.2
-31634.0	7818.0	1247.74	1944.16
-31634.0	7818.0	1246.63	1946.09
-31634.0	7818.0	1245.52	1903.03
-31634.0	7818.0	1244.41	1848.74
-31634.0	7818.0	1243.3	1879.92
-31634.0	7818.0	1242.18	2003.27
-31634.0	7818.0	1241.07	1969.22
-31634.0	7818.0	1239.96	1937.43
-31634.0	7818.0	1238.85	1883.18
-31634.0	7818.0	1237.74	1966.01
-31634.0	7818.0	1236.62	1925.25
-31634.0	7818.0	1235.51	1922.69
-31634.0	7818.0	1234.4	1890.93
-31634.0	7818.0	1233.28	1883.88
-31634.0	7818.0	1232.17	1854.39
-31634.0	7818.0	1231.06	1903.47
-31634.0	7818.0	1229.94	1826.85
-31634.0	7818.0	1228.83	1855.72
-31634.0	7818.0	1227.71	1832.98
-31634.0	7818.0	1226.6	1834.92
-31634.0	7818.0	1225.48	1832.37
-31634.0	7818.0	1224.37	1856.74
-31634.0	7818.0	1223.25	1845.22
-31634.0	7818.0	1222.14	1858.37
-31634.0	7818.0	1221.02	1884.96
-31634.0	7818.0	1219.91	1884.65
-31634.0	7818.0	1218.79	1821.6
-31634.0	7818.0	1217.68	1879.54
-31634.0	7818.0	1216.56	1847.88
-31634.0	7818.0	1215.44	1916.99
-31634.0	7818.0	1214.33	1898.77
-31634.0	7818.0	1213.21	1862.63
-31634.0	7818.0	1212.09	1833.22
-31634.0	7818.0	1210.98	1839.63
-31634.0	7818.0	1209.86	1893.03
-31634.0	7818.0	1208.74	1803.23
-31634.0	7818.0	1207.62	1791.75
-31634.0	7818.0	1206.51	1889.86
-31634.0	7818.0	1205.39	1849.29
-31634.0	7818.0	1204.27	1880.29
-31634.0	7818.0	1203.15	1792.79
-31634.0	7818.0	1202.03	1957.89
-31634.0	7818.0	1200.91	1948.62
-31634.0	7818.0	1199.8	1836.58
-31634.0	7818.0	1198.68	1860.85
-31634.0	7818.0	1197.56	1887.35
-31634.0	7818.0	1196.44	1793.24
-31634.0	7818.0	1195.32	1842.06
-31634.0	7818.0	1194.2	1823.89
-31634.0	7818.0	1193.08	1845.91
-31634.0	7818.0	1191.96	1825.52
-31634.0	7818.0	1190.84	1918.93
-31634.0	7818.0	1189.72	1869.53
-31634.0	7818.0	1188.6	1875.91
-31634.0	7818.0	1187.48	1851.06
-31634.0	7818.0	1186.35	1812.85
-31634.0	7818.0	1185.23	1857.13
-31634.0	7818.0	1184.11	1805.55
-31634.0	7818.0	1182.99	1811.94
-31634.0	7818.0	1181.87	1813.86
-31634.0	7818.0	1180.75	1771.23
-31634.0	7818.0	1179.62	1873.4
-31634.0	7818.0	1178.5	1868.63
-31634.0	7818.0	1177.38	1852.73
-31634.0	7818.0	1176.26	1937.03
-31634.0	7818.0	1175.13	1861.01
-31634.0	7818.0	1174.01	1805.06
-31634.0	7818.0	1172.89	1864.84
-31634.0	7818.0	1171.76	1842.28
-31634.0	7818.0	1170.64	1788.58
-31634.0	7818.0	1169.51	1774.93
-31634.0	7818.0	1168.39	1834.68
-31634.0	7818.0	1167.27	1785.45
-31634.0	7818.0	1166.14	1736.24
-31634.0	7818.0	1165.02	1840.42
-31634.0	7818.0	1163.89	1786.77
-31634.0	7818.0	1162.77	1802.02
-31634.0	7818.0	1161.64	1803.94
-31634.0	7818.0	1160.52	1785.87
-31634.0	7818.0	1159.39	1821.1
-31634.0	7818.0	1158.26	1736.41
-31634.0	7818.0	1157.14	1764.98
-31634.0	7818.0	1156.01	1875.67
-31634.0	7818.0	1154.88	1808.77
-31634.0	7818.0	1153.76	1812.91
-31634.0	7818.0	1152.63	1801.51
-31634.0	7818.0	1151.5	1807.86
-31634.0	7818.0	1150.38	1703.31
-31634.0	7818.0	1149.25	1749.59
-31634.0	7818.0	1148.12	1844.63
-31634.0	7818.0	1146.99	1768.95
-31634.0	7818.0	1145.87	1804.11
-31634.0	7818.0	1144.74	1790.51
-31634.0	7818.0	1143.61	1779.13
-31634.0	7818.0	1142.48	1789.9
-31634.0	7818.0	1141.35	1840.54
-31634.0	7818.0	1140.22	1769.36
-31634.0	7818.0	1139.09	1819.98
-31634.0	7818.0	1137.97	1813.03
-31634.0	7818.0	1136.84	1746.33
-31634.0	7818.0	1135.71	1779.22
-31634.0	7818.0	1134.58	1798.83
-31634.0	7818.0	1133.45	1785.25
-31634.0	7818.0	1132.32	1798.22
-31634.0	7818.0	1131.19	1850.99
-31634.0	7818.0	1130.05	1748.96
-31634.0	7818.0	1128.92	1872.46
-31634.0	7818.0	1127.79	1730.68
-31634.0	7818.0	1126.66	1779.01
-31634.0	7818.0	1125.53	1791.96
-31634.0	7818.0	1124.4	1712.12
-31634.0	7818.0	1123.27	1718.46
-31634.0	7818.0	1122.13	1859.5
-31634.0	7818.0	1121.0	1828.27
-31634.0	7818.0	1119.87	1799.26
-31634.0	7818.0	1118.74	1750.39
-31634.0	7818.0	1117.6	1767.75
-31634.0	7818.0	1116.47	1785.1
-31634.0	7818.0	1115.34	1780.38
-31634.0	7818.0	1114.2	1746.98
-31634.0	7818.0	1113.07	1773.15
-31634.0	7818.0	1111.94	1772.85
-31634.0	7818.0	1110.8	1854.11
-31634.0	7818.0	1109.67	1763.42
-31634.0	7818.0	1108.54	1736.67
-31634.0	7818.0	1107.4	1756.2
-31634.0	7818.0	1106.27	1705.23
-31634.0	7818.0	1105.13	1788.64
-31634.0	7818.0	1104.0	1845.59
-31634.0	7818.0	1102.86	1741.78
-31634.0	7818.0	1101.72	1770.1
-31634.0	7818.0	1100.59	1774.2
-31634.0	7818.0	1099.45	1760.69
-31634.0	7818.0	1098.32	1808.79
-31634.0	7818.0	1097.18	1760.08
-31634.0	7818.0	1096.04	1737.78
-31634.0	7818.0	1094.91	1810.06
-31634.0	7818.0	1093.77	1781.16
-31634.0	7818.0	1092.63	1794.04
-31634.0	7818.0	1091.5	1740.97
-31634.0	7818.0	1090.36	1751.66
-31634.0	7818.0	1089.22	1740.37
-31634.0	7818.0	1088.08	1724.69
-31634.0	7818.0	1086.95	1763.93
-31634.0	7818.0	1085.81	1688.95
-31634.0	7818.0	1084.67	1829.2
-31634.0	7818.0	1083.53	1743.26
-31634.0	7818.0	1082.39	1674.9
-31634.0	7818.0	1081.25	1685.59
-31634.0	7818.0	1080.11	1645.79
-31634.0	7818.0	1078.97	1781.54
-31634.0	7818.0	1077.83	1781.23
-31634.0	7818.0	1076.69	1798.46
-31634.0	7818.0	1075.55	1677.54
-31634.0	7818.0	1074.41	1736.45
-31634.0	7818.0	1073.27	1738.34
-31634.0	7818.0	1072.13	1748.99
-31634.0	7818.0	1070.99	1766.22
-31634.0	7818.0	1069.85	1744.0
-31634.0	7818.0	1068.71	1728.36
-31634.0	7818.0	1067.57	1684.26
-31634.0	7818.0	1066.43	1725.57
-31634.0	7818.0	1065.28	1810.66
-31634.0	7818.0	1064.14	1821.29
-31634.0	7818.0	1063.0	1726.85
-31634.0	7818.0	1061.86	1733.12
-31634.0	7818.0	1060.71	1745.94
-31634.0	7818.0	1059.57	1752.2
-31634.0	7818.0	1058.43	1736.58
-31634.0	7818.0	1057.29	1749.4
-31634.0	7818.0	1056.14	1757.84
-31634.0	7818.0	1055.0	1733.48
-31634.0	7818.0	1053.85	1687.28
-31634.0	7818.0	1052.71	1737.25
-31634.0	7818.0	1051.57	1728.2
-31634.0	7818.0	1050.42	1741.01
-31634.0	7818.0	1049.28	1716.67
-31634.0	7818.0	1048.13	1744.76
-31634.0	7818.0	1046.99	1755.37
-31634.0	7818.0	1045.84	1776.89
-31634.0	7818.0	1044.7	1743.84
-31634.0	7818.0	1043.55	1778.45
-31634.0	7818.0	1042.4	1741.04
-31634.0	7818.0	1041.26	1814.9
-31634.0	7818.0	1040.11	1727.35
-31634.0	7818.0	1038.97	1781.56
-31634.0	7818.0	1037.82	1739.82
-31634.0	7818.0	1036.67	1802.73
-31634.0	7818.0	1035.53	1815.48
-31634.0	7818.0	1034.38	1773.76
-31634.0	7818.0	1033.23	1749.48
-31634.0	7818.0	1032.08	1790.56
-31634.0	7818.0	1030.94	1761.93
-31634.0	7818.0	1029.79	1722.42
-31634.0	7818.0	1028.64	1809.2
-31634.0	7818.0	1027.49	1843.71
-31634.0	7818.0	1026.34	1786.8
-31634.0	7818.0	1025.19	1875.7
-31634.0	7818.0	1024.04	1812.27
-31634.0	7818.0	1022.89	1766.27
-31634.0	7818.0	1021.74	1779.01
-31634.0	7818.0	1020.59	1833.05
-31634.0	7818.0	1019.45	1810.99
-31634.0	7818.0	1018.29	1847.62
-31634.0	7818.0	1017.14	1858.16
-31634.0	7818.0	1015.99	1855.65
-31634.0	7818.0	1014.84	1833.6
-31634.0	7818.0	1013.69	1863.68
-31634.0	7818.0	1012.54	1943.71
-31634.0	7818.0	1011.39	1923.82
-31634.0	7818.0	1010.24	1888.74
-31634.0	7818.0	1009.09	1901.43
-31634.0	7818.0	1007.93	1849.0
-31634.0	7818.0	1006.78	1987.54
-31634.0	7818.0	1005.63	1945.97
-31634.0	7818.0	1004.48	2030.21
-31634.0	7818.0	1003.32	1899.73
-31634.0	7818.0	1002.17	1955.76
-31634.0	7818.0	1001.02	2035.63
-31634.0	7818.0	999.865	2024.43
-31634.0	7818.0	998.711	1998.06
-31634.0	7818.0	997.558	2099.54
-31634.0	7818.0	996.403	2081.83
-31634.0	7818.0	995.249	2070.63
-31634.0	7818.0	994.095	2091.91
-31634.0	7818.0	992.94	2184.64
-31634.0	7818.0	991.785	2195.07
-31634.0	7818.0	990.63	2140.57
-31634.0	7818.0	989.475	2228.91
-31634.0	7818.0	988.319	2209.03
-31634.0	7818.0	987.164	2301.65
-31634.0	7818.0	986.008	2279.61
-31634.0	7818.0	984.852	2335.43
-31634.0	7818.0	983.695	2259.33
-31634.0	7818.0	982.539	2289.19
-31634.0	7818.0	981.382	2295.26
-31634.0	7818.0	980.225	2348.87
-31634.0	7818.0	979.068	2361.41
-31634.0	7818.0	977.911	2386.91
-31634.0	7818.0	976.753	2416.71
-31634.0	7818.0	975.595	2386.05
-31634.0	7818.0	974.437	2314.37
-31634.0	7818.0	973.279	2320.43
-31634.0	7818.0	972.121	2421.44
-31634.0	7818.0	970.962	2390.8
-31634.0	7818.0	969.803	2420.57
-31634.0	7818.0	968.644	2428.76
-31634.0	7818.0	967.485	2264.42
-31634.0	7818.0	966.326	2320.07
-31634.0	7818.0	965.166	2375.7
-31634.0	7818.0	964.006	2433.47
-31634.0	7818.0	962.846	2394.24
-31634.0	7818.0	961.686	2346.4
-31634.0	7818.0	960.525	2376.13
-31634.0	7818.0	959.365	2326.16
-31634.0	7818.0	958.204	2405.42
-31634.0	7818.0	957.043	2374.84
-31634.0	7818.0	955.881	2342.12
-31634.0	7818.0	954.72	2380.44
-31634.0	7818.0	953.558	2377.85
-31634.0	7818.0	952.396	2420.45
-31634.0	7818.0	951.234	2366.23
-31634.0	7818.0	950.071	2312.03
-31634.0	7818.0	948.909	2393.32
-31634.0	7818.0	947.746	2369.24
-31634.0	7818.0	946.583	2381.7
-31634.0	7818.0	945.42	2415.66
-31634.0	7818.0	944.256	2376.54
-31634.0	7818.0	943.092	2350.32
-31634.0	7818.0	941.929	2302.64
-31634.0	7818.0	940.765	2330.14
-31634.0	7818.0	939.6	2250.27
-31634.0	7818.0	938.436	2275.62
-31634.0	7818.0	937.271	2238.71
-31634.0	7818.0	936.106	2251.18
-31634.0	7818.0	934.941	2276.51
-31634.0	7818.0	933.775	2158.11
-31634.0	7818.0	932.61	2074.07
-31634.0	7818.0	931.444	2011.5
-31634.0	7818.0	930.278	2124.76
-31634.0	7818.0	929.112	2023.62
-31634.0	7818.0	927.945	1999.67
-31634.0	7818.0	926.779	1937.16
-31634.0	7818.0	925.612	1947.52
-31634.0	7818.0	924.445	1987.86
-31634.0	7818.0	923.278	1931.81
-31634.0	7818.0	922.11	1888.63
-31634.0	7818.0	920.942	1847.61
-31634.0	7818.0	919.774	1896.5
-31634.0	7818.0	918.606	1881.17
-31634.0	7818.0	917.438	1838.03
-31634.0	7818.0	916.269	1812.02
-31634.0	7818.0	915.1	1768.91
-31634.0	7818.0	913.931	1832.74
-31634.0	7818.0	912.762	1744.74
-31634.0	7818.0	911.593	1800.0
-31634.0	7818.0	910.423	1780.43
-31634.0	7818.0	909.253	1745.91
-31634.0	7818.0	908.083	1788.32
-31634.0	7818.0	906.913	1779.44
-31634.0	7818.0	905.742	1802.61
-31634.0	7818.0	904.572	1718.99
-31634.0	7818.0	903.401	1722.95
-31634.0	7818.0	902.229	1831.49
-31634.0	7818.0	901.058	1724.44
-31634.0	7818.0	899.886	1719.86
-31634.0	7818.0	898.715	1691.8
-31634.0	7818.0	897.543	1702.15
-31634.0	7818.0	896.37	1740.23
-31634.0	7818.0	895.198	1735.64
-31634.0	7818.0	894.025	1701.21
-31634.0	7818.0	892.852	1713.68
-31634.0	7818.0	891.679	1749.59
-31634.0	7818.0	890.506	1689.61
-31634.0	7818.0	889.332	1719.12
-31634.0	7818.0	888.158	1674.07
-31634.0	7818.0	886.984	1722.74
-31634.0	7818.0	885.81	1684.09
-31634.0	7818.0	884.636	1590.12
-31634.0	7818.0	883.461	1643.03
-31634.0	7818.0	882.286	1681.03
-31634.0	7818.0	881.111	1672.2
-31634.0	7818.0	879.936	1663.38
-31634.0	7818.0	878.76	1667.33
-31634.0	7818.0	877.584	1752.07
-31634.0	7818.0	876.408	1730.48
-31634.0	7818.0	875.232	1683.4
-31634.0	7818.0	874.056	1663.96
-31634.0	7818.0	872.879	1684.89
-31634.0	7818.0	871.702	1676.08
-31634.0	7818.0	870.525	1684.26
-31634.0	7818.0	869.348	1613.87
-31634.0	7818.0	868.17	1668.77
-31634.0	7818.0	866.993	1666.34
-31634.0	7818.0	865.815	1670.27
-31634.0	7818.0	864.637	1623.27
-31634.0	7818.0	863.458	1650.55
-31634.0	7818.0	862.28	1559.03
-31634.0	7818.0	861.101	1569.34
-31634.0	7818.0	859.922	1624.18
-31634.0	7818.0	858.742	1615.39
-31634.0	7818.0	857.563	1627.81
-31634.0	7818.0	856.383	1684.72
-31634.0	7818.0	855.203	1652.62
-31634.0	7818.0	854.023	1597.23
-31634.0	7818.0	852.843	1569.4
-31634.0	7818.0	851.662	1596.63
-31634.0	7818.0	850.481	1672.55
-31634.0	7818.0	849.3	1642.6
-31634.0	7818.0	848.119	1619.01
-31634.0	7818.0	846.937	1612.36
-31634.0	7818.0	845.756	1635.32
-31634.0	7818.0	844.574	1649.82
-31634.0	7818.0	843.392	1672.77
-31634.0	7818.0	842.209	1647.09
-31634.0	7818.0	841.027	1610.84
-31634.0	7818.0	839.844	1682.39
-31634.0	7818.0	838.661	1633.47
-31634.0	7818.0	837.477	1688.1
-31634.0	7818.0	836.294	1651.87
-31634.0	7818.0	835.11	1653.67
-31634.0	7818.0	833.926	1661.8
-31634.0	7818.0	832.742	1720.6
-31634.0	7818.0	831.558	1682.28
-31634.0	7818.0	830.373	1673.52
-31634.0	7818.0	829.188	1580.36
-31634.0	7818.0	828.003	1556.86
-31634.0	7818.0	826.818	1638.82
-31634.0	7818.0	825.632	1590.01
-31634.0	7818.0	824.446	1621.33
-31634.0	7818.0	823.26	1671.62
-31634.0	7818.0	822.074	1639.69
-31634.0	7818.0	820.888	1639.37
-31634.0	7818.0	819.701	1660.13
-31634.0	7818.0	818.514	1655.6
-31634.0	7818.0	817.327	1661.61
-31634.0	7818.0	816.14	1663.39
-31634.0	7818.0	814.952	1652.55
-31634.0	7818.0	813.765	1654.34
-31634.0	7818.0	812.577	1586.69
-31634.0	7818.0	811.388	1674.75
-31634.0	7818.0	810.2	1581.88
-31634.0	7818.0	809.011	1585.78
-31634.0	7818.0	807.822	1585.48
-31634.0	7818.0	806.633	1549.44
-31634.0	7818.0	805.444	1574.36
-31634.0	7818.0	804.254	1616.09
-31634.0	7818.0	803.064	1615.79
-31634.0	7818.0	801.874	1583.97
-31634.0	7818.0	800.684	1657.17
-31634.0	7818.0	799.493	1595.96
-31634.0	7818.0	798.303	1599.85
-31634.0	7818.0	797.112	1635.23
-31634.0	7818.0	795.921	1676.89
-31634.0	7818.0	794.729	1636.7
-31634.0	7818.0	793.538	1607.02
-31634.0	7818.0	792.346	1648.66
-31634.0	7818.0	791.154	1577.04
-31634.0	7818.0	789.961	1574.65
-31634.0	7818.0	788.769	1593.21
-31634.0	7818.0	787.576	1597.1
-31634.0	7818.0	786.383	1594.69
-31634.0	7818.0	785.19	1609.05
-31634.0	7818.0	783.996	1606.65
-31634.0	7818.0	782.802	1545.61
-31634.0	7818.0	781.608	1637.44
-31634.0	7818.0	780.414	1574.32
-31634.0	7818.0	779.22	1538.43
-31634.0	7818.0	778.025	1573.71
-31634.0	7818.0	776.83	1581.78
-31634.0	7818.0	775.635	1581.48
-31634.0	7818.0	774.44	1608.36
-31634.0	7818.0	773.244	1601.78
-31634.0	7818.0	772.049	1603.56
-31634.0	7818.0	770.853	1628.33
-31634.0	7818.0	769.656	1625.93
-31634.0	7818.0	768.46	1565.02
-31634.0	7818.0	767.263	1566.81
-31634.0	7818.0	766.066	1641.7
-31634.0	7818.0	764.869	1605.88
-31634.0	7818.0	763.672	1597.22
-31634.0	7818.0	762.474	1603.17
-31634.0	7818.0	761.276	1659.21
-31634.0	7818.0	760.078	1638.02
-31634.0	7818.0	758.88	1614.76
-31634.0	7818.0	757.681	1576.9
-31634.0	7818.0	756.483	1624.56
-31634.0	7818.0	755.284	1565.86
-31634.0	7818.0	754.084	1590.58
-31634.0	7818.0	752.885	1552.75
-31634.0	7818.0	751.685	1592.04
-31634.0	7818.0	750.485	1562.57
-31634.0	7818.0	749.285	1524.77
-31634.0	7818.0	748.085	1622.35
-31634.0	7818.0	746.884	1611.63
-31634.0	7818.0	745.683	1594.66
-31634.0	7818.0	744.482	1667.2
-31634.0	7818.0	743.281	1564.91
-31634.0	7818.0	742.079	1599.97
-31634.0	7818.0	740.877	1597.58
-31634.0	7818.0	739.675	1557.75
-31634.0	7818.0	738.473	1551.21
-31634.0	7818.0	737.27	1507.25
-31634.0	7818.0	736.068	1581.79
-31634.0	7818.0	734.865	1587.71
-31634.0	7818.0	733.661	1572.86
-31634.0	7818.0	732.458	1539.31
-31634.0	7818.0	731.254	1586.78
-31634.0	7818.0	730.05	1586.47
-31634.0	7818.0	728.846	1617.31
-31634.0	7818.0	727.642	1621.14
-31634.0	7818.0	726.437	1583.47
-31634.0	7818.0	725.232	1570.71
-31634.0	7818.0	724.027	1578.7
-31634.0	7818.0	722.822	1557.65
-31634.0	7818.0	721.616	1607.11
-31634.0	7818.0	720.41	1579.85
-31634.0	7818.0	719.204	1681.11
-31634.0	7818.0	717.998	1606.17
-31634.0	7818.0	716.791	1612.07
-31634.0	7818.0	715.585	1644.9
-31634.0	7818.0	714.378	1845.49
-31634.0	7818.0	713.17	1658.75
-31634.0	7818.0	711.963	1627.37
-31634.0	7818.0	710.755	1585.65
-31634.0	7818.0	709.547	1603.97
-31634.0	7818.0	708.339	1570.54
-31634.0	7818.0	707.131	1590.92
-31634.0	7818.0	705.922	1582.34
-31634.0	7818.0	704.713	1623.39
-31634.0	7818.0	703.504	1627.2
-31634.0	7818.0	702.295	1643.42
-31634.0	7818.0	701.085	1579.03
-31634.0	7818.0	699.875	1572.52
-31634.0	7818.0	698.665	1597.0
-31634.0	7818.0	697.455	1644.19
-31634.0	7818.0	696.244	1569.52
-31634.0	7818.0	695.034	1587.79
-31634.0	7818.0	693.822	1537.94
-31634.0	7818.0	692.611	1644.96
-31634.0	7818.0	691.4	1650.82
-31634.0	7818.0	690.188	1603.05
-31634.0	7818.0	688.976	1584.17
-31634.0	7818.0	687.764	1625.1
-31634.0	7818.0	686.551	1610.34
-31634.0	7818.0	685.339	1675.99
-31634.0	7818.0	684.126	1710.7
-31634.0	7818.0	682.912	1597.02
-31634.0	7818.0	681.699	1664.7
-31634.0	7818.0	680.485	1633.47
-31634.0	7818.0	679.271	1678.45
-31634.0	7818.0	678.057	1737.83
-31634.0	7818.0	676.843	1683.97
-31634.0	7818.0	675.628	1673.34
-31634.0	7818.0	674.413	1703.88
-31634.0	7818.0	673.198	1652.1
-31634.0	7818.0	671.983	1662.06
-31634.0	7818.0	670.767	1672.01
-31634.0	7818.0	669.551	1681.96
-31634.0	7818.0	668.335	1638.46
-31634.0	7818.0	667.119	1656.63
-31634.0	7818.0	665.902	1670.69
-31634.0	7818.0	664.686	1692.95
-31634.0	7818.0	663.469	1690.56
-31634.0	7818.0	662.251	1626.56
-31634.0	7818.0	661.034	1642.66
-31634.0	7818.0	659.816	1687.5
-31634.0	7818.0	658.598	1676.9
-31634.0	7818.0	657.38	1660.15
-31634.0	7818.0	656.161	1629.04
-31634.0	7818.0	654.942	1684.11
-31634.0	7818.0	653.723	1728.89
-31634.0	7818.0	652.504	1640.37
-31634.0	7818.0	651.285	1597.0
-31634.0	7818.0	650.065	1565.93
-31634.0	7818.0	648.845	1604.55
-31634.0	7818.0	647.625	1596.04
-31634.0	7818.0	646.404	1644.88
-31634.0	7818.0	645.184	1673.23
-31634.0	7818.0	643.963	1705.65
-31634.0	7818.0	642.742	1652.09
-31634.0	7818.0	641.52	1612.87
-31634.0	7818.0	640.298	1690.31
-31634.0	7818.0	639.076	1626.54
-31634.0	7818.0	637.854	1720.31
-31634.0	7818.0	636.632	1728.15
-31634.0	7818.0	635.409	1699.18
-31634.0	7818.0	634.186	1725.41
-31634.0	7818.0	632.963	1671.92
-31634.0	7818.0	631.74	1683.85
-31634.0	7818.0	630.516	1638.56
-31634.0	7818.0	629.292	1642.32
-31634.0	7818.0	628.068	1721.64
-31634.0	7818.0	626.844	1600.82
-31634.0	7818.0	625.619	1635.21
-31634.0	7818.0	624.394	1700.19
-31634.0	7818.0	623.169	1705.97
-31634.0	7818.0	621.944	1748.47
-31634.0	7818.0	620.718	1654.29
-31634.0	7818.0	619.492	1684.55
-31634.0	7818.0	618.266	1645.47
-31634.0	7818.0	617.04	1636.98
-31634.0	7818.0	615.813	1691.69
-31634.0	7818.0	614.587	1719.87
-31634.0	7818.0	613.36	1599.32
-31634.0	7818.0	612.132	1637.7
-31634.0	7818.0	610.905	1661.81
-31634.0	7818.0	609.677	1665.55
-31634.0	7818.0	608.449	1634.68
-31634.0	7818.0	607.22	1707.62
-31634.0	7818.0	605.992	1638.09
-31634.0	7818.0	604.763	1605.21
-31634.0	7818.0	603.534	1641.49
-31634.0	7818.0	602.305	1726.58
-31634.0	7818.0	601.075	1640.83
-31634.0	7818.0	599.845	1679.12
-31634.0	7818.0	598.615	1674.72
-31634.0	7818.0	597.385	1678.45
-31634.0	7818.0	596.154	1661.85
-31634.0	7818.0	594.924	1671.67
-31634.0	7818.0	593.693	1687.58
-31634.0	7818.0	592.461	1668.97
-31634.0	7818.0	591.23	1658.48
-31634.0	7818.0	589.998	1635.82
-31634.0	7818.0	588.766	1635.49
-31634.0	7818.0	587.534	1627.04
-31634.0	7818.0	586.301	1675.39
-31634.0	7818.0	585.068	1687.22
-31634.0	7818.0	583.835	1686.87
-31634.0	7818.0	582.602	1680.45
-31634.0	7818.0	581.368	1637.55
-31634.0	7818.0	580.134	1693.95
-31634.0	7818.0	578.9	1640.94
-31634.0	7818.0	577.666	1675.04
-31634.0	7818.0	576.432	1656.47
-31634.0	7818.0	575.197	1662.21
-31634.0	7818.0	573.962	1629.48
-31634.0	7818.0	572.726	1598.79
-31634.0	7818.0	571.491	1669.29
-31634.0	7818.0	570.255	1664.9
-31634.0	7818.0	569.019	1609.95
-31634.0	7818.0	567.783	1670.29
-31634.0	7818.0	566.546	1738.69
-31634.0	7818.0	565.309	1714.08
-31634.0	7818.0	564.072	1703.62
-31634.0	7818.0	562.835	1737.63
-31634.0	7818.0	561.597	1672.63
-31634.0	7818.0	560.359	1728.84
-31634.0	7818.0	559.121	1728.49
-31634.0	7818.0	557.883	1681.7
-31634.0	7818.0	556.644	1762.09
-31634.0	7818.0	555.406	1739.54
-31634.0	7818.0	554.167	1765.41
-31634.0	7818.0	552.927	1775.13
-31634.0	7818.0	551.688	1833.26
-31634.0	7818.0	550.448	1790.54
-31634.0	7818.0	549.208	1844.6
-31634.0	7818.0	547.967	1902.68
-31634.0	7818.0	546.727	1801.53
-31634.0	7818.0	545.486	1817.28
-31634.0	7818.0	544.245	1863.24
-31634.0	7818.0	543.003	1993.76
-31634.0	7818.0	541.762	1951.07
-31634.0	7818.0	540.52	2037.23
-31634.0	7818.0	539.278	1982.47
-31634.0	7818.0	538.035	2082.68
-31634.0	7818.0	536.793	2168.76
-31634.0	7818.0	535.55	2212.57
-31634.0	7818.0	534.307	2294.57
-31634.0	7818.0	533.063	2384.57
-31634.0	7818.0	531.82	2518.76
-31634.0	7818.0	530.576	2839.81
-31634.0	7818.0	529.331	3249.14
-31634.0	7818.0	528.087	3847.14
-31634.0	7818.0	526.842	4635.7
-31634.0	7818.0	525.597	5825.57
-31634.0	7818.0	524.352	7591.16
-31634.0	7818.0	523.107	10034.5
-31634.0	7818.0	521.861	13121.0
-31634.0	7818.0	520.615	14298.1
-31634.0	7818.0	519.369	12911.0
-31634.0	7818.0	518.122	10906.7
-31634.0	7818.0	516.876	9177.96
-31634.0	7818.0	515.629	7814.79
-31634.0	7818.0	514.381	6608.53
-31634.0	7818.0	513.134	5757.48
-31634.0	7818.0	511.886	5143.19
-31634.0	7818.0	510.638	4617.3
-31634.0	7818.0	509.39	4299.92
-31634.0	7818.0	508.141	4060.75
-31634.0	7818.0	506.892	3717.58
-31634.0	7818.0	505.643	3700.8
-31634.0	7818.0	504.394	3509.94
-31634.0	7818.0	503.145	3271.13
-31634.0	7818.0	501.895	3184.44
-31634.0	7818.0	500.645	3239.78
-31634.0	7818.0	499.394	3183.13
-31634.0	7818.0	498.144	3118.5
-31634.0	7818.0	496.893	3041.91
-31634.0	7818.0	495.642	2977.33
-31634.0	7818.0	494.39	2930.77
-31634.0	7818.0	493.139	2808.32
-31634.0	7818.0	491.887	2761.81
-31634.0	7818.0	490.635	2657.42
-31634.0	7818.0	489.382	2658.86
-31634.0	7818.0	488.13	2444.77
-31634.0	7818.0	486.877	2508.11
-31634.0	7818.0	485.623	2443.76
-31634.0	7818.0	484.37	2363.47
-31634.0	7818.0	483.116	2355.01
-31634.0	7818.0	481.862	2364.49
-31634.0	7818.0	480.608	2312.17
-31634.0	7818.0	479.354	2335.61
-31634.0	7818.0	478.099	2327.15
-31634.0	7818.0	476.844	2237.03
-31634.0	7818.0	475.588	2252.5
-31634.0	7818.0	474.333	2273.93
-31634.0	7818.0	473.077	2187.86
-31634.0	7818.0	471.821	2259.05
-31634.0	7818.0	470.565	2238.69
-31634.0	7818.0	469.308	2178.53
-31634.0	7818.0	468.051	2144.27
-31634.0	7818.0	466.794	2199.5
-31634.0	7818.0	465.537	2274.6
-31634.0	7818.0	464.279	2152.87
-31634.0	7818.0	463.021	2096.77
-31634.0	7818.0	461.763	2153.96
-31634.0	7818.0	460.505	2105.83
-31634.0	7818.0	459.246	2093.48
-31634.0	7818.0	457.987	2013.61
-31634.0	7818.0	456.728	2072.75
-31634.0	7818.0	455.469	2012.77
-31634.0	7818.0	454.209	2034.18
-31634.0	7818.0	452.949	2053.6
-31634.0	7818.0	451.689	1999.61
-31634.0	7818.0	450.428	1965.47
-31634.0	7818.0	449.167	2020.59
-31634.0	7818.0	447.906	1984.48
-31634.0	7818.0	446.645	2027.67
-31634.0	7818.0	445.383	1993.56
-31634.0	7818.0	444.122	1985.22
-31634.0	7818.0	442.86	1996.69
-31634.0	7818.0	441.597	1996.27
-31634.0	7818.0	440.335	1922.59
-31634.0	7818.0	439.072	2005.34
-31634.0	7818.0	437.809	1963.35
-31634.0	7818.0	436.545	2059.9
-31634.0	7818.0	435.281	2027.82
-31634.0	7818.0	434.018	1997.73
-31634.0	7818.0	432.753	2052.68
-31634.0	7818.0	431.489	2050.27
-31634.0	7818.0	430.224	2014.26
-31634.0	7818.0	428.959	2023.72
-31634.0	7818.0	427.694	2007.49
-31634.0	7818.0	426.428	1999.17
-31634.0	7818.0	425.163	2016.53
-31634.0	7818.0	423.896	2000.31
-31634.0	7818.0	422.63	1946.58
-31634.0	7818.0	421.364	2074.47
-31634.0	7818.0	420.097	2022.73
-31634.0	7818.0	418.83	2016.39
-31634.0	7818.0	417.562	2004.13
-31634.0	7818.0	416.295	2062.87
-31634.0	7818.0	415.027	2056.52
-31634.0	7818.0	413.758	2073.83
-31634.0	7818.0	412.49	1976.82
-31634.0	7818.0	411.221	1974.44
-31634.0	7818.0	409.952	1974.02
-31634.0	7818.0	408.683	1957.85
-31634.0	7818.0	407.414	1947.59
-31634.0	7818.0	406.144	1990.5
-31634.0	7818.0	404.874	1942.84
-31634.0	7818.0	403.603	2040.83
-31634.0	7818.0	402.333	1989.24
-31634.0	7818.0	401.062	1947.52
-31634.0	7818.0	399.791	1962.84
-31634.0	7818.0	398.519	1934.9
-31634.0	7818.0	397.248	2032.79
-31634.0	7818.0	395.976	2002.88
-31634.0	7818.0	394.704	1953.33
-31634.0	7818.0	393.431	1888.08
-31634.0	7818.0	392.159	1968.22
-31634.0	7818.0	390.886	2007.08
-31634.0	7818.0	389.612	2024.33
-31634.0	7818.0	388.339	1947.35
-31634.0	7818.0	387.065	1980.3
-31634.0	7818.0	385.791	2005.39
-31634.0	7818.0	384.517	1928.46
-31634.0	7818.0	383.242	1933.94
-31634.0	7818.0	381.967	1923.72
-31634.0	7818.0	380.692	2003.7
-31634.0	7818.0	379.417	1913.11
-31634.0	7818.0	378.141	1961.7
-31634.0	7818.0	376.865	2006.35
-31634.0	7818.0	375.589	2002.01
-31634.0	7818.0	374.312	1968.29
-31634.0	7818.0	373.035	1999.21
-31634.0	7818.0	371.758	1963.54
-31634.0	7818.0	370.481	2014.02
-31634.0	7818.0	369.204	1988.15
-31634.0	7818.0	367.926	2046.43
-31634.0	7818.0	366.648	1991.23
-31634.0	7818.0	365.369	1941.91
-31634.0	7818.0	364.091	2004.07
-31634.0	7818.0	362.812	2029.06
-31634.0	7818.0	361.532	2003.22
-31634.0	7818.0	360.253	1944.18
-31634.0	7818.0	358.973	1996.51
-31634.0	7818.0	357.693	2048.83
-31634.0	7818.0	356.413	2026.91
-31634.0	7818.0	355.132	2020.63
-31634.0	7818.0	353.852	2117.79
-31634.0	7818.0	352.571	1998.3
-31634.0	7818.0	351.289	2015.44
-31634.0	7818.0	350.008	2077.43
-31634.0	7818.0	348.726	1987.28
-31634.0	7818.0	347.444	2055.11
-31634.0	7818.0	346.161	2023.48
-31634.0	7818.0	344.878	2065.93
-31634.0	7818.0	343.595	1987.55
-31634.0	7818.0	342.312	2070.9
-31634.0	7818.0	341.029	2101.62
-31634.0	7818.0	339.745	2056.39
-31634.0	7818.0	338.461	2161.08
-31634.0	7818.0	337.176	2145.05
-31634.0	7818.0	335.892	2097.89
-31634.0	7818.0	334.607	2072.15
-31634.0	7818.0	333.322	2124.23
-31634.0	7818.0	332.036	2168.51
-31634.0	7818.0	330.75	2150.55
-31634.0	7818.0	329.464	2060.67
-31634.0	7818.0	328.178	2145.75
-31634.0	7818.0	326.892	2180.27
-31634.0	7818.0	325.605	2100.16
-31634.0	7818.0	324.318	2113.31
-31634.0	7818.0	323.03	2107.03
-31634.0	7818.0	321.743	2180.36
-31634.0	7818.0	320.455	2197.37
-31634.0	7818.0	319.167	2156.15
-31634.0	7818.0	317.878	2196.43
-31634.0	7818.0	316.59	2164.93
-31634.0	7818.0	315.301	2139.25
-31634.0	7818.0	314.011	2262.9
-31634.0	7818.0	312.722	2190.69
-31634.0	7818.0	311.432	2137.89
-31634.0	7818.0	310.142	2149.06
-31634.0	7818.0	308.851	2214.47
-31634.0	7818.0	307.561	2212.07
-31634.0	7818.0	306.27	2269.69
-31634.0	7818.0	304.979	2166.59
-31634.0	7818.0	303.687	2342.28
-31634.0	7818.0	302.395	2277.92
-31634.0	7818.0	301.103	2308.39
-31634.0	7818.0	299.811	2286.62
-31634.0	7818.0	298.519	2291.93
-31634.0	7818.0	297.226	2326.25
-31634.0	7818.0	295.933	2227.16
-31634.0	7818.0	294.639	2276.94
-31634.0	7818.0	293.345	2307.37
-31634.0	7818.0	292.052	2248.92
-31634.0	7818.0	290.757	2171.17
-31634.0	7818.0	289.463	2203.54
-31634.0	7818.0	288.168	2216.58
-31634.0	7818.0	286.873	2196.81
-31634.0	7818.0	285.578	2161.6
-31634.0	7818.0	284.282	2246.04
-31634.0	7818.0	282.986	2260.99
-31634.0	7818.0	281.69	2279.8
-31634.0	7818.0	280.393	2177.11
-31634.0	7818.0	279.097	2140.01
-31634.0	7818.0	277.8	2176.18
-31634.0	7818.0	276.502	2173.78
-31634.0	7818.0	275.205	2117.44
-31634.0	7818.0	273.907	2103.51
-31634.0	7818.0	272.609	2137.72
-31634.0	7818.0	271.311	2171.93
-31634.0	7818.0	270.012	2106.01
-31634.0	7818.0	268.713	2095.93
-31634.0	7818.0	267.414	2120.5
-31634.0	7818.0	266.114	2077.72
-31634.0	7818.0	264.814	2094.59
-31634.0	7818.0	263.514	2115.29
-31634.0	7818.0	262.214	2051.4
-31634.0	7818.0	260.913	2150.91
-31634.0	7818.0	259.613	2079.34
-31634.0	7818.0	258.311	2050.08
-31634.0	7818.0	257.01	2026.59
-31634.0	7818.0	255.708	2058.8
-31634.0	7818.0	254.406	2064.12
-31634.0	7818.0	253.104	2100.15
-31634.0	7818.0	251.801	2015.26
-31634.0	7818.0	250.499	2055.12
-31634.0	7818.0	249.195	2018.23
-31634.0	7818.0	247.892	2033.14
-31634.0	7818.0	246.588	2057.63
-31634.0	7818.0	245.284	2055.28
-31634.0	7818.0	243.98	1964.75
-31634.0	7818.0	242.676	1971.99
-31634.0	7818.0	241.371	1988.81
-31634.0	7818.0	240.066	1996.05
-31634.0	7818.0	238.76	2043.5
-31634.0	7818.0	237.455	2010.51
-31634.0	7818.0	236.149	1996.68
-31634.0	7818.0	234.843	1979.02
-31634.0	7818.0	233.536	1993.91
-31634.0	7818.0	232.229	2045.13
-31634.0	7818.0	230.922	2019.83
-31634.0	7818.0	229.615	1944.81
-31634.0	7818.0	228.307	2007.49
-31634.0	7818.0	227.0	1974.56
-31634.0	7818.0	225.691	1966.49
-31634.0	7818.0	224.383	1929.77
-31634.0	7818.0	223.074	1906.43
-31634.0	7818.0	221.765	1944.22
-31634.0	7818.0	220.456	1943.8
-31634.0	7818.0	219.146	1912.84
-31634.0	7818.0	217.836	1979.23
-31634.0	7818.0	216.526	2016.97
-31634.0	7818.0	215.216	1936.41
-31634.0	7818.0	213.905	1974.14
-31634.0	7818.0	212.594	1943.2
-31634.0	7818.0	211.283	1965.67
-31634.0	7818.0	209.971	1959.52
-31634.0	7818.0	208.66	1974.35
-31634.0	7818.0	207.348	2036.8
-31634.0	7818.0	206.035	1992.55
-31634.0	7818.0	204.722	2005.45
-31634.0	7818.0	203.409	2005.02
-31634.0	7818.0	202.096	1913.21
-31634.0	7818.0	200.783	2021.29
-31634.0	7818.0	199.469	1918.1
-31634.0	7818.0	198.155	2007.1
-31634.0	7818.0	196.84	1974.33
-31634.0	7818.0	195.526	1983.42
-31634.0	7818.0	194.211	1984.89
-31634.0	7818.0	192.896	1904.63
-31634.0	7818.0	191.58	2181.68
-31634.0	7818.0	190.264	2091.91
-31634.0	7818.0	188.948	2097.16
-31634.0	7818.0	187.632	2058.72
-31634.0	7818.0	186.315	2003.22
-31634.0	7818.0	184.998	1978.11
-31634.0	7818.0	183.681	2053.6
-31634.0	7818.0	182.364	2134.75
-31634.0	7818.0	181.046	2037.54
-31634.0	7818.0	179.728	2050.37
-31634.0	7818.0	178.41	2099.24
-31634.0	7818.0	177.091	2079.83
-31634.0	7818.0	175.772	2050.95
-31634.0	7818.0	174.453	2061.87
-31634.0	7818.0	173.133	1961.01
-31634.0	7818.0	171.814	2032.57
-31634.0	7818.0	170.494	2041.6
-31634.0	7818.0	169.173	2111.22
-31634.0	7818.0	167.853	2135.38
-31634.0	7818.0	166.532	2114.1
-31634.0	7818.0	165.211	2098.5
-31634.0	7818.0	163.889	2086.7
-31634.0	7818.0	162.567	2050.31
-31634.0	7818.0	161.245	2049.87
-31634.0	7818.0	159.923	2041.87
-31634.0	7818.0	158.6	2109.47
-31634.0	7818.0	157.278	2122.25
-31634.0	7818.0	155.954	2142.57
-31634.0	7818.0	154.631	2178.0
-31634.0	7818.0	153.307	2166.2
-31634.0	7818.0	151.983	2110.97
-31634.0	7818.0	150.659	2112.41
-31634.0	7818.0	149.334	2134.6
-31634.0	7818.0	148.009	2145.46
-31634.0	7818.0	146.684	2112.93
-31634.0	7818.0	145.359	2110.58
-31634.0	7818.0	144.033	2140.3
-31634.0	7818.0	142.707	2164.35
-31634.0	7818.0	141.381	2160.11
-31634.0	7818.0	140.054	2155.88
-31634.0	7818.0	138.727	2129.03
-31634.0	7818.0	137.4	2137.99
-31634.0	7818.0	136.072	2075.38
-31634.0	7818.0	134.745	2101.29
-31634.0	7818.0	133.417	2119.67
-31634.0	7818.0	132.088	2141.79
-31634.0	7818.0	130.76	2133.8
-31634.0	7818.0	129.431	2197.31
-31634.0	7818.0	128.102	2191.19
-31634.0	7818.0	126.772	2168.15
-31634.0	7818.0	125.442	2203.4
-31634.0	7818.0	124.112	2122.1
-31634.0	7818.0	122.782	2129.16
-31634.0	7818.0	121.451	2153.13
-31634.0	7818.0	120.12	2147.03
-31634.0	7818.0	118.789	2142.81
-31634.0	7818.0	117.458	2067.24
-31634.0	7818.0	116.126	2106.22
-31634.0	7818.0	114.794	2105.76
-31634.0	7818.0	113.462	2193.5
-31634.0	7818.0	112.129	2134.87
-31634.0	7818.0	110.796	2130.65
-31634.0	7818.0	109.463	2081.44
-31634.0	7818.0	108.129	2127.86
-31634.0	7818.0	106.796	2037.43
-31634.0	7818.0	105.461	2100.7
-31634.0	7818.0	104.127	2019.69
-31634.0	7818.0	102.792	2049.22
-31634.0	7818.0	101.457	1938.29
-31634.0	7818.0	100.122	1892.93
-31634.0	7818.0	98.7867	1961.79
-31634.0	7818.0	97.4509	1961.36
-31634.0	7818.0	96.1148	1884.22
-31634.0	7818.0	94.7784	1848.27
-31634.0	7818.0	93.4418	1806.72
-31634.0	7818.0	92.1048	1854.95
-31634.0	7818.0	90.7676	1856.42
-31634.0	7818.0	89.43	1816.77
-31634.0	7818.0	88.0922	1750.97
-31634.0	7818.0	86.7541	1795.43
-31634.0	7818.0	85.4157	1778.23
