-31898.0	7470.0	1311.89	1176.57
-31898.0	7470.0	1310.78	1244.51
-31898.0	7470.0	1309.68	1176.19
-31898.0	7470.0	1308.58	1228.22
-31898.0	7470.0	1307.48	1287.04
-31898.0	7470.0	1306.38	1216.48
-31898.0	7470.0	1305.28	1257.13
-31898.0	7470.0	1304.18	1261.46
-31898.0	7470.0	1303.07	1297.56
-31898.0	7470.0	1301.97	1236.11
-31898.0	7470.0	1300.87	1238.18
-31898.0	7470.0	1299.77	1228.91
-31898.0	7470.0	1298.66	1162.97
-31898.0	7470.0	1297.56	1244.38
-31898.0	7470.0	1296.46	1255.52
-31898.0	7470.0	1295.35	1282.51
-31898.0	7470.0	1294.25	1295.89
-31898.0	7470.0	1293.15	1259.44
-31898.0	7470.0	1292.04	1243.39
-31898.0	7470.0	1290.94	1270.36
-31898.0	7470.0	1289.83	1199.97
-31898.0	7470.0	1288.73	1211.09
-31898.0	7470.0	1287.63	1244.85
-31898.0	7470.0	1286.52	1194.86
-31898.0	7470.0	1285.42	1262.55
-31898.0	7470.0	1284.31	1282.71
-31898.0	7470.0	1283.21	1210.12
-31898.0	7470.0	1282.1	1257.41
-31898.0	7470.0	1280.99	1252.69
-31898.0	7470.0	1279.89	1247.97
-31898.0	7470.0	1278.78	1213.86
-31898.0	7470.0	1277.68	1218.18
-31898.0	7470.0	1276.57	1263.18
-31898.0	7470.0	1275.46	1256.2
-31898.0	7470.0	1274.36	1269.55
-31898.0	7470.0	1273.25	1206.1
-31898.0	7470.0	1272.14	1266.88
-31898.0	7470.0	1271.04	1239.58
-31898.0	7470.0	1269.93	1237.12
-31898.0	7470.0	1268.82	1209.83
-31898.0	7470.0	1267.71	1232.2
-31898.0	7470.0	1266.61	1252.31
-31898.0	7470.0	1265.5	1265.65
-31898.0	7470.0	1264.39	1231.6
-31898.0	7470.0	1263.28	1224.64
-31898.0	7470.0	1262.17	1219.93
-31898.0	7470.0	1261.06	1235.51
-31898.0	7470.0	1259.95	1181.21
-31898.0	7470.0	1258.84	1223.84
-31898.0	7470.0	1257.74	1219.14
-31898.0	7470.0	1256.63	1232.46
-31898.0	7470.0	1255.52	1232.26
-31898.0	7470.0	1254.41	1214.04
-31898.0	7470.0	1253.3	1261.13
-31898.0	7470.0	1252.19	1175.36
-31898.0	7470.0	1251.08	1222.45
-31898.0	7470.0	1249.96	1222.25
-31898.0	7470.0	1248.85	1188.29
-31898.0	7470.0	1247.74	1201.6
-31898.0	7470.0	1246.63	1277.89
-31898.0	7470.0	1245.52	1228.2
-31898.0	7470.0	1244.41	1205.51
-31898.0	7470.0	1243.3	1198.56
-31898.0	7470.0	1242.18	1202.86
-31898.0	7470.0	1241.07	1184.68
-31898.0	7470.0	1239.96	1240.68
-31898.0	7470.0	1238.85	1152.83
-31898.0	7470.0	1237.74	1181.85
-31898.0	7470.0	1236.62	1222.1
-31898.0	7470.0	1235.51	1230.88
-31898.0	7470.0	1234.4	1284.58
-31898.0	7470.0	1233.28	1158.62
-31898.0	7470.0	1232.17	1214.56
-31898.0	7470.0	1231.06	1164.98
-31898.0	7470.0	1229.94	1184.98
-31898.0	7470.0	1228.83	1200.5
-31898.0	7470.0	1227.71	1245.17
-31898.0	7470.0	1226.6	1173.18
-31898.0	7470.0	1225.48	1150.56
-31898.0	7470.0	1224.37	1192.98
-31898.0	7470.0	1223.25	1168.12
-31898.0	7470.0	1222.14	1188.1
-31898.0	7470.0	1221.02	1237.21
-31898.0	7470.0	1219.91	1174.26
-31898.0	7470.0	1218.79	1115.81
-31898.0	7470.0	1217.68	1138.03
-31898.0	7470.0	1216.56	1196.08
-31898.0	7470.0	1215.44	1186.92
-31898.0	7470.0	1214.33	1150.9
-31898.0	7470.0	1213.21	1226.83
-31898.0	7470.0	1212.09	1195.29
-31898.0	7470.0	1210.98	1192.85
-31898.0	7470.0	1209.86	1161.33
-31898.0	7470.0	1208.74	1172.32
-31898.0	7470.0	1207.62	1223.58
-31898.0	7470.0	1206.51	1151.81
-31898.0	7470.0	1205.39	1191.86
-31898.0	7470.0	1204.27	1155.89
-31898.0	7470.0	1203.15	1166.88
-31898.0	7470.0	1202.03	1171.16
-31898.0	7470.0	1200.91	1213.42
-31898.0	7470.0	1199.8	1195.34
-31898.0	7470.0	1198.68	1168.34
-31898.0	7470.0	1197.56	1165.91
-31898.0	7470.0	1196.44	1199.21
-31898.0	7470.0	1195.32	1172.22
-31898.0	7470.0	1194.2	1172.03
-31898.0	7470.0	1193.08	1171.83
-31898.0	7470.0	1191.96	1173.87
-31898.0	7470.0	1190.84	1213.83
-31898.0	7470.0	1189.72	1215.86
-31898.0	7470.0	1188.6	1153.2
-31898.0	7470.0	1187.48	1217.69
-31898.0	7470.0	1186.35	1161.74
-31898.0	7470.0	1185.23	1183.84
-31898.0	7470.0	1184.11	1161.35
-31898.0	7470.0	1182.99	1163.38
-31898.0	7470.0	1181.87	1189.93
-31898.0	7470.0	1180.75	1171.91
-31898.0	7470.0	1179.62	1144.98
-31898.0	7470.0	1178.5	1189.33
-31898.0	7470.0	1177.38	1160.18
-31898.0	7470.0	1176.26	1235.69
-31898.0	7470.0	1175.13	1155.34
-31898.0	7470.0	1174.01	1208.57
-31898.0	7470.0	1172.89	1206.14
-31898.0	7470.0	1171.76	1197.03
-31898.0	7470.0	1170.64	1165.69
-31898.0	7470.0	1169.51	1125.46
-31898.0	7470.0	1168.39	1149.73
-31898.0	7470.0	1167.27	1180.67
-31898.0	7470.0	1166.14	1176.02
-31898.0	7470.0	1165.02	1189.16
-31898.0	7470.0	1163.89	1142.29
-31898.0	7470.0	1162.77	1182.09
-31898.0	7470.0	1161.64	1155.23
-31898.0	7470.0	1160.52	1186.14
-31898.0	7470.0	1159.39	1141.52
-31898.0	7470.0	1158.26	1194.62
-31898.0	7470.0	1157.14	1158.89
-31898.0	7470.0	1156.01	1127.62
-31898.0	7470.0	1154.88	1134.09
-31898.0	7470.0	1153.76	1149.43
-31898.0	7470.0	1152.63	1144.8
-31898.0	7470.0	1151.5	1142.39
-31898.0	7470.0	1150.38	1182.12
-31898.0	7470.0	1149.25	1153.09
-31898.0	7470.0	1148.12	1126.29
-31898.0	7470.0	1146.99	1168.21
-31898.0	7470.0	1145.87	1185.75
-31898.0	7470.0	1144.74	1181.11
-31898.0	7470.0	1143.61	1152.11
-31898.0	7470.0	1142.48	1156.35
-31898.0	7470.0	1141.35	1100.78
-31898.0	7470.0	1140.22	1111.66
-31898.0	7470.0	1139.09	1115.9
-31898.0	7470.0	1137.97	1109.07
-31898.0	7470.0	1136.84	1119.95
-31898.0	7470.0	1135.71	1128.61
-31898.0	7470.0	1134.58	1190.37
-31898.0	7470.0	1133.45	1130.44
-31898.0	7470.0	1132.32	1139.09
-31898.0	7470.0	1131.19	1152.17
-31898.0	7470.0	1130.05	1187.35
-31898.0	7470.0	1128.92	1123.04
-31898.0	7470.0	1127.79	1156.0
-31898.0	7470.0	1126.66	1169.06
-31898.0	7470.0	1125.53	1186.54
-31898.0	7470.0	1124.4	1122.27
-31898.0	7470.0	1123.27	1219.26
-31898.0	7470.0	1122.13	1121.89
-31898.0	7470.0	1121.0	1150.4
-31898.0	7470.0	1119.87	1075.14
-31898.0	7470.0	1118.74	1163.25
-31898.0	7470.0	1117.6	1154.22
-31898.0	7470.0	1116.47	1147.4
-31898.0	7470.0	1115.34	1140.59
-31898.0	7470.0	1114.2	1111.72
-31898.0	7470.0	1113.07	1087.27
-31898.0	7470.0	1111.94	1060.62
-31898.0	7470.0	1110.8	1093.51
-31898.0	7470.0	1109.67	1130.79
-31898.0	7470.0	1108.54	1130.6
-31898.0	7470.0	1107.4	1145.83
-31898.0	7470.0	1106.27	1090.55
-31898.0	7470.0	1105.13	1116.8
-31898.0	7470.0	1104.0	1118.81
-31898.0	7470.0	1102.86	1114.21
-31898.0	7470.0	1101.72	1153.65
-31898.0	7470.0	1100.59	1089.61
-31898.0	7470.0	1099.45	1151.05
-31898.0	7470.0	1098.32	1159.65
-31898.0	7470.0	1097.18	1089.05
-31898.0	7470.0	1096.04	1157.05
-31898.0	7470.0	1094.91	1117.27
-31898.0	7470.0	1093.77	1134.66
-31898.0	7470.0	1092.63	1193.83
-31898.0	7470.0	1091.5	1114.49
-31898.0	7470.0	1090.36	1158.25
-31898.0	7470.0	1089.22	1100.92
-31898.0	7470.0	1088.08	1078.76
-31898.0	7470.0	1086.95	1065.39
-31898.0	7470.0	1085.81	1063.01
-31898.0	7470.0	1084.67	1150.66
-31898.0	7470.0	1083.53	1137.29
-31898.0	7470.0	1082.39	1084.41
-31898.0	7470.0	1081.25	1161.04
-31898.0	7470.0	1080.11	1121.33
-31898.0	7470.0	1078.97	1107.98
-31898.0	7470.0	1077.83	1088.04
-31898.0	7470.0	1076.69	1083.46
-31898.0	7470.0	1075.55	1129.33
-31898.0	7470.0	1074.41	1113.78
-31898.0	7470.0	1073.27	1128.93
-31898.0	7470.0	1072.13	1137.5
-31898.0	7470.0	1070.99	1135.11
-31898.0	7470.0	1069.85	1058.23
-31898.0	7470.0	1068.71	1018.62
-31898.0	7470.0	1067.57	1125.76
-31898.0	7470.0	1066.43	1083.96
-31898.0	7470.0	1065.28	1079.39
-31898.0	7470.0	1064.14	1074.82
-31898.0	7470.0	1063.0	1085.58
-31898.0	7470.0	1061.86	1059.13
-31898.0	7470.0	1060.71	1111.45
-31898.0	7470.0	1059.57	1126.57
-31898.0	7470.0	1058.43	1132.93
-31898.0	7470.0	1057.29	1102.12
-31898.0	7470.0	1056.14	1099.74
-31898.0	7470.0	1055.0	1123.59
-31898.0	7470.0	1053.85	1075.31
-31898.0	7470.0	1052.71	1042.35
-31898.0	7470.0	1051.57	1105.52
-31898.0	7470.0	1050.42	1116.25
-31898.0	7470.0	1049.28	1070.19
-31898.0	7470.0	1048.13	1100.57
-31898.0	7470.0	1046.99	1082.92
-31898.0	7470.0	1045.84	1100.19
-31898.0	7470.0	1044.7	1038.88
-31898.0	7470.0	1043.55	1128.17
-31898.0	7470.0	1042.4	1079.97
-31898.0	7470.0	1041.26	1108.14
-31898.0	7470.0	1040.11	1140.66
-31898.0	7470.0	1038.97	1066.32
-31898.0	7470.0	1037.82	1142.44
-31898.0	7470.0	1036.67	1083.38
-31898.0	7470.0	1035.53	1061.39
-31898.0	7470.0	1034.38	1146.19
-31898.0	7470.0	1033.23	1095.88
-31898.0	7470.0	1032.08	1047.76
-31898.0	7470.0	1030.94	1112.91
-31898.0	7470.0	1029.79	1167.15
-31898.0	7470.0	1028.64	1103.81
-31898.0	7470.0	1027.49	1153.68
-31898.0	7470.0	1026.34	1164.36
-31898.0	7470.0	1025.19	1214.2
-31898.0	7470.0	1024.04	1135.66
-31898.0	7470.0	1022.89	1078.91
-31898.0	7470.0	1021.74	1117.86
-31898.0	7470.0	1020.59	1172.02
-31898.0	7470.0	1019.45	1132.68
-31898.0	7470.0	1018.29	1178.13
-31898.0	7470.0	1017.14	1125.76
-31898.0	7470.0	1015.99	1121.21
-31898.0	7470.0	1014.84	1118.84
-31898.0	7470.0	1013.69	1144.71
-31898.0	7470.0	1012.54	1155.36
-31898.0	7470.0	1011.39	1116.07
-31898.0	7470.0	1010.24	1181.0
-31898.0	7470.0	1009.09	1080.95
-31898.0	7470.0	1007.93	1154.54
-31898.0	7470.0	1006.78	1186.88
-31898.0	7470.0	1005.63	1173.65
-31898.0	7470.0	1004.48	1212.49
-31898.0	7470.0	1003.32	1190.58
-31898.0	7470.0	1002.17	1218.56
-31898.0	7470.0	1001.02	1196.66
-31898.0	7470.0	999.865	1213.79
-31898.0	7470.0	998.711	1204.9
-31898.0	7470.0	997.558	1252.35
-31898.0	7470.0	996.403	1258.63
-31898.0	7470.0	995.249	1251.91
-31898.0	7470.0	994.095	1288.5
-31898.0	7470.0	992.94	1264.45
-31898.0	7470.0	991.785	1314.01
-31898.0	7470.0	990.63	1296.46
-31898.0	7470.0	989.475	1423.9
-31898.0	7470.0	988.319	1453.94
-31898.0	7470.0	987.164	1455.84
-31898.0	7470.0	986.008	1492.35
-31898.0	7470.0	984.852	1433.69
-31898.0	7470.0	983.695	1478.84
-31898.0	7470.0	982.539	1476.41
-31898.0	7470.0	981.382	1534.5
-31898.0	7470.0	980.225	1467.23
-31898.0	7470.0	979.068	1523.14
-31898.0	7470.0	977.911	1490.47
-31898.0	7470.0	976.753	1567.95
-31898.0	7470.0	975.595	1511.52
-31898.0	7470.0	974.437	1565.22
-31898.0	7470.0	973.279	1530.4
-31898.0	7470.0	972.121	1551.71
-31898.0	7470.0	970.962	1540.64
-31898.0	7470.0	969.803	1551.15
-31898.0	7470.0	968.644	1555.18
-31898.0	7470.0	967.485	1529.02
-31898.0	7470.0	966.326	1569.71
-31898.0	7470.0	965.166	1659.97
-31898.0	7470.0	964.006	1631.65
-31898.0	7470.0	962.846	1614.12
-31898.0	7470.0	961.686	1590.12
-31898.0	7470.0	960.525	1576.91
-31898.0	7470.0	959.365	1557.24
-31898.0	7470.0	958.204	1572.03
-31898.0	7470.0	957.043	1586.82
-31898.0	7470.0	955.881	1554.24
-31898.0	7470.0	954.72	1588.39
-31898.0	7470.0	953.558	1562.28
-31898.0	7470.0	952.396	1572.75
-31898.0	7470.0	951.234	1578.92
-31898.0	7470.0	950.071	1610.89
-31898.0	7470.0	948.909	1608.45
-31898.0	7470.0	947.746	1653.31
-31898.0	7470.0	946.583	1592.82
-31898.0	7470.0	945.42	1611.87
-31898.0	7470.0	944.256	1594.39
-31898.0	7470.0	943.092	1705.81
-31898.0	7470.0	941.929	1677.58
-31898.0	7470.0	940.765	1670.83
-31898.0	7470.0	939.6	1588.93
-31898.0	7470.0	938.436	1571.46
-31898.0	7470.0	937.271	1599.08
-31898.0	7470.0	936.106	1521.53
-31898.0	7470.0	934.941	1562.02
-31898.0	7470.0	933.775	1520.97
-31898.0	7470.0	932.61	1432.76
-31898.0	7470.0	931.444	1385.32
-31898.0	7470.0	930.278	1344.33
-31898.0	7470.0	929.112	1243.33
-31898.0	7470.0	927.945	1180.94
-31898.0	7470.0	926.779	1204.3
-31898.0	7470.0	925.612	1116.24
-31898.0	7470.0	924.445	1197.43
-31898.0	7470.0	923.278	1150.09
-31898.0	7470.0	922.11	1139.18
-31898.0	7470.0	920.942	1132.54
-31898.0	7470.0	919.774	1164.44
-31898.0	7470.0	918.606	1144.97
-31898.0	7470.0	917.438	1144.76
-31898.0	7470.0	916.269	1174.5
-31898.0	7470.0	915.1	1093.0
-31898.0	7470.0	913.931	1129.15
-31898.0	7470.0	912.762	1049.83
-31898.0	7470.0	911.593	1135.15
-31898.0	7470.0	910.423	1092.2
-31898.0	7470.0	909.253	978.734
-31898.0	7470.0	908.083	1064.02
-31898.0	7470.0	906.913	1053.14
-31898.0	7470.0	905.742	1097.8
-31898.0	7470.0	904.572	1027.13
-31898.0	7470.0	903.401	1065.37
-31898.0	7470.0	902.229	1109.99
-31898.0	7470.0	901.058	1114.06
-31898.0	7470.0	899.886	1066.91
-31898.0	7470.0	898.715	1090.18
-31898.0	7470.0	897.543	1075.04
-31898.0	7470.0	896.37	1094.04
-31898.0	7470.0	895.198	1130.08
-31898.0	7470.0	894.025	1070.18
-31898.0	7470.0	892.852	1044.41
-31898.0	7470.0	891.679	1101.75
-31898.0	7470.0	890.506	1088.76
-31898.0	7470.0	889.332	1011.87
-31898.0	7470.0	888.158	1133.09
-31898.0	7470.0	886.984	1100.93
-31898.0	7470.0	885.81	1081.57
-31898.0	7470.0	884.636	1060.08
-31898.0	7470.0	883.461	1040.73
-31898.0	7470.0	882.286	1053.3
-31898.0	7470.0	881.111	1029.7
-31898.0	7470.0	879.936	1016.75
-31898.0	7470.0	878.76	1110.13
-31898.0	7470.0	877.584	1086.54
-31898.0	7470.0	876.408	1120.35
-31898.0	7470.0	875.232	1107.39
-31898.0	7470.0	874.056	1079.55
-31898.0	7470.0	872.879	1043.23
-31898.0	7470.0	871.702	1011.17
-31898.0	7470.0	870.525	1019.48
-31898.0	7470.0	869.348	1042.65
-31898.0	7470.0	868.17	1053.07
-31898.0	7470.0	866.993	1078.34
-31898.0	7470.0	865.815	1076.02
-31898.0	7470.0	864.637	1054.6
-31898.0	7470.0	863.458	1052.28
-31898.0	7470.0	862.28	1035.11
-31898.0	7470.0	861.101	1003.11
-31898.0	7470.0	859.922	1077.13
-31898.0	7470.0	858.742	1036.65
-31898.0	7470.0	857.563	1025.86
-31898.0	7470.0	856.383	1025.66
-31898.0	7470.0	855.203	1063.61
-31898.0	7470.0	854.023	1067.65
-31898.0	7470.0	852.843	1058.97
-31898.0	7470.0	851.662	1037.6
-31898.0	7470.0	850.481	1041.64
-31898.0	7470.0	849.3	980.056
-31898.0	7470.0	848.119	988.337
-31898.0	7470.0	846.937	1032.59
-31898.0	7470.0	845.756	979.502
-31898.0	7470.0	844.574	1053.35
-31898.0	7470.0	843.392	1082.76
-31898.0	7470.0	842.209	1048.72
-31898.0	7470.0	841.027	1023.16
-31898.0	7470.0	839.844	1031.42
-31898.0	7470.0	838.661	993.186
-31898.0	7470.0	837.477	1041.59
-31898.0	7470.0	836.294	1047.73
-31898.0	7470.0	835.11	1068.65
-31898.0	7470.0	833.926	1060.01
-31898.0	7470.0	832.742	1072.47
-31898.0	7470.0	831.558	1057.49
-31898.0	7470.0	830.373	1069.96
-31898.0	7470.0	829.188	1071.86
-31898.0	7470.0	828.003	1071.66
-31898.0	7470.0	826.818	1018.73
-31898.0	7470.0	825.632	1010.1
-31898.0	7470.0	824.446	1018.34
-31898.0	7470.0	823.26	1047.66
-31898.0	7470.0	822.074	1043.24
-31898.0	7470.0	820.888	1011.44
-31898.0	7470.0	819.701	1070.24
-31898.0	7470.0	818.514	1011.05
-31898.0	7470.0	817.327	1057.19
-31898.0	7470.0	816.14	1113.84
-31898.0	7470.0	814.952	1079.95
-31898.0	7470.0	813.765	1033.44
-31898.0	7470.0	812.577	1026.93
-31898.0	7470.0	811.388	1030.94
-31898.0	7470.0	810.2	1016.02
-31898.0	7470.0	809.011	1059.99
-31898.0	7470.0	807.822	1049.28
-31898.0	7470.0	806.633	1004.93
-31898.0	7470.0	805.444	1025.75
-31898.0	7470.0	804.254	1027.66
-31898.0	7470.0	803.064	1075.79
-31898.0	7470.0	801.874	1062.98
-31898.0	7470.0	800.684	1027.07
-31898.0	7470.0	799.493	1096.17
-31898.0	7470.0	798.303	1089.66
-31898.0	7470.0	797.112	1076.86
-31898.0	7470.0	795.921	1089.25
-31898.0	7470.0	794.729	1030.28
-31898.0	7470.0	793.538	1036.38
-31898.0	7470.0	792.346	1057.16
-31898.0	7470.0	791.154	1065.34
-31898.0	7470.0	789.961	1014.82
-31898.0	7470.0	788.769	1031.39
-31898.0	7470.0	787.576	1085.69
-31898.0	7470.0	786.383	1064.53
-31898.0	7470.0	785.19	1030.8
-31898.0	7470.0	783.996	1024.32
-31898.0	7470.0	782.802	990.612
-31898.0	7470.0	781.608	1026.02
-31898.0	7470.0	780.414	1078.16
-31898.0	7470.0	779.22	1069.58
-31898.0	7470.0	778.025	1006.59
-31898.0	7470.0	776.83	1035.69
-31898.0	7470.0	775.635	1025.03
-31898.0	7470.0	774.44	1024.83
-31898.0	7470.0	773.244	1045.55
-31898.0	7470.0	772.049	1082.98
-31898.0	7470.0	770.853	1011.7
-31898.0	7470.0	769.656	1051.21
-31898.0	7470.0	768.46	1021.76
-31898.0	7470.0	767.263	1032.0
-31898.0	7470.0	766.066	996.297
-31898.0	7470.0	764.869	991.928
-31898.0	7470.0	763.672	1014.7
-31898.0	7470.0	762.474	1035.38
-31898.0	7470.0	761.276	983.004
-31898.0	7470.0	760.078	1005.77
-31898.0	7470.0	758.88	1066.07
-31898.0	7470.0	757.681	1053.35
-31898.0	7470.0	756.483	1013.52
-31898.0	7470.0	755.284	1059.2
-31898.0	7470.0	754.084	1036.06
-31898.0	7470.0	752.885	1029.61
-31898.0	7470.0	751.685	1044.0
-31898.0	7470.0	750.485	991.708
-31898.0	7470.0	749.285	987.35
-31898.0	7470.0	748.085	1028.81
-31898.0	7470.0	746.884	997.377
-31898.0	7470.0	745.683	972.202
-31898.0	7470.0	744.482	1036.54
-31898.0	7470.0	743.281	1032.17
-31898.0	7470.0	742.079	1004.92
-31898.0	7470.0	740.877	1023.45
-31898.0	7470.0	739.675	998.294
-31898.0	7470.0	738.473	1016.81
-31898.0	7470.0	737.27	983.352
-31898.0	7470.0	736.068	1008.1
-31898.0	7470.0	734.865	1074.41
-31898.0	7470.0	733.661	1005.63
-31898.0	7470.0	732.458	984.662
-31898.0	7470.0	731.254	1003.16
-31898.0	7470.0	730.05	1063.19
-31898.0	7470.0	728.846	1050.52
-31898.0	7470.0	727.642	1025.41
-31898.0	7470.0	726.437	981.626
-31898.0	7470.0	725.232	1025.01
-31898.0	7470.0	724.027	958.423
-31898.0	7470.0	722.822	985.198
-31898.0	7470.0	721.616	1009.89
-31898.0	7470.0	720.41	1005.55
-31898.0	7470.0	719.204	1017.79
-31898.0	7470.0	717.998	1050.75
-31898.0	7470.0	716.791	1027.75
-31898.0	7470.0	715.585	1031.69
-31898.0	7470.0	714.378	1147.48
-31898.0	7470.0	713.17	1045.78
-31898.0	7470.0	711.963	1024.87
-31898.0	7470.0	710.755	1010.18
-31898.0	7470.0	709.547	1005.84
-31898.0	7470.0	708.339	1044.96
-31898.0	7470.0	707.131	1040.62
-31898.0	7470.0	705.922	1001.11
-31898.0	7470.0	704.713	1069.16
-31898.0	7470.0	703.504	1040.0
-31898.0	7470.0	702.295	952.976
-31898.0	7470.0	701.085	1020.99
-31898.0	7470.0	699.875	1006.33
-31898.0	7470.0	698.665	1024.72
-31898.0	7470.0	697.455	1127.8
-31898.0	7470.0	696.244	1080.08
-31898.0	7470.0	695.034	1040.63
-31898.0	7470.0	693.822	1056.94
-31898.0	7470.0	692.611	1023.71
-31898.0	7470.0	691.4	1054.46
-31898.0	7470.0	690.188	1037.75
-31898.0	7470.0	688.976	1018.98
-31898.0	7470.0	687.764	1064.15
-31898.0	7470.0	686.551	1018.58
-31898.0	7470.0	685.339	1071.98
-31898.0	7470.0	684.126	1082.07
-31898.0	7470.0	682.912	1067.43
-31898.0	7470.0	681.699	1065.16
-31898.0	7470.0	680.485	1085.55
-31898.0	7470.0	679.271	1103.87
-31898.0	7470.0	678.057	1085.12
-31898.0	7470.0	676.843	1025.2
-31898.0	7470.0	675.628	1066.16
-31898.0	7470.0	674.413	1072.12
-31898.0	7470.0	673.198	1084.26
-31898.0	7470.0	671.983	1108.73
-31898.0	7470.0	670.767	1137.3
-31898.0	7470.0	669.551	1118.57
-31898.0	7470.0	668.335	1110.12
-31898.0	7470.0	667.119	1074.96
-31898.0	7470.0	665.902	1058.31
-31898.0	7470.0	664.686	1111.51
-31898.0	7470.0	663.469	1096.91
-31898.0	7470.0	662.251	1078.21
-31898.0	7470.0	661.034	1137.54
-31898.0	7470.0	659.816	1073.68
-31898.0	7470.0	658.598	1052.94
-31898.0	7470.0	657.38	1038.36
-31898.0	7470.0	656.161	1027.9
-31898.0	7470.0	654.942	1062.57
-31898.0	7470.0	653.723	1130.03
-31898.0	7470.0	652.504	1078.55
-31898.0	7470.0	651.285	1041.43
-31898.0	7470.0	650.065	1039.17
-31898.0	7470.0	648.845	1102.49
-31898.0	7470.0	647.625	1030.56
-31898.0	7470.0	646.404	1124.58
-31898.0	7470.0	645.184	1120.26
-31898.0	7470.0	643.963	1056.56
-31898.0	7470.0	642.742	1103.44
-31898.0	7470.0	641.52	1070.47
-31898.0	7470.0	640.298	1113.23
-31898.0	7470.0	639.076	1053.67
-31898.0	7470.0	637.854	1137.33
-31898.0	7470.0	636.632	1098.24
-31898.0	7470.0	635.409	1079.62
-31898.0	7470.0	634.186	1038.52
-31898.0	7470.0	632.963	1052.62
-31898.0	7470.0	631.74	1038.1
-31898.0	7470.0	630.516	1064.45
-31898.0	7470.0	629.292	1117.35
-31898.0	7470.0	628.068	1096.7
-31898.0	7470.0	626.844	1074.02
-31898.0	7470.0	625.619	1071.77
-31898.0	7470.0	624.394	1047.06
-31898.0	7470.0	623.169	1103.98
-31898.0	7470.0	621.944	1116.0
-31898.0	7470.0	620.718	1064.78
-31898.0	7470.0	619.492	1101.28
-31898.0	7470.0	618.266	1109.21
-31898.0	7470.0	617.04	1082.49
-31898.0	7470.0	615.813	1098.58
-31898.0	7470.0	614.587	1128.92
-31898.0	7470.0	613.36	1059.42
-31898.0	7470.0	612.132	1124.39
-31898.0	7470.0	610.905	1085.47
-31898.0	7470.0	609.677	1073.04
-31898.0	7470.0	608.449	1140.0
-31898.0	7470.0	607.22	1151.98
-31898.0	7470.0	605.992	1062.21
-31898.0	7470.0	604.763	1086.41
-31898.0	7470.0	603.534	1080.09
-31898.0	7470.0	602.305	1018.86
-31898.0	7470.0	601.075	1055.26
-31898.0	7470.0	599.845	1050.98
-31898.0	7470.0	598.615	1089.38
-31898.0	7470.0	597.385	1091.19
-31898.0	7470.0	596.154	1095.04
-31898.0	7470.0	594.924	1066.38
-31898.0	7470.0	593.693	1110.84
-31898.0	7470.0	592.461	1090.31
-31898.0	7470.0	591.23	1130.69
-31898.0	7470.0	589.998	1039.13
-31898.0	7470.0	588.766	1081.53
-31898.0	7470.0	587.534	1087.4
-31898.0	7470.0	586.301	1123.69
-31898.0	7470.0	585.068	1095.07
-31898.0	7470.0	583.835	1074.57
-31898.0	7470.0	582.602	1090.57
-31898.0	7470.0	581.368	1011.31
-31898.0	7470.0	580.134	1073.92
-31898.0	7470.0	578.9	1108.14
-31898.0	7470.0	577.666	1079.56
-31898.0	7470.0	576.432	1109.71
-31898.0	7470.0	575.197	1046.72
-31898.0	7470.0	573.962	1087.0
-31898.0	7470.0	572.726	1078.68
-31898.0	7470.0	571.491	1098.69
-31898.0	7470.0	570.255	1084.31
-31898.0	7470.0	569.019	1027.46
-31898.0	7470.0	567.783	1093.98
-31898.0	7470.0	566.546	1079.6
-31898.0	7470.0	565.309	1069.28
-31898.0	7470.0	564.072	1125.65
-31898.0	7470.0	562.835	1143.6
-31898.0	7470.0	561.597	1123.17
-31898.0	7470.0	560.359	1139.09
-31898.0	7470.0	559.121	1144.92
-31898.0	7470.0	557.883	1128.54
-31898.0	7470.0	556.644	1144.45
-31898.0	7470.0	555.406	1130.09
-31898.0	7470.0	554.167	1184.34
-31898.0	7470.0	552.927	1165.94
-31898.0	7470.0	551.688	1151.58
-31898.0	7470.0	550.448	1127.15
-31898.0	7470.0	549.208	1211.59
-31898.0	7470.0	547.967	1251.66
-31898.0	7470.0	546.727	1203.04
-31898.0	7470.0	545.486	1233.01
-31898.0	7470.0	544.245	1297.22
-31898.0	7470.0	543.003	1309.03
-31898.0	7470.0	541.762	1256.42
-31898.0	7470.0	540.52	1318.56
-31898.0	7470.0	539.278	1324.33
-31898.0	7470.0	538.035	1378.39
-31898.0	7470.0	536.793	1452.55
-31898.0	7470.0	535.55	1526.67
-31898.0	7470.0	534.307	1638.98
-31898.0	7470.0	533.063	1707.0
-31898.0	7470.0	531.82	1809.17
-31898.0	7470.0	530.576	1927.37
-31898.0	7470.0	529.331	2152.03
-31898.0	7470.0	528.087	2611.63
-31898.0	7470.0	526.842	3083.1
-31898.0	7470.0	525.597	4194.97
-31898.0	7470.0	524.352	6270.08
-31898.0	7470.0	523.107	11568.1
-31898.0	7470.0	521.861	23147.4
-31898.0	7470.0	520.615	29420.9
-31898.0	7470.0	519.369	21653.4
-31898.0	7470.0	518.122	12673.7
-31898.0	7470.0	516.876	7613.87
-31898.0	7470.0	515.629	5210.53
-31898.0	7470.0	514.381	3872.52
-31898.0	7470.0	513.134	3052.08
-31898.0	7470.0	511.886	2572.6
-31898.0	7470.0	510.638	2345.71
-31898.0	7470.0	509.39	2084.87
-31898.0	7470.0	508.141	1930.26
-31898.0	7470.0	506.892	1755.69
-31898.0	7470.0	505.643	1713.3
-31898.0	7470.0	504.394	1620.89
-31898.0	7470.0	503.145	1520.52
-31898.0	7470.0	501.895	1430.2
-31898.0	7470.0	500.645	1391.91
-31898.0	7470.0	499.394	1415.61
-31898.0	7470.0	498.144	1329.36
-31898.0	7470.0	496.893	1407.03
-31898.0	7470.0	495.642	1310.83
-31898.0	7470.0	494.39	1270.6
-31898.0	7470.0	493.139	1312.28
-31898.0	7470.0	491.887	1284.05
-31898.0	7470.0	490.635	1287.78
-31898.0	7470.0	489.382	1269.55
-31898.0	7470.0	488.13	1265.29
-31898.0	7470.0	486.877	1193.2
-31898.0	7470.0	485.623	1232.85
-31898.0	7470.0	484.37	1154.81
-31898.0	7470.0	483.116	1206.42
-31898.0	7470.0	481.862	1234.08
-31898.0	7470.0	480.608	1221.86
-31898.0	7470.0	479.354	1231.57
-31898.0	7470.0	478.099	1161.58
-31898.0	7470.0	476.844	1245.01
-31898.0	7470.0	475.588	1165.08
-31898.0	7470.0	474.333	1226.57
-31898.0	7470.0	473.077	1196.45
-31898.0	7470.0	471.821	1220.09
-31898.0	7470.0	470.565	1237.74
-31898.0	7470.0	469.308	1136.02
-31898.0	7470.0	468.051	1179.55
-31898.0	7470.0	466.794	1221.06
-31898.0	7470.0	465.537	1220.81
-31898.0	7470.0	464.279	1123.15
-31898.0	7470.0	463.021	1200.43
-31898.0	7470.0	461.763	1210.11
-31898.0	7470.0	460.505	1197.94
-31898.0	7470.0	459.246	1225.5
-31898.0	7470.0	457.987	1129.92
-31898.0	7470.0	456.728	1167.41
-31898.0	7470.0	455.469	1163.2
-31898.0	7470.0	454.209	1186.77
-31898.0	7470.0	452.949	1216.29
-31898.0	7470.0	451.689	1198.18
-31898.0	7470.0	450.428	1233.63
-31898.0	7470.0	449.167	1235.35
-31898.0	7470.0	447.906	1197.43
-31898.0	7470.0	446.645	1234.84
-31898.0	7470.0	445.383	1242.51
-31898.0	7470.0	444.122	1161.02
-31898.0	7470.0	442.86	1224.16
-31898.0	7470.0	441.597	1233.81
-31898.0	7470.0	440.335	1225.63
-31898.0	7470.0	439.072	1259.03
-31898.0	7470.0	437.809	1236.99
-31898.0	7470.0	436.545	1258.5
-31898.0	7470.0	435.281	1272.09
-31898.0	7470.0	434.018	1267.86
-31898.0	7470.0	432.753	1247.82
-31898.0	7470.0	431.489	1215.93
-31898.0	7470.0	430.224	1257.18
-31898.0	7470.0	428.959	1235.18
-31898.0	7470.0	427.694	1232.95
-31898.0	7470.0	426.428	1181.33
-31898.0	7470.0	425.163	1196.88
-31898.0	7470.0	423.896	1240.07
-31898.0	7470.0	422.63	1198.35
-31898.0	7470.0	421.364	1209.94
-31898.0	7470.0	420.097	1237.32
-31898.0	7470.0	418.83	1183.79
-31898.0	7470.0	417.562	1171.7
-31898.0	7470.0	416.295	1179.35
-31898.0	7470.0	415.027	1214.59
-31898.0	7470.0	413.758	1259.68
-31898.0	7470.0	412.49	1212.11
-31898.0	7470.0	411.221	1213.83
-31898.0	7470.0	409.952	1233.27
-31898.0	7470.0	408.683	1197.56
-31898.0	7470.0	407.414	1220.94
-31898.0	7470.0	406.144	1175.4
-31898.0	7470.0	404.874	1200.74
-31898.0	7470.0	403.603	1220.17
-31898.0	7470.0	402.333	1227.78
-31898.0	7470.0	401.062	1266.87
-31898.0	7470.0	399.791	1262.67
-31898.0	7470.0	398.519	1272.23
-31898.0	7470.0	397.248	1224.78
-31898.0	7470.0	395.976	1224.53
-31898.0	7470.0	394.704	1204.62
-31898.0	7470.0	393.431	1231.87
-31898.0	7470.0	392.159	1261.07
-31898.0	7470.0	390.886	1239.21
-31898.0	7470.0	389.612	1231.09
-31898.0	7470.0	388.339	1240.65
-31898.0	7470.0	387.065	1228.61
-31898.0	7470.0	385.791	1318.61
-31898.0	7470.0	384.517	1239.86
-31898.0	7470.0	383.242	1288.64
-31898.0	7470.0	381.967	1274.64
-31898.0	7470.0	380.692	1278.29
-31898.0	7470.0	379.417	1268.22
-31898.0	7470.0	378.141	1275.79
-31898.0	7470.0	376.865	1287.28
-31898.0	7470.0	375.589	1222.36
-31898.0	7470.0	374.312	1288.69
-31898.0	7470.0	373.035	1288.42
-31898.0	7470.0	371.758	1292.06
-31898.0	7470.0	370.481	1221.33
-31898.0	7470.0	369.204	1301.3
-31898.0	7470.0	367.926	1328.42
-31898.0	7470.0	366.648	1306.62
-31898.0	7470.0	365.369	1277.01
-31898.0	7470.0	364.091	1280.65
-31898.0	7470.0	362.812	1264.74
-31898.0	7470.0	361.532	1295.74
-31898.0	7470.0	360.253	1289.61
-31898.0	7470.0	358.973	1322.54
-31898.0	7470.0	357.693	1291.01
-31898.0	7470.0	356.413	1241.92
-31898.0	7470.0	355.132	1323.66
-31898.0	7470.0	353.852	1333.14
-31898.0	7470.0	352.571	1289.92
-31898.0	7470.0	351.289	1295.5
-31898.0	7470.0	350.008	1312.78
-31898.0	7470.0	348.726	1293.0
-31898.0	7470.0	347.444	1355.12
-31898.0	7470.0	346.161	1239.82
-31898.0	7470.0	344.878	1340.9
-31898.0	7470.0	343.595	1315.29
-31898.0	7470.0	342.312	1346.18
-31898.0	7470.0	341.029	1324.47
-31898.0	7470.0	339.745	1345.61
-31898.0	7470.0	338.461	1304.44
-31898.0	7470.0	337.176	1432.63
-31898.0	7470.0	335.892	1360.32
-31898.0	7470.0	334.607	1358.09
-31898.0	7470.0	333.322	1392.81
-31898.0	7470.0	332.036	1341.95
-31898.0	7470.0	330.75	1351.39
-31898.0	7470.0	329.464	1368.6
-31898.0	7470.0	328.178	1370.25
-31898.0	7470.0	326.892	1317.49
-31898.0	7470.0	325.605	1375.5
-31898.0	7470.0	324.318	1404.34
-31898.0	7470.0	323.03	1435.11
-31898.0	7470.0	321.743	1382.38
-31898.0	7470.0	320.455	1455.85
-31898.0	7470.0	319.167	1449.72
-31898.0	7470.0	317.878	1398.97
-31898.0	7470.0	316.59	1474.32
-31898.0	7470.0	315.301	1425.52
-31898.0	7470.0	314.011	1464.0
-31898.0	7470.0	312.722	1475.32
-31898.0	7470.0	311.432	1531.22
-31898.0	7470.0	310.142	1528.95
-31898.0	7470.0	308.851	1534.44
-31898.0	7470.0	307.561	1650.33
-31898.0	7470.0	306.27	1680.97
-31898.0	7470.0	304.979	1636.08
-31898.0	7470.0	303.687	1726.71
-31898.0	7470.0	302.395	1666.34
-31898.0	7470.0	301.103	1662.12
-31898.0	7470.0	299.811	1559.23
-31898.0	7470.0	298.519	1585.98
-31898.0	7470.0	297.226	1516.03
-31898.0	7470.0	295.933	1496.37
-31898.0	7470.0	294.639	1550.17
-31898.0	7470.0	293.345	1468.68
-31898.0	7470.0	292.052	1495.41
-31898.0	7470.0	290.757	1390.79
-31898.0	7470.0	289.463	1407.87
-31898.0	7470.0	288.168	1392.12
-31898.0	7470.0	286.873	1420.78
-31898.0	7470.0	285.578	1426.27
-31898.0	7470.0	284.282	1433.68
-31898.0	7470.0	282.986	1421.8
-31898.0	7470.0	281.69	1444.64
-31898.0	7470.0	280.393	1338.27
-31898.0	7470.0	279.097	1363.05
-31898.0	7470.0	277.8	1368.54
-31898.0	7470.0	276.502	1435.7
-31898.0	7470.0	275.205	1391.08
-31898.0	7470.0	273.907	1346.48
-31898.0	7470.0	272.609	1353.89
-31898.0	7470.0	271.311	1388.26
-31898.0	7470.0	270.012	1368.71
-31898.0	7470.0	268.713	1337.63
-31898.0	7470.0	267.414	1377.75
-31898.0	7470.0	266.114	1362.06
-31898.0	7470.0	264.814	1359.85
-31898.0	7470.0	263.514	1346.1
-31898.0	7470.0	262.214	1297.74
-31898.0	7470.0	260.913	1307.08
-31898.0	7470.0	259.613	1337.55
-31898.0	7470.0	258.311	1325.73
-31898.0	7470.0	257.01	1310.08
-31898.0	7470.0	255.708	1380.86
-31898.0	7470.0	254.406	1374.8
-31898.0	7470.0	253.104	1341.87
-31898.0	7470.0	251.801	1316.63
-31898.0	7470.0	250.499	1370.08
-31898.0	7470.0	249.195	1312.23
-31898.0	7470.0	247.892	1361.82
-31898.0	7470.0	246.588	1340.44
-31898.0	7470.0	245.284	1342.06
-31898.0	7470.0	243.98	1334.11
-31898.0	7470.0	242.676	1326.16
-31898.0	7470.0	241.371	1354.61
-31898.0	7470.0	240.066	1340.91
-31898.0	7470.0	238.76	1338.71
-31898.0	7470.0	237.455	1348.0
-31898.0	7470.0	236.149	1297.94
-31898.0	7470.0	234.843	1291.91
-31898.0	7470.0	233.536	1310.77
-31898.0	7470.0	232.229	1369.8
-31898.0	7470.0	230.922	1350.38
-31898.0	7470.0	229.615	1336.7
-31898.0	7470.0	228.307	1275.23
-31898.0	7470.0	227.0	1334.22
-31898.0	7470.0	225.691	1322.46
-31898.0	7470.0	224.383	1272.5
-31898.0	7470.0	223.074	1255.04
-31898.0	7470.0	221.765	1245.22
-31898.0	7470.0	220.456	1275.5
-31898.0	7470.0	219.146	1311.5
-31898.0	7470.0	217.836	1274.95
-31898.0	7470.0	216.526	1257.5
-31898.0	7470.0	215.216	1241.97
-31898.0	7470.0	213.905	1274.13
-31898.0	7470.0	212.594	1260.51
-31898.0	7470.0	211.283	1279.3
-31898.0	7470.0	209.971	1252.34
-31898.0	7470.0	208.66	1267.32
-31898.0	7470.0	207.348	1270.86
-31898.0	7470.0	206.035	1262.96
-31898.0	7470.0	204.722	1266.5
-31898.0	7470.0	203.409	1290.98
-31898.0	7470.0	202.096	1283.09
-31898.0	7470.0	200.783	1284.72
-31898.0	7470.0	199.469	1240.67
-31898.0	7470.0	198.155	1278.46
-31898.0	7470.0	196.84	1240.14
-31898.0	7470.0	195.526	1253.18
-31898.0	7470.0	194.211	1283.33
-31898.0	7470.0	192.896	1292.56
-31898.0	7470.0	191.58	1362.6
-31898.0	7470.0	190.264	1311.01
-31898.0	7470.0	188.948	1287.93
-31898.0	7470.0	187.632	1299.05
-31898.0	7470.0	186.315	1268.39
-31898.0	7470.0	184.998	1279.5
-31898.0	7470.0	183.681	1281.13
-31898.0	7470.0	182.364	1303.62
-31898.0	7470.0	181.046	1360.25
-31898.0	7470.0	179.728	1280.3
-31898.0	7470.0	178.41	1346.39
-31898.0	7470.0	177.091	1275.96
-31898.0	7470.0	175.772	1292.74
-31898.0	7470.0	174.453	1284.88
-31898.0	7470.0	173.133	1301.66
-31898.0	7470.0	171.814	1322.21
-31898.0	7470.0	170.494	1316.25
-31898.0	7470.0	169.173	1274.31
-31898.0	7470.0	167.853	1262.67
-31898.0	7470.0	166.532	1290.79
-31898.0	7470.0	165.211	1320.79
-31898.0	7470.0	163.889	1295.91
-31898.0	7470.0	162.567	1331.57
-31898.0	7470.0	161.245	1338.84
-31898.0	7470.0	159.923	1329.1
-31898.0	7470.0	158.6	1277.78
-31898.0	7470.0	157.278	1311.52
-31898.0	7470.0	155.954	1298.01
-31898.0	7470.0	154.631	1320.4
-31898.0	7470.0	153.307	1348.44
-31898.0	7470.0	151.983	1299.06
-31898.0	7470.0	150.659	1315.77
-31898.0	7470.0	149.334	1368.33
-31898.0	7470.0	148.009	1356.72
-31898.0	7470.0	146.684	1335.67
-31898.0	7470.0	145.359	1342.93
-31898.0	7470.0	144.033	1361.5
-31898.0	7470.0	142.707	1368.74
-31898.0	7470.0	141.381	1338.29
-31898.0	7470.0	140.054	1315.39
-31898.0	7470.0	138.727	1301.91
-31898.0	7470.0	137.4	1363.79
-31898.0	7470.0	136.072	1301.35
-31898.0	7470.0	134.745	1329.31
-31898.0	7470.0	133.417	1289.49
-31898.0	7470.0	132.088	1360.74
-31898.0	7470.0	130.76	1349.15
-31898.0	7470.0	129.431	1346.98
-31898.0	7470.0	128.102	1350.45
-31898.0	7470.0	126.772	1340.76
-31898.0	7470.0	125.442	1391.23
-31898.0	7470.0	124.112	1351.45
-31898.0	7470.0	122.782	1390.63
-31898.0	7470.0	121.451	1339.6
-31898.0	7470.0	120.12	1363.73
-31898.0	7470.0	118.789	1389.73
-31898.0	7470.0	117.458	1393.18
-31898.0	7470.0	116.126	1344.07
-31898.0	7470.0	114.794	1347.54
-31898.0	7470.0	113.462	1364.13
-31898.0	7470.0	112.129	1380.72
-31898.0	7470.0	110.796	1367.29
-31898.0	7470.0	109.463	1325.75
-31898.0	7470.0	108.129	1310.46
-31898.0	7470.0	106.796	1312.05
-31898.0	7470.0	105.461	1347.37
-31898.0	7470.0	104.127	1333.97
-31898.0	7470.0	102.792	1260.63
-31898.0	7470.0	101.457	1258.48
-31898.0	7470.0	100.122	1233.87
-31898.0	7470.0	98.7867	1233.6
-31898.0	7470.0	97.4509	1214.62
-31898.0	7470.0	96.1148	1214.36
-31898.0	7470.0	94.7784	1159.85
-31898.0	7470.0	93.4418	1187.65
-31898.0	7470.0	92.1048	1148.13
-31898.0	7470.0	90.7676	1140.4
-31898.0	7470.0	89.43	1082.21
-31898.0	7470.0	88.0922	1080.11
-31898.0	7470.0	86.7541	1109.77
-31898.0	7470.0	85.4157	1137.55
