-31898.0	7498.0	1311.89	1208.36
-31898.0	7498.0	1310.78	1255.86
-31898.0	7498.0	1309.68	1285.18
-31898.0	7498.0	1308.58	1244.11
-31898.0	7498.0	1307.48	1291.58
-31898.0	7498.0	1306.38	1209.67
-31898.0	7498.0	1305.28	1236.71
-31898.0	7498.0	1304.18	1277.35
-31898.0	7498.0	1303.07	1234.04
-31898.0	7498.0	1301.97	1270.13
-31898.0	7498.0	1300.87	1276.73
-31898.0	7498.0	1299.77	1208.51
-31898.0	7498.0	1298.66	1253.65
-31898.0	7498.0	1297.56	1314.65
-31898.0	7498.0	1296.46	1246.45
-31898.0	7498.0	1295.35	1223.59
-31898.0	7498.0	1294.25	1277.77
-31898.0	7498.0	1293.15	1248.12
-31898.0	7498.0	1292.04	1311.33
-31898.0	7498.0	1290.94	1268.09
-31898.0	7498.0	1289.83	1279.21
-31898.0	7498.0	1288.73	1213.36
-31898.0	7498.0	1287.63	1269.75
-31898.0	7498.0	1286.52	1206.18
-31898.0	7498.0	1285.42	1192.41
-31898.0	7498.0	1284.31	1260.08
-31898.0	7498.0	1283.21	1203.33
-31898.0	7498.0	1282.1	1187.31
-31898.0	7498.0	1280.99	1171.29
-31898.0	7498.0	1279.89	1214.05
-31898.0	7498.0	1278.78	1268.11
-31898.0	7498.0	1277.68	1238.52
-31898.0	7498.0	1276.57	1247.36
-31898.0	7498.0	1275.46	1147.75
-31898.0	7498.0	1274.36	1292.14
-31898.0	7498.0	1273.25	1210.62
-31898.0	7498.0	1272.14	1289.46
-31898.0	7498.0	1271.04	1217.0
-31898.0	7498.0	1269.93	1246.15
-31898.0	7498.0	1268.82	1203.06
-31898.0	7498.0	1267.71	1193.84
-31898.0	7498.0	1266.61	1186.88
-31898.0	7498.0	1265.5	1276.93
-31898.0	7498.0	1264.39	1195.51
-31898.0	7498.0	1263.28	1195.32
-31898.0	7498.0	1262.17	1256.01
-31898.0	7498.0	1261.06	1215.22
-31898.0	7498.0	1259.95	1208.26
-31898.0	7498.0	1258.84	1183.27
-31898.0	7498.0	1257.74	1225.9
-31898.0	7498.0	1256.63	1218.94
-31898.0	7498.0	1255.52	1243.52
-31898.0	7498.0	1254.41	1164.48
-31898.0	7498.0	1253.3	1227.35
-31898.0	7498.0	1252.19	1240.66
-31898.0	7498.0	1251.08	1235.95
-31898.0	7498.0	1249.96	1229.0
-31898.0	7498.0	1248.85	1269.31
-31898.0	7498.0	1247.74	1226.35
-31898.0	7498.0	1246.63	1156.4
-31898.0	7498.0	1245.52	1162.96
-31898.0	7498.0	1244.41	1160.52
-31898.0	7498.0	1243.3	1178.32
-31898.0	7498.0	1242.18	1205.11
-31898.0	7498.0	1241.07	1182.43
-31898.0	7498.0	1239.96	1173.25
-31898.0	7498.0	1238.85	1182.05
-31898.0	7498.0	1237.74	1224.54
-31898.0	7498.0	1236.62	1208.62
-31898.0	7498.0	1235.51	1203.93
-31898.0	7498.0	1234.4	1158.81
-31898.0	7498.0	1233.28	1210.27
-31898.0	7498.0	1232.17	1189.86
-31898.0	7498.0	1231.06	1191.91
-31898.0	7498.0	1229.94	1160.3
-31898.0	7498.0	1228.83	1258.84
-31898.0	7498.0	1227.71	1222.73
-31898.0	7498.0	1226.6	1224.78
-31898.0	7498.0	1225.48	1195.42
-31898.0	7498.0	1224.37	1179.52
-31898.0	7498.0	1223.25	1203.99
-31898.0	7498.0	1222.14	1183.62
-31898.0	7498.0	1221.02	1246.18
-31898.0	7498.0	1219.91	1223.56
-31898.0	7498.0	1218.79	1167.35
-31898.0	7498.0	1217.68	1194.04
-31898.0	7498.0	1216.56	1191.6
-31898.0	7498.0	1215.44	1229.47
-31898.0	7498.0	1214.33	1184.49
-31898.0	7498.0	1213.21	1195.49
-31898.0	7498.0	1212.09	1199.77
-31898.0	7498.0	1210.98	1161.52
-31898.0	7498.0	1209.86	1197.13
-31898.0	7498.0	1208.74	1183.51
-31898.0	7498.0	1207.62	1178.84
-31898.0	7498.0	1206.51	1174.17
-31898.0	7498.0	1205.39	1207.52
-31898.0	7498.0	1204.27	1218.5
-31898.0	7498.0	1203.15	1204.88
-31898.0	7498.0	1202.03	1200.21
-31898.0	7498.0	1200.91	1191.07
-31898.0	7498.0	1199.8	1217.69
-31898.0	7498.0	1198.68	1179.51
-31898.0	7498.0	1197.56	1201.65
-31898.0	7498.0	1196.44	1185.81
-31898.0	7498.0	1195.32	1223.57
-31898.0	7498.0	1194.2	1154.17
-31898.0	7498.0	1193.08	1174.06
-31898.0	7498.0	1191.96	1162.71
-31898.0	7498.0	1190.84	1077.72
-31898.0	7498.0	1189.72	1160.09
-31898.0	7498.0	1188.6	1186.66
-31898.0	7498.0	1187.48	1179.77
-31898.0	7498.0	1186.35	1275.46
-31898.0	7498.0	1185.23	1219.51
-31898.0	7498.0	1184.11	1221.53
-31898.0	7498.0	1182.99	1165.61
-31898.0	7498.0	1181.87	1165.42
-31898.0	7498.0	1180.75	1176.36
-31898.0	7498.0	1179.62	1187.3
-31898.0	7498.0	1178.5	1187.1
-31898.0	7498.0	1177.38	1193.59
-31898.0	7498.0	1176.26	1271.31
-31898.0	7498.0	1175.13	1231.03
-31898.0	7498.0	1174.01	1146.25
-31898.0	7498.0	1172.89	1221.71
-31898.0	7498.0	1171.76	1181.46
-31898.0	7498.0	1170.64	1194.61
-31898.0	7498.0	1169.51	1167.72
-31898.0	7498.0	1168.39	1145.28
-31898.0	7498.0	1167.27	1147.31
-31898.0	7498.0	1166.14	1129.34
-31898.0	7498.0	1165.02	1155.82
-31898.0	7498.0	1163.89	1144.51
-31898.0	7498.0	1162.77	1108.77
-31898.0	7498.0	1161.64	1079.7
-31898.0	7498.0	1160.52	1115.06
-31898.0	7498.0	1159.39	1137.08
-31898.0	7498.0	1158.26	1196.84
-31898.0	7498.0	1157.14	1138.91
-31898.0	7498.0	1156.01	1169.8
-31898.0	7498.0	1154.88	1122.99
-31898.0	7498.0	1153.76	1171.62
-31898.0	7498.0	1152.63	1160.33
-31898.0	7498.0	1151.5	1155.7
-31898.0	7498.0	1150.38	1126.67
-31898.0	7498.0	1149.25	1117.61
-31898.0	7498.0	1148.12	1175.06
-31898.0	7498.0	1146.99	1192.6
-31898.0	7498.0	1145.87	1110.39
-31898.0	7498.0	1144.74	1172.25
-31898.0	7498.0	1143.61	1154.33
-31898.0	7498.0	1142.48	1154.13
-31898.0	7498.0	1141.35	1178.3
-31898.0	7498.0	1140.22	1102.81
-31898.0	7498.0	1139.09	1115.9
-31898.0	7498.0	1137.97	1166.63
-31898.0	7498.0	1136.84	1137.66
-31898.0	7498.0	1135.71	1183.94
-31898.0	7498.0	1134.58	1135.06
-31898.0	7498.0	1133.45	1141.5
-31898.0	7498.0	1132.32	1181.12
-31898.0	7498.0	1131.19	1174.28
-31898.0	7498.0	1130.05	1123.23
-31898.0	7498.0	1128.92	1156.2
-31898.0	7498.0	1127.79	1138.32
-31898.0	7498.0	1126.66	1142.54
-31898.0	7498.0	1125.53	1144.56
-31898.0	7498.0	1124.4	1128.9
-31898.0	7498.0	1123.27	1137.54
-31898.0	7498.0	1122.13	1115.26
-31898.0	7498.0	1121.0	1192.35
-31898.0	7498.0	1119.87	1119.29
-31898.0	7498.0	1118.74	1121.31
-31898.0	7498.0	1117.6	1136.57
-31898.0	7498.0	1116.47	1162.85
-31898.0	7498.0	1115.34	1100.88
-31898.0	7498.0	1114.2	1140.39
-31898.0	7498.0	1113.07	1182.1
-31898.0	7498.0	1111.94	1162.05
-31898.0	7498.0	1110.8	1108.94
-31898.0	7498.0	1109.67	1152.84
-31898.0	7498.0	1108.54	1106.36
-31898.0	7498.0	1107.4	1139.22
-31898.0	7498.0	1106.27	1086.15
-31898.0	7498.0	1105.13	1090.36
-31898.0	7498.0	1104.0	1140.83
-31898.0	7498.0	1102.86	1149.44
-31898.0	7498.0	1101.72	1151.45
-31898.0	7498.0	1100.59	1118.23
-31898.0	7498.0	1099.45	1124.64
-31898.0	7498.0	1098.32	1144.25
-31898.0	7498.0	1097.18	1104.45
-31898.0	7498.0	1096.04	1062.47
-31898.0	7498.0	1094.91	1117.27
-31898.0	7498.0	1093.77	1150.06
-31898.0	7498.0	1092.63	1185.03
-31898.0	7498.0	1091.5	1116.69
-31898.0	7498.0	1090.36	1145.06
-31898.0	7498.0	1089.22	1087.73
-31898.0	7498.0	1088.08	1089.74
-31898.0	7498.0	1086.95	1115.91
-31898.0	7498.0	1085.81	1076.19
-31898.0	7498.0	1084.67	1104.55
-31898.0	7498.0	1083.53	1115.33
-31898.0	7498.0	1082.39	1077.82
-31898.0	7498.0	1081.25	1132.5
-31898.0	7498.0	1080.11	1147.67
-31898.0	7498.0	1078.97	1101.39
-31898.0	7498.0	1077.83	1112.17
-31898.0	7498.0	1076.69	1129.52
-31898.0	7498.0	1075.55	1087.66
-31898.0	7498.0	1074.41	1094.05
-31898.0	7498.0	1073.27	1109.2
-31898.0	7498.0	1072.13	1082.71
-31898.0	7498.0	1070.99	1093.48
-31898.0	7498.0	1069.85	1128.34
-31898.0	7498.0	1068.71	1112.81
-31898.0	7498.0	1067.57	1086.34
-31898.0	7498.0	1066.43	1055.49
-31898.0	7498.0	1065.28	1094.71
-31898.0	7498.0	1064.14	1120.79
-31898.0	7498.0	1063.0	1096.52
-31898.0	7498.0	1061.86	1129.15
-31898.0	7498.0	1060.71	1111.45
-31898.0	7498.0	1059.57	1124.38
-31898.0	7498.0	1058.43	1069.51
-31898.0	7498.0	1057.29	1143.67
-31898.0	7498.0	1056.14	1110.67
-31898.0	7498.0	1055.0	1029.6
-31898.0	7498.0	1053.85	1094.98
-31898.0	7498.0	1052.71	1081.68
-31898.0	7498.0	1051.57	1046.53
-31898.0	7498.0	1050.42	1094.41
-31898.0	7498.0	1049.28	1105.14
-31898.0	7498.0	1048.13	1089.66
-31898.0	7498.0	1046.99	1163.7
-31898.0	7498.0	1045.84	1108.92
-31898.0	7498.0	1044.7	1117.45
-31898.0	7498.0	1043.55	1136.9
-31898.0	7498.0	1042.4	1171.61
-31898.0	7498.0	1041.26	1173.58
-31898.0	7498.0	1040.11	1131.93
-31898.0	7498.0	1038.97	1099.03
-31898.0	7498.0	1037.82	1061.77
-31898.0	7498.0	1036.67	1092.1
-31898.0	7498.0	1035.53	1133.32
-31898.0	7498.0	1034.38	1083.0
-31898.0	7498.0	1033.23	1102.41
-31898.0	7498.0	1032.08	1163.21
-31898.0	7498.0	1030.94	1106.38
-31898.0	7498.0	1029.79	1164.98
-31898.0	7498.0	1028.64	1114.7
-31898.0	7498.0	1027.49	1116.68
-31898.0	7498.0	1026.34	1105.6
-31898.0	7498.0	1025.19	1148.92
-31898.0	7498.0	1024.04	1135.66
-31898.0	7498.0	1022.89	1196.37
-31898.0	7498.0	1021.74	1163.53
-31898.0	7498.0	1020.59	1161.15
-31898.0	7498.0	1019.45	1147.9
-31898.0	7498.0	1018.29	1102.05
-31898.0	7498.0	1017.14	1164.88
-31898.0	7498.0	1015.99	1227.69
-31898.0	7498.0	1014.84	1212.26
-31898.0	7498.0	1013.69	1194.67
-31898.0	7498.0	1012.54	1179.25
-31898.0	7498.0	1011.39	1187.73
-31898.0	7498.0	1010.24	1209.23
-31898.0	7498.0	1009.09	1217.69
-31898.0	7498.0	1007.93	1204.46
-31898.0	7498.0	1006.78	1241.13
-31898.0	7498.0	1005.63	1212.7
-31898.0	7498.0	1004.48	1186.46
-31898.0	7498.0	1003.32	1233.96
-31898.0	7498.0	1002.17	1203.38
-31898.0	7498.0	1001.02	1198.83
-31898.0	7498.0	999.865	1233.3
-31898.0	7498.0	998.711	1261.25
-31898.0	7498.0	997.558	1250.19
-31898.0	7498.0	996.403	1269.46
-31898.0	7498.0	995.249	1245.41
-31898.0	7498.0	994.095	1327.48
-31898.0	7498.0	992.94	1377.04
-31898.0	7498.0	991.785	1333.49
-31898.0	7498.0	990.63	1324.6
-31898.0	7498.0	989.475	1374.13
-31898.0	7498.0	988.319	1393.36
-31898.0	7498.0	987.164	1460.17
-31898.0	7498.0	986.008	1477.21
-31898.0	7498.0	984.852	1533.16
-31898.0	7498.0	983.695	1478.84
-31898.0	7498.0	982.539	1513.16
-31898.0	7498.0	981.382	1547.47
-31898.0	7498.0	980.225	1564.47
-31898.0	7498.0	979.068	1490.74
-31898.0	7498.0	977.911	1473.19
-31898.0	7498.0	976.753	1522.59
-31898.0	7498.0	975.595	1530.96
-31898.0	7498.0	974.437	1567.38
-31898.0	7498.0	973.279	1556.31
-31898.0	7498.0	972.121	1575.45
-31898.0	7498.0	970.962	1551.43
-31898.0	7498.0	969.803	1607.24
-31898.0	7498.0	968.644	1505.57
-31898.0	7498.0	967.485	1537.65
-31898.0	7498.0	966.326	1569.71
-31898.0	7498.0	965.166	1569.43
-31898.0	7498.0	964.006	1590.7
-31898.0	7498.0	962.846	1588.26
-31898.0	7498.0	961.686	1551.34
-31898.0	7498.0	960.525	1540.29
-31898.0	7498.0	959.365	1535.7
-31898.0	7498.0	958.204	1615.1
-31898.0	7498.0	957.043	1614.81
-31898.0	7498.0	955.881	1597.29
-31898.0	7498.0	954.72	1569.02
-31898.0	7498.0	953.558	1641.9
-31898.0	7498.0	952.396	1551.24
-31898.0	7498.0	951.234	1555.26
-31898.0	7498.0	950.071	1602.29
-31898.0	7498.0	948.909	1520.29
-31898.0	7498.0	947.746	1629.66
-31898.0	7498.0	946.583	1592.82
-31898.0	7498.0	945.42	1603.27
-31898.0	7498.0	944.256	1592.24
-31898.0	7498.0	943.092	1596.24
-31898.0	7498.0	941.929	1684.02
-31898.0	7498.0	940.765	1713.78
-31898.0	7498.0	939.6	1593.22
-31898.0	7498.0	938.436	1616.55
-31898.0	7498.0	937.271	1573.32
-31898.0	7498.0	936.106	1577.33
-31898.0	7498.0	934.941	1519.11
-31898.0	7498.0	933.775	1520.97
-31898.0	7498.0	932.61	1409.16
-31898.0	7498.0	931.444	1370.31
-31898.0	7498.0	930.278	1357.19
-31898.0	7498.0	929.112	1264.76
-31898.0	7498.0	927.945	1303.11
-31898.0	7498.0	926.779	1155.01
-31898.0	7498.0	925.612	1225.5
-31898.0	7498.0	924.445	1156.73
-31898.0	7498.0	923.278	1143.67
-31898.0	7498.0	922.11	1070.65
-31898.0	7498.0	920.942	1108.99
-31898.0	7498.0	919.774	1196.55
-31898.0	7498.0	918.606	1072.2
-31898.0	7498.0	917.438	1123.36
-31898.0	7498.0	916.269	1078.23
-31898.0	7498.0	915.1	1112.25
-31898.0	7498.0	913.931	1141.99
-31898.0	7498.0	912.762	1084.05
-31898.0	7498.0	911.593	1122.33
-31898.0	7498.0	910.423	1072.96
-31898.0	7498.0	909.253	1085.58
-31898.0	7498.0	908.083	1042.65
-31898.0	7498.0	906.913	1083.05
-31898.0	7498.0	905.742	1104.2
-31898.0	7498.0	904.572	1054.89
-31898.0	7498.0	903.401	1056.83
-31898.0	7498.0	902.229	1075.84
-31898.0	7498.0	901.058	1150.34
-31898.0	7498.0	899.886	1051.97
-31898.0	7498.0	898.715	1100.84
-31898.0	7498.0	897.543	1075.04
-31898.0	7498.0	896.37	1079.11
-31898.0	7498.0	895.198	1042.66
-31898.0	7498.0	894.025	1082.97
-31898.0	7498.0	892.852	1101.96
-31898.0	7498.0	891.679	1135.85
-31898.0	7498.0	890.506	1097.29
-31898.0	7498.0	889.332	1065.13
-31898.0	7498.0	888.158	1079.84
-31898.0	7498.0	886.984	1071.12
-31898.0	7498.0	885.81	1077.31
-31898.0	7498.0	884.636	1051.56
-31898.0	7498.0	883.461	1089.68
-31898.0	7498.0	882.286	1046.92
-31898.0	7498.0	881.111	1080.76
-31898.0	7498.0	879.936	1057.16
-31898.0	7498.0	878.76	1080.36
-31898.0	7498.0	877.584	1105.67
-31898.0	7498.0	876.408	1065.07
-31898.0	7498.0	875.232	1079.75
-31898.0	7498.0	874.056	1079.55
-31898.0	7498.0	872.879	1094.22
-31898.0	7498.0	871.702	1023.92
-31898.0	7498.0	870.525	1064.08
-31898.0	7498.0	869.348	1102.1
-31898.0	7498.0	868.17	1044.57
-31898.0	7498.0	866.993	1076.22
-31898.0	7498.0	865.815	1067.53
-31898.0	7498.0	864.637	1024.89
-31898.0	7498.0	863.458	1045.91
-31898.0	7498.0	862.28	1039.35
-31898.0	7498.0	861.101	1013.71
-31898.0	7498.0	859.922	1053.81
-31898.0	7498.0	858.742	1040.89
-31898.0	7498.0	857.563	996.184
-31898.0	7498.0	856.383	1076.52
-31898.0	7498.0	855.203	1065.73
-31898.0	7498.0	854.023	1057.05
-31898.0	7498.0	852.843	1058.97
-31898.0	7498.0	851.662	1012.19
-31898.0	7498.0	850.481	1058.58
-31898.0	7498.0	849.3	996.99
-31898.0	7498.0	848.119	1047.59
-31898.0	7498.0	846.937	994.499
-31898.0	7498.0	845.756	1019.7
-31898.0	7498.0	844.574	1072.38
-31898.0	7498.0	843.392	1106.02
-31898.0	7498.0	842.209	1091.01
-31898.0	7498.0	841.027	1046.41
-31898.0	7498.0	839.844	1050.44
-31898.0	7498.0	838.661	1084.05
-31898.0	7498.0	837.477	1058.49
-31898.0	7498.0	836.294	1056.18
-31898.0	7498.0	835.11	988.399
-31898.0	7498.0	833.926	1072.67
-31898.0	7498.0	832.742	1032.36
-31898.0	7498.0	831.558	1091.27
-31898.0	7498.0	830.373	1055.18
-31898.0	7498.0	829.188	1042.32
-31898.0	7498.0	828.003	1082.21
-31898.0	7498.0	826.818	991.308
-31898.0	7498.0	825.632	1026.97
-31898.0	7498.0	824.446	1047.86
-31898.0	7498.0	823.26	1035.01
-31898.0	7498.0	822.074	1045.35
-31898.0	7498.0	820.888	1045.15
-31898.0	7498.0	819.701	1066.02
-31898.0	7498.0	818.514	1070.03
-31898.0	7498.0	817.327	1065.62
-31898.0	7498.0	816.14	1069.63
-31898.0	7498.0	814.952	1065.21
-31898.0	7498.0	813.765	1043.96
-31898.0	7498.0	812.577	972.215
-31898.0	7498.0	811.388	1066.71
-31898.0	7498.0	810.2	1013.92
-31898.0	7498.0	809.011	1026.34
-31898.0	7498.0	807.822	1085.02
-31898.0	7498.0	806.633	1038.56
-31898.0	7498.0	805.444	1065.69
-31898.0	7498.0	804.254	1101.21
-31898.0	7498.0	803.064	1073.69
-31898.0	7498.0	801.874	1029.37
-31898.0	7498.0	800.684	964.06
-31898.0	7498.0	799.493	1081.47
-31898.0	7498.0	798.303	1129.56
-31898.0	7498.0	797.112	1106.25
-31898.0	7498.0	795.921	1072.46
-31898.0	7498.0	794.729	1023.99
-31898.0	7498.0	793.538	1084.63
-31898.0	7498.0	792.346	998.427
-31898.0	7498.0	791.154	1080.02
-31898.0	7498.0	789.961	1054.66
-31898.0	7498.0	788.769	1058.65
-31898.0	7498.0	787.576	1037.48
-31898.0	7498.0	786.383	1026.81
-31898.0	7498.0	785.19	980.517
-31898.0	7498.0	783.996	1049.45
-31898.0	7498.0	782.802	998.989
-31898.0	7498.0	781.608	1000.89
-31898.0	7498.0	780.414	996.511
-31898.0	7498.0	779.22	1040.27
-31898.0	7498.0	778.025	1079.84
-31898.0	7498.0	776.83	989.659
-31898.0	7498.0	775.635	1020.85
-31898.0	7498.0	774.44	974.637
-31898.0	7498.0	773.244	968.176
-31898.0	7498.0	772.049	1055.8
-31898.0	7498.0	770.853	1024.24
-31898.0	7498.0	769.656	1030.31
-31898.0	7498.0	768.46	990.413
-31898.0	7498.0	767.263	1038.27
-31898.0	7498.0	766.066	1029.72
-31898.0	7498.0	764.869	1021.16
-31898.0	7498.0	763.672	1014.7
-31898.0	7498.0	762.474	1047.91
-31898.0	7498.0	761.276	1020.57
-31898.0	7498.0	760.078	1003.68
-31898.0	7498.0	758.88	1011.83
-31898.0	7498.0	757.681	1040.84
-31898.0	7498.0	756.483	994.756
-31898.0	7498.0	755.284	1067.54
-31898.0	7498.0	754.084	1029.81
-31898.0	7498.0	752.885	1008.77
-31898.0	7498.0	751.685	1033.58
-31898.0	7498.0	750.485	1012.54
-31898.0	7498.0	749.285	1039.43
-31898.0	7498.0	748.085	1012.15
-31898.0	7498.0	746.884	1024.45
-31898.0	7498.0	745.683	997.183
-31898.0	7498.0	744.482	1074.0
-31898.0	7498.0	743.281	986.391
-31898.0	7498.0	742.079	1023.65
-31898.0	7498.0	740.877	1090.02
-31898.0	7498.0	739.675	1031.57
-31898.0	7498.0	738.473	1062.56
-31898.0	7498.0	737.27	1049.88
-31898.0	7498.0	736.068	995.632
-31898.0	7498.0	734.865	1022.45
-31898.0	7498.0	733.661	999.399
-31898.0	7498.0	732.458	1015.82
-31898.0	7498.0	731.254	945.008
-31898.0	7498.0	730.05	996.737
-31898.0	7498.0	728.846	1062.98
-31898.0	7498.0	727.642	1010.88
-31898.0	7498.0	726.437	1031.43
-31898.0	7498.0	725.232	1022.93
-31898.0	7498.0	724.027	987.466
-31898.0	7498.0	722.822	964.457
-31898.0	7498.0	721.616	1016.11
-31898.0	7498.0	720.41	1053.23
-31898.0	7498.0	719.204	1021.93
-31898.0	7498.0	717.998	1059.04
-31898.0	7498.0	716.791	1029.82
-31898.0	7498.0	715.585	1039.98
-31898.0	7498.0	714.378	1124.69
-31898.0	7498.0	713.17	1101.69
-31898.0	7498.0	711.963	1066.28
-31898.0	7498.0	710.755	1064.0
-31898.0	7498.0	709.547	1022.4
-31898.0	7498.0	708.339	1057.38
-31898.0	7498.0	707.131	1061.31
-31898.0	7498.0	705.922	1019.73
-31898.0	7498.0	704.713	1031.94
-31898.0	7498.0	703.504	1079.29
-31898.0	7498.0	702.295	1027.4
-31898.0	7498.0	701.085	1058.19
-31898.0	7498.0	699.875	1043.52
-31898.0	7498.0	698.665	1018.52
-31898.0	7498.0	697.455	1012.13
-31898.0	7498.0	696.244	1028.45
-31898.0	7498.0	695.034	1034.44
-31898.0	7498.0	693.822	1065.2
-31898.0	7498.0	692.611	1067.06
-31898.0	7498.0	691.4	1085.42
-31898.0	7498.0	690.188	1029.5
-31898.0	7498.0	688.976	1014.86
-31898.0	7498.0	687.764	1055.9
-31898.0	7498.0	686.551	1066.0
-31898.0	7498.0	685.339	1086.41
-31898.0	7498.0	684.126	1098.56
-31898.0	7498.0	682.912	1100.4
-31898.0	7498.0	681.699	1091.94
-31898.0	7498.0	680.485	1060.83
-31898.0	7498.0	679.271	1072.98
-31898.0	7498.0	678.057	1107.77
-31898.0	7498.0	676.843	1058.14
-31898.0	7498.0	675.628	1070.28
-31898.0	7498.0	674.413	1039.2
-31898.0	7498.0	673.198	1100.72
-31898.0	7498.0	671.983	1106.67
-31898.0	7498.0	670.767	1102.34
-31898.0	7498.0	669.551	1075.39
-31898.0	7498.0	668.335	1118.34
-31898.0	7498.0	667.119	1081.13
-31898.0	7498.0	665.902	1041.87
-31898.0	7498.0	664.686	1078.64
-31898.0	7498.0	663.469	1068.16
-31898.0	7498.0	662.251	1111.07
-31898.0	7498.0	661.034	1092.37
-31898.0	7498.0	659.816	1032.62
-31898.0	7498.0	658.598	1079.62
-31898.0	7498.0	657.38	1036.31
-31898.0	7498.0	656.161	1124.33
-31898.0	7498.0	654.942	1066.67
-31898.0	7498.0	653.723	1103.37
-31898.0	7498.0	652.504	1064.19
-31898.0	7498.0	651.285	1102.93
-31898.0	7498.0	650.065	1082.21
-31898.0	7498.0	648.845	1092.24
-31898.0	7498.0	647.625	1053.1
-31898.0	7498.0	646.404	1095.91
-31898.0	7498.0	645.184	1132.55
-31898.0	7498.0	643.963	1093.42
-31898.0	7498.0	642.742	1097.3
-31898.0	7498.0	641.52	1090.94
-31898.0	7498.0	640.298	1039.56
-31898.0	7498.0	639.076	1094.59
-31898.0	7498.0	637.854	1071.87
-31898.0	7498.0	636.632	1085.97
-31898.0	7498.0	635.409	1024.41
-31898.0	7498.0	634.186	1089.63
-31898.0	7498.0	632.963	1068.97
-31898.0	7498.0	631.74	1078.97
-31898.0	7498.0	630.516	1119.62
-31898.0	7498.0	629.292	1101.01
-31898.0	7498.0	628.068	1096.7
-31898.0	7498.0	626.844	1098.52
-31898.0	7498.0	625.619	1104.43
-31898.0	7498.0	624.394	1104.21
-31898.0	7498.0	623.169	1128.47
-31898.0	7498.0	621.944	1124.17
-31898.0	7498.0	620.718	1123.94
-31898.0	7498.0	619.492	1154.3
-31898.0	7498.0	618.266	1078.63
-31898.0	7498.0	617.04	1078.41
-31898.0	7498.0	615.813	1092.46
-31898.0	7498.0	614.587	1098.36
-31898.0	7498.0	613.36	1075.72
-31898.0	7498.0	612.132	1128.47
-31898.0	7498.0	610.905	1128.24
-31898.0	7498.0	609.677	1083.22
-31898.0	7498.0	608.449	1103.36
-31898.0	7498.0	607.22	1117.38
-31898.0	7498.0	605.992	1113.09
-31898.0	7498.0	604.763	1102.69
-31898.0	7498.0	603.534	1029.24
-31898.0	7498.0	602.305	1120.55
-31898.0	7498.0	601.075	1038.99
-31898.0	7498.0	599.845	1091.63
-31898.0	7498.0	598.615	1097.51
-31898.0	7498.0	597.385	1050.55
-31898.0	7498.0	596.154	1060.5
-31898.0	7498.0	594.924	1139.5
-31898.0	7498.0	593.693	1088.5
-31898.0	7498.0	592.461	1072.04
-31898.0	7498.0	591.23	1043.4
-31898.0	7498.0	589.998	1031.01
-31898.0	7498.0	588.766	1122.11
-31898.0	7498.0	587.534	1030.59
-31898.0	7498.0	586.301	1062.84
-31898.0	7498.0	585.068	1070.73
-31898.0	7498.0	583.835	1060.38
-31898.0	7498.0	582.602	1074.35
-31898.0	7498.0	581.368	1066.03
-31898.0	7498.0	580.134	1118.49
-31898.0	7498.0	578.9	1065.6
-31898.0	7498.0	577.666	1067.4
-31898.0	7498.0	576.432	1059.09
-31898.0	7498.0	575.197	1077.09
-31898.0	7498.0	573.962	1026.27
-31898.0	7498.0	572.726	1107.01
-31898.0	7498.0	571.491	1127.02
-31898.0	7498.0	570.255	1118.7
-31898.0	7498.0	569.019	1086.11
-31898.0	7498.0	567.783	1053.54
-31898.0	7498.0	566.546	1170.58
-31898.0	7498.0	565.309	1093.53
-31898.0	7498.0	564.072	1131.71
-31898.0	7498.0	562.835	1155.72
-31898.0	7498.0	561.597	1080.74
-31898.0	7498.0	560.359	1135.06
-31898.0	7498.0	559.121	1134.82
-31898.0	7498.0	557.883	1162.86
-31898.0	7498.0	556.644	1148.49
-31898.0	7498.0	555.406	1111.93
-31898.0	7498.0	554.167	1150.04
-31898.0	7498.0	552.927	1143.75
-31898.0	7498.0	551.688	1185.87
-31898.0	7498.0	550.448	1219.91
-31898.0	7498.0	549.208	1195.47
-31898.0	7498.0	547.967	1265.76
-31898.0	7498.0	546.727	1213.11
-31898.0	7498.0	545.486	1313.6
-31898.0	7498.0	544.245	1232.76
-31898.0	7498.0	543.003	1393.62
-31898.0	7498.0	541.762	1304.74
-31898.0	7498.0	540.52	1368.89
-31898.0	7498.0	539.278	1354.52
-31898.0	7498.0	538.035	1376.38
-31898.0	7498.0	536.793	1438.46
-31898.0	7498.0	535.55	1574.95
-31898.0	7498.0	534.307	1630.93
-31898.0	7498.0	533.063	1694.94
-31898.0	7498.0	531.82	1801.13
-31898.0	7498.0	530.576	2029.87
-31898.0	7498.0	529.331	2262.54
-31898.0	7498.0	528.087	2629.71
-31898.0	7498.0	526.842	3191.56
-31898.0	7498.0	525.597	4084.52
-31898.0	7498.0	524.352	6183.75
-31898.0	7498.0	523.107	11554.0
-31898.0	7498.0	521.861	23279.9
-31898.0	7498.0	520.615	29948.6
-31898.0	7498.0	519.369	21707.6
-31898.0	7498.0	518.122	12914.4
-31898.0	7498.0	516.876	7854.5
-31898.0	7498.0	515.629	5164.42
-31898.0	7498.0	514.381	3828.42
-31898.0	7498.0	513.134	3005.99
-31898.0	7498.0	511.886	2604.66
-31898.0	7498.0	510.638	2219.51
-31898.0	7498.0	509.39	2050.82
-31898.0	7498.0	508.141	1896.22
-31898.0	7498.0	506.892	1751.69
-31898.0	7498.0	505.643	1689.28
-31898.0	7498.0	504.394	1682.93
-31898.0	7498.0	503.145	1512.52
-31898.0	7498.0	501.895	1504.21
-31898.0	7498.0	500.645	1411.9
-31898.0	7498.0	499.394	1423.61
-31898.0	7498.0	498.144	1409.32
-31898.0	7498.0	496.893	1371.06
-31898.0	7498.0	495.642	1334.81
-31898.0	7498.0	494.39	1312.55
-31898.0	7498.0	493.139	1260.35
-31898.0	7498.0	491.887	1252.1
-31898.0	7498.0	490.635	1259.83
-31898.0	7498.0	489.382	1249.59
-31898.0	7498.0	488.13	1315.19
-31898.0	7498.0	486.877	1259.05
-31898.0	7498.0	485.623	1192.95
-31898.0	7498.0	484.37	1248.55
-31898.0	7498.0	483.116	1214.39
-31898.0	7498.0	481.862	1180.25
-31898.0	7498.0	480.608	1197.94
-31898.0	7498.0	479.354	1231.57
-31898.0	7498.0	478.099	1211.39
-31898.0	7498.0	476.844	1219.11
-31898.0	7498.0	475.588	1135.21
-31898.0	7498.0	474.333	1174.8
-31898.0	7498.0	473.077	1202.43
-31898.0	7498.0	471.821	1188.24
-31898.0	7498.0	470.565	1199.94
-31898.0	7498.0	469.308	1143.98
-31898.0	7498.0	468.051	1131.81
-31898.0	7498.0	466.794	1229.02
-31898.0	7498.0	465.537	1210.87
-31898.0	7498.0	464.279	1168.87
-31898.0	7498.0	463.021	1168.63
-31898.0	7498.0	461.763	1152.49
-31898.0	7498.0	460.505	1148.27
-31898.0	7498.0	459.246	1199.68
-31898.0	7498.0	457.987	1201.41
-31898.0	7498.0	456.728	1151.53
-31898.0	7498.0	455.469	1179.08
-31898.0	7498.0	454.209	1089.53
-31898.0	7498.0	452.949	1206.36
-31898.0	7498.0	451.689	1188.26
-31898.0	7498.0	450.428	1184.04
-31898.0	7498.0	449.167	1189.75
-31898.0	7498.0	447.906	1207.34
-31898.0	7498.0	446.645	1248.71
-31898.0	7498.0	445.383	1181.08
-31898.0	7498.0	444.122	1194.7
-31898.0	7498.0	442.86	1218.22
-31898.0	7498.0	441.597	1204.1
-31898.0	7498.0	440.335	1184.05
-31898.0	7498.0	439.072	1225.37
-31898.0	7498.0	437.809	1229.08
-31898.0	7498.0	436.545	1272.35
-31898.0	7498.0	435.281	1319.57
-31898.0	7498.0	434.018	1248.08
-31898.0	7498.0	432.753	1305.17
-31898.0	7498.0	431.489	1281.17
-31898.0	7498.0	430.224	1253.23
-31898.0	7498.0	428.959	1231.23
-31898.0	7498.0	427.694	1213.19
-31898.0	7498.0	426.428	1236.64
-31898.0	7498.0	425.163	1240.33
-31898.0	7498.0	423.896	1255.87
-31898.0	7498.0	422.63	1196.38
-31898.0	7498.0	421.364	1269.16
-31898.0	7498.0	420.097	1241.26
-31898.0	7498.0	418.83	1270.6
-31898.0	7498.0	417.562	1203.27
-31898.0	7498.0	416.295	1224.71
-31898.0	7498.0	415.027	1206.7
-31898.0	7498.0	413.758	1228.14
-31898.0	7498.0	412.49	1231.82
-31898.0	7498.0	411.221	1213.83
-31898.0	7498.0	409.952	1237.21
-31898.0	7498.0	408.683	1213.32
-31898.0	7498.0	407.414	1232.75
-31898.0	7498.0	406.144	1220.68
-31898.0	7498.0	404.874	1249.95
-31898.0	7498.0	403.603	1231.98
-31898.0	7498.0	402.333	1227.78
-31898.0	7498.0	401.062	1203.92
-31898.0	7498.0	399.791	1290.2
-31898.0	7498.0	398.519	1225.04
-31898.0	7498.0	397.248	1234.61
-31898.0	7498.0	395.976	1230.42
-31898.0	7498.0	394.704	1232.13
-31898.0	7498.0	393.431	1243.66
-31898.0	7498.0	392.159	1239.47
-31898.0	7498.0	390.886	1268.66
-31898.0	7498.0	389.612	1236.98
-31898.0	7498.0	388.339	1230.83
-31898.0	7498.0	387.065	1301.23
-31898.0	7498.0	385.791	1238.16
-31898.0	7498.0	384.517	1259.48
-31898.0	7498.0	383.242	1221.95
-31898.0	7498.0	381.967	1294.25
-31898.0	7498.0	380.692	1321.42
-31898.0	7498.0	379.417	1293.7
-31898.0	7498.0	378.141	1277.75
-31898.0	7498.0	376.865	1277.48
-31898.0	7498.0	375.589	1243.91
-31898.0	7498.0	374.312	1235.81
-31898.0	7498.0	373.035	1243.38
-31898.0	7498.0	371.758	1239.21
-31898.0	7498.0	370.481	1323.11
-31898.0	7498.0	369.204	1262.16
-31898.0	7498.0	367.926	1244.29
-31898.0	7498.0	366.648	1261.63
-31898.0	7498.0	365.369	1226.16
-31898.0	7498.0	364.091	1255.23
-31898.0	7498.0	362.812	1294.06
-31898.0	7498.0	361.532	1229.29
-31898.0	7498.0	360.253	1279.84
-31898.0	7498.0	358.973	1338.17
-31898.0	7498.0	357.693	1259.76
-31898.0	7498.0	356.413	1343.46
-31898.0	7498.0	355.132	1309.99
-31898.0	7498.0	353.852	1346.8
-31898.0	7498.0	352.571	1309.44
-31898.0	7498.0	351.289	1299.4
-31898.0	7498.0	350.008	1340.09
-31898.0	7498.0	348.726	1359.31
-31898.0	7498.0	347.444	1349.27
-31898.0	7498.0	346.161	1300.25
-31898.0	7498.0	344.878	1321.41
-31898.0	7498.0	343.595	1276.32
-31898.0	7498.0	342.312	1330.59
-31898.0	7498.0	341.029	1330.31
-31898.0	7498.0	339.745	1331.98
-31898.0	7498.0	338.461	1368.69
-31898.0	7498.0	337.176	1391.75
-31898.0	7498.0	335.892	1325.29
-31898.0	7498.0	334.607	1352.25
-31898.0	7498.0	333.322	1410.32
-31898.0	7498.0	332.036	1334.17
-31898.0	7498.0	330.75	1400.0
-31898.0	7498.0	329.464	1360.82
-31898.0	7498.0	328.178	1407.18
-31898.0	7498.0	326.892	1381.62
-31898.0	7498.0	325.605	1414.35
-31898.0	7498.0	324.318	1417.94
-31898.0	7498.0	323.03	1396.27
-31898.0	7498.0	321.743	1483.35
-31898.0	7498.0	320.455	1483.03
-31898.0	7498.0	319.167	1474.95
-31898.0	7498.0	317.878	1449.41
-31898.0	7498.0	316.59	1482.08
-31898.0	7498.0	315.301	1472.07
-31898.0	7498.0	314.011	1454.31
-31898.0	7498.0	312.722	1463.69
-31898.0	7498.0	311.432	1465.32
-31898.0	7498.0	310.142	1507.64
-31898.0	7498.0	308.851	1532.5
-31898.0	7498.0	307.561	1654.21
-31898.0	7498.0	306.27	1682.9
-31898.0	7498.0	304.979	1668.99
-31898.0	7498.0	303.687	1668.64
-31898.0	7498.0	302.395	1677.96
-31898.0	7498.0	301.103	1565.37
-31898.0	7498.0	299.811	1563.1
-31898.0	7498.0	298.519	1524.09
-31898.0	7498.0	297.226	1521.83
-31898.0	7498.0	295.933	1475.11
-31898.0	7498.0	294.639	1486.39
-31898.0	7498.0	293.345	1410.7
-31898.0	7498.0	292.052	1402.68
-31898.0	7498.0	290.757	1384.99
-31898.0	7498.0	289.463	1446.49
-31898.0	7498.0	288.168	1450.05
-31898.0	7498.0	286.873	1515.37
-31898.0	7498.0	285.578	1462.94
-31898.0	7498.0	284.282	1449.12
-31898.0	7498.0	282.986	1433.38
-31898.0	7498.0	281.69	1429.21
-31898.0	7498.0	280.393	1399.98
-31898.0	7498.0	279.097	1380.4
-31898.0	7498.0	277.8	1453.35
-31898.0	7498.0	276.502	1439.55
-31898.0	7498.0	275.205	1342.91
-31898.0	7498.0	273.907	1404.26
-31898.0	7498.0	272.609	1367.37
-31898.0	7498.0	271.311	1334.35
-31898.0	7498.0	270.012	1409.14
-31898.0	7498.0	268.713	1347.25
-31898.0	7498.0	267.414	1341.19
-31898.0	7498.0	266.114	1358.22
-31898.0	7498.0	264.814	1382.93
-31898.0	7498.0	263.514	1374.94
-31898.0	7498.0	262.214	1341.96
-31898.0	7498.0	260.913	1378.2
-31898.0	7498.0	259.613	1379.82
-31898.0	7498.0	258.311	1354.55
-31898.0	7498.0	257.01	1392.68
-31898.0	7498.0	255.708	1292.51
-31898.0	7498.0	254.406	1334.48
-31898.0	7498.0	253.104	1364.91
-31898.0	7498.0	251.801	1360.78
-31898.0	7498.0	250.499	1343.22
-31898.0	7498.0	249.195	1323.74
-31898.0	7498.0	247.892	1361.82
-31898.0	7498.0	246.588	1382.62
-31898.0	7498.0	245.284	1319.06
-31898.0	7498.0	243.98	1290.02
-31898.0	7498.0	242.676	1314.66
-31898.0	7498.0	241.371	1360.36
-31898.0	7498.0	240.066	1354.32
-31898.0	7498.0	238.76	1329.14
-31898.0	7498.0	237.455	1340.34
-31898.0	7498.0	236.149	1340.05
-31898.0	7498.0	234.843	1353.16
-31898.0	7498.0	233.536	1333.74
-31898.0	7498.0	232.229	1421.45
-31898.0	7498.0	230.922	1356.12
-31898.0	7498.0	229.615	1380.68
-31898.0	7498.0	228.307	1376.56
-31898.0	7498.0	227.0	1334.22
-31898.0	7498.0	225.691	1349.22
-31898.0	7498.0	224.383	1274.41
-31898.0	7498.0	223.074	1297.06
-31898.0	7498.0	221.765	1321.61
-31898.0	7498.0	220.456	1273.59
-31898.0	7498.0	219.146	1275.23
-31898.0	7498.0	217.836	1320.76
-31898.0	7498.0	216.526	1335.74
-31898.0	7498.0	215.216	1247.7
-31898.0	7498.0	213.905	1298.93
-31898.0	7498.0	212.594	1270.04
-31898.0	7498.0	211.283	1323.15
-31898.0	7498.0	209.971	1269.5
-31898.0	7498.0	208.66	1274.94
-31898.0	7498.0	207.348	1282.29
-31898.0	7498.0	206.035	1255.34
-31898.0	7498.0	204.722	1281.74
-31898.0	7498.0	203.409	1262.42
-31898.0	7498.0	202.096	1286.9
-31898.0	7498.0	200.783	1275.2
-31898.0	7498.0	199.469	1261.61
-31898.0	7498.0	198.155	1322.21
-31898.0	7498.0	196.84	1261.06
-31898.0	7498.0	195.526	1296.92
-31898.0	7498.0	194.211	1266.22
-31898.0	7498.0	192.896	1281.16
-31898.0	7498.0	191.58	1408.21
-31898.0	7498.0	190.264	1311.01
-31898.0	7498.0	188.948	1303.13
-31898.0	7498.0	187.632	1242.07
-31898.0	7498.0	186.315	1274.08
-31898.0	7498.0	184.998	1294.69
-31898.0	7498.0	183.681	1328.58
-31898.0	7498.0	182.364	1320.7
-31898.0	7498.0	181.046	1271.09
-31898.0	7498.0	179.728	1316.34
-31898.0	7498.0	178.41	1306.57
-31898.0	7498.0	177.091	1243.72
-31898.0	7498.0	175.772	1258.62
-31898.0	7498.0	174.453	1292.46
-31898.0	7498.0	173.133	1265.66
-31898.0	7498.0	171.814	1272.96
-31898.0	7498.0	170.494	1299.2
-31898.0	7498.0	169.173	1298.92
-31898.0	7498.0	167.853	1302.43
-31898.0	7498.0	166.532	1290.79
-31898.0	7498.0	165.211	1269.7
-31898.0	7498.0	163.889	1290.23
-31898.0	7498.0	162.567	1272.93
-31898.0	7498.0	161.245	1338.84
-31898.0	7498.0	159.923	1313.98
-31898.0	7498.0	158.6	1302.35
-31898.0	7498.0	157.278	1385.22
-31898.0	7498.0	155.954	1320.69
-31898.0	7498.0	154.631	1373.29
-31898.0	7498.0	153.307	1342.78
-31898.0	7498.0	151.983	1384.03
-31898.0	7498.0	150.659	1351.64
-31898.0	7498.0	149.334	1306.05
-31898.0	7498.0	148.009	1390.68
-31898.0	7498.0	146.684	1320.58
-31898.0	7498.0	145.359	1346.7
-31898.0	7498.0	144.033	1344.52
-31898.0	7498.0	142.707	1329.15
-31898.0	7498.0	141.381	1332.63
-31898.0	7498.0	140.054	1368.15
-31898.0	7498.0	138.727	1392.35
-31898.0	7498.0	137.4	1354.38
-31898.0	7498.0	136.072	1323.95
-31898.0	7498.0	134.745	1318.02
-31898.0	7498.0	133.417	1355.38
-31898.0	7498.0	132.088	1292.98
-31898.0	7498.0	130.76	1390.55
-31898.0	7498.0	129.431	1371.44
-31898.0	7498.0	128.102	1395.59
-31898.0	7498.0	126.772	1363.32
-31898.0	7498.0	125.442	1383.71
-31898.0	7498.0	124.112	1315.74
-31898.0	7498.0	122.782	1418.82
-31898.0	7498.0	121.451	1343.36
-31898.0	7498.0	120.12	1329.92
-31898.0	7498.0	118.789	1299.58
-31898.0	7498.0	117.458	1325.59
-31898.0	7498.0	116.126	1372.23
-31898.0	7498.0	114.794	1330.65
-31898.0	7498.0	113.462	1334.11
-31898.0	7498.0	112.129	1373.22
-31898.0	7498.0	110.796	1387.93
-31898.0	7498.0	109.463	1372.62
-31898.0	7498.0	108.129	1308.59
-31898.0	7498.0	106.796	1360.79
-31898.0	7498.0	105.461	1287.41
-31898.0	7498.0	104.127	1262.77
-31898.0	7498.0	102.792	1341.17
-31898.0	7498.0	101.457	1292.19
-31898.0	7498.0	100.122	1241.36
-31898.0	7498.0	98.7867	1216.76
-31898.0	7498.0	97.4509	1190.29
-31898.0	7498.0	96.1148	1158.23
-31898.0	7498.0	94.7784	1161.72
-31898.0	7498.0	93.4418	1125.93
-31898.0	7498.0	92.1048	1116.34
-31898.0	7498.0	90.7676	1138.53
-31898.0	7498.0	89.43	1121.46
-31898.0	7498.0	88.0922	1119.35
-31898.0	7498.0	86.7541	1152.74
-31898.0	7498.0	85.4157	1060.96
