-31878.0	7500.0	1311.89	1237.89
-31878.0	7500.0	1310.78	1339.89
-31878.0	7500.0	1309.68	1264.74
-31878.0	7500.0	1308.58	1273.62
-31878.0	7500.0	1307.48	1228.02
-31878.0	7500.0	1306.38	1318.61
-31878.0	7500.0	1305.28	1275.28
-31878.0	7500.0	1304.18	1227.43
-31878.0	7500.0	1303.07	1270.34
-31878.0	7500.0	1301.97	1297.35
-31878.0	7500.0	1300.87	1265.39
-31878.0	7500.0	1299.77	1253.85
-31878.0	7500.0	1298.66	1230.98
-31878.0	7500.0	1297.56	1257.98
-31878.0	7500.0	1296.46	1284.98
-31878.0	7500.0	1295.35	1273.44
-31878.0	7500.0	1294.25	1275.5
-31878.0	7500.0	1293.15	1284.36
-31878.0	7500.0	1292.04	1313.59
-31878.0	7500.0	1290.94	1286.21
-31878.0	7500.0	1289.83	1195.44
-31878.0	7500.0	1288.73	1279.0
-31878.0	7500.0	1287.63	1231.27
-31878.0	7500.0	1286.52	1265.02
-31878.0	7500.0	1285.42	1253.5
-31878.0	7500.0	1284.31	1253.3
-31878.0	7500.0	1283.21	1194.28
-31878.0	7500.0	1282.1	1268.72
-31878.0	7500.0	1280.99	1223.29
-31878.0	7500.0	1279.89	1205.01
-31878.0	7500.0	1278.78	1338.18
-31878.0	7500.0	1277.68	1243.04
-31878.0	7500.0	1276.57	1213.46
-31878.0	7500.0	1275.46	1197.45
-31878.0	7500.0	1274.36	1267.29
-31878.0	7500.0	1273.25	1230.94
-31878.0	7500.0	1272.14	1264.62
-31878.0	7500.0	1271.04	1248.61
-31878.0	7500.0	1269.93	1241.63
-31878.0	7500.0	1268.82	1218.86
-31878.0	7500.0	1267.71	1209.64
-31878.0	7500.0	1266.61	1220.72
-31878.0	7500.0	1265.5	1267.9
-31878.0	7500.0	1264.39	1195.51
-31878.0	7500.0	1263.28	1177.28
-31878.0	7500.0	1262.17	1251.5
-31878.0	7500.0	1261.06	1217.48
-31878.0	7500.0	1259.95	1196.99
-31878.0	7500.0	1258.84	1167.5
-31878.0	7500.0	1257.74	1234.91
-31878.0	7500.0	1256.63	1167.12
-31878.0	7500.0	1255.52	1234.51
-31878.0	7500.0	1254.41	1259.08
-31878.0	7500.0	1253.3	1209.33
-31878.0	7500.0	1252.19	1285.69
-31878.0	7500.0	1251.08	1280.98
-31878.0	7500.0	1249.96	1267.27
-31878.0	7500.0	1248.85	1251.3
-31878.0	7500.0	1247.74	1226.35
-31878.0	7500.0	1246.63	1205.9
-31878.0	7500.0	1245.52	1228.2
-31878.0	7500.0	1244.41	1183.01
-31878.0	7500.0	1243.3	1176.07
-31878.0	7500.0	1242.18	1178.13
-31878.0	7500.0	1241.07	1213.91
-31878.0	7500.0	1239.96	1193.48
-31878.0	7500.0	1238.85	1240.47
-31878.0	7500.0	1237.74	1213.31
-31878.0	7500.0	1236.62	1208.62
-31878.0	7500.0	1235.51	1210.66
-31878.0	7500.0	1234.4	1228.43
-31878.0	7500.0	1233.28	1176.59
-31878.0	7500.0	1232.17	1178.64
-31878.0	7500.0	1231.06	1236.8
-31878.0	7500.0	1229.94	1216.4
-31878.0	7500.0	1228.83	1222.93
-31878.0	7500.0	1227.71	1263.12
-31878.0	7500.0	1226.6	1224.78
-31878.0	7500.0	1225.48	1197.66
-31878.0	7500.0	1224.37	1188.49
-31878.0	7500.0	1223.25	1199.51
-31878.0	7500.0	1222.14	1210.52
-31878.0	7500.0	1221.02	1208.08
-31878.0	7500.0	1219.91	1221.32
-31878.0	7500.0	1218.79	1191.99
-31878.0	7500.0	1217.68	1218.68
-31878.0	7500.0	1216.56	1209.52
-31878.0	7500.0	1215.44	1209.32
-31878.0	7500.0	1214.33	1195.68
-31878.0	7500.0	1213.21	1193.25
-31878.0	7500.0	1212.09	1195.29
-31878.0	7500.0	1210.98	1201.81
-31878.0	7500.0	1209.86	1217.27
-31878.0	7500.0	1208.74	1129.81
-31878.0	7500.0	1207.62	1183.31
-31878.0	7500.0	1206.51	1162.99
-31878.0	7500.0	1205.39	1165.03
-31878.0	7500.0	1204.27	1187.2
-31878.0	7500.0	1203.15	1202.65
-31878.0	7500.0	1202.03	1197.98
-31878.0	7500.0	1200.91	1213.42
-31878.0	7500.0	1199.8	1208.75
-31878.0	7500.0	1198.68	1134.83
-31878.0	7500.0	1197.56	1194.95
-31878.0	7500.0	1196.44	1147.85
-31878.0	7500.0	1195.32	1163.29
-31878.0	7500.0	1194.2	1201.05
-31878.0	7500.0	1193.08	1178.53
-31878.0	7500.0	1191.96	1073.44
-31878.0	7500.0	1190.84	1104.5
-31878.0	7500.0	1189.72	1180.17
-31878.0	7500.0	1188.6	1193.35
-31878.0	7500.0	1187.48	1155.24
-31878.0	7500.0	1186.35	1184.04
-31878.0	7500.0	1185.23	1181.61
-31878.0	7500.0	1184.11	1150.2
-31878.0	7500.0	1182.99	1161.16
-31878.0	7500.0	1181.87	1160.96
-31878.0	7500.0	1180.75	1169.68
-31878.0	7500.0	1179.62	1167.25
-31878.0	7500.0	1178.5	1204.92
-31878.0	7500.0	1177.38	1206.95
-31878.0	7500.0	1176.26	1188.93
-31878.0	7500.0	1175.13	1162.02
-31878.0	7500.0	1174.01	1210.79
-31878.0	7500.0	1172.89	1246.19
-31878.0	7500.0	1171.76	1201.48
-31878.0	7500.0	1170.64	1223.53
-31878.0	7500.0	1169.51	1152.15
-31878.0	7500.0	1168.39	1174.19
-31878.0	7500.0	1167.27	1191.78
-31878.0	7500.0	1166.14	1138.23
-31878.0	7500.0	1165.02	1140.26
-31878.0	7500.0	1163.89	1175.62
-31878.0	7500.0	1162.77	1197.65
-31878.0	7500.0	1161.64	1159.68
-31878.0	7500.0	1160.52	1128.38
-31878.0	7500.0	1159.39	1121.53
-31878.0	7500.0	1158.26	1150.21
-31878.0	7500.0	1157.14	1103.39
-31878.0	7500.0	1156.01	1169.8
-31878.0	7500.0	1154.88	1174.04
-31878.0	7500.0	1153.76	1162.74
-31878.0	7500.0	1152.63	1164.77
-31878.0	7500.0	1151.5	1146.82
-31878.0	7500.0	1150.38	1148.85
-31878.0	7500.0	1149.25	1168.61
-31878.0	7500.0	1148.12	1172.85
-31878.0	7500.0	1146.99	1181.51
-31878.0	7500.0	1145.87	1117.04
-31878.0	7500.0	1144.74	1201.06
-31878.0	7500.0	1143.61	1165.4
-31878.0	7500.0	1142.48	1131.98
-31878.0	7500.0	1141.35	1122.93
-31878.0	7500.0	1140.22	1158.17
-31878.0	7500.0	1139.09	1089.33
-31878.0	7500.0	1137.97	1171.06
-31878.0	7500.0	1136.84	1197.42
-31878.0	7500.0	1135.71	1097.63
-31878.0	7500.0	1134.58	1174.88
-31878.0	7500.0	1133.45	1101.68
-31878.0	7500.0	1132.32	1143.52
-31878.0	7500.0	1131.19	1178.71
-31878.0	7500.0	1130.05	1138.71
-31878.0	7500.0	1128.92	1145.14
-31878.0	7500.0	1127.79	1162.63
-31878.0	7500.0	1126.66	1122.65
-31878.0	7500.0	1125.53	1182.12
-31878.0	7500.0	1124.4	1111.22
-31878.0	7500.0	1123.27	1122.08
-31878.0	7500.0	1122.13	1139.55
-31878.0	7500.0	1121.0	1183.52
-31878.0	7500.0	1119.87	1095.01
-31878.0	7500.0	1118.74	1156.63
-31878.0	7500.0	1117.6	1103.46
-31878.0	7500.0	1116.47	1160.64
-31878.0	7500.0	1115.34	1180.3
-31878.0	7500.0	1114.2	1127.16
-31878.0	7500.0	1113.07	1133.58
-31878.0	7500.0	1111.94	1188.51
-31878.0	7500.0	1110.8	1175.08
-31878.0	7500.0	1109.67	1150.63
-31878.0	7500.0	1108.54	1139.41
-31878.0	7500.0	1107.4	1183.29
-31878.0	7500.0	1106.27	1108.18
-31878.0	7500.0	1105.13	1145.43
-31878.0	7500.0	1104.0	1147.44
-31878.0	7500.0	1102.86	1085.59
-31878.0	7500.0	1101.72	1098.61
-31878.0	7500.0	1100.59	1138.04
-31878.0	7500.0	1099.45	1102.63
-31878.0	7500.0	1098.32	1106.84
-31878.0	7500.0	1097.18	1084.65
-31878.0	7500.0	1096.04	1143.85
-31878.0	7500.0	1094.91	1117.27
-31878.0	7500.0	1093.77	1154.45
-31878.0	7500.0	1092.63	1145.46
-31878.0	7500.0	1091.5	1092.51
-31878.0	7500.0	1090.36	1151.66
-31878.0	7500.0	1089.22	1054.77
-31878.0	7500.0	1088.08	1116.11
-31878.0	7500.0	1086.95	1096.14
-31878.0	7500.0	1085.81	1159.64
-31878.0	7500.0	1084.67	1183.6
-31878.0	7500.0	1083.53	1143.87
-31878.0	7500.0	1082.39	1086.6
-31878.0	7500.0	1081.25	1075.44
-31878.0	7500.0	1080.11	1134.5
-31878.0	7500.0	1078.97	1105.78
-31878.0	7500.0	1077.83	1107.78
-31878.0	7500.0	1076.69	1155.84
-31878.0	7500.0	1075.55	1096.43
-31878.0	7500.0	1074.41	1100.63
-31878.0	7500.0	1073.27	1155.24
-31878.0	7500.0	1072.13	1113.39
-31878.0	7500.0	1070.99	1128.54
-31878.0	7500.0	1069.85	1137.11
-31878.0	7500.0	1068.71	1110.62
-31878.0	7500.0	1067.57	1112.62
-31878.0	7500.0	1066.43	1136.51
-31878.0	7500.0	1065.28	1066.25
-31878.0	7500.0	1064.14	1107.66
-31878.0	7500.0	1063.0	1092.14
-31878.0	7500.0	1061.86	1067.88
-31878.0	7500.0	1060.71	1133.33
-31878.0	7500.0	1059.57	1146.26
-31878.0	7500.0	1058.43	1124.19
-31878.0	7500.0	1057.29	1080.25
-31878.0	7500.0	1056.14	1110.67
-31878.0	7500.0	1055.0	1092.99
-31878.0	7500.0	1053.85	1116.84
-31878.0	7500.0	1052.71	1134.13
-31878.0	7500.0	1051.57	1109.89
-31878.0	7500.0	1050.42	1066.01
-31878.0	7500.0	1049.28	1092.03
-31878.0	7500.0	1048.13	1115.86
-31878.0	7500.0	1046.99	1089.47
-31878.0	7500.0	1045.84	1063.08
-31878.0	7500.0	1044.7	1119.64
-31878.0	7500.0	1043.55	1182.72
-31878.0	7500.0	1042.4	1108.33
-31878.0	7500.0	1041.26	1136.5
-31878.0	7500.0	1040.11	1099.22
-31878.0	7500.0	1038.97	1103.39
-31878.0	7500.0	1037.82	1092.29
-31878.0	7500.0	1036.67	1120.44
-31878.0	7500.0	1035.53	1137.67
-31878.0	7500.0	1034.38	1191.95
-31878.0	7500.0	1033.23	1132.92
-31878.0	7500.0	1032.08	1158.85
-31878.0	7500.0	1030.94	1097.67
-31878.0	7500.0	1029.79	1145.38
-31878.0	7500.0	1028.64	1105.99
-31878.0	7500.0	1027.49	1090.56
-31878.0	7500.0	1026.34	1146.95
-31878.0	7500.0	1025.19	1142.39
-31878.0	7500.0	1024.04	1100.85
-31878.0	7500.0	1022.89	1141.99
-31878.0	7500.0	1021.74	1213.55
-31878.0	7500.0	1020.59	1156.8
-31878.0	7500.0	1019.45	1160.95
-31878.0	7500.0	1018.29	1180.3
-31878.0	7500.0	1017.14	1177.92
-31878.0	7500.0	1015.99	1151.64
-31878.0	7500.0	1014.84	1190.54
-31878.0	7500.0	1013.69	1185.98
-31878.0	7500.0	1012.54	1229.2
-31878.0	7500.0	1011.39	1187.73
-31878.0	7500.0	1010.24	1159.29
-31878.0	7500.0	1009.09	1146.06
-31878.0	7500.0	1007.93	1221.82
-31878.0	7500.0	1006.78	1258.49
-31878.0	7500.0	1005.63	1232.23
-31878.0	7500.0	1004.48	1229.84
-31878.0	7500.0	1003.32	1210.1
-31878.0	7500.0	1002.17	1235.9
-31878.0	7500.0	1001.02	1209.67
-31878.0	7500.0	999.865	1189.95
-31878.0	7500.0	998.711	1263.41
-31878.0	7500.0	997.558	1219.85
-31878.0	7500.0	996.403	1236.97
-31878.0	7500.0	995.249	1301.72
-31878.0	7500.0	994.095	1331.81
-31878.0	7500.0	992.94	1335.9
-31878.0	7500.0	991.785	1348.65
-31878.0	7500.0	990.63	1376.54
-31878.0	7500.0	989.475	1404.43
-31878.0	7500.0	988.319	1438.79
-31878.0	7500.0	987.164	1373.64
-31878.0	7500.0	986.008	1481.53
-31878.0	7500.0	984.852	1524.51
-31878.0	7500.0	983.695	1554.51
-31878.0	7500.0	982.539	1504.51
-31878.0	7500.0	981.382	1525.85
-31878.0	7500.0	980.225	1488.84
-31878.0	7500.0	979.068	1505.86
-31878.0	7500.0	977.911	1488.31
-31878.0	7500.0	976.753	1552.83
-31878.0	7500.0	975.595	1505.04
-31878.0	7500.0	974.437	1569.54
-31878.0	7500.0	973.279	1545.51
-31878.0	7500.0	972.121	1510.7
-31878.0	7500.0	970.962	1577.32
-31878.0	7500.0	969.803	1527.42
-31878.0	7500.0	968.644	1581.07
-31878.0	7500.0	967.485	1522.55
-31878.0	7500.0	966.326	1578.34
-31878.0	7500.0	965.166	1539.25
-31878.0	7500.0	964.006	1551.9
-31878.0	7500.0	962.846	1514.98
-31878.0	7500.0	961.686	1531.95
-31878.0	7500.0	960.525	1602.76
-31878.0	7500.0	959.365	1552.93
-31878.0	7500.0	958.204	1569.88
-31878.0	7500.0	957.043	1588.97
-31878.0	7500.0	955.881	1620.97
-31878.0	7500.0	954.72	1575.48
-31878.0	7500.0	953.558	1568.74
-31878.0	7500.0	952.396	1607.18
-31878.0	7500.0	951.234	1656.36
-31878.0	7500.0	950.071	1576.48
-31878.0	7500.0	948.909	1574.05
-31878.0	7500.0	947.746	1629.66
-31878.0	7500.0	946.583	1640.11
-31878.0	7500.0	945.42	1633.36
-31878.0	7500.0	944.256	1665.3
-31878.0	7500.0	943.092	1606.99
-31878.0	7500.0	941.929	1632.47
-31878.0	7500.0	940.765	1707.34
-31878.0	7500.0	939.6	1638.31
-31878.0	7500.0	938.436	1588.64
-31878.0	7500.0	937.271	1611.96
-31878.0	7500.0	936.106	1588.06
-31878.0	7500.0	934.941	1508.38
-31878.0	7500.0	933.775	1424.44
-31878.0	7500.0	932.61	1342.67
-31878.0	7500.0	931.444	1344.57
-31878.0	7500.0	930.278	1378.63
-31878.0	7500.0	929.112	1226.18
-31878.0	7500.0	927.945	1225.95
-31878.0	7500.0	926.779	1148.58
-31878.0	7500.0	925.612	1206.22
-31878.0	7500.0	924.445	1201.71
-31878.0	7500.0	923.278	1180.08
-31878.0	7500.0	922.11	1156.31
-31878.0	7500.0	920.942	1111.13
-31878.0	7500.0	919.774	1166.58
-31878.0	7500.0	918.606	1115.01
-31878.0	7500.0	917.438	1121.22
-31878.0	7500.0	916.269	1153.1
-31878.0	7500.0	915.1	1086.58
-31878.0	7500.0	913.931	1086.38
-31878.0	7500.0	912.762	1039.14
-31878.0	7500.0	911.593	1105.22
-31878.0	7500.0	910.423	1085.78
-31878.0	7500.0	909.253	1119.77
-31878.0	7500.0	908.083	1061.88
-31878.0	7500.0	906.913	1142.86
-31878.0	7500.0	905.742	1078.57
-31878.0	7500.0	904.572	1069.83
-31878.0	7500.0	903.401	1022.67
-31878.0	7500.0	902.229	1103.59
-31878.0	7500.0	901.058	1084.18
-31878.0	7500.0	899.886	1111.72
-31878.0	7500.0	898.715	1083.78
-31878.0	7500.0	897.543	1064.38
-31878.0	7500.0	896.37	1025.8
-31878.0	7500.0	895.198	1100.23
-31878.0	7500.0	894.025	1074.45
-31878.0	7500.0	892.852	1052.93
-31878.0	7500.0	891.679	1078.31
-31878.0	7500.0	890.506	1082.37
-31878.0	7500.0	889.332	1082.17
-31878.0	7500.0	888.158	1003.16
-31878.0	7500.0	886.984	1054.08
-31878.0	7500.0	885.81	1060.28
-31878.0	7500.0	884.636	1066.46
-31878.0	7500.0	883.461	1091.81
-31878.0	7500.0	882.286	1093.73
-31878.0	7500.0	881.111	1125.44
-31878.0	7500.0	879.936	1078.43
-31878.0	7500.0	878.76	1076.11
-31878.0	7500.0	877.584	1092.92
-31878.0	7500.0	876.408	1065.07
-31878.0	7500.0	875.232	1071.25
-31878.0	7500.0	874.056	1056.18
-31878.0	7500.0	872.879	1036.86
-31878.0	7500.0	871.702	1079.15
-31878.0	7500.0	870.525	1125.67
-31878.0	7500.0	869.348	1072.38
-31878.0	7500.0	868.17	1078.54
-31878.0	7500.0	866.993	1059.24
-31878.0	7500.0	865.815	1067.53
-31878.0	7500.0	864.637	1054.6
-31878.0	7500.0	863.458	1069.25
-31878.0	7500.0	862.28	1037.23
-31878.0	7500.0	861.101	1109.14
-31878.0	7500.0	859.922	1072.89
-31878.0	7500.0	858.742	1106.61
-31878.0	7500.0	857.563	1083.08
-31878.0	7500.0	856.383	1070.17
-31878.0	7500.0	855.203	1067.85
-31878.0	7500.0	854.023	1014.69
-31878.0	7500.0	852.843	1025.09
-31878.0	7500.0	851.662	1035.48
-31878.0	7500.0	850.481	1035.29
-31878.0	7500.0	849.3	1016.04
-31878.0	7500.0	848.119	1005.27
-31878.0	7500.0	846.937	1064.33
-31878.0	7500.0	845.756	1049.32
-31878.0	7500.0	844.574	1030.08
-31878.0	7500.0	843.392	1074.3
-31878.0	7500.0	842.209	1097.35
-31878.0	7500.0	841.027	1071.78
-31878.0	7500.0	839.844	1050.44
-31878.0	7500.0	838.661	1046.02
-31878.0	7500.0	837.477	1073.28
-31878.0	7500.0	836.294	1119.55
-31878.0	7500.0	835.11	1083.44
-31878.0	7500.0	833.926	1125.46
-31878.0	7500.0	832.742	1099.92
-31878.0	7500.0	831.558	1103.93
-31878.0	7500.0	830.373	1084.73
-31878.0	7500.0	829.188	1063.42
-31878.0	7500.0	828.003	1101.19
-31878.0	7500.0	826.818	1044.04
-31878.0	7500.0	825.632	1035.4
-31878.0	7500.0	824.446	1054.18
-31878.0	7500.0	823.26	1049.77
-31878.0	7500.0	822.074	1076.97
-31878.0	7500.0	820.888	1047.26
-31878.0	7500.0	819.701	1036.53
-31878.0	7500.0	818.514	1107.95
-31878.0	7500.0	817.327	1050.88
-31878.0	7500.0	816.14	1113.84
-31878.0	7500.0	814.952	1107.32
-31878.0	7500.0	813.765	1083.95
-31878.0	7500.0	812.577	1041.66
-31878.0	7500.0	811.388	1033.04
-31878.0	7500.0	810.2	1018.12
-31878.0	7500.0	809.011	1108.36
-31878.0	7500.0	807.822	1061.89
-31878.0	7500.0	806.633	1068.0
-31878.0	7500.0	805.444	1093.02
-31878.0	7500.0	804.254	1048.67
-31878.0	7500.0	803.064	1044.27
-31878.0	7500.0	801.874	1016.76
-31878.0	7500.0	800.684	1058.58
-31878.0	7500.0	799.493	1089.87
-31878.0	7500.0	798.303	1066.57
-31878.0	7500.0	797.112	1108.35
-31878.0	7500.0	795.921	1095.54
-31878.0	7500.0	794.729	1091.14
-31878.0	7500.0	793.538	1023.79
-31878.0	7500.0	792.346	1008.91
-31878.0	7500.0	791.154	1065.34
-31878.0	7500.0	789.961	1065.14
-31878.0	7500.0	788.769	1096.38
-31878.0	7500.0	787.576	1106.65
-31878.0	7500.0	786.383	1018.42
-31878.0	7500.0	785.19	1093.65
-31878.0	7500.0	783.996	978.234
-31878.0	7500.0	782.802	1059.72
-31878.0	7500.0	781.608	1049.05
-31878.0	7500.0	780.414	1009.07
-31878.0	7500.0	779.22	1057.02
-31878.0	7500.0	778.025	1077.74
-31878.0	7500.0	776.83	1062.89
-31878.0	7500.0	775.635	1041.77
-31878.0	7500.0	774.44	987.186
-31878.0	7500.0	773.244	1062.28
-31878.0	7500.0	772.049	1011.89
-31878.0	7500.0	770.853	1074.41
-31878.0	7500.0	769.656	1021.95
-31878.0	7500.0	768.46	1032.2
-31878.0	7500.0	767.263	1050.81
-31878.0	7500.0	766.066	1038.07
-31878.0	7500.0	764.869	1037.87
-31878.0	7500.0	763.672	1050.2
-31878.0	7500.0	762.474	1041.64
-31878.0	7500.0	761.276	1028.92
-31878.0	7500.0	760.078	1072.54
-31878.0	7500.0	758.88	1059.82
-31878.0	7500.0	757.681	1055.44
-31878.0	7500.0	756.483	1019.78
-31878.0	7500.0	755.284	1009.16
-31878.0	7500.0	754.084	1033.98
-31878.0	7500.0	752.885	1019.19
-31878.0	7500.0	751.685	1021.07
-31878.0	7500.0	750.485	993.792
-31878.0	7500.0	749.285	1033.18
-31878.0	7500.0	748.085	1012.15
-31878.0	7500.0	746.884	1068.17
-31878.0	7500.0	745.683	988.856
-31878.0	7500.0	744.482	1040.7
-31878.0	7500.0	743.281	1030.09
-31878.0	7500.0	742.079	1050.7
-31878.0	7500.0	740.877	1048.41
-31878.0	7500.0	739.675	1019.09
-31878.0	7500.0	738.473	1004.34
-31878.0	7500.0	737.27	1010.38
-31878.0	7500.0	736.068	964.453
-31878.0	7500.0	734.865	993.359
-31878.0	7500.0	733.661	1020.18
-31878.0	7500.0	732.458	970.121
-31878.0	7500.0	731.254	1023.93
-31878.0	7500.0	730.05	998.814
-31878.0	7500.0	728.846	1015.23
-31878.0	7500.0	727.642	1008.8
-31878.0	7500.0	726.437	1066.71
-31878.0	7500.0	725.232	1033.31
-31878.0	7500.0	724.027	977.093
-31878.0	7500.0	722.822	1045.35
-31878.0	7500.0	721.616	1016.11
-31878.0	7500.0	720.41	1042.86
-31878.0	7500.0	719.204	1053.03
-31878.0	7500.0	717.998	984.427
-31878.0	7500.0	716.791	1025.68
-31878.0	7500.0	715.585	1083.48
-31878.0	7500.0	714.378	1164.05
-31878.0	7500.0	713.17	1089.27
-31878.0	7500.0	711.963	1049.72
-31878.0	7500.0	710.755	1035.02
-31878.0	7500.0	709.547	1024.47
-31878.0	7500.0	708.339	1030.48
-31878.0	7500.0	707.131	1065.44
-31878.0	7500.0	705.922	1011.45
-31878.0	7500.0	704.713	1011.26
-31878.0	7500.0	703.504	1027.6
-31878.0	7500.0	702.295	1012.92
-31878.0	7500.0	701.085	1037.53
-31878.0	7500.0	699.875	1049.72
-31878.0	7500.0	698.665	995.799
-31878.0	7500.0	697.455	1016.26
-31878.0	7500.0	696.244	1047.04
-31878.0	7500.0	695.034	1077.8
-31878.0	7500.0	693.822	1036.3
-31878.0	7500.0	692.611	1054.67
-31878.0	7500.0	691.4	1068.91
-31878.0	7500.0	690.188	1048.07
-31878.0	7500.0	688.976	1084.99
-31878.0	7500.0	687.764	1043.53
-31878.0	7500.0	686.551	1039.2
-31878.0	7500.0	685.339	1115.27
-31878.0	7500.0	684.126	1139.78
-31878.0	7500.0	682.912	1090.1
-31878.0	7500.0	681.699	1100.18
-31878.0	7500.0	680.485	1073.19
-31878.0	7500.0	679.271	1081.21
-31878.0	7500.0	678.057	1165.42
-31878.0	7500.0	676.843	1089.02
-31878.0	7500.0	675.628	1066.16
-31878.0	7500.0	674.413	1123.57
-31878.0	7500.0	673.198	1119.23
-31878.0	7500.0	671.983	1067.59
-31878.0	7500.0	670.767	1135.24
-31878.0	7500.0	669.551	1106.23
-31878.0	7500.0	668.335	1097.79
-31878.0	7500.0	667.119	1099.62
-31878.0	7500.0	665.902	1076.8
-31878.0	7500.0	664.686	1115.62
-31878.0	7500.0	663.469	1133.89
-31878.0	7500.0	662.251	1127.5
-31878.0	7500.0	661.034	1069.78
-31878.0	7500.0	659.816	1127.05
-31878.0	7500.0	658.598	1061.15
-31878.0	7500.0	657.38	1093.77
-31878.0	7500.0	656.161	1064.83
-31878.0	7500.0	654.942	1066.67
-31878.0	7500.0	653.723	1132.08
-31878.0	7500.0	652.504	1066.24
-31878.0	7500.0	651.285	1059.88
-31878.0	7500.0	650.065	1080.17
-31878.0	7500.0	648.845	1053.31
-31878.0	7500.0	647.625	1026.46
-31878.0	7500.0	646.404	1063.13
-31878.0	7500.0	645.184	1093.64
-31878.0	7500.0	643.963	1093.42
-31878.0	7500.0	642.742	1085.01
-31878.0	7500.0	641.52	1086.84
-31878.0	7500.0	640.298	1070.25
-31878.0	7500.0	639.076	1121.19
-31878.0	7500.0	637.854	1129.15
-31878.0	7500.0	636.632	1169.82
-31878.0	7500.0	635.409	1073.49
-31878.0	7500.0	634.186	1126.42
-31878.0	7500.0	632.963	1068.97
-31878.0	7500.0	631.74	1078.97
-31878.0	7500.0	630.516	1113.49
-31878.0	7500.0	629.292	1078.54
-31878.0	7500.0	628.068	1092.62
-31878.0	7500.0	626.844	1108.73
-31878.0	7500.0	625.619	1077.89
-31878.0	7500.0	624.394	1104.21
-31878.0	7500.0	623.169	1136.63
-31878.0	7500.0	621.944	1113.96
-31878.0	7500.0	620.718	1099.46
-31878.0	7500.0	619.492	1142.07
-31878.0	7500.0	618.266	1052.12
-31878.0	7500.0	617.04	1104.91
-31878.0	7500.0	615.813	1088.39
-31878.0	7500.0	614.587	1102.43
-31878.0	7500.0	613.36	1057.39
-31878.0	7500.0	612.132	1057.17
-31878.0	7500.0	610.905	1052.89
-31878.0	7500.0	609.677	1046.57
-31878.0	7500.0	608.449	1087.07
-31878.0	7500.0	607.22	1117.38
-31878.0	7500.0	605.992	1090.7
-31878.0	7500.0	604.763	1041.65
-31878.0	7500.0	603.534	1112.64
-31878.0	7500.0	602.305	1102.24
-31878.0	7500.0	601.075	1087.79
-31878.0	7500.0	599.845	1085.54
-31878.0	7500.0	598.615	1083.28
-31878.0	7500.0	597.385	1081.03
-31878.0	7500.0	596.154	1082.85
-31878.0	7500.0	594.924	1096.84
-31878.0	7500.0	593.693	1096.62
-31878.0	7500.0	592.461	1088.28
-31878.0	7500.0	591.23	1086.03
-31878.0	7500.0	589.998	1057.4
-31878.0	7500.0	588.766	1103.85
-31878.0	7500.0	587.534	1040.74
-31878.0	7500.0	586.301	1077.04
-31878.0	7500.0	585.068	1048.43
-31878.0	7500.0	583.835	1060.38
-31878.0	7500.0	582.602	1118.95
-31878.0	7500.0	581.368	1132.91
-31878.0	7500.0	580.134	1098.23
-31878.0	7500.0	578.9	1069.65
-31878.0	7500.0	577.666	1079.56
-31878.0	7500.0	576.432	1079.34
-31878.0	7500.0	575.197	1040.65
-31878.0	7500.0	573.962	1117.36
-31878.0	7500.0	572.726	1096.89
-31878.0	7500.0	571.491	1100.72
-31878.0	7500.0	570.255	1116.68
-31878.0	7500.0	569.019	1096.22
-31878.0	7500.0	567.783	1124.31
-31878.0	7500.0	566.546	1128.13
-31878.0	7500.0	565.309	1146.09
-31878.0	7500.0	564.072	1129.69
-31878.0	7500.0	562.835	1137.54
-31878.0	7500.0	561.597	1161.55
-31878.0	7500.0	560.359	1153.23
-31878.0	7500.0	559.121	1146.94
-31878.0	7500.0	557.883	1118.44
-31878.0	7500.0	556.644	1096.01
-31878.0	7500.0	555.406	1130.09
-31878.0	7500.0	554.167	1125.83
-31878.0	7500.0	552.927	1141.73
-31878.0	7500.0	551.688	1208.05
-31878.0	7500.0	550.448	1195.71
-31878.0	7500.0	549.208	1205.55
-31878.0	7500.0	547.967	1239.56
-31878.0	7500.0	546.727	1261.48
-31878.0	7500.0	545.486	1224.95
-31878.0	7500.0	544.245	1281.1
-31878.0	7500.0	543.003	1274.8
-31878.0	7500.0	541.762	1280.58
-31878.0	7500.0	540.52	1344.73
-31878.0	7500.0	539.278	1392.76
-31878.0	7500.0	538.035	1382.42
-31878.0	7500.0	536.793	1510.89
-31878.0	7500.0	535.55	1524.66
-31878.0	7500.0	534.307	1636.96
-31878.0	7500.0	533.063	1737.16
-31878.0	7500.0	531.82	1787.06
-31878.0	7500.0	530.576	2082.13
-31878.0	7500.0	529.331	2200.25
-31878.0	7500.0	528.087	2545.34
-31878.0	7500.0	526.842	3065.03
-31878.0	7500.0	525.597	4146.78
-31878.0	7500.0	524.352	6322.28
-31878.0	7500.0	523.107	11598.2
-31878.0	7500.0	521.861	23039.0
-31878.0	7500.0	520.615	29707.8
-31878.0	7500.0	519.369	21647.4
-31878.0	7500.0	518.122	12818.1
-31878.0	7500.0	516.876	7790.33
-31878.0	7500.0	515.629	5164.42
-31878.0	7500.0	514.381	3812.38
-31878.0	7500.0	513.134	3008.0
-31878.0	7500.0	511.886	2612.67
-31878.0	7500.0	510.638	2255.57
-31878.0	7500.0	509.39	2008.76
-31878.0	7500.0	508.141	1942.27
-31878.0	7500.0	506.892	1827.76
-31878.0	7500.0	505.643	1679.27
-31878.0	7500.0	504.394	1570.87
-31878.0	7500.0	503.145	1580.55
-31878.0	7500.0	501.895	1470.2
-31878.0	7500.0	500.645	1489.9
-31878.0	7500.0	499.394	1363.63
-31878.0	7500.0	498.144	1365.34
-31878.0	7500.0	496.893	1365.06
-31878.0	7500.0	495.642	1338.8
-31878.0	7500.0	494.39	1322.54
-31878.0	7500.0	493.139	1326.26
-31878.0	7500.0	491.887	1276.06
-31878.0	7500.0	490.635	1255.83
-31878.0	7500.0	489.382	1249.59
-31878.0	7500.0	488.13	1207.42
-31878.0	7500.0	486.877	1207.17
-31878.0	7500.0	485.623	1250.81
-31878.0	7500.0	484.37	1190.71
-31878.0	7500.0	483.116	1324.07
-31878.0	7500.0	481.862	1218.13
-31878.0	7500.0	480.608	1160.07
-31878.0	7500.0	479.354	1177.77
-31878.0	7500.0	478.099	1217.37
-31878.0	7500.0	476.844	1219.11
-31878.0	7500.0	475.588	1214.87
-31878.0	7500.0	474.333	1186.75
-31878.0	7500.0	473.077	1238.26
-31878.0	7500.0	471.821	1247.95
-31878.0	7500.0	470.565	1174.07
-31878.0	7500.0	469.308	1163.87
-31878.0	7500.0	468.051	1161.64
-31878.0	7500.0	466.794	1191.23
-31878.0	7500.0	465.537	1216.83
-31878.0	7500.0	464.279	1178.81
-31878.0	7500.0	463.021	1122.92
-31878.0	7500.0	461.763	1228.0
-31878.0	7500.0	460.505	1108.54
-31878.0	7500.0	459.246	1181.8
-31878.0	7500.0	457.987	1135.88
-31878.0	7500.0	456.728	1187.27
-31878.0	7500.0	455.469	1218.78
-31878.0	7500.0	454.209	1196.69
-31878.0	7500.0	452.949	1212.32
-31878.0	7500.0	451.689	1176.36
-31878.0	7500.0	450.428	1205.86
-31878.0	7500.0	449.167	1205.61
-31878.0	7500.0	447.906	1258.89
-31878.0	7500.0	446.645	1256.64
-31878.0	7500.0	445.383	1210.8
-31878.0	7500.0	444.122	1214.51
-31878.0	7500.0	442.86	1218.22
-31878.0	7500.0	441.597	1255.59
-31878.0	7500.0	440.335	1245.43
-31878.0	7500.0	439.072	1215.48
-31878.0	7500.0	437.809	1221.16
-31878.0	7500.0	436.545	1224.86
-31878.0	7500.0	435.281	1242.41
-31878.0	7500.0	434.018	1190.72
-31878.0	7500.0	432.753	1275.51
-31878.0	7500.0	431.489	1223.84
-31878.0	7500.0	430.224	1269.04
-31878.0	7500.0	428.959	1256.92
-31878.0	7500.0	427.694	1262.59
-31878.0	7500.0	426.428	1177.38
-31878.0	7500.0	425.163	1267.98
-31878.0	7500.0	423.896	1311.16
-31878.0	7500.0	422.63	1253.63
-31878.0	7500.0	421.364	1281.0
-31878.0	7500.0	420.097	1223.5
-31878.0	7500.0	418.83	1302.17
-31878.0	7500.0	417.562	1276.25
-31878.0	7500.0	416.295	1311.48
-31878.0	7500.0	415.027	1226.42
-31878.0	7500.0	413.758	1245.88
-31878.0	7500.0	412.49	1269.27
-31878.0	7500.0	411.221	1286.73
-31878.0	7500.0	409.952	1264.79
-31878.0	7500.0	408.683	1201.5
-31878.0	7500.0	407.414	1222.91
-31878.0	7500.0	406.144	1248.25
-31878.0	7500.0	404.874	1240.11
-31878.0	7500.0	403.603	1188.68
-31878.0	7500.0	402.333	1229.75
-31878.0	7500.0	401.062	1251.13
-31878.0	7500.0	399.791	1213.5
-31878.0	7500.0	398.519	1250.6
-31878.0	7500.0	397.248	1266.07
-31878.0	7500.0	395.976	1240.25
-31878.0	7500.0	394.704	1279.29
-31878.0	7500.0	393.431	1243.66
-31878.0	7500.0	392.159	1217.86
-31878.0	7500.0	390.886	1266.7
-31878.0	7500.0	389.612	1274.29
-31878.0	7500.0	388.339	1228.87
-31878.0	7500.0	387.065	1295.34
-31878.0	7500.0	385.791	1293.1
-31878.0	7500.0	384.517	1253.6
-31878.0	7500.0	383.242	1231.76
-31878.0	7500.0	381.967	1288.36
-31878.0	7500.0	380.692	1288.09
-31878.0	7500.0	379.417	1221.18
-31878.0	7500.0	378.141	1275.79
-31878.0	7500.0	376.865	1320.59
-31878.0	7500.0	375.589	1261.54
-31878.0	7500.0	374.312	1274.98
-31878.0	7500.0	373.035	1294.29
-31878.0	7500.0	371.758	1290.11
-31878.0	7500.0	370.481	1268.3
-31878.0	7500.0	369.204	1342.4
-31878.0	7500.0	367.926	1306.9
-31878.0	7500.0	366.648	1290.97
-31878.0	7500.0	365.369	1273.1
-31878.0	7500.0	364.091	1266.96
-31878.0	7500.0	362.812	1278.42
-31878.0	7500.0	361.532	1278.15
-31878.0	7500.0	360.253	1258.34
-31878.0	7500.0	358.973	1365.52
-31878.0	7500.0	357.693	1263.67
-31878.0	7500.0	356.413	1263.4
-31878.0	7500.0	355.132	1374.42
-31878.0	7500.0	353.852	1385.84
-31878.0	7500.0	352.571	1336.76
-31878.0	7500.0	351.289	1322.82
-31878.0	7500.0	350.008	1318.63
-31878.0	7500.0	348.726	1296.9
-31878.0	7500.0	347.444	1306.38
-31878.0	7500.0	346.161	1298.3
-31878.0	7500.0	344.878	1375.99
-31878.0	7500.0	343.595	1350.36
-31878.0	7500.0	342.312	1295.53
-31878.0	7500.0	341.029	1377.06
-31878.0	7500.0	339.745	1370.92
-31878.0	7500.0	338.461	1327.8
-31878.0	7500.0	337.176	1343.09
-31878.0	7500.0	335.892	1315.56
-31878.0	7500.0	334.607	1342.52
-31878.0	7500.0	333.322	1315.0
-31878.0	7500.0	332.036	1396.41
-31878.0	7500.0	330.75	1382.5
-31878.0	7500.0	329.464	1376.37
-31878.0	7500.0	328.178	1422.73
-31878.0	7500.0	326.892	1389.39
-31878.0	7500.0	325.605	1439.61
-31878.0	7500.0	324.318	1410.17
-31878.0	7500.0	323.03	1396.27
-31878.0	7500.0	321.743	1428.98
-31878.0	7500.0	320.455	1436.44
-31878.0	7500.0	319.167	1420.61
-31878.0	7500.0	317.878	1464.94
-31878.0	7500.0	316.59	1451.05
-31878.0	7500.0	315.301	1446.86
-31878.0	7500.0	314.011	1452.37
-31878.0	7500.0	312.722	1488.89
-31878.0	7500.0	311.432	1494.39
-31878.0	7500.0	310.142	1488.26
-31878.0	7500.0	308.851	1557.69
-31878.0	7500.0	307.561	1603.84
-31878.0	7500.0	306.27	1582.2
-31878.0	7500.0	304.979	1626.4
-31878.0	7500.0	303.687	1701.54
-31878.0	7500.0	302.395	1705.05
-31878.0	7500.0	301.103	1662.12
-31878.0	7500.0	299.811	1582.45
-31878.0	7500.0	298.519	1582.11
-31878.0	7500.0	297.226	1545.03
-31878.0	7500.0	295.933	1504.1
-31878.0	7500.0	294.639	1523.11
-31878.0	7500.0	293.345	1495.73
-31878.0	7500.0	292.052	1487.69
-31878.0	7500.0	290.757	1427.49
-31878.0	7500.0	289.463	1402.08
-31878.0	7500.0	288.168	1482.87
-31878.0	7500.0	286.873	1474.83
-31878.0	7500.0	285.578	1403.11
-31878.0	7500.0	284.282	1468.41
-31878.0	7500.0	282.986	1421.8
-31878.0	7500.0	281.69	1450.43
-31878.0	7500.0	280.393	1450.12
-31878.0	7500.0	279.097	1403.54
-31878.0	7500.0	277.8	1445.64
-31878.0	7500.0	276.502	1435.7
-31878.0	7500.0	275.205	1369.88
-31878.0	7500.0	273.907	1361.89
-31878.0	7500.0	272.609	1396.26
-31878.0	7500.0	271.311	1369.01
-31878.0	7500.0	270.012	1391.81
-31878.0	7500.0	268.713	1328.0
-31878.0	7500.0	267.414	1346.96
-31878.0	7500.0	266.114	1387.07
-31878.0	7500.0	264.814	1342.54
-31878.0	7500.0	263.514	1309.56
-31878.0	7500.0	262.214	1326.58
-31878.0	7500.0	260.913	1372.43
-31878.0	7500.0	259.613	1308.72
-31878.0	7500.0	258.311	1366.08
-31878.0	7500.0	257.01	1338.89
-31878.0	7500.0	255.708	1382.78
-31878.0	7500.0	254.406	1374.8
-31878.0	7500.0	253.104	1336.11
-31878.0	7500.0	251.801	1295.52
-31878.0	7500.0	250.499	1395.03
-31878.0	7500.0	249.195	1321.83
-31878.0	7500.0	247.892	1342.64
-31878.0	7500.0	246.588	1390.29
-31878.0	7500.0	245.284	1342.06
-31878.0	7500.0	243.98	1339.86
-31878.0	7500.0	242.676	1306.99
-31878.0	7500.0	241.371	1302.88
-31878.0	7500.0	240.066	1339.0
-31878.0	7500.0	238.76	1367.44
-31878.0	7500.0	237.455	1294.38
-31878.0	7500.0	236.149	1336.22
-31878.0	7500.0	234.843	1425.89
-31878.0	7500.0	233.536	1322.25
-31878.0	7500.0	232.229	1339.19
-31878.0	7500.0	230.922	1329.34
-31878.0	7500.0	229.615	1313.75
-31878.0	7500.0	228.307	1292.44
-31878.0	7500.0	227.0	1330.39
-31878.0	7500.0	225.691	1374.06
-31878.0	7500.0	224.383	1299.25
-31878.0	7500.0	223.074	1276.05
-31878.0	7500.0	221.765	1300.6
-31878.0	7500.0	220.456	1285.05
-31878.0	7500.0	219.146	1279.04
-31878.0	7500.0	217.836	1294.04
-31878.0	7500.0	216.526	1265.14
-31878.0	7500.0	215.216	1291.57
-31878.0	7500.0	213.905	1327.54
-31878.0	7500.0	212.594	1277.67
-31878.0	7500.0	211.283	1252.61
-31878.0	7500.0	209.971	1267.59
-31878.0	7500.0	208.66	1288.28
-31878.0	7500.0	207.348	1324.21
-31878.0	7500.0	206.035	1363.92
-31878.0	7500.0	204.722	1279.83
-31878.0	7500.0	203.409	1281.46
-31878.0	7500.0	202.096	1292.61
-31878.0	7500.0	200.783	1301.85
-31878.0	7500.0	199.469	1248.29
-31878.0	7500.0	198.155	1284.16
-31878.0	7500.0	196.84	1242.04
-31878.0	7500.0	195.526	1295.02
-31878.0	7500.0	194.211	1252.92
-31878.0	7500.0	192.896	1296.36
-31878.0	7500.0	191.58	1406.31
-31878.0	7500.0	190.264	1326.21
-31878.0	7500.0	188.948	1335.42
-31878.0	7500.0	187.632	1257.26
-31878.0	7500.0	186.315	1266.49
-31878.0	7500.0	184.998	1315.57
-31878.0	7500.0	183.681	1267.84
-31878.0	7500.0	182.364	1282.75
-31878.0	7500.0	181.046	1328.0
-31878.0	7500.0	179.728	1295.47
-31878.0	7500.0	178.41	1297.09
-31878.0	7500.0	177.091	1270.27
-31878.0	7500.0	175.772	1321.17
-31878.0	7500.0	174.453	1315.2
-31878.0	7500.0	173.133	1294.08
-31878.0	7500.0	171.814	1250.23
-31878.0	7500.0	170.494	1321.93
-31878.0	7500.0	169.173	1348.15
-31878.0	7500.0	167.853	1319.47
-31878.0	7500.0	166.532	1338.11
-31878.0	7500.0	165.211	1360.53
-31878.0	7500.0	163.889	1278.88
-31878.0	7500.0	162.567	1310.76
-31878.0	7500.0	161.245	1308.59
-31878.0	7500.0	159.923	1317.76
-31878.0	7500.0	158.6	1342.05
-31878.0	7500.0	157.278	1315.3
-31878.0	7500.0	155.954	1335.8
-31878.0	7500.0	154.631	1371.4
-31878.0	7500.0	153.307	1327.67
-31878.0	7500.0	151.983	1355.71
-31878.0	7500.0	150.659	1291.23
-31878.0	7500.0	149.334	1332.47
-31878.0	7500.0	148.009	1300.11
-31878.0	7500.0	146.684	1377.18
-31878.0	7500.0	145.359	1278.8
-31878.0	7500.0	144.033	1336.98
-31878.0	7500.0	142.707	1325.38
-31878.0	7500.0	141.381	1398.61
-31878.0	7500.0	140.054	1345.54
-31878.0	7500.0	138.727	1377.28
-31878.0	7500.0	137.4	1311.05
-31878.0	7500.0	136.072	1297.58
-31878.0	7500.0	134.745	1382.03
-31878.0	7500.0	133.417	1376.09
-31878.0	7500.0	132.088	1364.5
-31878.0	7500.0	130.76	1332.22
-31878.0	7500.0	129.431	1375.2
-31878.0	7500.0	128.102	1363.62
-31878.0	7500.0	126.772	1355.8
-31878.0	7500.0	125.442	1332.95
-31878.0	7500.0	124.112	1315.74
-31878.0	7500.0	122.782	1358.68
-31878.0	7500.0	121.451	1367.78
-31878.0	7500.0	120.12	1324.28
-31878.0	7500.0	118.789	1372.82
-31878.0	7500.0	117.458	1383.79
-31878.0	7500.0	116.126	1351.58
-31878.0	7500.0	114.794	1330.65
-31878.0	7500.0	113.462	1358.5
-31878.0	7500.0	112.129	1388.23
-31878.0	7500.0	110.796	1378.55
-31878.0	7500.0	109.463	1348.25
-31878.0	7500.0	108.129	1334.83
-31878.0	7500.0	106.796	1332.67
-31878.0	7500.0	105.461	1291.16
-31878.0	7500.0	104.127	1330.22
-31878.0	7500.0	102.792	1283.11
-31878.0	7500.0	101.457	1301.56
-31878.0	7500.0	100.122	1269.44
-31878.0	7500.0	98.7867	1196.16
-31878.0	7500.0	97.4509	1235.21
-31878.0	7500.0	96.1148	1276.11
-31878.0	7500.0	94.7784	1195.39
-31878.0	7500.0	93.4418	1153.98
-31878.0	7500.0	92.1048	1170.56
-31878.0	7500.0	90.7676	1138.53
-31878.0	7500.0	89.43	1153.24
-31878.0	7500.0	88.0922	1167.94
-31878.0	7500.0	86.7541	1113.5
-31878.0	7500.0	85.4157	1113.26
