-31896.0	7492.0	1311.89	1260.61
-31896.0	7492.0	1310.78	1280.84
-31896.0	7492.0	1309.68	1267.02
-31896.0	7492.0	1308.58	1291.79
-31896.0	7492.0	1307.48	1284.77
-31896.0	7492.0	1306.38	1280.02
-31896.0	7492.0	1305.28	1193.59
-31896.0	7492.0	1304.18	1293.23
-31896.0	7492.0	1303.07	1220.43
-31896.0	7492.0	1301.97	1247.45
-31896.0	7492.0	1300.87	1242.72
-31896.0	7492.0	1299.77	1228.91
-31896.0	7492.0	1298.66	1287.66
-31896.0	7492.0	1297.56	1257.98
-31896.0	7492.0	1296.46	1171.66
-31896.0	7492.0	1295.35	1291.57
-31896.0	7492.0	1294.25	1268.71
-31896.0	7492.0	1293.15	1248.12
-31896.0	7492.0	1292.04	1229.8
-31896.0	7492.0	1290.94	1295.27
-31896.0	7492.0	1289.83	1242.99
-31896.0	7492.0	1288.73	1183.93
-31896.0	7492.0	1287.63	1224.48
-31896.0	7492.0	1286.52	1262.75
-31896.0	7492.0	1285.42	1233.13
-31896.0	7492.0	1284.31	1257.82
-31896.0	7492.0	1283.21	1196.55
-31896.0	7492.0	1282.1	1228.01
-31896.0	7492.0	1280.99	1221.03
-31896.0	7492.0	1279.89	1279.62
-31896.0	7492.0	1278.78	1277.15
-31896.0	7492.0	1277.68	1301.8
-31896.0	7492.0	1276.57	1213.46
-31896.0	7492.0	1275.46	1267.49
-31896.0	7492.0	1274.36	1204.04
-31896.0	7492.0	1273.25	1210.62
-31896.0	7492.0	1272.14	1228.49
-31896.0	7492.0	1271.04	1305.06
-31896.0	7492.0	1269.93	1230.35
-31896.0	7492.0	1268.82	1194.03
-31896.0	7492.0	1267.71	1211.89
-31896.0	7492.0	1266.61	1186.88
-31896.0	7492.0	1265.5	1240.83
-31896.0	7492.0	1264.39	1229.35
-31896.0	7492.0	1263.28	1231.4
-31896.0	7492.0	1262.17	1199.63
-31896.0	7492.0	1261.06	1215.22
-31896.0	7492.0	1259.95	1226.3
-31896.0	7492.0	1258.84	1257.65
-31896.0	7492.0	1257.74	1189.84
-31896.0	7492.0	1256.63	1241.47
-31896.0	7492.0	1255.52	1236.76
-31896.0	7492.0	1254.41	1254.58
-31896.0	7492.0	1253.3	1245.37
-31896.0	7492.0	1252.19	1287.94
-31896.0	7492.0	1251.08	1199.93
-31896.0	7492.0	1249.96	1267.27
-31896.0	7492.0	1248.85	1276.06
-31896.0	7492.0	1247.74	1233.1
-31896.0	7492.0	1246.63	1266.64
-31896.0	7492.0	1245.52	1259.69
-31896.0	7492.0	1244.41	1178.52
-31896.0	7492.0	1243.3	1245.78
-31896.0	7492.0	1242.18	1220.85
-31896.0	7492.0	1241.07	1249.87
-31896.0	7492.0	1239.96	1258.66
-31896.0	7492.0	1238.85	1244.97
-31896.0	7492.0	1237.74	1217.8
-31896.0	7492.0	1236.62	1183.9
-31896.0	7492.0	1235.51	1185.96
-31896.0	7492.0	1234.4	1214.96
-31896.0	7492.0	1233.28	1205.78
-31896.0	7492.0	1232.17	1210.07
-31896.0	7492.0	1231.06	1187.42
-31896.0	7492.0	1229.94	1220.89
-31896.0	7492.0	1228.83	1191.52
-31896.0	7492.0	1227.71	1198.05
-31896.0	7492.0	1226.6	1186.64
-31896.0	7492.0	1225.48	1222.33
-31896.0	7492.0	1224.37	1166.07
-31896.0	7492.0	1223.25	1195.02
-31896.0	7492.0	1222.14	1183.62
-31896.0	7492.0	1221.02	1196.87
-31896.0	7492.0	1219.91	1237.01
-31896.0	7492.0	1218.79	1205.44
-31896.0	7492.0	1217.68	1187.32
-31896.0	7492.0	1216.56	1216.24
-31896.0	7492.0	1215.44	1229.47
-31896.0	7492.0	1214.33	1253.9
-31896.0	7492.0	1213.21	1191.01
-31896.0	7492.0	1212.09	1199.77
-31896.0	7492.0	1210.98	1148.09
-31896.0	7492.0	1209.86	1147.9
-31896.0	7492.0	1208.74	1190.22
-31896.0	7492.0	1207.62	1194.5
-31896.0	7492.0	1206.51	1214.43
-31896.0	7492.0	1205.39	1182.92
-31896.0	7492.0	1204.27	1144.72
-31896.0	7492.0	1203.15	1213.82
-31896.0	7492.0	1202.03	1231.5
-31896.0	7492.0	1200.91	1231.3
-31896.0	7492.0	1199.8	1143.96
-31896.0	7492.0	1198.68	1179.51
-31896.0	7492.0	1197.56	1174.84
-31896.0	7492.0	1196.44	1165.72
-31896.0	7492.0	1195.32	1145.43
-31896.0	7492.0	1194.2	1189.88
-31896.0	7492.0	1193.08	1187.45
-31896.0	7492.0	1191.96	1164.94
-31896.0	7492.0	1190.84	1158.05
-31896.0	7492.0	1189.72	1171.24
-31896.0	7492.0	1188.6	1195.58
-31896.0	7492.0	1187.48	1255.6
-31896.0	7492.0	1186.35	1168.43
-31896.0	7492.0	1185.23	1179.38
-31896.0	7492.0	1184.11	1174.72
-31896.0	7492.0	1182.99	1194.59
-31896.0	7492.0	1181.87	1147.59
-31896.0	7492.0	1180.75	1129.58
-31896.0	7492.0	1179.62	1109.34
-31896.0	7492.0	1178.5	1115.83
-31896.0	7492.0	1177.38	1193.59
-31896.0	7492.0	1176.26	1164.44
-31896.0	7492.0	1175.13	1130.85
-31896.0	7492.0	1174.01	1219.69
-31896.0	7492.0	1172.89	1166.08
-31896.0	7492.0	1171.76	1181.46
-31896.0	7492.0	1170.64	1207.96
-31896.0	7492.0	1169.51	1198.86
-31896.0	7492.0	1168.39	1185.31
-31896.0	7492.0	1167.27	1169.55
-31896.0	7492.0	1166.14	1140.45
-31896.0	7492.0	1165.02	1140.26
-31896.0	7492.0	1163.89	1171.18
-31896.0	7492.0	1162.77	1150.98
-31896.0	7492.0	1161.64	1188.56
-31896.0	7492.0	1160.52	1177.25
-31896.0	7492.0	1159.39	1172.61
-31896.0	7492.0	1158.26	1150.21
-31896.0	7492.0	1157.14	1123.37
-31896.0	7492.0	1156.01	1203.09
-31896.0	7492.0	1154.88	1142.97
-31896.0	7492.0	1153.76	1218.22
-31896.0	7492.0	1152.63	1164.77
-31896.0	7492.0	1151.5	1140.17
-31896.0	7492.0	1150.38	1186.55
-31896.0	7492.0	1149.25	1126.48
-31896.0	7492.0	1148.12	1172.85
-31896.0	7492.0	1146.99	1146.05
-31896.0	7492.0	1145.87	1218.99
-31896.0	7492.0	1144.74	1196.63
-31896.0	7492.0	1143.61	1134.39
-31896.0	7492.0	1142.48	1125.33
-31896.0	7492.0	1141.35	1116.28
-31896.0	7492.0	1140.22	1120.52
-31896.0	7492.0	1139.09	1118.12
-31896.0	7492.0	1137.97	1113.5
-31896.0	7492.0	1136.84	1122.16
-31896.0	7492.0	1135.71	1172.87
-31896.0	7492.0	1134.58	1139.48
-31896.0	7492.0	1133.45	1194.59
-31896.0	7492.0	1132.32	1134.67
-31896.0	7492.0	1131.19	1132.27
-31896.0	7492.0	1130.05	1127.65
-31896.0	7492.0	1128.92	1193.78
-31896.0	7492.0	1127.79	1120.63
-31896.0	7492.0	1126.66	1089.5
-31896.0	7492.0	1125.53	1078.27
-31896.0	7492.0	1124.4	1102.39
-31896.0	7492.0	1123.27	1122.08
-31896.0	7492.0	1122.13	1128.51
-31896.0	7492.0	1121.0	1110.65
-31896.0	7492.0	1119.87	1121.5
-31896.0	7492.0	1118.74	1114.69
-31896.0	7492.0	1117.6	1154.22
-31896.0	7492.0	1116.47	1129.75
-31896.0	7492.0	1115.34	1171.47
-31896.0	7492.0	1114.2	1135.98
-31896.0	7492.0	1113.07	1166.66
-31896.0	7492.0	1111.94	1126.77
-31896.0	7492.0	1110.8	1119.96
-31896.0	7492.0	1109.67	1093.32
-31896.0	7492.0	1108.54	1104.15
-31896.0	7492.0	1107.4	1075.32
-31896.0	7492.0	1106.27	1094.96
-31896.0	7492.0	1105.13	1116.8
-31896.0	7492.0	1104.0	1105.59
-31896.0	7492.0	1102.86	1147.24
-31896.0	7492.0	1101.72	1107.41
-31896.0	7492.0	1100.59	1113.83
-31896.0	7492.0	1099.45	1135.64
-31896.0	7492.0	1098.32	1148.65
-31896.0	7492.0	1097.18	1097.85
-31896.0	7492.0	1096.04	1154.85
-31896.0	7492.0	1094.91	1104.07
-31896.0	7492.0	1093.77	1174.24
-31896.0	7492.0	1092.63	1204.82
-31896.0	7492.0	1091.5	1167.24
-31896.0	7492.0	1090.36	1171.44
-31896.0	7492.0	1089.22	1067.96
-31896.0	7492.0	1088.08	1102.92
-31896.0	7492.0	1086.95	1146.67
-31896.0	7492.0	1085.81	1052.03
-31896.0	7492.0	1084.67	1157.25
-31896.0	7492.0	1083.53	1108.75
-31896.0	7492.0	1082.39	1088.8
-31896.0	7492.0	1081.25	1020.57
-31896.0	7492.0	1080.11	1090.61
-31896.0	7492.0	1078.97	1123.33
-31896.0	7492.0	1077.83	1109.98
-31896.0	7492.0	1076.69	1138.3
-31896.0	7492.0	1075.55	1122.75
-31896.0	7492.0	1074.41	1144.48
-31896.0	7492.0	1073.27	1078.51
-31896.0	7492.0	1072.13	1148.46
-31896.0	7492.0	1070.99	1111.01
-31896.0	7492.0	1069.85	1086.71
-31896.0	7492.0	1068.71	1077.76
-31896.0	7492.0	1067.57	1154.23
-31896.0	7492.0	1066.43	1094.91
-31896.0	7492.0	1065.28	1112.23
-31896.0	7492.0	1064.14	1083.58
-31896.0	7492.0	1063.0	1089.95
-31896.0	7492.0	1061.86	1096.33
-31896.0	7492.0	1060.71	1128.95
-31896.0	7492.0	1059.57	1170.32
-31896.0	7492.0	1058.43	1049.82
-31896.0	7492.0	1057.29	1099.93
-31896.0	7492.0	1056.14	1132.54
-31896.0	7492.0	1055.0	1062.39
-31896.0	7492.0	1053.85	1099.36
-31896.0	7492.0	1052.71	1079.5
-31896.0	7492.0	1051.57	1109.89
-31896.0	7492.0	1050.42	1092.22
-31896.0	7492.0	1049.28	1096.4
-31896.0	7492.0	1048.13	1045.98
-31896.0	7492.0	1046.99	1146.23
-31896.0	7492.0	1045.84	1056.53
-31896.0	7492.0	1044.7	1065.07
-31896.0	7492.0	1043.55	1125.99
-31896.0	7492.0	1042.4	1093.06
-31896.0	7492.0	1041.26	1057.97
-31896.0	7492.0	1040.11	1081.77
-31896.0	7492.0	1038.97	1149.18
-31896.0	7492.0	1037.82	1122.81
-31896.0	7492.0	1036.67	1094.28
-31896.0	7492.0	1035.53	1096.26
-31896.0	7492.0	1034.38	1100.43
-31896.0	7492.0	1033.23	1104.59
-31896.0	7492.0	1032.08	1158.85
-31896.0	7492.0	1030.94	1086.78
-31896.0	7492.0	1029.79	1112.72
-31896.0	7492.0	1028.64	1092.93
-31896.0	7492.0	1027.49	1144.97
-31896.0	7492.0	1026.34	1138.24
-31896.0	7492.0	1025.19	1064.06
-31896.0	7492.0	1024.04	1135.66
-31896.0	7492.0	1022.89	1113.71
-31896.0	7492.0	1021.74	1113.51
-31896.0	7492.0	1020.59	1174.2
-31896.0	7492.0	1019.45	1076.16
-31896.0	7492.0	1018.29	1132.48
-31896.0	7492.0	1017.14	1190.96
-31896.0	7492.0	1015.99	1155.98
-31896.0	7492.0	1014.84	1149.26
-31896.0	7492.0	1013.69	1188.15
-31896.0	7492.0	1012.54	1133.65
-31896.0	7492.0	1011.39	1113.9
-31896.0	7492.0	1010.24	1141.93
-31896.0	7492.0	1009.09	1156.92
-31896.0	7492.0	1007.93	1195.77
-31896.0	7492.0	1006.78	1178.2
-31896.0	7492.0	1005.63	1197.52
-31896.0	7492.0	1004.48	1156.09
-31896.0	7492.0	1003.32	1236.13
-31896.0	7492.0	1002.17	1205.55
-31896.0	7492.0	1001.02	1224.84
-31896.0	7492.0	999.865	1198.62
-31896.0	7492.0	998.711	1239.58
-31896.0	7492.0	997.558	1269.69
-31896.0	7492.0	996.403	1217.47
-31896.0	7492.0	995.249	1251.91
-31896.0	7492.0	994.095	1307.99
-31896.0	7492.0	992.94	1329.4
-31896.0	7492.0	991.785	1363.8
-31896.0	7492.0	990.63	1374.38
-31896.0	7492.0	989.475	1434.72
-31896.0	7492.0	988.319	1453.94
-31896.0	7492.0	987.164	1427.72
-31896.0	7492.0	986.008	1427.46
-31896.0	7492.0	984.852	1463.97
-31896.0	7492.0	983.695	1463.7
-31896.0	7492.0	982.539	1521.8
-31896.0	7492.0	981.382	1573.4
-31896.0	7492.0	980.225	1545.03
-31896.0	7492.0	979.068	1544.75
-31896.0	7492.0	977.911	1445.1
-31896.0	7492.0	976.753	1503.16
-31896.0	7492.0	975.595	1518.0
-31896.0	7492.0	974.437	1560.91
-31896.0	7492.0	973.279	1573.57
-31896.0	7492.0	972.121	1633.72
-31896.0	7492.0	970.962	1465.12
-31896.0	7492.0	969.803	1605.08
-31896.0	7492.0	968.644	1600.48
-31896.0	7492.0	967.485	1554.9
-31896.0	7492.0	966.326	1578.34
-31896.0	7492.0	965.166	1590.99
-31896.0	7492.0	964.006	1605.79
-31896.0	7492.0	962.846	1573.17
-31896.0	7492.0	961.686	1516.86
-31896.0	7492.0	960.525	1557.52
-31896.0	7492.0	959.365	1559.39
-31896.0	7492.0	958.204	1625.87
-31896.0	7492.0	957.043	1591.12
-31896.0	7492.0	955.881	1599.44
-31896.0	7492.0	954.72	1650.81
-31896.0	7492.0	953.558	1626.84
-31896.0	7492.0	952.396	1525.42
-31896.0	7492.0	951.234	1591.83
-31896.0	7492.0	950.071	1593.69
-31896.0	7492.0	948.909	1619.2
-31896.0	7492.0	947.746	1560.86
-31896.0	7492.0	946.583	1665.9
-31896.0	7492.0	945.42	1560.29
-31896.0	7492.0	944.256	1628.77
-31896.0	7492.0	943.092	1609.13
-31896.0	7492.0	941.929	1602.4
-31896.0	7492.0	940.765	1696.6
-31896.0	7492.0	939.6	1618.99
-31896.0	7492.0	938.436	1680.95
-31896.0	7492.0	937.271	1581.91
-31896.0	7492.0	936.106	1547.28
-31896.0	7492.0	934.941	1559.87
-31896.0	7492.0	933.775	1418.0
-31896.0	7492.0	932.61	1381.28
-31896.0	7492.0	931.444	1353.15
-31896.0	7492.0	930.278	1320.74
-31896.0	7492.0	929.112	1226.18
-31896.0	7492.0	927.945	1238.81
-31896.0	7492.0	926.779	1212.87
-31896.0	7492.0	925.612	1163.37
-31896.0	7492.0	924.445	1188.86
-31896.0	7492.0	923.278	1199.35
-31896.0	7492.0	922.11	1147.74
-31896.0	7492.0	920.942	1083.3
-31896.0	7492.0	919.774	1149.46
-31896.0	7492.0	918.606	1132.13
-31896.0	7492.0	917.438	1157.6
-31896.0	7492.0	916.269	1121.01
-31896.0	7492.0	915.1	1112.25
-31896.0	7492.0	913.931	1137.71
-31896.0	7492.0	912.762	1124.67
-31896.0	7492.0	911.593	1111.64
-31896.0	7492.0	910.423	1105.02
-31896.0	7492.0	909.253	1124.05
-31896.0	7492.0	908.083	1091.79
-31896.0	7492.0	906.913	1014.69
-31896.0	7492.0	905.742	1037.99
-31896.0	7492.0	904.572	1084.78
-31896.0	7492.0	903.401	1095.26
-31896.0	7492.0	902.229	1103.59
-31896.0	7492.0	901.058	1135.4
-31896.0	7492.0	899.886	1103.18
-31896.0	7492.0	898.715	1083.78
-31896.0	7492.0	897.543	1079.31
-31896.0	7492.0	896.37	1115.37
-31896.0	7492.0	895.198	1095.97
-31896.0	7492.0	894.025	1042.47
-31896.0	7492.0	892.852	1080.64
-31896.0	7492.0	891.679	1082.57
-31896.0	7492.0	890.506	1054.67
-31896.0	7492.0	889.332	1101.34
-31896.0	7492.0	888.158	1096.88
-31896.0	7492.0	886.984	1092.42
-31896.0	7492.0	885.81	1058.15
-31896.0	7492.0	884.636	1100.52
-31896.0	7492.0	883.461	1013.06
-31896.0	7492.0	882.286	1021.38
-31896.0	7492.0	881.111	1044.59
-31896.0	7492.0	879.936	1033.76
-31896.0	7492.0	878.76	1059.09
-31896.0	7492.0	877.584	1090.79
-31896.0	7492.0	876.408	1022.56
-31896.0	7492.0	875.232	1022.37
-31896.0	7492.0	874.056	1045.55
-31896.0	7492.0	872.879	1070.85
-31896.0	7492.0	871.702	1034.54
-31896.0	7492.0	870.525	1055.58
-31896.0	7492.0	869.348	1072.38
-31896.0	7492.0	868.17	1076.42
-31896.0	7492.0	866.993	1088.96
-31896.0	7492.0	865.815	1063.28
-31896.0	7492.0	864.637	1037.62
-31896.0	7492.0	863.458	1050.16
-31896.0	7492.0	862.28	1026.63
-31896.0	7492.0	861.101	1030.68
-31896.0	7492.0	859.922	1068.65
-31896.0	7492.0	858.742	1043.01
-31896.0	7492.0	857.563	1027.98
-31896.0	7492.0	856.383	1051.09
-31896.0	7492.0	855.203	1038.18
-31896.0	7492.0	854.023	1023.16
-31896.0	7492.0	852.843	1075.92
-31896.0	7492.0	851.662	1027.01
-31896.0	7492.0	850.481	1043.76
-31896.0	7492.0	849.3	1045.68
-31896.0	7492.0	848.119	1013.73
-31896.0	7492.0	846.937	1117.22
-31896.0	7492.0	845.756	1049.32
-31896.0	7492.0	844.574	1034.31
-31896.0	7492.0	843.392	1029.89
-31896.0	7492.0	842.209	1065.64
-31896.0	7492.0	841.027	1086.58
-31896.0	7492.0	839.844	1033.53
-31896.0	7492.0	838.661	1094.62
-31896.0	7492.0	837.477	1018.35
-31896.0	7492.0	836.294	1056.18
-31896.0	7492.0	835.11	1041.2
-31896.0	7492.0	833.926	1079.01
-31896.0	7492.0	832.742	1087.25
-31896.0	7492.0	831.558	1078.6
-31896.0	7492.0	830.373	1135.38
-31896.0	7492.0	829.188	1052.87
-31896.0	7492.0	828.003	1063.22
-31896.0	7492.0	826.818	1027.16
-31896.0	7492.0	825.632	1043.84
-31896.0	7492.0	824.446	965.631
-31896.0	7492.0	823.26	1060.31
-31896.0	7492.0	822.074	1079.07
-31896.0	7492.0	820.888	1078.87
-31896.0	7492.0	819.701	1036.53
-31896.0	7492.0	818.514	1021.59
-31896.0	7492.0	817.327	1008.76
-31896.0	7492.0	816.14	1065.41
-31896.0	7492.0	814.952	1084.16
-31896.0	7492.0	813.765	1094.48
-31896.0	7492.0	812.577	1054.28
-31896.0	7492.0	811.388	1051.98
-31896.0	7492.0	810.2	1024.43
-31896.0	7492.0	809.011	1068.4
-31896.0	7492.0	807.822	1032.45
-31896.0	7492.0	806.633	1099.53
-31896.0	7492.0	805.444	1057.28
-31896.0	7492.0	804.254	1052.88
-31896.0	7492.0	803.064	1000.15
-31896.0	7492.0	801.874	1029.37
-31896.0	7492.0	800.684	985.063
-31896.0	7492.0	799.493	1066.77
-31896.0	7492.0	798.303	1053.97
-31896.0	7492.0	797.112	1060.07
-31896.0	7492.0	795.921	1076.65
-31896.0	7492.0	794.729	1028.19
-31896.0	7492.0	793.538	1105.61
-31896.0	7492.0	792.346	1057.16
-31896.0	7492.0	791.154	1006.62
-31896.0	7492.0	789.961	998.044
-31896.0	7492.0	788.769	1071.22
-31896.0	7492.0	787.576	1058.44
-31896.0	7492.0	786.383	1014.23
-31896.0	7492.0	785.19	1051.75
-31896.0	7492.0	783.996	1038.98
-31896.0	7492.0	782.802	1101.61
-31896.0	7492.0	781.608	1057.43
-31896.0	7492.0	780.414	1006.98
-31896.0	7492.0	779.22	1025.62
-31896.0	7492.0	778.025	1029.61
-31896.0	7492.0	776.83	1008.49
-31896.0	7492.0	775.635	1052.23
-31896.0	7492.0	774.44	1043.66
-31896.0	7492.0	773.244	1012.09
-31896.0	7492.0	772.049	1032.8
-31896.0	7492.0	770.853	1047.23
-31896.0	7492.0	769.656	1028.22
-31896.0	7492.0	768.46	1046.83
-31896.0	7492.0	767.263	996.489
-31896.0	7492.0	766.066	1006.74
-31896.0	7492.0	764.869	1027.43
-31896.0	7492.0	763.672	989.648
-31896.0	7492.0	762.474	1049.99
-31896.0	7492.0	761.276	1045.62
-31896.0	7492.0	760.078	1070.45
-31896.0	7492.0	758.88	1038.95
-31896.0	7492.0	757.681	1017.89
-31896.0	7492.0	756.483	1080.26
-31896.0	7492.0	755.284	1073.79
-31896.0	7492.0	754.084	1025.64
-31896.0	7492.0	752.885	994.177
-31896.0	7492.0	751.685	1048.16
-31896.0	7492.0	750.485	1031.29
-31896.0	7492.0	749.285	1012.35
-31896.0	7492.0	748.085	985.075
-31896.0	7492.0	746.884	1020.28
-31896.0	7492.0	745.683	1092.95
-31896.0	7492.0	744.482	999.071
-31896.0	7492.0	743.281	1028.01
-31896.0	7492.0	742.079	1036.13
-31896.0	7492.0	740.877	1033.85
-31896.0	7492.0	739.675	989.974
-31896.0	7492.0	738.473	1004.34
-31896.0	7492.0	737.27	960.483
-31896.0	7492.0	736.068	987.317
-31896.0	7492.0	734.865	1032.84
-31896.0	7492.0	733.661	1049.26
-31896.0	7492.0	732.458	1032.44
-31896.0	7492.0	731.254	1005.24
-31896.0	7492.0	730.05	1034.12
-31896.0	7492.0	728.846	1033.91
-31896.0	7492.0	727.642	977.666
-31896.0	7492.0	726.437	1004.45
-31896.0	7492.0	725.232	1004.26
-31896.0	7492.0	724.027	1049.7
-31896.0	7492.0	722.822	1010.09
-31896.0	7492.0	721.616	1032.7
-31896.0	7492.0	720.41	1005.55
-31896.0	7492.0	719.204	1053.03
-31896.0	7492.0	717.998	1106.7
-31896.0	7492.0	716.791	1029.82
-31896.0	7492.0	715.585	1033.76
-31896.0	7492.0	714.378	1132.98
-31896.0	7492.0	713.17	1112.05
-31896.0	7492.0	711.963	1018.66
-31896.0	7492.0	710.755	1086.77
-31896.0	7492.0	709.547	991.355
-31896.0	7492.0	708.339	1005.64
-31896.0	7492.0	707.131	1028.2
-31896.0	7492.0	705.922	999.044
-31896.0	7492.0	704.713	1081.57
-31896.0	7492.0	703.504	1013.12
-31896.0	7492.0	702.295	1029.46
-31896.0	7492.0	701.085	1020.99
-31896.0	7492.0	699.875	1039.39
-31896.0	7492.0	698.665	1002.0
-31896.0	7492.0	697.455	1020.39
-31896.0	7492.0	696.244	1104.86
-31896.0	7492.0	695.034	1106.71
-31896.0	7492.0	693.822	1067.27
-31896.0	7492.0	692.611	1067.06
-31896.0	7492.0	691.4	1070.97
-31896.0	7492.0	690.188	1109.96
-31896.0	7492.0	688.976	1027.23
-31896.0	7492.0	687.764	1045.59
-31896.0	7492.0	686.551	1024.76
-31896.0	7492.0	685.339	1080.22
-31896.0	7492.0	684.126	1055.28
-31896.0	7492.0	682.912	1042.7
-31896.0	7492.0	681.699	1100.18
-31896.0	7492.0	680.485	1095.85
-31896.0	7492.0	679.271	1087.39
-31896.0	7492.0	678.057	1064.53
-31896.0	7492.0	676.843	1103.43
-31896.0	7492.0	675.628	1109.39
-31896.0	7492.0	674.413	1076.24
-31896.0	7492.0	673.198	1080.14
-31896.0	7492.0	671.983	1042.9
-31896.0	7492.0	670.767	1073.54
-31896.0	7492.0	669.551	1044.54
-31896.0	7492.0	668.335	1044.34
-31896.0	7492.0	667.119	1114.01
-31896.0	7492.0	665.902	1082.97
-31896.0	7492.0	664.686	1070.42
-31896.0	7492.0	663.469	1070.21
-31896.0	7492.0	662.251	1055.62
-31896.0	7492.0	661.034	1100.58
-31896.0	7492.0	659.816	1135.26
-31896.0	7492.0	658.598	1083.73
-31896.0	7492.0	657.38	1019.9
-31896.0	7492.0	656.161	1091.5
-31896.0	7492.0	654.942	1015.39
-31896.0	7492.0	653.723	1082.86
-31896.0	7492.0	652.504	1109.3
-31896.0	7492.0	651.285	1133.68
-31896.0	7492.0	650.065	1108.86
-31896.0	7492.0	648.845	1057.41
-31896.0	7492.0	647.625	1051.05
-31896.0	7492.0	646.404	1087.71
-31896.0	7492.0	645.184	1099.78
-31896.0	7492.0	643.963	1103.66
-31896.0	7492.0	642.742	1058.4
-31896.0	7492.0	641.52	1056.14
-31896.0	7492.0	640.298	1062.07
-31896.0	7492.0	639.076	1090.5
-31896.0	7492.0	637.854	1157.78
-31896.0	7492.0	636.632	1075.75
-31896.0	7492.0	635.409	1065.31
-31896.0	7492.0	634.186	1114.16
-31896.0	7492.0	632.963	1099.63
-31896.0	7492.0	631.74	1072.84
-31896.0	7492.0	630.516	1091.01
-31896.0	7492.0	629.292	1078.54
-31896.0	7492.0	628.068	1100.79
-31896.0	7492.0	626.844	1131.19
-31896.0	7492.0	625.619	1043.18
-31896.0	7492.0	624.394	1075.63
-31896.0	7492.0	623.169	1103.98
-31896.0	7492.0	621.944	1111.92
-31896.0	7492.0	620.718	1107.62
-31896.0	7492.0	619.492	1115.56
-31896.0	7492.0	618.266	1105.14
-31896.0	7492.0	617.04	1080.45
-31896.0	7492.0	615.813	1121.0
-31896.0	7492.0	614.587	1100.39
-31896.0	7492.0	613.36	1104.25
-31896.0	7492.0	612.132	1154.95
-31896.0	7492.0	610.905	1071.22
-31896.0	7492.0	609.677	1087.29
-31896.0	7492.0	608.449	1093.18
-31896.0	7492.0	607.22	1141.8
-31896.0	7492.0	605.992	1062.21
-31896.0	7492.0	604.763	1023.34
-31896.0	7492.0	603.534	1069.92
-31896.0	7492.0	602.305	1083.94
-31896.0	7492.0	601.075	1093.89
-31896.0	7492.0	599.845	1103.83
-31896.0	7492.0	598.615	1097.51
-31896.0	7492.0	597.385	1054.62
-31896.0	7492.0	596.154	1052.37
-31896.0	7492.0	594.924	1060.28
-31896.0	7492.0	593.693	1086.47
-31896.0	7492.0	592.461	1045.64
-31896.0	7492.0	591.23	1142.87
-31896.0	7492.0	589.998	1031.01
-31896.0	7492.0	588.766	1065.3
-31896.0	7492.0	587.534	1081.31
-31896.0	7492.0	586.301	1048.64
-31896.0	7492.0	585.068	1068.71
-31896.0	7492.0	583.835	1042.13
-31896.0	7492.0	582.602	1068.27
-31896.0	7492.0	581.368	1092.38
-31896.0	7492.0	580.134	1082.02
-31896.0	7492.0	578.9	1077.75
-31896.0	7492.0	577.666	1069.43
-31896.0	7492.0	576.432	1117.81
-31896.0	7492.0	575.197	1087.22
-31896.0	7492.0	573.962	1062.71
-31896.0	7492.0	572.726	1050.35
-31896.0	7492.0	571.491	1082.51
-31896.0	7492.0	570.255	1090.38
-31896.0	7492.0	569.019	1086.11
-31896.0	7492.0	567.783	1067.69
-31896.0	7492.0	566.546	1134.19
-31896.0	7492.0	565.309	1101.62
-31896.0	7492.0	564.072	1079.16
-31896.0	7492.0	562.835	1171.89
-31896.0	7492.0	561.597	1111.05
-31896.0	7492.0	560.359	1179.49
-31896.0	7492.0	559.121	1142.9
-31896.0	7492.0	557.883	1080.08
-31896.0	7492.0	556.644	1160.6
-31896.0	7492.0	555.406	1144.22
-31896.0	7492.0	554.167	1115.74
-31896.0	7492.0	552.927	1161.91
-31896.0	7492.0	551.688	1234.27
-31896.0	7492.0	550.448	1161.43
-31896.0	7492.0	549.208	1245.86
-31896.0	7492.0	547.967	1217.39
-31896.0	7492.0	546.727	1158.7
-31896.0	7492.0	545.486	1208.83
-31896.0	7492.0	544.245	1250.89
-31896.0	7492.0	543.003	1315.08
-31896.0	7492.0	541.762	1322.86
-31896.0	7492.0	540.52	1358.83
-31896.0	7492.0	539.278	1348.48
-31896.0	7492.0	538.035	1392.48
-31896.0	7492.0	536.793	1484.74
-31896.0	7492.0	535.55	1508.57
-31896.0	7492.0	534.307	1645.01
-31896.0	7492.0	533.063	1713.03
-31896.0	7492.0	531.82	1835.3
-31896.0	7492.0	530.576	2005.76
-31896.0	7492.0	529.331	2270.58
-31896.0	7492.0	528.087	2593.55
-31896.0	7492.0	526.842	3107.21
-31896.0	7492.0	525.597	4194.97
-31896.0	7492.0	524.352	6318.27
-31896.0	7492.0	523.107	11670.4
-31896.0	7492.0	521.861	23215.6
-31896.0	7492.0	520.615	29992.8
-31896.0	7492.0	519.369	21815.9
-31896.0	7492.0	518.122	12735.9
-31896.0	7492.0	516.876	7692.08
-31896.0	7492.0	515.629	5100.26
-31896.0	7492.0	514.381	3810.38
-31896.0	7492.0	513.134	3003.99
-31896.0	7492.0	511.886	2552.56
-31896.0	7492.0	510.638	2309.65
-31896.0	7492.0	509.39	2018.78
-31896.0	7492.0	508.141	1896.22
-31896.0	7492.0	506.892	1749.69
-31896.0	7492.0	505.643	1703.29
-31896.0	7492.0	504.394	1578.87
-31896.0	7492.0	503.145	1536.53
-31896.0	7492.0	501.895	1424.2
-31896.0	7492.0	500.645	1381.91
-31896.0	7492.0	499.394	1441.6
-31896.0	7492.0	498.144	1333.36
-31896.0	7492.0	496.893	1325.09
-31896.0	7492.0	495.642	1308.83
-31896.0	7492.0	494.39	1320.54
-31896.0	7492.0	493.139	1254.36
-31896.0	7492.0	491.887	1294.04
-31896.0	7492.0	490.635	1267.81
-31896.0	7492.0	489.382	1281.52
-31896.0	7492.0	488.13	1253.32
-31896.0	7492.0	486.877	1223.13
-31896.0	7492.0	485.623	1244.82
-31896.0	7492.0	484.37	1222.62
-31896.0	7492.0	483.116	1274.22
-31896.0	7492.0	481.862	1228.1
-31896.0	7492.0	480.608	1207.91
-31896.0	7492.0	479.354	1197.7
-31896.0	7492.0	478.099	1241.28
-31896.0	7492.0	476.844	1260.94
-31896.0	7492.0	475.588	1236.78
-31896.0	7492.0	474.333	1222.59
-31896.0	7492.0	473.077	1182.52
-31896.0	7492.0	471.821	1224.07
-31896.0	7492.0	470.565	1213.87
-31896.0	7492.0	469.308	1185.76
-31896.0	7492.0	468.051	1145.73
-31896.0	7492.0	466.794	1173.33
-31896.0	7492.0	465.537	1242.68
-31896.0	7492.0	464.279	1137.06
-31896.0	7492.0	463.021	1150.74
-31896.0	7492.0	461.763	1190.24
-31896.0	7492.0	460.505	1096.62
-31896.0	7492.0	459.246	1150.02
-31896.0	7492.0	457.987	1151.77
-31896.0	7492.0	456.728	1109.83
-31896.0	7492.0	455.469	1167.17
-31896.0	7492.0	454.209	1182.8
-31896.0	7492.0	452.949	1162.71
-31896.0	7492.0	451.689	1120.81
-31896.0	7492.0	450.428	1217.76
-31896.0	7492.0	449.167	1173.88
-31896.0	7492.0	447.906	1169.67
-31896.0	7492.0	446.645	1252.68
-31896.0	7492.0	445.383	1236.56
-31896.0	7492.0	444.122	1208.57
-31896.0	7492.0	442.86	1206.33
-31896.0	7492.0	441.597	1208.06
-31896.0	7492.0	440.335	1180.09
-31896.0	7492.0	439.072	1296.64
-31896.0	7492.0	437.809	1242.93
-31896.0	7492.0	436.545	1244.65
-31896.0	7492.0	435.281	1200.86
-31896.0	7492.0	434.018	1174.9
-31896.0	7492.0	432.753	1255.73
-31896.0	7492.0	431.489	1243.61
-31896.0	7492.0	430.224	1247.3
-31896.0	7492.0	428.959	1308.3
-31896.0	7492.0	427.694	1213.19
-31896.0	7492.0	426.428	1236.64
-31896.0	7492.0	425.163	1242.31
-31896.0	7492.0	423.896	1261.79
-31896.0	7492.0	422.63	1224.02
-31896.0	7492.0	421.364	1269.16
-31896.0	7492.0	420.097	1229.42
-31896.0	7492.0	418.83	1244.95
-31896.0	7492.0	417.562	1262.44
-31896.0	7492.0	416.295	1260.21
-31896.0	7492.0	415.027	1321.07
-31896.0	7492.0	413.758	1259.68
-31896.0	7492.0	412.49	1239.7
-31896.0	7492.0	411.221	1263.09
-31896.0	7492.0	409.952	1227.36
-31896.0	7492.0	408.683	1175.89
-31896.0	7492.0	407.414	1258.35
-31896.0	7492.0	406.144	1218.71
-31896.0	7492.0	404.874	1177.12
-31896.0	7492.0	403.603	1188.68
-31896.0	7492.0	402.333	1229.75
-31896.0	7492.0	401.062	1245.23
-31896.0	7492.0	399.791	1256.77
-31896.0	7492.0	398.519	1232.91
-31896.0	7492.0	397.248	1216.92
-31896.0	7492.0	395.976	1228.46
-31896.0	7492.0	394.704	1271.43
-31896.0	7492.0	393.431	1249.55
-31896.0	7492.0	392.159	1280.72
-31896.0	7492.0	390.886	1229.39
-31896.0	7492.0	389.612	1229.13
-31896.0	7492.0	388.339	1287.76
-31896.0	7492.0	387.065	1238.42
-31896.0	7492.0	385.791	1263.67
-31896.0	7492.0	384.517	1247.71
-31896.0	7492.0	383.242	1294.52
-31896.0	7492.0	381.967	1247.18
-31896.0	7492.0	380.692	1266.53
-31896.0	7492.0	379.417	1215.3
-31896.0	7492.0	378.141	1234.64
-31896.0	7492.0	376.865	1273.56
-31896.0	7492.0	375.589	1239.99
-31896.0	7492.0	374.312	1312.19
-31896.0	7492.0	373.035	1251.22
-31896.0	7492.0	371.758	1221.59
-31896.0	7492.0	370.481	1252.65
-31896.0	7492.0	369.204	1209.33
-31896.0	7492.0	367.926	1283.42
-31896.0	7492.0	366.648	1265.54
-31896.0	7492.0	365.369	1286.79
-31896.0	7492.0	364.091	1333.44
-31896.0	7492.0	362.812	1311.66
-31896.0	7492.0	361.532	1276.2
-31896.0	7492.0	360.253	1242.71
-31896.0	7492.0	358.973	1312.78
-31896.0	7492.0	357.693	1269.53
-31896.0	7492.0	356.413	1288.79
-31896.0	7492.0	355.132	1349.04
-31896.0	7492.0	353.852	1329.23
-31896.0	7492.0	352.571	1356.27
-31896.0	7492.0	351.289	1346.23
-31896.0	7492.0	350.008	1271.82
-31896.0	7492.0	348.726	1291.05
-31896.0	7492.0	347.444	1267.38
-31896.0	7492.0	346.161	1323.64
-31896.0	7492.0	344.878	1337.01
-31896.0	7492.0	343.595	1291.91
-31896.0	7492.0	342.312	1355.92
-31896.0	7492.0	341.029	1297.2
-31896.0	7492.0	339.745	1343.66
-31896.0	7492.0	338.461	1292.76
-31896.0	7492.0	337.176	1350.88
-31896.0	7492.0	335.892	1309.72
-31896.0	7492.0	334.607	1398.95
-31896.0	7492.0	333.322	1396.7
-31896.0	7492.0	332.036	1334.17
-31896.0	7492.0	330.75	1337.78
-31896.0	7492.0	329.464	1378.32
-31896.0	7492.0	328.178	1385.8
-31896.0	7492.0	326.892	1278.63
-31896.0	7492.0	325.605	1344.41
-31896.0	7492.0	324.318	1400.45
-31896.0	7492.0	323.03	1371.03
-31896.0	7492.0	321.743	1428.98
-31896.0	7492.0	320.455	1504.38
-31896.0	7492.0	319.167	1416.73
-31896.0	7492.0	317.878	1459.12
-31896.0	7492.0	316.59	1425.83
-31896.0	7492.0	315.301	1439.1
-31896.0	7492.0	314.011	1378.68
-31896.0	7492.0	312.722	1510.22
-31896.0	7492.0	311.432	1513.77
-31896.0	7492.0	310.142	1507.64
-31896.0	7492.0	308.851	1538.31
-31896.0	7492.0	307.561	1578.66
-31896.0	7492.0	306.27	1682.9
-31896.0	7492.0	304.979	1659.31
-31896.0	7492.0	303.687	1686.06
-31896.0	7492.0	302.395	1668.28
-31896.0	7492.0	301.103	1642.77
-31896.0	7492.0	299.811	1592.12
-31896.0	7492.0	298.519	1543.43
-31896.0	7492.0	297.226	1579.84
-31896.0	7492.0	295.933	1515.7
-31896.0	7492.0	294.639	1528.91
-31896.0	7492.0	293.345	1451.29
-31896.0	7492.0	292.052	1481.89
-31896.0	7492.0	290.757	1468.05
-31896.0	7492.0	289.463	1436.84
-31896.0	7492.0	288.168	1482.87
-31896.0	7492.0	286.873	1486.42
-31896.0	7492.0	285.578	1435.92
-31896.0	7492.0	284.282	1429.82
-31896.0	7492.0	282.986	1439.16
-31896.0	7492.0	281.69	1419.57
-31896.0	7492.0	280.393	1399.98
-31896.0	7492.0	279.097	1401.61
-31896.0	7492.0	277.8	1360.83
-31896.0	7492.0	276.502	1418.36
-31896.0	7492.0	275.205	1425.76
-31896.0	7492.0	273.907	1361.89
-31896.0	7492.0	272.609	1396.26
-31896.0	7492.0	271.311	1370.93
-31896.0	7492.0	270.012	1374.49
-31896.0	7492.0	268.713	1360.72
-31896.0	7492.0	267.414	1379.67
-31896.0	7492.0	266.114	1356.29
-31896.0	7492.0	264.814	1361.77
-31896.0	7492.0	263.514	1324.94
-31896.0	7492.0	262.214	1328.51
-31896.0	7492.0	260.913	1351.29
-31896.0	7492.0	259.613	1345.23
-31896.0	7492.0	258.311	1383.37
-31896.0	7492.0	257.01	1394.6
-31896.0	7492.0	255.708	1401.98
-31896.0	7492.0	254.406	1382.48
-31896.0	7492.0	253.104	1336.11
-31896.0	7492.0	251.801	1337.75
-31896.0	7492.0	250.499	1327.87
-31896.0	7492.0	249.195	1342.93
-31896.0	7492.0	247.892	1342.64
-31896.0	7492.0	246.588	1373.03
-31896.0	7492.0	245.284	1376.58
-31896.0	7492.0	243.98	1309.19
-31896.0	7492.0	242.676	1374.07
-31896.0	7492.0	241.371	1316.29
-31896.0	7492.0	240.066	1375.39
-31896.0	7492.0	238.76	1354.03
-31896.0	7492.0	237.455	1340.34
-31896.0	7492.0	236.149	1297.94
-31896.0	7492.0	234.843	1328.28
-31896.0	7492.0	233.536	1324.17
-31896.0	7492.0	232.229	1364.06
-31896.0	7492.0	230.922	1329.34
-31896.0	7492.0	229.615	1411.28
-31896.0	7492.0	228.307	1370.83
-31896.0	7492.0	227.0	1349.51
-31896.0	7492.0	225.691	1282.33
-31896.0	7492.0	224.383	1276.32
-31896.0	7492.0	223.074	1234.02
-31896.0	7492.0	221.765	1270.05
-31896.0	7492.0	220.456	1332.78
-31896.0	7492.0	219.146	1223.68
-31896.0	7492.0	217.836	1320.76
-31896.0	7492.0	216.526	1316.66
-31896.0	7492.0	215.216	1318.28
-31896.0	7492.0	213.905	1235.98
-31896.0	7492.0	212.594	1224.28
-31896.0	7492.0	211.283	1267.86
-31896.0	7492.0	209.971	1353.37
-31896.0	7492.0	208.66	1301.62
-31896.0	7492.0	207.348	1301.34
-31896.0	7492.0	206.035	1304.87
-31896.0	7492.0	204.722	1302.69
-31896.0	7492.0	203.409	1294.79
-31896.0	7492.0	202.096	1258.34
-31896.0	7492.0	200.783	1256.17
-31896.0	7492.0	199.469	1219.74
-31896.0	7492.0	198.155	1255.63
-31896.0	7492.0	196.84	1266.77
-31896.0	7492.0	195.526	1285.51
-31896.0	7492.0	194.211	1296.64
-31896.0	7492.0	192.896	1260.25
-31896.0	7492.0	191.58	1385.41
-31896.0	7492.0	190.264	1360.41
-31896.0	7492.0	188.948	1308.82
-31896.0	7492.0	187.632	1295.25
-31896.0	7492.0	186.315	1268.39
-31896.0	7492.0	184.998	1315.57
-31896.0	7492.0	183.681	1294.41
-31896.0	7492.0	182.364	1311.21
-31896.0	7492.0	181.046	1291.96
-31896.0	7492.0	179.728	1348.58
-31896.0	7492.0	178.41	1270.54
-31896.0	7492.0	177.091	1317.67
-31896.0	7492.0	175.772	1307.9
-31896.0	7492.0	174.453	1347.42
-31896.0	7492.0	173.133	1259.97
-31896.0	7492.0	171.814	1276.75
-31896.0	7492.0	170.494	1278.37
-31896.0	7492.0	169.173	1325.43
-31896.0	7492.0	167.853	1294.86
-31896.0	7492.0	166.532	1302.15
-31896.0	7492.0	165.211	1277.27
-31896.0	7492.0	163.889	1273.21
-31896.0	7492.0	162.567	1322.11
-31896.0	7492.0	161.245	1355.86
-31896.0	7492.0	159.923	1308.31
-31896.0	7492.0	158.6	1291.01
-31896.0	7492.0	157.278	1309.63
-31896.0	7492.0	155.954	1309.35
-31896.0	7492.0	154.631	1369.51
-31896.0	7492.0	153.307	1374.88
-31896.0	7492.0	151.983	1316.05
-31896.0	7492.0	150.659	1359.19
-31896.0	7492.0	149.334	1334.36
-31896.0	7492.0	148.009	1298.22
-31896.0	7492.0	146.684	1331.9
-31896.0	7492.0	145.359	1344.81
-31896.0	7492.0	144.033	1331.32
-31896.0	7492.0	142.707	1319.72
-31896.0	7492.0	141.381	1343.94
-31896.0	7492.0	140.054	1371.92
-31896.0	7492.0	138.727	1377.28
-31896.0	7492.0	137.4	1318.59
-31896.0	7492.0	136.072	1318.3
-31896.0	7492.0	134.745	1344.38
-31896.0	7492.0	133.417	1300.79
-31896.0	7492.0	132.088	1351.32
-31896.0	7492.0	130.76	1367.97
-31896.0	7492.0	129.431	1356.39
-31896.0	7492.0	128.102	1378.66
-31896.0	7492.0	126.772	1342.64
-31896.0	7492.0	125.442	1385.59
-31896.0	7492.0	124.112	1328.9
-31896.0	7492.0	122.782	1366.2
-31896.0	7492.0	121.451	1345.23
-31896.0	7492.0	120.12	1329.92
-31896.0	7492.0	118.789	1380.34
-31896.0	7492.0	117.458	1357.51
-31896.0	7492.0	116.126	1344.07
-31896.0	7492.0	114.794	1313.75
-31896.0	7492.0	113.462	1339.74
-31896.0	7492.0	112.129	1401.36
-31896.0	7492.0	110.796	1369.17
-31896.0	7492.0	109.463	1348.25
-31896.0	7492.0	108.129	1372.33
-31896.0	7492.0	106.796	1330.8
-31896.0	7492.0	105.461	1326.76
-31896.0	7492.0	104.127	1339.59
-31896.0	7492.0	102.792	1305.58
-31896.0	7492.0	101.457	1264.1
-31896.0	7492.0	100.122	1175.83
-31896.0	7492.0	98.7867	1156.85
-31896.0	7492.0	97.4509	1252.05
-31896.0	7492.0	96.1148	1212.49
-31896.0	7492.0	94.7784	1230.93
-31896.0	7492.0	93.4418	1139.02
-31896.0	7492.0	92.1048	1183.65
-31896.0	7492.0	90.7676	1110.49
-31896.0	7492.0	89.43	1119.59
-31896.0	7492.0	88.0922	1117.48
-31896.0	7492.0	86.7541	1076.14
-31896.0	7492.0	85.4157	1042.28
