-31892.0	7486.0	1311.89	1237.89
-31892.0	7486.0	1310.78	1267.22
-31892.0	7486.0	1309.68	1185.27
-31892.0	7486.0	1308.58	1198.7
-31892.0	7486.0	1307.48	1214.4
-31892.0	7486.0	1306.38	1252.79
-31892.0	7486.0	1305.28	1268.47
-31892.0	7486.0	1304.18	1270.54
-31892.0	7486.0	1303.07	1175.06
-31892.0	7486.0	1301.97	1242.92
-31892.0	7486.0	1300.87	1247.25
-31892.0	7486.0	1299.77	1260.66
-31892.0	7486.0	1298.66	1235.52
-31892.0	7486.0	1297.56	1264.78
-31892.0	7486.0	1296.46	1241.92
-31892.0	7486.0	1295.35	1234.92
-31892.0	7486.0	1294.25	1295.89
-31892.0	7486.0	1293.15	1273.03
-31892.0	7486.0	1292.04	1311.33
-31892.0	7486.0	1290.94	1288.47
-31892.0	7486.0	1289.83	1317.7
-31892.0	7486.0	1288.73	1263.16
-31892.0	7486.0	1287.63	1222.21
-31892.0	7486.0	1286.52	1197.13
-31892.0	7486.0	1285.42	1219.56
-31892.0	7486.0	1284.31	1246.51
-31892.0	7486.0	1283.21	1225.95
-31892.0	7486.0	1282.1	1205.4
-31892.0	7486.0	1280.99	1252.69
-31892.0	7486.0	1279.89	1252.49
-31892.0	7486.0	1278.78	1213.86
-31892.0	7486.0	1277.68	1245.3
-31892.0	7486.0	1276.57	1181.83
-31892.0	7486.0	1275.46	1244.9
-31892.0	7486.0	1274.36	1249.22
-31892.0	7486.0	1273.25	1246.75
-31892.0	7486.0	1272.14	1280.43
-31892.0	7486.0	1271.04	1246.35
-31892.0	7486.0	1269.93	1241.63
-31892.0	7486.0	1268.82	1218.86
-31892.0	7486.0	1267.71	1173.53
-31892.0	7486.0	1266.61	1281.65
-31892.0	7486.0	1265.5	1227.29
-31892.0	7486.0	1264.39	1213.56
-31892.0	7486.0	1263.28	1213.36
-31892.0	7486.0	1262.17	1226.69
-31892.0	7486.0	1261.06	1206.2
-31892.0	7486.0	1259.95	1219.53
-31892.0	7486.0	1258.84	1190.03
-31892.0	7486.0	1257.74	1160.55
-31892.0	7486.0	1256.63	1234.71
-31892.0	7486.0	1255.52	1266.05
-31892.0	7486.0	1254.41	1220.79
-31892.0	7486.0	1253.3	1225.1
-31892.0	7486.0	1252.19	1242.91
-31892.0	7486.0	1251.08	1226.95
-31892.0	7486.0	1249.96	1215.49
-31892.0	7486.0	1248.85	1226.55
-31892.0	7486.0	1247.74	1219.6
-31892.0	7486.0	1246.63	1244.15
-31892.0	7486.0	1245.52	1198.95
-31892.0	7486.0	1244.41	1241.49
-31892.0	7486.0	1243.3	1223.3
-31892.0	7486.0	1242.18	1234.34
-31892.0	7486.0	1241.07	1238.63
-31892.0	7486.0	1239.96	1171.0
-31892.0	7486.0	1238.85	1238.23
-31892.0	7486.0	1237.74	1190.84
-31892.0	7486.0	1236.62	1213.11
-31892.0	7486.0	1235.51	1212.91
-31892.0	7486.0	1234.4	1192.5
-31892.0	7486.0	1233.28	1203.53
-31892.0	7486.0	1232.17	1201.09
-31892.0	7486.0	1231.06	1173.95
-31892.0	7486.0	1229.94	1167.03
-31892.0	7486.0	1228.83	1191.52
-31892.0	7486.0	1227.71	1164.4
-31892.0	7486.0	1226.6	1244.96
-31892.0	7486.0	1225.48	1152.8
-31892.0	7486.0	1224.37	1175.04
-31892.0	7486.0	1223.25	1188.3
-31892.0	7486.0	1222.14	1185.86
-31892.0	7486.0	1221.02	1181.18
-31892.0	7486.0	1219.91	1203.4
-31892.0	7486.0	1218.79	1205.44
-31892.0	7486.0	1217.68	1198.52
-31892.0	7486.0	1216.56	1178.16
-31892.0	7486.0	1215.44	1175.73
-31892.0	7486.0	1214.33	1197.92
-31892.0	7486.0	1213.21	1157.43
-31892.0	7486.0	1212.09	1190.81
-31892.0	7486.0	1210.98	1168.24
-31892.0	7486.0	1209.86	1185.94
-31892.0	7486.0	1208.74	1134.29
-31892.0	7486.0	1207.62	1149.76
-31892.0	7486.0	1206.51	1169.7
-31892.0	7486.0	1205.39	1196.34
-31892.0	7486.0	1204.27	1135.77
-31892.0	7486.0	1203.15	1204.88
-31892.0	7486.0	1202.03	1273.97
-31892.0	7486.0	1200.91	1197.78
-31892.0	7486.0	1199.8	1168.53
-31892.0	7486.0	1198.68	1159.4
-31892.0	7486.0	1197.56	1250.78
-31892.0	7486.0	1196.44	1183.58
-31892.0	7486.0	1195.32	1163.29
-31892.0	7486.0	1194.2	1158.63
-31892.0	7486.0	1193.08	1214.24
-31892.0	7486.0	1191.96	1202.88
-31892.0	7486.0	1190.84	1222.76
-31892.0	7486.0	1189.72	1211.4
-31892.0	7486.0	1188.6	1220.12
-31892.0	7486.0	1187.48	1235.53
-31892.0	7486.0	1186.35	1208.56
-31892.0	7486.0	1185.23	1183.84
-31892.0	7486.0	1184.11	1139.06
-31892.0	7486.0	1182.99	1228.02
-31892.0	7486.0	1181.87	1207.76
-31892.0	7486.0	1180.75	1220.92
-31892.0	7486.0	1179.62	1131.61
-31892.0	7486.0	1178.5	1178.2
-31892.0	7486.0	1177.38	1160.18
-31892.0	7486.0	1176.26	1298.03
-31892.0	7486.0	1175.13	1170.92
-31892.0	7486.0	1174.01	1130.67
-31892.0	7486.0	1172.89	1150.5
-31892.0	7486.0	1171.76	1172.56
-31892.0	7486.0	1170.64	1159.02
-31892.0	7486.0	1169.51	1169.94
-31892.0	7486.0	1168.39	1160.85
-31892.0	7486.0	1167.27	1189.56
-31892.0	7486.0	1166.14	1169.35
-31892.0	7486.0	1165.02	1182.49
-31892.0	7486.0	1163.89	1137.84
-31892.0	7486.0	1162.77	1168.76
-31892.0	7486.0	1161.64	1166.34
-31892.0	7486.0	1160.52	1143.93
-31892.0	7486.0	1159.39	1117.09
-31892.0	7486.0	1158.26	1167.97
-31892.0	7486.0	1157.14	1105.61
-31892.0	7486.0	1156.01	1176.46
-31892.0	7486.0	1154.88	1185.14
-31892.0	7486.0	1153.76	1180.5
-31892.0	7486.0	1152.63	1166.99
-31892.0	7486.0	1151.5	1173.44
-31892.0	7486.0	1150.38	1093.4
-31892.0	7486.0	1149.25	1179.7
-31892.0	7486.0	1148.12	1172.85
-31892.0	7486.0	1146.99	1154.91
-31892.0	7486.0	1145.87	1125.91
-31892.0	7486.0	1144.74	1174.47
-31892.0	7486.0	1143.61	1125.52
-31892.0	7486.0	1142.48	1145.27
-31892.0	7486.0	1141.35	1162.79
-31892.0	7486.0	1140.22	1124.95
-31892.0	7486.0	1139.09	1144.69
-31892.0	7486.0	1137.97	1095.79
-31892.0	7486.0	1136.84	1170.86
-31892.0	7486.0	1135.71	1108.69
-31892.0	7486.0	1134.58	1117.36
-31892.0	7486.0	1133.45	1156.99
-31892.0	7486.0	1132.32	1165.64
-31892.0	7486.0	1131.19	1138.9
-31892.0	7486.0	1130.05	1171.87
-31892.0	7486.0	1128.92	1138.51
-31892.0	7486.0	1127.79	1122.84
-31892.0	7486.0	1126.66	1133.7
-31892.0	7486.0	1125.53	1129.09
-31892.0	7486.0	1124.4	1137.73
-31892.0	7486.0	1123.27	1122.08
-31892.0	7486.0	1122.13	1082.13
-31892.0	7486.0	1121.0	1148.19
-31892.0	7486.0	1119.87	1075.14
-31892.0	7486.0	1118.74	1167.66
-31892.0	7486.0	1117.6	1129.94
-31892.0	7486.0	1116.47	1109.89
-31892.0	7486.0	1115.34	1169.27
-31892.0	7486.0	1114.2	1177.89
-31892.0	7486.0	1113.07	1109.32
-31892.0	7486.0	1111.94	1144.41
-31892.0	7486.0	1110.8	1181.69
-31892.0	7486.0	1109.67	1144.02
-31892.0	7486.0	1108.54	1117.37
-31892.0	7486.0	1107.4	1110.57
-31892.0	7486.0	1106.27	1116.99
-31892.0	7486.0	1105.13	1163.06
-31892.0	7486.0	1104.0	1114.4
-31892.0	7486.0	1102.86	1101.0
-31892.0	7486.0	1101.72	1140.44
-31892.0	7486.0	1100.59	1083.01
-31892.0	7486.0	1099.45	1118.04
-31892.0	7486.0	1098.32	1194.86
-31892.0	7486.0	1097.18	1135.25
-31892.0	7486.0	1096.04	1132.86
-31892.0	7486.0	1094.91	1200.84
-31892.0	7486.0	1093.77	1125.87
-31892.0	7486.0	1092.63	1178.44
-31892.0	7486.0	1091.5	1134.27
-31892.0	7486.0	1090.36	1162.65
-31892.0	7486.0	1089.22	1149.26
-31892.0	7486.0	1088.08	1096.33
-31892.0	7486.0	1086.95	1036.83
-31892.0	7486.0	1085.81	1113.52
-31892.0	7486.0	1084.67	1104.55
-31892.0	7486.0	1083.53	1154.85
-31892.0	7486.0	1082.39	1115.14
-31892.0	7486.0	1081.25	1103.97
-31892.0	7486.0	1080.11	1108.17
-31892.0	7486.0	1078.97	1068.48
-31892.0	7486.0	1077.83	1094.62
-31892.0	7486.0	1076.69	1186.55
-31892.0	7486.0	1075.55	1120.55
-31892.0	7486.0	1074.41	1113.78
-31892.0	7486.0	1073.27	1111.4
-31892.0	7486.0	1072.13	1084.9
-31892.0	7486.0	1070.99	1113.2
-31892.0	7486.0	1069.85	1110.82
-31892.0	7486.0	1068.71	1064.62
-31892.0	7486.0	1067.57	1077.57
-31892.0	7486.0	1066.43	1112.42
-31892.0	7486.0	1065.28	1068.44
-31892.0	7486.0	1064.14	1066.07
-31892.0	7486.0	1063.0	1107.46
-31892.0	7486.0	1061.86	1137.91
-31892.0	7486.0	1060.71	1128.95
-31892.0	7486.0	1059.57	1152.82
-31892.0	7486.0	1058.43	1146.06
-31892.0	7486.0	1057.29	1110.87
-31892.0	7486.0	1056.14	1071.32
-31892.0	7486.0	1055.0	1084.25
-31892.0	7486.0	1053.85	1160.55
-31892.0	7486.0	1052.71	1118.83
-31892.0	7486.0	1051.57	1155.78
-31892.0	7486.0	1050.42	1107.52
-31892.0	7486.0	1049.28	1083.3
-31892.0	7486.0	1048.13	1102.76
-31892.0	7486.0	1046.99	1098.2
-31892.0	7486.0	1045.84	1058.71
-31892.0	7486.0	1044.7	1069.44
-31892.0	7486.0	1043.55	1182.72
-31892.0	7486.0	1042.4	1108.33
-31892.0	7486.0	1041.26	1153.95
-31892.0	7486.0	1040.11	1094.86
-31892.0	7486.0	1038.97	1079.4
-31892.0	7486.0	1037.82	1107.55
-31892.0	7486.0	1036.67	1074.66
-31892.0	7486.0	1035.53	1139.85
-31892.0	7486.0	1034.38	1128.76
-31892.0	7486.0	1033.23	1143.81
-31892.0	7486.0	1032.08	1121.82
-31892.0	7486.0	1030.94	1132.51
-31892.0	7486.0	1029.79	1075.7
-31892.0	7486.0	1028.64	1125.58
-31892.0	7486.0	1027.49	1105.79
-31892.0	7486.0	1026.34	1138.24
-31892.0	7486.0	1025.19	1118.46
-31892.0	7486.0	1024.04	1161.77
-31892.0	7486.0	1022.89	1146.34
-31892.0	7486.0	1021.74	1124.39
-31892.0	7486.0	1020.59	1193.77
-31892.0	7486.0	1019.45	1143.55
-31892.0	7486.0	1018.29	1171.61
-31892.0	7486.0	1017.14	1138.8
-31892.0	7486.0	1015.99	1147.29
-31892.0	7486.0	1014.84	1225.3
-31892.0	7486.0	1013.69	1170.77
-31892.0	7486.0	1012.54	1198.8
-31892.0	7486.0	1011.39	1226.81
-31892.0	7486.0	1010.24	1226.59
-31892.0	7486.0	1009.09	1189.48
-31892.0	7486.0	1007.93	1135.01
-31892.0	7486.0	1006.78	1230.28
-31892.0	7486.0	1005.63	1188.84
-31892.0	7486.0	1004.48	1192.97
-31892.0	7486.0	1003.32	1177.57
-31892.0	7486.0	1002.17	1212.05
-31892.0	7486.0	1001.02	1216.17
-31892.0	7486.0	999.865	1272.31
-31892.0	7486.0	998.711	1265.58
-31892.0	7486.0	997.558	1235.02
-31892.0	7486.0	996.403	1191.47
-31892.0	7486.0	995.249	1286.56
-31892.0	7486.0	994.095	1284.16
-31892.0	7486.0	992.94	1322.91
-31892.0	7486.0	991.785	1296.69
-31892.0	7486.0	990.63	1383.04
-31892.0	7486.0	989.475	1322.2
-31892.0	7486.0	988.319	1443.12
-31892.0	7486.0	987.164	1352.01
-31892.0	7486.0	986.008	1405.83
-31892.0	7486.0	984.852	1489.92
-31892.0	7486.0	983.695	1424.79
-31892.0	7486.0	982.539	1541.26
-31892.0	7486.0	981.382	1512.89
-31892.0	7486.0	980.225	1609.85
-31892.0	7486.0	979.068	1531.78
-31892.0	7486.0	977.911	1455.91
-31892.0	7486.0	976.753	1529.07
-31892.0	7486.0	975.595	1539.59
-31892.0	7486.0	974.437	1491.82
-31892.0	7486.0	973.279	1560.62
-31892.0	7486.0	972.121	1573.29
-31892.0	7486.0	970.962	1605.37
-31892.0	7486.0	969.803	1546.83
-31892.0	7486.0	968.644	1581.07
-31892.0	7486.0	967.485	1537.65
-31892.0	7486.0	966.326	1576.18
-31892.0	7486.0	965.166	1515.53
-31892.0	7486.0	964.006	1528.19
-31892.0	7486.0	962.846	1549.47
-31892.0	7486.0	961.686	1557.8
-31892.0	7486.0	960.525	1520.9
-31892.0	7486.0	959.365	1548.62
-31892.0	7486.0	958.204	1582.8
-31892.0	7486.0	957.043	1526.53
-31892.0	7486.0	955.881	1575.76
-31892.0	7486.0	954.72	1566.87
-31892.0	7486.0	953.558	1566.58
-31892.0	7486.0	952.396	1630.84
-31892.0	7486.0	951.234	1619.79
-31892.0	7486.0	950.071	1550.67
-31892.0	7486.0	948.909	1593.4
-31892.0	7486.0	947.746	1621.06
-31892.0	7486.0	946.583	1603.57
-31892.0	7486.0	945.42	1551.69
-31892.0	7486.0	944.256	1682.49
-31892.0	7486.0	943.092	1617.73
-31892.0	7486.0	941.929	1709.8
-31892.0	7486.0	940.765	1655.79
-31892.0	7486.0	939.6	1655.49
-31892.0	7486.0	938.436	1599.37
-31892.0	7486.0	937.271	1547.57
-31892.0	7486.0	936.106	1592.35
-31892.0	7486.0	934.941	1501.94
-31892.0	7486.0	933.775	1484.5
-31892.0	7486.0	932.61	1349.11
-31892.0	7486.0	931.444	1331.71
-31892.0	7486.0	930.278	1299.3
-31892.0	7486.0	929.112	1277.63
-31892.0	7486.0	927.945	1219.52
-31892.0	7486.0	926.779	1197.87
-31892.0	7486.0	925.612	1167.66
-31892.0	7486.0	924.445	1208.14
-31892.0	7486.0	923.278	1137.24
-31892.0	7486.0	922.11	1154.16
-31892.0	7486.0	920.942	1136.83
-31892.0	7486.0	919.774	1196.55
-31892.0	7486.0	918.606	1112.87
-31892.0	7486.0	917.438	1110.52
-31892.0	7486.0	916.269	1103.9
-31892.0	7486.0	915.1	1150.75
-31892.0	7486.0	913.931	1099.22
-31892.0	7486.0	912.762	1079.77
-31892.0	7486.0	911.593	1058.19
-31892.0	7486.0	910.423	1094.33
-31892.0	7486.0	909.253	1117.64
-31892.0	7486.0	908.083	1091.79
-31892.0	7486.0	906.913	1108.68
-31892.0	7486.0	905.742	1117.02
-31892.0	7486.0	904.572	1146.71
-31892.0	7486.0	903.401	1084.58
-31892.0	7486.0	902.229	1063.03
-31892.0	7486.0	901.058	1050.03
-31892.0	7486.0	899.886	1058.37
-31892.0	7486.0	898.715	1096.58
-31892.0	7486.0	897.543	1132.64
-31892.0	7486.0	896.37	1104.7
-31892.0	7486.0	895.198	1100.23
-31892.0	7486.0	894.025	1063.79
-31892.0	7486.0	892.852	1114.74
-31892.0	7486.0	891.679	1120.93
-31892.0	7486.0	890.506	1082.37
-31892.0	7486.0	889.332	1045.96
-31892.0	7486.0	888.158	1073.45
-31892.0	7486.0	886.984	1039.18
-31892.0	7486.0	885.81	1075.18
-31892.0	7486.0	884.636	1092.01
-31892.0	7486.0	883.461	1076.91
-31892.0	7486.0	882.286	1038.41
-31892.0	7486.0	881.111	1080.76
-31892.0	7486.0	879.936	982.714
-31892.0	7486.0	878.76	1031.44
-31892.0	7486.0	877.584	1065.27
-31892.0	7486.0	876.408	1109.72
-31892.0	7486.0	875.232	1075.5
-31892.0	7486.0	874.056	1039.18
-31892.0	7486.0	872.879	1015.61
-31892.0	7486.0	871.702	1038.79
-31892.0	7486.0	870.525	1053.46
-31892.0	7486.0	869.348	1061.76
-31892.0	7486.0	868.17	1002.11
-31892.0	7486.0	866.993	1027.4
-31892.0	7486.0	865.815	989.003
-31892.0	7486.0	864.637	1077.94
-31892.0	7486.0	863.458	1067.13
-31892.0	7486.0	862.28	1020.26
-31892.0	7486.0	861.101	1011.59
-31892.0	7486.0	859.922	1077.13
-31892.0	7486.0	858.742	1036.65
-31892.0	7486.0	857.563	1040.69
-31892.0	7486.0	856.383	1125.26
-31892.0	7486.0	855.203	1072.08
-31892.0	7486.0	854.023	1044.34
-31892.0	7486.0	852.843	1046.27
-31892.0	7486.0	851.662	1067.24
-31892.0	7486.0	850.481	1064.93
-31892.0	7486.0	849.3	1047.79
-31892.0	7486.0	848.119	1013.73
-31892.0	7486.0	846.937	1068.56
-31892.0	7486.0	845.756	1074.7
-31892.0	7486.0	844.574	1030.08
-31892.0	7486.0	843.392	1074.3
-31892.0	7486.0	842.209	1055.07
-31892.0	7486.0	841.027	1048.52
-31892.0	7486.0	839.844	1073.69
-31892.0	7486.0	838.661	1060.81
-31892.0	7486.0	837.477	1090.19
-31892.0	7486.0	836.294	1081.53
-31892.0	7486.0	835.11	1036.97
-31892.0	7486.0	833.926	1062.12
-31892.0	7486.0	832.742	1040.8
-31892.0	7486.0	831.558	1072.27
-31892.0	7486.0	830.373	1072.07
-31892.0	7486.0	829.188	1040.21
-31892.0	7486.0	828.003	1040.02
-31892.0	7486.0	826.818	1041.93
-31892.0	7486.0	825.632	1039.62
-31892.0	7486.0	824.446	1041.53
-31892.0	7486.0	823.26	1045.55
-31892.0	7486.0	822.074	1022.17
-31892.0	7486.0	820.888	1093.62
-31892.0	7486.0	819.701	1082.88
-31892.0	7486.0	818.514	1095.31
-31892.0	7486.0	817.327	1038.24
-31892.0	7486.0	816.14	1027.51
-31892.0	7486.0	814.952	1079.95
-31892.0	7486.0	813.765	1121.84
-31892.0	7486.0	812.577	1018.51
-31892.0	7486.0	811.388	1024.63
-31892.0	7486.0	810.2	1041.26
-31892.0	7486.0	809.011	1051.58
-31892.0	7486.0	807.822	1045.07
-31892.0	7486.0	806.633	1030.15
-31892.0	7486.0	805.444	1036.26
-31892.0	7486.0	804.254	1023.46
-31892.0	7486.0	803.064	1033.77
-31892.0	7486.0	801.874	1060.88
-31892.0	7486.0	800.684	993.465
-31892.0	7486.0	799.493	1045.77
-31892.0	7486.0	798.303	1047.67
-31892.0	7486.0	797.112	1072.66
-31892.0	7486.0	795.921	1026.28
-31892.0	7486.0	794.729	1099.53
-31892.0	7486.0	793.538	998.618
-31892.0	7486.0	792.346	1065.55
-31892.0	7486.0	791.154	983.556
-31892.0	7486.0	789.961	1058.85
-31892.0	7486.0	788.769	1035.59
-31892.0	7486.0	787.576	1010.24
-31892.0	7486.0	786.383	1064.53
-31892.0	7486.0	785.19	990.993
-31892.0	7486.0	783.996	1051.55
-31892.0	7486.0	782.802	1057.63
-31892.0	7486.0	781.608	1049.05
-31892.0	7486.0	780.414	1011.17
-31892.0	7486.0	779.22	1042.37
-31892.0	7486.0	778.025	1021.24
-31892.0	7486.0	776.83	1050.34
-31892.0	7486.0	775.635	1010.39
-31892.0	7486.0	774.44	1022.74
-31892.0	7486.0	773.244	1060.18
-31892.0	7486.0	772.049	1026.53
-31892.0	7486.0	770.853	994.976
-31892.0	7486.0	769.656	1009.41
-31892.0	7486.0	768.46	1053.1
-31892.0	7486.0	767.263	1061.25
-31892.0	7486.0	766.066	1069.4
-31892.0	7486.0	764.869	994.016
-31892.0	7486.0	763.672	987.56
-31892.0	7486.0	762.474	985.282
-31892.0	7486.0	761.276	997.614
-31892.0	7486.0	760.078	1055.85
-31892.0	7486.0	758.88	1013.92
-31892.0	7486.0	757.681	1099.24
-31892.0	7486.0	756.483	990.585
-31892.0	7486.0	755.284	1021.67
-31892.0	7486.0	754.084	1071.5
-31892.0	7486.0	752.885	1031.69
-31892.0	7486.0	751.685	1037.74
-31892.0	7486.0	750.485	1010.46
-31892.0	7486.0	749.285	993.599
-31892.0	7486.0	748.085	995.488
-31892.0	7486.0	746.884	1047.35
-31892.0	7486.0	745.683	1018.0
-31892.0	7486.0	744.482	1030.29
-31892.0	7486.0	743.281	1032.17
-31892.0	7486.0	742.079	1038.21
-31892.0	7486.0	740.877	1042.17
-31892.0	7486.0	739.675	1037.81
-31892.0	7486.0	738.473	996.02
-31892.0	7486.0	737.27	979.194
-31892.0	7486.0	736.068	989.396
-31892.0	7486.0	734.865	1051.55
-31892.0	7486.0	733.661	1005.63
-31892.0	7486.0	732.458	1038.67
-31892.0	7486.0	731.254	1048.86
-31892.0	7486.0	730.05	1052.8
-31892.0	7486.0	728.846	1019.38
-31892.0	7486.0	727.642	1019.18
-31892.0	7486.0	726.437	1016.91
-31892.0	7486.0	725.232	1054.06
-31892.0	7486.0	724.027	1043.48
-31892.0	7486.0	722.822	974.828
-31892.0	7486.0	721.616	1028.55
-31892.0	7486.0	720.41	999.326
-31892.0	7486.0	719.204	1024.0
-31892.0	7486.0	717.998	1048.67
-31892.0	7486.0	716.791	1021.53
-31892.0	7486.0	715.585	1021.33
-31892.0	7486.0	714.378	1174.4
-31892.0	7486.0	713.17	1076.84
-31892.0	7486.0	711.963	1084.91
-31892.0	7486.0	710.755	1072.28
-31892.0	7486.0	709.547	1051.37
-31892.0	7486.0	708.339	1044.96
-31892.0	7486.0	707.131	1040.62
-31892.0	7486.0	705.922	1096.26
-31892.0	7486.0	704.713	1013.32
-31892.0	7486.0	703.504	1015.19
-31892.0	7486.0	702.295	1010.86
-31892.0	7486.0	701.085	1027.19
-31892.0	7486.0	699.875	1049.72
-31892.0	7486.0	698.665	1043.32
-31892.0	7486.0	697.455	1030.72
-31892.0	7486.0	696.244	1094.53
-31892.0	7486.0	695.034	1065.41
-31892.0	7486.0	693.822	1044.56
-31892.0	7486.0	692.611	1040.22
-31892.0	7486.0	691.4	1017.32
-31892.0	7486.0	690.188	1027.43
-31892.0	7486.0	688.976	1062.3
-31892.0	7486.0	687.764	1047.65
-31892.0	7486.0	686.551	1103.12
-31892.0	7486.0	685.339	1104.96
-31892.0	7486.0	684.126	1117.11
-31892.0	7486.0	682.912	1129.25
-31892.0	7486.0	681.699	1122.85
-31892.0	7486.0	680.485	1038.17
-31892.0	7486.0	679.271	1046.2
-31892.0	7486.0	678.057	1132.48
-31892.0	7486.0	676.843	1109.61
-31892.0	7486.0	675.628	1111.44
-31892.0	7486.0	674.413	1105.05
-31892.0	7486.0	673.198	1131.58
-31892.0	7486.0	671.983	1073.76
-31892.0	7486.0	670.767	1063.26
-31892.0	7486.0	669.551	1083.61
-31892.0	7486.0	668.335	1062.84
-31892.0	7486.0	667.119	1124.29
-31892.0	7486.0	665.902	1076.8
-31892.0	7486.0	664.686	1142.33
-31892.0	7486.0	663.469	1150.32
-31892.0	7486.0	662.251	1063.84
-31892.0	7486.0	661.034	1094.42
-31892.0	7486.0	659.816	1096.26
-31892.0	7486.0	658.598	1091.94
-31892.0	7486.0	657.38	1120.45
-31892.0	7486.0	656.161	1099.71
-31892.0	7486.0	654.942	1058.46
-31892.0	7486.0	653.723	1076.71
-31892.0	7486.0	652.504	1084.7
-31892.0	7486.0	651.285	1072.18
-31892.0	7486.0	650.065	1086.31
-31892.0	7486.0	648.845	1082.0
-31892.0	7486.0	647.625	1065.39
-31892.0	7486.0	646.404	1079.52
-31892.0	7486.0	645.184	1130.5
-31892.0	7486.0	643.963	1064.75
-31892.0	7486.0	642.742	1103.44
-31892.0	7486.0	641.52	1119.59
-31892.0	7486.0	640.298	1103.0
-31892.0	7486.0	639.076	1104.82
-31892.0	7486.0	637.854	1116.87
-31892.0	7486.0	636.632	1063.48
-31892.0	7486.0	635.409	1081.67
-31892.0	7486.0	634.186	1105.98
-31892.0	7486.0	632.963	1136.42
-31892.0	7486.0	631.74	1038.1
-31892.0	7486.0	630.516	1091.01
-31892.0	7486.0	629.292	1060.15
-31892.0	7486.0	628.068	1096.7
-31892.0	7486.0	626.844	1037.27
-31892.0	7486.0	625.619	1094.22
-31892.0	7486.0	624.394	1100.12
-31892.0	7486.0	623.169	1091.74
-31892.0	7486.0	621.944	1103.76
-31892.0	7486.0	620.718	1087.22
-31892.0	7486.0	619.492	1097.2
-31892.0	7486.0	618.266	1099.02
-31892.0	7486.0	617.04	1135.49
-31892.0	7486.0	615.813	1096.54
-31892.0	7486.0	614.587	1147.26
-31892.0	7486.0	613.36	1092.02
-31892.0	7486.0	612.132	1071.43
-31892.0	7486.0	610.905	1083.44
-31892.0	7486.0	609.677	1099.51
-31892.0	7486.0	608.449	1044.32
-31892.0	7486.0	607.22	1133.66
-31892.0	7486.0	605.992	1086.63
-31892.0	7486.0	604.763	1039.62
-31892.0	7486.0	603.534	1088.23
-31892.0	7486.0	602.305	1112.41
-31892.0	7486.0	601.075	1128.45
-31892.0	7486.0	599.845	1085.54
-31892.0	7486.0	598.615	1093.45
-31892.0	7486.0	597.385	1123.7
-31892.0	7486.0	596.154	1121.45
-31892.0	7486.0	594.924	1117.16
-31892.0	7486.0	593.693	1072.25
-31892.0	7486.0	592.461	1053.76
-31892.0	7486.0	591.23	1104.3
-31892.0	7486.0	589.998	1110.16
-31892.0	7486.0	588.766	1008.48
-31892.0	7486.0	587.534	1024.51
-31892.0	7486.0	586.301	1093.26
-31892.0	7486.0	585.068	1060.59
-31892.0	7486.0	583.835	1062.41
-31892.0	7486.0	582.602	1019.62
-31892.0	7486.0	581.368	1047.79
-31892.0	7486.0	580.134	1096.21
-31892.0	7486.0	578.9	1055.47
-31892.0	7486.0	577.666	1065.38
-31892.0	7486.0	576.432	1138.06
-31892.0	7486.0	575.197	1038.63
-31892.0	7486.0	573.962	1070.8
-31892.0	7486.0	572.726	1098.92
-31892.0	7486.0	571.491	1098.69
-31892.0	7486.0	570.255	1094.42
-31892.0	7486.0	569.019	1080.04
-31892.0	7486.0	567.783	1051.51
-31892.0	7486.0	566.546	1097.8
-31892.0	7486.0	565.309	1176.41
-31892.0	7486.0	564.072	1101.39
-31892.0	7486.0	562.835	1147.64
-31892.0	7486.0	561.597	1143.37
-31892.0	7486.0	560.359	1213.82
-31892.0	7486.0	559.121	1255.98
-31892.0	7486.0	557.883	1144.69
-31892.0	7486.0	556.644	1182.8
-31892.0	7486.0	555.406	1150.27
-31892.0	7486.0	554.167	1172.23
-31892.0	7486.0	552.927	1220.4
-31892.0	7486.0	551.688	1191.92
-31892.0	7486.0	550.448	1207.81
-31892.0	7486.0	549.208	1255.94
-31892.0	7486.0	547.967	1245.61
-31892.0	7486.0	546.727	1261.48
-31892.0	7486.0	545.486	1273.31
-31892.0	7486.0	544.245	1242.83
-31892.0	7486.0	543.003	1286.88
-31892.0	7486.0	541.762	1290.65
-31892.0	7486.0	540.52	1354.8
-31892.0	7486.0	539.278	1352.51
-31892.0	7486.0	538.035	1394.49
-31892.0	7486.0	536.793	1480.71
-31892.0	7486.0	535.55	1554.83
-31892.0	7486.0	534.307	1600.77
-31892.0	7486.0	533.063	1717.05
-31892.0	7486.0	531.82	1835.3
-31892.0	7486.0	530.576	1981.64
-31892.0	7486.0	529.331	2188.2
-31892.0	7486.0	528.087	2543.33
-31892.0	7486.0	526.842	3071.05
-31892.0	7486.0	525.597	4152.8
-31892.0	7486.0	524.352	6288.15
-31892.0	7486.0	523.107	11782.8
-31892.0	7486.0	521.861	23043.1
-31892.0	7486.0	520.615	29860.3
-31892.0	7486.0	519.369	21673.5
-31892.0	7486.0	518.122	12854.2
-31892.0	7486.0	516.876	7585.8
-31892.0	7486.0	515.629	5200.51
-31892.0	7486.0	514.381	3846.46
-31892.0	7486.0	513.134	3030.04
-31892.0	7486.0	511.886	2578.61
-31892.0	7486.0	510.638	2235.54
-31892.0	7486.0	509.39	1994.74
-31892.0	7486.0	508.141	1922.25
-31892.0	7486.0	506.892	1745.68
-31892.0	7486.0	505.643	1643.25
-31892.0	7486.0	504.394	1650.91
-31892.0	7486.0	503.145	1558.54
-31892.0	7486.0	501.895	1434.2
-31892.0	7486.0	500.645	1437.9
-31892.0	7486.0	499.394	1377.62
-31892.0	7486.0	498.144	1341.35
-31892.0	7486.0	496.893	1367.06
-31892.0	7486.0	495.642	1286.85
-31892.0	7486.0	494.39	1308.56
-31892.0	7486.0	493.139	1264.34
-31892.0	7486.0	491.887	1200.18
-31892.0	7486.0	490.635	1277.8
-31892.0	7486.0	489.382	1279.53
-31892.0	7486.0	488.13	1237.35
-31892.0	7486.0	486.877	1237.1
-31892.0	7486.0	485.623	1238.84
-31892.0	7486.0	484.37	1224.62
-31892.0	7486.0	483.116	1268.23
-31892.0	7486.0	481.862	1258.0
-31892.0	7486.0	480.608	1185.98
-31892.0	7486.0	479.354	1175.77
-31892.0	7486.0	478.099	1205.42
-31892.0	7486.0	476.844	1239.03
-31892.0	7486.0	475.588	1206.91
-31892.0	7486.0	474.333	1250.46
-31892.0	7486.0	473.077	1172.56
-31892.0	7486.0	471.821	1226.06
-31892.0	7486.0	470.565	1263.61
-31892.0	7486.0	469.308	1193.72
-31892.0	7486.0	468.051	1207.39
-31892.0	7486.0	466.794	1227.03
-31892.0	7486.0	465.537	1192.97
-31892.0	7486.0	464.279	1158.93
-31892.0	7486.0	463.021	1168.63
-31892.0	7486.0	461.763	1156.46
-31892.0	7486.0	460.505	1156.22
-31892.0	7486.0	459.246	1136.12
-31892.0	7486.0	457.987	1161.7
-31892.0	7486.0	456.728	1224.99
-31892.0	7486.0	455.469	1189.0
-31892.0	7486.0	454.209	1190.74
-31892.0	7486.0	452.949	1216.29
-31892.0	7486.0	451.689	1142.63
-31892.0	7486.0	450.428	1207.84
-31892.0	7486.0	449.167	1189.75
-31892.0	7486.0	447.906	1231.13
-31892.0	7486.0	446.645	1217.0
-31892.0	7486.0	445.383	1222.69
-31892.0	7486.0	444.122	1230.36
-31892.0	7486.0	442.86	1226.14
-31892.0	7486.0	441.597	1231.83
-31892.0	7486.0	440.335	1164.25
-31892.0	7486.0	439.072	1294.66
-31892.0	7486.0	437.809	1238.97
-31892.0	7486.0	436.545	1302.03
-31892.0	7486.0	435.281	1323.52
-31892.0	7486.0	434.018	1271.82
-31892.0	7486.0	432.753	1271.55
-31892.0	7486.0	431.489	1267.33
-31892.0	7486.0	430.224	1203.81
-31892.0	7486.0	428.959	1294.47
-31892.0	7486.0	427.694	1290.25
-31892.0	7486.0	426.428	1205.03
-31892.0	7486.0	425.163	1248.23
-31892.0	7486.0	423.896	1249.94
-31892.0	7486.0	422.63	1233.89
-31892.0	7486.0	421.364	1288.9
-31892.0	7486.0	420.097	1215.61
-31892.0	7486.0	418.83	1242.98
-31892.0	7486.0	417.562	1270.33
-31892.0	7486.0	416.295	1315.43
-31892.0	7486.0	415.027	1208.68
-31892.0	7486.0	413.758	1192.65
-31892.0	7486.0	412.49	1253.5
-31892.0	7486.0	411.221	1284.76
-31892.0	7486.0	409.952	1201.75
-31892.0	7486.0	408.683	1246.8
-31892.0	7486.0	407.414	1256.39
-31892.0	7486.0	406.144	1246.28
-31892.0	7486.0	404.874	1249.95
-31892.0	7486.0	403.603	1235.91
-31892.0	7486.0	402.333	1290.75
-31892.0	7486.0	401.062	1235.39
-31892.0	7486.0	399.791	1244.97
-31892.0	7486.0	398.519	1211.28
-31892.0	7486.0	397.248	1250.34
-31892.0	7486.0	395.976	1222.56
-31892.0	7486.0	394.704	1206.58
-31892.0	7486.0	393.431	1222.05
-31892.0	7486.0	392.159	1249.29
-31892.0	7486.0	390.886	1278.48
-31892.0	7486.0	389.612	1246.8
-31892.0	7486.0	388.339	1205.31
-31892.0	7486.0	387.065	1271.79
-31892.0	7486.0	385.791	1226.39
-31892.0	7486.0	384.517	1269.29
-31892.0	7486.0	383.242	1325.9
-31892.0	7486.0	381.967	1300.13
-31892.0	7486.0	380.692	1215.55
-31892.0	7486.0	379.417	1276.06
-31892.0	7486.0	378.141	1262.07
-31892.0	7486.0	376.865	1289.24
-31892.0	7486.0	375.589	1257.62
-31892.0	7486.0	374.312	1208.39
-31892.0	7486.0	373.035	1266.88
-31892.0	7486.0	371.758	1290.11
-31892.0	7486.0	370.481	1305.49
-31892.0	7486.0	369.204	1303.26
-31892.0	7486.0	367.926	1338.2
-31892.0	7486.0	366.648	1306.62
-31892.0	7486.0	365.369	1235.94
-31892.0	7486.0	364.091	1274.78
-31892.0	7486.0	362.812	1309.7
-31892.0	7486.0	361.532	1342.65
-31892.0	7486.0	360.253	1281.79
-31892.0	7486.0	358.973	1293.24
-31892.0	7486.0	357.693	1304.69
-31892.0	7486.0	356.413	1308.32
-31892.0	7486.0	355.132	1321.7
-31892.0	7486.0	353.852	1299.95
-31892.0	7486.0	352.571	1282.12
-31892.0	7486.0	351.289	1268.19
-31892.0	7486.0	350.008	1277.67
-31892.0	7486.0	348.726	1314.45
-31892.0	7486.0	347.444	1318.08
-31892.0	7486.0	346.161	1280.76
-31892.0	7486.0	344.878	1335.06
-31892.0	7486.0	343.595	1227.6
-31892.0	7486.0	342.312	1330.59
-31892.0	7486.0	341.029	1369.27
-31892.0	7486.0	339.745	1302.77
-31892.0	7486.0	338.461	1331.69
-31892.0	7486.0	337.176	1376.18
-31892.0	7486.0	335.892	1358.37
-31892.0	7486.0	334.607	1377.54
-31892.0	7486.0	333.322	1311.11
-31892.0	7486.0	332.036	1380.85
-31892.0	7486.0	330.75	1333.89
-31892.0	7486.0	329.464	1354.99
-31892.0	7486.0	328.178	1331.38
-31892.0	7486.0	326.892	1358.3
-31892.0	7486.0	325.605	1369.67
-31892.0	7486.0	324.318	1406.28
-31892.0	7486.0	323.03	1409.87
-31892.0	7486.0	321.743	1440.63
-31892.0	7486.0	320.455	1418.97
-31892.0	7486.0	319.167	1410.91
-31892.0	7486.0	317.878	1410.61
-31892.0	7486.0	316.59	1505.36
-31892.0	7486.0	315.301	1452.68
-31892.0	7486.0	314.011	1477.57
-31892.0	7486.0	312.722	1477.26
-31892.0	7486.0	311.432	1525.4
-31892.0	7486.0	310.142	1525.08
-31892.0	7486.0	308.851	1476.32
-31892.0	7486.0	307.561	1603.84
-31892.0	7486.0	306.27	1684.84
-31892.0	7486.0	304.979	1690.29
-31892.0	7486.0	303.687	1711.22
-31892.0	7486.0	302.395	1658.6
-31892.0	7486.0	301.103	1619.55
-31892.0	7486.0	299.811	1522.48
-31892.0	7486.0	298.519	1487.34
-31892.0	7486.0	297.226	1516.03
-31892.0	7486.0	295.933	1531.17
-31892.0	7486.0	294.639	1455.46
-31892.0	7486.0	293.345	1399.11
-31892.0	7486.0	292.052	1431.66
-31892.0	7486.0	290.757	1441.01
-31892.0	7486.0	289.463	1434.91
-31892.0	7486.0	288.168	1463.56
-31892.0	7486.0	286.873	1389.9
-31892.0	7486.0	285.578	1432.06
-31892.0	7486.0	284.282	1418.25
-31892.0	7486.0	282.986	1479.68
-31892.0	7486.0	281.69	1450.43
-31892.0	7486.0	280.393	1452.05
-31892.0	7486.0	279.097	1413.18
-31892.0	7486.0	277.8	1362.76
-31892.0	7486.0	276.502	1453.04
-31892.0	7486.0	275.205	1431.54
-31892.0	7486.0	273.907	1375.37
-31892.0	7486.0	272.609	1377.0
-31892.0	7486.0	271.311	1347.83
-31892.0	7486.0	270.012	1341.76
-31892.0	7486.0	268.713	1316.45
-31892.0	7486.0	267.414	1329.64
-31892.0	7486.0	266.114	1373.61
-31892.0	7486.0	264.814	1367.54
-31892.0	7486.0	263.514	1340.33
-31892.0	7486.0	262.214	1297.74
-31892.0	7486.0	260.913	1383.96
-31892.0	7486.0	259.613	1358.68
-31892.0	7486.0	258.311	1375.69
-31892.0	7486.0	257.01	1302.4
-31892.0	7486.0	255.708	1382.78
-31892.0	7486.0	254.406	1344.08
-31892.0	7486.0	253.104	1364.91
-31892.0	7486.0	251.801	1379.97
-31892.0	7486.0	250.499	1358.57
-31892.0	7486.0	249.195	1308.4
-31892.0	7486.0	247.892	1338.8
-31892.0	7486.0	246.588	1334.68
-31892.0	7486.0	245.284	1336.31
-31892.0	7486.0	243.98	1284.27
-31892.0	7486.0	242.676	1305.08
-31892.0	7486.0	241.371	1341.2
-31892.0	7486.0	240.066	1413.71
-31892.0	7486.0	238.76	1401.91
-31892.0	7486.0	237.455	1340.34
-31892.0	7486.0	236.149	1315.16
-31892.0	7486.0	234.843	1339.76
-31892.0	7486.0	233.536	1377.75
-31892.0	7486.0	232.229	1304.75
-31892.0	7486.0	230.922	1331.25
-31892.0	7486.0	229.615	1382.6
-31892.0	7486.0	228.307	1378.48
-31892.0	7486.0	227.0	1299.81
-31892.0	7486.0	225.691	1343.48
-31892.0	7486.0	224.383	1274.41
-31892.0	7486.0	223.074	1262.68
-31892.0	7486.0	221.765	1331.16
-31892.0	7486.0	220.456	1286.96
-31892.0	7486.0	219.146	1300.04
-31892.0	7486.0	217.836	1316.94
-31892.0	7486.0	216.526	1316.66
-31892.0	7486.0	215.216	1306.84
-31892.0	7486.0	213.905	1253.15
-31892.0	7486.0	212.594	1306.28
-31892.0	7486.0	211.283	1252.61
-31892.0	7486.0	209.971	1277.12
-31892.0	7486.0	208.66	1295.9
-31892.0	7486.0	207.348	1295.63
-31892.0	7486.0	206.035	1276.3
-31892.0	7486.0	204.722	1287.45
-31892.0	7486.0	203.409	1266.23
-31892.0	7486.0	202.096	1294.51
-31892.0	7486.0	200.783	1248.55
-31892.0	7486.0	199.469	1265.41
-31892.0	7486.0	198.155	1303.19
-31892.0	7486.0	196.84	1295.3
-31892.0	7486.0	195.526	1274.1
-31892.0	7486.0	194.211	1273.83
-31892.0	7486.0	192.896	1275.46
-31892.0	7486.0	191.58	1377.8
-31892.0	7486.0	190.264	1352.81
-31892.0	7486.0	188.948	1274.63
-31892.0	7486.0	187.632	1243.97
-31892.0	7486.0	186.315	1300.67
-31892.0	7486.0	184.998	1270.01
-31892.0	7486.0	183.681	1281.13
-31892.0	7486.0	182.364	1246.69
-31892.0	7486.0	181.046	1271.09
-31892.0	7486.0	179.728	1312.54
-31892.0	7486.0	178.41	1302.78
-31892.0	7486.0	177.091	1304.39
-31892.0	7486.0	175.772	1340.13
-31892.0	7486.0	174.453	1271.62
-31892.0	7486.0	173.133	1269.45
-31892.0	7486.0	171.814	1278.64
-31892.0	7486.0	170.494	1268.9
-31892.0	7486.0	169.173	1308.39
-31892.0	7486.0	167.853	1270.25
-31892.0	7486.0	166.532	1319.18
-31892.0	7486.0	165.211	1264.02
-31892.0	7486.0	163.889	1284.56
-31892.0	7486.0	162.567	1354.26
-31892.0	7486.0	161.245	1323.72
-31892.0	7486.0	159.923	1279.95
-31892.0	7486.0	158.6	1328.82
-31892.0	7486.0	157.278	1362.55
-31892.0	7486.0	155.954	1303.68
-31892.0	7486.0	154.631	1382.74
-31892.0	7486.0	153.307	1344.67
-31892.0	7486.0	151.983	1351.93
-31892.0	7486.0	150.659	1332.76
-31892.0	7486.0	149.334	1390.98
-31892.0	7486.0	148.009	1364.26
-31892.0	7486.0	146.684	1386.61
-31892.0	7486.0	145.359	1325.95
-31892.0	7486.0	144.033	1310.58
-31892.0	7486.0	142.707	1300.87
-31892.0	7486.0	141.381	1315.67
-31892.0	7486.0	140.054	1315.39
-31892.0	7486.0	138.727	1379.16
-31892.0	7486.0	137.4	1328.0
-31892.0	7486.0	136.072	1329.6
-31892.0	7486.0	134.745	1357.56
-31892.0	7486.0	133.417	1368.56
-31892.0	7486.0	132.088	1338.15
-31892.0	7486.0	130.76	1303.99
-31892.0	7486.0	129.431	1394.01
-31892.0	7486.0	128.102	1414.4
-31892.0	7486.0	126.772	1321.95
-31892.0	7486.0	125.442	1368.67
-31892.0	7486.0	124.112	1355.21
-31892.0	7486.0	122.782	1369.96
-31892.0	7486.0	121.451	1356.51
-31892.0	7486.0	120.12	1329.92
-31892.0	7486.0	118.789	1355.92
-31892.0	7486.0	117.458	1297.42
-31892.0	7486.0	116.126	1383.49
-31892.0	7486.0	114.794	1308.12
-31892.0	7486.0	113.462	1367.89
-31892.0	7486.0	112.129	1369.47
-31892.0	7486.0	110.796	1357.92
-31892.0	7486.0	109.463	1346.37
-31892.0	7486.0	108.129	1340.46
-31892.0	7486.0	106.796	1282.06
-31892.0	7486.0	105.461	1287.41
-31892.0	7486.0	104.127	1317.11
-31892.0	7486.0	102.792	1307.46
-31892.0	7486.0	101.457	1260.36
-31892.0	7486.0	100.122	1250.72
-31892.0	7486.0	98.7867	1237.35
-31892.0	7486.0	97.4509	1244.57
-31892.0	7486.0	96.1148	1240.56
-31892.0	7486.0	94.7784	1255.25
-31892.0	7486.0	93.4418	1144.63
-31892.0	7486.0	92.1048	1097.64
-31892.0	7486.0	90.7676	1132.92
-31892.0	7486.0	89.43	1136.41
-31892.0	7486.0	88.0922	1100.66
-31892.0	7486.0	86.7541	1066.8
-31892.0	7486.0	85.4157	1083.38
