-31892.0	7488.0	1311.89	1203.82
-31892.0	7488.0	1310.78	1299.01
-31892.0	7488.0	1309.68	1207.98
-31892.0	7488.0	1308.58	1200.97
-31892.0	7488.0	1307.48	1284.77
-31892.0	7488.0	1306.38	1293.64
-31892.0	7488.0	1305.28	1204.94
-31892.0	7488.0	1304.18	1197.94
-31892.0	7488.0	1303.07	1181.87
-31892.0	7488.0	1301.97	1186.21
-31892.0	7488.0	1300.87	1213.24
-31892.0	7488.0	1299.77	1233.45
-31892.0	7488.0	1298.66	1271.79
-31892.0	7488.0	1297.56	1260.25
-31892.0	7488.0	1296.46	1307.64
-31892.0	7488.0	1295.35	1243.99
-31892.0	7488.0	1294.25	1239.25
-31892.0	7488.0	1293.15	1273.03
-31892.0	7488.0	1292.04	1243.39
-31892.0	7488.0	1290.94	1311.12
-31892.0	7488.0	1289.83	1242.99
-31892.0	7488.0	1288.73	1279.0
-31892.0	7488.0	1287.63	1267.48
-31892.0	7488.0	1286.52	1242.39
-31892.0	7488.0	1285.42	1264.81
-31892.0	7488.0	1284.31	1232.94
-31892.0	7488.0	1283.21	1250.83
-31892.0	7488.0	1282.1	1237.06
-31892.0	7488.0	1280.99	1209.73
-31892.0	7488.0	1279.89	1209.53
-31892.0	7488.0	1278.78	1250.02
-31892.0	7488.0	1277.68	1229.48
-31892.0	7488.0	1276.57	1166.01
-31892.0	7488.0	1275.46	1249.42
-31892.0	7488.0	1274.36	1249.22
-31892.0	7488.0	1273.25	1224.17
-31892.0	7488.0	1272.14	1255.59
-31892.0	7488.0	1271.04	1221.51
-31892.0	7488.0	1269.93	1248.41
-31892.0	7488.0	1268.82	1223.38
-31892.0	7488.0	1267.71	1209.64
-31892.0	7488.0	1266.61	1263.59
-31892.0	7488.0	1265.5	1254.36
-31892.0	7488.0	1264.39	1247.39
-31892.0	7488.0	1263.28	1260.72
-31892.0	7488.0	1262.17	1204.14
-31892.0	7488.0	1261.06	1231.0
-31892.0	7488.0	1259.95	1233.06
-31892.0	7488.0	1258.84	1203.56
-31892.0	7488.0	1257.74	1174.07
-31892.0	7488.0	1256.63	1248.23
-31892.0	7488.0	1255.52	1225.5
-31892.0	7488.0	1254.41	1241.06
-31892.0	7488.0	1253.3	1249.87
-31892.0	7488.0	1252.19	1179.86
-31892.0	7488.0	1251.08	1215.69
-31892.0	7488.0	1249.96	1229.0
-31892.0	7488.0	1248.85	1208.54
-31892.0	7488.0	1247.74	1257.85
-31892.0	7488.0	1246.63	1208.15
-31892.0	7488.0	1245.52	1185.46
-31892.0	7488.0	1244.41	1234.74
-31892.0	7488.0	1243.3	1207.56
-31892.0	7488.0	1242.18	1236.59
-31892.0	7488.0	1241.07	1247.62
-31892.0	7488.0	1239.96	1209.21
-31892.0	7488.0	1238.85	1173.06
-31892.0	7488.0	1237.74	1188.59
-31892.0	7488.0	1236.62	1172.67
-31892.0	7488.0	1235.51	1199.43
-31892.0	7488.0	1234.4	1147.58
-31892.0	7488.0	1233.28	1241.7
-31892.0	7488.0	1232.17	1205.58
-31892.0	7488.0	1231.06	1167.22
-31892.0	7488.0	1229.94	1176.01
-31892.0	7488.0	1228.83	1196.01
-31892.0	7488.0	1227.71	1159.91
-31892.0	7488.0	1226.6	1231.5
-31892.0	7488.0	1225.48	1202.15
-31892.0	7488.0	1224.37	1237.83
-31892.0	7488.0	1223.25	1208.48
-31892.0	7488.0	1222.14	1262.08
-31892.0	7488.0	1221.02	1149.8
-31892.0	7488.0	1219.91	1212.36
-31892.0	7488.0	1218.79	1185.27
-31892.0	7488.0	1217.68	1238.84
-31892.0	7488.0	1216.56	1155.76
-31892.0	7488.0	1215.44	1225.0
-31892.0	7488.0	1214.33	1146.42
-31892.0	7488.0	1213.21	1182.05
-31892.0	7488.0	1212.09	1177.38
-31892.0	7488.0	1210.98	1161.52
-31892.0	7488.0	1209.86	1168.04
-31892.0	7488.0	1208.74	1228.25
-31892.0	7488.0	1207.62	1230.29
-31892.0	7488.0	1206.51	1160.75
-31892.0	7488.0	1205.39	1185.16
-31892.0	7488.0	1204.27	1256.5
-31892.0	7488.0	1203.15	1133.35
-31892.0	7488.0	1202.03	1182.33
-31892.0	7488.0	1200.91	1175.43
-31892.0	7488.0	1199.8	1181.94
-31892.0	7488.0	1198.68	1183.98
-31892.0	7488.0	1197.56	1177.08
-31892.0	7488.0	1196.44	1192.51
-31892.0	7488.0	1195.32	1123.1
-31892.0	7488.0	1194.2	1113.98
-31892.0	7488.0	1193.08	1178.53
-31892.0	7488.0	1191.96	1200.65
-31892.0	7488.0	1190.84	1238.38
-31892.0	7488.0	1189.72	1122.16
-31892.0	7488.0	1188.6	1148.74
-31892.0	7488.0	1187.48	1141.86
-31892.0	7488.0	1186.35	1201.87
-31892.0	7488.0	1185.23	1132.56
-31892.0	7488.0	1184.11	1165.81
-31892.0	7488.0	1182.99	1156.7
-31892.0	7488.0	1181.87	1163.19
-31892.0	7488.0	1180.75	1187.5
-31892.0	7488.0	1179.62	1220.72
-31892.0	7488.0	1178.5	1184.88
-31892.0	7488.0	1177.38	1224.76
-31892.0	7488.0	1176.26	1246.82
-31892.0	7488.0	1175.13	1164.25
-31892.0	7488.0	1174.01	1190.76
-31892.0	7488.0	1172.89	1152.73
-31892.0	7488.0	1171.76	1199.26
-31892.0	7488.0	1170.64	1216.85
-31892.0	7488.0	1169.51	1145.48
-31892.0	7488.0	1168.39	1180.86
-31892.0	7488.0	1167.27	1138.42
-31892.0	7488.0	1166.14	1176.02
-31892.0	7488.0	1165.02	1158.04
-31892.0	7488.0	1163.89	1151.18
-31892.0	7488.0	1162.77	1157.65
-31892.0	7488.0	1161.64	1197.44
-31892.0	7488.0	1160.52	1212.79
-31892.0	7488.0	1159.39	1192.6
-31892.0	7488.0	1158.26	1187.96
-31892.0	7488.0	1157.14	1105.61
-31892.0	7488.0	1156.01	1165.36
-31892.0	7488.0	1154.88	1191.79
-31892.0	7488.0	1153.76	1182.72
-31892.0	7488.0	1152.63	1104.86
-31892.0	7488.0	1151.5	1133.51
-31892.0	7488.0	1150.38	1122.23
-31892.0	7488.0	1149.25	1170.83
-31892.0	7488.0	1148.12	1197.23
-31892.0	7488.0	1146.99	1208.12
-31892.0	7488.0	1145.87	1125.91
-31892.0	7488.0	1144.74	1207.71
-31892.0	7488.0	1143.61	1125.52
-31892.0	7488.0	1142.48	1138.62
-31892.0	7488.0	1141.35	1134.0
-31892.0	7488.0	1140.22	1151.52
-31892.0	7488.0	1139.09	1144.69
-31892.0	7488.0	1137.97	1137.85
-31892.0	7488.0	1136.84	1166.43
-31892.0	7488.0	1135.71	1172.87
-31892.0	7488.0	1134.58	1150.54
-31892.0	7488.0	1133.45	1123.8
-31892.0	7488.0	1132.32	1110.34
-31892.0	7488.0	1131.19	1205.24
-31892.0	7488.0	1130.05	1116.59
-31892.0	7488.0	1128.92	1142.93
-31892.0	7488.0	1127.79	1096.32
-31892.0	7488.0	1126.66	1144.75
-31892.0	7488.0	1125.53	1120.25
-31892.0	7488.0	1124.4	1150.99
-31892.0	7488.0	1123.27	1170.67
-31892.0	7488.0	1122.13	1113.05
-31892.0	7488.0	1121.0	1106.24
-31892.0	7488.0	1119.87	1083.97
-31892.0	7488.0	1118.74	1101.44
-31892.0	7488.0	1117.6	1121.12
-31892.0	7488.0	1116.47	1114.31
-31892.0	7488.0	1115.34	1195.74
-31892.0	7488.0	1114.2	1120.54
-31892.0	7488.0	1113.07	1201.95
-31892.0	7488.0	1111.94	1162.05
-31892.0	7488.0	1110.8	1144.21
-31892.0	7488.0	1109.67	1155.04
-31892.0	7488.0	1108.54	1112.97
-31892.0	7488.0	1107.4	1154.64
-31892.0	7488.0	1106.27	1147.83
-31892.0	7488.0	1105.13	1147.64
-31892.0	7488.0	1104.0	1134.22
-31892.0	7488.0	1102.86	1043.75
-31892.0	7488.0	1101.72	1125.03
-31892.0	7488.0	1100.59	1054.39
-31892.0	7488.0	1099.45	1168.66
-31892.0	7488.0	1098.32	1139.85
-31892.0	7488.0	1097.18	1137.45
-31892.0	7488.0	1096.04	1174.65
-31892.0	7488.0	1094.91	1218.43
-31892.0	7488.0	1093.77	1139.06
-31892.0	7488.0	1092.63	1101.49
-31892.0	7488.0	1091.5	1162.85
-31892.0	7488.0	1090.36	1114.29
-31892.0	7488.0	1089.22	1074.55
-31892.0	7488.0	1088.08	1116.11
-31892.0	7488.0	1086.95	1135.68
-31892.0	7488.0	1085.81	1087.17
-31892.0	7488.0	1084.67	1119.92
-31892.0	7488.0	1083.53	1115.33
-31892.0	7488.0	1082.39	1058.06
-31892.0	7488.0	1081.25	1093.0
-31892.0	7488.0	1080.11	1081.84
-31892.0	7488.0	1078.97	1145.27
-31892.0	7488.0	1077.83	1072.68
-31892.0	7488.0	1076.69	1138.3
-31892.0	7488.0	1075.55	1087.66
-31892.0	7488.0	1074.41	1083.09
-31892.0	7488.0	1073.27	1102.63
-31892.0	7488.0	1072.13	1148.46
-31892.0	7488.0	1070.99	1130.73
-31892.0	7488.0	1069.85	1045.09
-31892.0	7488.0	1068.71	1069.0
-31892.0	7488.0	1067.57	1086.34
-31892.0	7488.0	1066.43	1092.72
-31892.0	7488.0	1065.28	1136.31
-31892.0	7488.0	1064.14	1101.09
-31892.0	7488.0	1063.0	1142.48
-31892.0	7488.0	1061.86	1100.7
-31892.0	7488.0	1060.71	1080.82
-31892.0	7488.0	1059.57	1106.88
-31892.0	7488.0	1058.43	1117.62
-31892.0	7488.0	1057.29	1154.6
-31892.0	7488.0	1056.14	1080.06
-31892.0	7488.0	1055.0	1101.73
-31892.0	7488.0	1053.85	1049.09
-31892.0	7488.0	1052.71	1055.46
-31892.0	7488.0	1051.57	1098.97
-31892.0	7488.0	1050.42	1070.38
-31892.0	7488.0	1049.28	1065.82
-31892.0	7488.0	1048.13	1109.31
-31892.0	7488.0	1046.99	1102.56
-31892.0	7488.0	1045.84	1076.18
-31892.0	7488.0	1044.7	1086.9
-31892.0	7488.0	1043.55	1128.17
-31892.0	7488.0	1042.4	1086.52
-31892.0	7488.0	1041.26	1097.23
-31892.0	7488.0	1040.11	1090.5
-31892.0	7488.0	1038.97	1157.9
-31892.0	7488.0	1037.82	1144.62
-31892.0	7488.0	1036.67	1148.77
-31892.0	7488.0	1035.53	1061.39
-31892.0	7488.0	1034.38	1096.07
-31892.0	7488.0	1033.23	1102.41
-31892.0	7488.0	1032.08	1165.39
-31892.0	7488.0	1030.94	1119.45
-31892.0	7488.0	1029.79	1121.43
-31892.0	7488.0	1028.64	1156.06
-31892.0	7488.0	1027.49	1129.74
-31892.0	7488.0	1026.34	1101.24
-31892.0	7488.0	1025.19	1124.98
-31892.0	7488.0	1024.04	1126.96
-31892.0	7488.0	1022.89	1122.41
-31892.0	7488.0	1021.74	1174.41
-31892.0	7488.0	1020.59	1141.58
-31892.0	7488.0	1019.45	1121.81
-31892.0	7488.0	1018.29	1156.39
-31892.0	7488.0	1017.14	1186.61
-31892.0	7488.0	1015.99	1097.31
-31892.0	7488.0	1014.84	1101.46
-31892.0	7488.0	1013.69	1118.64
-31892.0	7488.0	1012.54	1187.94
-31892.0	7488.0	1011.39	1170.36
-31892.0	7488.0	1010.24	1200.54
-31892.0	7488.0	1009.09	1137.38
-31892.0	7488.0	1007.93	1130.67
-31892.0	7488.0	1006.78	1195.56
-31892.0	7488.0	1005.63	1160.64
-31892.0	7488.0	1004.48	1192.97
-31892.0	7488.0	1003.32	1173.23
-31892.0	7488.0	1002.17	1240.24
-31892.0	7488.0	1001.02	1196.66
-31892.0	7488.0	999.865	1183.44
-31892.0	7488.0	998.711	1256.91
-31892.0	7488.0	997.558	1239.35
-31892.0	7488.0	996.403	1312.79
-31892.0	7488.0	995.249	1323.38
-31892.0	7488.0	994.095	1314.48
-31892.0	7488.0	992.94	1344.56
-31892.0	7488.0	991.785	1370.29
-31892.0	7488.0	990.63	1328.93
-31892.0	7488.0	989.475	1341.67
-31892.0	7488.0	988.319	1358.74
-31892.0	7488.0	987.164	1427.72
-31892.0	7488.0	986.008	1431.79
-31892.0	7488.0	984.852	1425.04
-31892.0	7488.0	983.695	1478.84
-31892.0	7488.0	982.539	1532.61
-31892.0	7488.0	981.382	1530.18
-31892.0	7488.0	980.225	1499.65
-31892.0	7488.0	979.068	1503.7
-31892.0	7488.0	977.911	1529.35
-31892.0	7488.0	976.753	1518.27
-31892.0	7488.0	975.595	1509.36
-31892.0	7488.0	974.437	1571.7
-31892.0	7488.0	973.279	1567.1
-31892.0	7488.0	972.121	1551.71
-31892.0	7488.0	970.962	1557.9
-31892.0	7488.0	969.803	1555.46
-31892.0	7488.0	968.644	1542.24
-31892.0	7488.0	967.485	1544.12
-31892.0	7488.0	966.326	1595.59
-31892.0	7488.0	965.166	1537.09
-31892.0	7488.0	964.006	1582.08
-31892.0	7488.0	962.846	1558.09
-31892.0	7488.0	961.686	1497.47
-31892.0	7488.0	960.525	1542.44
-31892.0	7488.0	959.365	1611.08
-31892.0	7488.0	958.204	1632.33
-31892.0	7488.0	957.043	1608.35
-31892.0	7488.0	955.881	1620.97
-31892.0	7488.0	954.72	1493.69
-31892.0	7488.0	953.558	1547.22
-31892.0	7488.0	952.396	1620.09
-31892.0	7488.0	951.234	1593.98
-31892.0	7488.0	950.071	1544.22
-31892.0	7488.0	948.909	1539.64
-31892.0	7488.0	947.746	1590.96
-31892.0	7488.0	946.583	1627.21
-31892.0	7488.0	945.42	1674.2
-31892.0	7488.0	944.256	1605.13
-31892.0	7488.0	943.092	1634.91
-31892.0	7488.0	941.929	1638.91
-31892.0	7488.0	940.765	1726.66
-31892.0	7488.0	939.6	1565.31
-31892.0	7488.0	938.436	1620.84
-31892.0	7488.0	937.271	1551.86
-31892.0	7488.0	936.106	1555.87
-31892.0	7488.0	934.941	1516.96
-31892.0	7488.0	933.775	1529.55
-31892.0	7488.0	932.61	1331.95
-31892.0	7488.0	931.444	1396.04
-31892.0	7488.0	930.278	1355.05
-31892.0	7488.0	929.112	1275.48
-31892.0	7488.0	927.945	1292.39
-31892.0	7488.0	926.779	1208.58
-31892.0	7488.0	925.612	1189.08
-31892.0	7488.0	924.445	1139.59
-31892.0	7488.0	923.278	1184.36
-31892.0	7488.0	922.11	1139.18
-31892.0	7488.0	920.942	1177.5
-31892.0	7488.0	919.774	1215.82
-31892.0	7488.0	918.606	1091.46
-31892.0	7488.0	917.438	1157.6
-31892.0	7488.0	916.269	1178.78
-31892.0	7488.0	915.1	1093.0
-31892.0	7488.0	913.931	1099.22
-31892.0	7488.0	912.762	1047.7
-31892.0	7488.0	911.593	1122.33
-31892.0	7488.0	910.423	1085.78
-31892.0	7488.0	909.253	1053.53
-31892.0	7488.0	908.083	1113.16
-31892.0	7488.0	906.913	1106.54
-31892.0	7488.0	905.742	1129.83
-31892.0	7488.0	904.572	1035.67
-31892.0	7488.0	903.401	1052.56
-31892.0	7488.0	902.229	1069.44
-31892.0	7488.0	901.058	1073.51
-31892.0	7488.0	899.886	1041.3
-31892.0	7488.0	898.715	1013.37
-31892.0	7488.0	897.543	1045.18
-31892.0	7488.0	896.37	1081.24
-31892.0	7488.0	895.198	1119.42
-31892.0	7488.0	894.025	1132.01
-31892.0	7488.0	892.852	1080.64
-31892.0	7488.0	891.679	1082.57
-31892.0	7488.0	890.506	1052.54
-31892.0	7488.0	889.332	1022.52
-31892.0	7488.0	888.158	1081.97
-31892.0	7488.0	886.984	1073.25
-31892.0	7488.0	885.81	1062.41
-31892.0	7488.0	884.636	1081.37
-31892.0	7488.0	883.461	1115.22
-31892.0	7488.0	882.286	1110.75
-31892.0	7488.0	881.111	1080.76
-31892.0	7488.0	879.936	1052.91
-31892.0	7488.0	878.76	1097.37
-31892.0	7488.0	877.584	1044.01
-31892.0	7488.0	876.408	1079.96
-31892.0	7488.0	875.232	1060.62
-31892.0	7488.0	874.056	1079.55
-31892.0	7488.0	872.879	1058.1
-31892.0	7488.0	871.702	1072.78
-31892.0	7488.0	870.525	1055.58
-31892.0	7488.0	869.348	1085.12
-31892.0	7488.0	868.17	1050.94
-31892.0	7488.0	866.993	1084.71
-31892.0	7488.0	865.815	1042.06
-31892.0	7488.0	864.637	1092.79
-31892.0	7488.0	863.458	1056.52
-31892.0	7488.0	862.28	1062.69
-31892.0	7488.0	861.101	1058.25
-31892.0	7488.0	859.922	1043.2
-31892.0	7488.0	858.742	1040.89
-31892.0	7488.0	857.563	1074.61
-31892.0	7488.0	856.383	1021.43
-31892.0	7488.0	855.203	1086.92
-31892.0	7488.0	854.023	1037.99
-31892.0	7488.0	852.843	1035.68
-31892.0	7488.0	851.662	1046.07
-31892.0	7488.0	850.481	1026.82
-31892.0	7488.0	849.3	1022.39
-31892.0	7488.0	848.119	1030.66
-31892.0	7488.0	846.937	1089.72
-31892.0	7488.0	845.756	1074.7
-31892.0	7488.0	844.574	1025.85
-31892.0	7488.0	843.392	1053.15
-31892.0	7488.0	842.209	1033.92
-31892.0	7488.0	841.027	1054.87
-31892.0	7488.0	839.844	1088.48
-31892.0	7488.0	838.661	1056.58
-31892.0	7488.0	837.477	1088.07
-31892.0	7488.0	836.294	1060.41
-31892.0	7488.0	835.11	1041.2
-31892.0	7488.0	833.926	1129.69
-31892.0	7488.0	832.742	1110.47
-31892.0	7488.0	831.558	1063.83
-31892.0	7488.0	830.373	1084.73
-31892.0	7488.0	829.188	1050.76
-31892.0	7488.0	828.003	1029.47
-31892.0	7488.0	826.818	1031.38
-31892.0	7488.0	825.632	948.945
-31892.0	7488.0	824.446	1079.48
-31892.0	7488.0	823.26	1064.52
-31892.0	7488.0	822.074	1022.17
-31892.0	7488.0	820.888	1038.83
-31892.0	7488.0	819.701	1019.67
-31892.0	7488.0	818.514	1076.35
-31892.0	7488.0	817.327	1052.98
-31892.0	7488.0	816.14	1046.46
-31892.0	7488.0	814.952	1079.95
-31892.0	7488.0	813.765	1111.31
-31892.0	7488.0	812.577	1069.02
-31892.0	7488.0	811.388	999.381
-31892.0	7488.0	810.2	1043.37
-31892.0	7488.0	809.011	1030.55
-31892.0	7488.0	807.822	1028.25
-31892.0	7488.0	806.633	1053.28
-31892.0	7488.0	805.444	1086.71
-31892.0	7488.0	804.254	1073.89
-31892.0	7488.0	803.064	1025.36
-31892.0	7488.0	801.874	1037.77
-31892.0	7488.0	800.684	1052.27
-31892.0	7488.0	799.493	1039.47
-31892.0	7488.0	798.303	1072.87
-31892.0	7488.0	797.112	1095.75
-31892.0	7488.0	795.921	1032.58
-31892.0	7488.0	794.729	1038.68
-31892.0	7488.0	793.538	1048.97
-31892.0	7488.0	792.346	1042.48
-31892.0	7488.0	791.154	1033.89
-31892.0	7488.0	789.961	1023.2
-31892.0	7488.0	788.769	1050.26
-31892.0	7488.0	787.576	1012.33
-31892.0	7488.0	786.383	1051.95
-31892.0	7488.0	785.19	986.802
-31892.0	7488.0	783.996	1047.36
-31892.0	7488.0	782.802	1028.31
-31892.0	7488.0	781.608	1046.96
-31892.0	7488.0	780.414	1036.29
-31892.0	7488.0	779.22	1031.9
-31892.0	7488.0	778.025	1033.8
-31892.0	7488.0	776.83	1048.24
-31892.0	7488.0	775.635	1039.67
-31892.0	7488.0	774.44	1003.92
-31892.0	7488.0	773.244	1024.64
-31892.0	7488.0	772.049	990.987
-31892.0	7488.0	770.853	994.976
-31892.0	7488.0	769.656	1034.49
-31892.0	7488.0	768.46	1028.02
-31892.0	7488.0	767.263	1046.63
-31892.0	7488.0	766.066	1025.54
-31892.0	7488.0	764.869	1044.13
-31892.0	7488.0	763.672	1043.93
-31892.0	7488.0	762.474	1037.47
-31892.0	7488.0	761.276	1031.01
-31892.0	7488.0	760.078	1101.75
-31892.0	7488.0	758.88	1105.71
-31892.0	7488.0	757.681	1036.67
-31892.0	7488.0	756.483	1015.61
-31892.0	7488.0	755.284	1082.13
-31892.0	7488.0	754.084	1081.92
-31892.0	7488.0	752.885	1019.19
-31892.0	7488.0	751.685	1021.07
-31892.0	7488.0	750.485	1054.21
-31892.0	7488.0	749.285	1043.59
-31892.0	7488.0	748.085	980.91
-31892.0	7488.0	746.884	1009.87
-31892.0	7488.0	745.683	1042.98
-31892.0	7488.0	744.482	1021.97
-31892.0	7488.0	743.281	1050.9
-31892.0	7488.0	742.079	998.682
-31892.0	7488.0	740.877	1071.29
-31892.0	7488.0	739.675	1010.77
-31892.0	7488.0	738.473	1050.08
-31892.0	7488.0	737.27	995.826
-31892.0	7488.0	736.068	1006.02
-31892.0	7488.0	734.865	976.734
-31892.0	7488.0	733.661	1018.1
-31892.0	7488.0	732.458	1019.98
-31892.0	7488.0	731.254	1042.62
-31892.0	7488.0	730.05	1000.89
-31892.0	7488.0	728.846	1000.69
-31892.0	7488.0	727.642	1023.33
-31892.0	7488.0	726.437	1029.36
-31892.0	7488.0	725.232	1002.18
-31892.0	7488.0	724.027	975.019
-31892.0	7488.0	722.822	989.347
-31892.0	7488.0	721.616	1014.04
-31892.0	7488.0	720.41	949.567
-31892.0	7488.0	719.204	994.984
-31892.0	7488.0	717.998	1040.38
-31892.0	7488.0	716.791	1036.04
-31892.0	7488.0	715.585	1095.91
-31892.0	7488.0	714.378	1164.05
-31892.0	7488.0	713.17	1076.84
-31892.0	7488.0	711.963	1051.79
-31892.0	7488.0	710.755	1026.74
-31892.0	7488.0	709.547	999.633
-31892.0	7488.0	708.339	1009.78
-31892.0	7488.0	707.131	1007.52
-31892.0	7488.0	705.922	1042.48
-31892.0	7488.0	704.713	1015.39
-31892.0	7488.0	703.504	1025.53
-31892.0	7488.0	702.295	996.387
-31892.0	7488.0	701.085	1027.19
-31892.0	7488.0	699.875	1035.26
-31892.0	7488.0	698.665	1057.78
-31892.0	7488.0	697.455	1028.65
-31892.0	7488.0	696.244	1022.25
-31892.0	7488.0	695.034	1067.48
-31892.0	7488.0	693.822	1009.46
-31892.0	7488.0	692.611	1077.38
-31892.0	7488.0	691.4	1040.02
-31892.0	7488.0	690.188	1006.8
-31892.0	7488.0	688.976	1082.93
-31892.0	7488.0	687.764	1024.97
-31892.0	7488.0	686.551	1037.14
-31892.0	7488.0	685.339	1030.75
-31892.0	7488.0	684.126	1112.99
-31892.0	7488.0	682.912	1129.25
-31892.0	7488.0	681.699	1085.76
-31892.0	7488.0	680.485	1036.11
-31892.0	7488.0	679.271	1056.5
-31892.0	7488.0	678.057	1128.36
-31892.0	7488.0	676.843	1107.55
-31892.0	7488.0	675.628	1123.79
-31892.0	7488.0	674.413	1074.18
-31892.0	7488.0	673.198	1133.63
-31892.0	7488.0	671.983	1096.38
-31892.0	7488.0	670.767	1079.71
-31892.0	7488.0	669.551	1077.44
-31892.0	7488.0	668.335	1175.91
-31892.0	7488.0	667.119	1126.34
-31892.0	7488.0	665.902	1117.9
-31892.0	7488.0	664.686	1099.19
-31892.0	7488.0	663.469	1096.91
-31892.0	7488.0	662.251	1084.37
-31892.0	7488.0	661.034	1127.28
-31892.0	7488.0	659.816	1112.68
-31892.0	7488.0	658.598	1112.46
-31892.0	7488.0	657.38	1038.36
-31892.0	7488.0	656.161	1093.55
-31892.0	7488.0	654.942	1076.92
-31892.0	7488.0	653.723	1084.91
-31892.0	7488.0	652.504	1035.49
-31892.0	7488.0	651.285	1076.28
-31892.0	7488.0	650.065	1028.92
-31892.0	7488.0	648.845	1018.47
-31892.0	7488.0	647.625	1018.27
-31892.0	7488.0	646.404	1052.89
-31892.0	7488.0	645.184	1099.78
-31892.0	7488.0	643.963	1113.9
-31892.0	7488.0	642.742	1111.63
-31892.0	7488.0	641.52	1009.06
-31892.0	7488.0	640.298	1098.9
-31892.0	7488.0	639.076	1104.82
-31892.0	7488.0	637.854	1094.37
-31892.0	7488.0	636.632	1116.65
-31892.0	7488.0	635.409	1083.71
-31892.0	7488.0	634.186	1046.7
-31892.0	7488.0	632.963	1085.32
-31892.0	7488.0	631.74	1019.71
-31892.0	7488.0	630.516	1074.67
-31892.0	7488.0	629.292	1049.94
-31892.0	7488.0	628.068	1086.49
-31892.0	7488.0	626.844	1106.69
-31892.0	7488.0	625.619	1084.01
-31892.0	7488.0	624.394	1047.06
-31892.0	7488.0	623.169	1073.38
-31892.0	7488.0	621.944	1109.88
-31892.0	7488.0	620.718	1091.3
-31892.0	7488.0	619.492	1052.33
-31892.0	7488.0	618.266	1099.02
-31892.0	7488.0	617.04	1104.91
-31892.0	7488.0	615.813	1065.97
-31892.0	7488.0	614.587	1059.64
-31892.0	7488.0	613.36	1138.88
-31892.0	7488.0	612.132	1083.65
-31892.0	7488.0	610.905	1079.36
-31892.0	7488.0	609.677	1046.57
-31892.0	7488.0	608.449	1093.18
-31892.0	7488.0	607.22	1107.2
-31892.0	7488.0	605.992	1043.9
-31892.0	7488.0	604.763	1033.52
-31892.0	7488.0	603.534	1073.99
-31892.0	7488.0	602.305	1077.84
-31892.0	7488.0	601.075	1059.32
-31892.0	7488.0	599.845	1048.94
-31892.0	7488.0	598.615	1038.57
-31892.0	7488.0	597.385	1097.29
-31892.0	7488.0	596.154	1066.59
-31892.0	7488.0	594.924	1090.75
-31892.0	7488.0	593.693	1084.44
-31892.0	7488.0	592.461	1090.31
-31892.0	7488.0	591.23	1081.97
-31892.0	7488.0	589.998	1069.57
-31892.0	7488.0	588.766	1099.79
-31892.0	7488.0	587.534	1105.66
-31892.0	7488.0	586.301	1070.95
-31892.0	7488.0	585.068	1127.51
-31892.0	7488.0	583.835	1052.27
-31892.0	7488.0	582.602	1050.03
-31892.0	7488.0	581.368	1098.46
-31892.0	7488.0	580.134	1071.89
-31892.0	7488.0	578.9	1067.62
-31892.0	7488.0	577.666	1128.17
-31892.0	7488.0	576.432	1091.49
-31892.0	7488.0	575.197	1038.63
-31892.0	7488.0	573.962	1089.02
-31892.0	7488.0	572.726	1104.99
-31892.0	7488.0	571.491	1104.76
-31892.0	7488.0	570.255	1066.1
-31892.0	7488.0	569.019	1078.02
-31892.0	7488.0	567.783	1122.29
-31892.0	7488.0	566.546	1180.69
-31892.0	7488.0	565.309	1127.9
-31892.0	7488.0	564.072	1119.58
-31892.0	7488.0	562.835	1056.72
-31892.0	7488.0	561.597	1064.58
-31892.0	7488.0	560.359	1131.02
-31892.0	7488.0	559.121	1175.21
-31892.0	7488.0	557.883	1138.63
-31892.0	7488.0	556.644	1176.75
-31892.0	7488.0	555.406	1144.22
-31892.0	7488.0	554.167	1160.13
-31892.0	7488.0	552.927	1153.84
-31892.0	7488.0	551.688	1234.27
-31892.0	7488.0	550.448	1240.07
-31892.0	7488.0	549.208	1245.86
-31892.0	7488.0	547.967	1217.39
-31892.0	7488.0	546.727	1182.89
-31892.0	7488.0	545.486	1253.16
-31892.0	7488.0	544.245	1267.0
-31892.0	7488.0	543.003	1274.8
-31892.0	7488.0	541.762	1343.0
-31892.0	7488.0	540.52	1358.83
-31892.0	7488.0	539.278	1382.7
-31892.0	7488.0	538.035	1418.64
-31892.0	7488.0	536.793	1551.13
-31892.0	7488.0	535.55	1558.85
-31892.0	7488.0	534.307	1604.79
-31892.0	7488.0	533.063	1737.16
-31892.0	7488.0	531.82	1845.35
-31892.0	7488.0	530.576	1967.57
-31892.0	7488.0	529.331	2250.49
-31892.0	7488.0	528.087	2649.8
-31892.0	7488.0	526.842	3217.68
-31892.0	7488.0	525.597	4217.06
-31892.0	7488.0	524.352	6358.42
-31892.0	7488.0	523.107	11672.4
-31892.0	7488.0	521.861	23364.2
-31892.0	7488.0	520.615	29609.5
-31892.0	7488.0	519.369	21627.3
-31892.0	7488.0	518.122	12786.0
-31892.0	7488.0	516.876	7760.25
-31892.0	7488.0	515.629	5302.75
-31892.0	7488.0	514.381	3822.41
-31892.0	7488.0	513.134	3064.11
-31892.0	7488.0	511.886	2652.74
-31892.0	7488.0	510.638	2305.65
-31892.0	7488.0	509.39	2102.89
-31892.0	7488.0	508.141	1886.21
-31892.0	7488.0	506.892	1801.74
-31892.0	7488.0	505.643	1675.27
-31892.0	7488.0	504.394	1696.94
-31892.0	7488.0	503.145	1556.54
-31892.0	7488.0	501.895	1462.2
-31892.0	7488.0	500.645	1429.9
-31892.0	7488.0	499.394	1365.62
-31892.0	7488.0	498.144	1315.37
-31892.0	7488.0	496.893	1309.1
-31892.0	7488.0	495.642	1326.81
-31892.0	7488.0	494.39	1312.55
-31892.0	7488.0	493.139	1238.38
-31892.0	7488.0	491.887	1262.09
-31892.0	7488.0	490.635	1263.82
-31892.0	7488.0	489.382	1303.48
-31892.0	7488.0	488.13	1267.29
-31892.0	7488.0	486.877	1306.93
-31892.0	7488.0	485.623	1250.81
-31892.0	7488.0	484.37	1222.62
-31892.0	7488.0	483.116	1256.27
-31892.0	7488.0	481.862	1258.0
-31892.0	7488.0	480.608	1243.79
-31892.0	7488.0	479.354	1163.82
-31892.0	7488.0	478.099	1163.58
-31892.0	7488.0	476.844	1149.39
-31892.0	7488.0	475.588	1206.91
-31892.0	7488.0	474.333	1204.67
-31892.0	7488.0	473.077	1224.32
-31892.0	7488.0	471.821	1182.27
-31892.0	7488.0	470.565	1172.08
-31892.0	7488.0	469.308	1167.85
-31892.0	7488.0	468.051	1135.79
-31892.0	7488.0	466.794	1193.22
-31892.0	7488.0	465.537	1190.98
-31892.0	7488.0	464.279	1160.92
-31892.0	7488.0	463.021	1122.92
-31892.0	7488.0	461.763	1210.11
-31892.0	7488.0	460.505	1160.19
-31892.0	7488.0	459.246	1201.66
-31892.0	7488.0	457.987	1157.73
-31892.0	7488.0	456.728	1199.18
-31892.0	7488.0	455.469	1135.41
-31892.0	7488.0	454.209	1210.59
-31892.0	7488.0	452.949	1194.46
-31892.0	7488.0	451.689	1182.31
-31892.0	7488.0	450.428	1211.81
-31892.0	7488.0	449.167	1207.59
-31892.0	7488.0	447.906	1130.02
-31892.0	7488.0	446.645	1197.18
-31892.0	7488.0	445.383	1177.11
-31892.0	7488.0	444.122	1198.66
-31892.0	7488.0	442.86	1202.37
-31892.0	7488.0	441.597	1202.12
-31892.0	7488.0	440.335	1245.43
-31892.0	7488.0	439.072	1253.09
-31892.0	7488.0	437.809	1229.08
-31892.0	7488.0	436.545	1212.99
-31892.0	7488.0	435.281	1252.3
-31892.0	7488.0	434.018	1240.17
-31892.0	7488.0	432.753	1232.0
-31892.0	7488.0	431.489	1277.22
-31892.0	7488.0	430.224	1251.25
-31892.0	7488.0	428.959	1272.73
-31892.0	7488.0	427.694	1274.44
-31892.0	7488.0	426.428	1256.39
-31892.0	7488.0	425.163	1297.61
-31892.0	7488.0	423.896	1253.89
-31892.0	7488.0	422.63	1239.81
-31892.0	7488.0	421.364	1251.39
-31892.0	7488.0	420.097	1255.08
-31892.0	7488.0	418.83	1229.17
-31892.0	7488.0	417.562	1252.58
-31892.0	7488.0	416.295	1230.62
-31892.0	7488.0	415.027	1254.03
-31892.0	7488.0	413.758	1241.93
-31892.0	7488.0	412.49	1210.14
-31892.0	7488.0	411.221	1270.97
-31892.0	7488.0	409.952	1211.6
-31892.0	7488.0	408.683	1234.98
-31892.0	7488.0	407.414	1228.82
-31892.0	7488.0	406.144	1246.28
-31892.0	7488.0	404.874	1236.17
-31892.0	7488.0	403.603	1251.66
-31892.0	7488.0	402.333	1212.04
-31892.0	7488.0	401.062	1272.77
-31892.0	7488.0	399.791	1231.2
-31892.0	7488.0	398.519	1268.3
-31892.0	7488.0	397.248	1234.61
-31892.0	7488.0	395.976	1175.39
-31892.0	7488.0	394.704	1255.71
-31892.0	7488.0	393.431	1280.99
-31892.0	7488.0	392.159	1249.29
-31892.0	7488.0	390.886	1219.57
-31892.0	7488.0	389.612	1274.29
-31892.0	7488.0	388.339	1283.83
-31892.0	7488.0	387.065	1263.94
-31892.0	7488.0	385.791	1285.26
-31892.0	7488.0	384.517	1273.21
-31892.0	7488.0	383.242	1223.91
-31892.0	7488.0	381.967	1258.95
-31892.0	7488.0	380.692	1286.13
-31892.0	7488.0	379.417	1285.86
-31892.0	7488.0	378.141	1293.43
-31892.0	7488.0	376.865	1318.63
-31892.0	7488.0	375.589	1283.09
-31892.0	7488.0	374.312	1231.9
-31892.0	7488.0	373.035	1323.67
-31892.0	7488.0	371.758	1290.11
-31892.0	7488.0	370.481	1252.65
-31892.0	7488.0	369.204	1295.43
-31892.0	7488.0	367.926	1283.42
-31892.0	7488.0	366.648	1306.62
-31892.0	7488.0	365.369	1380.66
-31892.0	7488.0	364.091	1282.6
-31892.0	7488.0	362.812	1368.34
-31892.0	7488.0	361.532	1315.29
-31892.0	7488.0	360.253	1311.1
-31892.0	7488.0	358.973	1289.33
-31892.0	7488.0	357.693	1310.55
-31892.0	7488.0	356.413	1329.79
-31892.0	7488.0	355.132	1261.18
-31892.0	7488.0	353.852	1319.47
-31892.0	7488.0	352.571	1282.12
-31892.0	7488.0	351.289	1355.98
-31892.0	7488.0	350.008	1310.83
-31892.0	7488.0	348.726	1324.21
-31892.0	7488.0	347.444	1337.57
-31892.0	7488.0	346.161	1358.73
-31892.0	7488.0	344.878	1354.55
-31892.0	7488.0	343.595	1288.01
-31892.0	7488.0	342.312	1353.97
-31892.0	7488.0	341.029	1316.68
-31892.0	7488.0	339.745	1300.82
-31892.0	7488.0	338.461	1337.54
-31892.0	7488.0	337.176	1306.11
-31892.0	7488.0	335.892	1348.64
-31892.0	7488.0	334.607	1352.25
-31892.0	7488.0	333.322	1385.03
-31892.0	7488.0	332.036	1396.41
-31892.0	7488.0	330.75	1400.0
-31892.0	7488.0	329.464	1389.98
-31892.0	7488.0	328.178	1376.08
-31892.0	7488.0	326.892	1426.31
-31892.0	7488.0	325.605	1367.72
-31892.0	7488.0	324.318	1431.53
-31892.0	7488.0	323.03	1433.17
-31892.0	7488.0	321.743	1442.57
-31892.0	7488.0	320.455	1436.44
-31892.0	7488.0	319.167	1463.31
-31892.0	7488.0	317.878	1426.13
-31892.0	7488.0	316.59	1443.29
-31892.0	7488.0	315.301	1477.89
-31892.0	7488.0	314.011	1467.88
-31892.0	7488.0	312.722	1531.54
-31892.0	7488.0	311.432	1476.95
-31892.0	7488.0	310.142	1496.01
-31892.0	7488.0	308.851	1577.06
-31892.0	7488.0	307.561	1588.35
-31892.0	7488.0	306.27	1649.98
-31892.0	7488.0	304.979	1661.25
-31892.0	7488.0	303.687	1701.54
-31892.0	7488.0	302.395	1662.47
-31892.0	7488.0	301.103	1665.99
-31892.0	7488.0	299.811	1599.86
-31892.0	7488.0	298.519	1582.11
-31892.0	7488.0	297.226	1494.76
-31892.0	7488.0	295.933	1527.3
-31892.0	7488.0	294.639	1461.26
-31892.0	7488.0	293.345	1464.81
-31892.0	7488.0	292.052	1493.48
-31892.0	7488.0	290.757	1469.98
-31892.0	7488.0	289.463	1448.43
-31892.0	7488.0	288.168	1417.22
-31892.0	7488.0	286.873	1447.81
-31892.0	7488.0	285.578	1420.48
-31892.0	7488.0	284.282	1422.1
-31892.0	7488.0	282.986	1419.87
-31892.0	7488.0	281.69	1396.42
-31892.0	7488.0	280.393	1425.05
-31892.0	7488.0	279.097	1384.26
-31892.0	7488.0	277.8	1393.6
-31892.0	7488.0	276.502	1385.59
-31892.0	7488.0	275.205	1408.42
-31892.0	7488.0	273.907	1371.52
-31892.0	7488.0	272.609	1371.22
-31892.0	7488.0	271.311	1415.22
-31892.0	7488.0	270.012	1411.06
-31892.0	7488.0	268.713	1378.04
-31892.0	7488.0	267.414	1383.52
-31892.0	7488.0	266.114	1346.67
-31892.0	7488.0	264.814	1346.38
-31892.0	7488.0	263.514	1351.87
-31892.0	7488.0	262.214	1365.03
-31892.0	7488.0	260.913	1366.66
-31892.0	7488.0	259.613	1326.01
-31892.0	7488.0	258.311	1321.89
-31892.0	7488.0	257.01	1310.08
-31892.0	7488.0	255.708	1344.37
-31892.0	7488.0	254.406	1353.68
-31892.0	7488.0	253.104	1336.11
-31892.0	7488.0	251.801	1385.73
-31892.0	7488.0	250.499	1301.0
-31892.0	7488.0	249.195	1356.36
-31892.0	7488.0	247.892	1342.64
-31892.0	7488.0	246.588	1374.95
-31892.0	7488.0	245.284	1357.4
-31892.0	7488.0	243.98	1339.86
-31892.0	7488.0	242.676	1329.99
-31892.0	7488.0	241.371	1358.45
-31892.0	7488.0	240.066	1354.32
-31892.0	7488.0	238.76	1396.17
-31892.0	7488.0	237.455	1351.83
-31892.0	7488.0	236.149	1364.94
-31892.0	7488.0	234.843	1328.28
-31892.0	7488.0	233.536	1308.86
-31892.0	7488.0	232.229	1356.41
-31892.0	7488.0	230.922	1356.12
-31892.0	7488.0	229.615	1338.61
-31892.0	7488.0	228.307	1351.71
-31892.0	7488.0	227.0	1336.13
-31892.0	7488.0	225.691	1324.37
-31892.0	7488.0	224.383	1289.7
-31892.0	7488.0	223.074	1312.34
-31892.0	7488.0	221.765	1245.22
-31892.0	7488.0	220.456	1243.04
-31892.0	7488.0	219.146	1279.04
-31892.0	7488.0	217.836	1336.03
-31892.0	7488.0	216.526	1284.22
-31892.0	7488.0	215.216	1325.92
-31892.0	7488.0	213.905	1256.96
-31892.0	7488.0	212.594	1231.9
-31892.0	7488.0	211.283	1342.22
-31892.0	7488.0	209.971	1315.24
-31892.0	7488.0	208.66	1261.6
-31892.0	7488.0	207.348	1261.33
-31892.0	7488.0	206.035	1314.4
-31892.0	7488.0	204.722	1266.5
-31892.0	7488.0	203.409	1296.69
-31892.0	7488.0	202.096	1305.93
-31892.0	7488.0	200.783	1320.88
-31892.0	7488.0	199.469	1305.37
-31892.0	7488.0	198.155	1227.09
-31892.0	7488.0	196.84	1262.96
-31892.0	7488.0	195.526	1249.38
-31892.0	7488.0	194.211	1285.24
-31892.0	7488.0	192.896	1264.05
-31892.0	7488.0	191.58	1394.91
-31892.0	7488.0	190.264	1312.91
-31892.0	7488.0	188.948	1282.23
-31892.0	7488.0	187.632	1257.26
-31892.0	7488.0	186.315	1253.2
-31892.0	7488.0	184.998	1317.47
-31892.0	7488.0	183.681	1303.9
-31892.0	7488.0	182.364	1294.13
-31892.0	7488.0	181.046	1310.93
-31892.0	7488.0	179.728	1340.99
-31892.0	7488.0	178.41	1291.4
-31892.0	7488.0	177.091	1315.77
-31892.0	7488.0	175.772	1300.32
-31892.0	7488.0	174.453	1210.97
-31892.0	7488.0	173.133	1294.08
-31892.0	7488.0	171.814	1290.01
-31892.0	7488.0	170.494	1310.56
-31892.0	7488.0	169.173	1306.5
-31892.0	7488.0	167.853	1302.43
-31892.0	7488.0	166.532	1285.11
-31892.0	7488.0	165.211	1320.79
-31892.0	7488.0	163.889	1254.29
-31892.0	7488.0	162.567	1291.85
-31892.0	7488.0	161.245	1295.35
-31892.0	7488.0	159.923	1285.62
-31892.0	7488.0	158.6	1304.24
-31892.0	7488.0	157.278	1366.33
-31892.0	7488.0	155.954	1307.46
-31892.0	7488.0	154.631	1380.85
-31892.0	7488.0	153.307	1333.34
-31892.0	7488.0	151.983	1293.4
-31892.0	7488.0	150.659	1306.33
-31892.0	7488.0	149.334	1372.11
-31892.0	7488.0	148.009	1292.56
-31892.0	7488.0	146.684	1339.44
-31892.0	7488.0	145.359	1341.04
-31892.0	7488.0	144.033	1331.32
-31892.0	7488.0	142.707	1348.0
-31892.0	7488.0	141.381	1415.57
-31892.0	7488.0	140.054	1305.96
-31892.0	7488.0	138.727	1345.25
-31892.0	7488.0	137.4	1331.77
-31892.0	7488.0	136.072	1295.7
-31892.0	7488.0	134.745	1284.12
-31892.0	7488.0	133.417	1370.44
-31892.0	7488.0	132.088	1379.56
-31892.0	7488.0	130.76	1396.19
-31892.0	7488.0	129.431	1356.39
-31892.0	7488.0	128.102	1369.26
-31892.0	7488.0	126.772	1402.81
-31892.0	7488.0	125.442	1421.31
-31892.0	7488.0	124.112	1364.61
-31892.0	7488.0	122.782	1377.47
-31892.0	7488.0	121.451	1386.57
-31892.0	7488.0	120.12	1365.61
-31892.0	7488.0	118.789	1384.09
-31892.0	7488.0	117.458	1357.51
-31892.0	7488.0	116.126	1336.56
-31892.0	7488.0	114.794	1325.01
-31892.0	7488.0	113.462	1343.49
-31892.0	7488.0	112.129	1375.09
-31892.0	7488.0	110.796	1372.92
-31892.0	7488.0	109.463	1378.25
-31892.0	7488.0	108.129	1376.08
-31892.0	7488.0	106.796	1300.81
-31892.0	7488.0	105.461	1300.53
-31892.0	7488.0	104.127	1305.87
-31892.0	7488.0	102.792	1292.47
-31892.0	7488.0	101.457	1249.12
-31892.0	7488.0	100.122	1200.17
-31892.0	7488.0	98.7867	1231.73
-31892.0	7488.0	97.4509	1212.75
-31892.0	7488.0	96.1148	1165.71
-31892.0	7488.0	94.7784	1174.81
-31892.0	7488.0	93.4418	1163.34
-31892.0	7488.0	92.1048	1110.73
-31892.0	7488.0	90.7676	1138.53
-31892.0	7488.0	89.43	1117.72
-31892.0	7488.0	88.0922	1121.22
-31892.0	7488.0	86.7541	1100.43
-31892.0	7488.0	85.4157	1070.3
