-31890.0	7500.0	1311.89	1269.69
-31890.0	7500.0	1310.78	1267.22
-31890.0	7500.0	1309.68	1244.31
-31890.0	7500.0	1308.58	1235.03
-31890.0	7500.0	1307.48	1305.2
-31890.0	7500.0	1306.38	1257.33
-31890.0	7500.0	1305.28	1225.36
-31890.0	7500.0	1304.18	1263.73
-31890.0	7500.0	1303.07	1222.7
-31890.0	7500.0	1301.97	1286.01
-31890.0	7500.0	1300.87	1315.28
-31890.0	7500.0	1299.77	1262.92
-31890.0	7500.0	1298.66	1280.86
-31890.0	7500.0	1297.56	1321.45
-31890.0	7500.0	1296.46	1296.31
-31890.0	7500.0	1295.35	1241.72
-31890.0	7500.0	1294.25	1270.97
-31890.0	7500.0	1293.15	1234.52
-31890.0	7500.0	1292.04	1295.48
-31890.0	7500.0	1290.94	1220.54
-31890.0	7500.0	1289.83	1233.93
-31890.0	7500.0	1288.73	1256.37
-31890.0	7500.0	1287.63	1281.06
-31890.0	7500.0	1286.52	1246.91
-31890.0	7500.0	1285.42	1246.71
-31890.0	7500.0	1284.31	1264.61
-31890.0	7500.0	1283.21	1203.33
-31890.0	7500.0	1282.1	1259.68
-31890.0	7500.0	1280.99	1236.86
-31890.0	7500.0	1279.89	1225.36
-31890.0	7500.0	1278.78	1182.21
-31890.0	7500.0	1277.68	1258.86
-31890.0	7500.0	1276.57	1229.28
-31890.0	7500.0	1275.46	1278.79
-31890.0	7500.0	1274.36	1269.55
-31890.0	7500.0	1273.25	1300.96
-31890.0	7500.0	1272.14	1309.78
-31890.0	7500.0	1271.04	1230.55
-31890.0	7500.0	1269.93	1203.26
-31890.0	7500.0	1268.82	1236.92
-31890.0	7500.0	1267.71	1241.23
-31890.0	7500.0	1266.61	1261.34
-31890.0	7500.0	1265.5	1225.04
-31890.0	7500.0	1264.39	1206.79
-31890.0	7500.0	1263.28	1161.49
-31890.0	7500.0	1262.17	1219.93
-31890.0	7500.0	1261.06	1237.77
-31890.0	7500.0	1259.95	1230.8
-31890.0	7500.0	1258.84	1226.1
-31890.0	7500.0	1257.74	1221.39
-31890.0	7500.0	1256.63	1144.58
-31890.0	7500.0	1255.52	1214.23
-31890.0	7500.0	1254.41	1252.33
-31890.0	7500.0	1253.3	1200.33
-31890.0	7500.0	1252.19	1229.4
-31890.0	7500.0	1251.08	1238.21
-31890.0	7500.0	1249.96	1247.01
-31890.0	7500.0	1248.85	1206.29
-31890.0	7500.0	1247.74	1199.35
-31890.0	7500.0	1246.63	1239.65
-31890.0	7500.0	1245.52	1232.7
-31890.0	7500.0	1244.41	1162.77
-31890.0	7500.0	1243.3	1239.04
-31890.0	7500.0	1242.18	1178.13
-31890.0	7500.0	1241.07	1254.37
-31890.0	7500.0	1239.96	1215.95
-31890.0	7500.0	1238.85	1218.0
-31890.0	7500.0	1237.74	1206.57
-31890.0	7500.0	1236.62	1222.1
-31890.0	7500.0	1235.51	1266.82
-31890.0	7500.0	1234.4	1223.94
-31890.0	7500.0	1233.28	1183.32
-31890.0	7500.0	1232.17	1205.58
-31890.0	7500.0	1231.06	1205.38
-31890.0	7500.0	1229.94	1182.74
-31890.0	7500.0	1228.83	1135.42
-31890.0	7500.0	1227.71	1222.73
-31890.0	7500.0	1226.6	1204.59
-31890.0	7500.0	1225.48	1193.17
-31890.0	7500.0	1224.37	1240.07
-31890.0	7500.0	1223.25	1228.65
-31890.0	7500.0	1222.14	1255.35
-31890.0	7500.0	1221.02	1201.35
-31890.0	7500.0	1219.91	1163.06
-31890.0	7500.0	1218.79	1212.16
-31890.0	7500.0	1217.68	1252.28
-31890.0	7500.0	1216.56	1166.96
-31890.0	7500.0	1215.44	1182.45
-31890.0	7500.0	1214.33	1186.73
-31890.0	7500.0	1213.21	1195.49
-31890.0	7500.0	1212.09	1202.0
-31890.0	7500.0	1210.98	1217.47
-31890.0	7500.0	1209.86	1143.43
-31890.0	7500.0	1208.74	1194.7
-31890.0	7500.0	1207.62	1212.39
-31890.0	7500.0	1206.51	1174.17
-31890.0	7500.0	1205.39	1176.21
-31890.0	7500.0	1204.27	1133.54
-31890.0	7500.0	1203.15	1247.35
-31890.0	7500.0	1202.03	1197.98
-31890.0	7500.0	1200.91	1253.64
-31890.0	7500.0	1199.8	1141.72
-31890.0	7500.0	1198.68	1186.21
-31890.0	7500.0	1197.56	1190.48
-31890.0	7500.0	1196.44	1196.98
-31890.0	7500.0	1195.32	1149.89
-31890.0	7500.0	1194.2	1149.7
-31890.0	7500.0	1193.08	1187.45
-31890.0	7500.0	1191.96	1167.17
-31890.0	7500.0	1190.84	1153.59
-31890.0	7500.0	1189.72	1173.47
-31890.0	7500.0	1188.6	1202.28
-31890.0	7500.0	1187.48	1206.54
-31890.0	7500.0	1186.35	1175.12
-31890.0	7500.0	1185.23	1166.0
-31890.0	7500.0	1184.11	1159.12
-31890.0	7500.0	1182.99	1187.9
-31890.0	7500.0	1181.87	1118.62
-31890.0	7500.0	1180.75	1142.94
-31890.0	7500.0	1179.62	1124.93
-31890.0	7500.0	1178.5	1207.15
-31890.0	7500.0	1177.38	1218.08
-31890.0	7500.0	1176.26	1251.27
-31890.0	7500.0	1175.13	1184.28
-31890.0	7500.0	1174.01	1184.08
-31890.0	7500.0	1172.89	1168.31
-31890.0	7500.0	1171.76	1183.68
-31890.0	7500.0	1170.64	1163.46
-31890.0	7500.0	1169.51	1154.37
-31890.0	7500.0	1168.39	1187.54
-31890.0	7500.0	1167.27	1187.34
-31890.0	7500.0	1166.14	1149.34
-31890.0	7500.0	1165.02	1144.7
-31890.0	7500.0	1163.89	1148.96
-31890.0	7500.0	1162.77	1168.76
-31890.0	7500.0	1161.64	1186.34
-31890.0	7500.0	1160.52	1128.38
-31890.0	7500.0	1159.39	1172.61
-31890.0	7500.0	1158.26	1150.21
-31890.0	7500.0	1157.14	1123.37
-31890.0	7500.0	1156.01	1180.9
-31890.0	7500.0	1154.88	1162.94
-31890.0	7500.0	1153.76	1156.09
-31890.0	7500.0	1152.63	1151.46
-31890.0	7500.0	1151.5	1184.53
-31890.0	7500.0	1150.38	1139.98
-31890.0	7500.0	1149.25	1170.83
-31890.0	7500.0	1148.12	1152.89
-31890.0	7500.0	1146.99	1161.56
-31890.0	7500.0	1145.87	1125.91
-31890.0	7500.0	1144.74	1187.76
-31890.0	7500.0	1143.61	1156.54
-31890.0	7500.0	1142.48	1160.78
-31890.0	7500.0	1141.35	1134.0
-31890.0	7500.0	1140.22	1131.59
-31890.0	7500.0	1139.09	1164.61
-31890.0	7500.0	1137.97	1133.42
-31890.0	7500.0	1136.84	1230.62
-31890.0	7500.0	1135.71	1139.68
-31890.0	7500.0	1134.58	1137.27
-31890.0	7500.0	1133.45	1112.74
-31890.0	7500.0	1132.32	1201.03
-31890.0	7500.0	1131.19	1161.01
-31890.0	7500.0	1130.05	1076.8
-31890.0	7500.0	1128.92	1171.67
-31890.0	7500.0	1127.79	1100.74
-31890.0	7500.0	1126.66	1122.65
-31890.0	7500.0	1125.53	1157.81
-31890.0	7500.0	1124.4	1131.11
-31890.0	7500.0	1123.27	1181.72
-31890.0	7500.0	1122.13	1161.64
-31890.0	7500.0	1121.0	1086.36
-31890.0	7500.0	1119.87	1070.72
-31890.0	7500.0	1118.74	1121.31
-31890.0	7500.0	1117.6	1156.43
-31890.0	7500.0	1116.47	1120.92
-31890.0	7500.0	1115.34	1136.18
-31890.0	7500.0	1114.2	1140.39
-31890.0	7500.0	1113.07	1129.17
-31890.0	7500.0	1111.94	1166.46
-31890.0	7500.0	1110.8	1117.76
-31890.0	7500.0	1109.67	1148.43
-31890.0	7500.0	1108.54	1104.15
-31890.0	7500.0	1107.4	1200.92
-31890.0	7500.0	1106.27	1139.02
-31890.0	7500.0	1105.13	1132.22
-31890.0	7500.0	1104.0	1127.62
-31890.0	7500.0	1102.86	1089.99
-31890.0	7500.0	1101.72	1147.04
-31890.0	7500.0	1100.59	1098.42
-31890.0	7500.0	1099.45	1140.05
-31890.0	7500.0	1098.32	1109.04
-31890.0	7500.0	1097.18	1159.45
-31890.0	7500.0	1096.04	1117.46
-31890.0	7500.0	1094.91	1154.65
-31890.0	7500.0	1093.77	1167.65
-31890.0	7500.0	1092.63	1156.45
-31890.0	7500.0	1091.5	1191.42
-31890.0	7500.0	1090.36	1127.48
-31890.0	7500.0	1089.22	1116.3
-31890.0	7500.0	1088.08	1111.71
-31890.0	7500.0	1086.95	1082.96
-31890.0	7500.0	1085.81	1126.7
-31890.0	7500.0	1084.67	1225.32
-31890.0	7500.0	1083.53	1128.51
-31890.0	7500.0	1082.39	1049.28
-31890.0	7500.0	1081.25	1051.3
-31890.0	7500.0	1080.11	1138.89
-31890.0	7500.0	1078.97	1151.86
-31890.0	7500.0	1077.83	1232.82
-31890.0	7500.0	1076.69	1136.1
-31890.0	7500.0	1075.55	1098.63
-31890.0	7500.0	1074.41	1133.51
-31890.0	7500.0	1073.27	1155.24
-31890.0	7500.0	1072.13	1095.86
-31890.0	7500.0	1070.99	1113.2
-31890.0	7500.0	1069.85	1113.01
-31890.0	7500.0	1068.71	1093.1
-31890.0	7500.0	1067.57	1044.72
-31890.0	7500.0	1066.43	1083.96
-31890.0	7500.0	1065.28	1169.15
-31890.0	7500.0	1064.14	1147.06
-31890.0	7500.0	1063.0	1103.09
-31890.0	7500.0	1061.86	1089.76
-31890.0	7500.0	1060.71	1078.63
-31890.0	7500.0	1059.57	1074.07
-31890.0	7500.0	1058.43	1084.82
-31890.0	7500.0	1057.29	1082.44
-31890.0	7500.0	1056.14	1095.37
-31890.0	7500.0	1055.0	1040.53
-31890.0	7500.0	1053.85	1088.43
-31890.0	7500.0	1052.71	1096.98
-31890.0	7500.0	1051.57	1098.97
-31890.0	7500.0	1050.42	1081.3
-31890.0	7500.0	1049.28	1050.53
-31890.0	7500.0	1048.13	1041.62
-31890.0	7500.0	1046.99	1074.18
-31890.0	7500.0	1045.84	1056.53
-31890.0	7500.0	1044.7	1051.98
-31890.0	7500.0	1043.55	1115.08
-31890.0	7500.0	1042.4	1099.61
-31890.0	7500.0	1041.26	1075.42
-31890.0	7500.0	1040.11	1066.5
-31890.0	7500.0	1038.97	1088.12
-31890.0	7500.0	1037.82	1148.98
-31890.0	7500.0	1036.67	1122.62
-31890.0	7500.0	1035.53	1163.83
-31890.0	7500.0	1034.38	1139.65
-31890.0	7500.0	1033.23	1069.73
-31890.0	7500.0	1032.08	1158.85
-31890.0	7500.0	1030.94	1082.42
-31890.0	7500.0	1029.79	1160.62
-31890.0	7500.0	1028.64	1145.18
-31890.0	7500.0	1027.49	1105.79
-31890.0	7500.0	1026.34	1155.65
-31890.0	7500.0	1025.19	1177.21
-31890.0	7500.0	1024.04	1089.98
-31890.0	7500.0	1022.89	1183.32
-31890.0	7500.0	1021.74	1115.69
-31890.0	7500.0	1020.59	1158.98
-31890.0	7500.0	1019.45	1097.9
-31890.0	7500.0	1018.29	1104.22
-31890.0	7500.0	1017.14	1125.76
-31890.0	7500.0	1015.99	1162.5
-31890.0	7500.0	1014.84	1197.05
-31890.0	7500.0	1013.69	1229.42
-31890.0	7500.0	1012.54	1168.39
-31890.0	7500.0	1011.39	1163.84
-31890.0	7500.0	1010.24	1202.71
-31890.0	7500.0	1009.09	1182.96
-31890.0	7500.0	1007.93	1204.46
-31890.0	7500.0	1006.78	1234.62
-31890.0	7500.0	1005.63	1210.53
-31890.0	7500.0	1004.48	1212.49
-31890.0	7500.0	1003.32	1181.91
-31890.0	7500.0	1002.17	1248.91
-31890.0	7500.0	1001.02	1194.49
-31890.0	7500.0	999.865	1196.45
-31890.0	7500.0	998.711	1215.74
-31890.0	7500.0	997.558	1263.19
-31890.0	7500.0	996.403	1245.63
-31890.0	7500.0	995.249	1260.57
-31890.0	7500.0	994.095	1314.48
-31890.0	7500.0	992.94	1344.56
-31890.0	7500.0	991.785	1337.82
-31890.0	7500.0	990.63	1313.78
-31890.0	7500.0	989.475	1415.25
-31890.0	7500.0	988.319	1373.88
-31890.0	7500.0	987.164	1432.04
-31890.0	7500.0	986.008	1496.67
-31890.0	7500.0	984.852	1444.5
-31890.0	7500.0	983.695	1455.05
-31890.0	7500.0	982.539	1489.38
-31890.0	7500.0	981.382	1502.08
-31890.0	7500.0	980.225	1493.17
-31890.0	7500.0	979.068	1503.7
-31890.0	7500.0	977.911	1473.19
-31890.0	7500.0	976.753	1539.87
-31890.0	7500.0	975.595	1435.95
-31890.0	7500.0	974.437	1498.3
-31890.0	7500.0	973.279	1554.15
-31890.0	7500.0	972.121	1530.13
-31890.0	7500.0	970.962	1521.22
-31890.0	7500.0	969.803	1555.46
-31890.0	7500.0	968.644	1587.54
-31890.0	7500.0	967.485	1559.21
-31890.0	7500.0	966.326	1515.81
-31890.0	7500.0	965.166	1552.18
-31890.0	7500.0	964.006	1566.99
-31890.0	7500.0	962.846	1525.76
-31890.0	7500.0	961.686	1577.19
-31890.0	7500.0	960.525	1514.44
-31890.0	7500.0	959.365	1570.16
-31890.0	7500.0	958.204	1608.64
-31890.0	7500.0	957.043	1545.91
-31890.0	7500.0	955.881	1590.83
-31890.0	7500.0	954.72	1575.48
-31890.0	7500.0	953.558	1570.89
-31890.0	7500.0	952.396	1577.06
-31890.0	7500.0	951.234	1561.71
-31890.0	7500.0	950.071	1585.09
-31890.0	7500.0	948.909	1608.45
-31890.0	7500.0	947.746	1580.21
-31890.0	7500.0	946.583	1635.81
-31890.0	7500.0	945.42	1607.57
-31890.0	7500.0	944.256	1635.21
-31890.0	7500.0	943.092	1637.06
-31890.0	7500.0	941.929	1570.18
-31890.0	7500.0	940.765	1612.84
-31890.0	7500.0	939.6	1657.64
-31890.0	7500.0	938.436	1674.51
-31890.0	7500.0	937.271	1648.45
-31890.0	7500.0	936.106	1553.72
-31890.0	7500.0	934.941	1553.44
-31890.0	7500.0	933.775	1433.02
-31890.0	7500.0	932.61	1364.12
-31890.0	7500.0	931.444	1312.41
-31890.0	7500.0	930.278	1331.46
-31890.0	7500.0	929.112	1286.2
-31890.0	7500.0	927.945	1208.81
-31890.0	7500.0	926.779	1223.58
-31890.0	7500.0	925.612	1176.23
-31890.0	7500.0	924.445	1163.16
-31890.0	7500.0	923.278	1120.11
-31890.0	7500.0	922.11	1124.19
-31890.0	7500.0	920.942	1123.98
-31890.0	7500.0	919.774	1151.6
-31890.0	7500.0	918.606	1140.69
-31890.0	7500.0	917.438	1185.41
-31890.0	7500.0	916.269	1150.96
-31890.0	7500.0	915.1	1148.61
-31890.0	7500.0	913.931	1131.29
-31890.0	7500.0	912.762	1094.74
-31890.0	7500.0	911.593	1107.36
-31890.0	7500.0	910.423	1105.02
-31890.0	7500.0	909.253	1068.49
-31890.0	7500.0	908.083	1070.43
-31890.0	7500.0	906.913	1134.31
-31890.0	7500.0	905.742	1099.93
-31890.0	7500.0	904.572	1104.0
-31890.0	7500.0	903.401	1101.66
-31890.0	7500.0	902.229	1114.26
-31890.0	7500.0	901.058	1073.51
-31890.0	7500.0	899.886	1092.51
-31890.0	7500.0	898.715	1030.44
-31890.0	7500.0	897.543	1011.05
-31890.0	7500.0	896.37	1076.98
-31890.0	7500.0	895.198	1063.99
-31890.0	7500.0	894.025	1100.03
-31890.0	7500.0	892.852	1123.27
-31890.0	7500.0	891.679	1052.74
-31890.0	7500.0	890.506	1067.46
-31890.0	7500.0	889.332	1065.13
-31890.0	7500.0	888.158	1050.02
-31890.0	7500.0	886.984	1105.19
-31890.0	7500.0	885.81	1066.66
-31890.0	7500.0	884.636	1096.27
-31890.0	7500.0	883.461	1108.83
-31890.0	7500.0	882.286	1066.07
-31890.0	7500.0	881.111	1089.27
-31890.0	7500.0	879.936	1042.27
-31890.0	7500.0	878.76	1035.7
-31890.0	7500.0	877.584	1063.15
-31890.0	7500.0	876.408	1043.82
-31890.0	7500.0	875.232	1058.5
-31890.0	7500.0	874.056	1066.8
-31890.0	7500.0	872.879	1019.86
-31890.0	7500.0	871.702	1030.29
-31890.0	7500.0	870.525	1078.95
-31890.0	7500.0	869.348	1029.91
-31890.0	7500.0	868.17	1076.42
-31890.0	7500.0	866.993	1046.5
-31890.0	7500.0	865.815	1118.46
-31890.0	7500.0	864.637	1077.94
-31890.0	7500.0	863.458	1058.64
-31890.0	7500.0	862.28	1026.63
-31890.0	7500.0	861.101	1054.0
-31890.0	7500.0	859.922	1024.12
-31890.0	7500.0	858.742	1068.45
-31890.0	7500.0	857.563	1011.02
-31890.0	7500.0	856.383	1106.19
-31890.0	7500.0	855.203	1072.08
-31890.0	7500.0	854.023	1086.71
-31890.0	7500.0	852.843	1052.62
-31890.0	7500.0	851.662	1060.89
-31890.0	7500.0	850.481	992.943
-31890.0	7500.0	849.3	1071.08
-31890.0	7500.0	848.119	1108.97
-31890.0	7500.0	846.937	1070.67
-31890.0	7500.0	845.756	1038.74
-31890.0	7500.0	844.574	1015.28
-31890.0	7500.0	843.392	1095.44
-31890.0	7500.0	842.209	1025.46
-31890.0	7500.0	841.027	1099.26
-31890.0	7500.0	839.844	1048.33
-31890.0	7500.0	838.661	1046.02
-31890.0	7500.0	837.477	1031.03
-31890.0	7500.0	836.294	1018.16
-31890.0	7500.0	835.11	1049.65
-31890.0	7500.0	833.926	1062.12
-31890.0	7500.0	832.742	1070.36
-31890.0	7500.0	831.558	1091.27
-31890.0	7500.0	830.373	1107.94
-31890.0	7500.0	829.188	1042.32
-31890.0	7500.0	828.003	1042.13
-31890.0	7500.0	826.818	1010.29
-31890.0	7500.0	825.632	1067.04
-31890.0	7500.0	824.446	1102.68
-31890.0	7500.0	823.26	1070.85
-31890.0	7500.0	822.074	1030.6
-31890.0	7500.0	820.888	1003.01
-31890.0	7500.0	819.701	1047.06
-31890.0	7500.0	818.514	1063.71
-31890.0	7500.0	817.327	1093.0
-31890.0	7500.0	816.14	1126.48
-31890.0	7500.0	814.952	1115.74
-31890.0	7500.0	813.765	1048.17
-31890.0	7500.0	812.577	1087.95
-31890.0	7500.0	811.388	1079.33
-31890.0	7500.0	810.2	1034.95
-31890.0	7500.0	809.011	1045.27
-31890.0	7500.0	807.822	1015.63
-31890.0	7500.0	806.633	1093.22
-31890.0	7500.0	805.444	1067.79
-31890.0	7500.0	804.254	1052.88
-31890.0	7500.0	803.064	1050.58
-31890.0	7500.0	801.874	1044.07
-31890.0	7500.0	800.684	1014.47
-31890.0	7500.0	799.493	1045.77
-31890.0	7500.0	798.303	1060.27
-31890.0	7500.0	797.112	1055.87
-31890.0	7500.0	795.921	1074.56
-31890.0	7500.0	794.729	1072.25
-31890.0	7500.0	793.538	1074.14
-31890.0	7500.0	792.346	1031.99
-31890.0	7500.0	791.154	1073.73
-31890.0	7500.0	789.961	1073.53
-31890.0	7500.0	788.769	1056.55
-31890.0	7500.0	787.576	1052.16
-31890.0	7500.0	786.383	1022.62
-31890.0	7500.0	785.19	1022.42
-31890.0	7500.0	783.996	1024.32
-31890.0	7500.0	782.802	1017.84
-31890.0	7500.0	781.608	1051.14
-31890.0	7500.0	780.414	1021.63
-31890.0	7500.0	779.22	1027.72
-31890.0	7500.0	778.025	1027.52
-31890.0	7500.0	776.83	1035.69
-31890.0	7500.0	775.635	1012.48
-31890.0	7500.0	774.44	1014.38
-31890.0	7500.0	773.244	1041.36
-31890.0	7500.0	772.049	1049.53
-31890.0	7500.0	770.853	1030.51
-31890.0	7500.0	769.656	1070.02
-31890.0	7500.0	768.46	1032.2
-31890.0	7500.0	767.263	1042.45
-31890.0	7500.0	766.066	1035.98
-31890.0	7500.0	764.869	1048.31
-31890.0	7500.0	763.672	1075.25
-31890.0	7500.0	762.474	1033.29
-31890.0	7500.0	761.276	1033.09
-31890.0	7500.0	760.078	1005.77
-31890.0	7500.0	758.88	1016.0
-31890.0	7500.0	757.681	1030.41
-31890.0	7500.0	756.483	1082.34
-31890.0	7500.0	755.284	1059.2
-31890.0	7500.0	754.084	1044.4
-31890.0	7500.0	752.885	1040.03
-31890.0	7500.0	751.685	1098.18
-31890.0	7500.0	750.485	1031.29
-31890.0	7500.0	749.285	1035.26
-31890.0	7500.0	748.085	1055.88
-31890.0	7500.0	746.884	1032.77
-31890.0	7500.0	745.683	1045.06
-31890.0	7500.0	744.482	1038.62
-31890.0	7500.0	743.281	969.743
-31890.0	7500.0	742.079	1015.33
-31890.0	7500.0	740.877	1025.53
-31890.0	7500.0	739.675	1075.25
-31890.0	7500.0	738.473	991.861
-31890.0	7500.0	737.27	975.036
-31890.0	7500.0	736.068	1014.34
-31890.0	7500.0	734.865	974.656
-31890.0	7500.0	733.661	999.399
-31890.0	7500.0	732.458	1030.36
-31890.0	7500.0	731.254	974.086
-31890.0	7500.0	730.05	1000.89
-31890.0	7500.0	728.846	1027.68
-31890.0	7500.0	727.642	994.272
-31890.0	7500.0	726.437	1002.38
-31890.0	7500.0	725.232	1054.06
-31890.0	7500.0	724.027	1020.66
-31890.0	7500.0	722.822	1024.61
-31890.0	7500.0	721.616	1016.11
-31890.0	7500.0	720.41	1026.28
-31890.0	7500.0	719.204	1003.28
-31890.0	7500.0	717.998	945.05
-31890.0	7500.0	716.791	1052.61
-31890.0	7500.0	715.585	1060.69
-31890.0	7500.0	714.378	1124.69
-31890.0	7500.0	713.17	1047.85
-31890.0	7500.0	711.963	1039.36
-31890.0	7500.0	710.755	1018.46
-31890.0	7500.0	709.547	1028.61
-31890.0	7500.0	708.339	1024.27
-31890.0	7500.0	707.131	1048.89
-31890.0	7500.0	705.922	1056.96
-31890.0	7500.0	704.713	1056.75
-31890.0	7500.0	703.504	1050.34
-31890.0	7500.0	702.295	1019.13
-31890.0	7500.0	701.085	1039.59
-31890.0	7500.0	699.875	1035.26
-31890.0	7500.0	698.665	1010.26
-31890.0	7500.0	697.455	1008.0
-31890.0	7500.0	696.244	1030.51
-31890.0	7500.0	695.034	1088.12
-31890.0	7500.0	693.822	1083.78
-31890.0	7500.0	692.611	1025.78
-31890.0	7500.0	691.4	1048.27
-31890.0	7500.0	690.188	1064.57
-31890.0	7500.0	688.976	1060.24
-31890.0	7500.0	687.764	1070.34
-31890.0	7500.0	686.551	1092.81
-31890.0	7500.0	685.339	1107.02
-31890.0	7500.0	684.126	1075.89
-31890.0	7500.0	682.912	1046.82
-31890.0	7500.0	681.699	1110.49
-31890.0	7500.0	680.485	1054.65
-31890.0	7500.0	679.271	1101.81
-31890.0	7500.0	678.057	1111.88
-31890.0	7500.0	676.843	1072.55
-31890.0	7500.0	675.628	1109.39
-31890.0	7500.0	674.413	1045.37
-31890.0	7500.0	673.198	1111.0
-31890.0	7500.0	671.983	1141.64
-31890.0	7500.0	670.767	1143.47
-31890.0	7500.0	669.551	1085.67
-31890.0	7500.0	668.335	1089.56
-31890.0	7500.0	667.119	1060.57
-31890.0	7500.0	665.902	1058.31
-31890.0	7500.0	664.686	1093.02
-31890.0	7500.0	663.469	1111.29
-31890.0	7500.0	662.251	1100.8
-31890.0	7500.0	661.034	1038.98
-31890.0	7500.0	659.816	1057.25
-31890.0	7500.0	658.598	1091.94
-31890.0	7500.0	657.38	1042.47
-31890.0	7500.0	656.161	1048.42
-31890.0	7500.0	654.942	1113.85
-31890.0	7500.0	653.723	1130.03
-31890.0	7500.0	652.504	1084.7
-31890.0	7500.0	651.285	1076.28
-31890.0	7500.0	650.065	1078.12
-31890.0	7500.0	648.845	1057.41
-31890.0	7500.0	647.625	1003.93
-31890.0	7500.0	646.404	1069.28
-31890.0	7500.0	645.184	1075.21
-31890.0	7500.0	643.963	1091.37
-31890.0	7500.0	642.742	1050.21
-31890.0	7500.0	641.52	1078.66
-31890.0	7500.0	640.298	1064.11
-31890.0	7500.0	639.076	1090.5
-31890.0	7500.0	637.854	1069.83
-31890.0	7500.0	636.632	1096.2
-31890.0	7500.0	635.409	1110.29
-31890.0	7500.0	634.186	1099.85
-31890.0	7500.0	632.963	1038.31
-31890.0	7500.0	631.74	1111.67
-31890.0	7500.0	630.516	1064.45
-31890.0	7500.0	629.292	1074.45
-31890.0	7500.0	628.068	1174.31
-31890.0	7500.0	626.844	1084.23
-31890.0	7500.0	625.619	1145.26
-31890.0	7500.0	624.394	1122.58
-31890.0	7500.0	623.169	1114.19
-31890.0	7500.0	621.944	1144.57
-31890.0	7500.0	620.718	1081.1
-31890.0	7500.0	619.492	1054.37
-31890.0	7500.0	618.266	1121.45
-31890.0	7500.0	617.04	1086.57
-31890.0	7500.0	615.813	1108.77
-31890.0	7500.0	614.587	1118.73
-31890.0	7500.0	613.36	1069.61
-31890.0	7500.0	612.132	1087.73
-31890.0	7500.0	610.905	1056.96
-31890.0	7500.0	609.677	1060.82
-31890.0	7500.0	608.449	1091.14
-31890.0	7500.0	607.22	1129.59
-31890.0	7500.0	605.992	1078.49
-31890.0	7500.0	604.763	1090.48
-31890.0	7500.0	603.534	1086.19
-31890.0	7500.0	602.305	1118.51
-31890.0	7500.0	601.075	1110.15
-31890.0	7500.0	599.845	1079.44
-31890.0	7500.0	598.615	1075.15
-31890.0	7500.0	597.385	1060.71
-31890.0	7500.0	596.154	1076.75
-31890.0	7500.0	594.924	1107.0
-31890.0	7500.0	593.693	1086.47
-31890.0	7500.0	592.461	1110.61
-31890.0	7500.0	591.23	1088.06
-31890.0	7500.0	589.998	1085.81
-31890.0	7500.0	588.766	1109.94
-31890.0	7500.0	587.534	1087.4
-31890.0	7500.0	586.301	1127.74
-31890.0	7500.0	585.068	1121.43
-31890.0	7500.0	583.835	1050.24
-31890.0	7500.0	582.602	1070.3
-31890.0	7500.0	581.368	1114.67
-31890.0	7500.0	580.134	1092.15
-31890.0	7500.0	578.9	1071.67
-31890.0	7500.0	577.666	1077.53
-31890.0	7500.0	576.432	1061.11
-31890.0	7500.0	575.197	1056.85
-31890.0	7500.0	573.962	1117.36
-31890.0	7500.0	572.726	1019.99
-31890.0	7500.0	571.491	1094.65
-31890.0	7500.0	570.255	1062.06
-31890.0	7500.0	569.019	1084.09
-31890.0	7500.0	567.783	1073.76
-31890.0	7500.0	566.546	1186.76
-31890.0	7500.0	565.309	1150.13
-31890.0	7500.0	564.072	1141.81
-31890.0	7500.0	562.835	1161.78
-31890.0	7500.0	561.597	1125.19
-31890.0	7500.0	560.359	1131.02
-31890.0	7500.0	559.121	1175.21
-31890.0	7500.0	557.883	1118.44
-31890.0	7500.0	556.644	1122.25
-31890.0	7500.0	555.406	1124.04
-31890.0	7500.0	554.167	1196.44
-31890.0	7500.0	552.927	1222.42
-31890.0	7500.0	551.688	1171.75
-31890.0	7500.0	550.448	1234.02
-31890.0	7500.0	549.208	1251.91
-31890.0	7500.0	547.967	1243.59
-31890.0	7500.0	546.727	1225.2
-31890.0	7500.0	545.486	1218.91
-31890.0	7500.0	544.245	1264.99
-31890.0	7500.0	543.003	1266.74
-31890.0	7500.0	541.762	1314.81
-31890.0	7500.0	540.52	1306.49
-31890.0	7500.0	539.278	1318.29
-31890.0	7500.0	538.035	1414.61
-31890.0	7500.0	536.793	1460.59
-31890.0	7500.0	535.55	1585.0
-31890.0	7500.0	534.307	1594.73
-31890.0	7500.0	533.063	1680.86
-31890.0	7500.0	531.82	1839.32
-31890.0	7500.0	530.576	1965.56
-31890.0	7500.0	529.331	2202.26
-31890.0	7500.0	528.087	2507.17
-31890.0	7500.0	526.842	3083.1
-31890.0	7500.0	525.597	4168.86
-31890.0	7500.0	524.352	6256.03
-31890.0	7500.0	523.107	11548.0
-31890.0	7500.0	521.861	22830.3
-31890.0	7500.0	520.615	29539.3
-31890.0	7500.0	519.369	21496.9
-31890.0	7500.0	518.122	12802.0
-31890.0	7500.0	516.876	7724.16
-31890.0	7500.0	515.629	5290.72
-31890.0	7500.0	514.381	3902.58
-31890.0	7500.0	513.134	3078.14
-31890.0	7500.0	511.886	2586.62
-31890.0	7500.0	510.638	2265.58
-31890.0	7500.0	509.39	2062.84
-31890.0	7500.0	508.141	1864.18
-31890.0	7500.0	506.892	1801.74
-31890.0	7500.0	505.643	1695.28
-31890.0	7500.0	504.394	1562.86
-31890.0	7500.0	503.145	1534.53
-31890.0	7500.0	501.895	1434.2
-31890.0	7500.0	500.645	1383.91
-31890.0	7500.0	499.394	1397.62
-31890.0	7500.0	498.144	1389.33
-31890.0	7500.0	496.893	1285.12
-31890.0	7500.0	495.642	1290.84
-31890.0	7500.0	494.39	1292.58
-31890.0	7500.0	493.139	1340.25
-31890.0	7500.0	491.887	1278.06
-31890.0	7500.0	490.635	1297.76
-31890.0	7500.0	489.382	1293.5
-31890.0	7500.0	488.13	1233.36
-31890.0	7500.0	486.877	1290.97
-31890.0	7500.0	485.623	1242.83
-31890.0	7500.0	484.37	1240.57
-31890.0	7500.0	483.116	1248.29
-31890.0	7500.0	481.862	1186.23
-31890.0	7500.0	480.608	1219.87
-31890.0	7500.0	479.354	1267.44
-31890.0	7500.0	478.099	1173.54
-31890.0	7500.0	476.844	1237.04
-31890.0	7500.0	475.588	1230.81
-31890.0	7500.0	474.333	1208.65
-31890.0	7500.0	473.077	1192.47
-31890.0	7500.0	471.821	1176.3
-31890.0	7500.0	470.565	1156.16
-31890.0	7500.0	469.308	1179.79
-31890.0	7500.0	468.051	1225.3
-31890.0	7500.0	466.794	1189.24
-31890.0	7500.0	465.537	1173.09
-31890.0	7500.0	464.279	1218.57
-31890.0	7500.0	463.021	1158.69
-31890.0	7500.0	461.763	1190.24
-31890.0	7500.0	460.505	1166.15
-31890.0	7500.0	459.246	1155.98
-31890.0	7500.0	457.987	1120.0
-31890.0	7500.0	456.728	1228.96
-31890.0	7500.0	455.469	1246.57
-31890.0	7500.0	454.209	1210.59
-31890.0	7500.0	452.949	1182.55
-31890.0	7500.0	451.689	1188.26
-31890.0	7500.0	450.428	1189.99
-31890.0	7500.0	449.167	1189.75
-31890.0	7500.0	447.906	1163.73
-31890.0	7500.0	446.645	1199.16
-31890.0	7500.0	445.383	1200.89
-31890.0	7500.0	444.122	1212.53
-31890.0	7500.0	442.86	1230.1
-31890.0	7500.0	441.597	1198.16
-31890.0	7500.0	440.335	1221.67
-31890.0	7500.0	439.072	1249.13
-31890.0	7500.0	437.809	1233.03
-31890.0	7500.0	436.545	1292.14
-31890.0	7500.0	435.281	1236.47
-31890.0	7500.0	434.018	1238.19
-31890.0	7500.0	432.753	1279.46
-31890.0	7500.0	431.489	1210.0
-31890.0	7500.0	430.224	1257.18
-31890.0	7500.0	428.959	1316.21
-31890.0	7500.0	427.694	1215.16
-31890.0	7500.0	426.428	1248.49
-31890.0	7500.0	425.163	1226.51
-31890.0	7500.0	423.896	1242.05
-31890.0	7500.0	422.63	1200.33
-31890.0	7500.0	421.364	1255.34
-31890.0	7500.0	420.097	1282.71
-31890.0	7500.0	418.83	1219.3
-31890.0	7500.0	417.562	1236.8
-31890.0	7500.0	416.295	1287.82
-31890.0	7500.0	415.027	1214.59
-31890.0	7500.0	413.758	1210.39
-31890.0	7500.0	412.49	1237.73
-31890.0	7500.0	411.221	1253.24
-31890.0	7500.0	409.952	1249.03
-31890.0	7500.0	408.683	1240.89
-31890.0	7500.0	407.414	1222.91
-31890.0	7500.0	406.144	1262.03
-31890.0	7500.0	404.874	1232.24
-31890.0	7500.0	403.603	1241.82
-31890.0	7500.0	402.333	1227.78
-31890.0	7500.0	401.062	1266.87
-31890.0	7500.0	399.791	1302.0
-31890.0	7500.0	398.519	1291.9
-31890.0	7500.0	397.248	1260.17
-31890.0	7500.0	395.976	1236.32
-31890.0	7500.0	394.704	1239.99
-31890.0	7500.0	393.431	1247.59
-31890.0	7500.0	392.159	1247.32
-31890.0	7500.0	390.886	1313.83
-31890.0	7500.0	389.612	1288.03
-31890.0	7500.0	388.339	1234.76
-31890.0	7500.0	387.065	1256.09
-31890.0	7500.0	385.791	1255.82
-31890.0	7500.0	384.517	1277.14
-31890.0	7500.0	383.242	1214.1
-31890.0	7500.0	381.967	1256.99
-31890.0	7500.0	380.692	1276.33
-31890.0	7500.0	379.417	1268.22
-31890.0	7500.0	378.141	1342.42
-31890.0	7500.0	376.865	1226.54
-31890.0	7500.0	375.589	1238.03
-31890.0	7500.0	374.312	1216.23
-31890.0	7500.0	373.035	1319.75
-31890.0	7500.0	371.758	1272.49
-31890.0	7500.0	370.481	1297.66
-31890.0	7500.0	369.204	1289.56
-31890.0	7500.0	367.926	1338.2
-31890.0	7500.0	366.648	1306.62
-31890.0	7500.0	365.369	1286.79
-31890.0	7500.0	364.091	1290.43
-31890.0	7500.0	362.812	1294.06
-31890.0	7500.0	361.532	1289.88
-31890.0	7500.0	360.253	1258.34
-31890.0	7500.0	358.973	1238.54
-31890.0	7500.0	357.693	1222.65
-31890.0	7500.0	356.413	1241.92
-31890.0	7500.0	355.132	1278.75
-31890.0	7500.0	353.852	1317.52
-31890.0	7500.0	352.571	1291.87
-31890.0	7500.0	351.289	1293.55
-31890.0	7500.0	350.008	1299.13
-31890.0	7500.0	348.726	1332.01
-31890.0	7500.0	347.444	1339.52
-31890.0	7500.0	346.161	1315.85
-31890.0	7500.0	344.878	1309.72
-31890.0	7500.0	343.595	1276.32
-31890.0	7500.0	342.312	1346.18
-31890.0	7500.0	341.029	1363.42
-31890.0	7500.0	339.745	1339.77
-31890.0	7500.0	338.461	1339.48
-31890.0	7500.0	337.176	1397.59
-31890.0	7500.0	335.892	1391.46
-31890.0	7500.0	334.607	1371.71
-31890.0	7500.0	333.322	1427.83
-31890.0	7500.0	332.036	1357.51
-31890.0	7500.0	330.75	1411.67
-31890.0	7500.0	329.464	1382.21
-31890.0	7500.0	328.178	1374.14
-31890.0	7500.0	326.892	1377.73
-31890.0	7500.0	325.605	1387.15
-31890.0	7500.0	324.318	1388.8
-31890.0	7500.0	323.03	1435.11
-31890.0	7500.0	321.743	1403.74
-31890.0	7500.0	320.455	1395.68
-31890.0	7500.0	319.167	1414.79
-31890.0	7500.0	317.878	1478.52
-31890.0	7500.0	316.59	1476.26
-31890.0	7500.0	315.301	1388.67
-31890.0	7500.0	314.011	1452.37
-31890.0	7500.0	312.722	1512.16
-31890.0	7500.0	311.432	1445.93
-31890.0	7500.0	310.142	1461.13
-31890.0	7500.0	308.851	1528.63
-31890.0	7500.0	307.561	1609.66
-31890.0	7500.0	306.27	1611.25
-31890.0	7500.0	304.979	1698.03
-31890.0	7500.0	303.687	1691.86
-31890.0	7500.0	302.395	1683.76
-31890.0	7500.0	301.103	1640.84
-31890.0	7500.0	299.811	1677.24
-31890.0	7500.0	298.519	1570.51
-31890.0	7500.0	297.226	1554.7
-31890.0	7500.0	295.933	1490.57
-31890.0	7500.0	294.639	1461.26
-31890.0	7500.0	293.345	1507.33
-31890.0	7500.0	292.052	1460.64
-31890.0	7500.0	290.757	1435.21
-31890.0	7500.0	289.463	1465.81
-31890.0	7500.0	288.168	1407.57
-31890.0	7500.0	286.873	1414.99
-31890.0	7500.0	285.578	1401.18
-31890.0	7500.0	284.282	1451.05
-31890.0	7500.0	282.986	1423.73
-31890.0	7500.0	281.69	1408.0
-31890.0	7500.0	280.393	1446.26
-31890.0	7500.0	279.097	1341.84
-31890.0	7500.0	277.8	1383.96
-31890.0	7500.0	276.502	1364.4
-31890.0	7500.0	275.205	1387.22
-31890.0	7500.0	273.907	1390.78
-31890.0	7500.0	272.609	1321.15
-31890.0	7500.0	271.311	1347.83
-31890.0	7500.0	270.012	1399.51
-31890.0	7500.0	268.713	1339.55
-31890.0	7500.0	267.414	1425.85
-31890.0	7500.0	266.114	1373.61
-31890.0	7500.0	264.814	1342.54
-31890.0	7500.0	263.514	1319.17
-31890.0	7500.0	262.214	1403.49
-31890.0	7500.0	260.913	1385.89
-31890.0	7500.0	259.613	1310.64
-31890.0	7500.0	258.311	1296.91
-31890.0	7500.0	257.01	1356.18
-31890.0	7500.0	255.708	1392.38
-31890.0	7500.0	254.406	1372.88
-31890.0	7500.0	253.104	1353.39
-31890.0	7500.0	251.801	1282.09
-31890.0	7500.0	250.499	1316.35
-31890.0	7500.0	249.195	1317.99
-31890.0	7500.0	247.892	1375.25
-31890.0	7500.0	246.588	1351.94
-31890.0	7500.0	245.284	1353.57
-31890.0	7500.0	243.98	1313.02
-31890.0	7500.0	242.676	1316.58
-31890.0	7500.0	241.371	1316.29
-31890.0	7500.0	240.066	1392.63
-31890.0	7500.0	238.76	1373.18
-31890.0	7500.0	237.455	1323.11
-31890.0	7500.0	236.149	1364.94
-31890.0	7500.0	234.843	1332.11
-31890.0	7500.0	233.536	1278.24
-31890.0	7500.0	232.229	1333.45
-31890.0	7500.0	230.922	1310.21
-31890.0	7500.0	229.615	1300.37
-31890.0	7500.0	228.307	1355.53
-31890.0	7500.0	227.0	1317.01
-31890.0	7500.0	225.691	1274.69
-31890.0	7500.0	224.383	1240.02
-31890.0	7500.0	223.074	1300.88
-31890.0	7500.0	221.765	1315.88
-31890.0	7500.0	220.456	1281.23
-31890.0	7500.0	219.146	1275.23
-31890.0	7500.0	217.836	1288.31
-31890.0	7500.0	216.526	1289.94
-31890.0	7500.0	215.216	1285.85
-31890.0	7500.0	213.905	1264.59
-31890.0	7500.0	212.594	1230.0
-31890.0	7500.0	211.283	1283.12
-31890.0	7500.0	209.971	1334.31
-31890.0	7500.0	208.66	1334.02
-31890.0	7500.0	207.348	1276.57
-31890.0	7500.0	206.035	1297.25
-31890.0	7500.0	204.722	1272.21
-31890.0	7500.0	203.409	1294.79
-31890.0	7500.0	202.096	1248.82
-31890.0	7500.0	200.783	1269.49
-31890.0	7500.0	199.469	1309.18
-31890.0	7500.0	198.155	1287.97
-31890.0	7500.0	196.84	1259.16
-31890.0	7500.0	195.526	1321.64
-31890.0	7500.0	194.211	1264.32
-31890.0	7500.0	192.896	1254.55
-31890.0	7500.0	191.58	1451.92
-31890.0	7500.0	190.264	1322.41
-31890.0	7500.0	188.948	1244.24
-31890.0	7500.0	187.632	1367.42
-31890.0	7500.0	186.315	1243.7
-31890.0	7500.0	184.998	1289.0
-31890.0	7500.0	183.681	1341.86
-31890.0	7500.0	182.364	1303.62
-31890.0	7500.0	181.046	1303.34
-31890.0	7500.0	179.728	1282.2
-31890.0	7500.0	178.41	1240.2
-31890.0	7500.0	177.091	1245.62
-31890.0	7500.0	175.772	1268.1
-31890.0	7500.0	174.453	1353.1
-31890.0	7500.0	173.133	1331.97
-31890.0	7500.0	171.814	1335.47
-31890.0	7500.0	170.494	1287.84
-31890.0	7500.0	169.173	1295.13
-31890.0	7500.0	167.853	1323.25
-31890.0	7500.0	166.532	1271.86
-31890.0	7500.0	165.211	1288.62
-31890.0	7500.0	163.889	1295.91
-31890.0	7500.0	162.567	1337.24
-31890.0	7500.0	161.245	1308.59
-31890.0	7500.0	159.923	1304.52
-31890.0	7500.0	158.6	1338.27
-31890.0	7500.0	157.278	1389.0
-31890.0	7500.0	155.954	1350.92
-31890.0	7500.0	154.631	1322.29
-31890.0	7500.0	153.307	1348.44
-31890.0	7500.0	151.983	1321.72
-31890.0	7500.0	150.659	1345.98
-31890.0	7500.0	149.334	1343.8
-31890.0	7500.0	148.009	1347.28
-31890.0	7500.0	146.684	1326.24
-31890.0	7500.0	145.359	1333.5
-31890.0	7500.0	144.033	1327.55
-31890.0	7500.0	142.707	1302.76
-31890.0	7500.0	141.381	1313.79
-31890.0	7500.0	140.054	1313.5
-31890.0	7500.0	138.727	1343.36
-31890.0	7500.0	137.4	1333.66
-31890.0	7500.0	136.072	1305.12
-31890.0	7500.0	134.745	1372.62
-31890.0	7500.0	133.417	1306.44
-31890.0	7500.0	132.088	1392.73
-31890.0	7500.0	130.76	1343.51
-31890.0	7500.0	129.431	1343.22
-31890.0	7500.0	128.102	1365.5
-31890.0	7500.0	126.772	1370.84
-31890.0	7500.0	125.442	1402.51
-31890.0	7500.0	124.112	1355.21
-31890.0	7500.0	122.782	1332.37
-31890.0	7500.0	121.451	1395.96
-31890.0	7500.0	120.12	1399.42
-31890.0	7500.0	118.789	1395.36
-31890.0	7500.0	117.458	1314.32
-31890.0	7500.0	116.126	1338.44
-31890.0	7500.0	114.794	1358.8
-31890.0	7500.0	113.462	1418.55
-31890.0	7500.0	112.129	1390.1
-31890.0	7500.0	110.796	1363.54
-31890.0	7500.0	109.463	1323.87
-31890.0	7500.0	108.129	1346.08
-31890.0	7500.0	106.796	1334.54
-31890.0	7500.0	105.461	1356.74
-31890.0	7500.0	104.127	1279.64
-31890.0	7500.0	102.792	1292.47
-31890.0	7500.0	101.457	1236.01
-31890.0	7500.0	100.122	1196.42
-31890.0	7500.0	98.7867	1241.09
-31890.0	7500.0	97.4509	1235.21
-31890.0	7500.0	96.1148	1190.03
-31890.0	7500.0	94.7784	1223.45
-31890.0	7500.0	93.4418	1206.35
-31890.0	7500.0	92.1048	1150.0
-31890.0	7500.0	90.7676	1142.27
-31890.0	7500.0	89.43	1134.55
-31890.0	7500.0	88.0922	1164.2
-31890.0	7500.0	86.7541	1076.14
-31890.0	7500.0	85.4157	1094.58
