-31890.0	7474.0	1311.89	1178.84
-31890.0	7474.0	1310.78	1276.3
-31890.0	7474.0	1309.68	1201.17
-31890.0	7474.0	1308.58	1253.19
-31890.0	7474.0	1307.48	1246.18
-31890.0	7474.0	1306.38	1289.1
-31890.0	7474.0	1305.28	1243.51
-31890.0	7474.0	1304.18	1254.66
-31890.0	7474.0	1303.07	1261.26
-31890.0	7474.0	1301.97	1229.31
-31890.0	7474.0	1300.87	1256.32
-31890.0	7474.0	1299.77	1274.26
-31890.0	7474.0	1298.66	1235.52
-31890.0	7474.0	1297.56	1328.25
-31890.0	7474.0	1296.46	1269.11
-31890.0	7474.0	1295.35	1282.51
-31890.0	7474.0	1294.25	1259.64
-31890.0	7474.0	1293.15	1270.77
-31890.0	7474.0	1292.04	1227.53
-31890.0	7474.0	1290.94	1240.92
-31890.0	7474.0	1289.83	1238.46
-31890.0	7474.0	1288.73	1190.72
-31890.0	7474.0	1287.63	1219.95
-31890.0	7474.0	1286.52	1194.86
-31890.0	7474.0	1285.42	1248.97
-31890.0	7474.0	1284.31	1244.25
-31890.0	7474.0	1283.21	1302.86
-31890.0	7474.0	1282.1	1309.43
-31890.0	7474.0	1280.99	1264.0
-31890.0	7474.0	1279.89	1281.88
-31890.0	7474.0	1278.78	1254.55
-31890.0	7474.0	1277.68	1265.64
-31890.0	7474.0	1276.57	1242.84
-31890.0	7474.0	1275.46	1267.49
-31890.0	7474.0	1274.36	1237.92
-31890.0	7474.0	1273.25	1291.93
-31890.0	7474.0	1272.14	1248.81
-31890.0	7474.0	1271.04	1210.23
-31890.0	7474.0	1269.93	1270.98
-31890.0	7474.0	1268.82	1218.86
-31890.0	7474.0	1267.71	1159.99
-31890.0	7474.0	1266.61	1256.83
-31890.0	7474.0	1265.5	1252.11
-31890.0	7474.0	1264.39	1233.86
-31890.0	7474.0	1263.28	1190.81
-31890.0	7474.0	1262.17	1237.97
-31890.0	7474.0	1261.06	1181.4
-31890.0	7474.0	1259.95	1194.74
-31890.0	7474.0	1258.84	1102.13
-31890.0	7474.0	1257.74	1241.67
-31890.0	7474.0	1256.63	1194.15
-31890.0	7474.0	1255.52	1261.54
-31890.0	7474.0	1254.41	1211.78
-31890.0	7474.0	1253.3	1220.59
-31890.0	7474.0	1252.19	1186.62
-31890.0	7474.0	1251.08	1226.95
-31890.0	7474.0	1249.96	1249.26
-31890.0	7474.0	1248.85	1231.05
-31890.0	7474.0	1247.74	1323.11
-31890.0	7474.0	1246.63	1257.65
-31890.0	7474.0	1245.52	1201.2
-31890.0	7474.0	1244.41	1221.25
-31890.0	7474.0	1243.3	1252.53
-31890.0	7474.0	1242.18	1225.35
-31890.0	7474.0	1241.07	1272.35
-31890.0	7474.0	1239.96	1218.2
-31890.0	7474.0	1238.85	1188.79
-31890.0	7474.0	1237.74	1240.27
-31890.0	7474.0	1236.62	1217.6
-31890.0	7474.0	1235.51	1255.59
-31890.0	7474.0	1234.4	1179.02
-31890.0	7474.0	1233.28	1185.57
-31890.0	7474.0	1232.17	1169.66
-31890.0	7474.0	1231.06	1160.49
-31890.0	7474.0	1229.94	1198.45
-31890.0	7474.0	1228.83	1204.98
-31890.0	7474.0	1227.71	1229.46
-31890.0	7474.0	1226.6	1206.83
-31890.0	7474.0	1225.48	1168.5
-31890.0	7474.0	1224.37	1161.58
-31890.0	7474.0	1223.25	1226.41
-31890.0	7474.0	1222.14	1288.98
-31890.0	7474.0	1221.02	1232.73
-31890.0	7474.0	1219.91	1216.84
-31890.0	7474.0	1218.79	1185.27
-31890.0	7474.0	1217.68	1138.03
-31890.0	7474.0	1216.56	1198.32
-31890.0	7474.0	1215.44	1202.6
-31890.0	7474.0	1214.33	1168.82
-31890.0	7474.0	1213.21	1175.34
-31890.0	7474.0	1212.09	1197.53
-31890.0	7474.0	1210.98	1188.38
-31890.0	7474.0	1209.86	1154.62
-31890.0	7474.0	1208.74	1205.88
-31890.0	7474.0	1207.62	1167.65
-31890.0	7474.0	1206.51	1207.72
-31890.0	7474.0	1205.39	1165.03
-31890.0	7474.0	1204.27	1173.78
-31890.0	7474.0	1203.15	1173.59
-31890.0	7474.0	1202.03	1164.45
-31890.0	7474.0	1200.91	1177.67
-31890.0	7474.0	1199.8	1195.34
-31890.0	7474.0	1198.68	1183.98
-31890.0	7474.0	1197.56	1188.25
-31890.0	7474.0	1196.44	1176.88
-31890.0	7474.0	1195.32	1129.8
-31890.0	7474.0	1194.2	1167.56
-31890.0	7474.0	1193.08	1102.64
-31890.0	7474.0	1191.96	1133.7
-31890.0	7474.0	1190.84	1240.61
-31890.0	7474.0	1189.72	1209.17
-31890.0	7474.0	1188.6	1222.35
-31890.0	7474.0	1187.48	1179.77
-31890.0	7474.0	1186.35	1199.64
-31890.0	7474.0	1185.23	1206.13
-31890.0	7474.0	1184.11	1163.58
-31890.0	7474.0	1182.99	1132.18
-31890.0	7474.0	1181.87	1152.05
-31890.0	7474.0	1180.75	1194.19
-31890.0	7474.0	1179.62	1142.75
-31890.0	7474.0	1178.5	1169.29
-31890.0	7474.0	1177.38	1160.18
-31890.0	7474.0	1176.26	1226.78
-31890.0	7474.0	1175.13	1246.61
-31890.0	7474.0	1174.01	1161.83
-31890.0	7474.0	1172.89	1219.49
-31890.0	7474.0	1171.76	1136.96
-31890.0	7474.0	1170.64	1154.57
-31890.0	7474.0	1169.51	1198.86
-31890.0	7474.0	1168.39	1163.07
-31890.0	7474.0	1167.27	1178.44
-31890.0	7474.0	1166.14	1180.47
-31890.0	7474.0	1165.02	1146.93
-31890.0	7474.0	1163.89	1208.96
-31890.0	7474.0	1162.77	1162.09
-31890.0	7474.0	1161.64	1199.67
-31890.0	7474.0	1160.52	1146.15
-31890.0	7474.0	1159.39	1185.94
-31890.0	7474.0	1158.26	1165.75
-31890.0	7474.0	1157.14	1136.69
-31890.0	7474.0	1156.01	1176.46
-31890.0	7474.0	1154.88	1127.43
-31890.0	7474.0	1153.76	1171.62
-31890.0	7474.0	1152.63	1193.61
-31890.0	7474.0	1151.5	1173.44
-31890.0	7474.0	1150.38	1100.05
-31890.0	7474.0	1149.25	1153.09
-31890.0	7474.0	1148.12	1163.98
-31890.0	7474.0	1146.99	1126.1
-31890.0	7474.0	1145.87	1179.1
-31890.0	7474.0	1144.74	1154.52
-31890.0	7474.0	1143.61	1176.48
-31890.0	7474.0	1142.48	1085.46
-31890.0	7474.0	1141.35	1147.29
-31890.0	7474.0	1140.22	1162.6
-31890.0	7474.0	1139.09	1107.05
-31890.0	7474.0	1137.97	1195.41
-31890.0	7474.0	1136.84	1177.5
-31890.0	7474.0	1135.71	1099.84
-31890.0	7474.0	1134.58	1068.68
-31890.0	7474.0	1133.45	1072.92
-31890.0	7474.0	1132.32	1103.7
-31890.0	7474.0	1131.19	1152.17
-31890.0	7474.0	1130.05	1112.17
-31890.0	7474.0	1128.92	1156.2
-31890.0	7474.0	1127.79	1138.32
-31890.0	7474.0	1126.66	1160.22
-31890.0	7474.0	1125.53	1118.04
-31890.0	7474.0	1124.4	1097.97
-31890.0	7474.0	1123.27	1128.7
-31890.0	7474.0	1122.13	1139.55
-31890.0	7474.0	1121.0	1090.78
-31890.0	7474.0	1119.87	1103.84
-31890.0	7474.0	1118.74	1119.1
-31890.0	7474.0	1117.6	1121.12
-31890.0	7474.0	1116.47	1142.99
-31890.0	7474.0	1115.34	1164.86
-31890.0	7474.0	1114.2	1087.45
-31890.0	7474.0	1113.07	1091.68
-31890.0	7474.0	1111.94	1153.23
-31890.0	7474.0	1110.8	1192.72
-31890.0	7474.0	1109.67	1192.51
-31890.0	7474.0	1108.54	1130.6
-31890.0	7474.0	1107.4	1174.47
-31890.0	7474.0	1106.27	1141.22
-31890.0	7474.0	1105.13	1072.74
-31890.0	7474.0	1104.0	1096.78
-31890.0	7474.0	1102.86	1162.66
-31890.0	7474.0	1101.72	1133.83
-31890.0	7474.0	1100.59	1085.21
-31890.0	7474.0	1099.45	1089.43
-31890.0	7474.0	1098.32	1104.64
-31890.0	7474.0	1097.18	1146.25
-31890.0	7474.0	1096.04	1185.65
-31890.0	7474.0	1094.91	1152.45
-31890.0	7474.0	1093.77	1136.86
-31890.0	7474.0	1092.63	1193.83
-31890.0	7474.0	1091.5	1132.07
-31890.0	7474.0	1090.36	1149.46
-31890.0	7474.0	1089.22	1087.73
-31890.0	7474.0	1088.08	1105.12
-31890.0	7474.0	1086.95	1087.36
-31890.0	7474.0	1085.81	1087.17
-31890.0	7474.0	1084.67	1093.57
-31890.0	7474.0	1083.53	1104.35
-31890.0	7474.0	1082.39	1101.97
-31890.0	7474.0	1081.25	1044.71
-31890.0	7474.0	1080.11	1110.36
-31890.0	7474.0	1078.97	1077.26
-31890.0	7474.0	1077.83	1072.68
-31890.0	7474.0	1076.69	1153.65
-31890.0	7474.0	1075.55	1131.52
-31890.0	7474.0	1074.41	1144.48
-31890.0	7474.0	1073.27	1107.01
-31890.0	7474.0	1072.13	1139.69
-31890.0	7474.0	1070.99	1172.37
-31890.0	7474.0	1069.85	1075.76
-31890.0	7474.0	1068.71	1047.09
-31890.0	7474.0	1067.57	1119.19
-31890.0	7474.0	1066.43	1103.66
-31890.0	7474.0	1065.28	1123.18
-31890.0	7474.0	1064.14	1101.09
-31890.0	7474.0	1063.0	1111.84
-31890.0	7474.0	1061.86	1116.02
-31890.0	7474.0	1060.71	1144.27
-31890.0	7474.0	1059.57	1128.76
-31890.0	7474.0	1058.43	1122.0
-31890.0	7474.0	1057.29	1104.31
-31890.0	7474.0	1056.14	1099.74
-31890.0	7474.0	1055.0	1040.53
-31890.0	7474.0	1053.85	1110.28
-31890.0	7474.0	1052.71	1094.79
-31890.0	7474.0	1051.57	1118.63
-31890.0	7474.0	1050.42	1146.84
-31890.0	7474.0	1049.28	1107.32
-31890.0	7474.0	1048.13	1115.86
-31890.0	7474.0	1046.99	1128.76
-31890.0	7474.0	1045.84	1045.62
-31890.0	7474.0	1044.7	1115.27
-31890.0	7474.0	1043.55	1132.53
-31890.0	7474.0	1042.4	1040.7
-31890.0	7474.0	1041.26	1044.88
-31890.0	7474.0	1040.11	1145.02
-31890.0	7474.0	1038.97	1131.73
-31890.0	7474.0	1037.82	1066.13
-31890.0	7474.0	1036.67	1144.41
-31890.0	7474.0	1035.53	1104.98
-31890.0	7474.0	1034.38	1106.97
-31890.0	7474.0	1033.23	1124.2
-31890.0	7474.0	1032.08	1128.36
-31890.0	7474.0	1030.94	1125.98
-31890.0	7474.0	1029.79	1138.85
-31890.0	7474.0	1028.64	1184.37
-31890.0	7474.0	1027.49	1097.09
-31890.0	7474.0	1026.34	1142.59
-31890.0	7474.0	1025.19	1131.51
-31890.0	7474.0	1024.04	1100.85
-31890.0	7474.0	1022.89	1109.36
-31890.0	7474.0	1021.74	1161.36
-31890.0	7474.0	1020.59	1189.42
-31890.0	7474.0	1019.45	1137.03
-31890.0	7474.0	1018.29	1104.22
-31890.0	7474.0	1017.14	1134.45
-31890.0	7474.0	1015.99	1151.64
-31890.0	7474.0	1014.84	1144.91
-31890.0	7474.0	1013.69	1172.95
-31890.0	7474.0	1012.54	1148.85
-31890.0	7474.0	1011.39	1126.93
-31890.0	7474.0	1010.24	1154.95
-31890.0	7474.0	1009.09	1146.06
-31890.0	7474.0	1007.93	1124.16
-31890.0	7474.0	1006.78	1150.0
-31890.0	7474.0	1005.63	1240.91
-31890.0	7474.0	1004.48	1173.44
-31890.0	7474.0	1003.32	1188.42
-31890.0	7474.0	1002.17	1194.71
-31890.0	7474.0	1001.02	1240.02
-31890.0	7474.0	999.865	1274.48
-31890.0	7474.0	998.711	1239.58
-31890.0	7474.0	997.558	1282.69
-31890.0	7474.0	996.403	1273.79
-31890.0	7474.0	995.249	1238.91
-31890.0	7474.0	994.095	1340.47
-31890.0	7474.0	992.94	1299.09
-31890.0	7474.0	991.785	1344.32
-31890.0	7474.0	990.63	1406.84
-31890.0	7474.0	989.475	1348.16
-31890.0	7474.0	988.319	1417.16
-31890.0	7474.0	987.164	1479.63
-31890.0	7474.0	986.008	1433.95
-31890.0	7474.0	984.852	1466.13
-31890.0	7474.0	983.695	1465.86
-31890.0	7474.0	982.539	1480.73
-31890.0	7474.0	981.382	1540.98
-31890.0	7474.0	980.225	1488.84
-31890.0	7474.0	979.068	1527.46
-31890.0	7474.0	977.911	1496.95
-31890.0	7474.0	976.753	1462.12
-31890.0	7474.0	975.595	1511.52
-31890.0	7474.0	974.437	1560.91
-31890.0	7474.0	973.279	1534.72
-31890.0	7474.0	972.121	1618.61
-31890.0	7474.0	970.962	1570.85
-31890.0	7474.0	969.803	1577.04
-31890.0	7474.0	968.644	1559.5
-31890.0	7474.0	967.485	1537.65
-31890.0	7474.0	966.326	1550.31
-31890.0	7474.0	965.166	1539.25
-31890.0	7474.0	964.006	1605.79
-31890.0	7474.0	962.846	1609.81
-31890.0	7474.0	961.686	1547.03
-31890.0	7474.0	960.525	1572.6
-31890.0	7474.0	959.365	1606.78
-31890.0	7474.0	958.204	1565.57
-31890.0	7474.0	957.043	1543.75
-31890.0	7474.0	955.881	1539.17
-31890.0	7474.0	954.72	1603.46
-31890.0	7474.0	953.558	1566.58
-31890.0	7474.0	952.396	1583.51
-31890.0	7474.0	951.234	1591.83
-31890.0	7474.0	950.071	1578.63
-31890.0	7474.0	948.909	1632.1
-31890.0	7474.0	947.746	1603.86
-31890.0	7474.0	946.583	1588.52
-31890.0	7474.0	945.42	1590.38
-31890.0	7474.0	944.256	1641.66
-31890.0	7474.0	943.092	1660.7
-31890.0	7474.0	941.929	1593.8
-31890.0	7474.0	940.765	1627.88
-31890.0	7474.0	939.6	1655.49
-31890.0	7474.0	938.436	1610.11
-31890.0	7474.0	937.271	1599.08
-31890.0	7474.0	936.106	1538.7
-31890.0	7474.0	934.941	1484.78
-31890.0	7474.0	933.775	1463.05
-31890.0	7474.0	932.61	1415.6
-31890.0	7474.0	931.444	1353.15
-31890.0	7474.0	930.278	1372.2
-31890.0	7474.0	929.112	1346.22
-31890.0	7474.0	927.945	1262.39
-31890.0	7474.0	926.779	1251.44
-31890.0	7474.0	925.612	1242.64
-31890.0	7474.0	924.445	1186.72
-31890.0	7474.0	923.278	1158.66
-31890.0	7474.0	922.11	1122.05
-31890.0	7474.0	920.942	1115.42
-31890.0	7474.0	919.774	1196.55
-31890.0	7474.0	918.606	1112.87
-31890.0	7474.0	917.438	1159.74
-31890.0	7474.0	916.269	1123.15
-31890.0	7474.0	915.1	1071.61
-31890.0	7474.0	913.931	1077.83
-31890.0	7474.0	912.762	1069.08
-31890.0	7474.0	911.593	1056.05
-31890.0	7474.0	910.423	1081.51
-31890.0	7474.0	909.253	1079.17
-31890.0	7474.0	908.083	1059.74
-31890.0	7474.0	906.913	1055.28
-31890.0	7474.0	905.742	1082.85
-31890.0	7474.0	904.572	1065.56
-31890.0	7474.0	903.401	1080.31
-31890.0	7474.0	902.229	1116.4
-31890.0	7474.0	901.058	1082.04
-31890.0	7474.0	899.886	1094.65
-31890.0	7474.0	898.715	1083.78
-31890.0	7474.0	897.543	1053.71
-31890.0	7474.0	896.37	1145.22
-31890.0	7474.0	895.198	1021.34
-31890.0	7474.0	894.025	1129.87
-31890.0	7474.0	892.852	1104.09
-31890.0	7474.0	891.679	1082.57
-31890.0	7474.0	890.506	1127.12
-31890.0	7474.0	889.332	1073.65
-31890.0	7474.0	888.158	1109.66
-31890.0	7474.0	886.984	1109.45
-31890.0	7474.0	885.81	1122.02
-31890.0	7474.0	884.636	1081.37
-31890.0	7474.0	883.461	1068.39
-31890.0	7474.0	882.286	1080.96
-31890.0	7474.0	881.111	1070.12
-31890.0	7474.0	879.936	1108.21
-31890.0	7474.0	878.76	1052.71
-31890.0	7474.0	877.584	1069.53
-31890.0	7474.0	876.408	1088.46
-31890.0	7474.0	875.232	1120.14
-31890.0	7474.0	874.056	1041.3
-31890.0	7474.0	872.879	1079.35
-31890.0	7474.0	871.702	1055.78
-31890.0	7474.0	870.525	1078.95
-31890.0	7474.0	869.348	1070.25
-31890.0	7474.0	868.17	1027.59
-31890.0	7474.0	866.993	1059.24
-31890.0	7474.0	865.815	1088.75
-31890.0	7474.0	864.637	1035.5
-31890.0	7474.0	863.458	1069.25
-31890.0	7474.0	862.28	1022.39
-31890.0	7474.0	861.101	1032.8
-31890.0	7474.0	859.922	1047.45
-31890.0	7474.0	858.742	987.891
-31890.0	7474.0	857.563	1061.89
-31890.0	7474.0	856.383	1038.38
-31890.0	7474.0	855.203	1097.51
-31890.0	7474.0	854.023	1063.41
-31890.0	7474.0	852.843	1014.5
-31890.0	7474.0	851.662	1052.42
-31890.0	7474.0	850.481	1018.35
-31890.0	7474.0	849.3	1028.74
-31890.0	7474.0	848.119	1015.85
-31890.0	7474.0	846.937	1089.72
-31890.0	7474.0	845.756	1049.32
-31890.0	7474.0	844.574	1053.35
-31890.0	7474.0	843.392	1072.18
-31890.0	7474.0	842.209	1095.24
-31890.0	7474.0	841.027	1090.8
-31890.0	7474.0	839.844	1073.69
-31890.0	7474.0	838.661	1016.43
-31890.0	7474.0	837.477	1033.14
-31890.0	7474.0	836.294	1073.08
-31890.0	7474.0	835.11	1013.74
-31890.0	7474.0	833.926	1057.89
-31890.0	7474.0	832.742	1053.47
-31890.0	7474.0	831.558	1072.27
-31890.0	7474.0	830.373	1069.96
-31890.0	7474.0	829.188	1031.77
-31890.0	7474.0	828.003	1056.89
-31890.0	7474.0	826.818	1054.58
-31890.0	7474.0	825.632	1026.97
-31890.0	7474.0	824.446	1039.42
-31890.0	7474.0	823.26	1070.85
-31890.0	7474.0	822.074	1043.24
-31890.0	7474.0	820.888	1066.23
-31890.0	7474.0	819.701	1108.16
-31890.0	7474.0	818.514	1055.29
-31890.0	7474.0	817.327	1034.03
-31890.0	7474.0	816.14	1103.31
-31890.0	7474.0	814.952	1044.16
-31890.0	7474.0	813.765	1052.38
-31890.0	7474.0	812.577	1050.08
-31890.0	7474.0	811.388	1045.67
-31890.0	7474.0	810.2	1079.13
-31890.0	7474.0	809.011	1043.17
-31890.0	7474.0	807.822	1038.76
-31890.0	7474.0	806.633	1038.56
-31890.0	7474.0	805.444	1038.37
-31890.0	7474.0	804.254	1065.49
-31890.0	7474.0	803.064	1035.87
-31890.0	7474.0	801.874	1048.27
-31890.0	7474.0	800.684	1052.27
-31890.0	7474.0	799.493	1058.37
-31890.0	7474.0	798.303	1108.56
-31890.0	7474.0	797.112	1110.45
-31890.0	7474.0	795.921	1064.06
-31890.0	7474.0	794.729	992.515
-31890.0	7474.0	793.538	1055.26
-31890.0	7474.0	792.346	1052.96
-31890.0	7474.0	791.154	1017.11
-31890.0	7474.0	789.961	1019.01
-31890.0	7474.0	788.769	1075.42
-31890.0	7474.0	787.576	1006.04
-31890.0	7474.0	786.383	1037.28
-31890.0	7474.0	785.19	1024.51
-31890.0	7474.0	783.996	1022.22
-31890.0	7474.0	782.802	1003.18
-31890.0	7474.0	781.608	988.327
-31890.0	7474.0	780.414	1017.45
-31890.0	7474.0	779.22	1038.18
-31890.0	7474.0	778.025	1021.24
-31890.0	7474.0	776.83	989.659
-31890.0	7474.0	775.635	1035.49
-31890.0	7474.0	774.44	1020.65
-31890.0	7474.0	773.244	1014.18
-31890.0	7474.0	772.049	1093.43
-31890.0	7474.0	770.853	1072.32
-31890.0	7474.0	769.656	1001.05
-31890.0	7474.0	768.46	1019.67
-31890.0	7474.0	767.263	1034.09
-31890.0	7474.0	766.066	1052.69
-31890.0	7474.0	764.869	1021.16
-31890.0	7474.0	763.672	1006.35
-31890.0	7474.0	762.474	1006.16
-31890.0	7474.0	761.276	1003.87
-31890.0	7474.0	760.078	984.901
-31890.0	7474.0	758.88	1078.59
-31890.0	7474.0	757.681	1036.67
-31890.0	7474.0	756.483	1046.89
-31890.0	7474.0	755.284	1050.86
-31890.0	7474.0	754.084	1063.16
-31890.0	7474.0	752.885	1069.21
-31890.0	7474.0	751.685	1039.83
-31890.0	7474.0	750.485	1102.13
-31890.0	7474.0	749.285	1070.67
-31890.0	7474.0	748.085	1041.31
-31890.0	7474.0	746.884	1028.61
-31890.0	7474.0	745.683	1011.76
-31890.0	7474.0	744.482	1103.14
-31890.0	7474.0	743.281	1019.69
-31890.0	7474.0	742.079	1029.89
-31890.0	7474.0	740.877	986.007
-31890.0	7474.0	739.675	1046.13
-31890.0	7474.0	738.473	1027.21
-31890.0	7474.0	737.27	968.799
-31890.0	7474.0	736.068	981.082
-31890.0	7474.0	734.865	982.969
-31890.0	7474.0	733.661	993.166
-31890.0	7474.0	732.458	1040.75
-31890.0	7474.0	731.254	1030.16
-31890.0	7474.0	730.05	1040.34
-31890.0	7474.0	728.846	1035.99
-31890.0	7474.0	727.642	1002.58
-31890.0	7474.0	726.437	967.099
-31890.0	7474.0	725.232	1018.78
-31890.0	7474.0	724.027	1004.06
-31890.0	7474.0	722.822	1051.57
-31890.0	7474.0	721.616	1070.03
-31890.0	7474.0	720.41	1047.01
-31890.0	7474.0	719.204	1048.88
-31890.0	7474.0	717.998	1023.8
-31890.0	7474.0	716.791	978.018
-31890.0	7474.0	715.585	1052.41
-31890.0	7474.0	714.378	1168.19
-31890.0	7474.0	713.17	1033.36
-31890.0	7474.0	711.963	1051.79
-31890.0	7474.0	710.755	1022.6
-31890.0	7474.0	709.547	1012.05
-31890.0	7474.0	708.339	1030.48
-31890.0	7474.0	707.131	1050.96
-31890.0	7474.0	705.922	1065.23
-31890.0	7474.0	704.713	1025.73
-31890.0	7474.0	703.504	1027.6
-31890.0	7474.0	702.295	994.32
-31890.0	7474.0	701.085	983.791
-31890.0	7474.0	699.875	1029.06
-31890.0	7474.0	698.665	1032.99
-31890.0	7474.0	697.455	1038.98
-31890.0	7474.0	696.244	1047.04
-31890.0	7474.0	695.034	1057.15
-31890.0	7474.0	693.822	1038.37
-31890.0	7474.0	692.611	1073.25
-31890.0	7474.0	691.4	1097.8
-31890.0	7474.0	690.188	1037.75
-31890.0	7474.0	688.976	1058.17
-31890.0	7474.0	687.764	1055.9
-31890.0	7474.0	686.551	1037.14
-31890.0	7474.0	685.339	1069.91
-31890.0	7474.0	684.126	1106.8
-31890.0	7474.0	682.912	1133.37
-31890.0	7474.0	681.699	1087.82
-31890.0	7474.0	680.485	1046.41
-31890.0	7474.0	679.271	1070.92
-31890.0	7474.0	678.057	1140.71
-31890.0	7474.0	676.843	1086.96
-31890.0	7474.0	675.628	1080.57
-31890.0	7474.0	674.413	1105.05
-31890.0	7474.0	673.198	1090.43
-31890.0	7474.0	671.983	1086.1
-31890.0	7474.0	670.767	1087.94
-31890.0	7474.0	669.551	1081.56
-31890.0	7474.0	668.335	1128.62
-31890.0	7474.0	667.119	1116.07
-31890.0	7474.0	665.902	1058.31
-31890.0	7474.0	664.686	1064.26
-31890.0	7474.0	663.469	1121.56
-31890.0	7474.0	662.251	1059.73
-31890.0	7474.0	661.034	1034.88
-31890.0	7474.0	659.816	1094.21
-31890.0	7474.0	658.598	1077.57
-31890.0	7474.0	657.38	1093.77
-31890.0	7474.0	656.161	1105.86
-31890.0	7474.0	654.942	1078.98
-31890.0	7474.0	653.723	1125.93
-31890.0	7474.0	652.504	1088.8
-31890.0	7474.0	651.285	1102.93
-31890.0	7474.0	650.065	1074.02
-31890.0	7474.0	648.845	1032.82
-31890.0	7474.0	647.625	1057.2
-31890.0	7474.0	646.404	1083.61
-31890.0	7474.0	645.184	1132.55
-31890.0	7474.0	643.963	1074.99
-31890.0	7474.0	642.742	1066.59
-31890.0	7474.0	641.52	1035.67
-31890.0	7474.0	640.298	1062.07
-31890.0	7474.0	639.076	1059.81
-31890.0	7474.0	637.854	1078.01
-31890.0	7474.0	636.632	1130.97
-31890.0	7474.0	635.409	1108.25
-31890.0	7474.0	634.186	1046.7
-31890.0	7474.0	632.963	1007.65
-31890.0	7474.0	631.74	1038.1
-31890.0	7474.0	630.516	1070.58
-31890.0	7474.0	629.292	1076.5
-31890.0	7474.0	628.068	1076.28
-31890.0	7474.0	626.844	1096.48
-31890.0	7474.0	625.619	1088.1
-31890.0	7474.0	624.394	1112.37
-31890.0	7474.0	623.169	1101.94
-31890.0	7474.0	621.944	1142.53
-31890.0	7474.0	620.718	1107.62
-31890.0	7474.0	619.492	1105.36
-31890.0	7474.0	618.266	1113.29
-31890.0	7474.0	617.04	1082.49
-31890.0	7474.0	615.813	1102.65
-31890.0	7474.0	614.587	1133.0
-31890.0	7474.0	613.36	1100.17
-31890.0	7474.0	612.132	1046.99
-31890.0	7474.0	610.905	1089.55
-31890.0	7474.0	609.677	1066.93
-31890.0	7474.0	608.449	1076.89
-31890.0	7474.0	607.22	1066.5
-31890.0	7474.0	605.992	1098.84
-31890.0	7474.0	604.763	1098.62
-31890.0	7474.0	603.534	1043.48
-31890.0	7474.0	602.305	1033.1
-31890.0	7474.0	601.075	1083.72
-31890.0	7474.0	599.845	1038.78
-31890.0	7474.0	598.615	1079.22
-31890.0	7474.0	597.385	1093.22
-31890.0	7474.0	596.154	1090.97
-31890.0	7474.0	594.924	1068.41
-31890.0	7474.0	593.693	1116.93
-31890.0	7474.0	592.461	1055.79
-31890.0	7474.0	591.23	1086.03
-31890.0	7474.0	589.998	1087.84
-31890.0	7474.0	588.766	1085.59
-31890.0	7474.0	587.534	1044.79
-31890.0	7474.0	586.301	1042.55
-31890.0	7474.0	585.068	1068.71
-31890.0	7474.0	583.835	1076.6
-31890.0	7474.0	582.602	1082.46
-31890.0	7474.0	581.368	1132.91
-31890.0	7474.0	580.134	1110.39
-31890.0	7474.0	578.9	1071.67
-31890.0	7474.0	577.666	1071.46
-31890.0	7474.0	576.432	1063.14
-31890.0	7474.0	575.197	1034.58
-31890.0	7474.0	573.962	1078.9
-31890.0	7474.0	572.726	1074.63
-31890.0	7474.0	571.491	1066.32
-31890.0	7474.0	570.255	1084.31
-31890.0	7474.0	569.019	1057.8
-31890.0	7474.0	567.783	1112.18
-31890.0	7474.0	566.546	1073.54
-31890.0	7474.0	565.309	1140.02
-31890.0	7474.0	564.072	1093.31
-31890.0	7474.0	562.835	1125.42
-31890.0	7474.0	561.597	1123.17
-31890.0	7474.0	560.359	1122.94
-31890.0	7474.0	559.121	1211.56
-31890.0	7474.0	557.883	1120.46
-31890.0	7474.0	556.644	1162.62
-31890.0	7474.0	555.406	1170.45
-31890.0	7474.0	554.167	1166.18
-31890.0	7474.0	552.927	1188.13
-31890.0	7474.0	551.688	1226.21
-31890.0	7474.0	550.448	1201.76
-31890.0	7474.0	549.208	1288.2
-31890.0	7474.0	547.967	1223.44
-31890.0	7474.0	546.727	1196.99
-31890.0	7474.0	545.486	1237.04
-31890.0	7474.0	544.245	1230.74
-31890.0	7474.0	543.003	1236.53
-31890.0	7474.0	541.762	1316.82
-31890.0	7474.0	540.52	1348.76
-31890.0	7474.0	539.278	1374.65
-31890.0	7474.0	538.035	1402.54
-31890.0	7474.0	536.793	1440.48
-31890.0	7474.0	535.55	1526.67
-31890.0	7474.0	534.307	1634.95
-31890.0	7474.0	533.063	1652.71
-31890.0	7474.0	531.82	1807.16
-31890.0	7474.0	530.576	1947.47
-31890.0	7474.0	529.331	2262.54
-31890.0	7474.0	528.087	2641.77
-31890.0	7474.0	526.842	3111.22
-31890.0	7474.0	525.597	4164.85
-31890.0	7474.0	524.352	6274.1
-31890.0	7474.0	523.107	11550.0
-31890.0	7474.0	521.861	23368.2
-31890.0	7474.0	520.615	29770.0
-31890.0	7474.0	519.369	21557.1
-31890.0	7474.0	518.122	12770.0
-31890.0	7474.0	516.876	7816.4
-31890.0	7474.0	515.629	5158.4
-31890.0	7474.0	514.381	3774.3
-31890.0	7474.0	513.134	3003.99
-31890.0	7474.0	511.886	2520.51
-31890.0	7474.0	510.638	2295.63
-31890.0	7474.0	509.39	2028.79
-31890.0	7474.0	508.141	1942.27
-31890.0	7474.0	506.892	1765.7
-31890.0	7474.0	505.643	1691.28
-31890.0	7474.0	504.394	1646.91
-31890.0	7474.0	503.145	1528.53
-31890.0	7474.0	501.895	1466.2
-31890.0	7474.0	500.645	1453.9
-31890.0	7474.0	499.394	1337.63
-31890.0	7474.0	498.144	1369.34
-31890.0	7474.0	496.893	1339.08
-31890.0	7474.0	495.642	1292.84
-31890.0	7474.0	494.39	1296.57
-31890.0	7474.0	493.139	1242.37
-31890.0	7474.0	491.887	1256.09
-31890.0	7474.0	490.635	1269.81
-31890.0	7474.0	489.382	1303.48
-31890.0	7474.0	488.13	1251.32
-31890.0	7474.0	486.877	1247.07
-31890.0	7474.0	485.623	1268.76
-31890.0	7474.0	484.37	1222.62
-31890.0	7474.0	483.116	1298.14
-31890.0	7474.0	481.862	1174.27
-31890.0	7474.0	480.608	1207.91
-31890.0	7474.0	479.354	1167.8
-31890.0	7474.0	478.099	1225.34
-31890.0	7474.0	476.844	1203.17
-31890.0	7474.0	475.588	1190.98
-31890.0	7474.0	474.333	1196.7
-31890.0	7474.0	473.077	1216.36
-31890.0	7474.0	471.821	1156.4
-31890.0	7474.0	470.565	1229.78
-31890.0	7474.0	469.308	1106.18
-31890.0	7474.0	468.051	1199.44
-31890.0	7474.0	466.794	1171.35
-31890.0	7474.0	465.537	1262.56
-31890.0	7474.0	464.279	1220.56
-31890.0	7474.0	463.021	1180.55
-31890.0	7474.0	461.763	1188.25
-31890.0	7474.0	460.505	1176.09
-31890.0	7474.0	459.246	1179.81
-31890.0	7474.0	457.987	1155.74
-31890.0	7474.0	456.728	1207.12
-31890.0	7474.0	455.469	1189.0
-31890.0	7474.0	454.209	1210.59
-31890.0	7474.0	452.949	1156.76
-31890.0	7474.0	451.689	1184.29
-31890.0	7474.0	450.428	1156.28
-31890.0	7474.0	449.167	1163.97
-31890.0	7474.0	447.906	1231.13
-31890.0	7474.0	446.645	1169.43
-31890.0	7474.0	445.383	1189.0
-31890.0	7474.0	444.122	1214.51
-31890.0	7474.0	442.86	1224.16
-31890.0	7474.0	441.597	1229.85
-31890.0	7474.0	440.335	1178.11
-31890.0	7474.0	439.072	1276.84
-31890.0	7474.0	437.809	1252.83
-31890.0	7474.0	436.545	1181.33
-31890.0	7474.0	435.281	1258.24
-31890.0	7474.0	434.018	1254.02
-31890.0	7474.0	432.753	1243.87
-31890.0	7474.0	431.489	1229.77
-31890.0	7474.0	430.224	1257.18
-31890.0	7474.0	428.959	1324.11
-31890.0	7474.0	427.694	1266.54
-31890.0	7474.0	426.428	1256.39
-31890.0	7474.0	425.163	1244.28
-31890.0	7474.0	423.896	1295.36
-31890.0	7474.0	422.63	1253.63
-31890.0	7474.0	421.364	1275.08
-31890.0	7474.0	420.097	1176.14
-31890.0	7474.0	418.83	1201.55
-31890.0	7474.0	417.562	1254.55
-31890.0	7474.0	416.295	1254.29
-31890.0	7474.0	415.027	1254.03
-31890.0	7474.0	413.758	1277.42
-31890.0	7474.0	412.49	1229.85
-31890.0	7474.0	411.221	1235.5
-31890.0	7474.0	409.952	1252.97
-31890.0	7474.0	408.683	1242.86
-31890.0	7474.0	407.414	1252.45
-31890.0	7474.0	406.144	1244.31
-31890.0	7474.0	404.874	1240.11
-31890.0	7474.0	403.603	1237.88
-31890.0	7474.0	402.333	1231.72
-31890.0	7474.0	401.062	1201.95
-31890.0	7474.0	399.791	1266.6
-31890.0	7474.0	398.519	1207.34
-31890.0	7474.0	397.248	1277.86
-31890.0	7474.0	395.976	1240.25
-31890.0	7474.0	394.704	1300.91
-31890.0	7474.0	393.431	1249.55
-31890.0	7474.0	392.159	1231.61
-31890.0	7474.0	390.886	1231.35
-31890.0	7474.0	389.612	1235.02
-31890.0	7474.0	388.339	1230.83
-31890.0	7474.0	387.065	1267.86
-31890.0	7474.0	385.791	1247.97
-31890.0	7474.0	384.517	1292.83
-31890.0	7474.0	383.242	1229.79
-31890.0	7474.0	381.967	1264.83
-31890.0	7474.0	380.692	1278.29
-31890.0	7474.0	379.417	1283.9
-31890.0	7474.0	378.141	1313.03
-31890.0	7474.0	376.865	1295.11
-31890.0	7474.0	375.589	1349.69
-31890.0	7474.0	374.312	1263.23
-31890.0	7474.0	373.035	1292.34
-31890.0	7474.0	371.758	1241.16
-31890.0	7474.0	370.481	1240.9
-31890.0	7474.0	369.204	1262.16
-31890.0	7474.0	367.926	1301.03
-31890.0	7474.0	366.648	1279.24
-31890.0	7474.0	365.369	1233.99
-31890.0	7474.0	364.091	1239.59
-31890.0	7474.0	362.812	1282.33
-31890.0	7474.0	361.532	1274.24
-31890.0	7474.0	360.253	1330.64
-31890.0	7474.0	358.973	1322.54
-31890.0	7474.0	357.693	1242.19
-31890.0	7474.0	356.413	1320.03
-31890.0	7474.0	355.132	1270.94
-31890.0	7474.0	353.852	1356.56
-31890.0	7474.0	352.571	1315.29
-31890.0	7474.0	351.289	1332.57
-31890.0	7474.0	350.008	1277.67
-31890.0	7474.0	348.726	1333.96
-31890.0	7474.0	347.444	1345.37
-31890.0	7474.0	346.161	1345.09
-31890.0	7474.0	344.878	1346.75
-31890.0	7474.0	343.595	1250.99
-31890.0	7474.0	342.312	1303.32
-31890.0	7474.0	341.029	1330.31
-31890.0	7474.0	339.745	1337.82
-31890.0	7474.0	338.461	1333.64
-31890.0	7474.0	337.176	1345.04
-31890.0	7474.0	335.892	1268.85
-31890.0	7474.0	334.607	1361.98
-31890.0	7474.0	333.322	1338.35
-31890.0	7474.0	332.036	1382.79
-31890.0	7474.0	330.75	1405.83
-31890.0	7474.0	329.464	1401.65
-31890.0	7474.0	328.178	1389.69
-31890.0	7474.0	326.892	1371.9
-31890.0	7474.0	325.605	1408.52
-31890.0	7474.0	324.318	1445.13
-31890.0	7474.0	323.03	1382.68
-31890.0	7474.0	321.743	1401.8
-31890.0	7474.0	320.455	1389.86
-31890.0	7474.0	319.167	1467.19
-31890.0	7474.0	317.878	1414.49
-31890.0	7474.0	316.59	1439.41
-31890.0	7474.0	315.301	1442.98
-31890.0	7474.0	314.011	1479.51
-31890.0	7474.0	312.722	1440.43
-31890.0	7474.0	311.432	1527.34
-31890.0	7474.0	310.142	1527.01
-31890.0	7474.0	308.851	1579.0
-31890.0	7474.0	307.561	1615.47
-31890.0	7474.0	306.27	1591.88
-31890.0	7474.0	304.979	1639.95
-31890.0	7474.0	303.687	1695.74
-31890.0	7474.0	302.395	1664.41
-31890.0	7474.0	301.103	1671.79
-31890.0	7474.0	299.811	1590.19
-31890.0	7474.0	298.519	1634.33
-31890.0	7474.0	297.226	1539.23
-31890.0	7474.0	295.933	1477.04
-31890.0	7474.0	294.639	1490.25
-31890.0	7474.0	293.345	1489.94
-31890.0	7474.0	292.052	1474.16
-31890.0	7474.0	290.757	1464.19
-31890.0	7474.0	289.463	1421.39
-31890.0	7474.0	288.168	1434.6
-31890.0	7474.0	286.873	1445.88
-31890.0	7474.0	285.578	1439.78
-31890.0	7474.0	284.282	1431.75
-31890.0	7474.0	282.986	1427.59
-31890.0	7474.0	281.69	1411.85
-31890.0	7474.0	280.393	1380.7
-31890.0	7474.0	279.097	1390.04
-31890.0	7474.0	277.8	1378.18
-31890.0	7474.0	276.502	1401.01
-31890.0	7474.0	275.205	1325.57
-31890.0	7474.0	273.907	1340.7
-31890.0	7474.0	272.609	1342.34
-31890.0	7474.0	271.311	1355.53
-31890.0	7474.0	270.012	1384.11
-31890.0	7474.0	268.713	1329.93
-31890.0	7474.0	267.414	1391.22
-31890.0	7474.0	266.114	1354.37
-31890.0	7474.0	264.814	1325.23
-31890.0	7474.0	263.514	1353.79
-31890.0	7474.0	262.214	1338.12
-31890.0	7474.0	260.913	1397.42
-31890.0	7474.0	259.613	1345.23
-31890.0	7474.0	258.311	1362.24
-31890.0	7474.0	257.01	1342.74
-31890.0	7474.0	255.708	1357.81
-31890.0	7474.0	254.406	1376.72
-31890.0	7474.0	253.104	1334.19
-31890.0	7474.0	251.801	1364.62
-31890.0	7474.0	250.499	1364.32
-31890.0	7474.0	249.195	1331.42
-31890.0	7474.0	247.892	1256.33
-31890.0	7474.0	246.588	1380.71
-31890.0	7474.0	245.284	1403.42
-31890.0	7474.0	243.98	1288.11
-31890.0	7474.0	242.676	1331.91
-31890.0	7474.0	241.371	1360.36
-31890.0	7474.0	240.066	1304.52
-31890.0	7474.0	238.76	1350.2
-31890.0	7474.0	237.455	1346.08
-31890.0	7474.0	236.149	1391.74
-31890.0	7474.0	234.843	1295.74
-31890.0	7474.0	233.536	1272.5
-31890.0	7474.0	232.229	1339.19
-31890.0	7474.0	230.922	1365.68
-31890.0	7474.0	229.615	1386.42
-31890.0	7474.0	228.307	1410.98
-31890.0	7474.0	227.0	1397.29
-31890.0	7474.0	225.691	1320.55
-31890.0	7474.0	224.383	1266.77
-31890.0	7474.0	223.074	1283.69
-31890.0	7474.0	221.765	1281.5
-31890.0	7474.0	220.456	1321.33
-31890.0	7474.0	219.146	1256.14
-31890.0	7474.0	217.836	1328.39
-31890.0	7474.0	216.526	1259.41
-31890.0	7474.0	215.216	1255.33
-31890.0	7474.0	213.905	1297.02
-31890.0	7474.0	212.594	1233.81
-31890.0	7474.0	211.283	1298.37
-31890.0	7474.0	209.971	1303.81
-31890.0	7474.0	208.66	1280.66
-31890.0	7474.0	207.348	1322.3
-31890.0	7474.0	206.035	1293.44
-31890.0	7474.0	204.722	1277.93
-31890.0	7474.0	203.409	1325.26
-31890.0	7474.0	202.096	1241.21
-31890.0	7474.0	200.783	1288.52
-31890.0	7474.0	199.469	1299.66
-31890.0	7474.0	198.155	1261.33
-31890.0	7474.0	196.84	1217.32
-31890.0	7474.0	195.526	1258.89
-31890.0	7474.0	194.211	1289.04
-31890.0	7474.0	192.896	1265.95
-31890.0	7474.0	191.58	1358.8
-31890.0	7474.0	190.264	1271.11
-31890.0	7474.0	188.948	1259.44
-31890.0	7474.0	187.632	1304.74
-31890.0	7474.0	186.315	1266.49
-31890.0	7474.0	184.998	1273.81
-31890.0	7474.0	183.681	1324.78
-31890.0	7474.0	182.364	1349.16
-31890.0	7474.0	181.046	1310.93
-31890.0	7474.0	179.728	1304.96
-31890.0	7474.0	178.41	1281.92
-31890.0	7474.0	177.091	1291.12
-31890.0	7474.0	175.772	1323.07
-31890.0	7474.0	174.453	1324.68
-31890.0	7474.0	173.133	1295.97
-31890.0	7474.0	171.814	1308.95
-31890.0	7474.0	170.494	1293.52
-31890.0	7474.0	169.173	1317.86
-31890.0	7474.0	167.853	1292.96
-31890.0	7474.0	166.532	1275.65
-31890.0	7474.0	165.211	1294.3
-31890.0	7474.0	163.889	1329.96
-31890.0	7474.0	162.567	1322.11
-31890.0	7474.0	161.245	1287.79
-31890.0	7474.0	159.923	1342.34
-31890.0	7474.0	158.6	1289.12
-31890.0	7474.0	157.278	1303.96
-31890.0	7474.0	155.954	1292.34
-31890.0	7474.0	154.631	1378.96
-31890.0	7474.0	153.307	1376.77
-31890.0	7474.0	151.983	1393.47
-31890.0	7474.0	150.659	1353.53
-31890.0	7474.0	149.334	1364.56
-31890.0	7474.0	148.009	1343.51
-31890.0	7474.0	146.684	1309.26
-31890.0	7474.0	145.359	1344.81
-31890.0	7474.0	144.033	1389.78
-31890.0	7474.0	142.707	1342.35
-31890.0	7474.0	141.381	1289.28
-31890.0	7474.0	140.054	1349.31
-31890.0	7474.0	138.727	1300.03
-31890.0	7474.0	137.4	1343.07
-31890.0	7474.0	136.072	1329.6
-31890.0	7474.0	134.745	1340.61
-31890.0	7474.0	133.417	1362.91
-31890.0	7474.0	132.088	1343.8
-31890.0	7474.0	130.76	1322.81
-31890.0	7474.0	129.431	1424.11
-31890.0	7474.0	128.102	1389.95
-31890.0	7474.0	126.772	1393.41
-31890.0	7474.0	125.442	1363.03
-31890.0	7474.0	124.112	1355.21
-31890.0	7474.0	122.782	1339.89
-31890.0	7474.0	121.451	1412.87
-31890.0	7474.0	120.12	1343.07
-31890.0	7474.0	118.789	1308.97
-31890.0	7474.0	117.458	1333.1
-31890.0	7474.0	116.126	1336.56
-31890.0	7474.0	114.794	1371.93
-31890.0	7474.0	113.462	1300.34
-31890.0	7474.0	112.129	1423.87
-31890.0	7474.0	110.796	1372.92
-31890.0	7474.0	109.463	1385.75
-31890.0	7474.0	108.129	1347.96
-31890.0	7474.0	106.796	1343.92
-31890.0	7474.0	105.461	1336.13
-31890.0	7474.0	104.127	1339.59
-31890.0	7474.0	102.792	1232.53
-31890.0	7474.0	101.457	1271.59
-31890.0	7474.0	100.122	1209.53
-31890.0	7474.0	98.7867	1207.4
-31890.0	7474.0	97.4509	1212.75
-31890.0	7474.0	96.1148	1219.97
-31890.0	7474.0	94.7784	1249.64
-31890.0	7474.0	93.4418	1197.0
-31890.0	7474.0	92.1048	1155.61
-31890.0	7474.0	90.7676	1159.09
-31890.0	7474.0	89.43	1173.8
-31890.0	7474.0	88.0922	1126.83
-31890.0	7474.0	86.7541	1079.87
-31890.0	7474.0	85.4157	1092.72
