-31888.0	7494.0	1311.89	1226.54
-31888.0	7494.0	1310.78	1249.05
-31888.0	7494.0	1309.68	1271.56
-31888.0	7494.0	1308.58	1219.14
-31888.0	7494.0	1307.48	1268.88
-31888.0	7494.0	1306.38	1243.71
-31888.0	7494.0	1305.28	1223.09
-31888.0	7494.0	1304.18	1236.51
-31888.0	7494.0	1303.07	1213.62
-31888.0	7494.0	1301.97	1267.86
-31888.0	7494.0	1300.87	1238.18
-31888.0	7494.0	1299.77	1208.51
-31888.0	7494.0	1298.66	1242.32
-31888.0	7494.0	1297.56	1307.85
-31888.0	7494.0	1296.46	1266.85
-31888.0	7494.0	1295.35	1257.58
-31888.0	7494.0	1294.25	1218.86
-31888.0	7494.0	1293.15	1243.59
-31888.0	7494.0	1292.04	1327.18
-31888.0	7494.0	1290.94	1274.89
-31888.0	7494.0	1289.83	1276.95
-31888.0	7494.0	1288.73	1238.26
-31888.0	7494.0	1287.63	1229.01
-31888.0	7494.0	1286.52	1222.02
-31888.0	7494.0	1285.42	1205.98
-31888.0	7494.0	1284.31	1248.77
-31888.0	7494.0	1283.21	1275.71
-31888.0	7494.0	1282.1	1264.2
-31888.0	7494.0	1280.99	1227.82
-31888.0	7494.0	1279.89	1220.84
-31888.0	7494.0	1278.78	1186.73
-31888.0	7494.0	1277.68	1234.0
-31888.0	7494.0	1276.57	1240.58
-31888.0	7494.0	1275.46	1233.6
-31888.0	7494.0	1274.36	1215.33
-31888.0	7494.0	1273.25	1255.79
-31888.0	7494.0	1272.14	1248.81
-31888.0	7494.0	1271.04	1257.64
-31888.0	7494.0	1269.93	1259.69
-31888.0	7494.0	1268.82	1171.46
-31888.0	7494.0	1267.71	1200.61
-31888.0	7494.0	1266.61	1232.0
-31888.0	7494.0	1265.5	1267.9
-31888.0	7494.0	1264.39	1209.05
-31888.0	7494.0	1263.28	1197.57
-31888.0	7494.0	1262.17	1222.18
-31888.0	7494.0	1261.06	1226.49
-31888.0	7494.0	1259.95	1273.63
-31888.0	7494.0	1258.84	1214.83
-31888.0	7494.0	1257.74	1212.38
-31888.0	7494.0	1256.63	1227.95
-31888.0	7494.0	1255.52	1263.79
-31888.0	7494.0	1254.41	1211.78
-31888.0	7494.0	1253.3	1193.57
-31888.0	7494.0	1252.19	1249.67
-31888.0	7494.0	1251.08	1204.44
-31888.0	7494.0	1249.96	1215.49
-31888.0	7494.0	1248.85	1269.31
-31888.0	7494.0	1247.74	1219.6
-31888.0	7494.0	1246.63	1167.65
-31888.0	7494.0	1245.52	1219.2
-31888.0	7494.0	1244.41	1201.01
-31888.0	7494.0	1243.3	1162.58
-31888.0	7494.0	1242.18	1211.86
-31888.0	7494.0	1241.07	1189.18
-31888.0	7494.0	1239.96	1247.42
-31888.0	7494.0	1238.85	1271.94
-31888.0	7494.0	1237.74	1199.83
-31888.0	7494.0	1236.62	1231.08
-31888.0	7494.0	1235.51	1284.79
-31888.0	7494.0	1234.4	1188.01
-31888.0	7494.0	1233.28	1223.74
-31888.0	7494.0	1232.17	1194.35
-31888.0	7494.0	1231.06	1223.34
-31888.0	7494.0	1229.94	1196.2
-31888.0	7494.0	1228.83	1184.79
-31888.0	7494.0	1227.71	1168.89
-31888.0	7494.0	1226.6	1166.45
-31888.0	7494.0	1225.48	1128.13
-31888.0	7494.0	1224.37	1199.71
-31888.0	7494.0	1223.25	1197.27
-31888.0	7494.0	1222.14	1197.07
-31888.0	7494.0	1221.02	1217.04
-31888.0	7494.0	1219.91	1174.26
-31888.0	7494.0	1218.79	1171.83
-31888.0	7494.0	1217.68	1191.8
-31888.0	7494.0	1216.56	1158.0
-31888.0	7494.0	1215.44	1251.87
-31888.0	7494.0	1214.33	1182.25
-31888.0	7494.0	1213.21	1159.67
-31888.0	7494.0	1212.09	1186.34
-31888.0	7494.0	1210.98	1174.95
-31888.0	7494.0	1209.86	1185.94
-31888.0	7494.0	1208.74	1163.37
-31888.0	7494.0	1207.62	1205.68
-31888.0	7494.0	1206.51	1196.54
-31888.0	7494.0	1205.39	1236.59
-31888.0	7494.0	1204.27	1158.13
-31888.0	7494.0	1203.15	1202.65
-31888.0	7494.0	1202.03	1229.27
-31888.0	7494.0	1200.91	1204.48
-31888.0	7494.0	1199.8	1155.13
-31888.0	7494.0	1198.68	1168.34
-31888.0	7494.0	1197.56	1190.48
-31888.0	7494.0	1196.44	1174.65
-31888.0	7494.0	1195.32	1161.06
-31888.0	7494.0	1194.2	1134.07
-31888.0	7494.0	1193.08	1196.38
-31888.0	7494.0	1191.96	1189.49
-31888.0	7494.0	1190.84	1144.66
-31888.0	7494.0	1189.72	1215.86
-31888.0	7494.0	1188.6	1191.12
-31888.0	7494.0	1187.48	1202.08
-31888.0	7494.0	1186.35	1215.25
-31888.0	7494.0	1185.23	1215.05
-31888.0	7494.0	1184.11	1132.37
-31888.0	7494.0	1182.99	1129.95
-31888.0	7494.0	1181.87	1160.96
-31888.0	7494.0	1180.75	1209.78
-31888.0	7494.0	1179.62	1205.12
-31888.0	7494.0	1178.5	1129.2
-31888.0	7494.0	1177.38	1189.13
-31888.0	7494.0	1176.26	1206.74
-31888.0	7494.0	1175.13	1128.63
-31888.0	7494.0	1174.01	1108.41
-31888.0	7494.0	1172.89	1217.26
-31888.0	7494.0	1171.76	1170.33
-31888.0	7494.0	1170.64	1190.16
-31888.0	7494.0	1169.51	1149.92
-31888.0	7494.0	1168.39	1196.43
-31888.0	7494.0	1167.27	1176.22
-31888.0	7494.0	1166.14	1140.45
-31888.0	7494.0	1165.02	1144.7
-31888.0	7494.0	1163.89	1102.29
-31888.0	7494.0	1162.77	1190.98
-31888.0	7494.0	1161.64	1119.69
-31888.0	7494.0	1160.52	1179.47
-31888.0	7494.0	1159.39	1165.95
-31888.0	7494.0	1158.26	1119.12
-31888.0	7494.0	1157.14	1143.35
-31888.0	7494.0	1156.01	1180.9
-31888.0	7494.0	1154.88	1182.92
-31888.0	7494.0	1153.76	1169.4
-31888.0	7494.0	1152.63	1127.05
-31888.0	7494.0	1151.5	1177.88
-31888.0	7494.0	1150.38	1124.45
-31888.0	7494.0	1149.25	1146.44
-31888.0	7494.0	1148.12	1148.46
-31888.0	7494.0	1146.99	1148.26
-31888.0	7494.0	1145.87	1165.8
-31888.0	7494.0	1144.74	1185.55
-31888.0	7494.0	1143.61	1220.79
-31888.0	7494.0	1142.48	1167.42
-31888.0	7494.0	1141.35	1142.86
-31888.0	7494.0	1140.22	1124.95
-31888.0	7494.0	1139.09	1113.69
-31888.0	7494.0	1137.97	1168.84
-31888.0	7494.0	1136.84	1164.22
-31888.0	7494.0	1135.71	1157.38
-31888.0	7494.0	1134.58	1154.97
-31888.0	7494.0	1133.45	1121.59
-31888.0	7494.0	1132.32	1156.79
-31888.0	7494.0	1131.19	1138.9
-31888.0	7494.0	1130.05	1154.18
-31888.0	7494.0	1128.92	1184.94
-31888.0	7494.0	1127.79	1153.79
-31888.0	7494.0	1126.66	1160.22
-31888.0	7494.0	1125.53	1182.12
-31888.0	7494.0	1124.4	1150.99
-31888.0	7494.0	1123.27	1144.17
-31888.0	7494.0	1122.13	1110.84
-31888.0	7494.0	1121.0	1121.69
-31888.0	7494.0	1119.87	1095.01
-31888.0	7494.0	1118.74	1174.28
-31888.0	7494.0	1117.6	1167.46
-31888.0	7494.0	1116.47	1145.2
-31888.0	7494.0	1115.34	1105.29
-31888.0	7494.0	1114.2	1162.45
-31888.0	7494.0	1113.07	1129.17
-31888.0	7494.0	1111.94	1106.93
-31888.0	7494.0	1110.8	1161.85
-31888.0	7494.0	1109.67	1161.65
-31888.0	7494.0	1108.54	1119.58
-31888.0	7494.0	1107.4	1130.4
-31888.0	7494.0	1106.27	1094.96
-31888.0	7494.0	1105.13	1116.8
-31888.0	7494.0	1104.0	1118.81
-31888.0	7494.0	1102.86	1118.62
-31888.0	7494.0	1101.72	1144.84
-31888.0	7494.0	1100.59	1111.63
-31888.0	7494.0	1099.45	1148.85
-31888.0	7494.0	1098.32	1170.66
-31888.0	7494.0	1097.18	1133.05
-31888.0	7494.0	1096.04	1126.26
-31888.0	7494.0	1094.91	1148.06
-31888.0	7494.0	1093.77	1156.65
-31888.0	7494.0	1092.63	1116.88
-31888.0	7494.0	1091.5	1195.82
-31888.0	7494.0	1090.36	1123.09
-31888.0	7494.0	1089.22	1144.87
-31888.0	7494.0	1088.08	1085.35
-31888.0	7494.0	1086.95	1135.68
-31888.0	7494.0	1085.81	1091.56
-31888.0	7494.0	1084.67	1146.27
-31888.0	7494.0	1083.53	1143.87
-31888.0	7494.0	1082.39	1139.29
-31888.0	7494.0	1081.25	1121.53
-31888.0	7494.0	1080.11	1132.31
-31888.0	7494.0	1078.97	1086.04
-31888.0	7494.0	1077.83	1167.01
-31888.0	7494.0	1076.69	1083.46
-31888.0	7494.0	1075.55	1096.43
-31888.0	7494.0	1074.41	1085.28
-31888.0	7494.0	1073.27	1113.59
-31888.0	7494.0	1072.13	1082.71
-31888.0	7494.0	1070.99	1113.2
-31888.0	7494.0	1069.85	1077.95
-31888.0	7494.0	1068.71	1079.95
-31888.0	7494.0	1067.57	1136.71
-31888.0	7494.0	1066.43	1110.23
-31888.0	7494.0	1065.28	1092.52
-31888.0	7494.0	1064.14	1090.14
-31888.0	7494.0	1063.0	1089.95
-31888.0	7494.0	1061.86	1078.82
-31888.0	7494.0	1060.71	1128.95
-31888.0	7494.0	1059.57	1071.88
-31888.0	7494.0	1058.43	1089.19
-31888.0	7494.0	1057.29	1047.45
-31888.0	7494.0	1056.14	1095.37
-31888.0	7494.0	1055.0	1106.11
-31888.0	7494.0	1053.85	1103.73
-31888.0	7494.0	1052.71	1147.24
-31888.0	7494.0	1051.57	1109.89
-31888.0	7494.0	1050.42	1083.49
-31888.0	7494.0	1049.28	1109.5
-31888.0	7494.0	1048.13	1131.15
-31888.0	7494.0	1046.99	1100.38
-31888.0	7494.0	1045.84	1071.81
-31888.0	7494.0	1044.7	1065.07
-31888.0	7494.0	1043.55	1101.98
-31888.0	7494.0	1042.4	1055.97
-31888.0	7494.0	1041.26	1097.23
-31888.0	7494.0	1040.11	1094.86
-31888.0	7494.0	1038.97	1092.48
-31888.0	7494.0	1037.82	1114.09
-31888.0	7494.0	1036.67	1081.2
-31888.0	7494.0	1035.53	1148.57
-31888.0	7494.0	1034.38	1093.89
-31888.0	7494.0	1033.23	1106.77
-31888.0	7494.0	1032.08	1198.06
-31888.0	7494.0	1030.94	1130.34
-31888.0	7494.0	1029.79	1143.2
-31888.0	7494.0	1028.64	1129.94
-31888.0	7494.0	1027.49	1121.03
-31888.0	7494.0	1026.34	1101.24
-31888.0	7494.0	1025.19	1151.1
-31888.0	7494.0	1024.04	1177.0
-31888.0	7494.0	1022.89	1146.34
-31888.0	7494.0	1021.74	1080.89
-31888.0	7494.0	1020.59	1158.98
-31888.0	7494.0	1019.45	1134.86
-31888.0	7494.0	1018.29	1160.74
-31888.0	7494.0	1017.14	1147.49
-31888.0	7494.0	1015.99	1140.77
-31888.0	7494.0	1014.84	1160.12
-31888.0	7494.0	1013.69	1183.81
-31888.0	7494.0	1012.54	1196.63
-31888.0	7494.0	1011.39	1150.82
-31888.0	7494.0	1010.24	1176.66
-31888.0	7494.0	1009.09	1224.21
-31888.0	7494.0	1007.93	1148.03
-31888.0	7494.0	1006.78	1217.26
-31888.0	7494.0	1005.63	1273.45
-31888.0	7494.0	1004.48	1262.37
-31888.0	7494.0	1003.32	1199.26
-31888.0	7494.0	1002.17	1218.56
-31888.0	7494.0	1001.02	1187.99
-31888.0	7494.0	999.865	1233.3
-31888.0	7494.0	998.711	1259.08
-31888.0	7494.0	997.558	1278.35
-31888.0	7494.0	996.403	1219.64
-31888.0	7494.0	995.249	1258.4
-31888.0	7494.0	994.095	1284.16
-31888.0	7494.0	992.94	1325.07
-31888.0	7494.0	991.785	1307.52
-31888.0	7494.0	990.63	1318.1
-31888.0	7494.0	989.475	1352.49
-31888.0	7494.0	988.319	1404.17
-31888.0	7494.0	987.164	1406.09
-31888.0	7494.0	986.008	1414.48
-31888.0	7494.0	984.852	1474.78
-31888.0	7494.0	983.695	1416.14
-31888.0	7494.0	982.539	1554.23
-31888.0	7494.0	981.382	1486.95
-31888.0	7494.0	980.225	1560.15
-31888.0	7494.0	979.068	1454.01
-31888.0	7494.0	977.911	1475.35
-31888.0	7494.0	976.753	1524.75
-31888.0	7494.0	975.595	1539.59
-31888.0	7494.0	974.437	1552.27
-31888.0	7494.0	973.279	1530.4
-31888.0	7494.0	972.121	1566.82
-31888.0	7494.0	970.962	1510.43
-31888.0	7494.0	969.803	1577.04
-31888.0	7494.0	968.644	1611.26
-31888.0	7494.0	967.485	1554.9
-31888.0	7494.0	966.326	1515.81
-31888.0	7494.0	965.166	1547.87
-31888.0	7494.0	964.006	1526.04
-31888.0	7494.0	962.846	1676.61
-31888.0	7494.0	961.686	1525.48
-31888.0	7494.0	960.525	1570.45
-31888.0	7494.0	959.365	1555.08
-31888.0	7494.0	958.204	1576.34
-31888.0	7494.0	957.043	1567.44
-31888.0	7494.0	955.881	1601.6
-31888.0	7494.0	954.72	1592.7
-31888.0	7494.0	953.558	1633.29
-31888.0	7494.0	952.396	1581.36
-31888.0	7494.0	951.234	1628.4
-31888.0	7494.0	950.071	1630.25
-31888.0	7494.0	948.909	1589.1
-31888.0	7494.0	947.746	1623.21
-31888.0	7494.0	946.583	1672.35
-31888.0	7494.0	945.42	1659.15
-31888.0	7494.0	944.256	1585.79
-31888.0	7494.0	943.092	1596.24
-31888.0	7494.0	941.929	1613.14
-31888.0	7494.0	940.765	1651.5
-31888.0	7494.0	939.6	1646.9
-31888.0	7494.0	938.436	1665.92
-31888.0	7494.0	937.271	1517.52
-31888.0	7494.0	936.106	1549.43
-31888.0	7494.0	934.941	1549.15
-31888.0	7494.0	933.775	1463.05
-31888.0	7494.0	932.61	1424.18
-31888.0	7494.0	931.444	1396.04
-31888.0	7494.0	930.278	1370.05
-31888.0	7494.0	929.112	1320.5
-31888.0	7494.0	927.945	1238.81
-31888.0	7494.0	926.779	1277.16
-31888.0	7494.0	925.612	1242.64
-31888.0	7494.0	924.445	1195.29
-31888.0	7494.0	923.278	1152.24
-31888.0	7494.0	922.11	1156.31
-31888.0	7494.0	920.942	1087.58
-31888.0	7494.0	919.774	1202.97
-31888.0	7494.0	918.606	1138.55
-31888.0	7494.0	917.438	1159.74
-31888.0	7494.0	916.269	1170.22
-31888.0	7494.0	915.1	1146.47
-31888.0	7494.0	913.931	1118.46
-31888.0	7494.0	912.762	1071.22
-31888.0	7494.0	911.593	1081.71
-31888.0	7494.0	910.423	1083.65
-31888.0	7494.0	909.253	1115.5
-31888.0	7494.0	908.083	1081.11
-31888.0	7494.0	906.913	1085.18
-31888.0	7494.0	905.742	1134.1
-31888.0	7494.0	904.572	1029.26
-31888.0	7494.0	903.401	1031.21
-31888.0	7494.0	902.229	1065.17
-31888.0	7494.0	901.058	1120.46
-31888.0	7494.0	899.886	1092.51
-31888.0	7494.0	898.715	1083.78
-31888.0	7494.0	897.543	1011.05
-31888.0	7494.0	896.37	1119.63
-31888.0	7494.0	895.198	1089.57
-31888.0	7494.0	894.025	1082.97
-31888.0	7494.0	892.852	1082.77
-31888.0	7494.0	891.679	1112.41
-31888.0	7494.0	890.506	1075.98
-31888.0	7494.0	889.332	1073.65
-31888.0	7494.0	888.158	1071.32
-31888.0	7494.0	886.984	1064.73
-31888.0	7494.0	885.81	1028.34
-31888.0	7494.0	884.636	1036.66
-31888.0	7494.0	883.461	1121.6
-31888.0	7494.0	882.286	1063.94
-31888.0	7494.0	881.111	1046.72
-31888.0	7494.0	879.936	1080.56
-31888.0	7494.0	878.76	1116.51
-31888.0	7494.0	877.584	1063.15
-31888.0	7494.0	876.408	1062.95
-31888.0	7494.0	875.232	1052.12
-31888.0	7494.0	874.056	1085.93
-31888.0	7494.0	872.879	1041.11
-31888.0	7494.0	871.702	1055.78
-31888.0	7494.0	870.525	1078.95
-31888.0	7494.0	869.348	1046.89
-31888.0	7494.0	868.17	1038.2
-31888.0	7494.0	866.993	1059.24
-31888.0	7494.0	865.815	1020.84
-31888.0	7494.0	864.637	1063.08
-31888.0	7494.0	863.458	1090.47
-31888.0	7494.0	862.28	1013.9
-31888.0	7494.0	861.101	1077.33
-31888.0	7494.0	859.922	1108.94
-31888.0	7494.0	858.742	1015.45
-31888.0	7494.0	857.563	1049.17
-31888.0	7494.0	856.383	1074.4
-31888.0	7494.0	855.203	1029.71
-31888.0	7494.0	854.023	1035.87
-31888.0	7494.0	852.843	1094.98
-31888.0	7494.0	851.662	1060.89
-31888.0	7494.0	850.481	1045.87
-31888.0	7494.0	849.3	965.239
-31888.0	7494.0	848.119	1015.85
-31888.0	7494.0	846.937	1064.33
-31888.0	7494.0	845.756	1081.05
-31888.0	7494.0	844.574	1049.12
-31888.0	7494.0	843.392	1080.64
-31888.0	7494.0	842.209	1071.98
-31888.0	7494.0	841.027	1042.18
-31888.0	7494.0	839.844	1054.67
-31888.0	7494.0	838.661	1012.2
-31888.0	7494.0	837.477	1054.27
-31888.0	7494.0	836.294	1049.84
-31888.0	7494.0	835.11	1013.74
-31888.0	7494.0	833.926	1117.02
-31888.0	7494.0	832.742	1083.03
-31888.0	7494.0	831.558	1053.27
-31888.0	7494.0	830.373	1082.62
-31888.0	7494.0	829.188	1069.75
-31888.0	7494.0	828.003	1056.89
-31888.0	7494.0	826.818	1094.66
-31888.0	7494.0	825.632	1039.62
-31888.0	7494.0	824.446	1005.69
-31888.0	7494.0	823.26	1070.85
-31888.0	7494.0	822.074	1117.01
-31888.0	7494.0	820.888	1076.76
-31888.0	7494.0	819.701	1080.77
-31888.0	7494.0	818.514	1070.03
-31888.0	7494.0	817.327	1061.41
-31888.0	7494.0	816.14	1078.05
-31888.0	7494.0	814.952	1067.32
-31888.0	7494.0	813.765	1075.53
-31888.0	7494.0	812.577	1031.14
-31888.0	7494.0	811.388	1064.6
-31888.0	7494.0	810.2	1009.71
-31888.0	7494.0	809.011	1038.96
-31888.0	7494.0	807.822	1055.58
-31888.0	7494.0	806.633	1019.64
-31888.0	7494.0	805.444	1017.35
-31888.0	7494.0	804.254	1033.96
-31888.0	7494.0	803.064	1061.08
-31888.0	7494.0	801.874	1060.88
-31888.0	7494.0	800.684	1048.07
-31888.0	7494.0	799.493	1026.87
-31888.0	7494.0	798.303	1053.97
-31888.0	7494.0	797.112	1024.38
-31888.0	7494.0	795.921	1087.15
-31888.0	7494.0	794.729	1055.46
-31888.0	7494.0	793.538	1044.77
-31888.0	7494.0	792.346	975.354
-31888.0	7494.0	791.154	1017.11
-31888.0	7494.0	789.961	1000.14
-31888.0	7494.0	788.769	1090.09
-31888.0	7494.0	787.576	1052.16
-31888.0	7494.0	786.383	1010.04
-31888.0	7494.0	785.19	949.09
-31888.0	7494.0	783.996	1013.84
-31888.0	7494.0	782.802	1024.12
-31888.0	7494.0	781.608	1030.21
-31888.0	7494.0	780.414	1032.1
-31888.0	7494.0	779.22	1044.46
-31888.0	7494.0	778.025	1027.52
-31888.0	7494.0	776.83	1044.06
-31888.0	7494.0	775.635	1073.14
-31888.0	7494.0	774.44	1085.49
-31888.0	7494.0	773.244	1037.18
-31888.0	7494.0	772.049	1062.07
-31888.0	7494.0	770.853	1080.68
-31888.0	7494.0	769.656	1032.4
-31888.0	7494.0	768.46	1017.58
-31888.0	7494.0	767.263	1080.05
-31888.0	7494.0	766.066	1054.78
-31888.0	7494.0	764.869	1054.58
-31888.0	7494.0	763.672	1000.09
-31888.0	7494.0	762.474	1035.38
-31888.0	7494.0	761.276	1083.18
-31888.0	7494.0	760.078	1028.72
-31888.0	7494.0	758.88	1013.92
-31888.0	7494.0	757.681	1059.61
-31888.0	7494.0	756.483	1028.12
-31888.0	7494.0	755.284	1015.41
-31888.0	7494.0	754.084	1021.47
-31888.0	7494.0	752.885	1004.6
-31888.0	7494.0	751.685	1023.16
-31888.0	7494.0	750.485	1025.04
-31888.0	7494.0	749.285	995.682
-31888.0	7494.0	748.085	976.745
-31888.0	7494.0	746.884	1057.76
-31888.0	7494.0	745.683	1049.23
-31888.0	7494.0	744.482	1044.86
-31888.0	7494.0	743.281	1032.17
-31888.0	7494.0	742.079	1073.58
-31888.0	7494.0	740.877	1081.7
-31888.0	7494.0	739.675	1012.85
-31888.0	7494.0	738.473	1025.13
-31888.0	7494.0	737.27	1004.14
-31888.0	7494.0	736.068	1008.1
-31888.0	7494.0	734.865	1043.24
-31888.0	7494.0	733.661	972.388
-31888.0	7494.0	732.458	1015.82
-31888.0	7494.0	731.254	992.778
-31888.0	7494.0	730.05	1009.2
-31888.0	7494.0	728.846	1025.61
-31888.0	7494.0	727.642	981.818
-31888.0	7494.0	726.437	1021.06
-31888.0	7494.0	725.232	1035.38
-31888.0	7494.0	724.027	983.317
-31888.0	7494.0	722.822	1003.87
-31888.0	7494.0	721.616	1024.41
-31888.0	7494.0	720.41	1034.57
-31888.0	7494.0	719.204	1042.66
-31888.0	7494.0	717.998	982.355
-31888.0	7494.0	716.791	1009.1
-31888.0	7494.0	715.585	959.181
-31888.0	7494.0	714.378	1176.48
-31888.0	7494.0	713.17	1043.71
-31888.0	7494.0	711.963	1041.43
-31888.0	7494.0	710.755	966.709
-31888.0	7494.0	709.547	1024.47
-31888.0	7494.0	708.339	1063.58
-31888.0	7494.0	707.131	1011.65
-31888.0	7494.0	705.922	1073.51
-31888.0	7494.0	704.713	1025.73
-31888.0	7494.0	703.504	1033.8
-31888.0	7494.0	702.295	1033.6
-31888.0	7494.0	701.085	1020.99
-31888.0	7494.0	699.875	1010.46
-31888.0	7494.0	698.665	1002.0
-31888.0	7494.0	697.455	1059.64
-31888.0	7494.0	696.244	1063.56
-31888.0	7494.0	695.034	1024.12
-31888.0	7494.0	693.822	1044.56
-31888.0	7494.0	692.611	1044.35
-31888.0	7494.0	691.4	1075.1
-31888.0	7494.0	690.188	1085.2
-31888.0	7494.0	688.976	1041.67
-31888.0	7494.0	687.764	1047.65
-31888.0	7494.0	686.551	1006.21
-31888.0	7494.0	685.339	1082.28
-31888.0	7494.0	684.126	1042.91
-31888.0	7494.0	682.912	1036.52
-31888.0	7494.0	681.699	1065.16
-31888.0	7494.0	680.485	1077.31
-31888.0	7494.0	679.271	1107.99
-31888.0	7494.0	678.057	1091.29
-31888.0	7494.0	676.843	1072.55
-31888.0	7494.0	675.628	1072.34
-31888.0	7494.0	674.413	1045.37
-31888.0	7494.0	673.198	1051.34
-31888.0	7494.0	671.983	1084.04
-31888.0	7494.0	670.767	1131.13
-31888.0	7494.0	669.551	1058.94
-31888.0	7494.0	668.335	1091.62
-31888.0	7494.0	667.119	1126.34
-31888.0	7494.0	665.902	1087.08
-31888.0	7494.0	664.686	1117.68
-31888.0	7494.0	663.469	1127.73
-31888.0	7494.0	662.251	1063.84
-31888.0	7494.0	661.034	1119.06
-31888.0	7494.0	659.816	1094.21
-31888.0	7494.0	658.598	1077.57
-31888.0	7494.0	657.38	1085.56
-31888.0	7494.0	656.161	1095.6
-31888.0	7494.0	654.942	1081.03
-31888.0	7494.0	653.723	1099.27
-31888.0	7494.0	652.504	1082.65
-31888.0	7494.0	651.285	1070.13
-31888.0	7494.0	650.065	1051.47
-31888.0	7494.0	648.845	1049.21
-31888.0	7494.0	647.625	1065.39
-31888.0	7494.0	646.404	1130.73
-31888.0	7494.0	645.184	1075.21
-31888.0	7494.0	643.963	1138.47
-31888.0	7494.0	642.742	1058.4
-31888.0	7494.0	641.52	1107.31
-31888.0	7494.0	640.298	1109.14
-31888.0	7494.0	639.076	1025.03
-31888.0	7494.0	637.854	1155.74
-31888.0	7494.0	636.632	1137.1
-31888.0	7494.0	635.409	1050.99
-31888.0	7494.0	634.186	1120.29
-31888.0	7494.0	632.963	1093.5
-31888.0	7494.0	631.74	1128.02
-31888.0	7494.0	630.516	1093.06
-31888.0	7494.0	629.292	1117.35
-31888.0	7494.0	628.068	1151.84
-31888.0	7494.0	626.844	1043.39
-31888.0	7494.0	625.619	1069.72
-31888.0	7494.0	624.394	1087.88
-31888.0	7494.0	623.169	1110.11
-31888.0	7494.0	621.944	1181.29
-31888.0	7494.0	620.718	1036.23
-31888.0	7494.0	619.492	1095.16
-31888.0	7494.0	618.266	1101.06
-31888.0	7494.0	617.04	1094.72
-31888.0	7494.0	615.813	1035.39
-31888.0	7494.0	614.587	1088.17
-31888.0	7494.0	613.36	1065.54
-31888.0	7494.0	612.132	1093.84
-31888.0	7494.0	610.905	1091.58
-31888.0	7494.0	609.677	1099.51
-31888.0	7494.0	608.449	1097.25
-31888.0	7494.0	607.22	1109.24
-31888.0	7494.0	605.992	1115.12
-31888.0	7494.0	604.763	1084.38
-31888.0	7494.0	603.534	1055.68
-31888.0	7494.0	602.305	1104.28
-31888.0	7494.0	601.075	1118.29
-31888.0	7494.0	599.845	1093.67
-31888.0	7494.0	598.615	1113.77
-31888.0	7494.0	597.385	1121.67
-31888.0	7494.0	596.154	1115.35
-31888.0	7494.0	594.924	1088.72
-31888.0	7494.0	593.693	1082.41
-31888.0	7494.0	592.461	1096.4
-31888.0	7494.0	591.23	1081.97
-31888.0	7494.0	589.998	1091.9
-31888.0	7494.0	588.766	1067.33
-31888.0	7494.0	587.534	1095.51
-31888.0	7494.0	586.301	1056.75
-31888.0	7494.0	585.068	1080.87
-31888.0	7494.0	583.835	1125.26
-31888.0	7494.0	582.602	1066.24
-31888.0	7494.0	581.368	1084.27
-31888.0	7494.0	580.134	1069.86
-31888.0	7494.0	578.9	1108.14
-31888.0	7494.0	577.666	1134.24
-31888.0	7494.0	576.432	1093.51
-31888.0	7494.0	575.197	1083.17
-31888.0	7494.0	573.962	1058.66
-31888.0	7494.0	572.726	1113.08
-31888.0	7494.0	571.491	1100.72
-31888.0	7494.0	570.255	1138.93
-31888.0	7494.0	569.019	1108.36
-31888.0	7494.0	567.783	1122.29
-31888.0	7494.0	566.546	1140.26
-31888.0	7494.0	565.309	1073.32
-31888.0	7494.0	564.072	1119.58
-31888.0	7494.0	562.835	1072.88
-31888.0	7494.0	561.597	1127.21
-31888.0	7494.0	560.359	1074.46
-31888.0	7494.0	559.121	1124.73
-31888.0	7494.0	557.883	1130.55
-31888.0	7494.0	556.644	1100.05
-31888.0	7494.0	555.406	1091.75
-31888.0	7494.0	554.167	1150.04
-31888.0	7494.0	552.927	1186.11
-31888.0	7494.0	551.688	1222.17
-31888.0	7494.0	550.448	1187.64
-31888.0	7494.0	549.208	1211.59
-31888.0	7494.0	547.967	1277.86
-31888.0	7494.0	546.727	1241.32
-31888.0	7494.0	545.486	1275.32
-31888.0	7494.0	544.245	1250.89
-31888.0	7494.0	543.003	1337.23
-31888.0	7494.0	541.762	1367.16
-31888.0	7494.0	540.52	1364.86
-31888.0	7494.0	539.278	1316.28
-31888.0	7494.0	538.035	1420.65
-31888.0	7494.0	536.793	1494.8
-31888.0	7494.0	535.55	1574.95
-31888.0	7494.0	534.307	1606.8
-31888.0	7494.0	533.063	1719.06
-31888.0	7494.0	531.82	1807.16
-31888.0	7494.0	530.576	2021.83
-31888.0	7494.0	529.331	2268.57
-31888.0	7494.0	528.087	2625.7
-31888.0	7494.0	526.842	3105.2
-31888.0	7494.0	525.597	4148.78
-31888.0	7494.0	524.352	6262.05
-31888.0	7494.0	523.107	11594.2
-31888.0	7494.0	521.861	23063.1
-31888.0	7494.0	520.615	29768.0
-31888.0	7494.0	519.369	21681.5
-31888.0	7494.0	518.122	12675.7
-31888.0	7494.0	516.876	7543.69
-31888.0	7494.0	515.629	5214.54
-31888.0	7494.0	514.381	3760.27
-31888.0	7494.0	513.134	3054.09
-31888.0	7494.0	511.886	2608.66
-31888.0	7494.0	510.638	2259.57
-31888.0	7494.0	509.39	2060.84
-31888.0	7494.0	508.141	1882.2
-31888.0	7494.0	506.892	1801.74
-31888.0	7494.0	505.643	1663.26
-31888.0	7494.0	504.394	1562.86
-31888.0	7494.0	503.145	1538.53
-31888.0	7494.0	501.895	1568.22
-31888.0	7494.0	500.645	1405.9
-31888.0	7494.0	499.394	1413.61
-31888.0	7494.0	498.144	1377.34
-31888.0	7494.0	496.893	1285.12
-31888.0	7494.0	495.642	1340.8
-31888.0	7494.0	494.39	1224.65
-31888.0	7494.0	493.139	1218.4
-31888.0	7494.0	491.887	1206.17
-31888.0	7494.0	490.635	1255.83
-31888.0	7494.0	489.382	1237.61
-31888.0	7494.0	488.13	1239.35
-31888.0	7494.0	486.877	1265.03
-31888.0	7494.0	485.623	1286.71
-31888.0	7494.0	484.37	1210.66
-31888.0	7494.0	483.116	1258.26
-31888.0	7494.0	481.862	1180.25
-31888.0	7494.0	480.608	1170.04
-31888.0	7494.0	479.354	1211.65
-31888.0	7494.0	478.099	1237.3
-31888.0	7494.0	476.844	1215.13
-31888.0	7494.0	475.588	1175.04
-31888.0	7494.0	474.333	1182.76
-31888.0	7494.0	473.077	1248.21
-31888.0	7494.0	471.821	1152.42
-31888.0	7494.0	470.565	1203.92
-31888.0	7494.0	469.308	1165.86
-31888.0	7494.0	468.051	1157.67
-31888.0	7494.0	466.794	1161.4
-31888.0	7494.0	465.537	1204.9
-31888.0	7494.0	464.279	1162.91
-31888.0	7494.0	463.021	1164.65
-31888.0	7494.0	461.763	1174.35
-31888.0	7494.0	460.505	1191.98
-31888.0	7494.0	459.246	1217.55
-31888.0	7494.0	457.987	1191.48
-31888.0	7494.0	456.728	1177.34
-31888.0	7494.0	455.469	1204.88
-31888.0	7494.0	454.209	1180.82
-31888.0	7494.0	452.949	1158.74
-31888.0	7494.0	451.689	1212.06
-31888.0	7494.0	450.428	1182.06
-31888.0	7494.0	449.167	1231.39
-31888.0	7494.0	447.906	1237.08
-31888.0	7494.0	446.645	1185.29
-31888.0	7494.0	445.383	1232.6
-31888.0	7494.0	444.122	1186.77
-31888.0	7494.0	442.86	1158.79
-31888.0	7494.0	441.597	1241.73
-31888.0	7494.0	440.335	1172.17
-31888.0	7494.0	439.072	1229.33
-31888.0	7494.0	437.809	1298.35
-31888.0	7494.0	436.545	1258.5
-31888.0	7494.0	435.281	1210.76
-31888.0	7494.0	434.018	1244.13
-31888.0	7494.0	432.753	1257.71
-31888.0	7494.0	431.489	1196.16
-31888.0	7494.0	430.224	1227.53
-31888.0	7494.0	428.959	1304.35
-31888.0	7494.0	427.694	1286.3
-31888.0	7494.0	426.428	1203.06
-31888.0	7494.0	425.163	1242.31
-31888.0	7494.0	423.896	1247.97
-31888.0	7494.0	422.63	1200.33
-31888.0	7494.0	421.364	1281.0
-31888.0	7494.0	420.097	1225.48
-31888.0	7494.0	418.83	1264.68
-31888.0	7494.0	417.562	1205.24
-31888.0	7494.0	416.295	1238.51
-31888.0	7494.0	415.027	1226.42
-31888.0	7494.0	413.758	1239.96
-31888.0	7494.0	412.49	1231.82
-31888.0	7494.0	411.221	1207.92
-31888.0	7494.0	409.952	1211.6
-31888.0	7494.0	408.683	1211.35
-31888.0	7494.0	407.414	1274.11
-31888.0	7494.0	406.144	1248.25
-31888.0	7494.0	404.874	1186.96
-31888.0	7494.0	403.603	1249.69
-31888.0	7494.0	402.333	1251.39
-31888.0	7494.0	401.062	1213.75
-31888.0	7494.0	399.791	1294.14
-31888.0	7494.0	398.519	1217.18
-31888.0	7494.0	397.248	1216.92
-31888.0	7494.0	395.976	1173.42
-31888.0	7494.0	394.704	1232.13
-31888.0	7494.0	393.431	1214.19
-31888.0	7494.0	392.159	1227.68
-31888.0	7494.0	390.886	1241.17
-31888.0	7494.0	389.612	1211.46
-31888.0	7494.0	388.339	1215.13
-31888.0	7494.0	387.065	1224.68
-31888.0	7494.0	385.791	1269.56
-31888.0	7494.0	384.517	1243.79
-31888.0	7494.0	383.242	1263.14
-31888.0	7494.0	381.967	1266.79
-31888.0	7494.0	380.692	1286.13
-31888.0	7494.0	379.417	1295.66
-31888.0	7494.0	378.141	1265.99
-31888.0	7494.0	376.865	1222.62
-31888.0	7494.0	375.589	1277.21
-31888.0	7494.0	374.312	1286.73
-31888.0	7494.0	373.035	1317.79
-31888.0	7494.0	371.758	1284.23
-31888.0	7494.0	370.481	1262.43
-31888.0	7494.0	369.204	1242.6
-31888.0	7494.0	367.926	1306.9
-31888.0	7494.0	366.648	1287.06
-31888.0	7494.0	365.369	1278.96
-31888.0	7494.0	364.091	1257.19
-31888.0	7494.0	362.812	1331.2
-31888.0	7494.0	361.532	1344.6
-31888.0	7494.0	360.253	1287.65
-31888.0	7494.0	358.973	1285.43
-31888.0	7494.0	357.693	1289.06
-31888.0	7494.0	356.413	1267.31
-31888.0	7494.0	355.132	1308.04
-31888.0	7494.0	353.852	1356.56
-31888.0	7494.0	352.571	1340.66
-31888.0	7494.0	351.289	1266.23
-31888.0	7494.0	350.008	1258.16
-31888.0	7494.0	348.726	1294.95
-31888.0	7494.0	347.444	1331.72
-31888.0	7494.0	346.161	1280.76
-31888.0	7494.0	344.878	1272.69
-31888.0	7494.0	343.595	1309.44
-31888.0	7494.0	342.312	1295.53
-31888.0	7494.0	341.029	1306.94
-31888.0	7494.0	339.745	1304.71
-31888.0	7494.0	338.461	1349.22
-31888.0	7494.0	337.176	1337.25
-31888.0	7494.0	335.892	1311.67
-31888.0	7494.0	334.607	1369.76
-31888.0	7494.0	333.322	1400.59
-31888.0	7494.0	332.036	1369.18
-31888.0	7494.0	330.75	1384.44
-31888.0	7494.0	329.464	1366.65
-31888.0	7494.0	328.178	1428.56
-31888.0	7494.0	326.892	1393.28
-31888.0	7494.0	325.605	1389.1
-31888.0	7494.0	324.318	1408.22
-31888.0	7494.0	323.03	1427.34
-31888.0	7494.0	321.743	1423.16
-31888.0	7494.0	320.455	1469.44
-31888.0	7494.0	319.167	1478.83
-31888.0	7494.0	317.878	1422.25
-31888.0	7494.0	316.59	1485.96
-31888.0	7494.0	315.301	1487.59
-31888.0	7494.0	314.011	1502.78
-31888.0	7494.0	312.722	1469.51
-31888.0	7494.0	311.432	1521.53
-31888.0	7494.0	310.142	1461.13
-31888.0	7494.0	308.851	1458.88
-31888.0	7494.0	307.561	1584.47
-31888.0	7494.0	306.27	1613.19
-31888.0	7494.0	304.979	1670.93
-31888.0	7494.0	303.687	1740.26
-31888.0	7494.0	302.395	1654.73
-31888.0	7494.0	301.103	1660.18
-31888.0	7494.0	299.811	1661.77
-31888.0	7494.0	298.519	1566.64
-31888.0	7494.0	297.226	1467.69
-31888.0	7494.0	295.933	1469.31
-31888.0	7494.0	294.639	1465.13
-31888.0	7494.0	293.345	1466.75
-31888.0	7494.0	292.052	1470.3
-31888.0	7494.0	290.757	1450.67
-31888.0	7494.0	289.463	1434.91
-31888.0	7494.0	288.168	1436.53
-31888.0	7494.0	286.873	1416.92
-31888.0	7494.0	285.578	1447.5
-31888.0	7494.0	284.282	1464.56
-31888.0	7494.0	282.986	1466.17
-31888.0	7494.0	281.69	1415.71
-31888.0	7494.0	280.393	1423.12
-31888.0	7494.0	279.097	1349.56
-31888.0	7494.0	277.8	1418.66
-31888.0	7494.0	276.502	1443.41
-31888.0	7494.0	275.205	1362.18
-31888.0	7494.0	273.907	1429.31
-31888.0	7494.0	272.609	1388.56
-31888.0	7494.0	271.311	1370.93
-31888.0	7494.0	270.012	1384.11
-31888.0	7494.0	268.713	1383.82
-31888.0	7494.0	267.414	1339.26
-31888.0	7494.0	266.114	1365.91
-31888.0	7494.0	264.814	1338.69
-31888.0	7494.0	263.514	1344.17
-31888.0	7494.0	262.214	1420.79
-31888.0	7494.0	260.913	1403.19
-31888.0	7494.0	259.613	1410.57
-31888.0	7494.0	258.311	1373.76
-31888.0	7494.0	257.01	1323.53
-31888.0	7494.0	255.708	1311.72
-31888.0	7494.0	254.406	1349.84
-31888.0	7494.0	253.104	1368.75
-31888.0	7494.0	251.801	1379.97
-31888.0	7494.0	250.499	1350.89
-31888.0	7494.0	249.195	1365.95
-31888.0	7494.0	247.892	1386.76
-31888.0	7494.0	246.588	1309.75
-31888.0	7494.0	245.284	1363.15
-31888.0	7494.0	243.98	1376.28
-31888.0	7494.0	242.676	1351.07
-31888.0	7494.0	241.371	1341.2
-31888.0	7494.0	240.066	1337.08
-31888.0	7494.0	238.76	1377.01
-31888.0	7494.0	237.455	1311.62
-31888.0	7494.0	236.149	1313.25
-31888.0	7494.0	234.843	1288.09
-31888.0	7494.0	233.536	1303.12
-31888.0	7494.0	232.229	1279.88
-31888.0	7494.0	230.922	1390.54
-31888.0	7494.0	229.615	1352.0
-31888.0	7494.0	228.307	1380.39
-31888.0	7494.0	227.0	1338.04
-31888.0	7494.0	225.691	1356.86
-31888.0	7494.0	224.383	1262.95
-31888.0	7494.0	223.074	1251.22
-31888.0	7494.0	221.765	1294.87
-31888.0	7494.0	220.456	1285.05
-31888.0	7494.0	219.146	1303.86
-31888.0	7494.0	217.836	1318.85
-31888.0	7494.0	216.526	1280.4
-31888.0	7494.0	215.216	1259.14
-31888.0	7494.0	213.905	1287.48
-31888.0	7494.0	212.594	1249.07
-31888.0	7494.0	211.283	1264.05
-31888.0	7494.0	209.971	1290.46
-31888.0	7494.0	208.66	1307.34
-31888.0	7494.0	207.348	1301.34
-31888.0	7494.0	206.035	1314.4
-31888.0	7494.0	204.722	1289.36
-31888.0	7494.0	203.409	1268.13
-31888.0	7494.0	202.096	1245.02
-31888.0	7494.0	200.783	1284.72
-31888.0	7494.0	199.469	1263.51
-31888.0	7494.0	198.155	1291.77
-31888.0	7494.0	196.84	1291.5
-31888.0	7494.0	195.526	1289.32
-31888.0	7494.0	194.211	1271.93
-31888.0	7494.0	192.896	1283.06
-31888.0	7494.0	191.58	1393.01
-31888.0	7494.0	190.264	1362.31
-31888.0	7494.0	188.948	1318.32
-31888.0	7494.0	187.632	1291.45
-31888.0	7494.0	186.315	1287.37
-31888.0	7494.0	184.998	1285.2
-31888.0	7494.0	183.681	1302.0
-31888.0	7494.0	182.364	1290.34
-31888.0	7494.0	181.046	1280.57
-31888.0	7494.0	179.728	1278.4
-31888.0	7494.0	178.41	1304.68
-31888.0	7494.0	177.091	1294.91
-31888.0	7494.0	175.772	1343.92
-31888.0	7494.0	174.453	1301.94
-31888.0	7494.0	173.133	1254.29
-31888.0	7494.0	171.814	1301.38
-31888.0	7494.0	170.494	1302.99
-31888.0	7494.0	169.173	1323.54
-31888.0	7494.0	167.853	1345.97
-31888.0	7494.0	166.532	1281.33
-31888.0	7494.0	165.211	1258.34
-31888.0	7494.0	163.889	1314.83
-31888.0	7494.0	162.567	1371.29
-31888.0	7494.0	161.245	1284.0
-31888.0	7494.0	159.923	1323.43
-31888.0	7494.0	158.6	1385.52
-31888.0	7494.0	157.278	1281.28
-31888.0	7494.0	155.954	1294.23
-31888.0	7494.0	154.631	1399.74
-31888.0	7494.0	153.307	1356.0
-31888.0	7494.0	151.983	1340.6
-31888.0	7494.0	150.659	1334.65
-31888.0	7494.0	149.334	1355.12
-31888.0	7494.0	148.009	1358.6
-31888.0	7494.0	146.684	1320.58
-31888.0	7494.0	145.359	1320.29
-31888.0	7494.0	144.033	1378.47
-31888.0	7494.0	142.707	1308.41
-31888.0	7494.0	141.381	1396.72
-31888.0	7494.0	140.054	1364.38
-31888.0	7494.0	138.727	1369.74
-31888.0	7494.0	137.4	1279.03
-31888.0	7494.0	136.072	1354.08
-31888.0	7494.0	134.745	1355.67
-31888.0	7494.0	133.417	1347.85
-31888.0	7494.0	132.088	1402.14
-31888.0	7494.0	130.76	1379.26
-31888.0	7494.0	129.431	1330.05
-31888.0	7494.0	128.102	1361.73
-31888.0	7494.0	126.772	1357.68
-31888.0	7494.0	125.442	1344.23
-31888.0	7494.0	124.112	1313.86
-31888.0	7494.0	122.782	1353.04
-31888.0	7494.0	121.451	1315.17
-31888.0	7494.0	120.12	1399.42
-31888.0	7494.0	118.789	1421.65
-31888.0	7494.0	117.458	1419.47
-31888.0	7494.0	116.126	1419.16
-31888.0	7494.0	114.794	1394.46
-31888.0	7494.0	113.462	1409.17
-31888.0	7494.0	112.129	1391.98
-31888.0	7494.0	110.796	1372.92
-31888.0	7494.0	109.463	1380.13
-31888.0	7494.0	108.129	1359.21
-31888.0	7494.0	106.796	1327.05
-31888.0	7494.0	105.461	1268.67
-31888.0	7494.0	104.127	1330.22
-31888.0	7494.0	102.792	1326.19
-31888.0	7494.0	101.457	1265.97
-31888.0	7494.0	100.122	1187.06
-31888.0	7494.0	98.7867	1213.01
-31888.0	7494.0	97.4509	1229.59
-31888.0	7494.0	96.1148	1234.94
-31888.0	7494.0	94.7784	1210.36
-31888.0	7494.0	93.4418	1155.85
-31888.0	7494.0	92.1048	1148.13
-31888.0	7494.0	90.7676	1166.57
-31888.0	7494.0	89.43	1134.55
-31888.0	7494.0	88.0922	1121.22
-31888.0	7494.0	86.7541	1128.45
-31888.0	7494.0	85.4157	1087.11
