-31888.0	7488.0	1311.89	1147.04
-31888.0	7488.0	1310.78	1269.49
-31888.0	7488.0	1309.68	1205.71
-31888.0	7488.0	1308.58	1244.11
-31888.0	7488.0	1307.48	1257.53
-31888.0	7488.0	1306.38	1259.6
-31888.0	7488.0	1305.28	1229.9
-31888.0	7488.0	1304.18	1247.85
-31888.0	7488.0	1303.07	1231.77
-31888.0	7488.0	1301.97	1286.01
-31888.0	7488.0	1300.87	1281.27
-31888.0	7488.0	1299.77	1283.33
-31888.0	7488.0	1298.66	1264.99
-31888.0	7488.0	1297.56	1269.32
-31888.0	7488.0	1296.46	1323.5
-31888.0	7488.0	1295.35	1282.51
-31888.0	7488.0	1294.25	1230.19
-31888.0	7488.0	1293.15	1275.3
-31888.0	7488.0	1292.04	1223.0
-31888.0	7488.0	1290.94	1238.66
-31888.0	7488.0	1289.83	1213.55
-31888.0	7488.0	1288.73	1258.63
-31888.0	7488.0	1287.63	1301.43
-31888.0	7488.0	1286.52	1237.86
-31888.0	7488.0	1285.42	1215.03
-31888.0	7488.0	1284.31	1232.94
-31888.0	7488.0	1283.21	1185.24
-31888.0	7488.0	1282.1	1223.49
-31888.0	7488.0	1280.99	1286.61
-31888.0	7488.0	1279.89	1266.05
-31888.0	7488.0	1278.78	1290.71
-31888.0	7488.0	1277.68	1227.22
-31888.0	7488.0	1276.57	1258.66
-31888.0	7488.0	1275.46	1242.64
-31888.0	7488.0	1274.36	1267.29
-31888.0	7488.0	1273.25	1249.01
-31888.0	7488.0	1272.14	1271.39
-31888.0	7488.0	1271.04	1284.74
-31888.0	7488.0	1269.93	1270.98
-31888.0	7488.0	1268.82	1198.55
-31888.0	7488.0	1267.71	1193.84
-31888.0	7488.0	1266.61	1243.29
-31888.0	7488.0	1265.5	1222.78
-31888.0	7488.0	1264.39	1260.93
-31888.0	7488.0	1263.28	1197.57
-31888.0	7488.0	1262.17	1271.79
-31888.0	7488.0	1261.06	1262.57
-31888.0	7488.0	1259.95	1201.5
-31888.0	7488.0	1258.84	1190.03
-31888.0	7488.0	1257.74	1192.09
-31888.0	7488.0	1256.63	1243.72
-31888.0	7488.0	1255.52	1243.52
-31888.0	7488.0	1254.41	1261.34
-31888.0	7488.0	1253.3	1236.36
-31888.0	7488.0	1252.19	1191.12
-31888.0	7488.0	1251.08	1274.23
-31888.0	7488.0	1249.96	1280.77
-31888.0	7488.0	1248.85	1201.79
-31888.0	7488.0	1247.74	1228.6
-31888.0	7488.0	1246.63	1239.65
-31888.0	7488.0	1245.52	1259.69
-31888.0	7488.0	1244.41	1257.23
-31888.0	7488.0	1243.3	1198.56
-31888.0	7488.0	1242.18	1286.05
-31888.0	7488.0	1241.07	1211.66
-31888.0	7488.0	1239.96	1193.48
-31888.0	7488.0	1238.85	1213.51
-31888.0	7488.0	1237.74	1260.49
-31888.0	7488.0	1236.62	1222.1
-31888.0	7488.0	1235.51	1201.68
-31888.0	7488.0	1234.4	1235.17
-31888.0	7488.0	1233.28	1217.0
-31888.0	7488.0	1232.17	1210.07
-31888.0	7488.0	1231.06	1173.95
-31888.0	7488.0	1229.94	1220.89
-31888.0	7488.0	1228.83	1198.25
-31888.0	7488.0	1227.71	1204.78
-31888.0	7488.0	1226.6	1166.45
-31888.0	7488.0	1225.48	1157.29
-31888.0	7488.0	1224.37	1208.67
-31888.0	7488.0	1223.25	1201.75
-31888.0	7488.0	1222.14	1219.48
-31888.0	7488.0	1221.02	1217.04
-31888.0	7488.0	1219.91	1210.12
-31888.0	7488.0	1218.79	1160.63
-31888.0	7488.0	1217.68	1176.12
-31888.0	7488.0	1216.56	1198.32
-31888.0	7488.0	1215.44	1220.52
-31888.0	7488.0	1214.33	1202.4
-31888.0	7488.0	1213.21	1242.5
-31888.0	7488.0	1212.09	1175.14
-31888.0	7488.0	1210.98	1161.52
-31888.0	7488.0	1209.86	1246.36
-31888.0	7488.0	1208.74	1192.46
-31888.0	7488.0	1207.62	1225.81
-31888.0	7488.0	1206.51	1205.48
-31888.0	7488.0	1205.39	1205.28
-31888.0	7488.0	1204.27	1144.72
-31888.0	7488.0	1203.15	1178.06
-31888.0	7488.0	1202.03	1220.33
-31888.0	7488.0	1200.91	1177.67
-31888.0	7488.0	1199.8	1135.02
-31888.0	7488.0	1198.68	1190.68
-31888.0	7488.0	1197.56	1183.78
-31888.0	7488.0	1196.44	1219.31
-31888.0	7488.0	1195.32	1234.74
-31888.0	7488.0	1194.2	1192.12
-31888.0	7488.0	1193.08	1203.08
-31888.0	7488.0	1191.96	1218.5
-31888.0	7488.0	1190.84	1195.98
-31888.0	7488.0	1189.72	1202.48
-31888.0	7488.0	1188.6	1191.12
-31888.0	7488.0	1187.48	1190.92
-31888.0	7488.0	1186.35	1208.56
-31888.0	7488.0	1185.23	1125.87
-31888.0	7488.0	1184.11	1139.06
-31888.0	7488.0	1182.99	1154.47
-31888.0	7488.0	1181.87	1123.08
-31888.0	7488.0	1180.75	1200.87
-31888.0	7488.0	1179.62	1182.85
-31888.0	7488.0	1178.5	1131.42
-31888.0	7488.0	1177.38	1173.54
-31888.0	7488.0	1176.26	1202.29
-31888.0	7488.0	1175.13	1121.95
-31888.0	7488.0	1174.01	1126.21
-31888.0	7488.0	1172.89	1152.73
-31888.0	7488.0	1171.76	1192.58
-31888.0	7488.0	1170.64	1219.08
-31888.0	7488.0	1169.51	1116.56
-31888.0	7488.0	1168.39	1185.31
-31888.0	7488.0	1167.27	1165.1
-31888.0	7488.0	1166.14	1138.23
-31888.0	7488.0	1165.02	1178.05
-31888.0	7488.0	1163.89	1140.07
-31888.0	7488.0	1162.77	1170.98
-31888.0	7488.0	1161.64	1148.57
-31888.0	7488.0	1160.52	1128.38
-31888.0	7488.0	1159.39	1148.18
-31888.0	7488.0	1158.26	1194.62
-31888.0	7488.0	1157.14	1178.88
-31888.0	7488.0	1156.01	1249.71
-31888.0	7488.0	1154.88	1165.16
-31888.0	7488.0	1153.76	1127.24
-31888.0	7488.0	1152.63	1135.93
-31888.0	7488.0	1151.5	1106.9
-31888.0	7488.0	1150.38	1120.02
-31888.0	7488.0	1149.25	1161.96
-31888.0	7488.0	1148.12	1177.28
-31888.0	7488.0	1146.99	1166.0
-31888.0	7488.0	1145.87	1185.75
-31888.0	7488.0	1144.74	1196.63
-31888.0	7488.0	1143.61	1147.68
-31888.0	7488.0	1142.48	1114.26
-31888.0	7488.0	1141.35	1211.52
-31888.0	7488.0	1140.22	1124.95
-31888.0	7488.0	1139.09	1149.11
-31888.0	7488.0	1137.97	1184.34
-31888.0	7488.0	1136.84	1188.56
-31888.0	7488.0	1135.71	1119.76
-31888.0	7488.0	1134.58	1137.27
-31888.0	7488.0	1133.45	1099.47
-31888.0	7488.0	1132.32	1141.31
-31888.0	7488.0	1131.19	1121.21
-31888.0	7488.0	1130.05	1118.81
-31888.0	7488.0	1128.92	1184.94
-31888.0	7488.0	1127.79	1171.47
-31888.0	7488.0	1126.66	1135.91
-31888.0	7488.0	1125.53	1122.46
-31888.0	7488.0	1124.4	1173.08
-31888.0	7488.0	1123.27	1133.12
-31888.0	7488.0	1122.13	1148.39
-31888.0	7488.0	1121.0	1132.73
-31888.0	7488.0	1119.87	1097.22
-31888.0	7488.0	1118.74	1158.83
-31888.0	7488.0	1117.6	1070.36
-31888.0	7488.0	1116.47	1105.48
-31888.0	7488.0	1115.34	1078.82
-31888.0	7488.0	1114.2	1096.28
-31888.0	7488.0	1113.07	1146.81
-31888.0	7488.0	1111.94	1168.67
-31888.0	7488.0	1110.8	1161.85
-31888.0	7488.0	1109.67	1091.12
-31888.0	7488.0	1108.54	1095.34
-31888.0	7488.0	1107.4	1119.39
-31888.0	7488.0	1106.27	1094.96
-31888.0	7488.0	1105.13	1107.99
-31888.0	7488.0	1104.0	1116.61
-31888.0	7488.0	1102.86	1116.41
-31888.0	7488.0	1101.72	1103.01
-31888.0	7488.0	1100.59	1083.01
-31888.0	7488.0	1099.45	1126.84
-31888.0	7488.0	1098.32	1161.85
-31888.0	7488.0	1097.18	1117.65
-31888.0	7488.0	1096.04	1139.46
-31888.0	7488.0	1094.91	1176.65
-31888.0	7488.0	1093.77	1183.04
-31888.0	7488.0	1092.63	1160.85
-31888.0	7488.0	1091.5	1147.46
-31888.0	7488.0	1090.36	1149.46
-31888.0	7488.0	1089.22	1151.46
-31888.0	7488.0	1088.08	1039.21
-31888.0	7488.0	1086.95	1135.68
-31888.0	7488.0	1085.81	1170.63
-31888.0	7488.0	1084.67	1203.36
-31888.0	7488.0	1083.53	1095.57
-31888.0	7488.0	1082.39	1066.85
-31888.0	7488.0	1081.25	1053.49
-31888.0	7488.0	1080.11	1114.75
-31888.0	7488.0	1078.97	1114.56
-31888.0	7488.0	1077.83	1090.23
-31888.0	7488.0	1076.69	1158.03
-31888.0	7488.0	1075.55	1146.87
-31888.0	7488.0	1074.41	1148.86
-31888.0	7488.0	1073.27	1111.4
-31888.0	7488.0	1072.13	1133.12
-31888.0	7488.0	1070.99	1150.45
-31888.0	7488.0	1069.85	1132.72
-31888.0	7488.0	1068.71	1053.67
-31888.0	7488.0	1067.57	1035.96
-31888.0	7488.0	1066.43	1121.18
-31888.0	7488.0	1065.28	1112.23
-31888.0	7488.0	1064.14	1081.39
-31888.0	7488.0	1063.0	1098.71
-31888.0	7488.0	1061.86	1085.39
-31888.0	7488.0	1060.71	1122.39
-31888.0	7488.0	1059.57	1065.32
-31888.0	7488.0	1058.43	1111.06
-31888.0	7488.0	1057.29	1071.51
-31888.0	7488.0	1056.14	1066.95
-31888.0	7488.0	1055.0	1127.97
-31888.0	7488.0	1053.85	1094.98
-31888.0	7488.0	1052.71	1086.05
-31888.0	7488.0	1051.57	1059.64
-31888.0	7488.0	1050.42	1144.65
-31888.0	7488.0	1049.28	1098.58
-31888.0	7488.0	1048.13	1168.27
-31888.0	7488.0	1046.99	1128.76
-31888.0	7488.0	1045.84	1052.16
-31888.0	7488.0	1044.7	1093.45
-31888.0	7488.0	1043.55	1119.44
-31888.0	7488.0	1042.4	1108.33
-31888.0	7488.0	1041.26	1108.14
-31888.0	7488.0	1040.11	1059.96
-31888.0	7488.0	1038.97	1112.11
-31888.0	7488.0	1037.82	1131.54
-31888.0	7488.0	1036.67	1118.26
-31888.0	7488.0	1035.53	1137.67
-31888.0	7488.0	1034.38	1130.94
-31888.0	7488.0	1033.23	1117.66
-31888.0	7488.0	1032.08	1078.26
-31888.0	7488.0	1030.94	1112.91
-31888.0	7488.0	1029.79	1104.01
-31888.0	7488.0	1028.64	1180.01
-31888.0	7488.0	1027.49	1125.38
-31888.0	7488.0	1026.34	1079.48
-31888.0	7488.0	1025.19	1144.57
-31888.0	7488.0	1024.04	1157.42
-31888.0	7488.0	1022.89	1146.34
-31888.0	7488.0	1021.74	1176.58
-31888.0	7488.0	1020.59	1137.23
-31888.0	7488.0	1019.45	1102.25
-31888.0	7488.0	1018.29	1195.52
-31888.0	7488.0	1017.14	1204.0
-31888.0	7488.0	1015.99	1103.83
-31888.0	7488.0	1014.84	1197.05
-31888.0	7488.0	1013.69	1227.25
-31888.0	7488.0	1012.54	1211.83
-31888.0	7488.0	1011.39	1187.73
-31888.0	7488.0	1010.24	1170.15
-31888.0	7488.0	1009.09	1150.41
-31888.0	7488.0	1007.93	1102.46
-31888.0	7488.0	1006.78	1158.67
-31888.0	7488.0	1005.63	1199.69
-31888.0	7488.0	1004.48	1240.68
-31888.0	7488.0	1003.32	1277.33
-31888.0	7488.0	1002.17	1162.18
-31888.0	7488.0	1001.02	1187.99
-31888.0	7488.0	999.865	1239.8
-31888.0	7488.0	998.711	1233.07
-31888.0	7488.0	997.558	1295.69
-31888.0	7488.0	996.403	1275.96
-31888.0	7488.0	995.249	1275.73
-31888.0	7488.0	994.095	1333.97
-31888.0	7488.0	992.94	1318.58
-31888.0	7488.0	991.785	1322.67
-31888.0	7488.0	990.63	1331.09
-31888.0	7488.0	989.475	1365.48
-31888.0	7488.0	988.319	1376.05
-31888.0	7488.0	987.164	1421.23
-31888.0	7488.0	986.008	1494.51
-31888.0	7488.0	984.852	1450.99
-31888.0	7488.0	983.695	1444.24
-31888.0	7488.0	982.539	1569.36
-31888.0	7488.0	981.382	1523.69
-31888.0	7488.0	980.225	1482.36
-31888.0	7488.0	979.068	1479.93
-31888.0	7488.0	977.911	1522.87
-31888.0	7488.0	976.753	1554.99
-31888.0	7488.0	975.595	1474.81
-31888.0	7488.0	974.437	1524.2
-31888.0	7488.0	973.279	1526.09
-31888.0	7488.0	972.121	1564.66
-31888.0	7488.0	970.962	1579.48
-31888.0	7488.0	969.803	1577.04
-31888.0	7488.0	968.644	1509.89
-31888.0	7488.0	967.485	1498.83
-31888.0	7488.0	966.326	1528.75
-31888.0	7488.0	965.166	1493.98
-31888.0	7488.0	964.006	1564.83
-31888.0	7488.0	962.846	1573.17
-31888.0	7488.0	961.686	1566.42
-31888.0	7488.0	960.525	1635.07
-31888.0	7488.0	959.365	1632.62
-31888.0	7488.0	958.204	1544.03
-31888.0	7488.0	957.043	1610.5
-31888.0	7488.0	955.881	1595.14
-31888.0	7488.0	954.72	1607.76
-31888.0	7488.0	953.558	1592.41
-31888.0	7488.0	952.396	1624.39
-31888.0	7488.0	951.234	1596.13
-31888.0	7488.0	950.071	1593.69
-31888.0	7488.0	948.909	1591.25
-31888.0	7488.0	947.746	1616.76
-31888.0	7488.0	946.583	1625.06
-31888.0	7488.0	945.42	1614.02
-31888.0	7488.0	944.256	1667.44
-31888.0	7488.0	943.092	1606.99
-31888.0	7488.0	941.929	1681.87
-31888.0	7488.0	940.765	1664.38
-31888.0	7488.0	939.6	1698.44
-31888.0	7488.0	938.436	1646.6
-31888.0	7488.0	937.271	1564.74
-31888.0	7488.0	936.106	1588.06
-31888.0	7488.0	934.941	1450.45
-31888.0	7488.0	933.775	1448.04
-31888.0	7488.0	932.61	1404.87
-31888.0	7488.0	931.444	1348.86
-31888.0	7488.0	930.278	1286.44
-31888.0	7488.0	929.112	1239.04
-31888.0	7488.0	927.945	1208.81
-31888.0	7488.0	926.779	1170.01
-31888.0	7488.0	925.612	1184.8
-31888.0	7488.0	924.445	1195.29
-31888.0	7488.0	923.278	1156.52
-31888.0	7488.0	922.11	1109.2
-31888.0	7488.0	920.942	1156.09
-31888.0	7488.0	919.774	1183.71
-31888.0	7488.0	918.606	1127.85
-31888.0	7488.0	917.438	1174.71
-31888.0	7488.0	916.269	1097.48
-31888.0	7488.0	915.1	1097.28
-31888.0	7488.0	913.931	1129.15
-31888.0	7488.0	912.762	1105.43
-31888.0	7488.0	911.593	1113.77
-31888.0	7488.0	910.423	1107.16
-31888.0	7488.0	909.253	1072.76
-31888.0	7488.0	908.083	1091.79
-31888.0	7488.0	906.913	1080.91
-31888.0	7488.0	905.742	1082.85
-31888.0	7488.0	904.572	1095.46
-31888.0	7488.0	903.401	1048.29
-31888.0	7488.0	902.229	1090.78
-31888.0	7488.0	901.058	1139.67
-31888.0	7488.0	899.886	1073.31
-31888.0	7488.0	898.715	1079.51
-31888.0	7488.0	897.543	1064.38
-31888.0	7488.0	896.37	1070.58
-31888.0	7488.0	895.198	1055.46
-31888.0	7488.0	894.025	1068.05
-31888.0	7488.0	892.852	1082.77
-31888.0	7488.0	891.679	1046.34
-31888.0	7488.0	890.506	1063.2
-31888.0	7488.0	889.332	1080.04
-31888.0	7488.0	888.158	1118.18
-31888.0	7488.0	886.984	1077.51
-31888.0	7488.0	885.81	1087.95
-31888.0	7488.0	884.636	1089.88
-31888.0	7488.0	883.461	1079.04
-31888.0	7488.0	882.286	985.208
-31888.0	7488.0	881.111	1068.0
-31888.0	7488.0	879.936	1027.38
-31888.0	7488.0	878.76	1054.84
-31888.0	7488.0	877.584	1114.18
-31888.0	7488.0	876.408	1065.07
-31888.0	7488.0	875.232	1032.99
-31888.0	7488.0	874.056	1041.3
-31888.0	7488.0	872.879	1070.85
-31888.0	7488.0	871.702	1121.64
-31888.0	7488.0	870.525	1078.95
-31888.0	7488.0	869.348	1089.36
-31888.0	7488.0	868.17	1023.34
-31888.0	7488.0	866.993	1038.01
-31888.0	7488.0	865.815	1048.43
-31888.0	7488.0	864.637	1046.11
-31888.0	7488.0	863.458	1003.48
-31888.0	7488.0	862.28	1071.17
-31888.0	7488.0	861.101	1051.88
-31888.0	7488.0	859.922	1077.13
-31888.0	7488.0	858.742	1076.93
-31888.0	7488.0	857.563	1131.83
-31888.0	7488.0	856.383	1008.71
-31888.0	7488.0	855.203	1019.12
-31888.0	7488.0	854.023	1082.47
-31888.0	7488.0	852.843	1044.15
-31888.0	7488.0	851.662	1048.19
-31888.0	7488.0	850.481	1026.82
-31888.0	7488.0	849.3	1024.51
-31888.0	7488.0	848.119	1030.66
-31888.0	7488.0	846.937	1074.9
-31888.0	7488.0	845.756	987.964
-31888.0	7488.0	844.574	1063.92
-31888.0	7488.0	843.392	1067.95
-31888.0	7488.0	842.209	1084.67
-31888.0	7488.0	841.027	1014.7
-31888.0	7488.0	839.844	1041.99
-31888.0	7488.0	838.661	1060.81
-31888.0	7488.0	837.477	1056.38
-31888.0	7488.0	836.294	1070.97
-31888.0	7488.0	835.11	1036.97
-31888.0	7488.0	833.926	1064.23
-31888.0	7488.0	832.742	1091.47
-31888.0	7488.0	831.558	1051.16
-31888.0	7488.0	830.373	1025.64
-31888.0	7488.0	829.188	1033.88
-31888.0	7488.0	828.003	1044.23
-31888.0	7488.0	826.818	1048.26
-31888.0	7488.0	825.632	1035.4
-31888.0	7488.0	824.446	1079.48
-31888.0	7488.0	823.26	1060.31
-31888.0	7488.0	822.074	1083.29
-31888.0	7488.0	820.888	1059.9
-31888.0	7488.0	819.701	1059.7
-31888.0	7488.0	818.514	1076.35
-31888.0	7488.0	817.327	1063.51
-31888.0	7488.0	816.14	1078.05
-31888.0	7488.0	814.952	1082.05
-31888.0	7488.0	813.765	1069.22
-31888.0	7488.0	812.577	1014.3
-31888.0	7488.0	811.388	1045.67
-31888.0	7488.0	810.2	1020.23
-31888.0	7488.0	809.011	1047.37
-31888.0	7488.0	807.822	1061.89
-31888.0	7488.0	806.633	1051.18
-31888.0	7488.0	805.444	1080.4
-31888.0	7488.0	804.254	1033.96
-31888.0	7488.0	803.064	1054.78
-31888.0	7488.0	801.874	1056.68
-31888.0	7488.0	800.684	1012.37
-31888.0	7488.0	799.493	1085.67
-31888.0	7488.0	798.303	1053.97
-31888.0	7488.0	797.112	1081.06
-31888.0	7488.0	795.921	1045.17
-31888.0	7488.0	794.729	1063.86
-31888.0	7488.0	793.538	1059.46
-31888.0	7488.0	792.346	1042.48
-31888.0	7488.0	791.154	1065.34
-31888.0	7488.0	789.961	1039.98
-31888.0	7488.0	788.769	1031.39
-31888.0	7488.0	787.576	1071.02
-31888.0	7488.0	786.383	1028.9
-31888.0	7488.0	785.19	1005.66
-31888.0	7488.0	783.996	1030.6
-31888.0	7488.0	782.802	990.612
-31888.0	7488.0	781.608	986.233
-31888.0	7488.0	780.414	1057.22
-31888.0	7488.0	779.22	1048.65
-31888.0	7488.0	778.025	1081.93
-31888.0	7488.0	776.83	1027.32
-31888.0	7488.0	775.635	993.652
-31888.0	7488.0	774.44	1033.2
-31888.0	7488.0	773.244	1070.64
-31888.0	7488.0	772.049	995.168
-31888.0	7488.0	770.853	1015.88
-31888.0	7488.0	769.656	1017.77
-31888.0	7488.0	768.46	1038.47
-31888.0	7488.0	767.263	1036.18
-31888.0	7488.0	766.066	1042.25
-31888.0	7488.0	764.869	1058.75
-31888.0	7488.0	763.672	1031.41
-31888.0	7488.0	762.474	1039.56
-31888.0	7488.0	761.276	1033.09
-31888.0	7488.0	760.078	1032.89
-31888.0	7488.0	758.88	1034.78
-31888.0	7488.0	757.681	1028.32
-31888.0	7488.0	756.483	1017.7
-31888.0	7488.0	755.284	1052.94
-31888.0	7488.0	754.084	994.37
-31888.0	7488.0	752.885	1031.69
-31888.0	7488.0	751.685	1027.33
-31888.0	7488.0	750.485	995.875
-31888.0	7488.0	749.285	1010.26
-31888.0	7488.0	748.085	1024.64
-31888.0	7488.0	746.884	1051.51
-31888.0	7488.0	745.683	990.938
-31888.0	7488.0	744.482	1065.68
-31888.0	7488.0	743.281	1057.14
-31888.0	7488.0	742.079	1048.62
-31888.0	7488.0	740.877	1106.66
-31888.0	7488.0	739.675	1031.57
-31888.0	7488.0	738.473	991.861
-31888.0	7488.0	737.27	962.562
-31888.0	7488.0	736.068	1010.18
-31888.0	7488.0	734.865	995.438
-31888.0	7488.0	733.661	997.321
-31888.0	7488.0	732.458	1040.75
-31888.0	7488.0	731.254	1013.55
-31888.0	7488.0	730.05	984.278
-31888.0	7488.0	728.846	1073.36
-31888.0	7488.0	727.642	1027.48
-31888.0	7488.0	726.437	1000.3
-31888.0	7488.0	725.232	1047.83
-31888.0	7488.0	724.027	1022.73
-31888.0	7488.0	722.822	1014.24
-31888.0	7488.0	721.616	1007.82
-31888.0	7488.0	720.41	1088.48
-31888.0	7488.0	719.204	1065.46
-31888.0	7488.0	717.998	1061.11
-31888.0	7488.0	716.791	1062.97
-31888.0	7488.0	715.585	1052.41
-31888.0	7488.0	714.378	1137.12
-31888.0	7488.0	713.17	1076.84
-31888.0	7488.0	711.963	1074.56
-31888.0	7488.0	710.755	1028.81
-31888.0	7488.0	709.547	1051.37
-31888.0	7488.0	708.339	995.298
-31888.0	7488.0	707.131	1032.34
-31888.0	7488.0	705.922	1046.62
-31888.0	7488.0	704.713	1046.41
-31888.0	7488.0	703.504	1013.12
-31888.0	7488.0	702.295	1023.26
-31888.0	7488.0	701.085	1031.33
-31888.0	7488.0	699.875	1010.46
-31888.0	7488.0	698.665	1045.38
-31888.0	7488.0	697.455	1030.72
-31888.0	7488.0	696.244	1007.8
-31888.0	7488.0	695.034	1005.53
-31888.0	7488.0	693.822	1017.72
-31888.0	7488.0	692.611	1048.48
-31888.0	7488.0	691.4	1025.57
-31888.0	7488.0	690.188	1043.94
-31888.0	7488.0	688.976	1087.05
-31888.0	7488.0	687.764	1035.28
-31888.0	7488.0	686.551	1066.0
-31888.0	7488.0	685.339	1092.59
-31888.0	7488.0	684.126	1094.44
-31888.0	7488.0	682.912	1112.77
-31888.0	7488.0	681.699	1015.71
-31888.0	7488.0	680.485	1025.81
-31888.0	7488.0	679.271	1083.27
-31888.0	7488.0	678.057	1113.94
-31888.0	7488.0	676.843	1099.31
-31888.0	7488.0	675.628	1088.8
-31888.0	7488.0	674.413	1105.05
-31888.0	7488.0	673.198	1092.49
-31888.0	7488.0	671.983	1149.87
-31888.0	7488.0	670.767	1069.43
-31888.0	7488.0	669.551	1087.72
-31888.0	7488.0	668.335	1099.84
-31888.0	7488.0	667.119	1161.29
-31888.0	7488.0	665.902	1103.52
-31888.0	7488.0	664.686	1119.73
-31888.0	7488.0	663.469	1135.94
-31888.0	7488.0	662.251	1125.45
-31888.0	7488.0	661.034	1106.74
-31888.0	7488.0	659.816	1042.88
-31888.0	7488.0	658.598	1077.57
-31888.0	7488.0	657.38	1091.72
-31888.0	7488.0	656.161	1081.24
-31888.0	7488.0	654.942	1161.03
-31888.0	7488.0	653.723	1130.03
-31888.0	7488.0	652.504	1074.44
-31888.0	7488.0	651.285	1082.43
-31888.0	7488.0	650.065	1012.53
-31888.0	7488.0	648.845	1034.87
-31888.0	7488.0	647.625	1063.34
-31888.0	7488.0	646.404	1085.66
-31888.0	7488.0	645.184	1093.64
-31888.0	7488.0	643.963	1169.18
-31888.0	7488.0	642.742	1070.68
-31888.0	7488.0	641.52	1035.67
-31888.0	7488.0	640.298	1060.02
-31888.0	7488.0	639.076	1033.21
-31888.0	7488.0	637.854	1127.1
-31888.0	7488.0	636.632	1128.92
-31888.0	7488.0	635.409	1059.17
-31888.0	7488.0	634.186	1110.07
-31888.0	7488.0	632.963	1122.11
-31888.0	7488.0	631.74	1107.58
-31888.0	7488.0	630.516	1082.84
-31888.0	7488.0	629.292	1080.58
-31888.0	7488.0	628.068	1127.34
-31888.0	7488.0	626.844	1084.23
-31888.0	7488.0	625.619	1075.85
-31888.0	7488.0	624.394	1132.78
-31888.0	7488.0	623.169	1095.82
-31888.0	7488.0	621.944	1130.29
-31888.0	7488.0	620.718	1085.18
-31888.0	7488.0	619.492	1135.95
-31888.0	7488.0	618.266	1054.16
-31888.0	7488.0	617.04	1096.76
-31888.0	7488.0	615.813	1100.61
-31888.0	7488.0	614.587	1061.68
-31888.0	7488.0	613.36	1067.57
-31888.0	7488.0	612.132	1089.77
-31888.0	7488.0	610.905	1099.73
-31888.0	7488.0	609.677	1091.36
-31888.0	7488.0	608.449	1115.57
-31888.0	7488.0	607.22	1062.43
-31888.0	7488.0	605.992	1074.42
-31888.0	7488.0	604.763	1112.86
-31888.0	7488.0	603.534	1073.99
-31888.0	7488.0	602.305	1088.01
-31888.0	7488.0	601.075	1102.02
-31888.0	7488.0	599.845	1081.47
-31888.0	7488.0	598.615	1062.96
-31888.0	7488.0	597.385	1066.81
-31888.0	7488.0	596.154	1084.88
-31888.0	7488.0	594.924	1098.88
-31888.0	7488.0	593.693	1133.18
-31888.0	7488.0	592.461	1122.8
-31888.0	7488.0	591.23	1079.94
-31888.0	7488.0	589.998	1026.95
-31888.0	7488.0	588.766	1075.44
-31888.0	7488.0	587.534	1069.14
-31888.0	7488.0	586.301	1087.18
-31888.0	7488.0	585.068	1097.1
-31888.0	7488.0	583.835	1102.96
-31888.0	7488.0	582.602	1118.95
-31888.0	7488.0	581.368	1116.7
-31888.0	7488.0	580.134	1073.92
-31888.0	7488.0	578.9	1102.06
-31888.0	7488.0	577.666	1136.27
-31888.0	7488.0	576.432	1081.36
-31888.0	7488.0	575.197	1143.91
-31888.0	7488.0	573.962	1099.14
-31888.0	7488.0	572.726	1068.56
-31888.0	7488.0	571.491	1098.69
-31888.0	7488.0	570.255	1098.47
-31888.0	7488.0	569.019	1088.13
-31888.0	7488.0	567.783	1093.98
-31888.0	7488.0	566.546	1148.34
-31888.0	7488.0	565.309	1097.58
-31888.0	7488.0	564.072	1071.08
-31888.0	7488.0	562.835	1139.56
-31888.0	7488.0	561.597	1163.57
-31888.0	7488.0	560.359	1102.74
-31888.0	7488.0	559.121	1150.98
-31888.0	7488.0	557.883	1140.65
-31888.0	7488.0	556.644	1154.54
-31888.0	7488.0	555.406	1174.49
-31888.0	7488.0	554.167	1148.02
-31888.0	7488.0	552.927	1147.79
-31888.0	7488.0	551.688	1151.58
-31888.0	7488.0	550.448	1205.79
-31888.0	7488.0	549.208	1235.78
-31888.0	7488.0	547.967	1265.76
-31888.0	7488.0	546.727	1259.46
-31888.0	7488.0	545.486	1263.23
-31888.0	7488.0	544.245	1321.39
-31888.0	7488.0	543.003	1307.02
-31888.0	7488.0	541.762	1340.98
-31888.0	7488.0	540.52	1372.92
-31888.0	7488.0	539.278	1326.34
-31888.0	7488.0	538.035	1430.71
-31888.0	7488.0	536.793	1458.58
-31888.0	7488.0	535.55	1578.97
-31888.0	7488.0	534.307	1616.85
-31888.0	7488.0	533.063	1721.07
-31888.0	7488.0	531.82	1815.2
-31888.0	7488.0	530.576	2049.97
-31888.0	7488.0	529.331	2194.22
-31888.0	7488.0	528.087	2583.51
-31888.0	7488.0	526.842	3099.17
-31888.0	7488.0	525.597	4198.99
-31888.0	7488.0	524.352	6268.07
-31888.0	7488.0	523.107	11614.2
-31888.0	7488.0	521.861	23155.4
-31888.0	7488.0	520.615	29671.7
-31888.0	7488.0	519.369	21595.2
-31888.0	7488.0	518.122	12731.8
-31888.0	7488.0	516.876	7790.33
-31888.0	7488.0	515.629	5144.37
-31888.0	7488.0	514.381	3804.37
-31888.0	7488.0	513.134	3022.02
-31888.0	7488.0	511.886	2604.66
-31888.0	7488.0	510.638	2235.54
-31888.0	7488.0	509.39	2086.87
-31888.0	7488.0	508.141	1888.21
-31888.0	7488.0	506.892	1747.68
-31888.0	7488.0	505.643	1593.21
-31888.0	7488.0	504.394	1622.89
-31888.0	7488.0	503.145	1552.54
-31888.0	7488.0	501.895	1440.2
-31888.0	7488.0	500.645	1379.91
-31888.0	7488.0	499.394	1361.63
-31888.0	7488.0	498.144	1349.35
-31888.0	7488.0	496.893	1331.08
-31888.0	7488.0	495.642	1352.79
-31888.0	7488.0	494.39	1316.55
-31888.0	7488.0	493.139	1322.27
-31888.0	7488.0	491.887	1256.09
-31888.0	7488.0	490.635	1213.91
-31888.0	7488.0	489.382	1229.63
-31888.0	7488.0	488.13	1191.45
-31888.0	7488.0	486.877	1191.2
-31888.0	7488.0	485.623	1226.87
-31888.0	7488.0	484.37	1234.59
-31888.0	7488.0	483.116	1274.22
-31888.0	7488.0	481.862	1204.17
-31888.0	7488.0	480.608	1193.96
-31888.0	7488.0	479.354	1183.75
-31888.0	7488.0	478.099	1201.43
-31888.0	7488.0	476.844	1193.21
-31888.0	7488.0	475.588	1183.01
-31888.0	7488.0	474.333	1150.9
-31888.0	7488.0	473.077	1168.58
-31888.0	7488.0	471.821	1184.26
-31888.0	7488.0	470.565	1211.88
-31888.0	7488.0	469.308	1179.79
-31888.0	7488.0	468.051	1201.43
-31888.0	7488.0	466.794	1195.21
-31888.0	7488.0	465.537	1264.55
-31888.0	7488.0	464.279	1158.93
-31888.0	7488.0	463.021	1166.64
-31888.0	7488.0	461.763	1216.07
-31888.0	7488.0	460.505	1233.7
-31888.0	7488.0	459.246	1205.64
-31888.0	7488.0	457.987	1197.44
-31888.0	7488.0	456.728	1163.44
-31888.0	7488.0	455.469	1149.3
-31888.0	7488.0	454.209	1133.19
-31888.0	7488.0	452.949	1178.59
-31888.0	7488.0	451.689	1156.52
-31888.0	7488.0	450.428	1142.4
-31888.0	7488.0	449.167	1211.56
-31888.0	7488.0	447.906	1205.36
-31888.0	7488.0	446.645	1220.96
-31888.0	7488.0	445.383	1198.91
-31888.0	7488.0	444.122	1182.81
-31888.0	7488.0	442.86	1224.16
-31888.0	7488.0	441.597	1233.81
-31888.0	7488.0	440.335	1259.29
-31888.0	7488.0	439.072	1259.03
-31888.0	7488.0	437.809	1266.68
-31888.0	7488.0	436.545	1238.71
-31888.0	7488.0	435.281	1224.6
-31888.0	7488.0	434.018	1246.11
-31888.0	7488.0	432.753	1255.73
-31888.0	7488.0	431.489	1225.81
-31888.0	7488.0	430.224	1241.37
-31888.0	7488.0	428.959	1270.76
-31888.0	7488.0	427.694	1207.26
-31888.0	7488.0	426.428	1244.54
-31888.0	7488.0	425.163	1210.71
-31888.0	7488.0	423.896	1303.26
-31888.0	7488.0	422.63	1255.61
-31888.0	7488.0	421.364	1286.92
-31888.0	7488.0	420.097	1229.42
-31888.0	7488.0	418.83	1241.0
-31888.0	7488.0	417.562	1244.69
-31888.0	7488.0	416.295	1228.65
-31888.0	7488.0	415.027	1232.34
-31888.0	7488.0	413.758	1259.68
-31888.0	7488.0	412.49	1243.65
-31888.0	7488.0	411.221	1221.71
-31888.0	7488.0	409.952	1237.21
-31888.0	7488.0	408.683	1219.23
-31888.0	7488.0	407.414	1228.82
-31888.0	7488.0	406.144	1218.71
-31888.0	7488.0	404.874	1169.25
-31888.0	7488.0	403.603	1247.72
-31888.0	7488.0	402.333	1241.56
-31888.0	7488.0	401.062	1231.46
-31888.0	7488.0	399.791	1219.4
-31888.0	7488.0	398.519	1256.5
-31888.0	7488.0	397.248	1250.34
-31888.0	7488.0	395.976	1265.8
-31888.0	7488.0	394.704	1249.82
-31888.0	7488.0	393.431	1318.32
-31888.0	7488.0	392.159	1217.86
-31888.0	7488.0	390.886	1174.4
-31888.0	7488.0	389.612	1197.71
-31888.0	7488.0	388.339	1219.05
-31888.0	7488.0	387.065	1197.21
-31888.0	7488.0	385.791	1302.92
-31888.0	7488.0	384.517	1212.4
-31888.0	7488.0	383.242	1243.52
-31888.0	7488.0	381.967	1247.18
-31888.0	7488.0	380.692	1282.21
-31888.0	7488.0	379.417	1281.94
-31888.0	7488.0	378.141	1264.03
-31888.0	7488.0	376.865	1228.5
-31888.0	7488.0	375.589	1228.24
-31888.0	7488.0	374.312	1255.4
-31888.0	7488.0	373.035	1214.01
-31888.0	7488.0	371.758	1256.83
-31888.0	7488.0	370.481	1229.16
-31888.0	7488.0	369.204	1275.86
-31888.0	7488.0	367.926	1295.16
-31888.0	7488.0	366.648	1285.1
-31888.0	7488.0	365.369	1306.34
-31888.0	7488.0	364.091	1327.57
-31888.0	7488.0	362.812	1264.74
-31888.0	7488.0	361.532	1309.42
-31888.0	7488.0	360.253	1234.9
-31888.0	7488.0	358.973	1303.01
-31888.0	7488.0	357.693	1320.31
-31888.0	7488.0	356.413	1286.84
-31888.0	7488.0	355.132	1298.28
-31888.0	7488.0	353.852	1321.42
-31888.0	7488.0	352.571	1293.82
-31888.0	7488.0	351.289	1291.6
-31888.0	7488.0	350.008	1295.23
-31888.0	7488.0	348.726	1281.3
-31888.0	7488.0	347.444	1341.47
-31888.0	7488.0	346.161	1313.9
-31888.0	7488.0	344.878	1298.03
-31888.0	7488.0	343.595	1311.39
-31888.0	7488.0	342.312	1330.59
-31888.0	7488.0	341.029	1375.11
-31888.0	7488.0	339.745	1294.98
-31888.0	7488.0	338.461	1341.43
-31888.0	7488.0	337.176	1354.77
-31888.0	7488.0	335.892	1333.08
-31888.0	7488.0	334.607	1387.27
-31888.0	7488.0	333.322	1342.24
-31888.0	7488.0	332.036	1410.02
-31888.0	7488.0	330.75	1343.61
-31888.0	7488.0	329.464	1368.6
-31888.0	7488.0	328.178	1381.91
-31888.0	7488.0	326.892	1348.58
-31888.0	7488.0	325.605	1377.44
-31888.0	7488.0	324.318	1386.86
-31888.0	7488.0	323.03	1440.94
-31888.0	7488.0	321.743	1403.74
-31888.0	7488.0	320.455	1436.44
-31888.0	7488.0	319.167	1428.37
-31888.0	7488.0	317.878	1464.94
-31888.0	7488.0	316.59	1482.08
-31888.0	7488.0	315.301	1468.19
-31888.0	7488.0	314.011	1500.84
-31888.0	7488.0	312.722	1471.44
-31888.0	7488.0	311.432	1480.82
-31888.0	7488.0	310.142	1523.14
-31888.0	7488.0	308.851	1526.69
-31888.0	7488.0	307.561	1596.1
-31888.0	7488.0	306.27	1624.81
-31888.0	7488.0	304.979	1661.25
-31888.0	7488.0	303.687	1703.48
-31888.0	7488.0	302.395	1699.25
-31888.0	7488.0	301.103	1698.88
-31888.0	7488.0	299.811	1601.79
-31888.0	7488.0	298.519	1589.85
-31888.0	7488.0	297.226	1485.09
-31888.0	7488.0	295.933	1498.31
-31888.0	7488.0	294.639	1472.86
-31888.0	7488.0	293.345	1462.88
-31888.0	7488.0	292.052	1458.7
-31888.0	7488.0	290.757	1497.03
-31888.0	7488.0	289.463	1450.36
-31888.0	7488.0	288.168	1424.95
-31888.0	7488.0	286.873	1445.88
-31888.0	7488.0	285.578	1468.73
-31888.0	7488.0	284.282	1441.4
-31888.0	7488.0	282.986	1404.44
-31888.0	7488.0	281.69	1328.92
-31888.0	7488.0	280.393	1432.76
-31888.0	7488.0	279.097	1336.06
-31888.0	7488.0	277.8	1374.33
-31888.0	7488.0	276.502	1387.52
-31888.0	7488.0	275.205	1435.39
-31888.0	7488.0	273.907	1406.19
-31888.0	7488.0	272.609	1342.34
-31888.0	7488.0	271.311	1372.86
-31888.0	7488.0	270.012	1401.44
-31888.0	7488.0	268.713	1318.38
-31888.0	7488.0	267.414	1375.82
-31888.0	7488.0	266.114	1369.76
-31888.0	7488.0	264.814	1369.47
-31888.0	7488.0	263.514	1307.64
-31888.0	7488.0	262.214	1345.81
-31888.0	7488.0	260.913	1326.3
-31888.0	7488.0	259.613	1397.12
-31888.0	7488.0	258.311	1304.6
-31888.0	7488.0	257.01	1361.94
-31888.0	7488.0	255.708	1325.16
-31888.0	7488.0	254.406	1434.33
-31888.0	7488.0	253.104	1326.51
-31888.0	7488.0	251.801	1331.99
-31888.0	7488.0	250.499	1322.11
-31888.0	7488.0	249.195	1333.34
-31888.0	7488.0	247.892	1336.89
-31888.0	7488.0	246.588	1315.51
-31888.0	7488.0	245.284	1332.48
-31888.0	7488.0	243.98	1284.27
-31888.0	7488.0	242.676	1326.16
-31888.0	7488.0	241.371	1295.22
-31888.0	7488.0	240.066	1350.49
-31888.0	7488.0	238.76	1392.34
-31888.0	7488.0	237.455	1353.74
-31888.0	7488.0	236.149	1340.05
-31888.0	7488.0	234.843	1330.19
-31888.0	7488.0	233.536	1354.78
-31888.0	7488.0	232.229	1321.97
-31888.0	7488.0	230.922	1359.94
-31888.0	7488.0	229.615	1329.05
-31888.0	7488.0	228.307	1332.59
-31888.0	7488.0	227.0	1338.04
-31888.0	7488.0	225.691	1330.11
-31888.0	7488.0	224.383	1352.75
-31888.0	7488.0	223.074	1287.51
-31888.0	7488.0	221.765	1277.68
-31888.0	7488.0	220.456	1315.6
-31888.0	7488.0	219.146	1305.77
-31888.0	7488.0	217.836	1311.22
-31888.0	7488.0	216.526	1310.93
-31888.0	7488.0	215.216	1280.13
-31888.0	7488.0	213.905	1266.5
-31888.0	7488.0	212.594	1270.04
-31888.0	7488.0	211.283	1264.05
-31888.0	7488.0	209.971	1303.81
-31888.0	7488.0	208.66	1288.28
-31888.0	7488.0	207.348	1268.95
-31888.0	7488.0	206.035	1270.58
-31888.0	7488.0	204.722	1287.45
-31888.0	7488.0	203.409	1292.89
-31888.0	7488.0	202.096	1283.09
-31888.0	7488.0	200.783	1254.26
-31888.0	7488.0	199.469	1215.94
-31888.0	7488.0	198.155	1259.43
-31888.0	7488.0	196.84	1247.75
-31888.0	7488.0	195.526	1274.1
-31888.0	7488.0	194.211	1254.82
-31888.0	7488.0	192.896	1222.23
-31888.0	7488.0	191.58	1320.79
-31888.0	7488.0	190.264	1349.01
-31888.0	7488.0	188.948	1327.82
-31888.0	7488.0	187.632	1285.75
-31888.0	7488.0	186.315	1310.16
-31888.0	7488.0	184.998	1232.04
-31888.0	7488.0	183.681	1241.27
-31888.0	7488.0	182.364	1301.72
-31888.0	7488.0	181.046	1333.69
-31888.0	7488.0	179.728	1270.81
-31888.0	7488.0	178.41	1291.4
-31888.0	7488.0	177.091	1319.56
-31888.0	7488.0	175.772	1290.84
-31888.0	7488.0	174.453	1317.1
-31888.0	7488.0	173.133	1292.18
-31888.0	7488.0	171.814	1291.9
-31888.0	7488.0	170.494	1272.69
-31888.0	7488.0	169.173	1302.71
-31888.0	7488.0	167.853	1304.32
-31888.0	7488.0	166.532	1322.97
-31888.0	7488.0	165.211	1288.62
-31888.0	7488.0	163.889	1303.48
-31888.0	7488.0	162.567	1282.39
-31888.0	7488.0	161.245	1333.17
-31888.0	7488.0	159.923	1382.04
-31888.0	7488.0	158.6	1308.02
-31888.0	7488.0	157.278	1319.08
-31888.0	7488.0	155.954	1373.59
-31888.0	7488.0	154.631	1397.85
-31888.0	7488.0	153.307	1391.88
-31888.0	7488.0	151.983	1350.04
-31888.0	7488.0	150.659	1357.3
-31888.0	7488.0	149.334	1364.56
-31888.0	7488.0	148.009	1315.2
-31888.0	7488.0	146.684	1360.2
-31888.0	7488.0	145.359	1316.52
-31888.0	7488.0	144.033	1314.35
-31888.0	7488.0	142.707	1381.94
-31888.0	7488.0	141.381	1336.4
-31888.0	7488.0	140.054	1341.77
-31888.0	7488.0	138.727	1343.36
-31888.0	7488.0	137.4	1314.82
-31888.0	7488.0	136.072	1339.02
-31888.0	7488.0	134.745	1314.25
-31888.0	7488.0	133.417	1344.09
-31888.0	7488.0	132.088	1394.61
-31888.0	7488.0	130.76	1335.98
-31888.0	7488.0	129.431	1360.15
-31888.0	7488.0	128.102	1382.42
-31888.0	7488.0	126.772	1367.08
-31888.0	7488.0	125.442	1364.91
-31888.0	7488.0	124.112	1368.37
-31888.0	7488.0	122.782	1364.32
-31888.0	7488.0	121.451	1345.23
-31888.0	7488.0	120.12	1365.61
-31888.0	7488.0	118.789	1344.65
-31888.0	7488.0	117.458	1372.53
-31888.0	7488.0	116.126	1391.0
-31888.0	7488.0	114.794	1381.32
-31888.0	7488.0	113.462	1390.4
-31888.0	7488.0	112.129	1386.35
-31888.0	7488.0	110.796	1378.55
-31888.0	7488.0	109.463	1397.0
-31888.0	7488.0	108.129	1391.08
-31888.0	7488.0	106.796	1338.29
-31888.0	7488.0	105.461	1302.4
-31888.0	7488.0	104.127	1279.64
-31888.0	7488.0	102.792	1324.31
-31888.0	7488.0	101.457	1275.34
-31888.0	7488.0	100.122	1190.81
-31888.0	7488.0	98.7867	1205.52
-31888.0	7488.0	97.4509	1237.08
-31888.0	7488.0	96.1148	1219.97
-31888.0	7488.0	94.7784	1159.85
-31888.0	7488.0	93.4418	1159.6
-31888.0	7488.0	92.1048	1166.82
-31888.0	7488.0	90.7676	1121.7
-31888.0	7488.0	89.43	1115.85
-31888.0	7488.0	88.0922	1104.4
-31888.0	7488.0	86.7541	1059.32
-31888.0	7488.0	85.4157	1081.51
