-3969.83	18282.2	1979.41	437.332
-3969.83	18282.2	1977.72	493.396
-3969.83	18282.2	1976.02	443.097
-3969.83	18282.2	1974.33	443.025
-3969.83	18282.2	1972.64	468.053
-3969.83	18282.2	1970.94	469.453
-3969.83	18282.2	1969.25	463.472
-3969.83	18282.2	1967.56	451.589
-3969.83	18282.2	1965.86	466.27
-3969.83	18282.2	1964.17	457.341
-3969.83	18282.2	1962.47	451.366
-3969.83	18282.2	1960.78	445.392
-3969.83	18282.2	1959.08	454.165
-3969.83	18282.2	1957.39	467.359
-3969.83	18282.2	1955.69	456.963
-3969.83	18282.2	1953.99	459.834
-3969.83	18282.2	1952.3	461.231
-3969.83	18282.2	1950.6	450.841
-3969.83	18282.2	1948.9	427.196
-3969.83	18282.2	1947.21	455.109
-3969.83	18282.2	1945.51	480.067
-3969.83	18282.2	1943.81	462.318
-3969.83	18282.2	1942.11	450.463
-3969.83	18282.2	1940.41	441.556
-3969.83	18282.2	1938.71	431.181
-3969.83	18282.2	1937.01	432.579
-3969.83	18282.2	1935.32	448.688
-3969.83	18282.2	1933.62	414.782
-3969.83	18282.2	1931.92	441.183
-3969.83	18282.2	1930.22	473.456
-3969.83	18282.2	1928.51	443.973
-3969.83	18282.2	1926.81	461.536
-3969.83	18282.2	1925.11	446.761
-3969.83	18282.2	1923.41	423.175
-3969.83	18282.2	1921.71	455.423
-3969.83	18282.2	1920.01	458.283
-3969.83	18282.2	1918.31	465.548
-3969.83	18282.2	1916.6	446.379
-3969.83	18282.2	1914.9	434.558
-3969.83	18282.2	1913.2	474.115
-3969.83	18282.2	1911.49	466.695
-3969.83	18282.2	1909.79	454.876
-3969.83	18282.2	1908.09	435.725
-3969.83	18282.2	1906.38	448.851
-3969.83	18282.2	1904.68	476.639
-3969.83	18282.2	1902.97	420.835
-3969.83	18282.2	1901.27	441.287
-3969.83	18282.2	1899.56	450.006
-3969.83	18282.2	1897.85	448.462
-3969.83	18282.2	1896.15	441.057
-3969.83	18282.2	1894.44	432.19
-3969.83	18282.2	1892.74	424.79
-3969.83	18282.2	1891.03	432.038
-3969.83	18282.2	1889.32	437.82
-3969.83	18282.2	1887.61	443.599
-3969.83	18282.2	1885.91	444.985
-3969.83	18282.2	1884.2	444.907
-3969.83	18282.2	1882.49	422.88
-3969.83	18282.2	1880.78	412.564
-3969.83	18282.2	1879.07	462.224
-3969.83	18282.2	1877.36	460.68
-3969.83	18282.2	1875.65	479.607
-3969.83	18282.2	1873.94	438.588
-3969.83	18282.2	1872.23	461.897
-3969.83	18282.2	1870.52	417.972
-3969.83	18282.2	1868.81	444.199
-3969.83	18282.2	1867.1	420.745
-3969.83	18282.2	1865.39	441.119
-3969.83	18282.2	1863.68	423.516
-3969.83	18282.2	1861.96	410.299
-3969.83	18282.2	1860.25	404.386
-3969.83	18282.2	1858.54	469.996
-3969.83	18282.2	1856.82	471.371
-3969.83	18282.2	1855.11	445.023
-3969.83	18282.2	1853.4	439.108
-3969.83	18282.2	1851.68	440.487
-3969.83	18282.2	1849.97	440.408
-3969.83	18282.2	1848.25	438.87
-3969.83	18282.2	1846.54	444.622
-3969.83	18282.2	1844.82	450.372
-3969.83	18282.2	1843.11	416.774
-3969.83	18282.2	1841.39	426.897
-3969.83	18282.2	1839.68	442.844
-3969.83	18282.2	1837.96	420.917
-3969.83	18282.2	1836.24	419.384
-3969.83	18282.2	1834.53	448.426
-3969.83	18282.2	1832.81	441.066
-3969.83	18282.2	1831.09	432.253
-3969.83	18282.2	1829.37	424.899
-3969.83	18282.2	1827.65	430.641
-3969.83	18282.2	1825.94	432.016
-3969.83	18282.2	1824.22	424.666
-3969.83	18282.2	1822.5	415.863
-3969.83	18282.2	1820.78	424.51
-3969.83	18282.2	1819.06	434.607
-3969.83	18282.2	1817.34	444.7
-3969.83	18282.2	1815.62	432.994
-3969.83	18282.2	1813.9	396.596
-3969.83	18282.2	1812.18	416.857
-3969.83	18282.2	1810.45	431.302
-3969.83	18282.2	1808.73	429.77
-3969.83	18282.2	1807.01	438.401
-3969.83	18282.2	1805.29	438.32
-3969.83	18282.2	1803.56	420.825
-3969.83	18282.2	1801.84	428.001
-3969.83	18282.2	1800.12	417.768
-3969.83	18282.2	1798.39	451.047
-3969.83	18282.2	1796.67	408.912
-3969.83	18282.2	1794.95	414.635
-3969.83	18282.2	1793.22	423.254
-3969.83	18282.2	1791.5	430.422
-3969.83	18282.2	1789.77	427.443
-3969.83	18282.2	1788.04	382.454
-3969.83	18282.2	1786.32	417.144
-3969.83	18282.2	1784.59	417.066
-3969.83	18282.2	1782.87	408.301
-3969.83	18282.2	1781.14	425.595
-3969.83	18282.2	1779.41	418.279
-3969.83	18282.2	1777.68	395.047
-3969.83	18282.2	1775.96	438.376
-3969.83	18282.2	1774.23	413.703
-3969.83	18282.2	1772.5	416.517
-3969.83	18282.2	1770.77	401.979
-3969.83	18282.2	1769.04	399.012
-3969.83	18282.2	1767.31	385.927
-3969.83	18282.2	1765.58	439.325
-3969.83	18282.2	1763.85	420.458
-3969.83	18282.2	1762.12	423.267
-3969.83	18282.2	1760.39	427.52
-3969.83	18282.2	1758.66	451.988
-3969.83	18282.2	1756.93	420.139
-3969.83	18282.2	1755.19	418.615
-3969.83	18282.2	1753.46	434.411
-3969.83	18282.2	1751.73	460.301
-3969.83	18282.2	1750.0	438.573
-3969.83	18282.2	1748.26	451.471
-3969.83	18282.2	1746.53	435.521
-3969.83	18282.2	1744.8	386.415
-3969.83	18282.2	1743.06	406.523
-3969.83	18282.2	1741.33	412.21
-3969.83	18282.2	1739.59	423.659
-3969.83	18282.2	1737.86	406.289
-3969.83	18282.2	1736.12	404.77
-3969.83	18282.2	1734.39	368.688
-3969.83	18282.2	1732.65	423.333
-3969.83	18282.2	1730.91	398.778
-3969.83	18282.2	1729.18	433.246
-3969.83	18282.2	1727.44	423.088
-3969.83	18282.2	1725.7	424.445
-3969.83	18282.2	1723.96	409.978
-3969.83	18282.2	1722.23	431.472
-3969.83	18282.2	1720.49	428.513
-3969.83	18282.2	1718.75	376.673
-3969.83	18282.2	1717.01	447.033
-3969.83	18282.2	1715.27	421.078
-3969.83	18282.2	1713.53	405.191
-3969.83	18282.2	1711.79	399.366
-3969.83	18282.2	1710.05	399.288
-3969.83	18282.2	1708.31	393.466
-3969.83	18282.2	1706.57	409.182
-3969.83	18282.2	1704.82	397.619
-3969.83	18282.2	1703.08	430.55
-3969.83	18282.2	1701.34	417.552
-3969.83	18282.2	1699.6	401.69
-3969.83	18282.2	1697.85	395.874
-3969.83	18282.2	1696.11	411.571
-3969.83	18282.2	1694.37	398.586
-3969.83	18282.2	1692.62	395.641
-3969.83	18282.2	1690.88	404.162
-3969.83	18282.2	1689.13	395.486
-3969.83	18282.2	1687.39	382.514
-3969.83	18282.2	1685.64	396.762
-3969.83	18282.2	1683.9	393.82
-3969.83	18282.2	1682.15	377.993
-3969.83	18282.2	1680.41	383.644
-3969.83	18282.2	1678.66	422.212
-3969.83	18282.2	1676.91	403.526
-3969.83	18282.2	1675.16	402.015
-3969.83	18282.2	1673.42	407.657
-3969.83	18282.2	1671.67	403.286
-3969.83	18282.2	1669.92	411.785
-3969.83	18282.2	1668.17	421.71
-3969.83	18282.2	1666.42	393.042
-3969.83	18282.2	1664.67	397.251
-3969.83	18282.2	1662.92	410.03
-3969.83	18282.2	1661.17	425.661
-3969.83	18282.2	1659.42	441.285
-3969.83	18282.2	1657.67	409.785
-3969.83	18282.2	1655.92	392.573
-3969.83	18282.2	1654.17	389.64
-3969.83	18282.2	1652.42	402.405
-3969.83	18282.2	1650.66	413.738
-3969.83	18282.2	1648.91	387.981
-3969.83	18282.2	1647.16	396.46
-3969.83	18282.2	1645.41	402.084
-3969.83	18282.2	1643.65	402.003
-3969.83	18282.2	1641.9	396.222
-3969.83	18282.2	1640.14	371.918
-3969.83	18282.2	1638.39	420.282
-3969.83	18282.2	1636.63	397.408
-3969.83	18282.2	1634.88	405.872
-3969.83	18282.2	1633.12	380.162
-3969.83	18282.2	1631.37	375.815
-3969.83	18282.2	1629.61	411.32
-3969.83	18282.2	1627.85	401.277
-3969.83	18282.2	1626.09	385.546
-3969.83	18282.2	1624.34	388.314
-3969.83	18282.2	1622.58	401.034
-3969.83	18282.2	1620.82	399.531
-3969.83	18282.2	1619.06	388.078
-3969.83	18282.2	1617.3	423.531
-3969.83	18282.2	1615.54	389.342
-3969.83	18282.2	1613.78	416.256
-3969.83	18282.2	1612.02	392.025
-3969.83	18282.2	1610.26	427.448
-3969.83	18282.2	1608.5	397.546
-3969.83	18282.2	1606.74	415.919
-3969.83	18282.2	1604.98	400.223
-3969.83	18282.2	1603.22	404.398
-3969.83	18282.2	1601.46	392.967
-3969.83	18282.2	1599.69	399.978
-3969.83	18282.2	1597.93	399.897
-3969.83	18282.2	1596.17	416.829
-3969.83	18282.2	1594.4	419.579
-3969.83	18282.2	1592.64	388.315
-3969.83	18282.2	1590.88	408.072
-3969.83	18282.2	1589.11	415.072
-3969.83	18282.2	1587.35	417.82
-3969.83	18282.2	1585.58	379.501
-3969.83	18282.2	1583.81	362.435
-3969.83	18282.2	1582.05	365.191
-3969.83	18282.2	1580.28	421.724
-3969.83	18282.2	1578.51	407.488
-3969.83	18282.2	1576.75	413.063
-3969.83	18282.2	1574.98	397.421
-3969.83	18282.2	1573.21	383.199
-3969.83	18282.2	1571.44	393.017
-3969.83	18282.2	1569.67	390.109
-3969.83	18282.2	1567.91	395.681
-3969.83	18282.2	1566.14	384.297
-3969.83	18282.2	1564.37	395.518
-3969.83	18282.2	1562.6	382.727
-3969.83	18282.2	1560.83	361.468
-3969.83	18282.2	1559.05	389.627
-3969.83	18282.2	1557.28	396.604
-3969.83	18282.2	1555.51	404.989
-3969.83	18282.2	1553.74	390.797
-3969.83	18282.2	1551.97	385.074
-3969.83	18282.2	1550.19	414.609
-3969.83	18282.2	1548.42	376.455
-3969.83	18282.2	1546.65	365.1
-3969.83	18282.2	1544.87	397.439
-3969.83	18282.2	1543.1	395.948
-3969.83	18282.2	1541.32	377.552
-3969.83	18282.2	1539.55	378.882
-3969.83	18282.2	1537.77	387.252
-3969.83	18282.2	1536.0	388.58
-3969.83	18282.2	1534.22	371.608
-3969.83	18282.2	1532.45	384.196
-3969.83	18282.2	1530.67	367.232
-3969.83	18282.2	1528.89	353.089
-3969.83	18282.2	1527.11	368.486
-3969.83	18282.2	1525.34	395.126
-3969.83	18282.2	1523.56	373.956
-3969.83	18282.2	1521.78	357.011
-3969.83	18282.2	1520.0	383.636
-3969.83	18282.2	1518.22	396.201
-3969.83	18282.2	1516.44	386.286
-3969.83	18282.2	1514.66	370.757
-3969.83	18282.2	1512.88	393.145
-3969.83	18282.2	1511.1	405.696
-3969.83	18282.2	1509.32	453.331
-3969.83	18282.2	1507.54	413.946
-3969.83	18282.2	1505.76	390.01
-3969.83	18282.2	1503.97	375.902
-3969.83	18282.2	1502.19	387.042
-3969.83	18282.2	1500.41	395.372
-3969.83	18282.2	1498.62	379.87
-3969.83	18282.2	1496.84	395.206
-3969.83	18282.2	1495.06	375.507
-3969.83	18282.2	1493.27	367.023
-3969.83	18282.2	1491.49	366.946
-3969.83	18282.2	1489.7	379.471
-3969.83	18282.2	1487.91	404.591
-3969.83	18282.2	1486.13	352.718
-3969.83	18282.2	1484.34	365.238
-3969.83	18282.2	1482.55	384.748
-3969.83	18282.2	1480.77	355.292
-3969.83	18282.2	1478.98	381.789
-3969.83	18282.2	1477.19	376.115
-3969.83	18282.2	1475.4	370.444
-3969.83	18282.2	1473.61	368.969
-3969.83	18282.2	1471.83	401.029
-3969.83	18282.2	1470.04	352.048
-3969.83	18282.2	1468.25	377.115
-3969.83	18282.2	1466.46	368.656
-3969.83	18282.2	1464.67	364.39
-3969.83	18282.2	1462.87	376.875
-3969.83	18282.2	1461.08	393.542
-3969.83	18282.2	1459.29	390.668
-3969.83	18282.2	1457.5	368.266
-3969.83	18282.2	1455.71	400.265
-3969.83	18282.2	1453.91	377.87
-3969.83	18282.2	1452.12	366.637
-3969.83	18282.2	1450.33	384.678
-3969.83	18282.2	1448.53	391.564
-3969.83	18282.2	1446.74	384.515
-3969.83	18282.2	1444.94	337.075
-3969.83	18282.2	1443.15	371.818
-3969.83	18282.2	1441.35	391.231
-3969.83	18282.2	1439.56	385.58
-3969.83	18282.2	1437.76	396.631
-3969.83	18282.2	1435.96	372.893
-3969.83	18282.2	1434.17	371.422
-3969.83	18282.2	1432.37	396.377
-3969.83	18282.2	1430.57	372.654
-3969.83	18282.2	1428.77	373.965
-3969.83	18282.2	1426.97	382.224
-3969.83	18282.2	1425.17	372.415
-3969.83	18282.2	1423.37	370.946
-3969.83	18282.2	1421.58	375.034
-3969.83	18282.2	1419.77	340.236
-3969.83	18282.2	1417.97	360.989
-3969.83	18282.2	1416.17	360.912
-3969.83	18282.2	1414.37	401.082
-3969.83	18282.2	1412.57	377.408
-3969.83	18282.2	1410.77	391.199
-3969.83	18282.2	1408.97	391.115
-3969.83	18282.2	1407.16	350.819
-3969.83	18282.2	1405.36	357.675
-3969.83	18282.2	1403.56	370.073
-3969.83	18282.2	1401.75	356.136
-3969.83	18282.2	1399.95	378.227
-3969.83	18282.2	1398.14	368.449
-3969.83	18282.2	1396.34	366.985
-3969.83	18282.2	1394.53	383.521
-3969.83	18282.2	1392.73	376.517
-3969.83	18282.2	1390.92	361.212
-3969.83	18282.2	1389.11	361.135
-3969.83	18282.2	1387.3	370.74
-3969.83	18282.2	1385.5	352.681
-3969.83	18282.2	1383.69	399.618
-3969.83	18282.2	1381.88	344.234
-3969.83	18282.2	1380.07	356.599
-3969.83	18282.2	1378.26	363.431
-3969.83	18282.2	1376.45	355.063
-3969.83	18282.2	1374.64	349.462
-3969.83	18282.2	1372.83	393.577
-3969.83	18282.2	1371.02	383.827
-3969.83	18282.2	1369.21	382.364
-3969.83	18282.2	1367.4	369.861
-3969.83	18282.2	1365.59	349.084
-3969.83	18282.2	1363.78	351.767
-3969.83	18282.2	1361.96	371.0
-3969.83	18282.2	1360.15	383.329
-3969.83	18282.2	1358.34	363.946
-3969.83	18282.2	1356.52	380.407
-3969.83	18282.2	1354.71	369.3
-3969.83	18282.2	1352.89	382.997
-3969.83	18282.2	1351.08	352.611
-3969.83	18282.2	1349.26	363.552
-3969.83	18282.2	1347.45	374.487
-3969.83	18282.2	1345.63	382.665
-3969.83	18282.2	1343.81	344.048
-3969.83	18282.2	1342.0	372.867
-3969.83	18282.2	1340.18	364.532
-3969.83	18282.2	1338.36	367.204
-3969.83	18282.2	1336.54	367.124
-3969.83	18282.2	1334.73	376.667
-3969.83	18282.2	1332.91	371.087
-3969.83	18282.2	1331.09	383.373
-3969.83	18282.2	1329.27	364.056
-3969.83	18282.2	1327.45	352.989
-3969.83	18282.2	1325.63	377.63
-3969.83	18282.2	1323.81	356.954
-3969.83	18282.2	1321.98	359.621
-3969.83	18282.2	1320.16	343.075
-3969.83	18282.2	1318.34	393.764
-3969.83	18282.2	1316.52	368.988
-3969.83	18282.2	1314.7	367.536
-3969.83	18282.2	1312.87	381.166
-3969.83	18282.2	1311.05	356.409
-3969.83	18282.2	1309.22	361.813
-3969.83	18282.2	1307.4	348.032
-3969.83	18282.2	1305.57	369.874
-3969.83	18282.2	1303.75	373.902
-3969.83	18282.2	1301.92	358.758
-3969.83	18282.2	1300.1	368.262
-3969.83	18282.2	1298.27	350.388
-3969.83	18282.2	1296.44	368.101
-3969.83	18282.2	1294.62	358.443
-3969.83	18282.2	1292.79	370.675
-3969.83	18282.2	1290.96	362.389
-3969.83	18282.2	1289.13	363.676
-3969.83	18282.2	1287.3	359.496
-3969.83	18282.2	1285.47	338.918
-3969.83	18282.2	1283.64	347.041
-3969.83	18282.2	1281.81	348.331
-3969.83	18282.2	1279.98	342.792
-3969.83	18282.2	1278.15	352.274
-3969.83	18282.2	1276.32	367.213
-3969.83	18282.2	1274.49	361.673
-3969.83	18282.2	1272.66	384.79
-3969.83	18282.2	1270.82	360.15
-3969.83	18282.2	1268.99	357.343
-3969.83	18282.2	1267.16	402.263
-3969.83	18282.2	1265.32	361.275
-3969.83	18282.2	1263.49	354.381
-3969.83	18282.2	1261.66	361.116
-3969.83	18282.2	1259.82	363.761
-3969.83	18282.2	1257.98	363.681
-3969.83	18282.2	1256.15	369.048
-3969.83	18282.2	1254.31	355.352
-3969.83	18282.2	1252.48	370.247
-3969.83	18282.2	1250.64	347.03
-3969.83	18282.2	1248.8	378.247
-3969.83	18282.2	1246.96	348.237
-3969.83	18282.2	1245.13	357.68
-3969.83	18282.2	1243.29	365.759
-3969.83	18282.2	1241.45	362.959
-3969.83	18282.2	1239.61	369.674
-3969.83	18282.2	1237.77	370.951
-3969.83	18282.2	1235.93	361.36
-3969.83	18282.2	1234.09	389.802
-3969.83	18282.2	1232.25	353.053
-3969.83	18282.2	1230.41	344.829
-3969.83	18282.2	1228.56	370.541
-3969.83	18282.2	1226.72	369.102
-3969.83	18282.2	1224.88	363.594
-3969.83	18282.2	1223.04	362.157
-3969.83	18282.2	1221.19	375.637
-3969.83	18282.2	1219.35	371.487
-3969.83	18282.2	1217.5	361.916
-3969.83	18282.2	1215.66	356.415
-3969.83	18282.2	1213.81	368.53
-3969.83	18282.2	1211.97	353.547
-3969.83	18282.2	1210.12	352.115
-3969.83	18282.2	1208.28	341.204
-3969.83	18282.2	1206.43	391.215
-3969.83	18282.2	1204.58	354.587
-3969.83	18282.2	1202.73	358.567
-3969.83	18282.2	1200.89	353.076
-3969.83	18282.2	1199.04	359.76
-3969.83	18282.2	1197.19	354.271
-3969.83	18282.2	1195.34	340.674
-3969.83	18282.2	1193.49	343.301
-3969.83	18282.2	1191.64	360.791
-3969.83	18282.2	1189.79	332.341
-3969.83	18282.2	1187.94	368.735
-3969.83	18282.2	1186.09	344.346
-3969.83	18282.2	1184.23	364.52
-3969.83	18282.2	1182.38	387.385
-3969.83	18282.2	1180.53	352.213
-3969.83	18282.2	1178.68	362.927
-3969.83	18282.2	1176.82	333.171
-3969.83	18282.2	1174.97	354.674
-3969.83	18282.2	1173.12	355.943
-3969.83	18282.2	1171.26	380.127
-3969.83	18282.2	1169.41	357.132
-3969.83	18282.2	1167.55	362.442
-3969.83	18282.2	1165.69	350.237
-3969.83	18282.2	1163.84	317.836
-3969.83	18282.2	1161.98	356.813
-3969.83	18282.2	1160.12	376.926
-3969.83	18282.2	1158.27	366.074
-3969.83	18282.2	1156.41	361.956
-3969.83	18282.2	1154.55	357.839
-3969.83	18282.2	1152.69	355.069
-3969.83	18282.2	1150.83	356.334
-3969.83	18282.2	1148.97	375.076
-3969.83	18282.2	1147.11	384.4
-3969.83	18282.2	1145.25	354.751
-3969.83	18282.2	1143.39	351.985
-3969.83	18282.2	1141.53	361.308
-3969.83	18282.2	1139.67	346.456
-3969.83	18282.2	1137.81	374.572
-3969.83	18282.2	1135.94	366.434
-3969.83	18282.2	1134.08	358.3
-3969.83	18282.2	1132.22	389.078
-3969.83	18282.2	1130.35	364.846
-3969.83	18282.2	1128.49	390.244
-3969.83	18282.2	1126.62	371.386
-3969.83	18282.2	1124.76	360.579
-3969.83	18282.2	1122.89	368.539
-3969.83	18282.2	1121.03	360.417
-3969.83	18282.2	1119.16	352.299
-3969.83	18282.2	1117.3	349.541
-3969.83	18282.2	1115.43	362.852
-3969.83	18282.2	1113.56	368.125
-3969.83	18282.2	1111.69	385.441
-3969.83	18282.2	1109.82	374.65
-3969.83	18282.2	1107.96	363.863
-3969.83	18282.2	1106.09	361.107
-3969.83	18282.2	1104.22	359.688
-3969.83	18282.2	1102.35	358.27
-3969.83	18282.2	1100.48	355.517
-3969.83	18282.2	1098.61	354.1
-3969.83	18282.2	1096.73	380.739
-3969.83	18282.2	1094.86	367.297
-3969.83	18282.2	1092.99	384.573
-3969.83	18282.2	1091.12	360.456
-3969.83	18282.2	1089.24	351.032
-3969.83	18282.2	1087.37	368.3
-3969.83	18282.2	1085.5	368.217
-3969.83	18282.2	1083.62	374.803
-3969.83	18282.2	1081.75	360.05
-3969.83	18282.2	1079.87	391.966
-3969.83	18282.2	1078.0	369.217
-3969.83	18282.2	1076.12	341.149
-3969.83	18282.2	1074.24	383.706
-3969.83	18282.2	1072.37	375.627
-3969.83	18282.2	1070.49	380.869
-3969.83	18282.2	1068.61	359.48
-3969.83	18282.2	1066.73	398.001
-3969.83	18282.2	1064.86	387.265
-3969.83	18282.2	1062.98	369.881
-3969.83	18282.2	1061.1	395.071
-3969.83	18282.2	1059.22	379.022
-3969.83	18282.2	1057.34	355.004
-3969.83	18282.2	1055.46	454.621
-3969.83	18282.2	1053.58	422.622
-3969.83	18282.2	1051.69	390.637
-3969.83	18282.2	1049.81	371.951
-3969.83	18282.2	1047.93	367.883
-3969.83	18282.2	1046.05	370.455
-3969.83	18282.2	1044.16	410.196
-3969.83	18282.2	1042.28	404.794
-3969.83	18282.2	1040.4	380.818
-3969.83	18282.2	1038.51	405.937
-3969.83	18282.2	1036.63	387.277
-3969.83	18282.2	1034.74	397.797
-3969.83	18282.2	1032.86	373.844
-3969.83	18282.2	1030.97	389.664
-3969.83	18282.2	1029.08	397.526
-3969.83	18282.2	1027.2	412.008
-3969.83	18282.2	1025.31	429.132
-3969.83	18282.2	1023.42	421.09
-3969.83	18282.2	1021.53	450.119
-3969.83	18282.2	1019.64	416.928
-3969.83	18282.2	1017.75	439.328
-3969.83	18282.2	1015.86	456.427
-3969.83	18282.2	1013.97	437.806
-3969.83	18282.2	1012.08	448.285
-3969.83	18282.2	1010.19	465.37
-3969.83	18282.2	1008.3	481.125
-3969.83	18282.2	1006.41	466.479
-3969.83	18282.2	1004.52	445.234
-3969.83	18282.2	1002.62	475.513
-3969.83	18282.2	1000.73	491.251
-3969.83	18282.2	998.837	496.42
-3969.83	18282.2	996.943	506.867
-3969.83	18282.2	995.049	515.989
-3969.83	18282.2	993.154	510.594
-3969.83	18282.2	991.258	540.816
-3969.83	18282.2	989.363	549.923
-3969.83	18282.2	987.467	584.078
-3969.83	18282.2	985.57	586.581
-3969.83	18282.2	983.673	612.804
-3969.83	18282.2	981.776	562.597
-3969.83	18282.2	979.878	595.4
-3969.83	18282.2	977.979	604.482
-3969.83	18282.2	976.081	639.894
-3969.83	18282.2	974.181	645.013
-3969.83	18282.2	972.282	646.181
-3969.83	18282.2	970.382	669.717
-3969.83	18282.2	968.481	647.201
-3969.83	18282.2	966.58	658.889
-3969.83	18282.2	964.679	698.184
-3969.83	18282.2	962.777	673.047
-3969.83	18282.2	960.875	686.036
-3969.83	18282.2	958.972	655.658
-3969.83	18282.2	957.069	647.626
-3969.83	18282.2	955.166	684.251
-3969.83	18282.2	953.262	689.346
-3969.83	18282.2	951.357	695.752
-3969.83	18282.2	949.452	649.657
-3969.83	18282.2	947.547	687.56
-3969.83	18282.2	945.641	703.144
-3969.83	18282.2	943.735	687.244
-3969.83	18282.2	941.829	683.153
-3969.83	18282.2	939.922	679.063
-3969.83	18282.2	938.014	657.937
-3969.83	18282.2	936.106	621.096
-3969.83	18282.2	934.198	690.385
-3969.83	18282.2	932.289	637.837
-3969.83	18282.2	930.38	620.668
-3969.83	18282.2	928.47	620.525
-3969.83	18282.2	926.56	586.353
-3969.83	18282.2	924.649	620.24
-3969.83	18282.2	922.738	626.638
-3969.83	18282.2	920.827	583.333
-3969.83	18282.2	918.915	587.121
-3969.83	18282.2	917.003	554.303
-3969.83	18282.2	915.09	560.71
-3969.83	18282.2	913.177	533.14
-3969.83	18282.2	911.263	550.001
-3969.83	18282.2	909.349	540.731
-3969.83	18282.2	907.435	547.136
-3969.83	18282.2	905.52	541.787
-3969.83	18282.2	903.604	515.558
-3969.83	18282.2	901.688	484.121
-3969.83	18282.2	899.772	514.016
-3969.83	18282.2	897.855	508.68
-3969.83	18282.2	895.938	495.522
-3969.83	18282.2	894.021	494.104
-3969.83	18282.2	892.103	495.293
-3969.83	18282.2	890.184	502.998
-3969.83	18282.2	888.265	502.881
-3969.83	18282.2	886.346	534.025
-3969.83	18282.2	884.426	474.0
-3969.83	18282.2	882.506	486.91
-3969.83	18282.2	880.585	520.639
-3969.83	18282.2	878.664	499.697
-3969.83	18282.2	876.742	473.562
-3969.83	18282.2	874.82	486.459
-3969.83	18282.2	872.898	466.841
-3969.83	18282.2	870.975	495.334
-3969.83	18282.2	869.051	453.626
-3969.83	18282.2	867.127	489.907
-3969.83	18282.2	865.203	498.888
-3969.83	18282.2	863.278	481.887
-3969.83	18282.2	861.353	494.761
-3969.83	18282.2	859.428	445.311
-3969.83	18282.2	857.502	489.339
-3969.83	18282.2	855.575	452.891
-3969.83	18282.2	853.648	460.57
-3969.83	18282.2	851.721	478.622
-3969.83	18282.2	849.793	465.543
-3969.83	18282.2	847.865	466.731
-3969.83	18282.2	845.936	486.065
-3969.83	18282.2	844.007	462.627
-3969.83	18282.2	842.077	481.953
-3969.83	18282.2	840.147	484.431
-3969.83	18282.2	838.216	484.318
-3969.83	18282.2	836.285	484.206
-3969.83	18282.2	834.354	472.444
-3969.83	18282.2	832.422	495.627
-3969.83	18282.2	830.49	483.868
-3969.83	18282.2	828.557	479.875
-3969.83	18282.2	826.624	477.176
-3969.83	18282.2	824.69	479.651
-3969.83	18282.2	822.756	473.076
-3969.83	18282.2	820.821	485.889
-3969.83	18282.2	818.886	476.732
-3969.83	18282.2	816.951	481.787
-3969.83	18282.2	815.015	499.754
-3969.83	18282.2	813.078	472.525
-3969.83	18282.2	811.141	468.542
-3969.83	18282.2	809.204	440.043
-3969.83	18282.2	807.266	463.163
-3969.83	18282.2	805.328	475.953
-3969.83	18282.2	803.389	477.131
-3969.83	18282.2	801.45	487.334
-3969.83	18282.2	799.511	469.175
-3969.83	18282.2	797.571	484.529
-3969.83	18282.2	795.63	475.397
-3969.83	18282.2	793.689	494.606
-3969.83	18282.2	791.748	471.311
-3969.83	18282.2	789.806	462.189
-3969.83	18282.2	787.864	486.536
-3969.83	18282.2	785.921	476.127
-3969.83	18282.2	783.978	476.016
-3969.83	18282.2	782.034	460.469
-3969.83	18282.2	780.09	444.93
-3969.83	18282.2	778.145	475.681
-3969.83	18282.2	776.2	465.287
-3969.83	18282.2	774.255	478.028
-3969.83	18282.2	772.309	439.374
-3969.83	18282.2	770.362	458.537
-3969.83	18282.2	768.416	467.418
-3969.83	18282.2	766.468	466.024
-3969.83	18282.2	764.52	453.08
-3969.83	18282.2	762.572	470.938
-3969.83	18282.2	760.624	477.242
-3969.83	18282.2	758.674	451.478
-3969.83	18282.2	756.725	442.395
-3969.83	18282.2	754.775	449.983
-3969.83	18282.2	752.824	474.23
-3969.83	18282.2	750.873	443.364
-3969.83	18282.2	748.922	458.633
-3969.83	18282.2	746.97	461.087
-3969.83	18282.2	745.017	458.417
-3969.83	18282.2	743.065	459.589
-3969.83	18282.2	741.111	456.921
-3969.83	18282.2	739.158	446.576
-3969.83	18282.2	737.203	449.03
-3969.83	18282.2	735.249	446.366
-3969.83	18282.2	733.294	442.424
-3969.83	18282.2	731.338	442.32
-3969.83	18282.2	729.382	465.221
-3969.83	18282.2	727.425	467.666
-3969.83	18282.2	725.468	457.336
-3969.83	18282.2	723.511	459.782
-3969.83	18282.2	721.553	441.797
-3969.83	18282.2	719.595	431.48
-3969.83	18282.2	717.636	435.207
-3969.83	18282.2	715.676	436.38
-3969.83	18282.2	713.717	445.206
-3969.83	18282.2	711.756	466.781
-3969.83	18282.2	709.796	456.47
-3969.83	18282.2	707.835	439.79
-3969.83	18282.2	705.873	452.431
-3969.83	18282.2	703.911	459.968
-3969.83	18282.2	701.948	440.751
-3969.83	18282.2	699.985	444.467
-3969.83	18282.2	698.022	439.269
-3969.83	18282.2	696.058	437.891
-3969.83	18282.2	694.093	468.331
-3969.83	18282.2	692.129	440.228
-3969.83	18282.2	690.163	464.292
-3969.83	18282.2	688.197	454.008
-3969.83	18282.2	686.231	472.971
-3969.83	18282.2	684.264	474.13
-3969.83	18282.2	682.297	482.913
-3969.83	18282.2	680.329	486.609
-3969.83	18282.2	678.361	477.602
-3969.83	18282.2	676.393	486.377
-3969.83	18282.2	674.423	468.487
-3969.83	18282.2	672.454	495.031
-3969.83	18282.2	670.484	483.491
-3969.83	18282.2	668.513	482.107
-3969.83	18282.2	666.542	469.308
-3969.83	18282.2	664.571	469.196
-3969.83	18282.2	662.599	471.62
-3969.83	18282.2	660.627	500.659
-3969.83	18282.2	658.654	457.455
-3969.83	18282.2	656.68	492.819
-3969.83	18282.2	654.707	473.702
-3969.83	18282.2	652.732	491.317
-3969.83	18282.2	650.758	487.401
-3969.83	18282.2	648.782	503.738
-3969.83	18282.2	646.807	488.433
-3969.83	18282.2	644.83	488.316
-3969.83	18282.2	642.854	507.171
-3969.83	18282.2	640.877	500.727
-3969.83	18282.2	638.899	484.172
-3969.83	18282.2	636.921	496.695
-3969.83	18282.2	634.942	529.428
-3969.83	18282.2	632.963	510.352
-3969.83	18282.2	630.984	516.544
-3969.83	18282.2	629.004	539.148
-3969.83	18282.2	627.023	506.197
-3969.83	18282.2	625.042	511.124
-3969.83	18282.2	623.061	517.309
-3969.83	18282.2	621.079	508.355
-3969.83	18282.2	619.097	506.971
-3969.83	18282.2	617.114	534.587
-3969.83	18282.2	615.131	525.635
-3969.83	18282.2	613.147	510.386
-3969.83	18282.2	611.163	505.223
-3969.83	18282.2	609.178	506.361
-3969.83	18282.2	607.193	530.165
-3969.83	18282.2	605.207	507.376
-3969.83	18282.2	603.221	531.168
-3969.83	18282.2	601.234	512.164
-3969.83	18282.2	599.247	528.395
-3969.83	18282.2	597.259	529.525
-3969.83	18282.2	595.271	500.476
-3969.83	18282.2	593.283	499.097
-3969.83	18282.2	591.294	488.922
-3969.83	18282.2	589.304	498.856
-3969.83	18282.2	587.314	501.247
-3969.83	18282.2	585.323	501.126
-3969.83	18282.2	583.332	502.26
-3969.83	18282.2	581.341	482.053
-3969.83	18282.2	579.349	512.057
-3969.83	18282.2	577.357	505.659
-3969.83	18282.2	575.364	499.264
-3969.83	18282.2	573.37	489.11
-3969.83	18282.2	571.376	491.499
-3969.83	18282.2	569.382	488.872
-3969.83	18282.2	567.387	493.766
-3969.83	18282.2	565.392	503.669
-3969.83	18282.2	563.396	503.547
-3969.83	18282.2	561.399	532.227
-3969.83	18282.2	559.403	543.365
-3969.83	18282.2	557.405	541.981
-3969.83	18282.2	555.408	541.849
-3969.83	18282.2	553.409	525.453
-3969.83	18282.2	551.411	546.588
-3969.83	18282.2	549.411	616.481
-3969.83	18282.2	547.412	581.326
-3969.83	18282.2	545.411	599.932
-3969.83	18282.2	543.411	614.78
-3969.83	18282.2	541.409	667.098
-3969.83	18282.2	539.408	681.922
-3969.83	18282.2	537.406	732.949
-3969.83	18282.2	535.403	773.965
-3969.83	18282.2	533.4	898.578
-3969.83	18282.2	531.396	979.459
-3969.83	18282.2	529.392	1120.18
-3969.83	18282.2	527.387	1467.84
-3969.83	18282.2	525.382	2012.34
-3969.83	18282.2	523.376	2903.09
-3969.83	18282.2	521.37	4065.07
-3969.83	18282.2	519.364	5113.1
-3969.83	18282.2	517.357	5810.62
-3969.83	18282.2	515.349	5740.7
-3969.83	18282.2	513.341	5131.74
-3969.83	18282.2	511.332	4330.17
-3969.83	18282.2	509.323	3611.11
-3969.83	18282.2	507.314	2974.51
-3969.83	18282.2	505.304	2578.27
-3969.83	18282.2	503.293	2282.94
-3969.83	18282.2	501.282	2046.18
-3969.83	18282.2	499.27	1969.87
-3969.83	18282.2	497.258	1840.16
-3969.83	18282.2	495.246	1791.26
-3969.83	18282.2	493.233	1690.22
-3969.83	18282.2	491.219	1653.8
-3969.83	18282.2	489.205	1577.67
-3969.83	18282.2	487.191	1491.66
-3969.83	18282.2	485.176	1437.94
-3969.83	18282.2	483.16	1402.85
-3969.83	18282.2	481.144	1373.98
-3969.83	18282.2	479.128	1283.14
-3969.83	18282.2	477.111	1256.79
-3969.83	18282.2	475.093	1215.59
-3969.83	18282.2	473.075	1201.66
-3969.83	18282.2	471.056	1181.55
-3969.83	18282.2	469.037	1141.63
-3969.83	18282.2	467.018	1171.06
-3969.83	18282.2	464.998	1149.73
-3969.83	18282.2	462.977	1107.37
-3969.83	18282.2	460.956	1089.78
-3969.83	18282.2	458.935	1048.7
-3969.83	18282.2	456.913	1016.29
-3969.83	18282.2	454.89	1022.22
-3969.83	18282.2	452.867	981.183
-3969.83	18282.2	450.843	973.525
-3969.83	18282.2	448.819	927.582
-3969.83	18282.2	446.795	937.229
-3969.83	18282.2	444.77	918.477
-3969.83	18282.2	442.744	908.374
-3969.83	18282.2	440.718	879.767
-3969.83	18282.2	438.691	923.956
-3969.83	18282.2	436.664	874.394
-3969.83	18282.2	434.637	838.419
-3969.83	18282.2	432.608	828.347
-3969.83	18282.2	430.58	777.613
-3969.83	18282.2	428.551	819.307
-3969.83	18282.2	426.521	846.2
-3969.83	18282.2	424.491	802.887
-3969.83	18282.2	422.46	811.303
-3969.83	18282.2	420.429	800.022
-3969.83	18282.2	418.397	770.289
-3969.83	18282.2	416.365	804.54
-3969.83	18282.2	414.332	760.062
-3969.83	18282.2	412.299	721.754
-3969.83	18282.2	410.265	774.43
-3969.83	18282.2	408.231	722.619
-3969.83	18282.2	406.196	748.238
-3969.83	18282.2	404.161	749.278
-3969.83	18282.2	402.125	734.352
-3969.83	18282.2	400.089	736.622
-3969.83	18282.2	398.052	749.937
-3969.83	18282.2	396.015	754.656
-3969.83	18282.2	393.977	754.465
-3969.83	18282.2	391.938	724.838
-3969.83	18282.2	389.899	728.333
-3969.83	18282.2	387.86	737.955
-3969.83	18282.2	385.82	727.964
-3969.83	18282.2	383.78	724.103
-3969.83	18282.2	381.739	766.791
-3969.83	18282.2	379.697	726.184
-3969.83	18282.2	377.655	691.72
-3969.83	18282.2	375.613	692.768
-3969.83	18282.2	373.57	707.275
-3969.83	18282.2	371.526	746.242
-3969.83	18282.2	369.482	711.807
-3969.83	18282.2	367.437	699.398
-3969.83	18282.2	365.392	711.444
-3969.83	18282.2	363.346	688.042
-3969.83	18282.2	361.3	730.629
-3969.83	18282.2	359.254	715.785
-3969.83	18282.2	357.206	727.813
-3969.83	18282.2	355.159	681.235
-3969.83	18282.2	353.11	705.471
-3969.83	18282.2	351.062	702.85
-3969.83	18282.2	349.012	705.11
-3969.83	18282.2	346.962	719.564
-3969.83	18282.2	344.912	734.011
-3969.83	18282.2	342.861	733.822
-3969.83	18282.2	340.81	728.759
-3969.83	18282.2	338.758	707.86
-3969.83	18282.2	336.705	732.038
-3969.83	18282.2	334.652	718.455
-3969.83	18282.2	332.599	708.531
-3969.83	18282.2	330.545	722.953
-3969.83	18282.2	328.49	750.753
-3969.83	18282.2	326.435	709.199
-3969.83	18282.2	324.379	732.123
-3969.83	18282.2	322.323	740.445
-3969.83	18282.2	320.266	725.667
-3969.83	18282.2	318.209	731.555
-3969.83	18282.2	316.151	726.507
-3969.83	18282.2	314.093	754.254
-3969.83	18282.2	312.034	768.629
-3969.83	18282.2	309.975	747.793
-3969.83	18282.2	307.915	803.426
-3969.83	18282.2	305.854	783.804
-3969.83	18282.2	303.793	776.323
-3969.83	18282.2	301.732	788.248
-3969.83	18282.2	299.67	758.946
-3969.83	18282.2	297.607	776.929
-3969.83	18282.2	295.544	776.727
-3969.83	18282.2	293.48	793.485
-3969.83	18282.2	291.416	772.689
-3969.83	18282.2	289.351	719.212
-3969.83	18282.2	287.286	732.34
-3969.83	18282.2	285.22	715.206
-3969.83	18282.2	283.154	747.685
-3969.83	18282.2	281.087	709.994
-3969.83	18282.2	279.019	692.879
-3969.83	18282.2	276.951	709.622
-3969.83	18282.2	274.883	688.89
-3969.83	18282.2	272.814	710.458
-3969.83	18282.2	270.744	694.569
-3969.83	18282.2	268.674	683.518
-3969.83	18282.2	266.603	692.996
-3969.83	18282.2	264.532	691.607
-3969.83	18282.2	262.46	661.258
-3969.83	18282.2	260.388	649.021
-3969.83	18282.2	258.315	627.141
-3969.83	18282.2	256.241	636.621
-3969.83	18282.2	254.167	623.194
-3969.83	18282.2	252.093	638.695
-3969.83	18282.2	250.018	625.274
-3969.83	18282.2	247.942	608.247
-3969.83	18282.2	245.866	655.047
-3969.83	18282.2	243.789	629.593
-3969.83	18282.2	241.712	628.223
-3969.83	18282.2	239.634	635.276
-3969.83	18282.2	237.556	619.47
-3969.83	18282.2	235.477	597.66
-3969.83	18282.2	233.397	603.512
-3969.83	18282.2	231.317	593.737
-3969.83	18282.2	229.237	599.587
-3969.83	18282.2	227.155	587.414
-3969.83	18282.2	225.074	595.664
-3969.83	18282.2	222.991	569.092
-3969.83	18282.2	220.909	549.736
-3969.83	18282.2	218.825	585.588
-3969.83	18282.2	216.741	549.442
-3969.83	18282.2	214.657	538.501
-3969.83	18282.2	212.572	526.367
-3969.83	18282.2	210.486	568.18
-3969.83	18282.2	208.4	546.457
-3969.83	18282.2	206.313	582.252
-3969.83	18282.2	204.226	567.723
-3969.83	18282.2	202.138	591.519
-3969.83	18282.2	200.05	588.966
-3969.83	18282.2	197.961	604.365
-3969.83	18282.2	195.871	631.721
-3969.83	18282.2	193.781	599.256
-3969.83	18282.2	191.691	646.926
-3969.83	18282.2	189.599	647.947
-3969.83	18282.2	187.508	633.43
-3969.83	18282.2	185.415	652.377
-3969.83	18282.2	183.322	679.674
-3969.83	18282.2	181.229	691.432
-3969.83	18282.2	179.135	657.817
-3969.83	18282.2	177.04	702.993
-3969.83	18282.2	174.945	724.28
-3969.83	18282.2	172.849	678.754
-3969.83	18282.2	170.753	701.229
-3969.83	18282.2	168.656	695.077
-3969.83	18282.2	166.558	707.999
-3969.83	18282.2	164.46	714.956
-3969.83	18282.2	162.362	712.379
-3969.83	18282.2	160.263	743.149
-3969.83	18282.2	158.163	745.328
-3969.83	18282.2	156.063	716.557
-3969.83	18282.2	153.962	747.301
-3969.83	18282.2	151.86	770.889
-3969.83	18282.2	149.758	720.727
-3969.83	18282.2	147.656	732.42
-3969.83	18282.2	145.552	741.728
-3969.83	18282.2	143.449	690.426
-3969.83	18282.2	141.344	750.826
-3969.83	18282.2	139.239	738.743
-3969.83	18282.2	137.134	704.106
-3969.83	18282.2	135.028	706.286
-3969.83	18282.2	132.921	736.946
-3969.83	18282.2	130.814	717.761
-3969.83	18282.2	128.706	732.982
-3969.83	18282.2	126.598	713.808
-3969.83	18282.2	124.489	695.83
-3969.83	18282.2	122.379	688.527
-3969.83	18282.2	120.269	707.293
-3969.83	18282.2	118.158	679.856
-3969.83	18282.2	116.047	634.672
-3969.83	18282.2	113.935	651.069
-3969.83	18282.2	111.822	636.687
-3969.83	18282.2	109.709	622.313
-3969.83	18282.2	107.596	636.333
-3969.83	18282.2	105.481	610.142
-3969.83	18282.2	103.367	576.873
-3969.83	18282.2	101.251	548.35
-3969.83	18282.2	99.1351	564.737
-3969.83	18282.2	97.0184	545.681
-3969.83	18282.2	94.9012	523.094
-3969.83	18282.2	92.7834	488.714
-3969.83	18282.2	90.665	456.714
-3969.83	18282.2	88.546	442.428
-3969.83	18282.2	86.4265	452.919
-3969.83	18282.2	84.3063	431.568
-3969.83	18282.2	82.1855	416.122
-3969.83	18282.2	80.0641	412.47
-3969.83	18282.2	77.9422	393.503
