-3969.83	18286.2	1979.41	452.107
-3969.83	18286.2	1977.72	484.532
-3969.83	18286.2	1976.02	432.758
-3969.83	18286.2	1974.33	423.827
-3969.83	18286.2	1972.64	422.281
-3969.83	18286.2	1970.94	453.214
-3969.83	18286.2	1969.25	451.663
-3969.83	18286.2	1967.56	453.065
-3969.83	18286.2	1965.86	444.137
-3969.83	18286.2	1964.17	442.588
-3969.83	18286.2	1962.47	461.691
-3969.83	18286.2	1960.78	451.291
-3969.83	18286.2	1959.08	464.487
-3969.83	18286.2	1957.39	464.41
-3969.83	18286.2	1955.69	482.022
-3969.83	18286.2	1953.99	459.834
-3969.83	18286.2	1952.3	474.494
-3969.83	18286.2	1950.6	436.108
-3969.83	18286.2	1948.9	450.766
-3969.83	18286.2	1947.21	437.435
-3969.83	18286.2	1945.51	450.615
-3969.83	18286.2	1943.81	429.926
-3969.83	18286.2	1942.11	457.824
-3969.83	18286.2	1940.41	437.141
-3969.83	18286.2	1938.71	450.311
-3969.83	18286.2	1937.01	453.178
-3969.83	18286.2	1935.32	458.986
-3969.83	18286.2	1933.62	454.496
-3969.83	18286.2	1931.92	444.124
-3969.83	18286.2	1930.22	442.579
-3969.83	18286.2	1928.51	430.743
-3969.83	18286.2	1926.81	449.777
-3969.83	18286.2	1925.11	435.005
-3969.83	18286.2	1923.41	465.787
-3969.83	18286.2	1921.71	437.794
-3969.83	18286.2	1920.01	443.595
-3969.83	18286.2	1918.31	446.456
-3969.83	18286.2	1916.6	443.443
-3969.83	18286.2	1914.9	436.026
-3969.83	18286.2	1913.2	409.53
-3969.83	18286.2	1911.49	418.265
-3969.83	18286.2	1909.79	432.866
-3969.83	18286.2	1908.09	429.857
-3969.83	18286.2	1906.38	442.984
-3969.83	18286.2	1904.68	426.775
-3969.83	18286.2	1902.97	435.499
-3969.83	18286.2	1901.27	444.22
-3969.83	18286.2	1899.56	444.142
-3969.83	18286.2	1897.85	401.564
-3969.83	18286.2	1896.15	442.522
-3969.83	18286.2	1894.44	419.004
-3969.83	18286.2	1892.74	436.508
-3969.83	18286.2	1891.03	449.613
-3969.83	18286.2	1889.32	431.963
-3969.83	18286.2	1887.61	455.311
-3969.83	18286.2	1885.91	418.637
-3969.83	18286.2	1884.2	443.443
-3969.83	18286.2	1882.49	434.586
-3969.83	18286.2	1880.78	438.898
-3969.83	18286.2	1879.07	435.895
-3969.83	18286.2	1877.36	429.968
-3969.83	18286.2	1875.65	399.185
-3969.83	18286.2	1873.94	412.272
-3969.83	18286.2	1872.23	466.282
-3969.83	18286.2	1870.52	382.897
-3969.83	18286.2	1868.81	441.276
-3969.83	18286.2	1867.1	420.745
-3969.83	18286.2	1865.39	420.67
-3969.83	18286.2	1863.68	473.169
-3969.83	18286.2	1861.96	424.9
-3969.83	18286.2	1860.25	454.022
-3969.83	18286.2	1858.54	442.263
-3969.83	18286.2	1856.82	423.213
-3969.83	18286.2	1855.11	433.35
-3969.83	18286.2	1853.4	420.143
-3969.83	18286.2	1851.68	430.277
-3969.83	18286.2	1849.97	459.366
-3969.83	18286.2	1848.25	447.619
-3969.83	18286.2	1846.54	427.129
-3969.83	18286.2	1844.82	428.509
-3969.83	18286.2	1843.11	459.034
-3969.83	18286.2	1841.39	435.639
-3969.83	18286.2	1839.68	432.647
-3969.83	18286.2	1837.96	422.373
-3969.83	18286.2	1836.24	403.366
-3969.83	18286.2	1834.53	423.675
-3969.83	18286.2	1832.81	445.433
-3969.83	18286.2	1831.09	436.62
-3969.83	18286.2	1829.37	423.444
-3969.83	18286.2	1827.65	459.738
-3969.83	18286.2	1825.94	446.562
-3969.83	18286.2	1824.22	433.392
-3969.83	18286.2	1822.5	424.588
-3969.83	18286.2	1820.78	393.98
-3969.83	18286.2	1819.06	409.897
-3969.83	18286.2	1817.34	415.634
-3969.83	18286.2	1815.62	444.618
-3969.83	18286.2	1813.9	430.009
-3969.83	18286.2	1812.18	405.237
-3969.83	18286.2	1810.45	408.067
-3969.83	18286.2	1808.73	432.674
-3969.83	18286.2	1807.01	400.658
-3969.83	18286.2	1805.29	433.966
-3969.83	18286.2	1803.56	425.178
-3969.83	18286.2	1801.84	391.73
-3969.83	18286.2	1800.12	407.613
-3969.83	18286.2	1798.39	433.643
-3969.83	18286.2	1796.67	408.912
-3969.83	18286.2	1794.95	423.333
-3969.83	18286.2	1793.22	434.85
-3969.83	18286.2	1791.5	431.871
-3969.83	18286.2	1789.77	431.79
-3969.83	18286.2	1788.04	440.401
-3969.83	18286.2	1786.32	408.454
-3969.83	18286.2	1784.59	443.133
-3969.83	18286.2	1782.87	416.988
-3969.83	18286.2	1781.14	438.624
-3969.83	18286.2	1779.41	437.094
-3969.83	18286.2	1777.68	419.647
-3969.83	18286.2	1775.96	426.802
-3969.83	18286.2	1774.23	423.828
-3969.83	18286.2	1772.5	429.533
-3969.83	18286.2	1770.77	445.358
-3969.83	18286.2	1769.04	438.045
-3969.83	18286.2	1767.31	398.936
-3969.83	18286.2	1765.58	419.093
-3969.83	18286.2	1763.85	436.352
-3969.83	18286.2	1762.12	424.712
-3969.83	18286.2	1760.39	405.855
-3969.83	18286.2	1758.66	443.323
-3969.83	18286.2	1756.93	427.357
-3969.83	18286.2	1755.19	428.72
-3969.83	18286.2	1753.46	414.206
-3969.83	18286.2	1751.73	424.227
-3969.83	18286.2	1750.0	414.048
-3969.83	18286.2	1748.26	431.277
-3969.83	18286.2	1746.53	423.984
-3969.83	18286.2	1744.8	425.345
-3969.83	18286.2	1743.06	442.562
-3969.83	18286.2	1741.33	419.417
-3969.83	18286.2	1739.59	442.392
-3969.83	18286.2	1737.86	412.052
-3969.83	18286.2	1736.12	424.937
-3969.83	18286.2	1734.39	424.855
-3969.83	18286.2	1732.65	426.213
-3969.83	18286.2	1730.91	417.493
-3969.83	18286.2	1729.18	424.609
-3969.83	18286.2	1727.44	401.502
-3969.83	18286.2	1725.7	404.302
-3969.83	18286.2	1723.96	399.908
-3969.83	18286.2	1722.23	385.449
-3969.83	18286.2	1720.49	404.068
-3969.83	18286.2	1718.75	398.238
-3969.83	18286.2	1717.01	444.158
-3969.83	18286.2	1715.27	415.329
-3969.83	18286.2	1713.53	396.57
-3969.83	18286.2	1711.79	410.858
-3969.83	18286.2	1710.05	422.268
-3969.83	18286.2	1708.31	402.082
-3969.83	18286.2	1706.57	396.261
-3969.83	18286.2	1704.82	404.796
-3969.83	18286.2	1703.08	401.847
-3969.83	18286.2	1701.34	416.117
-3969.83	18286.2	1699.6	397.386
-3969.83	18286.2	1697.85	420.257
-3969.83	18286.2	1696.11	404.4
-3969.83	18286.2	1694.37	447.334
-3969.83	18286.2	1692.62	414.276
-3969.83	18286.2	1690.88	401.296
-3969.83	18286.2	1689.13	408.382
-3969.83	18286.2	1687.39	421.195
-3969.83	18286.2	1685.64	422.545
-3969.83	18286.2	1683.9	408.141
-3969.83	18286.2	1682.15	389.447
-3969.83	18286.2	1680.41	420.863
-3969.83	18286.2	1678.66	415.055
-3969.83	18286.2	1676.91	417.835
-3969.83	18286.2	1675.16	407.738
-3969.83	18286.2	1673.42	400.506
-3969.83	18286.2	1671.67	429.028
-3969.83	18286.2	1669.92	441.811
-3969.83	18286.2	1668.17	403.127
-3969.83	18286.2	1666.42	385.896
-3969.83	18286.2	1664.67	402.967
-3969.83	18286.2	1662.92	361.455
-3969.83	18286.2	1661.17	379.952
-3969.83	18286.2	1659.42	387.017
-3969.83	18286.2	1657.67	408.357
-3969.83	18286.2	1655.92	429.689
-3969.83	18286.2	1654.17	409.622
-3969.83	18286.2	1652.42	412.394
-3969.83	18286.2	1650.66	412.312
-3969.83	18286.2	1648.91	426.493
-3969.83	18286.2	1647.16	390.755
-3969.83	18286.2	1645.41	397.806
-3969.83	18286.2	1643.65	410.556
-3969.83	18286.2	1641.9	426.152
-3969.83	18286.2	1640.14	421.792
-3969.83	18286.2	1638.39	417.433
-3969.83	18286.2	1636.63	405.954
-3969.83	18286.2	1634.88	394.479
-3969.83	18286.2	1633.12	374.467
-3969.83	18286.2	1631.37	385.78
-3969.83	18286.2	1629.61	395.665
-3969.83	18286.2	1627.85	385.624
-3969.83	18286.2	1626.09	388.392
-3969.83	18286.2	1624.34	411.072
-3969.83	18286.2	1622.58	406.723
-3969.83	18286.2	1620.82	415.171
-3969.83	18286.2	1619.06	388.078
-3969.83	18286.2	1617.3	409.318
-3969.83	18286.2	1615.54	379.396
-3969.83	18286.2	1613.78	411.994
-3969.83	18286.2	1612.02	387.764
-3969.83	18286.2	1610.26	417.508
-3969.83	18286.2	1608.5	408.904
-3969.83	18286.2	1606.74	379.011
-3969.83	18286.2	1604.98	390.288
-3969.83	18286.2	1603.22	400.141
-3969.83	18286.2	1601.46	391.548
-3969.83	18286.2	1599.69	399.978
-3969.83	18286.2	1597.93	385.716
-3969.83	18286.2	1596.17	404.069
-3969.83	18286.2	1594.4	408.239
-3969.83	18286.2	1592.64	427.997
-3969.83	18286.2	1590.88	406.656
-3969.83	18286.2	1589.11	396.656
-3969.83	18286.2	1587.35	393.742
-3969.83	18286.2	1585.58	414.903
-3969.83	18286.2	1583.81	410.57
-3969.83	18286.2	1582.05	386.423
-3969.83	18286.2	1580.28	394.835
-3969.83	18286.2	1578.51	372.116
-3969.83	18286.2	1576.75	396.088
-3969.83	18286.2	1574.98	379.035
-3969.83	18286.2	1573.21	421.378
-3969.83	18286.2	1571.44	380.293
-3969.83	18286.2	1569.67	398.59
-3969.83	18286.2	1567.91	361.766
-3969.83	18286.2	1566.14	377.233
-3969.83	18286.2	1564.37	389.868
-3969.83	18286.2	1562.6	386.963
-3969.83	18286.2	1560.83	396.767
-3969.83	18286.2	1559.05	403.744
-3969.83	18286.2	1557.28	374.021
-3969.83	18286.2	1555.51	379.589
-3969.83	18286.2	1553.74	379.51
-3969.83	18286.2	1551.97	416.105
-3969.83	18286.2	1550.19	362.43
-3969.83	18286.2	1548.42	355.306
-3969.83	18286.2	1546.65	393.293
-3969.83	18286.2	1544.87	381.936
-3969.83	18286.2	1543.1	355.085
-3969.83	18286.2	1541.32	380.369
-3969.83	18286.2	1539.55	378.882
-3969.83	18286.2	1537.77	387.252
-3969.83	18286.2	1536.0	389.988
-3969.83	18286.2	1534.22	395.537
-3969.83	18286.2	1532.45	395.455
-3969.83	18286.2	1530.67	403.815
-3969.83	18286.2	1528.89	381.223
-3969.83	18286.2	1527.11	388.176
-3969.83	18286.2	1525.34	362.784
-3969.83	18286.2	1523.56	382.391
-3969.83	18286.2	1521.78	368.255
-3969.83	18286.2	1520.0	413.147
-3969.83	18286.2	1518.22	382.151
-3969.83	18286.2	1516.44	387.69
-3969.83	18286.2	1514.66	396.036
-3969.83	18286.2	1512.88	395.953
-3969.83	18286.2	1511.1	394.466
-3969.83	18286.2	1509.32	392.98
-3969.83	18286.2	1507.54	384.479
-3969.83	18286.2	1505.76	395.621
-3969.83	18286.2	1503.97	384.317
-3969.83	18286.2	1502.19	392.651
-3969.83	18286.2	1500.41	406.589
-3969.83	18286.2	1498.62	388.281
-3969.83	18286.2	1496.84	395.206
-3969.83	18286.2	1495.06	353.089
-3969.83	18286.2	1493.27	376.829
-3969.83	18286.2	1491.49	382.352
-3969.83	18286.2	1489.7	378.071
-3969.83	18286.2	1487.91	376.592
-3969.83	18286.2	1486.13	391.909
-3969.83	18286.2	1484.34	362.439
-3969.83	18286.2	1482.55	407.133
-3969.83	18286.2	1480.77	381.869
-3969.83	18286.2	1478.98	381.789
-3969.83	18286.2	1477.19	385.903
-3969.83	18286.2	1475.4	369.046
-3969.83	18286.2	1473.61	354.992
-3969.83	18286.2	1471.83	381.466
-3969.83	18286.2	1470.04	377.195
-3969.83	18286.2	1468.25	398.066
-3969.83	18286.2	1466.46	379.828
-3969.83	18286.2	1464.67	388.124
-3969.83	18286.2	1462.87	369.896
-3969.83	18286.2	1461.08	382.378
-3969.83	18286.2	1459.29	385.087
-3969.83	18286.2	1457.5	362.686
-3969.83	18286.2	1455.71	377.95
-3969.83	18286.2	1453.91	397.391
-3969.83	18286.2	1452.12	370.82
-3969.83	18286.2	1450.33	372.135
-3969.83	18286.2	1448.53	383.203
-3969.83	18286.2	1446.74	391.481
-3969.83	18286.2	1444.94	356.576
-3969.83	18286.2	1443.15	364.855
-3969.83	18286.2	1441.35	392.623
-3969.83	18286.2	1439.56	386.972
-3969.83	18286.2	1437.76	386.889
-3969.83	18286.2	1435.96	392.372
-3969.83	18286.2	1434.17	392.288
-3969.83	18286.2	1432.37	382.469
-3969.83	18286.2	1430.57	403.245
-3969.83	18286.2	1428.77	351.721
-3969.83	18286.2	1426.97	387.784
-3969.83	18286.2	1425.17	389.091
-3969.83	18286.2	1423.37	387.618
-3969.83	18286.2	1421.58	391.702
-3969.83	18286.2	1419.77	370.788
-3969.83	18286.2	1417.97	369.32
-3969.83	18286.2	1416.17	413.661
-3969.83	18286.2	1414.37	369.162
-3969.83	18286.2	1412.57	387.12
-3969.83	18286.2	1410.77	374.552
-3969.83	18286.2	1408.97	373.085
-3969.83	18286.2	1407.16	377.165
-3969.83	18286.2	1405.36	343.812
-3969.83	18286.2	1403.56	363.143
-3969.83	18286.2	1401.75	388.008
-3969.83	18286.2	1399.95	376.841
-3969.83	18286.2	1398.14	365.679
-3969.83	18286.2	1396.34	383.603
-3969.83	18286.2	1394.53	372.444
-3969.83	18286.2	1392.73	380.67
-3969.83	18286.2	1390.92	370.9
-3969.83	18286.2	1389.11	374.971
-3969.83	18286.2	1387.3	369.357
-3969.83	18286.2	1385.5	363.745
-3969.83	18286.2	1383.69	371.963
-3969.83	18286.2	1381.88	387.09
-3969.83	18286.2	1380.07	355.217
-3969.83	18286.2	1378.26	373.104
-3969.83	18286.2	1376.45	360.59
-3969.83	18286.2	1374.64	396.425
-3969.83	18286.2	1372.83	379.768
-3969.83	18286.2	1371.02	394.873
-3969.83	18286.2	1369.21	389.266
-3969.83	18286.2	1367.4	387.802
-3969.83	18286.2	1365.59	382.199
-3969.83	18286.2	1363.78	365.562
-3969.83	18286.2	1361.96	353.07
-3969.83	18286.2	1360.15	379.193
-3969.83	18286.2	1358.34	381.868
-3969.83	18286.2	1356.52	379.028
-3969.83	18286.2	1354.71	343.118
-3969.83	18286.2	1352.89	355.443
-3969.83	18286.2	1351.08	384.291
-3969.83	18286.2	1349.26	375.945
-3969.83	18286.2	1347.45	388.255
-3969.83	18286.2	1345.63	378.535
-3969.83	18286.2	1343.81	331.662
-3969.83	18286.2	1342.0	353.604
-3969.83	18286.2	1340.18	365.908
-3969.83	18286.2	1338.36	365.828
-3969.83	18286.2	1336.54	369.874
-3969.83	18286.2	1334.73	382.165
-3969.83	18286.2	1332.91	401.324
-3969.83	18286.2	1331.09	405.359
-3969.83	18286.2	1329.27	364.056
-3969.83	18286.2	1327.45	366.724
-3969.83	18286.2	1325.63	373.51
-3969.83	18286.2	1323.81	367.937
-3969.83	18286.2	1321.98	376.092
-3969.83	18286.2	1320.16	354.054
-3969.83	18286.2	1318.34	345.744
-3969.83	18286.2	1316.52	366.244
-3969.83	18286.2	1314.7	379.878
-3969.83	18286.2	1312.87	359.229
-3969.83	18286.2	1311.05	401.645
-3969.83	18286.2	1309.22	342.626
-3969.83	18286.2	1307.4	375.436
-3969.83	18286.2	1305.57	345.216
-3969.83	18286.2	1303.75	369.793
-3969.83	18286.2	1301.92	368.343
-3969.83	18286.2	1300.1	361.417
-3969.83	18286.2	1298.27	350.388
-3969.83	18286.2	1296.44	358.522
-3969.83	18286.2	1294.62	365.284
-3969.83	18286.2	1292.79	328.273
-3969.83	18286.2	1290.96	373.329
-3969.83	18286.2	1289.13	354.106
-3969.83	18286.2	1287.3	371.798
-3969.83	18286.2	1285.47	348.484
-3969.83	18286.2	1283.64	359.338
-3969.83	18286.2	1281.81	357.893
-3969.83	18286.2	1279.98	376.934
-3969.83	18286.2	1278.15	365.928
-3969.83	18286.2	1276.32	365.848
-3969.83	18286.2	1274.49	369.862
-3969.83	18286.2	1272.66	367.052
-3969.83	18286.2	1270.82	361.514
-3969.83	18286.2	1268.99	346.431
-3969.83	18286.2	1267.16	368.173
-3969.83	18286.2	1265.32	340.826
-3969.83	18286.2	1263.49	354.381
-3969.83	18286.2	1261.66	363.842
-3969.83	18286.2	1259.82	358.312
-3969.83	18286.2	1257.98	377.302
-3969.83	18286.2	1256.15	384.028
-3969.83	18286.2	1254.31	371.69
-3969.83	18286.2	1252.48	353.912
-3969.83	18286.2	1250.64	353.834
-3969.83	18286.2	1248.8	371.444
-3969.83	18286.2	1246.96	365.92
-3969.83	18286.2	1245.13	364.48
-3969.83	18286.2	1243.29	358.96
-3969.83	18286.2	1241.45	353.443
-3969.83	18286.2	1239.61	375.111
-3969.83	18286.2	1237.77	362.799
-3969.83	18286.2	1235.93	365.435
-3969.83	18286.2	1234.09	357.205
-3969.83	18286.2	1232.25	348.979
-3969.83	18286.2	1230.41	370.623
-3969.83	18286.2	1228.56	351.539
-3969.83	18286.2	1226.72	363.674
-3969.83	18286.2	1224.88	389.371
-3969.83	18286.2	1223.04	363.513
-3969.83	18286.2	1221.19	364.789
-3969.83	18286.2	1219.35	345.727
-3969.83	18286.2	1217.5	370.049
-3969.83	18286.2	1215.66	353.704
-3969.83	18286.2	1213.81	360.4
-3969.83	18286.2	1211.97	356.257
-3969.83	18286.2	1210.12	342.635
-3969.83	18286.2	1208.28	376.408
-3969.83	18286.2	1206.43	358.727
-3969.83	18286.2	1204.58	369.474
-3969.83	18286.2	1202.73	346.389
-3969.83	18286.2	1200.89	367.957
-3969.83	18286.2	1199.04	339.473
-3969.83	18286.2	1197.19	331.284
-3969.83	18286.2	1195.34	348.785
-3969.83	18286.2	1193.49	341.95
-3969.83	18286.2	1191.64	349.981
-3969.83	18286.2	1189.79	366.115
-3969.83	18286.2	1187.94	355.228
-3969.83	18286.2	1186.09	372.704
-3969.83	18286.2	1184.23	388.822
-3969.83	18286.2	1182.38	375.237
-3969.83	18286.2	1180.53	363.008
-3969.83	18286.2	1178.68	357.531
-3969.83	18286.2	1176.82	373.637
-3969.83	18286.2	1174.97	353.325
-3969.83	18286.2	1173.12	364.033
-3969.83	18286.2	1171.26	353.168
-3969.83	18286.2	1169.41	373.304
-3969.83	18286.2	1167.55	373.221
-3969.83	18286.2	1165.69	361.014
-3969.83	18286.2	1163.84	371.707
-3969.83	18286.2	1161.98	397.207
-3969.83	18286.2	1160.12	363.464
-3969.83	18286.2	1158.27	356.653
-3969.83	18286.2	1156.41	335.045
-3969.83	18286.2	1154.55	361.875
-3969.83	18286.2	1152.69	368.519
-3969.83	18286.2	1150.83	372.47
-3969.83	18286.2	1148.97	342.811
-3969.83	18286.2	1147.11	357.519
-3969.83	18286.2	1145.25	358.782
-3969.83	18286.2	1143.39	372.137
-3969.83	18286.2	1141.53	370.71
-3969.83	18286.2	1139.67	378.684
-3969.83	18286.2	1137.81	389.34
-3969.83	18286.2	1135.94	373.145
-3969.83	18286.2	1134.08	369.036
-3969.83	18286.2	1132.22	354.195
-3969.83	18286.2	1130.35	378.26
-3969.83	18286.2	1128.49	376.834
-3969.83	18286.2	1126.62	363.342
-3969.83	18286.2	1124.76	382.026
-3969.83	18286.2	1122.89	373.9
-3969.83	18286.2	1121.03	387.214
-3969.83	18286.2	1119.16	377.75
-3969.83	18286.2	1117.3	368.291
-3969.83	18286.2	1115.43	350.802
-3969.83	18286.2	1113.56	390.882
-3969.83	18286.2	1111.69	365.366
-3969.83	18286.2	1109.82	346.551
-3969.83	18286.2	1107.96	367.877
-3969.83	18286.2	1106.09	370.469
-3969.83	18286.2	1104.22	362.362
-3969.83	18286.2	1102.35	360.944
-3969.83	18286.2	1100.48	387.593
-3969.83	18286.2	1098.61	386.17
-3969.83	18286.2	1096.73	364.708
-3969.83	18286.2	1094.86	373.975
-3969.83	18286.2	1092.99	364.543
-3969.83	18286.2	1091.12	376.476
-3969.83	18286.2	1089.24	397.747
-3969.83	18286.2	1087.37	365.631
-3969.83	18286.2	1085.5	376.222
-3969.83	18286.2	1083.62	382.806
-3969.83	18286.2	1081.75	393.388
-3969.83	18286.2	1079.87	378.633
-3969.83	18286.2	1078.0	402.54
-3969.83	18286.2	1076.12	395.786
-3969.83	18286.2	1074.24	369.051
-3969.83	18286.2	1072.37	411.592
-3969.83	18286.2	1070.49	380.869
-3969.83	18286.2	1068.61	371.463
-3969.83	18286.2	1066.73	363.392
-3969.83	18286.2	1064.86	365.972
-3969.83	18286.2	1062.98	383.186
-3969.83	18286.2	1061.1	396.401
-3969.83	18286.2	1059.22	385.672
-3969.83	18286.2	1057.34	396.221
-3969.83	18286.2	1055.46	458.609
-3969.83	18286.2	1053.58	434.583
-3969.83	18286.2	1051.69	393.295
-3969.83	18286.2	1049.81	381.25
-3969.83	18286.2	1047.93	406.398
-3969.83	18286.2	1046.05	397.011
-3969.83	18286.2	1044.16	391.611
-3969.83	18286.2	1042.28	367.633
-3969.83	18286.2	1040.4	395.414
-3969.83	18286.2	1038.51	415.223
-3969.83	18286.2	1036.63	380.645
-3969.83	18286.2	1034.74	383.211
-3969.83	18286.2	1032.86	416.266
-3969.83	18286.2	1030.97	414.846
-3969.83	18286.2	1029.08	405.476
-3969.83	18286.2	1027.2	418.632
-3969.83	18286.2	1025.31	422.51
-3969.83	18286.2	1023.42	442.277
-3969.83	18286.2	1021.53	469.978
-3969.83	18286.2	1019.64	464.576
-3969.83	18286.2	1017.75	428.742
-3969.83	18286.2	1015.86	453.781
-3969.83	18286.2	1013.97	452.355
-3969.83	18286.2	1012.08	462.831
-3969.83	18286.2	1010.19	466.692
-3969.83	18286.2	1008.3	485.091
-3969.83	18286.2	1006.41	475.73
-3969.83	18286.2	1004.52	480.906
-3969.83	18286.2	1002.62	480.796
-3969.83	18286.2	1000.73	462.199
-3969.83	18286.2	998.837	509.623
-3969.83	18286.2	996.943	479.148
-3969.83	18286.2	995.049	517.309
-3969.83	18286.2	993.154	517.191
-3969.83	18286.2	991.258	528.944
-3969.83	18286.2	989.363	567.067
-3969.83	18286.2	987.467	578.804
-3969.83	18286.2	985.57	589.217
-3969.83	18286.2	983.673	574.586
-3969.83	18286.2	981.776	619.252
-3969.83	18286.2	979.878	646.773
-3969.83	18286.2	977.979	624.236
-3969.83	18286.2	976.081	683.343
-3969.83	18286.2	974.181	695.034
-3969.83	18286.2	972.282	663.29
-3969.83	18286.2	970.382	655.244
-3969.83	18286.2	968.481	662.986
-3969.83	18286.2	966.58	650.998
-3969.83	18286.2	964.679	687.665
-3969.83	18286.2	962.777	667.789
-3969.83	18286.2	960.875	676.836
-3969.83	18286.2	958.972	668.797
-3969.83	18286.2	957.069	690.976
-3969.83	18286.2	955.166	701.324
-3969.83	18286.2	953.262	706.416
-3969.83	18286.2	951.357	670.81
-3969.83	18286.2	949.452	721.841
-3969.83	18286.2	947.547	700.681
-3969.83	18286.2	945.641	704.456
-3969.83	18286.2	943.735	699.048
-3969.83	18286.2	941.829	722.49
-3969.83	18286.2	939.922	705.281
-3969.83	18286.2	938.014	705.119
-3969.83	18286.2	936.106	710.199
-3969.83	18286.2	934.198	665.495
-3969.83	18286.2	932.289	674.51
-3969.83	18286.2	930.38	676.974
-3969.83	18286.2	928.47	648.017
-3969.83	18286.2	926.56	611.221
-3969.83	18286.2	924.649	652.953
-3969.83	18286.2	922.738	624.022
-3969.83	18286.2	920.827	631.726
-3969.83	18286.2	918.915	604.12
-3969.83	18286.2	917.003	585.679
-3969.83	18286.2	915.09	567.246
-3969.83	18286.2	913.177	551.434
-3969.83	18286.2	911.263	535.63
-3969.83	18286.2	909.349	535.507
-3969.83	18286.2	907.435	531.466
-3969.83	18286.2	905.52	528.732
-3969.83	18286.2	903.604	527.305
-3969.83	18286.2	901.688	523.269
-3969.83	18286.2	899.772	525.757
-3969.83	18286.2	897.855	523.027
-3969.83	18286.2	895.938	513.778
-3969.83	18286.2	894.021	488.889
-3969.83	18286.2	892.103	516.148
-3969.83	18286.2	890.184	509.513
-3969.83	18286.2	888.265	492.459
-3969.83	18286.2	886.346	518.395
-3969.83	18286.2	884.426	488.325
-3969.83	18286.2	882.506	498.627
-3969.83	18286.2	880.585	498.511
-3969.83	18286.2	878.664	493.191
-3969.83	18286.2	876.742	516.495
-3969.83	18286.2	874.82	499.466
-3969.83	18286.2	872.898	495.449
-3969.83	18286.2	870.975	509.635
-3969.83	18286.2	869.051	513.417
-3969.83	18286.2	867.127	495.105
-3969.83	18286.2	865.203	511.88
-3969.83	18286.2	863.278	532.543
-3969.83	18286.2	861.353	494.761
-3969.83	18286.2	859.428	468.68
-3969.83	18286.2	857.502	476.359
-3969.83	18286.2	855.575	504.798
-3969.83	18286.2	853.648	473.543
-3969.83	18286.2	851.721	483.81
-3969.83	18286.2	849.793	509.633
-3969.83	18286.2	847.865	469.324
-3969.83	18286.2	845.936	479.585
-3969.83	18286.2	844.007	484.657
-3969.83	18286.2	842.077	492.317
-3969.83	18286.2	840.147	479.25
-3969.83	18286.2	838.216	495.973
-3969.83	18286.2	836.285	494.563
-3969.83	18286.2	834.354	508.686
-3969.83	18286.2	832.422	495.627
-3969.83	18286.2	830.49	470.93
-3969.83	18286.2	828.557	488.929
-3969.83	18286.2	826.624	481.056
-3969.83	18286.2	824.69	492.58
-3969.83	18286.2	822.756	524.779
-3969.83	18286.2	820.821	496.227
-3969.83	18286.2	818.886	516.782
-3969.83	18286.2	816.951	501.162
-3969.83	18286.2	815.015	480.383
-3969.83	18286.2	813.078	497.055
-3969.83	18286.2	811.141	490.485
-3969.83	18286.2	809.204	465.852
-3969.83	18286.2	807.266	483.805
-3969.83	18286.2	805.328	465.634
-3969.83	18286.2	803.389	488.737
-3969.83	18286.2	801.45	474.441
-3969.83	18286.2	799.511	489.798
-3969.83	18286.2	797.571	476.797
-3969.83	18286.2	795.63	507.605
-3969.83	18286.2	793.689	492.03
-3969.83	18286.2	791.748	508.655
-3969.83	18286.2	789.806	484.075
-3969.83	18286.2	787.864	474.952
-3969.83	18286.2	785.921	490.282
-3969.83	18286.2	783.978	481.162
-3969.83	18286.2	782.034	479.763
-3969.83	18286.2	780.09	448.788
-3969.83	18286.2	778.145	456.397
-3969.83	18286.2	776.2	467.857
-3969.83	18286.2	774.255	492.163
-3969.83	18286.2	772.309	436.805
-3969.83	18286.2	770.362	468.812
-3969.83	18286.2	768.416	468.702
-3969.83	18286.2	766.468	504.539
-3969.83	18286.2	764.52	464.631
-3969.83	18286.2	762.572	461.956
-3969.83	18286.2	760.624	460.564
-3969.83	18286.2	758.674	454.043
-3969.83	18286.2	756.725	479.582
-3969.83	18286.2	754.775	447.419
-3969.83	18286.2	752.824	469.103
-3969.83	18286.2	750.873	443.364
-3969.83	18286.2	748.922	477.85
-3969.83	18286.2	746.97	479.018
-3969.83	18286.2	745.017	463.539
-3969.83	18286.2	743.065	459.589
-3969.83	18286.2	741.111	435.163
-3969.83	18286.2	739.158	472.168
-3969.83	18286.2	737.203	472.057
-3969.83	18286.2	735.249	477.061
-3969.83	18286.2	733.294	489.735
-3969.83	18286.2	731.338	470.444
-3969.83	18286.2	729.382	454.996
-3969.83	18286.2	727.425	439.555
-3969.83	18286.2	725.468	482.885
-3969.83	18286.2	723.511	457.228
-3969.83	18286.2	721.553	448.181
-3969.83	18286.2	719.595	451.905
-3969.83	18286.2	717.636	441.588
-3969.83	18286.2	715.676	461.899
-3969.83	18286.2	713.717	482.2
-3969.83	18286.2	711.756	480.81
-3969.83	18286.2	709.796	480.696
-3969.83	18286.2	707.835	461.461
-3969.83	18286.2	705.873	468.998
-3969.83	18286.2	703.911	453.597
-3969.83	18286.2	701.948	439.477
-3969.83	18286.2	699.985	473.759
-3969.83	18286.2	698.022	478.739
-3969.83	18286.2	696.058	459.531
-3969.83	18286.2	694.093	454.332
-3969.83	18286.2	692.129	463.13
-3969.83	18286.2	690.163	447.756
-3969.83	18286.2	688.197	452.736
-3969.83	18286.2	686.231	489.5
-3969.83	18286.2	684.264	485.57
-3969.83	18286.2	682.297	491.808
-3969.83	18286.2	680.329	487.88
-3969.83	18286.2	678.361	519.519
-3969.83	18286.2	676.393	493.997
-3969.83	18286.2	674.423	498.958
-3969.83	18286.2	672.454	486.145
-3969.83	18286.2	670.484	501.258
-3969.83	18286.2	668.513	477.033
-3969.83	18286.2	666.542	526.386
-3969.83	18286.2	664.571	498.363
-3969.83	18286.2	662.599	523.599
-3969.83	18286.2	660.627	513.334
-3969.83	18286.2	658.654	478.998
-3969.83	18286.2	656.68	509.288
-3969.83	18286.2	654.707	478.768
-3969.83	18286.2	652.732	507.778
-3969.83	18286.2	650.758	507.657
-3969.83	18286.2	648.782	503.738
-3969.83	18286.2	646.807	503.618
-3969.83	18286.2	644.83	502.232
-3969.83	18286.2	642.854	521.083
-3969.83	18286.2	640.877	480.495
-3969.83	18286.2	638.899	514.512
-3969.83	18286.2	636.921	535.874
-3969.83	18286.2	634.942	529.428
-3969.83	18286.2	632.963	514.142
-3969.83	18286.2	630.984	508.967
-3969.83	18286.2	629.004	517.683
-3969.83	18286.2	627.023	535.231
-3969.83	18286.2	625.042	525.006
-3969.83	18286.2	623.061	517.309
-3969.83	18286.2	621.079	508.355
-3969.83	18286.2	619.097	530.933
-3969.83	18286.2	617.114	523.24
-3969.83	18286.2	615.131	553.366
-3969.83	18286.2	613.147	540.631
-3969.83	18286.2	611.163	539.241
-3969.83	18286.2	609.178	535.332
-3969.83	18286.2	607.193	531.425
-3969.83	18286.2	605.207	533.814
-3969.83	18286.2	603.221	514.805
-3969.83	18286.2	601.234	539.849
-3969.83	18286.2	599.247	528.395
-3969.83	18286.2	597.259	495.565
-3969.83	18286.2	595.271	521.853
-3969.83	18286.2	593.283	515.44
-3969.83	18286.2	591.294	536.683
-3969.83	18286.2	589.304	521.474
-3969.83	18286.2	587.314	528.885
-3969.83	18286.2	585.323	522.477
-3969.83	18286.2	583.332	498.493
-3969.83	18286.2	581.341	492.096
-3969.83	18286.2	579.349	539.668
-3969.83	18286.2	577.357	523.225
-3969.83	18286.2	575.364	508.045
-3969.83	18286.2	573.37	545.546
-3969.83	18286.2	571.376	500.275
-3969.83	18286.2	569.382	539.013
-3969.83	18286.2	567.387	523.843
-3969.83	18286.2	565.392	526.222
-3969.83	18286.2	563.396	542.377
-3969.83	18286.2	561.399	535.984
-3969.83	18286.2	559.403	575.917
-3969.83	18286.2	557.405	546.988
-3969.83	18286.2	555.408	555.614
-3969.83	18286.2	553.409	561.734
-3969.83	18286.2	551.411	576.607
-3969.83	18286.2	549.411	617.731
-3969.83	18286.2	547.412	616.33
-3969.83	18286.2	545.411	642.427
-3969.83	18286.2	543.411	654.765
-3969.83	18286.2	541.409	719.566
-3969.83	18286.2	539.408	730.631
-3969.83	18286.2	537.406	749.181
-3969.83	18286.2	535.403	782.703
-3969.83	18286.2	533.4	898.578
-3969.83	18286.2	531.396	1031.86
-3969.83	18286.2	529.392	1191.28
-3969.83	18286.2	527.387	1495.28
-3969.83	18286.2	525.382	2018.57
-3969.83	18286.2	523.376	2999.07
-3969.83	18286.2	521.37	4082.52
-3969.83	18286.2	519.364	4981.04
-3969.83	18286.2	517.357	5727.16
-3969.83	18286.2	515.349	5800.47
-3969.83	18286.2	513.341	5574.95
-3969.83	18286.2	511.332	4839.23
-3969.83	18286.2	509.323	4072.76
-3969.83	18286.2	507.314	3383.8
-3969.83	18286.2	505.304	2879.26
-3969.83	18286.2	503.293	2536.6
-3969.83	18286.2	501.282	2222.71
-3969.83	18286.2	499.27	2138.89
-3969.83	18286.2	497.258	1985.53
-3969.83	18286.2	495.246	1901.82
-3969.83	18286.2	493.233	1839.25
-3969.83	18286.2	491.219	1713.4
-3969.83	18286.2	489.205	1676.98
-3969.83	18286.2	487.191	1660.43
-3969.83	18286.2	485.176	1532.23
-3969.83	18286.2	483.16	1500.84
-3969.83	18286.2	481.144	1409.94
-3969.83	18286.2	479.128	1381.08
-3969.83	18286.2	477.111	1364.62
-3969.83	18286.2	475.093	1353.13
-3969.83	18286.2	473.075	1295.81
-3969.83	18286.2	471.056	1280.63
-3969.83	18286.2	469.037	1258.02
-3969.83	18286.2	467.018	1257.71
-3969.83	18286.2	464.998	1204.18
-3969.83	18286.2	462.977	1176.66
-3969.83	18286.2	460.956	1138.02
-3969.83	18286.2	458.935	1140.21
-3969.83	18286.2	456.913	1121.38
-3969.83	18286.2	454.89	1065.48
-3969.83	18286.2	452.867	1072.63
-3969.83	18286.2	450.843	1018.0
-3969.83	18286.2	448.819	1016.51
-3969.83	18286.2	446.795	1005.14
-3969.83	18286.2	444.77	953.044
-3969.83	18286.2	442.744	962.679
-3969.83	18286.2	440.718	953.801
-3969.83	18286.2	438.691	915.321
-3969.83	18286.2	436.664	938.524
-3969.83	18286.2	434.637	956.784
-3969.83	18286.2	432.608	899.841
-3969.83	18286.2	430.58	878.666
-3969.83	18286.2	428.551	877.213
-3969.83	18286.2	426.521	878.225
-3969.83	18286.2	424.491	838.599
-3969.83	18286.2	422.46	834.695
-3969.83	18286.2	420.429	833.254
-3969.83	18286.2	418.397	833.044
-3969.83	18286.2	416.365	819.303
-3969.83	18286.2	414.332	827.705
-3969.83	18286.2	412.299	810.283
-3969.83	18286.2	410.265	783.035
-3969.83	18286.2	408.231	769.319
-3969.83	18286.2	406.196	850.215
-3969.83	18286.2	404.161	786.127
-3969.83	18286.2	402.125	812.945
-3969.83	18286.2	400.089	806.601
-3969.83	18286.2	398.052	775.712
-3969.83	18286.2	396.015	776.743
-3969.83	18286.2	393.977	796.175
-3969.83	18286.2	391.938	760.406
-3969.83	18286.2	389.899	743.047
-3969.83	18286.2	387.86	763.698
-3969.83	18286.2	385.82	730.415
-3969.83	18286.2	383.78	789.04
-3969.83	18286.2	381.739	752.092
-3969.83	18286.2	379.697	773.944
-3969.83	18286.2	377.655	730.897
-3969.83	18286.2	375.613	773.55
-3969.83	18286.2	373.57	754.998
-3969.83	18286.2	371.526	804.963
-3969.83	18286.2	369.482	768.067
-3969.83	18286.2	367.437	761.757
-3969.83	18286.2	365.392	771.342
-3969.83	18286.2	363.346	768.701
-3969.83	18286.2	361.3	761.174
-3969.83	18286.2	359.254	753.651
-3969.83	18286.2	357.206	718.044
-3969.83	18286.2	355.159	749.602
-3969.83	18286.2	353.11	727.441
-3969.83	18286.2	351.062	733.356
-3969.83	18286.2	349.012	719.749
-3969.83	18286.2	346.962	775.666
-3969.83	18286.2	344.912	741.326
-3969.83	18286.2	342.861	733.822
-3969.83	18286.2	340.81	795.785
-3969.83	18286.2	338.758	788.271
-3969.83	18286.2	336.705	753.963
-3969.83	18286.2	334.652	772.035
-3969.83	18286.2	332.599	766.966
-3969.83	18286.2	330.545	732.69
-3969.83	18286.2	328.49	772.655
-3969.83	18286.2	326.435	791.919
-3969.83	18286.2	324.379	817.254
-3969.83	18286.2	322.323	772.057
-3969.83	18286.2	320.266	807.107
-3969.83	18286.2	318.209	772.873
-3969.83	18286.2	316.151	796.97
-3969.83	18286.2	314.093	782.189
-3969.83	18286.2	312.034	836.628
-3969.83	18286.2	309.975	847.337
-3969.83	18286.2	307.915	792.503
-3969.83	18286.2	305.854	804.431
-3969.83	18286.2	303.793	807.861
-3969.83	18286.2	301.732	804.013
-3969.83	18286.2	299.67	821.989
-3969.83	18286.2	297.607	875.106
-3969.83	18286.2	295.544	843.373
-3969.83	18286.2	293.48	818.925
-3969.83	18286.2	291.416	834.455
-3969.83	18286.2	289.351	811.233
-3969.83	18286.2	287.286	803.758
-3969.83	18286.2	285.22	784.185
-3969.83	18286.2	283.154	776.721
-3969.83	18286.2	281.087	798.29
-3969.83	18286.2	279.019	792.035
-3969.83	18286.2	276.951	747.098
-3969.83	18286.2	274.883	740.859
-3969.83	18286.2	272.814	761.205
-3969.83	18286.2	270.744	711.48
-3969.83	18286.2	268.674	730.615
-3969.83	18286.2	266.603	781.13
-3969.83	18286.2	264.532	715.747
-3969.83	18286.2	262.46	687.805
-3969.83	18286.2	260.388	720.196
-3969.83	18286.2	258.315	705.533
-3969.83	18286.2	256.241	700.525
-3969.83	18286.2	254.167	673.821
-3969.83	18286.2	252.093	670.028
-3969.83	18286.2	250.018	655.393
-3969.83	18286.2	247.942	675.696
-3969.83	18286.2	245.866	647.822
-3969.83	18286.2	243.789	647.651
-3969.83	18286.2	241.712	633.037
-3969.83	18286.2	239.634	644.901
-3969.83	18286.2	237.556	635.107
-3969.83	18286.2	235.477	646.964
-3969.83	18286.2	233.397	652.803
-3969.83	18286.2	231.317	650.226
-3969.83	18286.2	229.237	623.618
-3969.83	18286.2	227.155	599.427
-3969.83	18286.2	225.074	589.66
-3969.83	18286.2	222.991	602.709
-3969.83	18286.2	220.909	568.94
-3969.83	18286.2	218.825	565.188
-3969.83	18286.2	216.741	585.432
-3969.83	18286.2	214.657	560.089
-3969.83	18286.2	212.572	574.327
-3969.83	18286.2	210.486	587.359
-3969.83	18286.2	208.4	581.21
-3969.83	18286.2	206.313	607.411
-3969.83	18286.2	204.226	592.876
-3969.83	18286.2	202.138	610.678
-3969.83	18286.2	200.05	651.214
-3969.83	18286.2	197.961	672.581
-3969.83	18286.2	195.871	672.4
-3969.83	18286.2	193.781	662.65
-3969.83	18286.2	191.691	676.821
-3969.83	18286.2	189.599	690.984
-3969.83	18286.2	187.508	671.675
-3969.83	18286.2	185.415	719.287
-3969.83	18286.2	183.322	685.647
-3969.83	18286.2	181.229	754.724
-3969.83	18286.2	179.135	753.326
-3969.83	18286.2	177.04	757.896
-3969.83	18286.2	174.945	748.145
-3969.83	18286.2	172.849	747.942
-3969.83	18286.2	170.753	745.353
-3969.83	18286.2	168.656	755.881
-3969.83	18286.2	166.558	773.554
-3969.83	18286.2	164.46	761.428
-3969.83	18286.2	162.362	749.308
-3969.83	18286.2	160.263	745.531
-3969.83	18286.2	158.163	765.568
-3969.83	18286.2	156.063	771.311
-3969.83	18286.2	153.962	781.81
-3969.83	18286.2	151.86	766.131
-3969.83	18286.2	149.758	756.407
-3969.83	18286.2	147.656	747.877
-3969.83	18286.2	145.552	740.54
-3969.83	18286.2	143.449	784.305
-3969.83	18286.2	141.344	768.646
-3969.83	18286.2	139.239	777.936
-3969.83	18286.2	137.134	789.596
-3969.83	18286.2	135.028	769.199
-3969.83	18286.2	132.921	764.241
-3969.83	18286.2	130.814	755.726
-3969.83	18286.2	128.706	723.494
-3969.83	18286.2	126.598	748.194
-3969.83	18286.2	124.489	733.763
-3969.83	18286.2	122.379	722.895
-3969.83	18286.2	120.269	732.173
-3969.83	18286.2	118.158	701.175
-3969.83	18286.2	116.047	698.613
-3969.83	18286.2	113.935	673.56
-3969.83	18286.2	111.822	684.024
-3969.83	18286.2	109.709	642.425
-3969.83	18286.2	107.596	636.333
-3969.83	18286.2	105.481	607.777
-3969.83	18286.2	103.367	598.151
-3969.83	18286.2	101.251	596.803
-3969.83	18286.2	99.1351	547.015
-3969.83	18286.2	97.0184	538.595
-3969.83	18286.2	94.9012	512.467
-3969.83	18286.2	92.7834	511.143
-3969.83	18286.2	90.665	490.938
-3969.83	18286.2	88.546	464.844
-3969.83	18286.2	86.4265	457.637
-3969.83	18286.2	84.3063	441.001
-3969.83	18286.2	82.1855	403.155
-3969.83	18286.2	80.0641	407.756
-3969.83	18286.2	77.9422	399.394
