-3967.83	18250.2	1979.41	443.242
-3967.83	18250.2	1977.72	466.805
-3967.83	18250.2	1976.02	451.959
-3967.83	18250.2	1974.33	431.211
-3967.83	18250.2	1972.64	453.288
-3967.83	18250.2	1970.94	463.548
-3967.83	18250.2	1969.25	439.855
-3967.83	18250.2	1967.56	438.307
-3967.83	18250.2	1965.86	467.746
-3967.83	18250.2	1964.17	438.163
-3967.83	18250.2	1962.47	477.917
-3967.83	18250.2	1960.78	443.917
-3967.83	18250.2	1959.08	445.318
-3967.83	18250.2	1957.39	464.41
-3967.83	18250.2	1955.69	461.385
-3967.83	18250.2	1953.99	467.203
-3967.83	18250.2	1952.3	439.128
-3967.83	18250.2	1950.6	447.894
-3967.83	18250.2	1948.9	438.981
-3967.83	18250.2	1947.21	407.978
-3967.83	18250.2	1945.51	462.395
-3967.83	18250.2	1943.81	446.122
-3967.83	18250.2	1942.11	437.214
-3967.83	18250.2	1940.41	443.028
-3967.83	18250.2	1938.71	448.84
-3967.83	18250.2	1937.01	434.051
-3967.83	18250.2	1935.32	414.853
-3967.83	18250.2	1933.62	444.2
-3967.83	18250.2	1931.92	436.771
-3967.83	18250.2	1930.22	446.99
-3967.83	18250.2	1928.51	429.272
-3967.83	18250.2	1926.81	454.187
-3967.83	18250.2	1925.11	443.822
-3967.83	18250.2	1923.41	446.685
-3967.83	18250.2	1921.71	431.918
-3967.83	18250.2	1920.01	464.159
-3967.83	18250.2	1918.31	437.644
-3967.83	18250.2	1916.6	446.379
-3967.83	18250.2	1914.9	459.515
-3967.83	18250.2	1913.2	427.144
-3967.83	18250.2	1911.49	452.019
-3967.83	18250.2	1909.79	450.474
-3967.83	18250.2	1908.09	429.857
-3967.83	18250.2	1906.38	428.316
-3967.83	18250.2	1904.68	439.974
-3967.83	18250.2	1902.97	457.494
-3967.83	18250.2	1901.27	431.025
-3967.83	18250.2	1899.56	411.894
-3967.83	18250.2	1897.85	435.272
-3967.83	18250.2	1896.15	400.028
-3967.83	18250.2	1894.44	455.63
-3967.83	18250.2	1892.74	424.79
-3967.83	18250.2	1891.03	432.038
-3967.83	18250.2	1889.32	448.07
-3967.83	18250.2	1887.61	396.75
-3967.83	18250.2	1885.91	417.173
-3967.83	18250.2	1884.2	431.735
-3967.83	18250.2	1882.49	444.828
-3967.83	18250.2	1880.78	453.528
-3967.83	18250.2	1879.07	444.671
-3967.83	18250.2	1877.36	435.818
-3967.83	18250.2	1875.65	428.43
-3967.83	18250.2	1873.94	428.354
-3967.83	18250.2	1872.23	434.125
-3967.83	18250.2	1870.52	422.356
-3967.83	18250.2	1868.81	432.509
-3967.83	18250.2	1867.1	429.51
-3967.83	18250.2	1865.39	432.355
-3967.83	18250.2	1863.68	436.659
-3967.83	18250.2	1861.96	439.501
-3967.83	18250.2	1860.25	427.744
-3967.83	18250.2	1858.54	443.723
-3967.83	18250.2	1856.82	442.184
-3967.83	18250.2	1855.11	466.909
-3967.83	18250.2	1853.4	427.437
-3967.83	18250.2	1851.68	404.023
-3967.83	18250.2	1849.97	411.242
-3967.83	18250.2	1848.25	456.367
-3967.83	18250.2	1846.54	403.805
-3967.83	18250.2	1844.82	432.882
-3967.83	18250.2	1843.11	410.945
-3967.83	18250.2	1841.39	426.897
-3967.83	18250.2	1839.68	402.056
-3967.83	18250.2	1837.96	429.655
-3967.83	18250.2	1836.24	432.49
-3967.83	18250.2	1834.53	403.292
-3967.83	18250.2	1832.81	429.421
-3967.83	18250.2	1831.09	427.887
-3967.83	18250.2	1829.37	407.437
-3967.83	18250.2	1827.65	416.092
-3967.83	18250.2	1825.94	418.925
-3967.83	18250.2	1824.22	392.67
-3967.83	18250.2	1822.5	421.68
-3967.83	18250.2	1820.78	453.586
-3967.83	18250.2	1819.06	430.246
-3967.83	18250.2	1817.34	438.887
-3967.83	18250.2	1815.62	431.541
-3967.83	18250.2	1813.9	419.839
-3967.83	18250.2	1812.18	427.024
-3967.83	18250.2	1810.45	403.71
-3967.83	18250.2	1808.73	429.77
-3967.83	18250.2	1807.01	397.754
-3967.83	18250.2	1805.29	462.993
-3967.83	18250.2	1803.56	428.081
-3967.83	18250.2	1801.84	414.943
-3967.83	18250.2	1800.12	404.712
-3967.83	18250.2	1798.39	424.941
-3967.83	18250.2	1796.67	406.012
-3967.83	18250.2	1794.95	426.233
-3967.83	18250.2	1793.22	418.906
-3967.83	18250.2	1791.5	413.031
-3967.83	18250.2	1789.77	402.811
-3967.83	18250.2	1788.04	433.158
-3967.83	18250.2	1786.32	402.66
-3967.83	18250.2	1784.59	460.511
-3967.83	18250.2	1782.87	422.779
-3967.83	18250.2	1781.14	453.1
-3967.83	18250.2	1779.41	419.726
-3967.83	18250.2	1777.68	419.647
-3967.83	18250.2	1775.96	448.504
-3967.83	18250.2	1774.23	413.703
-3967.83	18250.2	1772.5	407.84
-3967.83	18250.2	1770.77	401.979
-3967.83	18250.2	1769.04	419.251
-3967.83	18250.2	1767.31	407.609
-3967.83	18250.2	1765.58	423.428
-3967.83	18250.2	1763.85	432.017
-3967.83	18250.2	1762.12	405.932
-3967.83	18250.2	1760.39	401.522
-3967.83	18250.2	1758.66	389.893
-3967.83	18250.2	1756.93	436.02
-3967.83	18250.2	1755.19	407.067
-3967.83	18250.2	1753.46	404.103
-3967.83	18250.2	1751.73	429.999
-3967.83	18250.2	1750.0	419.818
-3967.83	18250.2	1748.26	448.586
-3967.83	18250.2	1746.53	425.426
-3967.83	18250.2	1744.8	413.81
-3967.83	18250.2	1743.06	387.782
-3967.83	18250.2	1741.33	412.21
-3967.83	18250.2	1739.59	415.013
-3967.83	18250.2	1737.86	406.289
-3967.83	18250.2	1736.12	417.734
-3967.83	18250.2	1734.39	414.774
-3967.83	18250.2	1732.65	417.574
-3967.83	18250.2	1730.91	418.933
-3967.83	18250.2	1729.18	428.927
-3967.83	18250.2	1727.44	402.941
-3967.83	18250.2	1725.7	401.425
-3967.83	18250.2	1723.96	405.663
-3967.83	18250.2	1722.23	418.528
-3967.83	18250.2	1720.49	399.754
-3967.83	18250.2	1718.75	402.551
-3967.83	18250.2	1717.01	432.659
-3967.83	18250.2	1715.27	413.892
-3967.83	18250.2	1713.53	412.375
-3967.83	18250.2	1711.79	409.422
-3967.83	18250.2	1710.05	422.268
-3967.83	18250.2	1708.31	386.286
-3967.83	18250.2	1706.57	397.697
-3967.83	18250.2	1704.82	410.538
-3967.83	18250.2	1703.08	409.023
-3967.83	18250.2	1701.34	398.898
-3967.83	18250.2	1699.6	398.82
-3967.83	18250.2	1697.85	377.228
-3967.83	18250.2	1696.11	398.664
-3967.83	18250.2	1694.37	395.719
-3967.83	18250.2	1692.62	391.341
-3967.83	18250.2	1690.88	399.863
-3967.83	18250.2	1689.13	408.382
-3967.83	18250.2	1687.39	409.734
-3967.83	18250.2	1685.64	415.383
-3967.83	18250.2	1683.9	396.684
-3967.83	18250.2	1682.15	429.537
-3967.83	18250.2	1680.41	418.0
-3967.83	18250.2	1678.66	377.844
-3967.83	18250.2	1676.91	382.062
-3967.83	18250.2	1675.16	409.169
-3967.83	18250.2	1673.42	396.214
-3967.83	18250.2	1671.67	413.297
-3967.83	18250.2	1669.92	433.233
-3967.83	18250.2	1668.17	420.281
-3967.83	18250.2	1666.42	384.466
-3967.83	18250.2	1664.67	402.967
-3967.83	18250.2	1662.92	397.172
-3967.83	18250.2	1661.17	401.378
-3967.83	18250.2	1659.42	411.295
-3967.83	18250.2	1657.67	392.651
-3967.83	18250.2	1655.92	409.704
-3967.83	18250.2	1654.17	411.049
-3967.83	18250.2	1652.42	435.226
-3967.83	18250.2	1650.66	396.618
-3967.83	18250.2	1648.91	402.245
-3967.83	18250.2	1647.16	420.704
-3967.83	18250.2	1645.41	413.49
-3967.83	18250.2	1643.65	402.003
-3967.83	18250.2	1641.9	420.451
-3967.83	18250.2	1640.14	423.217
-3967.83	18250.2	1638.39	401.761
-3967.83	18250.2	1636.63	413.076
-3967.83	18250.2	1634.88	371.694
-3967.83	18250.2	1633.12	361.652
-3967.83	18250.2	1631.37	378.662
-3967.83	18250.2	1629.61	388.548
-3967.83	18250.2	1627.85	360.011
-3967.83	18250.2	1626.09	401.196
-3967.83	18250.2	1624.34	409.649
-3967.83	18250.2	1622.58	412.411
-3967.83	18250.2	1620.82	389.579
-3967.83	18250.2	1619.06	412.244
-3967.83	18250.2	1617.3	415.003
-3967.83	18250.2	1615.54	412.078
-3967.83	18250.2	1613.78	437.566
-3967.83	18250.2	1612.02	377.822
-3967.83	18250.2	1610.26	384.845
-3967.83	18250.2	1608.5	384.767
-3967.83	18250.2	1606.74	400.304
-3967.83	18250.2	1604.98	393.126
-3967.83	18250.2	1603.22	377.438
-3967.83	18250.2	1601.46	400.06
-3967.83	18250.2	1599.69	399.978
-3967.83	18250.2	1597.93	397.061
-3967.83	18250.2	1596.17	378.549
-3967.83	18250.2	1594.4	394.064
-3967.83	18250.2	1592.64	382.646
-3967.83	18250.2	1590.88	399.571
-3967.83	18250.2	1589.11	365.49
-3967.83	18250.2	1587.35	395.159
-3967.83	18250.2	1585.58	392.246
-3967.83	18250.2	1583.81	372.345
-3967.83	18250.2	1582.05	394.916
-3967.83	18250.2	1580.28	399.081
-3967.83	18250.2	1578.51	393.339
-3967.83	18250.2	1576.75	379.113
-3967.83	18250.2	1574.98	367.721
-3967.83	18250.2	1573.21	374.715
-3967.83	18250.2	1571.44	391.603
-3967.83	18250.2	1569.67	377.388
-3967.83	18250.2	1567.91	397.094
-3967.83	18250.2	1566.14	408.316
-3967.83	18250.2	1564.37	389.868
-3967.83	18250.2	1562.6	394.025
-3967.83	18250.2	1560.83	409.475
-3967.83	18250.2	1559.05	406.567
-3967.83	18250.2	1557.28	389.547
-3967.83	18250.2	1555.51	390.877
-3967.83	18250.2	1553.74	410.548
-3967.83	18250.2	1551.97	380.842
-3967.83	18250.2	1550.19	380.763
-3967.83	18250.2	1548.42	389.144
-3967.83	18250.2	1546.65	397.522
-3967.83	18250.2	1544.87	373.48
-3967.83	18250.2	1543.1	417.084
-3967.83	18250.2	1541.32	391.639
-3967.83	18250.2	1539.55	360.572
-3967.83	18250.2	1537.77	378.803
-3967.83	18250.2	1536.0	378.725
-3967.83	18250.2	1534.22	389.907
-3967.83	18250.2	1532.45	379.974
-3967.83	18250.2	1530.67	363.011
-3967.83	18250.2	1528.89	392.477
-3967.83	18250.2	1527.11	362.86
-3967.83	18250.2	1525.34	381.064
-3967.83	18250.2	1523.56	368.332
-3967.83	18250.2	1521.78	394.961
-3967.83	18250.2	1520.0	379.421
-3967.83	18250.2	1518.22	366.697
-3967.83	18250.2	1516.44	390.5
-3967.83	18250.2	1514.66	373.565
-3967.83	18250.2	1512.88	374.891
-3967.83	18250.2	1511.1	373.409
-3967.83	18250.2	1509.32	395.787
-3967.83	18250.2	1507.54	391.495
-3967.83	18250.2	1505.76	370.369
-3967.83	18250.2	1503.97	368.889
-3967.83	18250.2	1502.19	395.455
-3967.83	18250.2	1500.41	399.579
-3967.83	18250.2	1498.62	367.255
-3967.83	18250.2	1496.84	382.594
-3967.83	18250.2	1495.06	393.722
-3967.83	18250.2	1493.27	369.825
-3967.83	18250.2	1491.49	379.551
-3967.83	18250.2	1489.7	379.471
-3967.83	18250.2	1487.91	393.391
-3967.83	18250.2	1486.13	405.905
-3967.83	18250.2	1484.34	389.027
-3967.83	18250.2	1482.55	390.344
-3967.83	18250.2	1480.77	366.483
-3967.83	18250.2	1478.98	380.39
-3967.83	18250.2	1477.19	363.532
-3967.83	18250.2	1475.4	378.832
-3967.83	18250.2	1473.61	381.547
-3967.83	18250.2	1471.83	399.631
-3967.83	18250.2	1470.04	366.018
-3967.83	18250.2	1468.25	379.908
-3967.83	18250.2	1466.46	377.035
-3967.83	18250.2	1464.67	369.975
-3967.83	18250.2	1462.87	392.23
-3967.83	18250.2	1461.08	393.542
-3967.83	18250.2	1459.29	385.087
-3967.83	18250.2	1457.5	376.636
-3967.83	18250.2	1455.71	372.372
-3967.83	18250.2	1453.91	377.87
-3967.83	18250.2	1452.12	407.065
-3967.83	18250.2	1450.33	404.191
-3967.83	18250.2	1448.53	399.925
-3967.83	18250.2	1446.74	385.908
-3967.83	18250.2	1444.94	369.111
-3967.83	18250.2	1443.15	392.707
-3967.83	18250.2	1441.35	392.623
-3967.83	18250.2	1439.56	380.012
-3967.83	18250.2	1437.76	386.889
-3967.83	18250.2	1435.96	397.938
-3967.83	18250.2	1434.17	399.244
-3967.83	18250.2	1432.37	378.297
-3967.83	18250.2	1430.57	387.95
-3967.83	18250.2	1428.77	387.867
-3967.83	18250.2	1426.97	379.444
-3967.83	18250.2	1425.17	365.467
-3967.83	18250.2	1423.37	391.786
-3967.83	18250.2	1421.58	356.977
-3967.83	18250.2	1419.77	370.788
-3967.83	18250.2	1417.97	377.65
-3967.83	18250.2	1416.17	380.346
-3967.83	18250.2	1414.37	359.447
-3967.83	18250.2	1412.57	412.096
-3967.83	18250.2	1410.77	391.199
-3967.83	18250.2	1408.97	396.663
-3967.83	18250.2	1407.16	375.778
-3967.83	18250.2	1405.36	368.766
-3967.83	18250.2	1403.56	370.073
-3967.83	18250.2	1401.75	363.065
-3967.83	18250.2	1399.95	368.528
-3967.83	18250.2	1398.14	386.456
-3967.83	18250.2	1396.34	390.528
-3967.83	18250.2	1394.53	379.367
-3967.83	18250.2	1392.73	377.901
-3967.83	18250.2	1390.92	368.132
-3967.83	18250.2	1389.11	345.914
-3967.83	18250.2	1387.3	367.974
-3967.83	18250.2	1385.5	356.83
-3967.83	18250.2	1383.69	378.877
-3967.83	18250.2	1381.88	370.501
-3967.83	18250.2	1380.07	353.835
-3967.83	18250.2	1378.26	374.486
-3967.83	18250.2	1376.45	363.353
-3967.83	18250.2	1374.64	372.943
-3967.83	18250.2	1372.83	379.768
-3967.83	18250.2	1371.02	382.447
-3967.83	18250.2	1369.21	389.266
-3967.83	18250.2	1367.4	346.399
-3967.83	18250.2	1365.59	344.945
-3967.83	18250.2	1363.78	360.044
-3967.83	18250.2	1361.96	379.275
-3967.83	18250.2	1360.15	358.509
-3967.83	18250.2	1358.34	365.325
-3967.83	18250.2	1356.52	356.976
-3967.83	18250.2	1354.71	363.788
-3967.83	18250.2	1352.89	376.109
-3967.83	18250.2	1351.08	342.97
-3967.83	18250.2	1349.26	329.124
-3967.83	18250.2	1347.45	363.473
-3967.83	18250.2	1345.63	388.17
-3967.83	18250.2	1343.81	382.581
-3967.83	18250.2	1342.0	383.874
-3967.83	18250.2	1340.18	372.786
-3967.83	18250.2	1338.36	386.458
-3967.83	18250.2	1336.54	362.999
-3967.83	18250.2	1334.73	380.791
-3967.83	18250.2	1332.91	361.466
-3967.83	18250.2	1331.09	358.639
-3967.83	18250.2	1329.27	381.916
-3967.83	18250.2	1327.45	369.471
-3967.83	18250.2	1325.63	368.017
-3967.83	18250.2	1323.81	383.039
-3967.83	18250.2	1321.98	355.503
-3967.83	18250.2	1320.16	341.703
-3967.83	18250.2	1318.34	373.184
-3967.83	18250.2	1316.52	371.731
-3967.83	18250.2	1314.7	355.193
-3967.83	18250.2	1312.87	372.94
-3967.83	18250.2	1311.05	342.701
-3967.83	18250.2	1309.22	350.849
-3967.83	18250.2	1307.4	353.512
-3967.83	18250.2	1305.57	368.504
-3967.83	18250.2	1303.75	361.575
-3967.83	18250.2	1301.92	346.434
-3967.83	18250.2	1300.1	354.572
-3967.83	18250.2	1298.27	351.757
-3967.83	18250.2	1296.44	357.154
-3967.83	18250.2	1294.62	370.756
-3967.83	18250.2	1292.79	359.733
-3967.83	18250.2	1290.96	354.184
-3967.83	18250.2	1289.13	356.84
-3967.83	18250.2	1287.3	359.496
-3967.83	18250.2	1285.47	353.951
-3967.83	18250.2	1283.64	360.704
-3967.83	18250.2	1281.81	371.553
-3967.83	18250.2	1279.98	342.792
-3967.83	18250.2	1278.15	385.044
-3967.83	18250.2	1276.32	357.657
-3967.83	18250.2	1274.49	348.025
-3967.83	18250.2	1272.66	375.239
-3967.83	18250.2	1270.82	380.613
-3967.83	18250.2	1268.99	372.346
-3967.83	18250.2	1267.16	369.536
-3967.83	18250.2	1265.32	353.095
-3967.83	18250.2	1263.49	355.744
-3967.83	18250.2	1261.66	370.655
-3967.83	18250.2	1259.82	348.775
-3967.83	18250.2	1257.98	365.043
-3967.83	18250.2	1256.15	369.048
-3967.83	18250.2	1254.31	374.413
-3967.83	18250.2	1252.48	362.079
-3967.83	18250.2	1250.64	344.308
-3967.83	18250.2	1248.8	367.362
-3967.83	18250.2	1246.96	341.435
-3967.83	18250.2	1245.13	376.72
-3967.83	18250.2	1243.29	341.284
-3967.83	18250.2	1241.45	350.725
-3967.83	18250.2	1239.61	372.393
-3967.83	18250.2	1237.77	357.364
-3967.83	18250.2	1235.93	357.284
-3967.83	18250.2	1234.09	359.922
-3967.83	18250.2	1232.25	370.705
-3967.83	18250.2	1230.41	363.835
-3967.83	18250.2	1228.56	354.254
-3967.83	18250.2	1226.72	356.889
-3967.83	18250.2	1224.88	367.664
-3967.83	18250.2	1223.04	344.524
-3967.83	18250.2	1221.19	364.789
-3967.83	18250.2	1219.35	379.621
-3967.83	18250.2	1217.5	342.939
-3967.83	18250.2	1215.66	356.415
-3967.83	18250.2	1213.81	350.916
-3967.83	18250.2	1211.97	386.057
-3967.83	18250.2	1210.12	372.429
-3967.83	18250.2	1208.28	346.62
-3967.83	18250.2	1206.43	365.495
-3967.83	18250.2	1204.58	353.233
-3967.83	18250.2	1202.73	351.802
-3967.83	18250.2	1200.89	342.254
-3967.83	18250.2	1199.04	370.58
-3967.83	18250.2	1197.19	365.089
-3967.83	18250.2	1195.34	344.73
-3967.83	18250.2	1193.49	346.004
-3967.83	18250.2	1191.64	339.171
-3967.83	18250.2	1189.79	364.764
-3967.83	18250.2	1187.94	371.436
-3967.83	18250.2	1186.09	361.901
-3967.83	18250.2	1184.23	384.771
-3967.83	18250.2	1182.38	388.735
-3967.83	18250.2	1180.53	334.669
-3967.83	18250.2	1178.68	392.609
-3967.83	18250.2	1176.82	356.102
-3967.83	18250.2	1174.97	353.325
-3967.83	18250.2	1173.12	333.023
-3967.83	18250.2	1171.26	366.647
-3967.83	18250.2	1169.41	357.132
-3967.83	18250.2	1167.55	363.789
-3967.83	18250.2	1165.69	379.873
-3967.83	18250.2	1163.84	351.506
-3967.83	18250.2	1161.98	350.081
-3967.83	18250.2	1160.12	359.425
-3967.83	18250.2	1158.27	349.924
-3967.83	18250.2	1156.41	356.574
-3967.83	18250.2	1154.55	376.673
-3967.83	18250.2	1152.69	367.174
-3967.83	18250.2	1150.83	376.504
-3967.83	18250.2	1148.97	353.566
-3967.83	18250.2	1147.11	352.143
-3967.83	18250.2	1145.25	384.314
-3967.83	18250.2	1143.39	366.763
-3967.83	18250.2	1141.53	353.249
-3967.83	18250.2	1139.67	378.684
-3967.83	18250.2	1137.81	373.229
-3967.83	18250.2	1135.94	367.776
-3967.83	18250.2	1134.08	356.958
-3967.83	18250.2	1132.22	354.195
-3967.83	18250.2	1130.35	395.697
-3967.83	18250.2	1128.49	362.082
-3967.83	18250.2	1126.62	366.023
-3967.83	18250.2	1124.76	406.154
-3967.83	18250.2	1122.89	395.342
-3967.83	18250.2	1121.03	355.058
-3967.83	18250.2	1119.16	349.62
-3967.83	18250.2	1117.3	361.594
-3967.83	18250.2	1115.43	384.275
-3967.83	18250.2	1113.56	365.448
-3967.83	18250.2	1111.69	350.644
-3967.83	18250.2	1109.82	371.973
-3967.83	18250.2	1107.96	370.552
-3967.83	18250.2	1106.09	401.23
-3967.83	18250.2	1104.22	365.037
-3967.83	18250.2	1102.35	347.576
-3967.83	18250.2	1100.48	362.199
-3967.83	18250.2	1098.61	391.515
-3967.83	18250.2	1096.73	382.075
-3967.83	18250.2	1094.86	361.954
-3967.83	18250.2	1092.99	348.52
-3967.83	18250.2	1091.12	333.756
-3967.83	18250.2	1089.24	356.371
-3967.83	18250.2	1087.37	385.648
-3967.83	18250.2	1085.5	352.208
-3967.83	18250.2	1083.62	380.138
-3967.83	18250.2	1081.75	376.052
-3967.83	18250.2	1079.87	367.968
-3967.83	18250.2	1078.0	385.212
-3967.83	18250.2	1076.12	382.46
-3967.83	18250.2	1074.24	386.371
-3967.83	18250.2	1072.37	331.671
-3967.83	18250.2	1070.49	395.518
-3967.83	18250.2	1068.61	368.8
-3967.83	18250.2	1066.73	371.379
-3967.83	18250.2	1064.86	373.957
-3967.83	18250.2	1062.98	364.559
-3967.83	18250.2	1061.1	345.853
-3967.83	18250.2	1059.22	380.352
-3967.83	18250.2	1057.34	374.948
-3967.83	18250.2	1055.46	457.28
-3967.83	18250.2	1053.58	381.423
-3967.83	18250.2	1051.69	390.637
-3967.83	18250.2	1049.81	414.46
-3967.83	18250.2	1047.93	411.71
-3967.83	18250.2	1046.05	383.733
-3967.83	18250.2	1044.16	407.541
-3967.83	18250.2	1042.28	379.577
-3967.83	18250.2	1040.4	408.683
-3967.83	18250.2	1038.51	396.651
-3967.83	18250.2	1036.63	397.887
-3967.83	18250.2	1034.74	426.968
-3967.83	18250.2	1032.86	385.775
-3967.83	18250.2	1030.97	421.473
-3967.83	18250.2	1029.08	422.702
-3967.83	18250.2	1027.2	427.905
-3967.83	18250.2	1025.31	401.318
-3967.83	18250.2	1023.42	410.496
-3967.83	18250.2	1021.53	401.136
-3967.83	18250.2	1019.64	402.368
-3967.83	18250.2	1017.75	430.065
-3967.83	18250.2	1015.86	439.228
-3967.83	18250.2	1013.97	417.966
-3967.83	18250.2	1012.08	437.706
-3967.83	18250.2	1010.19	498.422
-3967.83	18250.2	1008.3	478.482
-3967.83	18250.2	1006.41	473.087
-3967.83	18250.2	1004.52	469.015
-3967.83	18250.2	1002.62	486.08
-3967.83	18250.2	1000.73	472.763
-3967.83	18250.2	998.837	468.695
-3967.83	18250.2	996.943	484.427
-3967.83	18250.2	995.049	510.71
-3967.83	18250.2	993.154	509.274
-3967.83	18250.2	991.258	507.839
-3967.83	18250.2	989.363	577.617
-3967.83	18250.2	987.467	545.843
-3967.83	18250.2	985.57	566.808
-3967.83	18250.2	983.673	611.486
-3967.83	18250.2	981.776	581.043
-3967.83	18250.2	979.878	588.813
-3967.83	18250.2	977.979	628.187
-3967.83	18250.2	976.081	635.944
-3967.83	18250.2	974.181	622.635
-3967.83	18250.2	972.282	680.398
-3967.83	18250.2	970.382	652.612
-3967.83	18250.2	968.481	641.939
-3967.83	18250.2	966.58	685.192
-3967.83	18250.2	964.679	663.998
-3967.83	18250.2	962.777	666.475
-3967.83	18250.2	960.875	682.093
-3967.83	18250.2	958.972	677.995
-3967.83	18250.2	957.069	696.23
-3967.83	18250.2	955.166	664.551
-3967.83	18250.2	953.262	659.146
-3967.83	18250.2	951.357	656.369
-3967.83	18250.2	949.452	653.594
-3967.83	18250.2	947.547	670.502
-3967.83	18250.2	945.641	645.423
-3967.83	18250.2	943.735	689.867
-3967.83	18250.2	941.829	658.239
-3967.83	18250.2	939.922	669.886
-3967.83	18250.2	938.014	655.316
-3967.83	18250.2	936.106	648.613
-3967.83	18250.2	934.198	643.224
-3967.83	18250.2	932.289	643.076
-3967.83	18250.2	930.38	640.31
-3967.83	18250.2	928.47	583.87
-3967.83	18250.2	926.56	620.383
-3967.83	18250.2	924.649	594.069
-3967.83	18250.2	922.738	559.919
-3967.83	18250.2	920.827	604.259
-3967.83	18250.2	918.915	553.123
-3967.83	18250.2	917.003	554.303
-3967.83	18250.2	915.09	564.632
-3967.83	18250.2	913.177	522.687
-3967.83	18250.2	911.263	535.63
-3967.83	18250.2	909.349	525.058
-3967.83	18250.2	907.435	517.102
-3967.83	18250.2	905.52	513.066
-3967.83	18250.2	903.604	516.863
-3967.83	18250.2	901.688	529.793
-3967.83	18250.2	899.772	520.539
-3967.83	18250.2	897.855	508.68
-3967.83	18250.2	895.938	487.698
-3967.83	18250.2	894.021	496.712
-3967.83	18250.2	892.103	493.99
-3967.83	18250.2	890.184	495.179
-3967.83	18250.2	888.265	487.248
-3967.83	18250.2	886.346	497.555
-3967.83	18250.2	884.426	455.77
-3967.83	18250.2	882.506	497.325
-3967.83	18250.2	880.585	492.003
-3967.83	18250.2	878.664	504.903
-3967.83	18250.2	876.742	491.776
-3967.83	18250.2	874.82	450.04
-3967.83	18250.2	872.898	483.746
-3967.83	18250.2	870.975	465.432
-3967.83	18250.2	869.051	491.32
-3967.83	18250.2	867.127	471.714
-3967.83	18250.2	865.203	476.802
-3967.83	18250.2	863.278	449.414
-3967.83	18250.2	861.353	494.761
-3967.83	18250.2	859.428	475.172
-3967.83	18250.2	857.502	446.506
-3967.83	18250.2	855.575	463.272
-3967.83	18250.2	853.648	491.707
-3967.83	18250.2	851.721	474.731
-3967.83	18250.2	849.793	466.84
-3967.83	18250.2	847.865	461.545
-3967.83	18250.2	845.936	478.288
-3967.83	18250.2	844.007	448.372
-3967.83	18250.2	842.077	503.977
-3967.83	18250.2	840.147	466.297
-3967.83	18250.2	838.216	486.908
-3967.83	18250.2	836.285	494.563
-3967.83	18250.2	834.354	511.275
-3967.83	18250.2	832.422	476.216
-3967.83	18250.2	830.49	477.399
-3967.83	18250.2	828.557	464.353
-3967.83	18250.2	826.624	461.659
-3967.83	18250.2	824.69	511.972
-3967.83	18250.2	822.756	488.587
-3967.83	18250.2	820.821	466.505
-3967.83	18250.2	818.886	476.732
-3967.83	18250.2	816.951	475.329
-3967.83	18250.2	815.015	488.131
-3967.83	18250.2	813.078	464.779
-3967.83	18250.2	811.141	508.556
-3967.83	18250.2	809.204	476.176
-3967.83	18250.2	807.266	482.515
-3967.83	18250.2	805.328	483.692
-3967.83	18250.2	803.389	460.367
-3967.83	18250.2	801.45	505.383
-3967.83	18250.2	799.511	479.486
-3967.83	18250.2	797.571	478.085
-3967.83	18250.2	795.63	488.28
-3967.83	18250.2	793.689	467.557
-3967.83	18250.2	791.748	500.929
-3967.83	18250.2	789.806	481.5
-3967.83	18250.2	787.864	451.783
-3967.83	18250.2	785.921	455.538
-3967.83	18250.2	783.978	461.864
-3967.83	18250.2	782.034	433.459
-3967.83	18250.2	780.09	475.793
-3967.83	18250.2	778.145	466.682
-3967.83	18250.2	776.2	449.863
-3967.83	18250.2	774.255	453.612
-3967.83	18250.2	772.309	465.068
-3967.83	18250.2	770.362	482.941
-3967.83	18250.2	768.416	444.304
-3967.83	18250.2	766.468	437.781
-3967.83	18250.2	764.52	440.245
-3967.83	18250.2	762.572	476.071
-3967.83	18250.2	760.624	460.564
-3967.83	18250.2	758.674	454.043
-3967.83	18250.2	756.725	460.348
-3967.83	18250.2	754.775	430.753
-3967.83	18250.2	752.824	449.877
-3967.83	18250.2	750.873	451.053
-3967.83	18250.2	748.922	436.854
-3967.83	18250.2	746.97	441.875
-3967.83	18250.2	745.017	462.258
-3967.83	18250.2	743.065	460.869
-3967.83	18250.2	741.111	442.842
-3967.83	18250.2	739.158	458.093
-3967.83	18250.2	737.203	447.75
-3967.83	18250.2	735.249	455.318
-3967.83	18250.2	733.294	456.49
-3967.83	18250.2	731.338	446.155
-3967.83	18250.2	729.382	433.269
-3967.83	18250.2	727.425	452.333
-3967.83	18250.2	725.468	468.833
-3967.83	18250.2	723.511	441.902
-3967.83	18250.2	721.553	471.165
-3967.83	18250.2	719.595	441.692
-3967.83	18250.2	717.636	454.351
-3967.83	18250.2	715.676	482.314
-3967.83	18250.2	713.717	465.616
-3967.83	18250.2	711.756	445.1
-3967.83	18250.2	709.796	456.47
-3967.83	18250.2	707.835	434.691
-3967.83	18250.2	705.873	457.528
-3967.83	18250.2	703.911	453.597
-3967.83	18250.2	701.948	461.133
-3967.83	18250.2	699.985	468.665
-3967.83	18250.2	698.022	495.291
-3967.83	18250.2	696.058	445.529
-3967.83	18250.2	694.093	450.514
-3967.83	18250.2	692.129	461.858
-3967.83	18250.2	690.163	452.844
-3967.83	18250.2	688.197	461.638
-3967.83	18250.2	686.231	480.6
-3967.83	18250.2	684.264	469.045
-3967.83	18250.2	682.297	460.038
-3967.83	18250.2	680.329	457.387
-3967.83	18250.2	678.361	473.791
-3967.83	18250.2	676.393	482.568
-3967.83	18250.2	674.423	467.217
-3967.83	18250.2	672.454	486.145
-3967.83	18250.2	670.484	487.298
-3967.83	18250.2	668.513	498.601
-3967.83	18250.2	666.542	520.044
-3967.83	18250.2	664.571	497.094
-3967.83	18250.2	662.599	499.511
-3967.83	18250.2	660.627	491.787
-3967.83	18250.2	658.654	499.273
-3967.83	18250.2	656.68	487.751
-3967.83	18250.2	654.707	469.902
-3967.83	18250.2	652.732	481.186
-3967.83	18250.2	650.758	494.997
-3967.83	18250.2	648.782	486.019
-3967.83	18250.2	646.807	477.045
-3967.83	18250.2	644.83	503.497
-3967.83	18250.2	642.854	518.553
-3967.83	18250.2	640.877	475.437
-3967.83	18250.2	638.899	504.399
-3967.83	18250.2	636.921	503.014
-3967.83	18250.2	634.942	523.11
-3967.83	18250.2	632.963	505.299
-3967.83	18250.2	630.984	514.018
-3967.83	18250.2	629.004	511.37
-3967.83	18250.2	627.023	526.395
-3967.83	18250.2	625.042	511.124
-3967.83	18250.2	623.061	485.766
-3967.83	18250.2	621.079	524.754
-3967.83	18250.2	619.097	467.877
-3967.83	18250.2	617.114	521.979
-3967.83	18250.2	615.131	510.509
-3967.83	18250.2	613.147	524.248
-3967.83	18250.2	611.163	516.562
-3967.83	18250.2	609.178	516.438
-3967.83	18250.2	607.193	547.796
-3967.83	18250.2	605.207	501.081
-3967.83	18250.2	603.221	531.168
-3967.83	18250.2	601.234	503.355
-3967.83	18250.2	599.247	509.524
-3967.83	18250.2	597.259	509.401
-3967.83	18250.2	595.271	485.386
-3967.83	18250.2	593.283	494.069
-3967.83	18250.2	591.294	501.49
-3967.83	18250.2	589.304	503.882
-3967.83	18250.2	587.314	492.454
-3967.83	18250.2	585.323	513.686
-3967.83	18250.2	583.332	488.448
-3967.83	18250.2	581.341	488.33
-3967.83	18250.2	579.349	476.916
-3967.83	18250.2	577.357	524.48
-3967.83	18250.2	575.364	477.939
-3967.83	18250.2	573.37	514.192
-3967.83	18250.2	571.376	505.291
-3967.83	18250.2	569.382	533.999
-3967.83	18250.2	567.387	495.019
-3967.83	18250.2	565.392	502.416
-3967.83	18250.2	563.396	513.568
-3967.83	18250.2	561.399	529.722
-3967.83	18250.2	559.403	542.113
-3967.83	18250.2	557.405	558.253
-3967.83	18250.2	555.408	536.844
-3967.83	18250.2	553.409	541.717
-3967.83	18250.2	551.411	539.083
-3967.83	18250.2	549.411	562.711
-3967.83	18250.2	547.412	578.825
-3967.83	18250.2	545.411	592.432
-3967.83	18250.2	543.411	613.53
-3967.83	18250.2	541.409	668.347
-3967.83	18250.2	539.408	693.162
-3967.83	18250.2	537.406	683.004
-3967.83	18250.2	535.403	808.918
-3967.83	18250.2	533.4	873.617
-3967.83	18250.2	531.396	944.523
-3967.83	18250.2	529.392	1081.51
-3967.83	18250.2	527.387	1427.94
-3967.83	18250.2	525.382	1876.44
-3967.83	18250.2	523.376	2779.68
-3967.83	18250.2	521.37	3868.17
-3967.83	18250.2	519.364	4716.91
-3967.83	18250.2	517.357	5225.2
-3967.83	18250.2	515.349	5365.87
-3967.83	18250.2	513.341	4996.04
-3967.83	18250.2	511.332	4292.83
-3967.83	18250.2	509.323	3571.29
-3967.83	18250.2	507.314	2968.29
-3967.83	18250.2	505.304	2628.02
-3967.83	18250.2	503.293	2274.24
-3967.83	18250.2	501.282	2104.61
-3967.83	18250.2	499.27	1916.43
-3967.83	18250.2	497.258	1855.07
-3967.83	18250.2	495.246	1776.35
-3967.83	18250.2	493.233	1701.4
-3967.83	18250.2	491.219	1660.01
-3967.83	18250.2	489.205	1536.71
-3967.83	18250.2	487.191	1496.62
-3967.83	18250.2	485.176	1411.88
-3967.83	18250.2	483.16	1385.49
-3967.83	18250.2	481.144	1356.62
-3967.83	18250.2	479.128	1294.3
-3967.83	18250.2	477.111	1284.06
-3967.83	18250.2	475.093	1257.72
-3967.83	18250.2	473.075	1207.86
-3967.83	18250.2	471.056	1213.75
-3967.83	18250.2	469.037	1175.06
-3967.83	18250.2	467.018	1174.77
-3967.83	18250.2	464.998	1139.83
-3967.83	18250.2	462.977	1132.12
-3967.83	18250.2	460.956	1091.02
-3967.83	18250.2	458.935	1061.06
-3967.83	18250.2	456.913	1059.56
-3967.83	18250.2	454.89	1032.11
-3967.83	18250.2	452.867	1015.78
-3967.83	18250.2	450.843	938.933
-3967.83	18250.2	448.819	952.285
-3967.83	18250.2	446.795	901.42
-3967.83	18250.2	444.77	911.07
-3967.83	18250.2	442.744	884.924
-3967.83	18250.2	440.718	890.872
-3967.83	18250.2	438.691	851.175
-3967.83	18250.2	436.664	883.027
-3967.83	18250.2	434.637	853.214
-3967.83	18250.2	432.608	846.837
-3967.83	18250.2	430.58	840.463
-3967.83	18250.2	428.551	806.987
-3967.83	18250.2	426.521	836.346
-3967.83	18250.2	424.491	786.879
-3967.83	18250.2	422.46	741.13
-3967.83	18250.2	420.429	830.792
-3967.83	18250.2	418.397	777.672
-3967.83	18250.2	416.365	759.024
-3967.83	18250.2	414.332	763.752
-3967.83	18250.2	412.299	779.544
-3967.83	18250.2	410.265	752.304
-3967.83	18250.2	408.231	732.451
-3967.83	18250.2	406.196	745.781
-3967.83	18250.2	404.161	745.593
-3967.83	18250.2	402.125	744.176
-3967.83	18250.2	400.089	748.899
-3967.83	18250.2	398.052	751.164
-3967.83	18250.2	396.015	726.433
-3967.83	18250.2	393.977	745.877
-3967.83	18250.2	391.938	705.215
-3967.83	18250.2	389.899	702.584
-3967.83	18250.2	387.86	775.956
-3967.83	18250.2	385.82	723.061
-3967.83	18250.2	383.78	735.13
-3967.83	18250.2	381.739	717.795
-3967.83	18250.2	379.697	735.981
-3967.83	18250.2	377.655	737.018
-3967.83	18250.2	375.613	716.023
-3967.83	18250.2	373.57	701.157
-3967.83	18250.2	371.526	731.562
-3967.83	18250.2	369.482	683.677
-3967.83	18250.2	367.437	726.298
-3967.83	18250.2	365.392	706.554
-3967.83	18250.2	363.346	722.261
-3967.83	18250.2	361.3	680.536
-3967.83	18250.2	359.254	702.349
-3967.83	18250.2	357.206	691.179
-3967.83	18250.2	355.159	714.198
-3967.83	18250.2	353.11	706.692
-3967.83	18250.2	351.062	723.594
-3967.83	18250.2	349.012	719.749
-3967.83	18250.2	346.962	734.199
-3967.83	18250.2	344.912	703.529
-3967.83	18250.2	342.861	696.034
-3967.83	18250.2	340.81	733.634
-3967.83	18250.2	338.758	710.297
-3967.83	18250.2	336.705	712.55
-3967.83	18250.2	334.652	707.496
-3967.83	18250.2	332.599	708.531
-3967.83	18250.2	330.545	721.736
-3967.83	18250.2	328.49	750.753
-3967.83	18250.2	326.435	716.498
-3967.83	18250.2	324.379	739.42
-3967.83	18250.2	322.323	717.344
-3967.83	18250.2	320.266	751.193
-3967.83	18250.2	318.209	726.695
-3967.83	18250.2	316.151	754.449
-3967.83	18250.2	314.093	757.897
-3967.83	18250.2	312.034	750.415
-3967.83	18250.2	309.975	776.928
-3967.83	18250.2	307.915	758.522
-3967.83	18250.2	305.854	800.791
-3967.83	18250.2	303.793	775.11
-3967.83	18250.2	301.732	779.759
-3967.83	18250.2	299.67	807.441
-3967.83	18250.2	297.607	756.324
-3967.83	18250.2	295.544	805.809
-3967.83	18250.2	293.48	760.776
-3967.83	18250.2	291.416	776.322
-3967.83	18250.2	289.351	739.796
-3967.83	18250.2	287.286	737.182
-3967.83	18250.2	285.22	727.308
-3967.83	18250.2	283.154	741.636
-3967.83	18250.2	281.087	731.765
-3967.83	18250.2	279.019	707.39
-3967.83	18250.2	276.951	714.458
-3967.83	18250.2	274.883	704.602
-3967.83	18250.2	272.814	687.501
-3967.83	18250.2	270.744	698.192
-3967.83	18250.2	268.674	716.124
-3967.83	18250.2	266.603	668.85
-3967.83	18250.2	264.532	683.158
-3967.83	18250.2	262.46	663.672
-3967.83	18250.2	260.388	662.291
-3967.83	18250.2	258.315	666.94
-3967.83	18250.2	256.241	661.941
-3967.83	18250.2	254.167	678.642
-3967.83	18250.2	252.093	664.002
-3967.83	18250.2	250.018	659.008
-3967.83	18250.2	247.942	639.562
-3967.83	18250.2	245.866	612.902
-3967.83	18250.2	243.789	600.702
-3967.83	18250.2	241.712	588.508
-3967.83	18250.2	239.634	626.853
-3967.83	18250.2	237.556	614.659
-3967.83	18250.2	235.477	603.673
-3967.83	18250.2	233.397	596.299
-3967.83	18250.2	231.317	626.188
-3967.83	18250.2	229.237	583.966
-3967.83	18250.2	227.155	574.201
-3967.83	18250.2	225.074	582.454
-3967.83	18250.2	222.991	569.092
-3967.83	18250.2	220.909	573.741
-3967.83	18250.2	218.825	597.588
-3967.83	18250.2	216.741	561.438
-3967.83	18250.2	214.657	537.302
-3967.83	18250.2	212.572	561.138
-3967.83	18250.2	210.486	577.77
-3967.83	18250.2	208.4	565.631
-3967.83	18250.2	206.313	555.895
-3967.83	18250.2	204.226	595.271
-3967.83	18250.2	202.138	592.716
-3967.83	18250.2	200.05	596.148
-3967.83	18250.2	197.961	605.562
-3967.83	18250.2	195.871	622.15
-3967.83	18250.2	193.781	632.747
-3967.83	18250.2	191.691	672.038
-3967.83	18250.2	189.599	674.248
-3967.83	18250.2	187.508	639.406
-3967.83	18250.2	185.415	694.196
-3967.83	18250.2	183.322	648.617
-3967.83	18250.2	181.229	693.82
-3967.83	18250.2	179.135	731.836
-3967.83	18250.2	177.04	718.509
-3967.83	18250.2	174.945	688.484
-3967.83	18250.2	172.849	689.49
-3967.83	18250.2	170.753	708.384
-3967.83	18250.2	168.656	667.655
-3967.83	18250.2	166.558	698.464
-3967.83	18250.2	164.46	693.507
-3967.83	18250.2	162.362	709.996
-3967.83	18250.2	160.263	710.994
-3967.83	18250.2	158.163	708.418
-3967.83	18250.2	156.063	732.031
-3967.83	18250.2	153.962	731.831
-3967.83	18250.2	151.86	719.735
-3967.83	18250.2	149.758	715.97
-3967.83	18250.2	147.656	732.42
-3967.83	18250.2	145.552	732.219
-3967.83	18250.2	143.449	742.713
-3967.83	18250.2	141.344	715.185
-3967.83	18250.2	139.239	709.05
-3967.83	18250.2	137.134	742.102
-3967.83	18250.2	135.028	725.279
-3967.83	18250.2	132.921	727.453
-3967.83	18250.2	130.814	714.202
-3967.83	18250.2	128.706	683.168
-3967.83	18250.2	126.598	725.666
-3967.83	18250.2	124.489	713.611
-3967.83	18250.2	122.379	694.453
-3967.83	18250.2	120.269	712.032
-3967.83	18250.2	118.158	692.884
-3967.83	18250.2	116.047	632.304
-3967.83	18250.2	113.935	654.62
-3967.83	18250.2	111.822	633.136
-3967.83	18250.2	109.709	616.397
-3967.83	18250.2	107.596	580.743
-3967.83	18250.2	105.481	605.412
-3967.83	18250.2	103.367	569.78
-3967.83	18250.2	101.251	556.622
-3967.83	18250.2	99.1351	539.926
-3967.83	18250.2	97.0184	516.153
-3967.83	18250.2	94.9012	516.009
-3967.83	18250.2	92.7834	465.105
-3967.83	18250.2	90.665	483.857
-3967.83	18250.2	88.546	483.721
-3967.83	18250.2	86.4265	471.791
-3967.83	18250.2	84.3063	445.717
-3967.83	18250.2	82.1855	412.585
-3967.83	18250.2	80.0641	404.22
-3967.83	18250.2	77.9422	414.71
