-3967.83	18252.2	1979.41	438.81
-3967.83	18252.2	1977.72	457.942
-3967.83	18252.2	1976.02	440.143
-3967.83	18252.2	1974.33	469.607
-3967.83	18252.2	1972.64	416.375
-3967.83	18252.2	1970.94	408.926
-3967.83	18252.2	1969.25	438.379
-3967.83	18252.2	1967.56	420.598
-3967.83	18252.2	1965.86	442.661
-3967.83	18252.2	1964.17	473.57
-3967.83	18252.2	1962.47	460.216
-3967.83	18252.2	1960.78	488.161
-3967.83	18252.2	1959.08	427.623
-3967.83	18252.2	1957.39	446.718
-3967.83	18252.2	1955.69	464.333
-3967.83	18252.2	1953.99	439.201
-3967.83	18252.2	1952.3	433.233
-3967.83	18252.2	1950.6	428.741
-3967.83	18252.2	1948.9	459.604
-3967.83	18252.2	1947.21	415.342
-3967.83	18252.2	1945.51	466.813
-3967.83	18252.2	1943.81	443.177
-3967.83	18252.2	1942.11	453.407
-3967.83	18252.2	1940.41	448.916
-3967.83	18252.2	1938.71	414.993
-3967.83	18252.2	1937.01	441.407
-3967.83	18252.2	1935.32	448.688
-3967.83	18252.2	1933.62	435.375
-3967.83	18252.2	1931.92	426.477
-3967.83	18252.2	1930.22	448.46
-3967.83	18252.2	1928.51	426.332
-3967.83	18252.2	1926.81	454.187
-3967.83	18252.2	1925.11	458.518
-3967.83	18252.2	1923.41	458.44
-3967.83	18252.2	1921.71	458.362
-3967.83	18252.2	1920.01	399.529
-3967.83	18252.2	1918.31	414.147
-3967.83	18252.2	1916.6	433.164
-3967.83	18252.2	1914.9	444.834
-3967.83	18252.2	1913.2	440.354
-3967.83	18252.2	1911.49	419.732
-3967.83	18252.2	1909.79	424.062
-3967.83	18252.2	1908.09	457.731
-3967.83	18252.2	1906.38	459.119
-3967.83	18252.2	1904.68	413.576
-3967.83	18252.2	1902.97	423.768
-3967.83	18252.2	1901.27	404.636
-3967.83	18252.2	1899.56	444.142
-3967.83	18252.2	1897.85	408.891
-3967.83	18252.2	1896.15	420.543
-3967.83	18252.2	1894.44	429.26
-3967.83	18252.2	1892.74	435.044
-3967.83	18252.2	1891.03	426.18
-3967.83	18252.2	1889.32	440.748
-3967.83	18252.2	1887.61	440.671
-3967.83	18252.2	1885.91	421.565
-3967.83	18252.2	1884.2	425.881
-3967.83	18252.2	1882.49	471.167
-3967.83	18252.2	1880.78	434.509
-3967.83	18252.2	1879.07	447.597
-3967.83	18252.2	1877.36	437.28
-3967.83	18252.2	1875.65	387.488
-3967.83	18252.2	1873.94	416.658
-3967.83	18252.2	1872.23	444.357
-3967.83	18252.2	1870.52	419.433
-3967.83	18252.2	1868.81	423.742
-3967.83	18252.2	1867.1	420.745
-3967.83	18252.2	1865.39	436.737
-3967.83	18252.2	1863.68	411.832
-3967.83	18252.2	1861.96	416.139
-3967.83	18252.2	1860.25	383.948
-3967.83	18252.2	1858.54	411.611
-3967.83	18252.2	1856.82	423.213
-3967.83	18252.2	1855.11	434.809
-3967.83	18252.2	1853.4	411.39
-3967.83	18252.2	1851.68	385.062
-3967.83	18252.2	1849.97	438.95
-3967.83	18252.2	1848.25	427.206
-3967.83	18252.2	1846.54	448.996
-3967.83	18252.2	1844.82	405.189
-3967.83	18252.2	1843.11	435.718
-3967.83	18252.2	1841.39	434.182
-3967.83	18252.2	1839.68	410.796
-3967.83	18252.2	1837.96	419.46
-3967.83	18252.2	1836.24	422.296
-3967.83	18252.2	1834.53	410.572
-3967.83	18252.2	1832.81	438.155
-3967.83	18252.2	1831.09	408.967
-3967.83	18252.2	1829.37	404.527
-3967.83	18252.2	1827.65	445.189
-3967.83	18252.2	1825.94	420.38
-3967.83	18252.2	1824.22	407.214
-3967.83	18252.2	1822.5	431.858
-3967.83	18252.2	1820.78	409.972
-3967.83	18252.2	1819.06	417.164
-3967.83	18252.2	1817.34	431.62
-3967.83	18252.2	1815.62	432.994
-3967.83	18252.2	1813.9	416.934
-3967.83	18252.2	1812.18	409.595
-3967.83	18252.2	1810.45	429.85
-3967.83	18252.2	1808.73	406.54
-3967.83	18252.2	1807.01	434.046
-3967.83	18252.2	1805.29	420.903
-3967.83	18252.2	1803.56	417.923
-3967.83	18252.2	1801.84	403.337
-3967.83	18252.2	1800.12	425.02
-3967.83	18252.2	1798.39	408.988
-3967.83	18252.2	1796.67	408.912
-3967.83	18252.2	1794.95	434.932
-3967.83	18252.2	1793.22	429.052
-3967.83	18252.2	1791.5	408.683
-3967.83	18252.2	1789.77	386.872
-3967.83	18252.2	1788.04	414.325
-3967.83	18252.2	1786.32	389.624
-3967.83	18252.2	1784.59	421.411
-3967.83	18252.2	1782.87	406.853
-3967.83	18252.2	1781.14	408.224
-3967.83	18252.2	1779.41	429.857
-3967.83	18252.2	1777.68	400.835
-3967.83	18252.2	1775.96	413.781
-3967.83	18252.2	1774.23	407.917
-3967.83	18252.2	1772.5	439.657
-3967.83	18252.2	1770.77	403.425
-3967.83	18252.2	1769.04	445.274
-3967.83	18252.2	1767.31	407.609
-3967.83	18252.2	1765.58	397.415
-3967.83	18252.2	1763.85	436.352
-3967.83	18252.2	1762.12	362.594
-3967.83	18252.2	1760.39	395.745
-3967.83	18252.2	1758.66	405.778
-3967.83	18252.2	1756.93	430.245
-3967.83	18252.2	1755.19	417.172
-3967.83	18252.2	1753.46	435.854
-3967.83	18252.2	1751.73	406.912
-3967.83	18252.2	1750.0	414.048
-3967.83	18252.2	1748.26	405.314
-3967.83	18252.2	1746.53	399.468
-3967.83	18252.2	1744.8	425.345
-3967.83	18252.2	1743.06	418.055
-3967.83	18252.2	1741.33	402.121
-3967.83	18252.2	1739.59	417.895
-3967.83	18252.2	1737.86	399.085
-3967.83	18252.2	1736.12	387.485
-3967.83	18252.2	1734.39	419.094
-3967.83	18252.2	1732.65	427.653
-3967.83	18252.2	1730.91	420.372
-3967.83	18252.2	1729.18	434.685
-3967.83	18252.2	1727.44	389.99
-3967.83	18252.2	1725.7	387.037
-3967.83	18252.2	1723.96	425.802
-3967.83	18252.2	1722.23	419.966
-3967.83	18252.2	1720.49	363.805
-3967.83	18252.2	1718.75	418.366
-3967.83	18252.2	1717.01	398.161
-3967.83	18252.2	1715.27	426.826
-3967.83	18252.2	1713.53	398.006
-3967.83	18252.2	1711.79	405.112
-3967.83	18252.2	1710.05	416.523
-3967.83	18252.2	1708.31	384.85
-3967.83	18252.2	1706.57	433.59
-3967.83	18252.2	1704.82	396.183
-3967.83	18252.2	1703.08	416.198
-3967.83	18252.2	1701.34	391.724
-3967.83	18252.2	1699.6	404.559
-3967.83	18252.2	1697.85	404.48
-3967.83	18252.2	1696.11	380.022
-3967.83	18252.2	1694.37	400.02
-3967.83	18252.2	1692.62	408.542
-3967.83	18252.2	1690.88	414.195
-3967.83	18252.2	1689.13	388.321
-3967.83	18252.2	1687.39	395.408
-3967.83	18252.2	1685.64	388.168
-3967.83	18252.2	1683.9	383.796
-3967.83	18252.2	1682.15	415.219
-3967.83	18252.2	1680.41	393.665
-3967.83	18252.2	1678.66	386.431
-3967.83	18252.2	1676.91	399.233
-3967.83	18252.2	1675.16	381.986
-3967.83	18252.2	1673.42	393.354
-3967.83	18252.2	1671.67	398.996
-3967.83	18252.2	1669.92	403.207
-3967.83	18252.2	1668.17	403.127
-3967.83	18252.2	1666.42	387.325
-3967.83	18252.2	1664.67	390.106
-3967.83	18252.2	1662.92	387.171
-3967.83	18252.2	1661.17	418.519
-3967.83	18252.2	1659.42	402.726
-3967.83	18252.2	1657.67	402.646
-3967.83	18252.2	1655.92	402.566
-3967.83	18252.2	1654.17	385.359
-3967.83	18252.2	1652.42	413.821
-3967.83	18252.2	1650.66	402.325
-3967.83	18252.2	1648.91	397.965
-3967.83	18252.2	1647.16	386.477
-3967.83	18252.2	1645.41	374.993
-3967.83	18252.2	1643.65	406.28
-3967.83	18252.2	1641.9	419.026
-3967.83	18252.2	1640.14	407.542
-3967.83	18252.2	1638.39	431.68
-3967.83	18252.2	1636.63	387.437
-3967.83	18252.2	1634.88	391.631
-3967.83	18252.2	1633.12	375.89
-3967.83	18252.2	1631.37	374.391
-3967.83	18252.2	1629.61	401.358
-3967.83	18252.2	1627.85	388.47
-3967.83	18252.2	1626.09	384.124
-3967.83	18252.2	1624.34	405.382
-3967.83	18252.2	1622.58	401.034
-3967.83	18252.2	1620.82	399.531
-3967.83	18252.2	1619.06	400.872
-3967.83	18252.2	1617.3	400.791
-3967.83	18252.2	1615.54	376.554
-3967.83	18252.2	1613.78	390.684
-3967.83	18252.2	1612.02	386.344
-3967.83	18252.2	1610.26	367.804
-3967.83	18252.2	1608.5	396.126
-3967.83	18252.2	1606.74	400.304
-3967.83	18252.2	1604.98	371.838
-3967.83	18252.2	1603.22	387.371
-3967.83	18252.2	1601.46	374.524
-3967.83	18252.2	1599.69	404.234
-3967.83	18252.2	1597.93	425.422
-3967.83	18252.2	1596.17	399.816
-3967.83	18252.2	1594.4	399.734
-3967.83	18252.2	1592.64	382.646
-3967.83	18252.2	1590.88	399.571
-3967.83	18252.2	1589.11	378.24
-3967.83	18252.2	1587.35	399.408
-3967.83	18252.2	1585.58	382.333
-3967.83	18252.2	1583.81	390.75
-3967.83	18252.2	1582.05	394.916
-3967.83	18252.2	1580.28	393.42
-3967.83	18252.2	1578.51	396.169
-3967.83	18252.2	1576.75	398.917
-3967.83	18252.2	1574.98	362.063
-3967.83	18252.2	1573.21	383.199
-3967.83	18252.2	1571.44	378.879
-3967.83	18252.2	1569.67	394.349
-3967.83	18252.2	1567.91	381.55
-3967.83	18252.2	1566.14	382.884
-3967.83	18252.2	1564.37	402.581
-3967.83	18252.2	1562.6	385.551
-3967.83	18252.2	1560.83	386.884
-3967.83	18252.2	1559.05	396.686
-3967.83	18252.2	1557.28	366.964
-3967.83	18252.2	1555.51	375.355
-3967.83	18252.2	1553.74	368.224
-3967.83	18252.2	1551.97	368.148
-3967.83	18252.2	1550.19	352.559
-3967.83	18252.2	1548.42	377.865
-3967.83	18252.2	1546.65	366.509
-3967.83	18252.2	1544.87	387.574
-3967.83	18252.2	1543.1	379.039
-3967.83	18252.2	1541.32	390.231
-3967.83	18252.2	1539.55	360.572
-3967.83	18252.2	1537.77	371.762
-3967.83	18252.2	1536.0	354.79
-3967.83	18252.2	1534.22	374.423
-3967.83	18252.2	1532.45	401.084
-3967.83	18252.2	1530.67	405.222
-3967.83	18252.2	1528.89	369.969
-3967.83	18252.2	1527.11	371.299
-3967.83	18252.2	1525.34	388.095
-3967.83	18252.2	1523.56	382.391
-3967.83	18252.2	1521.78	375.283
-3967.83	18252.2	1520.0	380.826
-3967.83	18252.2	1518.22	361.077
-3967.83	18252.2	1516.44	358.192
-3967.83	18252.2	1514.66	362.33
-3967.83	18252.2	1512.88	349.618
-3967.83	18252.2	1511.1	384.64
-3967.83	18252.2	1509.32	391.577
-3967.83	18252.2	1507.54	370.446
-3967.83	18252.2	1505.76	359.146
-3967.83	18252.2	1503.97	352.057
-3967.83	18252.2	1502.19	370.214
-3967.83	18252.2	1500.41	375.744
-3967.83	18252.2	1498.62	368.657
-3967.83	18252.2	1496.84	374.185
-3967.83	18252.2	1495.06	358.694
-3967.83	18252.2	1493.27	361.42
-3967.83	18252.2	1491.49	341.736
-3967.83	18252.2	1489.7	365.469
-3967.83	18252.2	1487.91	359.792
-3967.83	18252.2	1486.13	391.909
-3967.83	18252.2	1484.34	375.034
-3967.83	18252.2	1482.55	355.367
-3967.83	18252.2	1480.77	380.471
-3967.83	18252.2	1478.98	365.007
-3967.83	18252.2	1477.19	398.487
-3967.83	18252.2	1475.4	378.832
-3967.83	18252.2	1473.61	380.149
-3967.83	18252.2	1471.83	366.096
-3967.83	18252.2	1470.04	371.607
-3967.83	18252.2	1468.25	363.148
-3967.83	18252.2	1466.46	351.899
-3967.83	18252.2	1464.67	369.975
-3967.83	18252.2	1462.87	371.292
-3967.83	18252.2	1461.08	376.795
-3967.83	18252.2	1459.29	334.858
-3967.83	18252.2	1457.5	380.821
-3967.83	18252.2	1455.71	389.108
-3967.83	18252.2	1453.91	366.715
-3967.83	18252.2	1452.12	393.125
-3967.83	18252.2	1450.33	376.316
-3967.83	18252.2	1448.53	365.088
-3967.83	18252.2	1446.74	367.797
-3967.83	18252.2	1444.94	377.469
-3967.83	18252.2	1443.15	363.463
-3967.83	18252.2	1441.35	361.993
-3967.83	18252.2	1439.56	360.524
-3967.83	18252.2	1437.76	374.364
-3967.83	18252.2	1435.96	358.979
-3967.83	18252.2	1434.17	392.288
-3967.83	18252.2	1432.37	375.515
-3967.83	18252.2	1430.57	346.235
-3967.83	18252.2	1428.77	369.794
-3967.83	18252.2	1426.97	369.715
-3967.83	18252.2	1425.17	366.857
-3967.83	18252.2	1423.37	375.114
-3967.83	18252.2	1421.58	369.478
-3967.83	18252.2	1419.77	377.731
-3967.83	18252.2	1417.97	383.204
-3967.83	18252.2	1416.17	398.391
-3967.83	18252.2	1414.37	381.652
-3967.83	18252.2	1412.57	351.045
-3967.83	18252.2	1410.77	363.455
-3967.83	18252.2	1408.97	370.311
-3967.83	18252.2	1407.16	342.499
-3967.83	18252.2	1405.36	364.607
-3967.83	18252.2	1403.56	372.845
-3967.83	18252.2	1401.75	347.821
-3967.83	18252.2	1399.95	365.758
-3967.83	18252.2	1398.14	373.99
-3967.83	18252.2	1396.34	387.758
-3967.83	18252.2	1394.53	369.675
-3967.83	18252.2	1392.73	352.985
-3967.83	18252.2	1390.92	398.579
-3967.83	18252.2	1389.11	361.135
-3967.83	18252.2	1387.3	366.59
-3967.83	18252.2	1385.5	347.148
-3967.83	18252.2	1383.69	356.753
-3967.83	18252.2	1381.88	355.293
-3967.83	18252.2	1380.07	388.389
-3967.83	18252.2	1378.26	378.632
-3967.83	18252.2	1376.45	367.498
-3967.83	18252.2	1374.64	389.518
-3967.83	18252.2	1372.83	414.292
-3967.83	18252.2	1371.02	342.407
-3967.83	18252.2	1369.21	368.56
-3967.83	18252.2	1367.4	365.72
-3967.83	18252.2	1365.59	367.021
-3967.83	18252.2	1363.78	357.285
-3967.83	18252.2	1361.96	353.07
-3967.83	18252.2	1360.15	350.236
-3967.83	18252.2	1358.34	370.839
-3967.83	18252.2	1356.52	352.841
-3967.83	18252.2	1354.71	363.788
-3967.83	18252.2	1352.89	366.465
-3967.83	18252.2	1351.08	342.97
-3967.83	18252.2	1349.26	385.585
-3967.83	18252.2	1347.45	357.965
-3967.83	18252.2	1345.63	367.523
-3967.83	18252.2	1343.81	374.324
-3967.83	18252.2	1342.0	334.342
-3967.83	18252.2	1340.18	392.044
-3967.83	18252.2	1338.36	352.075
-3967.83	18252.2	1336.54	357.499
-3967.83	18252.2	1334.73	379.416
-3967.83	18252.2	1332.91	382.082
-3967.83	18252.2	1331.09	358.639
-3967.83	18252.2	1329.27	343.45
-3967.83	18252.2	1327.45	352.989
-3967.83	18252.2	1325.63	374.883
-3967.83	18252.2	1323.81	354.208
-3967.83	18252.2	1321.98	351.386
-3967.83	18252.2	1320.16	367.777
-3967.83	18252.2	1318.34	362.208
-3967.83	18252.2	1316.52	381.333
-3967.83	18252.2	1314.7	342.851
-3967.83	18252.2	1312.87	378.424
-3967.83	18252.2	1311.05	376.971
-3967.83	18252.2	1309.22	383.741
-3967.83	18252.2	1307.4	375.436
-3967.83	18252.2	1305.57	368.504
-3967.83	18252.2	1303.75	351.988
-3967.83	18252.2	1301.92	334.11
-3967.83	18252.2	1300.1	346.358
-3967.83	18252.2	1298.27	340.807
-3967.83	18252.2	1296.44	366.732
-3967.83	18252.2	1294.62	355.707
-3967.83	18252.2	1292.79	363.836
-3967.83	18252.2	1290.96	345.979
-3967.83	18252.2	1289.13	369.145
-3967.83	18252.2	1287.3	351.295
-3967.83	18252.2	1285.47	353.951
-3967.83	18252.2	1283.64	347.041
-3967.83	18252.2	1281.81	367.455
-3967.83	18252.2	1279.98	335.963
-3967.83	18252.2	1278.15	355.005
-3967.83	18252.2	1276.32	376.769
-3967.83	18252.2	1274.49	348.025
-3967.83	18252.2	1272.66	360.229
-3967.83	18252.2	1270.82	384.705
-3967.83	18252.2	1268.99	362.798
-3967.83	18252.2	1267.16	331.356
-3967.83	18252.2	1265.32	347.642
-3967.83	18252.2	1263.49	353.018
-3967.83	18252.2	1261.66	374.743
-3967.83	18252.2	1259.82	361.037
-3967.83	18252.2	1257.98	377.302
-3967.83	18252.2	1256.15	363.601
-3967.83	18252.2	1254.31	364.882
-3967.83	18252.2	1252.48	364.802
-3967.83	18252.2	1250.64	355.195
-3967.83	18252.2	1248.8	346.953
-3967.83	18252.2	1246.96	375.443
-3967.83	18252.2	1245.13	334.56
-3967.83	18252.2	1243.29	338.565
-3967.83	18252.2	1241.45	338.49
-3967.83	18252.2	1239.61	379.188
-3967.83	18252.2	1237.77	369.593
-3967.83	18252.2	1235.93	330.115
-3967.83	18252.2	1234.09	355.847
-3967.83	18252.2	1232.25	339.474
-3967.83	18252.2	1230.41	335.326
-3967.83	18252.2	1228.56	336.609
-3967.83	18252.2	1226.72	341.962
-3967.83	18252.2	1224.88	356.81
-3967.83	18252.2	1223.04	375.721
-3967.83	18252.2	1221.19	378.349
-3967.83	18252.2	1219.35	372.842
-3967.83	18252.2	1217.5	356.494
-3967.83	18252.2	1215.66	344.218
-3967.83	18252.2	1213.81	342.787
-3967.83	18252.2	1211.97	379.285
-3967.83	18252.2	1210.12	342.635
-3967.83	18252.2	1208.28	365.576
-3967.83	18252.2	1206.43	369.556
-3967.83	18252.2	1204.58	334.286
-3967.83	18252.2	1202.73	336.918
-3967.83	18252.2	1200.89	332.785
-3967.83	18252.2	1199.04	355.703
-3967.83	18252.2	1197.19	346.158
-3967.83	18252.2	1195.34	362.304
-3967.83	18252.2	1193.49	359.52
-3967.83	18252.2	1191.64	318.902
-3967.83	18252.2	1189.79	360.711
-3967.83	18252.2	1187.94	352.527
-3967.83	18252.2	1186.09	349.747
-3967.83	18252.2	1184.23	353.72
-3967.83	18252.2	1182.38	384.686
-3967.83	18252.2	1180.53	350.863
-3967.83	18252.2	1178.68	372.372
-3967.83	18252.2	1176.82	354.753
-3967.83	18252.2	1174.97	339.84
-3967.83	18252.2	1173.12	333.023
-3967.83	18252.2	1171.26	359.908
-3967.83	18252.2	1169.41	378.695
-3967.83	18252.2	1167.55	373.221
-3967.83	18252.2	1165.69	377.178
-3967.83	18252.2	1163.84	369.014
-3967.83	18252.2	1161.98	364.892
-3967.83	18252.2	1160.12	370.195
-3967.83	18252.2	1158.27	370.112
-3967.83	18252.2	1156.41	348.5
-3967.83	18252.2	1154.55	349.768
-3967.83	18252.2	1152.69	340.275
-3967.83	18252.2	1150.83	361.713
-3967.83	18252.2	1148.97	349.533
-3967.83	18252.2	1147.11	379.024
-3967.83	18252.2	1145.25	358.782
-3967.83	18252.2	1143.39	351.985
-3967.83	18252.2	1141.53	350.563
-3967.83	18252.2	1139.67	353.17
-3967.83	18252.2	1137.81	341.008
-3967.83	18252.2	1135.94	365.092
-3967.83	18252.2	1134.08	347.565
-3967.83	18252.2	1132.22	355.537
-3967.83	18252.2	1130.35	378.26
-3967.83	18252.2	1128.49	366.105
-3967.83	18252.2	1126.62	362.001
-3967.83	18252.2	1124.76	382.026
-3967.83	18252.2	1122.89	357.818
-3967.83	18252.2	1121.03	371.136
-3967.83	18252.2	1119.16	357.657
-3967.83	18252.2	1117.3	362.934
-3967.83	18252.2	1115.43	362.852
-3967.83	18252.2	1113.56	377.495
-3967.83	18252.2	1111.69	373.396
-3967.83	18252.2	1109.82	358.593
-3967.83	18252.2	1107.96	381.254
-3967.83	18252.2	1106.09	367.794
-3967.83	18252.2	1104.22	377.071
-3967.83	18252.2	1102.35	362.281
-3967.83	18252.2	1100.48	350.17
-3967.83	18252.2	1098.61	376.816
-3967.83	18252.2	1096.73	374.059
-3967.83	18252.2	1094.86	365.961
-3967.83	18252.2	1092.99	345.849
-3967.83	18252.2	1091.12	353.781
-3967.83	18252.2	1089.24	348.362
-3967.83	18252.2	1087.37	374.972
-3967.83	18252.2	1085.5	373.553
-3967.83	18252.2	1083.62	402.813
-3967.83	18252.2	1081.75	370.718
-3967.83	18252.2	1079.87	345.303
-3967.83	18252.2	1078.0	350.557
-3967.83	18252.2	1076.12	375.797
-3967.83	18252.2	1074.24	379.709
-3967.83	18252.2	1072.37	391.611
-3967.83	18252.2	1070.49	388.859
-3967.83	18252.2	1068.61	363.475
-3967.83	18252.2	1066.73	375.372
-3967.83	18252.2	1064.86	368.634
-3967.83	18252.2	1062.98	379.194
-3967.83	18252.2	1061.1	385.759
-3967.83	18252.2	1059.22	385.672
-3967.83	18252.2	1057.34	365.641
-3967.83	18252.2	1055.46	416.071
-3967.83	18252.2	1053.58	398.7
-3967.83	18252.2	1051.69	360.077
-3967.83	18252.2	1049.81	385.235
-3967.83	18252.2	1047.93	355.93
-3967.83	18252.2	1046.05	359.833
-3967.83	18252.2	1044.16	355.768
-3967.83	18252.2	1042.28	374.268
-3967.83	18252.2	1040.4	402.048
-3967.83	18252.2	1038.51	416.55
-3967.83	18252.2	1036.63	379.319
-3967.83	18252.2	1034.74	400.449
-3967.83	18252.2	1032.86	421.569
-3967.83	18252.2	1030.97	412.195
-3967.83	18252.2	1029.08	421.377
-3967.83	18252.2	1027.2	441.153
-3967.83	18252.2	1025.31	402.643
-3967.83	18252.2	1023.42	421.09
-3967.83	18252.2	1021.53	439.528
-3967.83	18252.2	1019.64	428.84
-3967.83	18252.2	1017.75	444.622
-3967.83	18252.2	1015.86	431.291
-3967.83	18252.2	1013.97	448.387
-3967.83	18252.2	1012.08	439.028
-3967.83	18252.2	1010.19	468.014
-3967.83	18252.2	1008.3	457.333
-3967.83	18252.2	1006.41	461.194
-3967.83	18252.2	1004.52	487.512
-3967.83	18252.2	1002.62	460.983
-3967.83	18252.2	1000.73	483.328
-3967.83	18252.2	998.837	509.623
-3967.83	18252.2	996.943	508.187
-3967.83	18252.2	995.049	517.309
-3967.83	18252.2	993.154	527.745
-3967.83	18252.2	991.258	514.434
-3967.83	18252.2	989.363	540.692
-3967.83	18252.2	987.467	544.524
-3967.83	18252.2	985.57	549.672
-3967.83	18252.2	983.673	624.665
-3967.83	18252.2	981.776	611.346
-3967.83	18252.2	979.878	615.158
-3967.83	18252.2	977.979	624.236
-3967.83	18252.2	976.081	622.777
-3967.83	18252.2	974.181	629.216
-3967.83	18252.2	972.282	660.658
-3967.83	18252.2	970.382	643.402
-3967.83	18252.2	968.481	659.04
-3967.83	18252.2	966.58	658.889
-3967.83	18252.2	964.679	679.776
-3967.83	18252.2	962.777	650.7
-3967.83	18252.2	960.875	674.207
-3967.83	18252.2	958.972	674.053
-3967.83	18252.2	957.069	697.544
-3967.83	18252.2	955.166	696.071
-3967.83	18252.2	953.262	688.033
-3967.83	18252.2	951.357	665.559
-3967.83	18252.2	949.452	685.093
-3967.83	18252.2	947.547	666.565
-3967.83	18252.2	945.641	683.466
-3967.83	18252.2	943.735	664.948
-3967.83	18252.2	941.829	673.974
-3967.83	18252.2	939.922	677.752
-3967.83	18252.2	938.014	657.937
-3967.83	18252.2	936.106	617.165
-3967.83	18252.2	934.198	641.914
-3967.83	18252.2	932.289	633.908
-3967.83	18252.2	930.38	633.762
-3967.83	18252.2	928.47	649.326
-3967.83	18252.2	926.56	596.824
-3967.83	18252.2	924.649	571.825
-3967.83	18252.2	922.738	578.234
-3967.83	18252.2	920.827	606.875
-3967.83	18252.2	918.915	567.507
-3967.83	18252.2	917.003	562.147
-3967.83	18252.2	915.09	576.395
-3967.83	18252.2	913.177	543.594
-3967.83	18252.2	911.263	534.324
-3967.83	18252.2	909.349	514.609
-3967.83	18252.2	907.435	523.631
-3967.83	18252.2	905.52	513.066
-3967.83	18252.2	903.604	499.896
-3967.83	18252.2	901.688	486.731
-3967.83	18252.2	899.772	490.533
-3967.83	18252.2	897.855	506.071
-3967.83	18252.2	895.938	496.826
-3967.83	18252.2	894.021	511.052
-3967.83	18252.2	892.103	491.383
-3967.83	18252.2	890.184	517.332
-3967.83	18252.2	888.265	510.698
-3967.83	18252.2	886.346	496.253
-3967.83	18252.2	884.426	496.138
-3967.83	18252.2	882.506	476.495
-3967.83	18252.2	880.585	480.289
-3967.83	18252.2	878.664	490.588
-3967.83	18252.2	876.742	472.261
-3967.83	18252.2	874.82	485.158
-3967.83	18252.2	872.898	479.845
-3967.83	18252.2	870.975	492.734
-3967.83	18252.2	869.051	478.322
-3967.83	18252.2	867.127	480.811
-3967.83	18252.2	865.203	484.597
-3967.83	18252.2	863.278	500.071
-3967.83	18252.2	861.353	462.296
-3967.83	18252.2	859.428	475.172
-3967.83	18252.2	857.502	490.637
-3967.83	18252.2	855.575	459.379
-3967.83	18252.2	853.648	473.543
-3967.83	18252.2	851.721	472.136
-3967.83	18252.2	849.793	501.853
-3967.83	18252.2	847.865	465.435
-3967.83	18252.2	845.936	476.992
-3967.83	18252.2	844.007	466.514
-3967.83	18252.2	842.077	484.544
-3967.83	18252.2	840.147	475.364
-3967.83	18252.2	838.216	475.254
-3967.83	18252.2	836.285	454.428
-3967.83	18252.2	834.354	464.678
-3967.83	18252.2	832.422	465.863
-3967.83	18252.2	830.49	464.461
-3967.83	18252.2	828.557	500.57
-3967.83	18252.2	826.624	486.229
-3967.83	18252.2	824.69	465.43
-3967.83	18252.2	822.756	475.662
-3967.83	18252.2	820.821	476.843
-3967.83	18252.2	818.886	483.191
-3967.83	18252.2	816.951	486.954
-3967.83	18252.2	815.015	463.596
-3967.83	18252.2	813.078	478.98
-3967.83	18252.2	811.141	490.485
-3967.83	18252.2	809.204	451.657
-3967.83	18252.2	807.266	494.126
-3967.83	18252.2	805.328	465.634
-3967.83	18252.2	803.389	484.869
-3967.83	18252.2	801.45	478.309
-3967.83	18252.2	799.511	476.908
-3967.83	18252.2	797.571	475.508
-3967.83	18252.2	795.63	475.397
-3967.83	18252.2	793.689	484.302
-3967.83	18252.2	791.748	463.585
-3967.83	18252.2	789.806	486.65
-3967.83	18252.2	787.864	476.239
-3967.83	18252.2	785.921	486.422
-3967.83	18252.2	783.978	494.027
-3967.83	18252.2	782.034	481.049
-3967.83	18252.2	780.09	474.507
-3967.83	18252.2	778.145	434.541
-3967.83	18252.2	776.2	456.289
-3967.83	18252.2	774.255	458.752
-3967.83	18252.2	772.309	443.228
-3967.83	18252.2	770.362	464.959
-3967.83	18252.2	768.416	463.566
-3967.83	18252.2	766.468	459.605
-3967.83	18252.2	764.52	472.333
-3967.83	18252.2	762.572	451.69
-3967.83	18252.2	760.624	432.34
-3967.83	18252.2	758.674	454.043
-3967.83	18252.2	756.725	473.171
-3967.83	18252.2	754.775	469.213
-3967.83	18252.2	752.824	433.215
-3967.83	18252.2	750.873	440.802
-3967.83	18252.2	748.922	447.103
-3967.83	18252.2	746.97	479.018
-3967.83	18252.2	745.017	469.941
-3967.83	18252.2	743.065	448.067
-3967.83	18252.2	741.111	431.323
-3967.83	18252.2	739.158	455.533
-3967.83	18252.2	737.203	450.309
-3967.83	18252.2	735.249	455.318
-3967.83	18252.2	733.294	460.326
-3967.83	18252.2	731.338	467.887
-3967.83	18252.2	729.382	453.718
-3967.83	18252.2	727.425	448.499
-3967.83	18252.2	725.468	465.001
-3967.83	18252.2	723.511	461.059
-3967.83	18252.2	721.553	450.735
-3967.83	18252.2	719.595	441.692
-3967.83	18252.2	717.636	463.284
-3967.83	18252.2	715.676	455.519
-3967.83	18252.2	713.717	470.719
-3967.83	18252.2	711.756	441.274
-3967.83	18252.2	709.796	434.794
-3967.83	18252.2	707.835	455.087
-3967.83	18252.2	705.873	429.49
-3967.83	18252.2	703.911	452.323
-3967.83	18252.2	701.948	439.477
-3967.83	18252.2	699.985	464.844
-3967.83	18252.2	698.022	432.903
-3967.83	18252.2	696.058	469.715
-3967.83	18252.2	694.093	474.694
-3967.83	18252.2	692.129	447.862
-3967.83	18252.2	690.163	460.476
-3967.83	18252.2	688.197	460.366
-3967.83	18252.2	686.231	471.7
-3967.83	18252.2	684.264	474.13
-3967.83	18252.2	682.297	481.642
-3967.83	18252.2	680.329	487.88
-3967.83	18252.2	678.361	461.089
-3967.83	18252.2	676.393	466.059
-3967.83	18252.2	674.423	464.678
-3967.83	18252.2	672.454	477.26
-3967.83	18252.2	670.484	466.994
-3967.83	18252.2	668.513	483.376
-3967.83	18252.2	666.542	471.845
-3967.83	18252.2	664.571	488.218
-3967.83	18252.2	662.599	494.44
-3967.83	18252.2	660.627	496.857
-3967.83	18252.2	658.654	478.998
-3967.83	18252.2	656.68	502.954
-3967.83	18252.2	654.707	519.299
-3967.83	18252.2	652.732	497.648
-3967.83	18252.2	650.758	482.337
-3967.83	18252.2	648.782	483.487
-3967.83	18252.2	646.807	487.168
-3967.83	18252.2	644.83	455.424
-3967.83	18252.2	642.854	524.877
-3967.83	18252.2	640.877	490.611
-3967.83	18252.2	638.899	476.588
-3967.83	18252.2	636.921	491.639
-3967.83	18252.2	634.942	509.211
-3967.83	18252.2	632.963	483.824
-3967.83	18252.2	630.984	492.548
-3967.83	18252.2	629.004	505.056
-3967.83	18252.2	627.023	478.426
-3967.83	18252.2	625.042	483.359
-3967.83	18252.2	623.061	500.907
-3967.83	18252.2	621.079	512.139
-3967.83	18252.2	619.097	500.666
-3967.83	18252.2	617.114	539.631
-3967.83	18252.2	615.131	523.114
-3967.83	18252.2	613.147	528.029
-3967.83	18252.2	611.163	512.783
-3967.83	18252.2	609.178	520.217
-3967.83	18252.2	607.193	538.981
-3967.83	18252.2	605.207	492.268
-3967.83	18252.2	603.221	494.666
-3967.83	18252.2	601.234	519.714
-3967.83	18252.2	599.247	481.846
-3967.83	18252.2	597.259	496.823
-3967.83	18252.2	595.271	515.565
-3967.83	18252.2	593.283	528.012
-3967.83	18252.2	591.294	510.288
-3967.83	18252.2	589.304	491.316
-3967.83	18252.2	587.314	527.629
-3967.83	18252.2	585.323	491.078
-3967.83	18252.2	583.332	478.403
-3967.83	18252.2	581.341	512.181
-3967.83	18252.2	579.349	503.272
-3967.83	18252.2	577.357	509.423
-3967.83	18252.2	575.364	490.483
-3967.83	18252.2	573.37	525.479
-3967.83	18252.2	571.376	510.306
-3967.83	18252.2	569.382	500.154
-3967.83	18252.2	567.387	508.805
-3967.83	18252.2	565.392	508.681
-3967.83	18252.2	563.396	512.315
-3967.83	18252.2	561.399	523.461
-3967.83	18252.2	559.403	517.073
-3967.83	18252.2	557.405	540.73
-3967.83	18252.2	555.408	564.374
-3967.83	18252.2	553.409	521.7
-3967.83	18252.2	551.411	552.842
-3967.83	18252.2	549.411	578.967
-3967.83	18252.2	547.412	605.079
-3967.83	18252.2	545.411	602.431
-3967.83	18252.2	543.411	621.027
-3967.83	18252.2	541.409	652.107
-3967.83	18252.2	539.408	681.922
-3967.83	18252.2	537.406	766.662
-3967.83	18252.2	535.403	798.931
-3967.83	18252.2	533.4	893.585
-3967.83	18252.2	531.396	995.679
-3967.83	18252.2	529.392	1125.17
-3967.83	18252.2	527.387	1389.28
-3967.83	18252.2	525.382	1998.62
-3967.83	18252.2	523.376	2925.52
-3967.83	18252.2	521.37	4129.87
-3967.83	18252.2	519.364	5062.02
-3967.83	18252.2	517.357	5517.91
-3967.83	18252.2	515.349	5519.04
-3967.83	18252.2	513.341	4927.57
-3967.83	18252.2	511.332	4158.4
-3967.83	18252.2	509.323	3440.63
-3967.83	18252.2	507.314	2940.92
-3967.83	18252.2	505.304	2604.39
-3967.83	18252.2	503.293	2256.83
-3967.83	18252.2	501.282	2051.16
-3967.83	18252.2	499.27	1899.03
-3967.83	18252.2	497.258	1838.92
-3967.83	18252.2	495.246	1747.78
-3967.83	18252.2	493.233	1744.87
-3967.83	18252.2	491.219	1692.29
-3967.83	18252.2	489.205	1576.43
-3967.83	18252.2	487.191	1504.06
-3967.83	18252.2	485.176	1480.12
-3967.83	18252.2	483.16	1392.93
-3967.83	18252.2	481.144	1318.18
-3967.83	18252.2	479.128	1306.69
-3967.83	18252.2	477.111	1248.12
-3967.83	18252.2	475.093	1231.7
-3967.83	18252.2	473.075	1219.0
-3967.83	18252.2	471.056	1151.82
-3967.83	18252.2	469.037	1167.63
-3967.83	18252.2	467.018	1171.06
-3967.83	18252.2	464.998	1141.06
-3967.83	18252.2	462.977	1081.39
-3967.83	18252.2	460.956	1118.23
-3967.83	18252.2	458.935	1085.8
-3967.83	18252.2	456.913	1001.45
-3967.83	18252.2	454.89	1013.56
-3967.83	18252.2	452.867	998.483
-3967.83	18252.2	450.843	964.877
-3967.83	18252.2	448.819	948.58
-3967.83	18252.2	446.795	931.055
-3967.83	18252.2	444.77	924.65
-3967.83	18252.2	442.744	884.924
-3967.83	18252.2	440.718	910.615
-3967.83	18252.2	438.691	900.518
-3967.83	18252.2	436.664	868.227
-3967.83	18252.2	434.637	833.487
-3967.83	18252.2	432.608	846.837
-3967.83	18252.2	430.58	807.19
-3967.83	18252.2	428.551	814.379
-3967.83	18252.2	426.521	824.029
-3967.83	18252.2	424.491	790.573
-3967.83	18252.2	422.46	810.072
-3967.83	18252.2	420.429	763.098
-3967.83	18252.2	418.397	772.75
-3967.83	18252.2	416.365	777.476
-3967.83	18252.2	414.332	761.292
-3967.83	18252.2	412.299	762.33
-3967.83	18252.2	410.265	784.264
-3967.83	18252.2	408.231	758.259
-3967.83	18252.2	406.196	749.467
-3967.83	18252.2	404.161	734.538
-3967.83	18252.2	402.125	690.144
-3967.83	18252.2	400.089	757.493
-3967.83	18252.2	398.052	758.529
-3967.83	18252.2	396.015	760.791
-3967.83	18252.2	393.977	760.598
-3967.83	18252.2	391.938	768.991
-3967.83	18252.2	389.899	707.489
-3967.83	18252.2	387.86	734.278
-3967.83	18252.2	385.82	698.551
-3967.83	18252.2	383.78	746.157
-3967.83	18252.2	381.739	730.044
-3967.83	18252.2	379.697	737.206
-3967.83	18252.2	377.655	681.926
-3967.83	18252.2	375.613	718.471
-3967.83	18252.2	373.57	714.617
-3967.83	18252.2	371.526	740.126
-3967.83	18252.2	369.482	747.275
-3967.83	18252.2	367.437	685.948
-3967.83	18252.2	365.392	704.11
-3967.83	18252.2	363.346	714.929
-3967.83	18252.2	361.3	733.073
-3967.83	18252.2	359.254	713.342
-3967.83	18252.2	357.206	716.823
-3967.83	18252.2	355.159	747.161
-3967.83	18252.2	353.11	729.882
-3967.83	18252.2	351.062	724.814
-3967.83	18252.2	349.012	734.388
-3967.83	18252.2	346.962	725.662
-3967.83	18252.2	344.912	710.844
-3967.83	18252.2	342.861	708.224
-3967.83	18252.2	340.81	725.103
-3967.83	18252.2	338.758	738.319
-3967.83	18252.2	336.705	722.294
-3967.83	18252.2	334.652	733.068
-3967.83	18252.2	332.599	746.27
-3967.83	18252.2	330.545	732.69
-3967.83	18252.2	328.49	743.452
-3967.83	18252.2	326.435	738.394
-3967.83	18252.2	324.379	755.23
-3967.83	18252.2	322.323	750.171
-3967.83	18252.2	320.266	757.271
-3967.83	18252.2	318.209	760.72
-3967.83	18252.2	316.151	749.59
-3967.83	18252.2	314.093	770.043
-3967.83	18252.2	312.034	746.773
-3967.83	18252.2	309.975	756.291
-3967.83	18252.2	307.915	811.922
-3967.83	18252.2	305.854	788.658
-3967.83	18252.2	303.793	783.601
-3967.83	18252.2	301.732	791.886
-3967.83	18252.2	299.67	762.583
-3967.83	18252.2	297.607	739.356
-3967.83	18252.2	295.544	782.786
-3967.83	18252.2	293.48	793.485
-3967.83	18252.2	291.416	794.489
-3967.83	18252.2	289.351	744.639
-3967.83	18252.2	287.286	740.813
-3967.83	18252.2	285.22	723.677
-3967.83	18252.2	283.154	741.636
-3967.83	18252.2	281.087	703.946
-3967.83	18252.2	279.019	712.227
-3967.83	18252.2	276.951	690.28
-3967.83	18252.2	274.883	691.307
-3967.83	18252.2	272.814	687.501
-3967.83	18252.2	270.744	689.737
-3967.83	18252.2	268.674	666.611
-3967.83	18252.2	266.603	688.167
-3967.83	18252.2	264.532	678.33
-3967.83	18252.2	262.46	654.018
-3967.83	18252.2	260.388	626.1
-3967.83	18252.2	258.315	660.91
-3967.83	18252.2	256.241	661.941
-3967.83	18252.2	254.167	647.302
-3967.83	18252.2	252.093	645.926
-3967.83	18252.2	250.018	624.069
-3967.83	18252.2	247.942	655.22
-3967.83	18252.2	245.866	641.801
-3967.83	18252.2	243.789	618.759
-3967.83	18252.2	241.712	598.136
-3967.83	18252.2	239.634	606.399
-3967.83	18252.2	237.556	611.05
-3967.83	18252.2	235.477	600.065
-3967.83	18252.2	233.397	629.961
-3967.83	18252.2	231.317	569.699
-3967.83	18252.2	229.237	582.764
-3967.83	18252.2	227.155	581.408
-3967.83	18252.2	225.074	553.632
-3967.83	18252.2	222.991	588.302
-3967.83	18252.2	220.909	576.142
-3967.83	18252.2	218.825	568.788
-3967.83	18252.2	216.741	562.638
-3967.83	18252.2	214.657	597.268
-3967.83	18252.2	212.572	546.75
-3967.83	18252.2	210.486	551.398
-3967.83	18252.2	208.4	556.044
-3967.83	18252.2	206.313	561.885
-3967.83	18252.2	204.226	602.457
-3967.83	18252.2	202.138	613.072
-3967.83	18252.2	200.05	600.937
-3967.83	18252.2	197.961	613.94
-3967.83	18252.2	195.871	601.81
-3967.83	18252.2	193.781	642.316
-3967.83	18252.2	191.691	652.905
-3967.83	18252.2	189.599	630.015
-3967.83	18252.2	187.508	665.7
-3967.83	18252.2	185.415	670.299
-3967.83	18252.2	183.322	690.425
-3967.83	18252.2	181.229	673.519
-3967.83	18252.2	179.135	693.633
-3967.83	18252.2	177.04	705.38
-3967.83	18252.2	174.945	706.382
-3967.83	18252.2	172.849	696.647
-3967.83	18252.2	170.753	694.073
-3967.83	18252.2	168.656	711.768
-3967.83	18252.2	166.558	712.767
-3967.83	18252.2	164.46	717.339
-3967.83	18252.2	162.362	730.248
-3967.83	18252.2	160.263	739.576
-3967.83	18252.2	158.163	751.281
-3967.83	18252.2	156.063	730.841
-3967.83	18252.2	153.962	710.412
-3967.83	18252.2	151.86	731.631
-3967.83	18252.2	149.758	749.271
-3967.83	18252.2	147.656	738.365
-3967.83	18252.2	145.552	744.106
-3967.83	18252.2	143.449	723.7
-3967.83	18252.2	141.344	721.125
-3967.83	18252.2	139.239	741.118
-3967.83	18252.2	137.134	721.916
-3967.83	18252.2	135.028	753.768
-3967.83	18252.2	132.921	727.453
-3967.83	18252.2	130.814	749.794
-3967.83	18252.2	128.706	750.773
-3967.83	18252.2	126.598	735.151
-3967.83	18252.2	124.489	753.915
-3967.83	18252.2	122.379	716.969
-3967.83	18252.2	120.269	725.064
-3967.83	18252.2	118.158	709.466
-3967.83	18252.2	116.047	658.354
-3967.83	18252.2	113.935	665.274
-3967.83	18252.2	111.822	631.953
-3967.83	18252.2	109.709	636.51
-3967.83	18252.2	107.596	607.946
-3967.83	18252.2	105.481	600.683
-3967.83	18252.2	103.367	560.323
-3967.83	18252.2	101.251	544.804
-3967.83	18252.2	99.1351	550.56
-3967.83	18252.2	97.0184	532.689
-3967.83	18252.2	94.9012	525.455
-3967.83	18252.2	92.7834	538.294
-3967.83	18252.2	90.665	487.397
-3967.83	18252.2	88.546	488.441
-3967.83	18252.2	86.4265	462.355
-3967.83	18252.2	84.3063	420.955
-3967.83	18252.2	82.1855	437.341
-3967.83	18252.2	80.0641	385.364
-3967.83	18252.2	77.9422	379.365
