-3961.83	18270.2	1979.41	412.215
-3961.83	18270.2	1977.72	472.714
-3961.83	18270.2	1976.02	457.867
-3961.83	18270.2	1974.33	440.072
-3961.83	18270.2	1972.64	460.671
-3961.83	18270.2	1970.94	435.499
-3961.83	18270.2	1969.25	413.287
-3961.83	18270.2	1967.56	432.404
-3961.83	18270.2	1965.86	423.479
-3961.83	18270.2	1964.17	439.638
-3961.83	18270.2	1962.47	463.166
-3961.83	18270.2	1960.78	442.442
-3961.83	18270.2	1959.08	473.335
-3961.83	18270.2	1957.39	442.295
-3961.83	18270.2	1955.69	434.852
-3961.83	18270.2	1953.99	450.991
-3961.83	18270.2	1952.3	449.443
-3961.83	18270.2	1950.6	459.681
-3961.83	18270.2	1948.9	400.681
-3961.83	18270.2	1947.21	444.799
-3961.83	18270.2	1945.51	472.704
-3961.83	18270.2	1943.81	459.373
-3961.83	18270.2	1942.11	451.935
-3961.83	18270.2	1940.41	444.5
-3961.83	18270.2	1938.71	414.993
-3961.83	18270.2	1937.01	453.178
-3961.83	18270.2	1935.32	413.382
-3961.83	18270.2	1933.62	404.486
-3961.83	18270.2	1931.92	433.83
-3961.83	18270.2	1930.22	429.345
-3961.83	18270.2	1928.51	414.571
-3961.83	18270.2	1926.81	461.536
-3961.83	18270.2	1925.11	435.005
-3961.83	18270.2	1923.41	445.216
-3961.83	18270.2	1921.71	423.103
-3961.83	18270.2	1920.01	436.25
-3961.83	18270.2	1918.31	436.176
-3961.83	18270.2	1916.6	441.974
-3961.83	18270.2	1914.9	460.984
-3961.83	18270.2	1913.2	443.29
-3961.83	18270.2	1911.49	474.033
-3961.83	18270.2	1909.79	443.137
-3961.83	18270.2	1908.09	459.199
-3961.83	18270.2	1906.38	454.719
-3961.83	18270.2	1904.68	413.576
-3961.83	18270.2	1902.97	450.162
-3961.83	18270.2	1901.27	453.016
-3961.83	18270.2	1899.56	447.074
-3961.83	18270.2	1897.85	454.324
-3961.83	18270.2	1896.15	408.82
-3961.83	18270.2	1894.44	424.864
-3961.83	18270.2	1892.74	440.903
-3961.83	18270.2	1891.03	439.361
-3961.83	18270.2	1889.32	436.356
-3961.83	18270.2	1887.61	437.743
-3961.83	18270.2	1885.91	436.202
-3961.83	18270.2	1884.2	440.516
-3961.83	18270.2	1882.49	460.924
-3961.83	18270.2	1880.78	438.898
-3961.83	18270.2	1879.07	443.209
-3961.83	18270.2	1877.36	460.68
-3961.83	18270.2	1875.65	424.043
-3961.83	18270.2	1873.94	435.664
-3961.83	18270.2	1872.23	441.433
-3961.83	18270.2	1870.52	409.203
-3961.83	18270.2	1868.81	426.665
-3961.83	18270.2	1867.1	428.049
-3961.83	18270.2	1865.39	430.895
-3961.83	18270.2	1863.68	429.357
-3961.83	18270.2	1861.96	420.52
-3961.83	18270.2	1860.25	432.123
-3961.83	18270.2	1858.54	430.586
-3961.83	18270.2	1856.82	455.318
-3961.83	18270.2	1855.11	446.482
-3961.83	18270.2	1853.4	411.39
-3961.83	18270.2	1851.68	446.321
-3961.83	18270.2	1849.97	408.325
-3961.83	18270.2	1848.25	422.832
-3961.83	18270.2	1846.54	427.129
-3961.83	18270.2	1844.82	406.647
-3961.83	18270.2	1843.11	437.175
-3961.83	18270.2	1841.39	442.924
-3961.83	18270.2	1839.68	437.017
-3961.83	18270.2	1837.96	422.373
-3961.83	18270.2	1836.24	432.49
-3961.83	18270.2	1834.53	429.499
-3961.83	18270.2	1832.81	423.598
-3961.83	18270.2	1831.09	442.441
-3961.83	18270.2	1829.37	421.989
-3961.83	18270.2	1827.65	405.908
-3961.83	18270.2	1825.94	397.106
-3961.83	18270.2	1824.22	418.848
-3961.83	18270.2	1822.5	415.863
-3961.83	18270.2	1820.78	440.502
-3961.83	18270.2	1819.06	434.607
-3961.83	18270.2	1817.34	449.059
-3961.83	18270.2	1815.62	424.276
-3961.83	18270.2	1813.9	431.461
-3961.83	18270.2	1812.18	441.549
-3961.83	18270.2	1810.45	422.589
-3961.83	18270.2	1808.73	423.963
-3961.83	18270.2	1807.01	415.174
-3961.83	18270.2	1805.29	396.229
-3961.83	18270.2	1803.56	415.02
-3961.83	18270.2	1801.84	419.296
-3961.83	18270.2	1800.12	446.779
-3961.83	18270.2	1798.39	436.544
-3961.83	18270.2	1796.67	408.912
-3961.83	18270.2	1794.95	421.884
-3961.83	18270.2	1793.22	447.896
-3961.83	18270.2	1791.5	402.886
-3961.83	18270.2	1789.77	412.954
-3961.83	18270.2	1788.04	453.44
-3961.83	18270.2	1786.32	424.386
-3961.83	18270.2	1784.59	422.859
-3961.83	18270.2	1782.87	408.301
-3961.83	18270.2	1781.14	395.196
-3961.83	18270.2	1779.41	416.831
-3961.83	18270.2	1777.68	451.482
-3961.83	18270.2	1775.96	402.207
-3961.83	18270.2	1774.23	380.433
-3961.83	18270.2	1772.5	426.641
-3961.83	18270.2	1770.77	396.195
-3961.83	18270.2	1769.04	400.457
-3961.83	18270.2	1767.31	391.709
-3961.83	18270.2	1765.58	407.531
-3961.83	18270.2	1763.85	414.678
-3961.83	18270.2	1762.12	427.601
-3961.83	18270.2	1760.39	418.854
-3961.83	18270.2	1758.66	421.663
-3961.83	18270.2	1756.93	373.938
-3961.83	18270.2	1755.19	405.624
-3961.83	18270.2	1753.46	415.649
-3961.83	18270.2	1751.73	440.1
-3961.83	18270.2	1750.0	429.917
-3961.83	18270.2	1748.26	429.835
-3961.83	18270.2	1746.53	406.679
-3961.83	18270.2	1744.8	370.555
-3961.83	18270.2	1743.06	422.38
-3961.83	18270.2	1741.33	417.975
-3961.83	18270.2	1739.59	429.423
-3961.83	18270.2	1737.86	430.781
-3961.83	18270.2	1736.12	419.175
-3961.83	18270.2	1734.39	424.855
-3961.83	18270.2	1732.65	401.735
-3961.83	18270.2	1730.91	393.019
-3961.83	18270.2	1729.18	443.321
-3961.83	18270.2	1727.44	414.454
-3961.83	18270.2	1725.7	423.007
-3961.83	18270.2	1723.96	432.994
-3961.83	18270.2	1722.23	404.146
-3961.83	18270.2	1720.49	419.885
-3961.83	18270.2	1718.75	424.117
-3961.83	18270.2	1717.01	411.098
-3961.83	18270.2	1715.27	425.389
-3961.83	18270.2	1713.53	389.385
-3961.83	18270.2	1711.79	418.041
-3961.83	18270.2	1710.05	412.214
-3961.83	18270.2	1708.31	427.93
-3961.83	18270.2	1706.57	416.361
-3961.83	18270.2	1704.82	416.28
-3961.83	18270.2	1703.08	400.412
-3961.83	18270.2	1701.34	418.987
-3961.83	18270.2	1699.6	411.732
-3961.83	18270.2	1697.85	408.783
-3961.83	18270.2	1696.11	387.192
-3961.83	18270.2	1694.37	418.659
-3961.83	18270.2	1692.62	387.04
-3961.83	18270.2	1690.88	415.628
-3961.83	18270.2	1689.13	404.083
-3961.83	18270.2	1687.39	408.302
-3961.83	18270.2	1685.64	401.059
-3961.83	18270.2	1683.9	418.165
-3961.83	18270.2	1682.15	396.606
-3961.83	18270.2	1680.41	397.959
-3961.83	18270.2	1678.66	413.624
-3961.83	18270.2	1676.91	422.128
-3961.83	18270.2	1675.16	389.14
-3961.83	18270.2	1673.42	386.202
-3961.83	18270.2	1671.67	403.286
-3961.83	18270.2	1669.92	436.092
-3961.83	18270.2	1668.17	417.422
-3961.83	18270.2	1666.42	413.051
-3961.83	18270.2	1664.67	425.83
-3961.83	18270.2	1662.92	398.601
-3961.83	18270.2	1661.17	428.517
-3961.83	18270.2	1659.42	412.723
-3961.83	18270.2	1657.67	398.363
-3961.83	18270.2	1655.92	391.146
-3961.83	18270.2	1654.17	413.904
-3961.83	18270.2	1652.42	425.237
-3961.83	18270.2	1650.66	392.338
-3961.83	18270.2	1648.91	377.996
-3961.83	18270.2	1647.16	397.886
-3961.83	18270.2	1645.41	413.49
-3961.83	18270.2	1643.65	380.62
-3961.83	18270.2	1641.9	383.394
-3961.83	18270.2	1640.14	397.567
-3961.83	18270.2	1638.39	387.515
-3961.83	18270.2	1636.63	390.286
-3961.83	18270.2	1634.88	368.845
-3961.83	18270.2	1633.12	398.672
-3961.83	18270.2	1631.37	394.321
-3961.83	18270.2	1629.61	409.897
-3961.83	18270.2	1627.85	381.355
-3961.83	18270.2	1626.09	381.278
-3961.83	18270.2	1624.34	416.761
-3961.83	18270.2	1622.58	401.034
-3961.83	18270.2	1620.82	376.782
-3961.83	18270.2	1619.06	410.823
-3961.83	18270.2	1617.3	423.531
-3961.83	18270.2	1615.54	412.078
-3961.83	18270.2	1613.78	409.153
-3961.83	18270.2	1612.02	406.229
-3961.83	18270.2	1610.26	407.567
-3961.83	18270.2	1608.5	394.706
-3961.83	18270.2	1606.74	383.27
-3961.83	18270.2	1604.98	377.515
-3961.83	18270.2	1603.22	397.303
-3961.83	18270.2	1601.46	384.455
-3961.83	18270.2	1599.69	399.978
-3961.83	18270.2	1597.93	394.225
-3961.83	18270.2	1596.17	372.878
-3961.83	18270.2	1594.4	374.219
-3961.83	18270.2	1592.64	399.653
-3961.83	18270.2	1590.88	385.402
-3961.83	18270.2	1589.11	373.99
-3961.83	18270.2	1587.35	359.75
-3961.83	18270.2	1585.58	404.99
-3961.83	18270.2	1583.81	380.839
-3961.83	18270.2	1582.05	377.931
-3961.83	18270.2	1580.28	369.362
-3961.83	18270.2	1578.51	357.967
-3961.83	18270.2	1576.75	377.698
-3961.83	18270.2	1574.98	353.577
-3961.83	18270.2	1573.21	350.677
-3961.83	18270.2	1571.44	391.603
-3961.83	18270.2	1569.67	378.801
-3961.83	18270.2	1567.91	371.658
-3961.83	18270.2	1566.14	408.316
-3961.83	18270.2	1564.37	396.931
-3961.83	18270.2	1562.6	362.955
-3961.83	18270.2	1560.83	391.12
-3961.83	18270.2	1559.05	391.039
-3961.83	18270.2	1557.28	386.724
-3961.83	18270.2	1555.51	397.933
-3961.83	18270.2	1553.74	396.44
-3961.83	18270.2	1551.97	385.074
-3961.83	18270.2	1550.19	383.584
-3961.83	18270.2	1548.42	401.834
-3961.83	18270.2	1546.65	372.148
-3961.83	18270.2	1544.87	362.205
-3961.83	18270.2	1543.1	383.266
-3961.83	18270.2	1541.32	380.369
-3961.83	18270.2	1539.55	374.656
-3961.83	18270.2	1537.77	385.844
-3961.83	18270.2	1536.0	392.804
-3961.83	18270.2	1534.22	384.276
-3961.83	18270.2	1532.45	385.604
-3961.83	18270.2	1530.67	361.604
-3961.83	18270.2	1528.89	377.003
-3961.83	18270.2	1527.11	396.614
-3961.83	18270.2	1525.34	392.313
-3961.83	18270.2	1523.56	366.926
-3961.83	18270.2	1521.78	372.472
-3961.83	18270.2	1520.0	369.584
-3961.83	18270.2	1518.22	366.697
-3961.83	18270.2	1516.44	386.286
-3961.83	18270.2	1514.66	396.036
-3961.83	18270.2	1512.88	363.659
-3961.83	18270.2	1511.1	374.813
-3961.83	18270.2	1509.32	401.401
-3961.83	18270.2	1507.54	374.656
-3961.83	18270.2	1505.76	382.995
-3961.83	18270.2	1503.97	354.862
-3961.83	18270.2	1502.19	378.628
-3961.83	18270.2	1500.41	350.508
-3961.83	18270.2	1498.62	395.29
-3961.83	18270.2	1496.84	374.185
-3961.83	18270.2	1495.06	357.292
-3961.83	18270.2	1493.27	375.428
-3961.83	18270.2	1491.49	373.949
-3961.83	18270.2	1489.7	373.87
-3961.83	18270.2	1487.91	398.991
-3961.83	18270.2	1486.13	375.113
-3961.83	18270.2	1484.34	369.436
-3961.83	18270.2	1482.55	360.964
-3961.83	18270.2	1480.77	376.274
-3961.83	18270.2	1478.98	391.578
-3961.83	18270.2	1477.19	377.514
-3961.83	18270.2	1475.4	383.026
-3961.83	18270.2	1473.61	373.161
-3961.83	18270.2	1471.83	375.877
-3961.83	18270.2	1470.04	374.401
-3961.83	18270.2	1468.25	393.875
-3961.83	18270.2	1466.46	381.224
-3961.83	18270.2	1464.67	378.351
-3961.83	18270.2	1462.87	381.063
-3961.83	18270.2	1461.08	378.191
-3961.83	18270.2	1459.29	380.901
-3961.83	18270.2	1457.5	400.35
-3961.83	18270.2	1455.71	389.108
-3961.83	18270.2	1453.91	375.081
-3961.83	18270.2	1452.12	398.701
-3961.83	18270.2	1450.33	362.378
-3961.83	18270.2	1448.53	372.055
-3961.83	18270.2	1446.74	385.908
-3961.83	18270.2	1444.94	390.005
-3961.83	18270.2	1443.15	402.455
-3961.83	18270.2	1441.35	389.839
-3961.83	18270.2	1439.56	391.147
-3961.83	18270.2	1437.76	402.198
-3961.83	18270.2	1435.96	382.632
-3961.83	18270.2	1434.17	385.333
-3961.83	18270.2	1432.37	372.734
-3961.83	18270.2	1430.57	336.501
-3961.83	18270.2	1428.77	379.526
-3961.83	18270.2	1426.97	389.174
-3961.83	18270.2	1425.17	390.48
-3961.83	18270.2	1423.37	372.336
-3961.83	18270.2	1421.58	363.922
-3961.83	18270.2	1419.77	383.286
-3961.83	18270.2	1417.97	358.213
-3961.83	18270.2	1416.17	348.419
-3961.83	18270.2	1414.37	427.45
-3961.83	18270.2	1412.57	387.12
-3961.83	18270.2	1410.77	388.425
-3961.83	18270.2	1408.97	399.437
-3961.83	18270.2	1407.16	382.712
-3961.83	18270.2	1405.36	360.448
-3961.83	18270.2	1403.56	381.161
-3961.83	18270.2	1401.75	351.979
-3961.83	18270.2	1399.95	356.059
-3961.83	18270.2	1398.14	353.213
-3961.83	18270.2	1396.34	384.988
-3961.83	18270.2	1394.53	386.29
-3961.83	18270.2	1392.73	352.985
-3961.83	18270.2	1390.92	369.516
-3961.83	18270.2	1389.11	372.204
-3961.83	18270.2	1387.3	361.057
-3961.83	18270.2	1385.5	365.128
-3961.83	18270.2	1383.69	406.532
-3961.83	18270.2	1381.88	353.911
-3961.83	18270.2	1380.07	374.567
-3961.83	18270.2	1378.26	364.813
-3961.83	18270.2	1376.45	371.642
-3961.83	18270.2	1374.64	370.181
-3961.83	18270.2	1372.83	385.291
-3961.83	18270.2	1371.02	386.589
-3961.83	18270.2	1369.21	368.56
-3961.83	18270.2	1367.4	365.72
-3961.83	18270.2	1365.59	376.68
-3961.83	18270.2	1363.78	360.044
-3961.83	18270.2	1361.96	368.241
-3961.83	18270.2	1360.15	372.298
-3961.83	18270.2	1358.34	354.296
-3961.83	18270.2	1356.52	369.38
-3961.83	18270.2	1354.71	359.654
-3961.83	18270.2	1352.89	356.821
-3961.83	18270.2	1351.08	337.46
-3961.83	18270.2	1349.26	375.945
-3961.83	18270.2	1347.45	362.096
-3961.83	18270.2	1345.63	360.641
-3961.83	18270.2	1343.81	359.186
-3961.83	18270.2	1342.0	361.86
-3961.83	18270.2	1340.18	350.776
-3961.83	18270.2	1338.36	415.339
-3961.83	18270.2	1336.54	387.749
-3961.83	18270.2	1334.73	379.416
-3961.83	18270.2	1332.91	394.452
-3961.83	18270.2	1331.09	365.51
-3961.83	18270.2	1329.27	369.552
-3961.83	18270.2	1327.45	355.736
-3961.83	18270.2	1325.63	394.108
-3961.83	18270.2	1323.81	394.022
-3961.83	18270.2	1321.98	354.131
-3961.83	18270.2	1320.16	358.171
-3961.83	18270.2	1318.34	344.372
-3961.83	18270.2	1316.52	349.784
-3961.83	18270.2	1314.7	341.479
-3961.83	18270.2	1312.87	383.909
-3961.83	18270.2	1311.05	349.555
-3961.83	18270.2	1309.22	339.885
-3961.83	18270.2	1307.4	353.512
-3961.83	18270.2	1305.57	360.285
-3961.83	18270.2	1303.75	361.575
-3961.83	18270.2	1301.92	380.667
-3961.83	18270.2	1300.1	354.572
-3961.83	18270.2	1298.27	373.656
-3961.83	18270.2	1296.44	372.206
-3961.83	18270.2	1294.62	336.554
-3961.83	18270.2	1292.79	363.836
-3961.83	18270.2	1290.96	376.064
-3961.83	18270.2	1289.13	371.88
-3961.83	18270.2	1287.3	370.431
-3961.83	18270.2	1285.47	381.283
-3961.83	18270.2	1283.64	371.635
-3961.83	18270.2	1281.81	357.893
-3961.83	18270.2	1279.98	378.3
-3961.83	18270.2	1278.15	337.255
-3961.83	18270.2	1276.32	352.197
-3961.83	18270.2	1274.49	376.686
-3961.83	18270.2	1272.66	384.79
-3961.83	18270.2	1270.82	353.329
-3961.83	18270.2	1268.99	366.89
-3961.83	18270.2	1267.16	394.081
-3961.83	18270.2	1265.32	349.006
-3961.83	18270.2	1263.49	372.1
-3961.83	18270.2	1261.66	369.292
-3961.83	18270.2	1259.82	347.413
-3961.83	18270.2	1257.98	365.043
-3961.83	18270.2	1256.15	341.812
-3961.83	18270.2	1254.31	366.244
-3961.83	18270.2	1252.48	370.247
-3961.83	18270.2	1250.64	364.721
-3961.83	18270.2	1248.8	356.477
-3961.83	18270.2	1246.96	355.038
-3961.83	18270.2	1245.13	367.2
-3961.83	18270.2	1243.29	357.601
-3961.83	18270.2	1241.45	369.756
-3961.83	18270.2	1239.61	346.57
-3961.83	18270.2	1237.77	360.081
-3961.83	18270.2	1235.93	392.605
-3961.83	18270.2	1234.09	387.086
-3961.83	18270.2	1232.25	376.137
-3961.83	18270.2	1230.41	370.623
-3961.83	18270.2	1228.56	378.685
-3961.83	18270.2	1226.72	354.175
-3961.83	18270.2	1224.88	355.453
-3961.83	18270.2	1223.04	363.513
-3961.83	18270.2	1221.19	352.584
-3961.83	18270.2	1219.35	355.217
-3961.83	18270.2	1217.5	370.049
-3961.83	18270.2	1215.66	372.677
-3961.83	18270.2	1213.81	360.4
-3961.83	18270.2	1211.97	371.157
-3961.83	18270.2	1210.12	377.846
-3961.83	18270.2	1208.28	346.62
-3961.83	18270.2	1206.43	357.373
-3961.83	18270.2	1204.58	370.827
-3961.83	18270.2	1202.73	363.98
-3961.83	18270.2	1200.89	366.604
-3961.83	18270.2	1199.04	346.235
-3961.83	18270.2	1197.19	367.793
-3961.83	18270.2	1195.34	352.841
-3961.83	18270.2	1193.49	355.465
-3961.83	18270.2	1191.64	344.576
-3961.83	18270.2	1189.79	326.937
-3961.83	18270.2	1187.94	367.384
-3961.83	18270.2	1186.09	368.653
-3961.83	18270.2	1184.23	375.321
-3961.83	18270.2	1182.38	376.587
-3961.83	18270.2	1180.53	342.766
-3961.83	18270.2	1178.68	364.277
-3961.83	18270.2	1176.82	364.195
-3961.83	18270.2	1174.97	373.554
-3961.83	18270.2	1173.12	339.764
-3961.83	18270.2	1171.26	351.82
-3961.83	18270.2	1169.41	377.347
-3961.83	18270.2	1167.55	412.294
-3961.83	18270.2	1165.69	359.667
-3961.83	18270.2	1163.84	351.506
-3961.83	18270.2	1161.98	351.427
-3961.83	18270.2	1160.12	386.349
-3961.83	18270.2	1158.27	363.383
-3961.83	18270.2	1156.41	379.448
-3961.83	18270.2	1154.55	348.422
-3961.83	18270.2	1152.69	353.724
-3961.83	18270.2	1150.83	360.368
-3961.83	18270.2	1148.97	395.241
-3961.83	18270.2	1147.11	373.647
-3961.83	18270.2	1145.25	364.158
-3961.83	18270.2	1143.39	338.55
-3961.83	18270.2	1141.53	330.416
-3961.83	18270.2	1139.67	358.541
-3961.83	18270.2	1137.81	373.229
-3961.83	18270.2	1135.94	362.407
-3961.83	18270.2	1134.08	378.429
-3961.83	18270.2	1132.22	356.878
-3961.83	18270.2	1130.35	360.822
-3961.83	18270.2	1128.49	376.834
-3961.83	18270.2	1126.62	370.045
-3961.83	18270.2	1124.76	404.814
-3961.83	18270.2	1122.89	352.457
-3961.83	18270.2	1121.03	369.796
-3961.83	18270.2	1119.16	354.978
-3961.83	18270.2	1117.3	360.255
-3961.83	18270.2	1115.43	346.785
-3961.83	18270.2	1113.56	331.982
-3961.83	18270.2	1111.69	381.426
-3961.83	18270.2	1109.82	393.382
-3961.83	18270.2	1107.96	366.539
-3961.83	18270.2	1106.09	373.143
-3961.83	18270.2	1104.22	367.711
-3961.83	18270.2	1102.35	364.954
-3961.83	18270.2	1100.48	375.565
-3961.83	18270.2	1098.61	414.23
-3961.83	18270.2	1096.73	362.036
-3961.83	18270.2	1094.86	376.646
-3961.83	18270.2	1092.99	375.226
-3961.83	18270.2	1091.12	345.771
-3961.83	18270.2	1089.24	369.718
-3961.83	18270.2	1087.37	360.294
-3961.83	18270.2	1085.5	365.549
-3961.83	18270.2	1083.62	376.137
-3961.83	18270.2	1081.75	360.05
-3961.83	18270.2	1079.87	373.3
-3961.83	18270.2	1078.0	353.222
-3961.83	18270.2	1076.12	366.469
-3961.83	18270.2	1074.24	370.383
-3961.83	18270.2	1072.37	354.315
-3961.83	18270.2	1070.49	375.542
-3961.83	18270.2	1068.61	379.452
-3961.83	18270.2	1066.73	374.041
-3961.83	18270.2	1064.86	375.288
-3961.83	18270.2	1062.98	392.499
-3961.83	18270.2	1061.1	364.476
-3961.83	18270.2	1059.22	384.342
-3961.83	18270.2	1057.34	406.858
-3961.83	18270.2	1055.46	443.987
-3961.83	18270.2	1053.58	381.423
-3961.83	18270.2	1051.69	374.693
-3961.83	18270.2	1049.81	382.579
-3961.83	18270.2	1047.93	391.788
-3961.83	18270.2	1046.05	359.833
-3961.83	18270.2	1044.16	391.611
-3961.83	18270.2	1042.28	388.868
-3961.83	18270.2	1040.4	400.721
-3961.83	18270.2	1038.51	405.937
-3961.83	18270.2	1036.63	448.286
-3961.83	18270.2	1034.74	400.449
-3961.83	18270.2	1032.86	434.825
-3961.83	18270.2	1030.97	436.052
-3961.83	18270.2	1029.08	439.928
-3961.83	18270.2	1027.2	441.153
-3961.83	18270.2	1025.31	417.212
-3961.83	18270.2	1023.42	410.496
-3961.83	18270.2	1021.53	451.443
-3961.83	18270.2	1019.64	430.163
-3961.83	18270.2	1017.75	468.441
-3961.83	18270.2	1015.86	437.905
-3961.83	18270.2	1013.97	451.033
-3961.83	18270.2	1012.08	481.344
-3961.83	18270.2	1010.19	490.489
-3961.83	18270.2	1008.3	495.665
-3961.83	18270.2	1006.41	451.943
-3961.83	18270.2	1004.52	498.081
-3961.83	18270.2	1002.62	451.737
-3961.83	18270.2	1000.73	476.725
-3961.83	18270.2	998.837	495.1
-3961.83	18270.2	996.943	498.947
-3961.83	18270.2	995.049	526.546
-3961.83	18270.2	993.154	521.149
-3961.83	18270.2	991.258	540.816
-3961.83	18270.2	989.363	559.155
-3961.83	18270.2	987.467	544.524
-3961.83	18270.2	985.57	566.808
-3961.83	18270.2	983.673	590.4
-3961.83	18270.2	981.776	604.759
-3961.83	18270.2	979.878	580.91
-3961.83	18270.2	977.979	655.843
-3961.83	18270.2	976.081	624.094
-3961.83	18270.2	974.181	623.951
-3961.83	18270.2	972.282	675.134
-3961.83	18270.2	970.382	651.296
-3961.83	18270.2	968.481	682.718
-3961.83	18270.2	966.58	666.78
-3961.83	18270.2	964.679	687.665
-3961.83	18270.2	962.777	711.169
-3961.83	18270.2	960.875	701.807
-3961.83	18270.2	958.972	681.937
-3961.83	18270.2	957.069	736.953
-3961.83	18270.2	955.166	706.578
-3961.83	18270.2	953.262	712.981
-3961.83	18270.2	951.357	679.999
-3961.83	18270.2	949.452	715.279
-3961.83	18270.2	947.547	732.172
-3961.83	18270.2	945.641	717.574
-3961.83	18270.2	943.735	685.932
-3961.83	18270.2	941.829	714.622
-3961.83	18270.2	939.922	730.189
-3961.83	18270.2	938.014	674.975
-3961.83	18270.2	936.106	683.992
-3961.83	18270.2	934.198	672.045
-3961.83	18270.2	932.289	699.395
-3961.83	18270.2	930.38	671.736
-3961.83	18270.2	928.47	640.162
-3961.83	18270.2	926.56	657.03
-3961.83	18270.2	924.649	613.697
-3961.83	18270.2	922.738	624.022
-3961.83	18270.2	920.827	617.339
-3961.83	18270.2	918.915	608.043
-3961.83	18270.2	917.003	586.986
-3961.83	18270.2	915.09	563.325
-3961.83	18270.2	913.177	580.182
-3961.83	18270.2	911.263	555.226
-3961.83	18270.2	909.349	569.466
-3961.83	18270.2	907.435	521.019
-3961.83	18270.2	905.52	548.315
-3961.83	18270.2	903.604	520.779
-3961.83	18270.2	901.688	520.659
-3961.83	18270.2	899.772	533.585
-3961.83	18270.2	897.855	523.027
-3961.83	18270.2	895.938	542.466
-3961.83	18270.2	894.021	539.734
-3961.83	18270.2	892.103	505.721
-3961.83	18270.2	890.184	499.088
-3961.83	18270.2	888.265	527.635
-3961.83	18270.2	886.346	498.858
-3961.83	18270.2	884.426	483.116
-3961.83	18270.2	882.506	502.533
-3961.83	18270.2	880.585	525.845
-3961.83	18270.2	878.664	502.3
-3961.83	18270.2	876.742	491.776
-3961.83	18270.2	874.82	503.368
-3961.83	18270.2	872.898	491.548
-3961.83	18270.2	870.975	477.133
-3961.83	18270.2	869.051	523.815
-3961.83	18270.2	867.127	487.308
-3961.83	18270.2	865.203	507.982
-3961.83	18270.2	863.278	498.772
-3961.83	18270.2	861.353	480.476
-3961.83	18270.2	859.428	494.646
-3961.83	18270.2	857.502	480.253
-3961.83	18270.2	855.575	478.844
-3961.83	18270.2	853.648	508.573
-3961.83	18270.2	851.721	505.86
-3961.83	18270.2	849.793	531.679
-3961.83	18270.2	847.865	490.068
-3961.83	18270.2	845.936	499.027
-3961.83	18270.2	844.007	501.503
-3961.83	18270.2	842.077	468.997
-3961.83	18270.2	840.147	518.108
-3961.83	18270.2	838.216	467.484
-3961.83	18270.2	836.285	516.572
-3961.83	18270.2	834.354	478.916
-3961.83	18270.2	832.422	540.919
-3961.83	18270.2	830.49	494.218
-3961.83	18270.2	828.557	516.092
-3961.83	18270.2	826.624	495.281
-3961.83	18270.2	824.69	500.337
-3961.83	18270.2	822.756	500.22
-3961.83	18270.2	820.821	514.318
-3961.83	18270.2	818.886	510.322
-3961.83	18270.2	816.951	474.037
-3961.83	18270.2	815.015	517.832
-3961.83	18270.2	813.078	508.674
-3961.83	18270.2	811.141	498.23
-3961.83	18270.2	809.204	495.532
-3961.83	18270.2	807.266	479.935
-3961.83	18270.2	805.328	444.997
-3961.83	18270.2	803.389	502.922
-3961.83	18270.2	801.45	480.888
-3961.83	18270.2	799.511	473.041
-3961.83	18270.2	797.571	469.065
-3961.83	18270.2	795.63	501.164
-3961.83	18270.2	793.689	517.791
-3961.83	18270.2	791.748	495.778
-3961.83	18270.2	789.806	502.099
-3961.83	18270.2	787.864	525.15
-3961.83	18270.2	785.921	477.414
-3961.83	18270.2	783.978	494.027
-3961.83	18270.2	782.034	509.346
-3961.83	18270.2	780.09	482.222
-3961.83	18270.2	778.145	483.395
-3961.83	18270.2	776.2	480.711
-3961.83	18270.2	774.255	484.453
-3961.83	18270.2	772.309	467.638
-3961.83	18270.2	770.362	463.675
-3961.83	18270.2	768.416	491.816
-3961.83	18270.2	766.468	432.645
-3961.83	18270.2	764.52	458.214
-3961.83	18270.2	762.572	470.938
-3961.83	18270.2	760.624	484.94
-3961.83	18270.2	758.674	461.739
-3961.83	18270.2	756.725	475.735
-3961.83	18270.2	754.775	416.651
-3961.83	18270.2	752.824	458.849
-3961.83	18270.2	750.873	460.023
-3961.83	18270.2	748.922	457.352
-3961.83	18270.2	746.97	468.771
-3961.83	18270.2	745.017	490.429
-3961.83	18270.2	743.065	467.27
-3961.83	18270.2	741.111	468.44
-3961.83	18270.2	739.158	461.931
-3961.83	18270.2	737.203	474.615
-3961.83	18270.2	735.249	464.271
-3961.83	18270.2	733.294	432.195
-3961.83	18270.2	731.338	469.166
-3961.83	18270.2	729.382	480.557
-3961.83	18270.2	727.425	442.111
-3961.83	18270.2	725.468	475.22
-3961.83	18270.2	723.511	453.396
-3961.83	18270.2	721.553	476.273
-3961.83	18270.2	719.595	455.735
-3961.83	18270.2	717.636	451.798
-3961.83	18270.2	715.676	463.175
-3961.83	18270.2	713.717	465.616
-3961.83	18270.2	711.756	498.665
-3961.83	18270.2	709.796	464.121
-3961.83	18270.2	707.835	448.714
-3961.83	18270.2	705.873	460.077
-3961.83	18270.2	703.911	470.161
-3961.83	18270.2	701.948	470.05
-3961.83	18270.2	699.985	464.844
-3961.83	18270.2	698.022	500.384
-3961.83	18270.2	696.058	456.986
-3961.83	18270.2	694.093	469.603
-3961.83	18270.2	692.129	465.675
-3961.83	18270.2	690.163	480.828
-3961.83	18270.2	688.197	473.084
-3961.83	18270.2	686.231	475.514
-3961.83	18270.2	684.264	488.112
-3961.83	18270.2	682.297	499.433
-3961.83	18270.2	680.329	471.363
-3961.83	18270.2	678.361	476.332
-3961.83	18270.2	676.393	507.966
-3961.83	18270.2	674.423	516.732
-3961.83	18270.2	672.454	495.031
-3961.83	18270.2	670.484	494.913
-3961.83	18270.2	668.513	493.526
-3961.83	18270.2	666.542	508.629
-3961.83	18270.2	664.571	488.218
-3961.83	18270.2	662.599	486.833
-3961.83	18270.2	660.627	519.672
-3961.83	18270.2	658.654	459.99
-3961.83	18270.2	656.68	502.954
-3961.83	18270.2	654.707	514.233
-3961.83	18270.2	652.732	529.305
-3961.83	18270.2	650.758	525.38
-3961.83	18270.2	648.782	486.019
-3961.83	18270.2	646.807	493.495
-3961.83	18270.2	644.83	481.991
-3961.83	18270.2	642.854	522.348
-3961.83	18270.2	640.877	512.107
-3961.83	18270.2	638.899	536.003
-3961.83	18270.2	636.921	515.653
-3961.83	18270.2	634.942	513.002
-3961.83	18270.2	632.963	521.721
-3961.83	18270.2	630.984	501.389
-3961.83	18270.2	629.004	531.572
-3961.83	18270.2	627.023	550.379
-3961.83	18270.2	625.042	536.364
-3961.83	18270.2	623.061	512.263
-3961.83	18270.2	621.079	523.492
-3961.83	18270.2	619.097	534.716
-3961.83	18270.2	617.114	547.196
-3961.83	18270.2	615.131	557.148
-3961.83	18270.2	613.147	534.33
-3961.83	18270.2	611.163	563.179
-3961.83	18270.2	609.178	526.515
-3961.83	18270.2	607.193	531.425
-3961.83	18270.2	605.207	533.814
-3961.83	18270.2	603.221	529.91
-3961.83	18270.2	601.234	524.748
-3961.83	18270.2	599.247	552.299
-3961.83	18270.2	597.259	548.392
-3961.83	18270.2	595.271	511.793
-3961.83	18270.2	593.283	536.812
-3961.83	18270.2	591.294	506.518
-3961.83	18270.2	589.304	505.139
-3961.83	18270.2	587.314	507.529
-3961.83	18270.2	585.323	531.269
-3961.83	18270.2	583.332	536.163
-3961.83	18270.2	581.341	508.415
-3961.83	18270.2	579.349	485.701
-3961.83	18270.2	577.357	514.442
-3961.83	18270.2	575.364	485.465
-3961.83	18270.2	573.37	495.38
-3961.83	18270.2	571.376	530.367
-3961.83	18270.2	569.382	511.435
-3961.83	18270.2	567.387	532.616
-3961.83	18270.2	565.392	542.509
-3961.83	18270.2	563.396	531.104
-3961.83	18270.2	561.399	569.796
-3961.83	18270.2	559.403	559.641
-3961.83	18270.2	557.405	546.988
-3961.83	18270.2	555.408	548.106
-3961.83	18270.2	553.409	567.99
-3961.83	18270.2	551.411	551.591
-3961.83	18270.2	549.411	587.72
-3961.83	18270.2	547.412	618.831
-3961.83	18270.2	545.411	651.176
-3961.83	18270.2	543.411	636.022
-3961.83	18270.2	541.409	678.341
-3961.83	18270.2	539.408	740.622
-3961.83	18270.2	537.406	766.662
-3961.83	18270.2	535.403	830.139
-3961.83	18270.2	533.4	893.585
-3961.83	18270.2	531.396	1028.12
-3961.83	18270.2	529.392	1173.82
-3961.83	18270.2	527.387	1447.89
-3961.83	18270.2	525.382	2023.56
-3961.83	18270.2	523.376	2885.64
-3961.83	18270.2	521.37	3894.34
-3961.83	18270.2	519.364	4862.68
-3961.83	18270.2	517.357	5478.05
-3961.83	18270.2	515.349	5785.53
-3961.83	18270.2	513.341	5454.19
-3961.83	18270.2	511.332	4824.3
-3961.83	18270.2	509.323	4164.85
-3961.83	18270.2	507.314	3468.4
-3961.83	18270.2	505.304	3024.77
-3961.83	18270.2	503.293	2647.27
-3961.83	18270.2	501.282	2417.88
-3961.83	18270.2	499.27	2166.23
-3961.83	18270.2	497.258	2107.3
-3961.83	18270.2	495.246	1975.11
-3961.83	18270.2	493.233	1918.73
-3961.83	18270.2	491.219	1832.59
-3961.83	18270.2	489.205	1751.45
-3961.83	18270.2	487.191	1692.69
-3961.83	18270.2	485.176	1633.96
-3961.83	18270.2	483.16	1540.53
-3961.83	18270.2	481.144	1531.47
-3961.83	18270.2	479.128	1510.01
-3961.83	18270.2	477.111	1430.32
-3961.83	18270.2	475.093	1366.76
-3961.83	18270.2	473.075	1371.38
-3961.83	18270.2	471.056	1300.44
-3961.83	18270.2	469.037	1300.12
-3961.83	18270.2	467.018	1265.14
-3961.83	18270.2	464.998	1188.09
-3961.83	18270.2	462.977	1154.39
-3961.83	18270.2	460.956	1168.95
-3961.83	18270.2	458.935	1178.55
-3961.83	18270.2	456.913	1144.87
-3961.83	18270.2	454.89	1095.14
-3961.83	18270.2	452.867	1068.92
-3961.83	18270.2	450.843	1048.89
-3961.83	18270.2	448.819	1006.63
-3961.83	18270.2	446.795	994.031
-3961.83	18270.2	444.77	998.721
-3961.83	18270.2	442.744	944.166
-3961.83	18270.2	440.718	971.076
-3961.83	18270.2	438.691	965.898
-3961.83	18270.2	436.664	928.658
-3961.83	18270.2	434.637	914.863
-3961.83	18270.2	432.608	914.633
-3961.83	18270.2	430.58	895.919
-3961.83	18270.2	428.551	893.23
-3961.83	18270.2	426.521	885.615
-3961.83	18270.2	424.491	885.393
-3961.83	18270.2	422.46	855.624
-3961.83	18270.2	420.429	817.254
-3961.83	18270.2	418.397	786.286
-3961.83	18270.2	416.365	826.684
-3961.83	18270.2	414.332	857.222
-3961.83	18270.2	412.299	802.906
-3961.83	18270.2	410.265	806.391
-3961.83	18270.2	408.231	763.174
-3961.83	18270.2	406.196	798.612
-3961.83	18270.2	404.161	784.899
-3961.83	18270.2	402.125	800.665
-3961.83	18270.2	400.089	793.096
-3961.83	18270.2	398.052	784.304
-3961.83	18270.2	396.015	804.966
-3961.83	18270.2	393.977	798.628
-3961.83	18270.2	391.938	798.426
-3961.83	18270.2	389.899	793.319
-3961.83	18270.2	387.86	798.021
-3961.83	18270.2	385.82	754.925
-3961.83	18270.2	383.78	781.688
-3961.83	18270.2	381.739	782.715
-3961.83	18270.2	379.697	795.986
-3961.83	18270.2	377.655	789.662
-3961.83	18270.2	375.613	853.108
-3961.83	18270.2	373.57	757.445
-3961.83	18270.2	371.526	767.039
-3961.83	18270.2	369.482	760.729
-3961.83	18270.2	367.437	756.866
-3961.83	18270.2	365.392	745.672
-3961.83	18270.2	363.346	757.702
-3961.83	18270.2	361.3	769.727
-3961.83	18270.2	359.254	749.986
-3961.83	18270.2	357.206	759.564
-3961.83	18270.2	355.159	792.332
-3961.83	18270.2	353.11	734.764
-3961.83	18270.2	351.062	732.135
-3961.83	18270.2	349.012	753.906
-3961.83	18270.2	346.962	748.834
-3961.83	18270.2	344.912	781.563
-3961.83	18270.2	342.861	765.516
-3961.83	18270.2	340.81	761.663
-3961.83	18270.2	338.758	766.341
-3961.83	18270.2	336.705	736.911
-3961.83	18270.2	334.652	781.777
-3961.83	18270.2	332.599	784.01
-3961.83	18270.2	330.545	769.203
-3961.83	18270.2	328.49	776.305
-3961.83	18270.2	326.435	794.352
-3961.83	18270.2	324.379	806.308
-3961.83	18270.2	322.323	781.783
-3961.83	18270.2	320.266	794.952
-3961.83	18270.2	318.209	781.379
-3961.83	18270.2	316.151	781.177
-3961.83	18270.2	314.093	821.056
-3961.83	18270.2	312.034	812.343
-3961.83	18270.2	309.975	843.695
-3961.83	18270.2	307.915	826.485
-3961.83	18270.2	305.854	833.551
-3961.83	18270.2	303.793	845.464
-3961.83	18270.2	301.732	856.159
-3961.83	18270.2	299.67	854.723
-3961.83	18270.2	297.607	852.077
-3961.83	18270.2	295.544	840.949
-3961.83	18270.2	293.48	841.942
-3961.83	18270.2	291.416	813.867
-3961.83	18270.2	289.351	800.335
-3961.83	18270.2	287.286	781.969
-3961.83	18270.2	285.22	793.867
-3961.83	18270.2	283.154	775.511
-3961.83	18270.2	281.087	791.032
-3961.83	18270.2	279.019	794.453
-3961.83	18270.2	276.951	772.485
-3961.83	18270.2	274.883	748.111
-3961.83	18270.2	272.814	759.997
-3961.83	18270.2	270.744	724.767
-3961.83	18270.2	268.674	736.653
-3961.83	18270.2	266.603	735.252
-3961.83	18270.2	264.532	765.234
-3961.83	18270.2	262.46	730.039
-3961.83	18270.2	260.388	733.466
-3961.83	18270.2	258.315	697.091
-3961.83	18270.2	256.241	701.73
-3961.83	18270.2	254.167	701.545
-3961.83	18270.2	252.093	715.821
-3961.83	18270.2	250.018	690.332
-3961.83	18270.2	247.942	675.696
-3961.83	18270.2	245.866	687.558
-3961.83	18270.2	243.789	647.651
-3961.83	18270.2	241.712	652.293
-3961.83	18270.2	239.634	646.104
-3961.83	18270.2	237.556	636.31
-3961.83	18270.2	235.477	637.344
-3961.83	18270.2	233.397	651.601
-3961.83	18270.2	231.317	639.409
-3961.83	18270.2	229.237	627.223
-3961.83	18270.2	227.155	623.452
-3961.83	18270.2	225.074	605.272
-3961.83	18270.2	222.991	595.506
-3961.83	18270.2	220.909	586.945
-3961.83	18270.2	218.825	581.988
-3961.83	18270.2	216.741	579.433
-3961.83	18270.2	214.657	584.076
-3961.83	18270.2	212.572	600.706
-3961.83	18270.2	210.486	581.366
-3961.83	18270.2	208.4	590.797
-3961.83	18270.2	206.313	567.876
-3961.83	18270.2	204.226	585.689
-3961.83	18270.2	202.138	653.784
-3961.83	18270.2	200.05	635.652
-3961.83	18270.2	197.961	643.859
-3961.83	18270.2	195.871	648.471
-3961.83	18270.2	193.781	639.924
-3961.83	18270.2	191.691	704.324
-3961.83	18270.2	189.599	710.112
-3961.83	18270.2	187.508	703.944
-3961.83	18270.2	185.415	728.846
-3961.83	18270.2	183.322	737.01
-3961.83	18270.2	181.229	735.617
-3961.83	18270.2	179.135	736.612
-3961.83	18270.2	177.04	743.573
-3961.83	18270.2	174.945	733.826
-3961.83	18270.2	172.849	743.17
-3961.83	18270.2	170.753	768.012
-3961.83	18270.2	168.656	749.92
-3961.83	18270.2	166.558	731.837
-3961.83	18270.2	164.46	754.278
-3961.83	18270.2	162.362	763.603
-3961.83	18270.2	160.263	784.832
-3961.83	18270.2	158.163	771.521
-3961.83	18270.2	156.063	739.173
-3961.83	18270.2	153.962	768.72
-3961.83	18270.2	151.86	781.596
-3961.83	18270.2	149.758	767.11
-3961.83	18270.2	147.656	803.759
-3961.83	18270.2	145.552	728.653
-3961.83	18270.2	143.449	766.48
-3961.83	18270.2	141.344	788.842
-3961.83	18270.2	139.239	777.936
-3961.83	18270.2	137.134	771.786
-3961.83	18270.2	135.028	764.451
-3961.83	18270.2	132.921	787.975
-3961.83	18270.2	130.814	778.267
-3961.83	18270.2	128.706	746.029
-3961.83	18270.2	126.598	779.023
-3961.83	18270.2	124.489	813.185
-3961.83	18270.2	122.379	779.778
-3961.83	18270.2	120.269	753.498
-3961.83	18270.2	118.158	689.331
-3961.83	18270.2	116.047	689.14
-3961.83	18270.2	113.935	688.949
-3961.83	18270.2	111.822	692.308
-3961.83	18270.2	109.709	679.102
-3961.83	18270.2	107.596	642.247
-3961.83	18270.2	105.481	574.669
-3961.83	18270.2	103.367	599.333
-3961.83	18270.2	101.251	558.986
-3961.83	18270.2	99.1351	577.733
-3961.83	18270.2	97.0184	557.493
-3961.83	18270.2	94.9012	551.433
-3961.83	18270.2	92.7834	532.391
-3961.83	18270.2	90.665	477.956
-3961.83	18270.2	88.546	453.046
-3961.83	18270.2	86.4265	450.56
-3961.83	18270.2	84.3063	436.284
-3961.83	18270.2	82.1855	396.082
-3961.83	18270.2	80.0641	393.614
-3961.83	18270.2	77.9422	400.572
