-3961.83	18284.2	1979.41	424.035
-3961.83	18284.2	1977.72	440.215
-3961.83	18284.2	1976.02	441.62
-3961.83	18284.2	1974.33	451.886
-3961.83	18284.2	1972.64	434.093
-3961.83	18284.2	1970.94	422.212
-3961.83	18284.2	1969.25	428.047
-3961.83	18284.2	1967.56	430.928
-3961.83	18284.2	1965.86	410.2
-3961.83	18284.2	1964.17	433.737
-3961.83	18284.2	1962.47	438.09
-3961.83	18284.2	1960.78	426.219
-3961.83	18284.2	1959.08	443.843
-3961.83	18284.2	1957.39	471.782
-3961.83	18284.2	1955.69	430.429
-3961.83	18284.2	1953.99	453.939
-3961.83	18284.2	1952.3	427.339
-3961.83	18284.2	1950.6	444.948
-3961.83	18284.2	1948.9	446.346
-3961.83	18284.2	1947.21	437.435
-3961.83	18284.2	1945.51	478.594
-3961.83	18284.2	1943.81	431.398
-3961.83	18284.2	1942.11	453.407
-3961.83	18284.2	1940.41	410.647
-3961.83	18284.2	1938.71	438.539
-3961.83	18284.2	1937.01	436.993
-3961.83	18284.2	1935.32	448.688
-3961.83	18284.2	1933.62	411.841
-3961.83	18284.2	1931.92	455.889
-3961.83	18284.2	1930.22	474.927
-3961.83	18284.2	1928.51	461.615
-3961.83	18284.2	1926.81	463.006
-3961.83	18284.2	1925.11	470.275
-3961.83	18284.2	1923.41	434.93
-3961.83	18284.2	1921.71	448.078
-3961.83	18284.2	1920.01	414.218
-3961.83	18284.2	1918.31	418.552
-3961.83	18284.2	1916.6	433.164
-3961.83	18284.2	1914.9	437.494
-3961.83	18284.2	1913.2	433.015
-3961.83	18284.2	1911.49	431.473
-3961.83	18284.2	1909.79	451.941
-3961.83	18284.2	1908.09	416.653
-3961.83	18284.2	1906.38	453.252
-3961.83	18284.2	1904.68	439.974
-3961.83	18284.2	1902.97	429.633
-3961.83	18284.2	1901.27	444.22
-3961.83	18284.2	1899.56	467.595
-3961.83	18284.2	1897.85	429.409
-3961.83	18284.2	1896.15	451.314
-3961.83	18284.2	1894.44	424.864
-3961.83	18284.2	1892.74	433.579
-3961.83	18284.2	1891.03	459.865
-3961.83	18284.2	1889.32	448.07
-3961.83	18284.2	1887.61	442.135
-3961.83	18284.2	1885.91	433.275
-3961.83	18284.2	1884.2	420.027
-3961.83	18284.2	1882.49	446.292
-3961.83	18284.2	1880.78	424.268
-3961.83	18284.2	1879.07	435.895
-3961.83	18284.2	1877.36	453.368
-3961.83	18284.2	1875.65	424.043
-3961.83	18284.2	1873.94	409.348
-3961.83	18284.2	1872.23	453.127
-3961.83	18284.2	1870.52	445.739
-3961.83	18284.2	1868.81	423.742
-3961.83	18284.2	1867.1	428.049
-3961.83	18284.2	1865.39	455.726
-3961.83	18284.2	1863.68	429.357
-3961.83	18284.2	1861.96	448.262
-3961.83	18284.2	1860.25	439.423
-3961.83	18284.2	1858.54	446.642
-3961.83	18284.2	1856.82	440.725
-3961.83	18284.2	1855.11	426.055
-3961.83	18284.2	1853.4	431.814
-3961.83	18284.2	1851.68	417.15
-3961.83	18284.2	1849.97	422.908
-3961.83	18284.2	1848.25	449.077
-3961.83	18284.2	1846.54	432.96
-3961.83	18284.2	1844.82	432.882
-3961.83	18284.2	1843.11	410.945
-3961.83	18284.2	1841.39	410.87
-3961.83	18284.2	1839.68	428.277
-3961.83	18284.2	1837.96	444.22
-3961.83	18284.2	1836.24	428.121
-3961.83	18284.2	1834.53	422.219
-3961.83	18284.2	1832.81	429.421
-3961.83	18284.2	1831.09	430.798
-3961.83	18284.2	1829.37	410.347
-3961.83	18284.2	1827.65	407.363
-3961.83	18284.2	1825.94	430.562
-3961.83	18284.2	1824.22	437.755
-3961.83	18284.2	1822.5	430.404
-3961.83	18284.2	1820.78	405.611
-3961.83	18284.2	1819.06	406.99
-3961.83	18284.2	1817.34	415.634
-3961.83	18284.2	1815.62	435.9
-3961.83	18284.2	1813.9	421.292
-3961.83	18284.2	1812.18	413.952
-3961.83	18284.2	1810.45	437.111
-3961.83	18284.2	1808.73	439.934
-3961.83	18284.2	1807.01	407.916
-3961.83	18284.2	1805.29	400.584
-3961.83	18284.2	1803.56	409.216
-3961.83	18284.2	1801.84	428.001
-3961.83	18284.2	1800.12	400.361
-3961.83	18284.2	1798.39	440.895
-3961.83	18284.2	1796.67	420.512
-3961.83	18284.2	1794.95	414.635
-3961.83	18284.2	1793.22	427.603
-3961.83	18284.2	1791.5	413.031
-3961.83	18284.2	1789.77	423.096
-3961.83	18284.2	1788.04	434.607
-3961.83	18284.2	1786.32	450.458
-3961.83	18284.2	1784.59	406.929
-3961.83	18284.2	1782.87	408.301
-3961.83	18284.2	1781.14	453.1
-3961.83	18284.2	1779.41	402.358
-3961.83	18284.2	1777.68	400.835
-3961.83	18284.2	1775.96	442.717
-3961.83	18284.2	1774.23	412.256
-3961.83	18284.2	1772.5	407.84
-3961.83	18284.2	1770.77	407.763
-3961.83	18284.2	1769.04	416.36
-3961.83	18284.2	1767.31	414.836
-3961.83	18284.2	1765.58	394.525
-3961.83	18284.2	1763.85	437.796
-3961.83	18284.2	1762.12	418.934
-3961.83	18284.2	1760.39	411.632
-3961.83	18284.2	1758.66	440.435
-3961.83	18284.2	1756.93	420.139
-3961.83	18284.2	1755.19	405.624
-3961.83	18284.2	1753.46	444.513
-3961.83	18284.2	1751.73	425.67
-3961.83	18284.2	1750.0	421.261
-3961.83	18284.2	1748.26	438.489
-3961.83	18284.2	1746.53	403.794
-3961.83	18284.2	1744.8	406.601
-3961.83	18284.2	1743.06	405.081
-3961.83	18284.2	1741.33	402.121
-3961.83	18284.2	1739.59	406.367
-3961.83	18284.2	1737.86	417.815
-3961.83	18284.2	1736.12	424.937
-3961.83	18284.2	1734.39	421.975
-3961.83	18284.2	1732.65	419.014
-3961.83	18284.2	1730.91	410.295
-3961.83	18284.2	1729.18	436.124
-3961.83	18284.2	1727.44	420.21
-3961.83	18284.2	1725.7	397.108
-3961.83	18284.2	1723.96	440.187
-3961.83	18284.2	1722.23	424.281
-3961.83	18284.2	1720.49	417.009
-3961.83	18284.2	1718.75	391.05
-3961.83	18284.2	1717.01	425.472
-3961.83	18284.2	1715.27	442.635
-3961.83	18284.2	1713.53	412.375
-3961.83	18284.2	1711.79	410.858
-3961.83	18284.2	1710.05	416.523
-3961.83	18284.2	1708.31	416.442
-3961.83	18284.2	1706.57	404.875
-3961.83	18284.2	1704.82	409.103
-3961.83	18284.2	1703.08	407.587
-3961.83	18284.2	1701.34	394.594
-3961.83	18284.2	1699.6	398.82
-3961.83	18284.2	1697.85	400.177
-3961.83	18284.2	1696.11	382.89
-3961.83	18284.2	1694.37	388.55
-3961.83	18284.2	1692.62	392.774
-3961.83	18284.2	1690.88	419.928
-3961.83	18284.2	1689.13	382.589
-3961.83	18284.2	1687.39	379.649
-3961.83	18284.2	1685.64	403.924
-3961.83	18284.2	1683.9	396.684
-3961.83	18284.2	1682.15	400.901
-3961.83	18284.2	1680.41	403.685
-3961.83	18284.2	1678.66	356.375
-3961.83	18284.2	1676.91	392.078
-3961.83	18284.2	1675.16	403.446
-3961.83	18284.2	1673.42	403.366
-3961.83	18284.2	1671.67	430.458
-3961.83	18284.2	1669.92	386.049
-3961.83	18284.2	1668.17	384.543
-3961.83	18284.2	1666.42	400.188
-3961.83	18284.2	1664.67	378.674
-3961.83	18284.2	1662.92	384.314
-3961.83	18284.2	1661.17	391.379
-3961.83	18284.2	1659.42	415.579
-3961.83	18284.2	1657.67	391.224
-3961.83	18284.2	1655.92	395.428
-3961.83	18284.2	1654.17	383.931
-3961.83	18284.2	1652.42	425.237
-3961.83	18284.2	1650.66	373.791
-3961.83	18284.2	1648.91	376.569
-3961.83	18284.2	1647.16	407.869
-3961.83	18284.2	1645.41	380.696
-3961.83	18284.2	1643.65	406.28
-3961.83	18284.2	1641.9	430.428
-3961.83	18284.2	1640.14	389.017
-3961.83	18284.2	1638.39	390.364
-3961.83	18284.2	1636.63	397.408
-3961.83	18284.2	1634.88	383.087
-3961.83	18284.2	1633.12	410.062
-3961.83	18284.2	1631.37	400.015
-3961.83	18284.2	1629.61	408.474
-3961.83	18284.2	1627.85	391.316
-3961.83	18284.2	1626.09	371.32
-3961.83	18284.2	1624.34	379.779
-3961.83	18284.2	1622.58	401.034
-3961.83	18284.2	1620.82	368.251
-3961.83	18284.2	1619.06	372.441
-3961.83	18284.2	1617.3	413.582
-3961.83	18284.2	1615.54	395.026
-3961.83	18284.2	1613.78	413.415
-3961.83	18284.2	1612.02	397.707
-3961.83	18284.2	1610.26	393.366
-3961.83	18284.2	1608.5	398.965
-3961.83	18284.2	1606.74	400.304
-3961.83	18284.2	1604.98	370.419
-3961.83	18284.2	1603.22	381.695
-3961.83	18284.2	1601.46	398.641
-3961.83	18284.2	1599.69	407.07
-3961.83	18284.2	1597.93	388.552
-3961.83	18284.2	1596.17	389.891
-3961.83	18284.2	1594.4	375.637
-3961.83	18284.2	1592.64	399.653
-3961.83	18284.2	1590.88	392.486
-3961.83	18284.2	1589.11	371.157
-3961.83	18284.2	1587.35	399.408
-3961.83	18284.2	1585.58	371.005
-3961.83	18284.2	1583.81	411.986
-3961.83	18284.2	1582.05	392.085
-3961.83	18284.2	1580.28	369.362
-3961.83	18284.2	1578.51	396.169
-3961.83	18284.2	1576.75	376.284
-3961.83	18284.2	1574.98	381.864
-3961.83	18284.2	1573.21	398.753
-3961.83	18284.2	1571.44	398.672
-3961.83	18284.2	1569.67	385.869
-3961.83	18284.2	1567.91	366.005
-3961.83	18284.2	1566.14	381.471
-3961.83	18284.2	1564.37	371.505
-3961.83	18284.2	1562.6	396.849
-3961.83	18284.2	1560.83	405.239
-3961.83	18284.2	1559.05	402.332
-3961.83	18284.2	1557.28	376.844
-3961.83	18284.2	1555.51	383.822
-3961.83	18284.2	1553.74	365.402
-3961.83	18284.2	1551.97	376.611
-3961.83	18284.2	1550.19	393.456
-3961.83	18284.2	1548.42	383.505
-3961.83	18284.2	1546.65	405.98
-3961.83	18284.2	1544.87	397.439
-3961.83	18284.2	1543.1	393.13
-3961.83	18284.2	1541.32	367.69
-3961.83	18284.2	1539.55	391.558
-3961.83	18284.2	1537.77	397.11
-3961.83	18284.2	1536.0	366.053
-3961.83	18284.2	1534.22	364.57
-3961.83	18284.2	1532.45	365.901
-3961.83	18284.2	1530.67	361.604
-3961.83	18284.2	1528.89	381.223
-3961.83	18284.2	1527.11	369.892
-3961.83	18284.2	1525.34	374.034
-3961.83	18284.2	1523.56	383.797
-3961.83	18284.2	1521.78	362.633
-3961.83	18284.2	1520.0	385.042
-3961.83	18284.2	1518.22	366.697
-3961.83	18284.2	1516.44	352.573
-3961.83	18284.2	1514.66	373.565
-3961.83	18284.2	1512.88	353.83
-3961.83	18284.2	1511.1	388.851
-3961.83	18284.2	1509.32	390.173
-3961.83	18284.2	1507.54	383.075
-3961.83	18284.2	1505.76	370.369
-3961.83	18284.2	1503.97	366.083
-3961.83	18284.2	1502.19	391.248
-3961.83	18284.2	1500.41	374.342
-3961.83	18284.2	1498.62	382.674
-3961.83	18284.2	1496.84	376.988
-3961.83	18284.2	1495.06	386.717
-3961.83	18284.2	1493.27	353.015
-3961.83	18284.2	1491.49	376.75
-3961.83	18284.2	1489.7	357.067
-3961.83	18284.2	1487.91	330.393
-3961.83	18284.2	1486.13	368.114
-3961.83	18284.2	1484.34	400.222
-3961.83	18284.2	1482.55	386.147
-3961.83	18284.2	1480.77	412.643
-3961.83	18284.2	1478.98	371.999
-3961.83	18284.2	1477.19	360.735
-3961.83	18284.2	1475.4	356.465
-3961.83	18284.2	1473.61	392.728
-3961.83	18284.2	1471.83	366.096
-3961.83	18284.2	1470.04	375.798
-3961.83	18284.2	1468.25	375.718
-3961.83	18284.2	1466.46	378.431
-3961.83	18284.2	1464.67	378.351
-3961.83	18284.2	1462.87	369.896
-3961.83	18284.2	1461.08	360.049
-3961.83	18284.2	1459.29	362.763
-3961.83	18284.2	1457.5	341.762
-3961.83	18284.2	1455.71	397.476
-3961.83	18284.2	1453.91	368.11
-3961.83	18284.2	1452.12	365.243
-3961.83	18284.2	1450.33	340.078
-3961.83	18284.2	1448.53	366.482
-3961.83	18284.2	1446.74	374.763
-3961.83	18284.2	1444.94	362.147
-3961.83	18284.2	1443.15	403.847
-3961.83	18284.2	1441.35	381.485
-3961.83	18284.2	1439.56	417.595
-3961.83	18284.2	1437.76	388.281
-3961.83	18284.2	1435.96	385.415
-3961.83	18284.2	1434.17	392.288
-3961.83	18284.2	1432.37	401.94
-3961.83	18284.2	1430.57	375.435
-3961.83	18284.2	1428.77	355.892
-3961.83	18284.2	1426.97	375.275
-3961.83	18284.2	1425.17	387.701
-3961.83	18284.2	1423.37	408.458
-3961.83	18284.2	1421.58	362.533
-3961.83	18284.2	1419.77	368.01
-3961.83	18284.2	1417.97	380.427
-3961.83	18284.2	1416.17	384.51
-3961.83	18284.2	1414.37	380.264
-3961.83	18284.2	1412.57	371.858
-3961.83	18284.2	1410.77	369.003
-3961.83	18284.2	1408.97	359.216
-3961.83	18284.2	1407.16	360.525
-3961.83	18284.2	1405.36	342.426
-3961.83	18284.2	1403.56	352.054
-3961.83	18284.2	1401.75	363.065
-3961.83	18284.2	1399.95	357.445
-3961.83	18284.2	1398.14	347.672
-3961.83	18284.2	1396.34	355.906
-3961.83	18284.2	1394.53	368.291
-3961.83	18284.2	1392.73	352.985
-3961.83	18284.2	1390.92	370.9
-3961.83	18284.2	1389.11	345.914
-3961.83	18284.2	1387.3	381.807
-3961.83	18284.2	1385.5	362.362
-3961.83	18284.2	1383.69	367.815
-3961.83	18284.2	1381.88	364.971
-3961.83	18284.2	1380.07	407.739
-3961.83	18284.2	1378.26	370.341
-3961.83	18284.2	1376.45	352.3
-3961.83	18284.2	1374.64	378.468
-3961.83	18284.2	1372.83	378.387
-3961.83	18284.2	1371.02	354.833
-3961.83	18284.2	1369.21	354.757
-3961.83	18284.2	1367.4	349.16
-3961.83	18284.2	1365.59	351.844
-3961.83	18284.2	1363.78	353.147
-3961.83	18284.2	1361.96	359.966
-3961.83	18284.2	1360.15	364.025
-3961.83	18284.2	1358.34	359.81
-3961.83	18284.2	1356.52	344.571
-3961.83	18284.2	1354.71	340.363
-3961.83	18284.2	1352.89	360.954
-3961.83	18284.2	1351.08	338.837
-3961.83	18284.2	1349.26	359.42
-3961.83	18284.2	1347.45	357.965
-3961.83	18284.2	1345.63	351.005
-3961.83	18284.2	1343.81	350.929
-3961.83	18284.2	1342.0	365.987
-3961.83	18284.2	1340.18	337.02
-3961.83	18284.2	1338.36	342.448
-3961.83	18284.2	1336.54	351.999
-3961.83	18284.2	1334.73	353.297
-3961.83	18284.2	1332.91	361.466
-3961.83	18284.2	1331.09	351.769
-3961.83	18284.2	1329.27	347.571
-3961.83	18284.2	1327.45	358.483
-3961.83	18284.2	1325.63	344.673
-3961.83	18284.2	1323.81	369.31
-3961.83	18284.2	1321.98	352.758
-3961.83	18284.2	1320.16	374.638
-3961.83	18284.2	1318.34	366.324
-3961.83	18284.2	1316.52	370.359
-3961.83	18284.2	1314.7	349.708
-3961.83	18284.2	1312.87	379.795
-3961.83	18284.2	1311.05	367.375
-3961.83	18284.2	1309.22	356.331
-3961.83	18284.2	1307.4	350.772
-3961.83	18284.2	1305.57	360.285
-3961.83	18284.2	1303.75	391.707
-3961.83	18284.2	1301.92	351.911
-3961.83	18284.2	1300.1	368.262
-3961.83	18284.2	1298.27	355.863
-3961.83	18284.2	1296.44	355.785
-3961.83	18284.2	1294.62	391.278
-3961.83	18284.2	1292.79	385.721
-3961.83	18284.2	1290.96	370.594
-3961.83	18284.2	1289.13	363.676
-3961.83	18284.2	1287.3	344.46
-3961.83	18284.2	1285.47	338.918
-3961.83	18284.2	1283.64	373.001
-3961.83	18284.2	1281.81	326.475
-3961.83	18284.2	1279.98	370.106
-3961.83	18284.2	1278.15	361.832
-3961.83	18284.2	1276.32	346.736
-3961.83	18284.2	1274.49	388.969
-3961.83	18284.2	1272.66	346.584
-3961.83	18284.2	1270.82	383.341
-3961.83	18284.2	1268.99	377.801
-3961.83	18284.2	1267.16	372.264
-3961.83	18284.2	1265.32	370.818
-3961.83	18284.2	1263.49	362.559
-3961.83	18284.2	1261.66	352.94
-3961.83	18284.2	1259.82	346.05
-3961.83	18284.2	1257.98	369.13
-3961.83	18284.2	1256.15	369.048
-3961.83	18284.2	1254.31	366.244
-3961.83	18284.2	1252.48	378.414
-3961.83	18284.2	1250.64	357.917
-3961.83	18284.2	1248.8	376.886
-3961.83	18284.2	1246.96	372.722
-3961.83	18284.2	1245.13	346.8
-3961.83	18284.2	1243.29	331.766
-3961.83	18284.2	1241.45	362.959
-3961.83	18284.2	1239.61	357.443
-3961.83	18284.2	1237.77	346.493
-3961.83	18284.2	1235.93	360.001
-3961.83	18284.2	1234.09	343.623
-3961.83	18284.2	1232.25	350.337
-3961.83	18284.2	1230.41	371.981
-3961.83	18284.2	1228.56	350.182
-3961.83	18284.2	1226.72	378.601
-3961.83	18284.2	1224.88	344.6
-3961.83	18284.2	1223.04	336.385
-3961.83	18284.2	1221.19	334.955
-3961.83	18284.2	1219.35	355.217
-3961.83	18284.2	1217.5	382.248
-3961.83	18284.2	1215.66	352.349
-3961.83	18284.2	1213.81	369.885
-3961.83	18284.2	1211.97	364.384
-3961.83	18284.2	1210.12	358.886
-3961.83	18284.2	1208.28	364.222
-3961.83	18284.2	1206.43	349.251
-3961.83	18284.2	1204.58	327.519
-3961.83	18284.2	1202.73	358.567
-3961.83	18284.2	1200.89	349.018
-3961.83	18284.2	1199.04	369.228
-3961.83	18284.2	1197.19	346.158
-3961.83	18284.2	1195.34	355.545
-3961.83	18284.2	1193.49	341.95
-3961.83	18284.2	1191.64	340.522
-3961.83	18284.2	1189.79	353.956
-3961.83	18284.2	1187.94	387.644
-3961.83	18284.2	1186.09	357.85
-3961.83	18284.2	1184.23	392.872
-3961.83	18284.2	1182.38	379.287
-3961.83	18284.2	1180.53	368.406
-3961.83	18284.2	1178.68	380.467
-3961.83	18284.2	1176.82	353.404
-3961.83	18284.2	1174.97	356.023
-3961.83	18284.2	1173.12	350.55
-3961.83	18284.2	1171.26	389.563
-3961.83	18284.2	1169.41	366.566
-3961.83	18284.2	1167.55	370.526
-3961.83	18284.2	1165.69	361.014
-3961.83	18284.2	1163.84	343.425
-3961.83	18284.2	1161.98	325.844
-3961.83	18284.2	1160.12	327.118
-3961.83	18284.2	1158.27	351.27
-3961.83	18284.2	1156.41	353.882
-3961.83	18284.2	1154.55	363.22
-3961.83	18284.2	1152.69	367.174
-3961.83	18284.2	1150.83	353.645
-3961.83	18284.2	1148.97	379.109
-3961.83	18284.2	1147.11	376.336
-3961.83	18284.2	1145.25	362.814
-3961.83	18284.2	1143.39	373.48
-3961.83	18284.2	1141.53	362.651
-3961.83	18284.2	1139.67	382.713
-3961.83	18284.2	1137.81	383.969
-3961.83	18284.2	1135.94	361.065
-3961.83	18284.2	1134.08	332.803
-3961.83	18284.2	1132.22	343.462
-3961.83	18284.2	1130.35	386.308
-3961.83	18284.2	1128.49	356.718
-3961.83	18284.2	1126.62	355.297
-3961.83	18284.2	1124.76	372.643
-3961.83	18284.2	1122.89	357.818
-3961.83	18284.2	1121.03	345.679
-3961.83	18284.2	1119.16	387.127
-3961.83	18284.2	1117.3	356.237
-3961.83	18284.2	1115.43	373.564
-3961.83	18284.2	1113.56	364.109
-3961.83	18284.2	1111.69	369.381
-3961.83	18284.2	1109.82	355.917
-3961.83	18284.2	1107.96	358.512
-3961.83	18284.2	1106.09	375.818
-3961.83	18284.2	1104.22	346.317
-3961.83	18284.2	1102.35	352.923
-3961.83	18284.2	1100.48	380.911
-3961.83	18284.2	1098.61	382.161
-3961.83	18284.2	1096.73	380.739
-3961.83	18284.2	1094.86	372.639
-3961.83	18284.2	1092.99	327.154
-3961.83	18284.2	1091.12	352.446
-3961.83	18284.2	1089.24	368.383
-3961.83	18284.2	1087.37	362.962
-3961.83	18284.2	1085.5	376.222
-3961.83	18284.2	1083.62	376.137
-3961.83	18284.2	1081.75	354.716
-3961.83	18284.2	1079.87	375.967
-3961.83	18284.2	1078.0	375.882
-3961.83	18284.2	1076.12	365.136
-3961.83	18284.2	1074.24	373.048
-3961.83	18284.2	1072.37	394.275
-3961.83	18284.2	1070.49	379.537
-3961.83	18284.2	1068.61	336.847
-3961.83	18284.2	1066.73	362.061
-3961.83	18284.2	1064.86	361.979
-3961.83	18284.2	1062.98	360.567
-3961.83	18284.2	1061.1	369.797
-3961.83	18284.2	1059.22	379.022
-3961.83	18284.2	1057.34	360.322
-3961.83	18284.2	1055.46	420.059
-3961.83	18284.2	1053.58	402.687
-3961.83	18284.2	1051.69	382.665
-3961.83	18284.2	1049.81	406.49
-3961.83	18284.2	1047.93	367.883
-3961.83	18284.2	1046.05	378.422
-3961.83	18284.2	1044.16	382.318
-3961.83	18284.2	1042.28	374.268
-3961.83	18284.2	1040.4	392.76
-3961.83	18284.2	1038.51	374.099
-3961.83	18284.2	1036.63	389.929
-3961.83	18284.2	1034.74	407.079
-3961.83	18284.2	1032.86	357.936
-3961.83	18284.2	1030.97	390.989
-3961.83	18284.2	1029.08	386.925
-3961.83	18284.2	1027.2	421.281
-3961.83	18284.2	1025.31	431.781
-3961.83	18284.2	1023.42	458.167
-3961.83	18284.2	1021.53	424.966
-3961.83	18284.2	1019.64	432.81
-3961.83	18284.2	1017.75	416.833
-3961.83	18284.2	1015.86	416.738
-3961.83	18284.2	1013.97	415.32
-3961.83	18284.2	1012.08	404.647
-3961.83	18284.2	1010.19	482.557
-3961.83	18284.2	1008.3	465.264
-3961.83	18284.2	1006.41	475.73
-3961.83	18284.2	1004.52	488.833
-3961.83	18284.2	1002.62	472.871
-3961.83	18284.2	1000.73	480.687
-3961.83	18284.2	998.837	467.375
-3961.83	18284.2	996.943	498.947
-3961.83	18284.2	995.049	485.637
-3961.83	18284.2	993.154	498.719
-3961.83	18284.2	991.258	522.349
-3961.83	18284.2	989.363	548.605
-3961.83	18284.2	987.467	537.932
-3961.83	18284.2	985.57	566.808
-3961.83	18284.2	983.673	557.454
-3961.83	18284.2	981.776	599.488
-3961.83	18284.2	979.878	575.641
-3961.83	18284.2	977.979	578.143
-3961.83	18284.2	976.081	637.26
-3961.83	18284.2	974.181	639.747
-3961.83	18284.2	972.282	615.912
-3961.83	18284.2	970.382	628.929
-3961.83	18284.2	968.481	644.57
-3961.83	18284.2	966.58	608.913
-3961.83	18284.2	964.679	640.33
-3961.83	18284.2	962.777	627.038
-3961.83	18284.2	960.875	647.923
-3961.83	18284.2	958.972	654.344
-3961.83	18284.2	957.069	667.33
-3961.83	18284.2	955.166	644.85
-3961.83	18284.2	953.262	652.581
-3961.83	18284.2	951.357	662.933
-3961.83	18284.2	949.452	666.718
-3961.83	18284.2	947.547	680.999
-3961.83	18284.2	945.641	691.337
-3961.83	18284.2	943.735	667.571
-3961.83	18284.2	941.829	664.795
-3961.83	18284.2	939.922	629.247
-3961.83	18284.2	938.014	669.732
-3961.83	18284.2	936.106	665.648
-3961.83	18284.2	934.198	672.045
-3961.83	18284.2	932.289	641.767
-3961.83	18284.2	930.38	629.834
-3961.83	18284.2	928.47	636.235
-3961.83	18284.2	926.56	626.927
-3961.83	18284.2	924.649	590.144
-3961.83	18284.2	922.738	592.625
-3961.83	18284.2	920.827	571.561
-3961.83	18284.2	918.915	536.124
-3961.83	18284.2	917.003	536.001
-3961.83	18284.2	915.09	539.798
-3961.83	18284.2	913.177	552.741
-3961.83	18284.2	911.263	531.711
-3961.83	18284.2	909.349	518.527
-3961.83	18284.2	907.435	521.019
-3961.83	18284.2	905.52	528.732
-3961.83	18284.2	903.604	531.221
-3961.83	18284.2	901.688	521.964
-3961.83	18284.2	899.772	516.625
-3961.83	18284.2	897.855	507.375
-3961.83	18284.2	895.938	502.042
-3961.83	18284.2	894.021	508.445
-3961.83	18284.2	892.103	492.687
-3961.83	18284.2	890.184	518.635
-3961.83	18284.2	888.265	497.67
-3961.83	18284.2	886.346	497.555
-3961.83	18284.2	884.426	481.814
-3961.83	18284.2	882.506	486.91
-3961.83	18284.2	880.585	486.797
-3961.83	18284.2	878.664	491.89
-3961.83	18284.2	876.742	454.047
-3961.83	18284.2	874.82	472.152
-3961.83	18284.2	872.898	495.449
-3961.83	18284.2	870.975	484.934
-3961.83	18284.2	869.051	458.826
-3961.83	18284.2	867.127	491.207
-3961.83	18284.2	865.203	465.109
-3961.83	18284.2	863.278	457.208
-3961.83	18284.2	861.353	445.414
-3961.83	18284.2	859.428	484.26
-3961.83	18284.2	857.502	484.147
-3961.83	18284.2	855.575	467.165
-3961.83	18284.2	853.648	468.354
-3961.83	18284.2	851.721	460.463
-3961.83	18284.2	849.793	501.853
-3961.83	18284.2	847.865	458.952
-3961.83	18284.2	845.936	476.992
-3961.83	18284.2	844.007	478.177
-3961.83	18284.2	842.077	475.475
-3961.83	18284.2	840.147	499.974
-3961.83	18284.2	838.216	477.844
-3961.83	18284.2	836.285	490.679
-3961.83	18284.2	834.354	481.504
-3961.83	18284.2	832.422	499.509
-3961.83	18284.2	830.49	456.699
-3961.83	18284.2	828.557	464.353
-3961.83	18284.2	826.624	456.486
-3961.83	18284.2	824.69	475.772
-3961.83	18284.2	822.756	488.587
-3961.83	18284.2	820.821	488.473
-3961.83	18284.2	818.886	463.812
-3961.83	18284.2	816.951	463.704
-3961.83	18284.2	815.015	482.966
-3961.83	18284.2	813.078	454.45
-3961.83	18284.2	811.141	450.472
-3961.83	18284.2	809.204	485.209
-3961.83	18284.2	807.266	472.194
-3961.83	18284.2	805.328	484.982
-3961.83	18284.2	803.389	477.131
-3961.83	18284.2	801.45	458.97
-3961.83	18284.2	799.511	482.064
-3961.83	18284.2	797.571	471.642
-3961.83	18284.2	795.63	502.452
-3961.83	18284.2	793.689	473.998
-3961.83	18284.2	791.748	463.585
-3961.83	18284.2	789.806	466.051
-3961.83	18284.2	787.864	481.387
-3961.83	18284.2	785.921	445.243
-3961.83	18284.2	783.978	490.168
-3961.83	18284.2	782.034	465.614
-3961.83	18284.2	780.09	461.647
-3961.83	18284.2	778.145	483.395
-3961.83	18284.2	776.2	472.999
-3961.83	18284.2	774.255	480.598
-3961.83	18284.2	772.309	462.499
-3961.83	18284.2	770.362	448.262
-3961.83	18284.2	768.416	482.828
-3961.83	18284.2	766.468	460.889
-3961.83	18284.2	764.52	442.812
-3961.83	18284.2	762.572	458.106
-3961.83	18284.2	760.624	475.959
-3961.83	18284.2	758.674	455.326
-3961.83	18284.2	756.725	465.477
-3961.83	18284.2	754.775	443.573
-3961.83	18284.2	752.824	481.92
-3961.83	18284.2	750.873	436.957
-3961.83	18284.2	748.922	421.481
-3961.83	18284.2	746.97	455.963
-3961.83	18284.2	745.017	467.38
-3961.83	18284.2	743.065	442.947
-3961.83	18284.2	741.111	442.842
-3961.83	18284.2	739.158	473.448
-3961.83	18284.2	737.203	456.705
-3961.83	18284.2	735.249	451.482
-3961.83	18284.2	733.294	434.752
-3961.83	18284.2	731.338	437.206
-3961.83	18284.2	729.382	430.712
-3961.83	18284.2	727.425	452.333
-3961.83	18284.2	725.468	457.336
-3961.83	18284.2	723.511	475.108
-3961.83	18284.2	721.553	437.966
-3961.83	18284.2	719.595	445.522
-3961.83	18284.2	717.636	423.72
-3961.83	18284.2	715.676	438.931
-3961.83	18284.2	713.717	428.622
-3961.83	18284.2	711.756	447.651
-3961.83	18284.2	709.796	460.296
-3961.83	18284.2	707.835	449.988
-3961.83	18284.2	705.873	484.292
-3961.83	18284.2	703.911	439.582
-3961.83	18284.2	701.948	477.693
-3961.83	18284.2	699.985	462.297
-3961.83	18284.2	698.022	468.553
-3961.83	18284.2	696.058	469.715
-3961.83	18284.2	694.093	458.15
-3961.83	18284.2	692.129	438.956
-3961.83	18284.2	690.163	468.108
-3961.83	18284.2	688.197	479.442
-3961.83	18284.2	686.231	476.785
-3961.83	18284.2	684.264	484.299
-3961.83	18284.2	682.297	439.705
-3961.83	18284.2	680.329	472.633
-3961.83	18284.2	678.361	444.576
-3961.83	18284.2	676.393	471.138
-3961.83	18284.2	674.423	477.374
-3961.83	18284.2	672.454	459.49
-3961.83	18284.2	670.484	470.801
-3961.83	18284.2	668.513	496.063
-3961.83	18284.2	666.542	493.408
-3961.83	18284.2	664.571	481.877
-3961.83	18284.2	662.599	486.833
-3961.83	18284.2	660.627	485.45
-3961.83	18284.2	658.654	494.204
-3961.83	18284.2	656.68	491.552
-3961.83	18284.2	654.707	485.101
-3961.83	18284.2	652.732	476.121
-3961.83	18284.2	650.758	489.933
-3961.83	18284.2	648.782	453.111
-3961.83	18284.2	646.807	470.718
-3961.83	18284.2	644.83	493.376
-3961.83	18284.2	642.854	509.7
-3961.83	18284.2	640.877	472.908
-3961.83	18284.2	638.899	487.965
-3961.83	18284.2	636.921	481.529
-3961.83	18284.2	634.942	515.529
-3961.83	18284.2	632.963	524.248
-3961.83	18284.2	630.984	488.759
-3961.83	18284.2	629.004	502.531
-3961.83	18284.2	627.023	515.034
-3961.83	18284.2	625.042	503.552
-3961.83	18284.2	623.061	509.739
-3961.83	18284.2	621.079	515.924
-3961.83	18284.2	619.097	517.06
-3961.83	18284.2	617.114	514.414
-3961.83	18284.2	615.131	525.635
-3961.83	18284.2	613.147	491.483
-3961.83	18284.2	611.163	515.302
-3961.83	18284.2	609.178	542.889
-3961.83	18284.2	607.193	513.795
-3961.83	18284.2	605.207	545.145
-3961.83	18284.2	603.221	513.547
-3961.83	18284.2	601.234	499.58
-3961.83	18284.2	599.247	475.556
-3961.83	18284.2	597.259	523.237
-3961.83	18284.2	595.271	500.476
-3961.83	18284.2	593.283	499.097
-3961.83	18284.2	591.294	490.178
-3961.83	18284.2	589.304	498.856
-3961.83	18284.2	587.314	506.272
-3961.83	18284.2	585.323	508.662
-3961.83	18284.2	583.332	494.726
-3961.83	18284.2	581.341	508.415
-3961.83	18284.2	579.349	488.211
-3961.83	18284.2	577.357	495.621
-3961.83	18284.2	575.364	498.01
-3961.83	18284.2	573.37	496.635
-3961.83	18284.2	571.376	500.275
-3961.83	18284.2	569.382	513.942
-3961.83	18284.2	567.387	521.337
-3961.83	18284.2	565.392	517.451
-3961.83	18284.2	563.396	519.831
-3961.83	18284.2	561.399	518.452
-3961.83	18284.2	559.403	542.113
-3961.83	18284.2	557.405	549.491
-3961.83	18284.2	555.408	540.598
-3961.83	18284.2	553.409	579.249
-3961.83	18284.2	551.411	544.086
-3961.83	18284.2	549.411	571.464
-3961.83	18284.2	547.412	591.327
-3961.83	18284.2	545.411	603.681
-3961.83	18284.2	543.411	607.282
-3961.83	18284.2	541.409	669.596
-3961.83	18284.2	539.408	671.93
-3961.83	18284.2	537.406	695.49
-3961.83	18284.2	535.403	760.233
-3961.83	18284.2	533.4	816.208
-3961.83	18284.2	531.396	927.055
-3961.83	18284.2	529.392	1080.26
-3961.83	18284.2	527.387	1376.81
-3961.83	18284.2	525.382	1796.64
-3961.83	18284.2	523.376	2726.08
-3961.83	18284.2	521.37	3724.86
-3961.83	18284.2	519.364	4490.16
-3961.83	18284.2	517.357	4903.84
-3961.83	18284.2	515.349	4933.76
-3961.83	18284.2	513.341	4571.51
-3961.83	18284.2	511.332	4077.5
-3961.83	18284.2	509.323	3375.93
-3961.83	18284.2	507.314	2855.08
-3961.83	18284.2	505.304	2524.79
-3961.83	18284.2	503.293	2260.56
-3961.83	18284.2	501.282	2011.38
-3961.83	18284.2	499.27	1886.6
-3961.83	18284.2	497.258	1842.65
-3961.83	18284.2	495.246	1753.99
-3961.83	18284.2	493.233	1633.1
-3961.83	18284.2	491.219	1597.93
-3961.83	18284.2	489.205	1518.09
-3961.83	18284.2	487.191	1484.21
-3961.83	18284.2	485.176	1467.71
-3961.83	18284.2	483.16	1359.44
-3961.83	18284.2	481.144	1310.74
-3961.83	18284.2	479.128	1310.41
-3961.83	18284.2	477.111	1227.05
-3961.83	18284.2	475.093	1214.35
-3961.83	18284.2	473.075	1211.57
-3961.83	18284.2	471.056	1165.45
-3961.83	18284.2	469.037	1188.68
-3961.83	18284.2	467.018	1135.16
-3961.83	18284.2	464.998	1123.74
-3961.83	18284.2	462.977	1081.39
-3961.83	18284.2	460.956	1078.65
-3961.83	18284.2	458.935	1027.67
-3961.83	18284.2	456.913	1053.38
-3961.83	18284.2	454.89	993.788
-3961.83	18284.2	452.867	989.833
-3961.83	18284.2	450.843	971.054
-3961.83	18284.2	448.819	951.05
-3961.83	18284.2	446.795	971.804
-3961.83	18284.2	444.77	918.477
-3961.83	18284.2	442.744	903.437
-3961.83	18284.2	440.718	897.042
-3961.83	18284.2	438.691	841.306
-3961.83	18284.2	436.664	831.229
-3961.83	18284.2	434.637	821.157
-3961.83	18284.2	432.608	841.906
-3961.83	18284.2	430.58	852.786
-3961.83	18284.2	428.551	797.131
-3961.83	18284.2	426.521	812.943
-3961.83	18284.2	424.491	797.962
-3961.83	18284.2	422.46	831.001
-3961.83	18284.2	420.429	807.407
-3961.83	18284.2	418.397	807.204
-3961.83	18284.2	416.365	779.937
-3961.83	18284.2	414.332	763.752
-3961.83	18284.2	412.299	789.38
-3961.83	18284.2	410.265	752.304
-3961.83	18284.2	408.231	714.017
-3961.83	18284.2	406.196	739.638
-3961.83	18284.2	404.161	749.278
-3961.83	18284.2	402.125	746.632
-3961.83	18284.2	400.089	748.899
-3961.83	18284.2	398.052	752.392
-3961.83	18284.2	396.015	712.935
-3961.83	18284.2	393.977	731.156
-3961.83	18284.2	391.938	694.177
-3961.83	18284.2	389.899	709.941
-3961.83	18284.2	387.86	737.955
-3961.83	18284.2	385.82	708.355
-3961.83	18284.2	383.78	737.581
-3961.83	18284.2	381.739	737.393
-3961.83	18284.2	379.697	718.837
-3961.83	18284.2	377.655	708.86
-3961.83	18284.2	375.613	686.648
-3961.83	18284.2	373.57	704.828
-3961.83	18284.2	371.526	726.669
-3961.83	18284.2	369.482	709.361
-3961.83	18284.2	367.437	729.966
-3961.83	18284.2	365.392	688.218
-3961.83	18284.2	363.346	721.039
-3961.83	18284.2	361.3	709.859
-3961.83	18284.2	359.254	677.919
-3961.83	18284.2	357.206	704.611
-3961.83	18284.2	355.159	689.781
-3961.83	18284.2	353.11	661.532
-3961.83	18284.2	351.062	671.124
-3961.83	18284.2	349.012	697.79
-3961.83	18284.2	346.962	697.611
-3961.83	18284.2	344.912	743.765
-3961.83	18284.2	342.861	724.07
-3961.83	18284.2	340.81	716.572
-3961.83	18284.2	338.758	721.262
-3961.83	18284.2	336.705	712.55
-3961.83	18284.2	334.652	698.972
-3961.83	18284.2	332.599	770.619
-3961.83	18284.2	330.545	739.993
-3961.83	18284.2	328.49	741.019
-3961.83	18284.2	326.435	744.477
-3961.83	18284.2	324.379	778.337
-3961.83	18284.2	322.323	764.762
-3961.83	18284.2	320.266	782.797
-3961.83	18284.2	318.209	761.936
-3961.83	18284.2	316.151	762.953
-3961.83	18284.2	314.093	783.404
-3961.83	18284.2	312.034	781.986
-3961.83	18284.2	309.975	774.5
-3961.83	18284.2	307.915	760.949
-3961.83	18284.2	305.854	764.391
-3961.83	18284.2	303.793	769.045
-3961.83	18284.2	301.732	778.546
-3961.83	18284.2	299.67	801.379
-3961.83	18284.2	297.607	779.353
-3961.83	18284.2	295.544	769.457
-3961.83	18284.2	293.48	783.793
-3961.83	18284.2	291.416	763.0
-3961.83	18284.2	289.351	742.217
-3961.83	18284.2	287.286	748.076
-3961.83	18284.2	285.22	718.837
-3961.83	18284.2	283.154	722.278
-3961.83	18284.2	281.087	695.48
-3961.83	18284.2	279.019	720.691
-3961.83	18284.2	276.951	693.907
-3961.83	18284.2	274.883	694.933
-3961.83	18284.2	272.814	721.333
-3961.83	18284.2	270.744	727.183
-3961.83	18284.2	268.674	701.632
-3961.83	18284.2	266.603	683.338
-3961.83	18284.2	264.532	669.881
-3961.83	18284.2	262.46	679.358
-3961.83	18284.2	260.388	671.941
-3961.83	18284.2	258.315	628.347
-3961.83	18284.2	256.241	654.707
-3961.83	18284.2	254.167	620.783
-3961.83	18284.2	252.093	624.234
-3961.83	18284.2	250.018	645.755
-3961.83	18284.2	247.942	647.993
-3961.83	18284.2	245.866	676.721
-3961.83	18284.2	243.789	632.001
-3961.83	18284.2	241.712	627.02
-3961.83	18284.2	239.634	601.587
-3961.83	18284.2	237.556	586.993
-3961.83	18284.2	235.477	609.685
-3961.83	18284.2	233.397	596.299
-3961.83	18284.2	231.317	604.554
-3961.83	18284.2	229.237	603.191
-3961.83	18284.2	227.155	569.395
-3961.83	18284.2	225.074	572.847
-3961.83	18284.2	222.991	563.089
-3961.83	18284.2	220.909	555.737
-3961.83	18284.2	218.825	589.188
-3961.83	18284.2	216.741	577.034
-3961.83	18284.2	214.657	587.674
-3961.83	18284.2	212.572	556.342
-3961.83	18284.2	210.486	539.412
-3961.83	18284.2	208.4	558.441
-3961.83	18284.2	206.313	552.301
-3961.83	18284.2	204.226	595.271
-3961.83	18284.2	202.138	609.48
-3961.83	18284.2	200.05	580.586
-3961.83	18284.2	197.961	611.546
-3961.83	18284.2	195.871	659.239
-3961.83	18284.2	193.781	635.139
-3961.83	18284.2	191.691	655.297
-3961.83	18284.2	189.599	656.315
-3961.83	18284.2	187.508	678.846
-3961.83	18284.2	185.415	681.053
-3961.83	18284.2	183.322	690.425
-3961.83	18284.2	181.229	733.228
-3961.83	18284.2	179.135	723.479
-3961.83	18284.2	177.04	683.896
-3961.83	18284.2	174.945	684.904
-3961.83	18284.2	172.849	702.612
-3961.83	18284.2	170.753	717.924
-3961.83	18284.2	168.656	705.807
-3961.83	18284.2	166.558	686.544
-3961.83	18284.2	164.46	741.171
-3961.83	18284.2	162.362	715.952
-3961.83	18284.2	160.263	709.803
-3961.83	18284.2	158.163	713.181
-3961.83	18284.2	156.063	712.986
-3961.83	18284.2	153.962	738.971
-3961.83	18284.2	151.86	724.493
-3961.83	18284.2	149.758	731.431
-3961.83	18284.2	147.656	740.743
-3961.83	18284.2	145.552	723.898
-3961.83	18284.2	143.449	729.642
-3961.83	18284.2	141.344	711.621
-3961.83	18284.2	139.239	761.309
-3961.83	18284.2	137.134	748.038
-3961.83	18284.2	135.028	721.718
-3961.83	18284.2	132.921	690.665
-3961.83	18284.2	130.814	741.489
-3961.83	18284.2	128.706	699.773
-3961.83	18284.2	126.598	713.808
-3961.83	18284.2	124.489	711.24
-3961.83	18284.2	122.379	719.339
-3961.83	18284.2	120.269	684.783
-3961.83	18284.2	118.158	689.331
-3961.83	18284.2	116.047	637.04
-3961.83	18284.2	113.935	636.863
-3961.83	18284.2	111.822	631.953
-3961.83	18284.2	109.709	635.327
-3961.83	18284.2	107.596	603.215
-3961.83	18284.2	105.481	575.851
-3961.83	18284.2	103.367	528.406
-3961.83	18284.2	101.251	519.987
-3961.83	18284.2	99.1351	512.753
-3961.83	18284.2	97.0184	516.153
-3961.83	18284.2	94.9012	541.987
-3961.83	18284.2	92.7834	515.865
-3961.83	18284.2	90.665	483.857
-3961.83	18284.2	88.546	473.103
-3961.83	18284.2	86.4265	470.611
-3961.83	18284.2	84.3063	442.18
-3961.83	18284.2	82.1855	425.552
-3961.83	18284.2	80.0641	397.149
-3961.83	18284.2	77.9422	378.187
