-3957.83	18276.2	1979.41	425.512
-3957.83	18276.2	1977.72	449.079
-3957.83	18276.2	1976.02	449.005
-3957.83	18276.2	1974.33	440.072
-3957.83	18276.2	1972.64	445.906
-3957.83	18276.2	1970.94	441.404
-3957.83	18276.2	1969.25	420.667
-3957.83	18276.2	1967.56	441.259
-3957.83	18276.2	1965.86	427.906
-3957.83	18276.2	1964.17	451.44
-3957.83	18276.2	1962.47	439.565
-3957.83	18276.2	1960.78	449.816
-3957.83	18276.2	1959.08	451.216
-3957.83	18276.2	1957.39	477.679
-3957.83	18276.2	1955.69	468.755
-3957.83	18276.2	1953.99	470.151
-3957.83	18276.2	1952.3	461.231
-3957.83	18276.2	1950.6	434.634
-3957.83	18276.2	1948.9	427.196
-3957.83	18276.2	1947.21	456.582
-3957.83	18276.2	1945.51	437.361
-3957.83	18276.2	1943.81	446.122
-3957.83	18276.2	1942.11	447.519
-3957.83	18276.2	1940.41	438.613
-3957.83	18276.2	1938.71	459.141
-3957.83	18276.2	1937.01	429.636
-3957.83	18276.2	1935.32	448.688
-3957.83	18276.2	1933.62	444.2
-3957.83	18276.2	1931.92	445.595
-3957.83	18276.2	1930.22	469.045
-3957.83	18276.2	1928.51	464.555
-3957.83	18276.2	1926.81	465.946
-3957.83	18276.2	1925.11	446.761
-3957.83	18276.2	1923.41	480.48
-3957.83	18276.2	1921.71	445.14
-3957.83	18276.2	1920.01	455.346
-3957.83	18276.2	1918.31	477.297
-3957.83	18276.2	1916.6	481.62
-3957.83	18276.2	1914.9	441.898
-3957.83	18276.2	1913.2	425.676
-3957.83	18276.2	1911.49	434.408
-3957.83	18276.2	1909.79	437.268
-3957.83	18276.2	1908.09	445.995
-3957.83	18276.2	1906.38	441.517
-3957.83	18276.2	1904.68	425.308
-3957.83	18276.2	1902.97	434.032
-3957.83	18276.2	1901.27	432.491
-3957.83	18276.2	1899.56	411.894
-3957.83	18276.2	1897.85	417.685
-3957.83	18276.2	1896.15	413.216
-3957.83	18276.2	1894.44	429.26
-3957.83	18276.2	1892.74	439.438
-3957.83	18276.2	1891.03	432.038
-3957.83	18276.2	1889.32	434.891
-3957.83	18276.2	1887.61	459.703
-3957.83	18276.2	1885.91	452.304
-3957.83	18276.2	1884.2	465.396
-3957.83	18276.2	1882.49	428.733
-3957.83	18276.2	1880.78	419.879
-3957.83	18276.2	1879.07	419.805
-3957.83	18276.2	1877.36	431.431
-3957.83	18276.2	1875.65	443.052
-3957.83	18276.2	1873.94	441.512
-3957.83	18276.2	1872.23	454.588
-3957.83	18276.2	1870.52	398.973
-3957.83	18276.2	1868.81	445.66
-3957.83	18276.2	1867.1	447.041
-3957.83	18276.2	1865.39	435.276
-3957.83	18276.2	1863.68	433.738
-3957.83	18276.2	1861.96	427.82
-3957.83	18276.2	1860.25	455.482
-3957.83	18276.2	1858.54	423.288
-3957.83	18276.2	1856.82	434.887
-3957.83	18276.2	1855.11	411.464
-3957.83	18276.2	1853.4	428.896
-3957.83	18276.2	1851.68	421.526
-3957.83	18276.2	1849.97	462.282
-3957.83	18276.2	1848.25	421.374
-3957.83	18276.2	1846.54	434.418
-3957.83	18276.2	1844.82	425.594
-3957.83	18276.2	1843.11	441.547
-3957.83	18276.2	1841.39	415.241
-3957.83	18276.2	1839.68	434.103
-3957.83	18276.2	1837.96	410.721
-3957.83	18276.2	1836.24	420.84
-3957.83	18276.2	1834.53	417.852
-3957.83	18276.2	1832.81	435.243
-3957.83	18276.2	1831.09	439.53
-3957.83	18276.2	1829.37	407.437
-3957.83	18276.2	1827.65	426.276
-3957.83	18276.2	1825.94	397.106
-3957.83	18276.2	1824.22	421.757
-3957.83	18276.2	1822.5	434.766
-3957.83	18276.2	1820.78	428.871
-3957.83	18276.2	1819.06	408.443
-3957.83	18276.2	1817.34	438.887
-3957.83	18276.2	1815.62	430.088
-3957.83	18276.2	1813.9	425.65
-3957.83	18276.2	1812.18	421.214
-3957.83	18276.2	1810.45	415.328
-3957.83	18276.2	1808.73	392.02
-3957.83	18276.2	1807.01	409.368
-3957.83	18276.2	1805.29	400.584
-3957.83	18276.2	1803.56	420.825
-3957.83	18276.2	1801.84	396.082
-3957.83	18276.2	1800.12	401.811
-3957.83	18276.2	1798.39	420.591
-3957.83	18276.2	1796.67	424.862
-3957.83	18276.2	1794.95	408.836
-3957.83	18276.2	1793.22	426.153
-3957.83	18276.2	1791.5	401.437
-3957.83	18276.2	1789.77	392.668
-3957.83	18276.2	1788.04	420.12
-3957.83	18276.2	1786.32	412.799
-3957.83	18276.2	1784.59	422.859
-3957.83	18276.2	1782.87	432.915
-3957.83	18276.2	1781.14	382.167
-3957.83	18276.2	1779.41	439.989
-3957.83	18276.2	1777.68	421.094
-3957.83	18276.2	1775.96	426.802
-3957.83	18276.2	1774.23	403.577
-3957.83	18276.2	1772.5	432.426
-3957.83	18276.2	1770.77	435.236
-3957.83	18276.2	1769.04	399.012
-3957.83	18276.2	1767.31	398.936
-3957.83	18276.2	1765.58	424.873
-3957.83	18276.2	1763.85	445.021
-3957.83	18276.2	1762.12	405.932
-3957.83	18276.2	1760.39	402.966
-3957.83	18276.2	1758.66	402.89
-3957.83	18276.2	1756.93	412.92
-3957.83	18276.2	1755.19	405.624
-3957.83	18276.2	1753.46	391.114
-3957.83	18276.2	1751.73	437.214
-3957.83	18276.2	1750.0	437.13
-3957.83	18276.2	1748.26	434.162
-3957.83	18276.2	1746.53	413.889
-3957.83	18276.2	1744.8	413.81
-3957.83	18276.2	1743.06	435.354
-3957.83	18276.2	1741.33	454.008
-3957.83	18276.2	1739.59	443.833
-3957.83	18276.2	1737.86	404.848
-3957.83	18276.2	1736.12	439.341
-3957.83	18276.2	1734.39	440.697
-3957.83	18276.2	1732.65	410.374
-3957.83	18276.2	1730.91	413.174
-3957.83	18276.2	1729.18	421.731
-3957.83	18276.2	1727.44	420.21
-3957.83	18276.2	1725.7	398.547
-3957.83	18276.2	1723.96	405.663
-3957.83	18276.2	1722.23	425.719
-3957.83	18276.2	1720.49	381.06
-3957.83	18276.2	1718.75	422.679
-3957.83	18276.2	1717.01	413.973
-3957.83	18276.2	1715.27	395.21
-3957.83	18276.2	1713.53	398.006
-3957.83	18276.2	1711.79	386.437
-3957.83	18276.2	1710.05	423.705
-3957.83	18276.2	1708.31	399.21
-3957.83	18276.2	1706.57	400.568
-3957.83	18276.2	1704.82	390.442
-3957.83	18276.2	1703.08	414.763
-3957.83	18276.2	1701.34	420.422
-3957.83	18276.2	1699.6	383.04
-3957.83	18276.2	1697.85	385.833
-3957.83	18276.2	1696.11	400.098
-3957.83	18276.2	1694.37	378.513
-3957.83	18276.2	1692.62	401.375
-3957.83	18276.2	1690.88	398.43
-3957.83	18276.2	1689.13	422.711
-3957.83	18276.2	1687.39	404.004
-3957.83	18276.2	1685.64	436.868
-3957.83	18276.2	1683.9	421.029
-3957.83	18276.2	1682.15	392.311
-3957.83	18276.2	1680.41	430.884
-3957.83	18276.2	1678.66	403.606
-3957.83	18276.2	1676.91	392.078
-3957.83	18276.2	1675.16	416.322
-3957.83	18276.2	1673.42	431.974
-3957.83	18276.2	1671.67	396.136
-3957.83	18276.2	1669.92	433.233
-3957.83	18276.2	1668.17	403.127
-3957.83	18276.2	1666.42	414.481
-3957.83	18276.2	1664.67	392.964
-3957.83	18276.2	1662.92	382.885
-3957.83	18276.2	1661.17	429.946
-3957.83	18276.2	1659.42	425.576
-3957.83	18276.2	1657.67	394.079
-3957.83	18276.2	1655.92	406.848
-3957.83	18276.2	1654.17	413.904
-3957.83	18276.2	1652.42	400.978
-3957.83	18276.2	1650.66	390.911
-3957.83	18276.2	1648.91	410.803
-3957.83	18276.2	1647.16	383.625
-3957.83	18276.2	1645.41	414.916
-3957.83	18276.2	1643.65	374.918
-3957.83	18276.2	1641.9	436.129
-3957.83	18276.2	1640.14	401.842
-3957.83	18276.2	1638.39	401.761
-3957.83	18276.2	1636.63	408.803
-3957.83	18276.2	1634.88	384.511
-3957.83	18276.2	1633.12	391.553
-3957.83	18276.2	1631.37	411.403
-3957.83	18276.2	1629.61	374.316
-3957.83	18276.2	1627.85	388.47
-3957.83	18276.2	1626.09	377.01
-3957.83	18276.2	1624.34	412.494
-3957.83	18276.2	1622.58	372.592
-3957.83	18276.2	1620.82	400.953
-3957.83	18276.2	1619.06	388.078
-3957.83	18276.2	1617.3	426.373
-3957.83	18276.2	1615.54	389.342
-3957.83	18276.2	1613.78	407.732
-3957.83	18276.2	1612.02	397.707
-3957.83	18276.2	1610.26	400.466
-3957.83	18276.2	1608.5	410.324
-3957.83	18276.2	1606.74	371.914
-3957.83	18276.2	1604.98	400.223
-3957.83	18276.2	1603.22	377.438
-3957.83	18276.2	1601.46	395.804
-3957.83	18276.2	1599.69	408.489
-3957.83	18276.2	1597.93	387.134
-3957.83	18276.2	1596.17	398.398
-3957.83	18276.2	1594.4	379.889
-3957.83	18276.2	1592.64	379.812
-3957.83	18276.2	1590.88	389.653
-3957.83	18276.2	1589.11	385.323
-3957.83	18276.2	1587.35	368.248
-3957.83	18276.2	1585.58	373.837
-3957.83	18276.2	1583.81	397.829
-3957.83	18276.2	1582.05	399.163
-3957.83	18276.2	1580.28	396.25
-3957.83	18276.2	1578.51	382.02
-3957.83	18276.2	1576.75	374.869
-3957.83	18276.2	1574.98	391.764
-3957.83	18276.2	1573.21	378.957
-3957.83	18276.2	1571.44	390.189
-3957.83	18276.2	1569.67	397.176
-3957.83	18276.2	1567.91	390.029
-3957.83	18276.2	1566.14	388.536
-3957.83	18276.2	1564.37	392.693
-3957.83	18276.2	1562.6	413.797
-3957.83	18276.2	1560.83	389.708
-3957.83	18276.2	1559.05	406.567
-3957.83	18276.2	1557.28	398.015
-3957.83	18276.2	1555.51	376.766
-3957.83	18276.2	1553.74	390.797
-3957.83	18276.2	1551.97	396.358
-3957.83	18276.2	1550.19	389.225
-3957.83	18276.2	1548.42	397.604
-3957.83	18276.2	1546.65	373.558
-3957.83	18276.2	1544.87	381.936
-3957.83	18276.2	1543.1	359.312
-3957.83	18276.2	1541.32	397.275
-3957.83	18276.2	1539.55	390.15
-3957.83	18276.2	1537.77	397.11
-3957.83	18276.2	1536.0	374.501
-3957.83	18276.2	1534.22	374.423
-3957.83	18276.2	1532.45	388.418
-3957.83	18276.2	1530.67	391.152
-3957.83	18276.2	1528.89	375.596
-3957.83	18276.2	1527.11	390.989
-3957.83	18276.2	1525.34	385.283
-3957.83	18276.2	1523.56	383.797
-3957.83	18276.2	1521.78	390.744
-3957.83	18276.2	1520.0	368.179
-3957.83	18276.2	1518.22	406.036
-3957.83	18276.2	1516.44	382.072
-3957.83	18276.2	1514.66	381.992
-3957.83	18276.2	1512.88	383.316
-3957.83	18276.2	1511.1	376.217
-3957.83	18276.2	1509.32	373.331
-3957.83	18276.2	1507.54	395.704
-3957.83	18276.2	1505.76	378.786
-3957.83	18276.2	1503.97	367.486
-3957.83	18276.2	1502.19	378.628
-3957.83	18276.2	1500.41	371.538
-3957.83	18276.2	1498.62	361.648
-3957.83	18276.2	1496.84	378.389
-3957.83	18276.2	1495.06	382.513
-3957.83	18276.2	1493.27	388.036
-3957.83	18276.2	1491.49	369.747
-3957.83	18276.2	1489.7	404.676
-3957.83	18276.2	1487.91	365.392
-3957.83	18276.2	1486.13	380.711
-3957.83	18276.2	1484.34	382.03
-3957.83	18276.2	1482.55	379.152
-3957.83	18276.2	1480.77	386.066
-3957.83	18276.2	1478.98	366.405
-3957.83	18276.2	1477.19	394.292
-3957.83	18276.2	1475.4	367.649
-3957.83	18276.2	1473.61	387.137
-3957.83	18276.2	1471.83	381.466
-3957.83	18276.2	1470.04	364.621
-3957.83	18276.2	1468.25	375.718
-3957.83	18276.2	1466.46	392.396
-3957.83	18276.2	1464.67	364.39
-3957.83	18276.2	1462.87	357.334
-3957.83	18276.2	1461.08	350.28
-3957.83	18276.2	1459.29	378.111
-3957.83	18276.2	1457.5	354.317
-3957.83	18276.2	1455.71	377.95
-3957.83	18276.2	1453.91	368.11
-3957.83	18276.2	1452.12	349.909
-3957.83	18276.2	1450.33	400.01
-3957.83	18276.2	1448.53	383.203
-3957.83	18276.2	1446.74	397.053
-3957.83	18276.2	1444.94	385.826
-3957.83	18276.2	1443.15	363.463
-3957.83	18276.2	1441.35	380.093
-3957.83	18276.2	1439.56	409.243
-3957.83	18276.2	1437.76	382.714
-3957.83	18276.2	1435.96	417.417
-3957.83	18276.2	1434.17	388.115
-3957.83	18276.2	1432.37	369.952
-3957.83	18276.2	1430.57	343.454
-3957.83	18276.2	1428.77	348.941
-3957.83	18276.2	1426.97	372.495
-3957.83	18276.2	1425.17	358.519
-3957.83	18276.2	1423.37	376.504
-3957.83	18276.2	1421.58	379.201
-3957.83	18276.2	1419.77	379.12
-3957.83	18276.2	1417.97	381.816
-3957.83	18276.2	1416.17	397.003
-3957.83	18276.2	1414.37	363.61
-3957.83	18276.2	1412.57	378.795
-3957.83	18276.2	1410.77	367.616
-3957.83	18276.2	1408.97	364.764
-3957.83	18276.2	1407.16	377.165
-3957.83	18276.2	1405.36	364.607
-3957.83	18276.2	1403.56	353.44
-3957.83	18276.2	1401.75	374.151
-3957.83	18276.2	1399.95	372.685
-3957.83	18276.2	1398.14	390.612
-3957.83	18276.2	1396.34	364.215
-3957.83	18276.2	1394.53	355.83
-3957.83	18276.2	1392.73	376.517
-3957.83	18276.2	1390.92	366.748
-3957.83	18276.2	1389.11	347.298
-3957.83	18276.2	1387.3	361.057
-3957.83	18276.2	1385.5	355.447
-3957.83	18276.2	1383.69	378.877
-3957.83	18276.2	1381.88	362.206
-3957.83	18276.2	1380.07	389.771
-3957.83	18276.2	1378.26	396.596
-3957.83	18276.2	1376.45	381.313
-3957.83	18276.2	1374.64	381.231
-3957.83	18276.2	1372.83	389.434
-3957.83	18276.2	1371.02	382.447
-3957.83	18276.2	1369.21	371.321
-3957.83	18276.2	1367.4	364.34
-3957.83	18276.2	1365.59	360.122
-3957.83	18276.2	1363.78	347.629
-3957.83	18276.2	1361.96	371.0
-3957.83	18276.2	1360.15	361.267
-3957.83	18276.2	1358.34	388.761
-3957.83	18276.2	1356.52	368.002
-3957.83	18276.2	1354.71	388.592
-3957.83	18276.2	1352.89	370.598
-3957.83	18276.2	1351.08	325.064
-3957.83	18276.2	1349.26	370.437
-3957.83	18276.2	1347.45	397.892
-3957.83	18276.2	1345.63	378.535
-3957.83	18276.2	1343.81	333.038
-3957.83	18276.2	1342.0	354.98
-3957.83	18276.2	1340.18	371.41
-3957.83	18276.2	1338.36	346.574
-3957.83	18276.2	1336.54	358.874
-3957.83	18276.2	1334.73	368.419
-3957.83	18276.2	1332.91	382.082
-3957.83	18276.2	1331.09	364.136
-3957.83	18276.2	1329.27	372.299
-3957.83	18276.2	1327.45	339.254
-3957.83	18276.2	1325.63	343.3
-3957.83	18276.2	1323.81	366.564
-3957.83	18276.2	1321.98	341.777
-3957.83	18276.2	1320.16	348.564
-3957.83	18276.2	1318.34	358.092
-3957.83	18276.2	1316.52	330.58
-3957.83	18276.2	1314.7	370.279
-3957.83	18276.2	1312.87	363.342
-3957.83	18276.2	1311.05	355.038
-3957.83	18276.2	1309.22	333.032
-3957.83	18276.2	1307.4	369.955
-3957.83	18276.2	1305.57	356.175
-3957.83	18276.2	1303.75	338.292
-3957.83	18276.2	1301.92	368.343
-3957.83	18276.2	1300.1	372.369
-3957.83	18276.2	1298.27	355.863
-3957.83	18276.2	1296.44	361.259
-3957.83	18276.2	1294.62	342.026
-3957.83	18276.2	1292.79	372.043
-3957.83	18276.2	1290.96	352.816
-3957.83	18276.2	1289.13	350.004
-3957.83	18276.2	1287.3	334.892
-3957.83	18276.2	1285.47	343.018
-3957.83	18276.2	1283.64	378.466
-3957.83	18276.2	1281.81	340.135
-3957.83	18276.2	1279.98	378.3
-3957.83	18276.2	1278.15	352.274
-3957.83	18276.2	1276.32	361.753
-3957.83	18276.2	1274.49	335.742
-3957.83	18276.2	1272.66	343.855
-3957.83	18276.2	1270.82	384.705
-3957.83	18276.2	1268.99	381.893
-3957.83	18276.2	1267.16	380.445
-3957.83	18276.2	1265.32	380.362
-3957.83	18276.2	1263.49	358.47
-3957.83	18276.2	1261.66	380.194
-3957.83	18276.2	1259.82	339.238
-3957.83	18276.2	1257.98	366.405
-3957.83	18276.2	1256.15	384.028
-3957.83	18276.2	1254.31	351.267
-3957.83	18276.2	1252.48	371.608
-3957.83	18276.2	1250.64	348.39
-3957.83	18276.2	1248.8	383.689
-3957.83	18276.2	1246.96	383.604
-3957.83	18276.2	1245.13	354.96
-3957.83	18276.2	1243.29	352.162
-3957.83	18276.2	1241.45	373.834
-3957.83	18276.2	1239.61	381.906
-3957.83	18276.2	1237.77	373.669
-3957.83	18276.2	1235.93	372.228
-3957.83	18276.2	1234.09	350.414
-3957.83	18276.2	1232.25	381.568
-3957.83	18276.2	1230.41	382.842
-3957.83	18276.2	1228.56	362.397
-3957.83	18276.2	1226.72	358.246
-3957.83	18276.2	1224.88	366.307
-3957.83	18276.2	1223.04	358.087
-3957.83	18276.2	1221.19	336.311
-3957.83	18276.2	1219.35	352.506
-3957.83	18276.2	1217.5	349.716
-3957.83	18276.2	1215.66	344.218
-3957.83	18276.2	1213.81	333.303
-3957.83	18276.2	1211.97	331.874
-3957.83	18276.2	1210.12	373.783
-3957.83	18276.2	1208.28	342.558
-3957.83	18276.2	1206.43	380.386
-3957.83	18276.2	1204.58	355.94
-3957.83	18276.2	1202.73	381.57
-3957.83	18276.2	1200.89	347.665
-3957.83	18276.2	1199.04	347.588
-3957.83	18276.2	1197.19	362.385
-3957.83	18276.2	1195.34	362.304
-3957.83	18276.2	1193.49	363.575
-3957.83	18276.2	1191.64	340.522
-3957.83	18276.2	1189.79	329.639
-3957.83	18276.2	1187.94	368.735
-3957.83	18276.2	1186.09	372.704
-3957.83	18276.2	1184.23	380.721
-3957.83	18276.2	1182.38	371.188
-3957.83	18276.2	1180.53	361.659
-3957.83	18276.2	1178.68	380.467
-3957.83	18276.2	1176.82	349.358
-3957.83	18276.2	1174.97	330.4
-3957.83	18276.2	1173.12	334.371
-3957.83	18276.2	1171.26	351.82
-3957.83	18276.2	1169.41	358.48
-3957.83	18276.2	1167.55	348.968
-3957.83	18276.2	1165.69	385.261
-3957.83	18276.2	1163.84	342.078
-3957.83	18276.2	1161.98	363.545
-3957.83	18276.2	1160.12	343.272
-3957.83	18276.2	1158.27	329.736
-3957.83	18276.2	1156.41	331.008
-3957.83	18276.2	1154.55	357.839
-3957.83	18276.2	1152.69	333.55
-3957.83	18276.2	1150.83	341.543
-3957.83	18276.2	1148.97	383.142
-3957.83	18276.2	1147.11	377.68
-3957.83	18276.2	1145.25	361.47
-3957.83	18276.2	1143.39	392.288
-3957.83	18276.2	1141.53	361.308
-3957.83	18276.2	1139.67	355.856
-3957.83	18276.2	1137.81	351.748
-3957.83	18276.2	1135.94	381.199
-3957.83	18276.2	1134.08	343.539
-3957.83	18276.2	1132.22	375.661
-3957.83	18276.2	1130.35	370.212
-3957.83	18276.2	1128.49	343.308
-3957.83	18276.2	1126.62	398.201
-3957.83	18276.2	1124.76	383.367
-3957.83	18276.2	1122.89	384.621
-3957.83	18276.2	1121.03	377.835
-3957.83	18276.2	1119.16	346.941
-3957.83	18276.2	1117.3	350.88
-3957.83	18276.2	1115.43	368.208
-3957.83	18276.2	1113.56	358.755
-3957.83	18276.2	1111.69	366.704
-3957.83	18276.2	1109.82	392.044
-3957.83	18276.2	1107.96	381.254
-3957.83	18276.2	1106.09	366.456
-3957.83	18276.2	1104.22	366.374
-3957.83	18276.2	1102.35	398.375
-3957.83	18276.2	1100.48	383.584
-3957.83	18276.2	1098.61	354.1
-3957.83	18276.2	1096.73	376.731
-3957.83	18276.2	1094.86	357.948
-3957.83	18276.2	1092.99	359.202
-3957.83	18276.2	1091.12	375.141
-3957.83	18276.2	1089.24	356.371
-3957.83	18276.2	1087.37	374.972
-3957.83	18276.2	1085.5	358.878
-3957.83	18276.2	1083.62	369.468
-3957.83	18276.2	1081.75	380.052
-3957.83	18276.2	1079.87	382.633
-3957.83	18276.2	1078.0	351.89
-3957.83	18276.2	1076.12	385.125
-3957.83	18276.2	1074.24	375.712
-3957.83	18276.2	1072.37	394.275
-3957.83	18276.2	1070.49	391.523
-3957.83	18276.2	1068.61	370.132
-3957.83	18276.2	1066.73	386.021
-3957.83	18276.2	1064.86	372.626
-3957.83	18276.2	1062.98	408.465
-3957.83	18276.2	1061.1	399.061
-3957.83	18276.2	1059.22	361.734
-3957.83	18276.2	1057.34	374.948
-3957.83	18276.2	1055.46	459.938
-3957.83	18276.2	1053.58	404.016
-3957.83	18276.2	1051.69	364.063
-3957.83	18276.2	1049.81	371.951
-3957.83	18276.2	1047.93	385.148
-3957.83	18276.2	1046.05	393.027
-3957.83	18276.2	1044.16	374.353
-3957.83	18276.2	1042.28	382.232
-3957.83	18276.2	1040.4	410.01
-3957.83	18276.2	1038.51	415.223
-3957.83	18276.2	1036.63	419.108
-3957.83	18276.2	1034.74	399.123
-3957.83	18276.2	1032.86	401.683
-3957.83	18276.2	1030.97	389.664
-3957.83	18276.2	1029.08	414.752
-3957.83	18276.2	1027.2	380.213
-3957.83	18276.2	1025.31	418.537
-3957.83	18276.2	1023.42	423.738
-3957.83	18276.2	1021.53	426.29
-3957.83	18276.2	1019.64	442.076
-3957.83	18276.2	1017.75	418.156
-3957.83	18276.2	1015.86	422.03
-3957.83	18276.2	1013.97	423.256
-3957.83	18276.2	1012.08	446.963
-3957.83	18276.2	1010.19	468.014
-3957.83	18276.2	1008.3	489.056
-3957.83	18276.2	1006.41	455.908
-3957.83	18276.2	1004.52	474.3
-3957.83	18276.2	1002.62	490.042
-3957.83	18276.2	1000.73	509.739
-3957.83	18276.2	998.837	483.218
-3957.83	18276.2	996.943	489.707
-3957.83	18276.2	995.049	510.71
-3957.83	18276.2	993.154	527.745
-3957.83	18276.2	991.258	548.73
-3957.83	18276.2	989.363	552.561
-3957.83	18276.2	987.467	530.021
-3957.83	18276.2	985.57	569.445
-3957.83	18276.2	983.673	554.818
-3957.83	18276.2	981.776	598.171
-3957.83	18276.2	979.878	603.303
-3957.83	18276.2	977.979	604.482
-3957.83	18276.2	976.081	624.094
-3957.83	18276.2	974.181	646.329
-3957.83	18276.2	972.282	629.072
-3957.83	18276.2	970.382	674.98
-3957.83	18276.2	968.481	649.832
-3957.83	18276.2	966.58	635.216
-3957.83	18276.2	964.679	675.831
-3957.83	18276.2	962.777	675.676
-3957.83	18276.2	960.875	670.265
-3957.83	18276.2	958.972	701.646
-3957.83	18276.2	957.069	671.271
-3957.83	18276.2	955.166	654.044
-3957.83	18276.2	953.262	660.459
-3957.83	18276.2	951.357	655.057
-3957.83	18276.2	949.452	706.092
-3957.83	18276.2	947.547	687.56
-3957.83	18276.2	945.641	705.768
-3957.83	18276.2	943.735	699.048
-3957.83	18276.2	941.829	656.928
-3957.83	18276.2	939.922	680.374
-3957.83	18276.2	938.014	672.354
-3957.83	18276.2	936.106	690.544
-3957.83	18276.2	934.198	644.534
-3957.83	18276.2	932.289	654.864
-3957.83	18276.2	930.38	659.951
-3957.83	18276.2	928.47	625.762
-3957.83	18276.2	926.56	599.442
-3957.83	18276.2	924.649	605.846
-3957.83	18276.2	922.738	599.166
-3957.83	18276.2	920.827	583.333
-3957.83	18276.2	918.915	581.891
-3957.83	18276.2	917.003	569.991
-3957.83	18276.2	915.09	543.719
-3957.83	18276.2	913.177	578.875
-3957.83	18276.2	911.263	542.162
-3957.83	18276.2	909.349	565.547
-3957.83	18276.2	907.435	544.524
-3957.83	18276.2	905.52	527.427
-3957.83	18276.2	903.604	524.695
-3957.83	18276.2	901.688	489.341
-3957.83	18276.2	899.772	527.062
-3957.83	18276.2	897.855	528.244
-3957.83	18276.2	895.938	503.346
-3957.83	18276.2	894.021	484.978
-3957.83	18276.2	892.103	482.259
-3957.83	18276.2	890.184	495.179
-3957.83	18276.2	888.265	504.184
-3957.83	18276.2	886.346	491.043
-3957.83	18276.2	884.426	493.533
-3957.83	18276.2	882.506	493.419
-3957.83	18276.2	880.585	514.131
-3957.83	18276.2	878.664	519.217
-3957.83	18276.2	876.742	468.358
-3957.83	18276.2	874.82	495.564
-3957.83	18276.2	872.898	482.445
-3957.83	18276.2	870.975	510.936
-3957.83	18276.2	869.051	479.622
-3957.83	18276.2	867.127	466.516
-3957.83	18276.2	865.203	480.699
-3957.83	18276.2	863.278	485.783
-3957.83	18276.2	861.353	470.088
-3957.83	18276.2	859.428	477.768
-3957.83	18276.2	857.502	507.511
-3957.83	18276.2	855.575	485.333
-3957.83	18276.2	853.648	477.436
-3957.83	18276.2	851.721	498.078
-3957.83	18276.2	849.793	478.511
-3957.83	18276.2	847.865	462.842
-3957.83	18276.2	845.936	479.585
-3957.83	18276.2	844.007	471.698
-3957.83	18276.2	842.077	454.746
-3957.83	18276.2	840.147	485.726
-3957.83	18276.2	838.216	480.434
-3957.83	18276.2	836.285	484.206
-3957.83	18276.2	834.354	481.504
-3957.83	18276.2	832.422	507.274
-3957.83	18276.2	830.49	514.918
-3957.83	18276.2	828.557	491.516
-3957.83	18276.2	826.624	470.711
-3957.83	18276.2	824.69	480.944
-3957.83	18276.2	822.756	495.05
-3957.83	18276.2	820.821	463.92
-3957.83	18276.2	818.886	484.483
-3957.83	18276.2	816.951	474.037
-3957.83	18276.2	815.015	473.927
-3957.83	18276.2	813.078	471.234
-3957.83	18276.2	811.141	498.23
-3957.83	18276.2	809.204	487.79
-3957.83	18276.2	807.266	472.194
-3957.83	18276.2	805.328	472.084
-3957.83	18276.2	803.389	515.818
-3957.83	18276.2	801.45	471.863
-3957.83	18276.2	799.511	462.73
-3957.83	18276.2	797.571	488.394
-3957.83	18276.2	795.63	489.569
-3957.83	18276.2	793.689	488.166
-3957.83	18276.2	791.748	470.023
-3957.83	18276.2	789.806	499.524
-3957.83	18276.2	787.864	487.823
-3957.83	18276.2	785.921	470.98
-3957.83	18276.2	783.978	490.168
-3957.83	18276.2	782.034	445.035
-3957.83	18276.2	780.09	465.505
-3957.83	18276.2	778.145	455.111
-3957.83	18276.2	776.2	476.855
-3957.83	18276.2	774.255	470.318
-3957.83	18276.2	772.309	483.054
-3957.83	18276.2	770.362	470.097
-3957.83	18276.2	768.416	458.429
-3957.83	18276.2	766.468	469.876
-3957.83	18276.2	764.52	489.018
-3957.83	18276.2	762.572	467.089
-3957.83	18276.2	760.624	449.018
-3957.83	18276.2	758.674	464.304
-3957.83	18276.2	756.725	461.63
-3957.83	18276.2	754.775	483.315
-3957.83	18276.2	752.824	488.328
-3957.83	18276.2	750.873	466.43
-3957.83	18276.2	748.922	435.573
-3957.83	18276.2	746.97	462.367
-3957.83	18276.2	745.017	457.136
-3957.83	18276.2	743.065	455.748
-3957.83	18276.2	741.111	456.921
-3957.83	18276.2	739.158	458.093
-3957.83	18276.2	737.203	475.895
-3957.83	18276.2	735.249	459.155
-3957.83	18276.2	733.294	439.867
-3957.83	18276.2	731.338	473.001
-3957.83	18276.2	729.382	440.937
-3957.83	18276.2	727.425	430.611
-3957.83	18276.2	725.468	431.786
-3957.83	18276.2	723.511	435.516
-3957.83	18276.2	721.553	460.95
-3957.83	18276.2	719.595	462.118
-3957.83	18276.2	717.636	436.483
-3957.83	18276.2	715.676	449.139
-3957.83	18276.2	713.717	447.757
-3957.83	18276.2	711.756	438.724
-3957.83	18276.2	709.796	447.545
-3957.83	18276.2	707.835	414.295
-3957.83	18276.2	705.873	477.92
-3957.83	18276.2	703.911	493.096
-3957.83	18276.2	701.948	485.336
-3957.83	18276.2	699.985	461.023
-3957.83	18276.2	698.022	469.827
-3957.83	18276.2	696.058	462.077
-3957.83	18276.2	694.093	435.242
-3957.83	18276.2	692.129	466.947
-3957.83	18276.2	690.163	463.02
-3957.83	18276.2	688.197	440.019
-3957.83	18276.2	686.231	452.628
-3957.83	18276.2	684.264	472.859
-3957.83	18276.2	682.297	465.121
-3957.83	18276.2	680.329	486.609
-3957.83	18276.2	678.361	457.278
-3957.83	18276.2	676.393	511.776
-3957.83	18276.2	674.423	471.026
-3957.83	18276.2	672.454	496.3
-3957.83	18276.2	670.484	506.334
-3957.83	18276.2	668.513	504.944
-3957.83	18276.2	666.542	471.845
-3957.83	18276.2	664.571	493.29
-3957.83	18276.2	662.599	488.101
-3957.83	18276.2	660.627	493.054
-3957.83	18276.2	658.654	486.601
-3957.83	18276.2	656.68	486.484
-3957.83	18276.2	654.707	526.899
-3957.83	18276.2	652.732	522.974
-3957.83	18276.2	650.758	479.805
-3957.83	18276.2	648.782	474.628
-3957.83	18276.2	646.807	517.537
-3957.83	18276.2	644.83	506.027
-3957.83	18276.2	642.854	493.258
-3957.83	18276.2	640.877	514.636
-3957.83	18276.2	638.899	496.814
-3957.83	18276.2	636.921	513.125
-3957.83	18276.2	634.942	531.955
-3957.83	18276.2	632.963	497.72
-3957.83	18276.2	630.984	481.182
-3957.83	18276.2	629.004	521.471
-3957.83	18276.2	627.023	527.657
-3957.83	18276.2	625.042	521.22
-3957.83	18276.2	623.061	507.216
-3957.83	18276.2	621.079	546.198
-3957.83	18276.2	619.097	493.099
-3957.83	18276.2	617.114	489.198
-3957.83	18276.2	615.131	510.509
-3957.83	18276.2	613.147	516.687
-3957.83	18276.2	611.163	543.02
-3957.83	18276.2	609.178	530.293
-3957.83	18276.2	607.193	520.091
-3957.83	18276.2	605.207	511.153
-3957.83	18276.2	603.221	516.064
-3957.83	18276.2	601.234	528.523
-3957.83	18276.2	599.247	522.105
-3957.83	18276.2	597.259	505.628
-3957.83	18276.2	595.271	486.643
-3957.83	18276.2	593.283	524.241
-3957.83	18276.2	591.294	496.463
-3957.83	18276.2	589.304	495.086
-3957.83	18276.2	587.314	512.554
-3957.83	18276.2	585.323	522.477
-3957.83	18276.2	583.332	514.817
-3957.83	18276.2	581.341	490.84
-3957.83	18276.2	579.349	503.272
-3957.83	18276.2	577.357	510.678
-3957.83	18276.2	575.364	499.264
-3957.83	18276.2	573.37	540.529
-3957.83	18276.2	571.376	507.798
-3957.83	18276.2	569.382	491.379
-3957.83	18276.2	567.387	497.526
-3957.83	18276.2	565.392	512.44
-3957.83	18276.2	563.396	528.599
-3957.83	18276.2	561.399	554.768
-3957.83	18276.2	559.403	539.609
-3957.83	18276.2	557.405	540.73
-3957.83	18276.2	555.408	556.866
-3957.83	18276.2	553.409	536.713
-3957.83	18276.2	551.411	559.096
-3957.83	18276.2	549.411	586.47
-3957.83	18276.2	547.412	583.826
-3957.83	18276.2	545.411	584.933
-3957.83	18276.2	543.411	618.528
-3957.83	18276.2	541.409	660.852
-3957.83	18276.2	539.408	671.93
-3957.83	18276.2	537.406	751.679
-3957.83	18276.2	535.403	795.186
-3957.83	18276.2	533.4	874.865
-3957.83	18276.2	531.396	981.955
-3957.83	18276.2	529.392	1153.86
-3957.83	18276.2	527.387	1420.45
-3957.83	18276.2	525.382	1941.27
-3957.83	18276.2	523.376	2833.28
-3957.83	18276.2	521.37	3865.68
-3957.83	18276.2	519.364	4764.26
-3957.83	18276.2	517.357	5207.76
-3957.83	18276.2	515.349	5445.57
-3957.83	18276.2	513.341	5085.68
-3957.83	18276.2	511.332	4413.56
-3957.83	18276.2	509.323	3752.97
-3957.83	18276.2	507.314	3189.73
-3957.83	18276.2	505.304	2667.82
-3957.83	18276.2	503.293	2348.84
-3957.83	18276.2	501.282	2140.66
-3957.83	18276.2	499.27	2012.12
-3957.83	18276.2	497.258	1907.26
-3957.83	18276.2	495.246	1876.97
-3957.83	18276.2	493.233	1820.62
-3957.83	18276.2	491.219	1688.56
-3957.83	18276.2	489.205	1638.5
-3957.83	18276.2	487.191	1554.94
-3957.83	18276.2	485.176	1481.36
-3957.83	18276.2	483.16	1422.7
-3957.83	18276.2	481.144	1385.14
-3957.83	18276.2	479.128	1366.2
-3957.83	18276.2	477.111	1322.48
-3957.83	18276.2	475.093	1304.81
-3957.83	18276.2	473.075	1253.69
-3957.83	18276.2	471.056	1242.23
-3957.83	18276.2	469.037	1219.64
-3957.83	18276.2	467.018	1200.77
-3957.83	18276.2	464.998	1139.83
-3957.83	18276.2	462.977	1137.07
-3957.83	18276.2	460.956	1115.76
-3957.83	18276.2	458.935	1066.01
-3957.83	18276.2	456.913	1048.44
-3957.83	18276.2	454.89	1040.76
-3957.83	18276.2	452.867	1030.61
-3957.83	18276.2	450.843	1006.88
-3957.83	18276.2	448.819	991.809
-3957.83	18276.2	446.795	961.926
-3957.83	18276.2	444.77	907.367
-3957.83	18276.2	442.744	934.292
-3957.83	18276.2	440.718	924.188
-3957.83	18276.2	438.691	859.81
-3957.83	18276.2	436.664	891.66
-3957.83	18276.2	434.637	912.397
-3957.83	18276.2	432.608	883.817
-3957.83	18276.2	430.58	894.686
-3957.83	18276.2	428.551	858.733
-3957.83	18276.2	426.521	838.809
-3957.83	18276.2	424.491	829.979
-3957.83	18276.2	422.46	779.295
-3957.83	18276.2	420.429	791.407
-3957.83	18276.2	418.397	831.814
-3957.83	18276.2	416.365	800.85
-3957.83	18276.2	414.332	766.212
-3957.83	18276.2	412.299	780.773
-3957.83	18276.2	410.265	753.533
-3957.83	18276.2	408.231	766.861
-3957.83	18276.2	406.196	788.783
-3957.83	18276.2	404.161	768.931
-3957.83	18276.2	402.125	735.58
-3957.83	18276.2	400.089	730.483
-3957.83	18276.2	398.052	772.03
-3957.83	18276.2	396.015	731.341
-3957.83	18276.2	393.977	736.063
-3957.83	18276.2	391.938	738.329
-3957.83	18276.2	389.899	714.845
-3957.83	18276.2	387.86	737.955
-3957.83	18276.2	385.82	776.985
-3957.83	18276.2	383.78	774.337
-3957.83	18276.2	381.739	737.393
-3957.83	18276.2	379.697	765.371
-3957.83	18276.2	377.655	746.813
-3957.83	18276.2	375.613	712.351
-3957.83	18276.2	373.57	728.078
-3957.83	18276.2	371.526	697.308
-3957.83	18276.2	369.482	713.03
-3957.83	18276.2	367.437	733.635
-3957.83	18276.2	365.392	746.894
-3957.83	18276.2	363.346	745.481
-3957.83	18276.2	361.3	729.408
-3957.83	18276.2	359.254	730.443
-3957.83	18276.2	357.206	724.15
-3957.83	18276.2	355.159	722.744
-3957.83	18276.2	353.11	739.646
-3957.83	18276.2	351.062	734.576
-3957.83	18276.2	349.012	720.969
-3957.83	18276.2	346.962	743.956
-3957.83	18276.2	344.912	751.081
-3957.83	18276.2	342.861	756.983
-3957.83	18276.2	340.81	722.666
-3957.83	18276.2	338.758	748.065
-3957.83	18276.2	336.705	747.873
-3957.83	18276.2	334.652	733.068
-3957.83	18276.2	332.599	749.923
-3957.83	18276.2	330.545	738.775
-3957.83	18276.2	328.49	758.053
-3957.83	18276.2	326.435	749.343
-3957.83	18276.2	324.379	781.985
-3957.83	18276.2	322.323	792.726
-3957.83	18276.2	320.266	766.995
-3957.83	18276.2	318.209	760.72
-3957.83	18276.2	316.151	778.747
-3957.83	18276.2	314.093	806.481
-3957.83	18276.2	312.034	796.558
-3957.83	18276.2	309.975	808.49
-3957.83	18276.2	307.915	813.135
-3957.83	18276.2	305.854	812.924
-3957.83	18276.2	303.793	852.742
-3957.83	18276.2	301.732	828.267
-3957.83	18276.2	299.67	820.777
-3957.83	18276.2	297.607	824.2
-3957.83	18276.2	295.544	788.844
-3957.83	18276.2	293.48	820.136
-3957.83	18276.2	291.416	804.178
-3957.83	18276.2	289.351	813.654
-3957.83	18276.2	287.286	779.548
-3957.83	18276.2	285.22	761.192
-3957.83	18276.2	283.154	767.042
-3957.83	18276.2	281.087	762.004
-3957.83	18276.2	279.019	760.595
-3957.83	18276.2	276.951	727.756
-3957.83	18276.2	274.883	726.356
-3957.83	18276.2	272.814	723.749
-3957.83	18276.2	270.744	675.241
-3957.83	18276.2	268.674	705.255
-3957.83	18276.2	266.603	709.899
-3957.83	18276.2	264.532	684.365
-3957.83	18276.2	262.46	701.079
-3957.83	18276.2	260.388	712.958
-3957.83	18276.2	258.315	712.77
-3957.83	18276.2	256.241	667.97
-3957.83	18276.2	254.167	661.767
-3957.83	18276.2	252.093	665.207
-3957.83	18276.2	250.018	690.332
-3957.83	18276.2	247.942	666.06
-3957.83	18276.2	245.866	661.067
-3957.83	18276.2	243.789	627.186
-3957.83	18276.2	241.712	621.002
-3957.83	18276.2	239.634	622.041
-3957.83	18276.2	237.556	590.601
-3957.83	18276.2	235.477	625.318
-3957.83	18276.2	233.397	623.95
-3957.83	18276.2	231.317	646.62
-3957.83	18276.2	229.237	610.401
-3957.83	18276.2	227.155	624.653
-3957.83	18276.2	225.074	582.454
-3957.83	18276.2	222.991	596.706
-3957.83	18276.2	220.909	568.94
-3957.83	18276.2	218.825	601.188
-3957.83	18276.2	216.741	572.235
-3957.83	18276.2	214.657	555.292
-3957.83	18276.2	212.572	557.541
-3957.83	18276.2	210.486	574.174
-3957.83	18276.2	208.4	538.069
-3957.83	18276.2	206.313	554.697
-3957.83	18276.2	204.226	588.085
-3957.83	18276.2	202.138	587.927
-3957.83	18276.2	200.05	606.922
-3957.83	18276.2	197.961	642.662
-3957.83	18276.2	195.871	635.31
-3957.83	18276.2	193.781	649.493
-3957.83	18276.2	191.691	658.884
-3957.83	18276.2	189.599	667.075
-3957.83	18276.2	187.508	680.041
-3957.83	18276.2	185.415	698.975
-3957.83	18276.2	183.322	671.312
-3957.83	18276.2	181.229	702.18
-3957.83	18276.2	179.135	682.888
-3957.83	18276.2	177.04	702.993
-3957.83	18276.2	174.945	692.064
-3957.83	18276.2	172.849	726.47
-3957.83	18276.2	170.753	696.458
-3957.83	18276.2	168.656	705.807
-3957.83	18276.2	166.558	729.453
-3957.83	18276.2	164.46	731.638
-3957.83	18276.2	162.362	740.969
-3957.83	18276.2	160.263	741.958
-3957.83	18276.2	158.163	746.518
-3957.83	18276.2	156.063	741.553
-3957.83	18276.2	153.962	762.77
-3957.83	18276.2	151.86	723.304
-3957.83	18276.2	149.758	737.377
-3957.83	18276.2	147.656	731.231
-3957.83	18276.2	145.552	739.351
-3957.83	18276.2	143.449	761.727
-3957.83	18276.2	141.344	768.646
-3957.83	18276.2	139.239	736.367
-3957.83	18276.2	137.134	749.226
-3957.83	18276.2	135.028	762.077
-3957.83	18276.2	132.921	739.32
-3957.83	18276.2	130.814	710.643
-3957.83	18276.2	128.706	730.61
-3957.83	18276.2	126.598	761.237
-3957.83	18276.2	124.489	726.651
-3957.83	18276.2	122.379	713.414
-3957.83	18276.2	120.269	735.727
-3957.83	18276.2	118.158	686.962
-3957.83	18276.2	116.047	680.851
-3957.83	18276.2	113.935	664.09
-3957.83	18276.2	111.822	630.77
-3957.83	18276.2	109.709	614.031
-3957.83	18276.2	107.596	616.226
-3957.83	18276.2	105.481	595.953
-3957.83	18276.2	103.367	576.873
-3957.83	18276.2	101.251	592.076
-3957.83	18276.2	99.1351	526.93
-3957.83	18276.2	97.0184	507.885
-3957.83	18276.2	94.9012	508.924
-3957.83	18276.2	92.7834	512.323
-3957.83	18276.2	90.665	492.118
-3957.83	18276.2	88.546	440.068
-3957.83	18276.2	86.4265	463.535
-3957.83	18276.2	84.3063	430.389
-3957.83	18276.2	82.1855	423.195
-3957.83	18276.2	80.0641	414.827
-3957.83	18276.2	77.9422	372.296
