-3955.83	18258.2	1979.41	450.629
-3955.83	18258.2	1977.72	457.942
-3955.83	18258.2	1976.02	466.729
-3955.83	18258.2	1974.33	429.734
-3955.83	18258.2	1972.64	442.953
-3955.83	18258.2	1970.94	441.404
-3955.83	18258.2	1969.25	478.232
-3955.83	18258.2	1967.56	488.484
-3955.83	18258.2	1965.86	441.186
-3955.83	18258.2	1964.17	433.737
-3955.83	18258.2	1962.47	435.14
-3955.83	18258.2	1960.78	457.19
-3955.83	18258.2	1959.08	445.318
-3955.83	18258.2	1957.39	451.141
-3955.83	18258.2	1955.69	427.481
-3955.83	18258.2	1953.99	448.044
-3955.83	18258.2	1952.3	439.128
-3955.83	18258.2	1950.6	464.101
-3955.83	18258.2	1948.9	438.981
-3955.83	18258.2	1947.21	477.201
-3955.83	18258.2	1945.51	474.176
-3955.83	18258.2	1943.81	462.318
-3955.83	18258.2	1942.11	465.184
-3955.83	18258.2	1940.41	448.916
-3955.83	18258.2	1938.71	478.272
-3955.83	18258.2	1937.01	438.465
-3955.83	18258.2	1935.32	458.986
-3955.83	18258.2	1933.62	430.962
-3955.83	18258.2	1931.92	491.184
-3955.83	18258.2	1930.22	446.99
-3955.83	18258.2	1928.51	435.153
-3955.83	18258.2	1926.81	455.657
-3955.83	18258.2	1925.11	448.231
-3955.83	18258.2	1923.41	427.584
-3955.83	18258.2	1921.71	453.954
-3955.83	18258.2	1920.01	470.034
-3955.83	18258.2	1918.31	465.548
-3955.83	18258.2	1916.6	419.949
-3955.83	18258.2	1914.9	447.771
-3955.83	18258.2	1913.2	427.144
-3955.83	18258.2	1911.49	462.292
-3955.83	18258.2	1909.79	413.79
-3955.83	18258.2	1908.09	441.594
-3955.83	18258.2	1906.38	435.65
-3955.83	18258.2	1904.68	432.641
-3955.83	18258.2	1902.97	431.1
-3955.83	18258.2	1901.27	426.627
-3955.83	18258.2	1899.56	419.223
-3955.83	18258.2	1897.85	405.96
-3955.83	18258.2	1896.15	426.404
-3955.83	18258.2	1894.44	454.165
-3955.83	18258.2	1892.74	421.861
-3955.83	18258.2	1891.03	424.716
-3955.83	18258.2	1889.32	455.391
-3955.83	18258.2	1887.61	445.063
-3955.83	18258.2	1885.91	466.942
-3955.83	18258.2	1884.2	437.589
-3955.83	18258.2	1882.49	441.902
-3955.83	18258.2	1880.78	440.361
-3955.83	18258.2	1879.07	441.746
-3955.83	18258.2	1877.36	428.506
-3955.83	18258.2	1875.65	445.976
-3955.83	18258.2	1873.94	442.973
-3955.83	18258.2	1872.23	438.51
-3955.83	18258.2	1870.52	419.433
-3955.83	18258.2	1868.81	432.509
-3955.83	18258.2	1867.1	438.276
-3955.83	18258.2	1865.39	411.906
-3955.83	18258.2	1863.68	422.055
-3955.83	18258.2	1861.96	435.121
-3955.83	18258.2	1860.25	426.284
-3955.83	18258.2	1858.54	434.965
-3955.83	18258.2	1856.82	411.538
-3955.83	18258.2	1855.11	434.809
-3955.83	18258.2	1853.4	411.39
-3955.83	18258.2	1851.68	440.487
-3955.83	18258.2	1849.97	427.283
-3955.83	18258.2	1848.25	433.038
-3955.83	18258.2	1846.54	431.502
-3955.83	18258.2	1844.82	411.019
-3955.83	18258.2	1843.11	429.889
-3955.83	18258.2	1841.39	450.209
-3955.83	18258.2	1839.68	410.796
-3955.83	18258.2	1837.96	422.373
-3955.83	18258.2	1836.24	436.858
-3955.83	18258.2	1834.53	410.572
-3955.83	18258.2	1832.81	436.699
-3955.83	18258.2	1831.09	440.986
-3955.83	18258.2	1829.37	421.989
-3955.83	18258.2	1827.65	435.005
-3955.83	18258.2	1825.94	424.743
-3955.83	18258.2	1824.22	399.942
-3955.83	18258.2	1822.5	439.129
-3955.83	18258.2	1820.78	424.51
-3955.83	18258.2	1819.06	436.06
-3955.83	18258.2	1817.34	408.368
-3955.83	18258.2	1815.62	422.823
-3955.83	18258.2	1813.9	403.859
-3955.83	18258.2	1812.18	402.332
-3955.83	18258.2	1810.45	400.806
-3955.83	18258.2	1808.73	463.165
-3955.83	18258.2	1807.01	425.336
-3955.83	18258.2	1805.29	404.938
-3955.83	18258.2	1803.56	419.374
-3955.83	18258.2	1801.84	404.788
-3955.83	18258.2	1800.12	442.427
-3955.83	18258.2	1798.39	433.643
-3955.83	18258.2	1796.67	400.212
-3955.83	18258.2	1794.95	404.486
-3955.83	18258.2	1793.22	408.759
-3955.83	18258.2	1791.5	421.726
-3955.83	18258.2	1789.77	431.79
-3955.83	18258.2	1788.04	427.363
-3955.83	18258.2	1786.32	405.557
-3955.83	18258.2	1784.59	419.962
-3955.83	18258.2	1782.87	431.467
-3955.83	18258.2	1781.14	441.519
-3955.83	18258.2	1779.41	434.199
-3955.83	18258.2	1777.68	418.2
-3955.83	18258.2	1775.96	432.589
-3955.83	18258.2	1774.23	423.828
-3955.83	18258.2	1772.5	393.377
-3955.83	18258.2	1770.77	414.993
-3955.83	18258.2	1769.04	427.925
-3955.83	18258.2	1767.31	442.299
-3955.83	18258.2	1765.58	424.873
-3955.83	18258.2	1763.85	407.454
-3955.83	18258.2	1762.12	413.155
-3955.83	18258.2	1760.39	420.298
-3955.83	18258.2	1758.66	433.215
-3955.83	18258.2	1756.93	434.576
-3955.83	18258.2	1755.19	405.624
-3955.83	18258.2	1753.46	406.989
-3955.83	18258.2	1751.73	435.771
-3955.83	18258.2	1750.0	425.589
-3955.83	18258.2	1748.26	424.065
-3955.83	18258.2	1746.53	425.426
-3955.83	18258.2	1744.8	421.019
-3955.83	18258.2	1743.06	383.458
-3955.83	18258.2	1741.33	423.74
-3955.83	18258.2	1739.59	429.423
-3955.83	18258.2	1737.86	423.578
-3955.83	18258.2	1736.12	416.294
-3955.83	18258.2	1734.39	410.453
-3955.83	18258.2	1732.65	395.975
-3955.83	18258.2	1730.91	387.261
-3955.83	18258.2	1729.18	405.898
-3955.83	18258.2	1727.44	417.332
-3955.83	18258.2	1725.7	415.813
-3955.83	18258.2	1723.96	405.663
-3955.83	18258.2	1722.23	402.708
-3955.83	18258.2	1720.49	385.374
-3955.83	18258.2	1718.75	405.427
-3955.83	18258.2	1717.01	431.221
-3955.83	18258.2	1715.27	399.521
-3955.83	18258.2	1713.53	377.891
-3955.83	18258.2	1711.79	432.407
-3955.83	18258.2	1710.05	426.577
-3955.83	18258.2	1708.31	415.006
-3955.83	18258.2	1706.57	403.439
-3955.83	18258.2	1704.82	386.135
-3955.83	18258.2	1703.08	397.541
-3955.83	18258.2	1701.34	420.422
-3955.83	18258.2	1699.6	388.778
-3955.83	18258.2	1697.85	390.136
-3955.83	18258.2	1696.11	404.4
-3955.83	18258.2	1694.37	411.49
-3955.83	18258.2	1692.62	412.843
-3955.83	18258.2	1690.88	404.162
-3955.83	18258.2	1689.13	416.979
-3955.83	18258.2	1687.39	402.571
-3955.83	18258.2	1685.64	438.301
-3955.83	18258.2	1683.9	386.66
-3955.83	18258.2	1682.15	403.765
-3955.83	18258.2	1680.41	403.685
-3955.83	18258.2	1678.66	397.881
-3955.83	18258.2	1676.91	412.112
-3955.83	18258.2	1675.16	433.49
-3955.83	18258.2	1673.42	377.62
-3955.83	18258.2	1671.67	390.416
-3955.83	18258.2	1669.92	403.207
-3955.83	18258.2	1668.17	418.851
-3955.83	18258.2	1666.42	377.32
-3955.83	18258.2	1664.67	414.398
-3955.83	18258.2	1662.92	394.314
-3955.83	18258.2	1661.17	401.378
-3955.83	18258.2	1659.42	398.442
-3955.83	18258.2	1657.67	395.507
-3955.83	18258.2	1655.92	402.566
-3955.83	18258.2	1654.17	398.204
-3955.83	18258.2	1652.42	395.27
-3955.83	18258.2	1650.66	402.325
-3955.83	18258.2	1648.91	396.539
-3955.83	18258.2	1647.16	396.46
-3955.83	18258.2	1645.41	400.658
-3955.83	18258.2	1643.65	413.407
-3955.83	18258.2	1641.9	423.301
-3955.83	18258.2	1640.14	413.242
-3955.83	18258.2	1638.39	400.337
-3955.83	18258.2	1636.63	410.227
-3955.83	18258.2	1634.88	387.359
-3955.83	18258.2	1633.12	390.129
-3955.83	18258.2	1631.37	375.815
-3955.83	18258.2	1629.61	415.59
-3955.83	18258.2	1627.85	395.585
-3955.83	18258.2	1626.09	412.577
-3955.83	18258.2	1624.34	368.4
-3955.83	18258.2	1622.58	405.3
-3955.83	18258.2	1620.82	406.64
-3955.83	18258.2	1619.06	390.921
-3955.83	18258.2	1617.3	407.897
-3955.83	18258.2	1615.54	407.815
-3955.83	18258.2	1613.78	409.153
-3955.83	18258.2	1612.02	393.446
-3955.83	18258.2	1610.26	416.087
-3955.83	18258.2	1608.5	376.248
-3955.83	18258.2	1606.74	408.821
-3955.83	18258.2	1604.98	408.738
-3955.83	18258.2	1603.22	374.6
-3955.83	18258.2	1601.46	405.734
-3955.83	18258.2	1599.69	390.05
-3955.83	18258.2	1597.93	399.897
-3955.83	18258.2	1596.17	418.247
-3955.83	18258.2	1594.4	386.977
-3955.83	18258.2	1592.64	399.653
-3955.83	18258.2	1590.88	399.571
-3955.83	18258.2	1589.11	376.823
-3955.83	18258.2	1587.35	369.665
-3955.83	18258.2	1585.58	380.917
-3955.83	18258.2	1583.81	390.75
-3955.83	18258.2	1582.05	380.761
-3955.83	18258.2	1580.28	379.268
-3955.83	18258.2	1578.51	413.148
-3955.83	18258.2	1576.75	391.844
-3955.83	18258.2	1574.98	363.478
-3955.83	18258.2	1573.21	398.753
-3955.83	18258.2	1571.44	395.844
-3955.83	18258.2	1569.67	384.455
-3955.83	18258.2	1567.91	381.55
-3955.83	18258.2	1566.14	405.49
-3955.83	18258.2	1564.37	378.568
-3955.83	18258.2	1562.6	365.779
-3955.83	18258.2	1560.83	391.12
-3955.83	18258.2	1559.05	395.274
-3955.83	18258.2	1557.28	378.256
-3955.83	18258.2	1555.51	369.711
-3955.83	18258.2	1553.74	387.975
-3955.83	18258.2	1551.97	383.663
-3955.83	18258.2	1550.19	372.302
-3955.83	18258.2	1548.42	380.685
-3955.83	18258.2	1546.65	355.232
-3955.83	18258.2	1544.87	369.252
-3955.83	18258.2	1543.1	364.948
-3955.83	18258.2	1541.32	370.508
-3955.83	18258.2	1539.55	371.839
-3955.83	18258.2	1537.77	370.354
-3955.83	18258.2	1536.0	391.396
-3955.83	18258.2	1534.22	406.798
-3955.83	18258.2	1532.45	370.123
-3955.83	18258.2	1530.67	378.488
-3955.83	18258.2	1528.89	392.477
-3955.83	18258.2	1527.11	390.989
-3955.83	18258.2	1525.34	367.003
-3955.83	18258.2	1523.56	350.056
-3955.83	18258.2	1521.78	351.389
-3955.83	18258.2	1520.0	380.826
-3955.83	18258.2	1518.22	390.581
-3955.83	18258.2	1516.44	362.406
-3955.83	18258.2	1514.66	377.779
-3955.83	18258.2	1512.88	384.72
-3955.83	18258.2	1511.1	357.967
-3955.83	18258.2	1509.32	411.226
-3955.83	18258.2	1507.54	395.704
-3955.83	18258.2	1505.76	374.578
-3955.83	18258.2	1503.97	375.902
-3955.83	18258.2	1502.19	378.628
-3955.83	18258.2	1500.41	385.558
-3955.83	18258.2	1498.62	388.281
-3955.83	18258.2	1496.84	402.214
-3955.83	18258.2	1495.06	395.123
-3955.83	18258.2	1493.27	364.222
-3955.83	18258.2	1491.49	394.957
-3955.83	18258.2	1489.7	369.67
-3955.83	18258.2	1487.91	365.392
-3955.83	18258.2	1486.13	365.315
-3955.83	18258.2	1484.34	356.842
-3955.83	18258.2	1482.55	363.762
-3955.83	18258.2	1480.77	384.667
-3955.83	18258.2	1478.98	358.014
-3955.83	18258.2	1477.19	373.319
-3955.83	18258.2	1475.4	387.219
-3955.83	18258.2	1473.61	371.764
-3955.83	18258.2	1471.83	381.466
-3955.83	18258.2	1470.04	388.371
-3955.83	18258.2	1468.25	377.115
-3955.83	18258.2	1466.46	374.242
-3955.83	18258.2	1464.67	375.559
-3955.83	18258.2	1462.87	376.875
-3955.83	18258.2	1461.08	385.169
-3955.83	18258.2	1459.29	380.901
-3955.83	18258.2	1457.5	369.661
-3955.83	18258.2	1455.71	380.74
-3955.83	18258.2	1453.91	361.138
-3955.83	18258.2	1452.12	363.849
-3955.83	18258.2	1450.33	356.803
-3955.83	18258.2	1448.53	380.416
-3955.83	18258.2	1446.74	388.694
-3955.83	18258.2	1444.94	373.29
-3955.83	18258.2	1443.15	381.566
-3955.83	18258.2	1441.35	364.778
-3955.83	18258.2	1439.56	384.188
-3955.83	18258.2	1437.76	382.714
-3955.83	18258.2	1435.96	390.981
-3955.83	18258.2	1434.17	395.071
-3955.83	18258.2	1432.37	396.377
-3955.83	18258.2	1430.57	367.092
-3955.83	18258.2	1428.77	389.257
-3955.83	18258.2	1426.97	389.174
-3955.83	18258.2	1425.17	391.87
-3955.83	18258.2	1423.37	368.168
-3955.83	18258.2	1421.58	377.812
-3955.83	18258.2	1419.77	359.678
-3955.83	18258.2	1417.97	391.535
-3955.83	18258.2	1416.17	395.615
-3955.83	18258.2	1414.37	384.428
-3955.83	18258.2	1412.57	359.37
-3955.83	18258.2	1410.77	364.842
-3955.83	18258.2	1408.97	378.633
-3955.83	18258.2	1407.16	391.031
-3955.83	18258.2	1405.36	360.448
-3955.83	18258.2	1403.56	401.952
-3955.83	18258.2	1401.75	389.394
-3955.83	18258.2	1399.95	376.841
-3955.83	18258.2	1398.14	372.605
-3955.83	18258.2	1396.34	397.452
-3955.83	18258.2	1394.53	369.675
-3955.83	18258.2	1392.73	372.364
-3955.83	18258.2	1390.92	343.221
-3955.83	18258.2	1389.11	374.971
-3955.83	18258.2	1387.3	387.341
-3955.83	18258.2	1385.5	331.935
-3955.83	18258.2	1383.69	362.284
-3955.83	18258.2	1381.88	341.469
-3955.83	18258.2	1380.07	377.331
-3955.83	18258.2	1378.26	359.286
-3955.83	18258.2	1376.45	375.787
-3955.83	18258.2	1374.64	388.137
-3955.83	18258.2	1372.83	386.672
-3955.83	18258.2	1371.02	350.691
-3955.83	18258.2	1369.21	396.168
-3955.83	18258.2	1367.4	361.58
-3955.83	18258.2	1365.59	387.718
-3955.83	18258.2	1363.78	340.732
-3955.83	18258.2	1361.96	368.241
-3955.83	18258.2	1360.15	352.994
-3955.83	18258.2	1358.34	362.567
-3955.83	18258.2	1356.52	355.597
-3955.83	18258.2	1354.71	378.946
-3955.83	18258.2	1352.89	366.465
-3955.83	18258.2	1351.08	341.592
-3955.83	18258.2	1349.26	371.814
-3955.83	18258.2	1347.45	381.371
-3955.83	18258.2	1345.63	377.159
-3955.83	18258.2	1343.81	344.048
-3955.83	18258.2	1342.0	354.98
-3955.83	18258.2	1340.18	352.152
-3955.83	18258.2	1338.36	341.073
-3955.83	18258.2	1336.54	343.749
-3955.83	18258.2	1334.73	369.793
-3955.83	18258.2	1332.91	368.338
-3955.83	18258.2	1331.09	357.265
-3955.83	18258.2	1329.27	342.076
-3955.83	18258.2	1327.45	352.989
-3955.83	18258.2	1325.63	362.525
-3955.83	18258.2	1323.81	369.31
-3955.83	18258.2	1321.98	358.249
-3955.83	18258.2	1320.16	330.724
-3955.83	18258.2	1318.34	362.208
-3955.83	18258.2	1316.52	314.12
-3955.83	18258.2	1314.7	357.936
-3955.83	18258.2	1312.87	348.26
-3955.83	18258.2	1311.05	360.521
-3955.83	18258.2	1309.22	361.813
-3955.83	18258.2	1307.4	357.623
-3955.83	18258.2	1305.57	382.203
-3955.83	18258.2	1303.75	358.836
-3955.83	18258.2	1301.92	371.081
-3955.83	18258.2	1300.1	373.738
-3955.83	18258.2	1298.27	328.489
-3955.83	18258.2	1296.44	357.154
-3955.83	18258.2	1294.62	342.026
-3955.83	18258.2	1292.79	367.939
-3955.83	18258.2	1290.96	366.491
-3955.83	18258.2	1289.13	345.903
-3955.83	18258.2	1287.3	366.33
-3955.83	18258.2	1285.47	363.517
-3955.83	18258.2	1283.64	367.536
-3955.83	18258.2	1281.81	375.651
-3955.83	18258.2	1279.98	364.643
-3955.83	18258.2	1278.15	382.313
-3955.83	18258.2	1276.32	342.641
-3955.83	18258.2	1274.49	368.497
-3955.83	18258.2	1272.66	354.771
-3955.83	18258.2	1270.82	349.236
-3955.83	18258.2	1268.99	347.795
-3955.83	18258.2	1267.16	366.809
-3955.83	18258.2	1265.32	365.365
-3955.83	18258.2	1263.49	351.655
-3955.83	18258.2	1261.66	378.831
-3955.83	18258.2	1259.82	356.949
-3955.83	18258.2	1257.98	370.492
-3955.83	18258.2	1256.15	371.772
-3955.83	18258.2	1254.31	381.22
-3955.83	18258.2	1252.48	374.33
-3955.83	18258.2	1250.64	363.36
-3955.83	18258.2	1248.8	345.592
-3955.83	18258.2	1246.96	346.876
-3955.83	18258.2	1245.13	374.0
-3955.83	18258.2	1243.29	364.399
-3955.83	18258.2	1241.45	356.162
-3955.83	18258.2	1239.61	371.034
-3955.83	18258.2	1237.77	365.516
-3955.83	18258.2	1235.93	355.926
-3955.83	18258.2	1234.09	359.922
-3955.83	18258.2	1232.25	361.2
-3955.83	18258.2	1230.41	359.762
-3955.83	18258.2	1228.56	362.397
-3955.83	18258.2	1226.72	382.672
-3955.83	18258.2	1224.88	370.377
-3955.83	18258.2	1223.04	370.295
-3955.83	18258.2	1221.19	340.379
-3955.83	18258.2	1219.35	364.708
-3955.83	18258.2	1217.5	368.693
-3955.83	18258.2	1215.66	353.704
-3955.83	18258.2	1213.81	353.626
-3955.83	18258.2	1211.97	367.093
-3955.83	18258.2	1210.12	368.366
-3955.83	18258.2	1208.28	357.452
-3955.83	18258.2	1206.43	381.739
-3955.83	18258.2	1204.58	351.88
-3955.83	18258.2	1202.73	336.918
-3955.83	18258.2	1200.89	336.843
-3955.83	18258.2	1199.04	339.473
-3955.83	18258.2	1197.19	340.75
-3955.83	18258.2	1195.34	359.6
-3955.83	18258.2	1193.49	364.926
-3955.83	18258.2	1191.64	367.548
-3955.83	18258.2	1189.79	355.307
-3955.83	18258.2	1187.94	395.748
-3955.83	18258.2	1186.09	380.806
-3955.83	18258.2	1184.23	398.272
-3955.83	18258.2	1182.38	368.488
-3955.83	18258.2	1180.53	380.551
-3955.83	18258.2	1178.68	349.436
-3955.83	18258.2	1176.82	360.149
-3955.83	18258.2	1174.97	365.463
-3955.83	18258.2	1173.12	351.898
-3955.83	18258.2	1171.26	350.472
-3955.83	18258.2	1169.41	380.042
-3955.83	18258.2	1167.55	359.747
-3955.83	18258.2	1165.69	351.584
-3955.83	18258.2	1163.84	354.199
-3955.83	18258.2	1161.98	366.238
-3955.83	18258.2	1160.12	352.695
-3955.83	18258.2	1158.27	349.924
-3955.83	18258.2	1156.41	348.5
-3955.83	18258.2	1154.55	349.768
-3955.83	18258.2	1152.69	352.379
-3955.83	18258.2	1150.83	368.436
-3955.83	18258.2	1148.97	340.122
-3955.83	18258.2	1147.11	356.175
-3955.83	18258.2	1145.25	374.908
-3955.83	18258.2	1143.39	378.854
-3955.83	18258.2	1141.53	345.19
-3955.83	18258.2	1139.67	389.427
-3955.83	18258.2	1137.81	386.655
-3955.83	18258.2	1135.94	377.172
-3955.83	18258.2	1134.08	352.932
-3955.83	18258.2	1132.22	378.345
-3955.83	18258.2	1130.35	351.433
-3955.83	18258.2	1128.49	345.99
-3955.83	18258.2	1126.62	351.275
-3955.83	18258.2	1124.76	373.984
-3955.83	18258.2	1122.89	355.138
-3955.83	18258.2	1121.03	365.777
-3955.83	18258.2	1119.16	352.299
-3955.83	18258.2	1117.3	373.648
-3955.83	18258.2	1115.43	376.241
-3955.83	18258.2	1113.56	370.802
-3955.83	18258.2	1111.69	366.704
-3955.83	18258.2	1109.82	370.635
-3955.83	18258.2	1107.96	355.837
-3955.83	18258.2	1106.09	377.156
-3955.83	18258.2	1104.22	371.722
-3955.83	18258.2	1102.35	385.007
-3955.83	18258.2	1100.48	367.545
-3955.83	18258.2	1098.61	390.178
-3955.83	18258.2	1096.73	351.349
-3955.83	18258.2	1094.86	348.598
-3955.83	18258.2	1092.99	387.244
-3955.83	18258.2	1091.12	369.801
-3955.83	18258.2	1089.24	387.069
-3955.83	18258.2	1087.37	413.67
-3955.83	18258.2	1085.5	364.215
-3955.83	18258.2	1083.62	376.137
-3955.83	18258.2	1081.75	389.387
-3955.83	18258.2	1079.87	347.969
-3955.83	18258.2	1078.0	353.222
-3955.83	18258.2	1076.12	366.469
-3955.83	18258.2	1074.24	366.386
-3955.83	18258.2	1072.37	379.623
-3955.83	18258.2	1070.49	354.235
-3955.83	18258.2	1068.61	386.109
-3955.83	18258.2	1066.73	363.392
-3955.83	18258.2	1064.86	369.964
-3955.83	18258.2	1062.98	361.898
-3955.83	18258.2	1061.1	403.052
-3955.83	18258.2	1059.22	384.342
-3955.83	18258.2	1057.34	373.618
-3955.83	18258.2	1055.46	430.694
-3955.83	18258.2	1053.58	405.345
-3955.83	18258.2	1051.69	387.98
-3955.83	18258.2	1049.81	395.863
-3955.83	18258.2	1047.93	382.492
-3955.83	18258.2	1046.05	395.683
-3955.83	18258.2	1044.16	387.628
-3955.83	18258.2	1042.28	396.831
-3955.83	18258.2	1040.4	417.971
-3955.83	18258.2	1038.51	387.365
-3955.83	18258.2	1036.63	381.971
-3955.83	18258.2	1034.74	416.36
-3955.83	18258.2	1032.86	392.403
-3955.83	18258.2	1030.97	409.544
-3955.83	18258.2	1029.08	413.427
-3955.83	18258.2	1027.2	445.127
-3955.83	18258.2	1025.31	423.835
-3955.83	18258.2	1023.42	433.007
-3955.83	18258.2	1021.53	451.443
-3955.83	18258.2	1019.64	419.575
-3955.83	18258.2	1017.75	457.854
-3955.83	18258.2	1015.86	455.104
-3955.83	18258.2	1013.97	444.419
-3955.83	18258.2	1012.08	481.344
-3955.83	18258.2	1010.19	465.37
-3955.83	18258.2	1008.3	475.838
-3955.83	18258.2	1006.41	482.337
-3955.83	18258.2	1004.52	499.402
-3955.83	18258.2	1002.62	484.759
-3955.83	18258.2	1000.73	484.649
-3955.83	18258.2	998.837	508.303
-3955.83	18258.2	996.943	510.827
-3955.83	18258.2	995.049	522.587
-3955.83	18258.2	993.154	522.468
-3955.83	18258.2	991.258	588.302
-3955.83	18258.2	989.363	601.355
-3955.83	18258.2	987.467	565.619
-3955.83	18258.2	985.57	557.581
-3955.83	18258.2	983.673	649.704
-3955.83	18258.2	981.776	602.123
-3955.83	18258.2	979.878	619.11
-3955.83	18258.2	977.979	633.455
-3955.83	18258.2	976.081	646.477
-3955.83	18258.2	974.181	650.278
-3955.83	18258.2	972.282	690.927
-3955.83	18258.2	970.382	660.507
-3955.83	18258.2	968.481	673.51
-3955.83	18258.2	966.58	685.192
-3955.83	18258.2	964.679	702.128
-3955.83	18258.2	962.777	652.015
-3955.83	18258.2	960.875	687.35
-3955.83	18258.2	958.972	714.785
-3955.83	18258.2	957.069	688.349
-3955.83	18258.2	955.166	706.578
-3955.83	18258.2	953.262	706.416
-3955.83	18258.2	951.357	698.377
-3955.83	18258.2	949.452	700.842
-3955.83	18258.2	947.547	703.305
-3955.83	18258.2	945.641	659.853
-3955.83	18258.2	943.735	702.982
-3955.83	18258.2	941.829	704.132
-3955.83	18258.2	939.922	703.971
-3955.83	18258.2	938.014	674.975
-3955.83	18258.2	936.106	691.854
-3955.83	18258.2	934.198	719.206
-3955.83	18258.2	932.289	674.51
-3955.83	18258.2	930.38	674.355
-3955.83	18258.2	928.47	616.598
-3955.83	18258.2	926.56	604.677
-3955.83	18258.2	924.649	601.921
-3955.83	18258.2	922.738	633.179
-3955.83	18258.2	920.827	606.875
-3955.83	18258.2	918.915	602.813
-3955.83	18258.2	917.003	577.835
-3955.83	18258.2	915.09	576.395
-3955.83	18258.2	913.177	542.287
-3955.83	18258.2	911.263	535.63
-3955.83	18258.2	909.349	515.915
-3955.83	18258.2	907.435	518.408
-3955.83	18258.2	905.52	541.787
-3955.83	18258.2	903.604	515.558
-3955.83	18258.2	901.688	524.574
-3955.83	18258.2	899.772	544.022
-3955.83	18258.2	897.855	516.506
-3955.83	18258.2	895.938	502.042
-3955.83	18258.2	894.021	475.852
-3955.83	18258.2	892.103	496.597
-3955.83	18258.2	890.184	542.091
-3955.83	18258.2	888.265	521.121
-3955.83	18258.2	886.346	524.908
-3955.83	18258.2	884.426	516.973
-3955.83	18258.2	882.506	503.834
-3955.83	18258.2	880.585	516.734
-3955.83	18258.2	878.664	493.191
-3955.83	18258.2	876.742	481.368
-3955.83	18258.2	874.82	483.858
-3955.83	18258.2	872.898	481.145
-3955.83	18258.2	870.975	474.533
-3955.83	18258.2	869.051	491.32
-3955.83	18258.2	867.127	486.009
-3955.83	18258.2	865.203	489.793
-3955.83	18258.2	863.278	507.864
-3955.83	18258.2	861.353	486.969
-3955.83	18258.2	859.428	467.382
-3955.83	18258.2	857.502	489.339
-3955.83	18258.2	855.575	502.202
-3955.83	18258.2	853.648	477.436
-3955.83	18258.2	851.721	466.948
-3955.83	18258.2	849.793	468.136
-3955.83	18258.2	847.865	478.4
-3955.83	18258.2	845.936	487.362
-3955.83	18258.2	844.007	474.29
-3955.83	18258.2	842.077	500.091
-3955.83	18258.2	840.147	465.002
-3955.83	18258.2	838.216	484.318
-3955.83	18258.2	836.285	501.036
-3955.83	18258.2	834.354	520.335
-3955.83	18258.2	832.422	503.391
-3955.83	18258.2	830.49	508.449
-3955.83	18258.2	828.557	485.048
-3955.83	18258.2	826.624	508.212
-3955.83	18258.2	824.69	506.801
-3955.83	18258.2	822.756	502.805
-3955.83	18258.2	820.821	469.089
-3955.83	18258.2	818.886	507.739
-3955.83	18258.2	816.951	495.995
-3955.83	18258.2	815.015	506.21
-3955.83	18258.2	813.078	502.219
-3955.83	18258.2	811.141	491.776
-3955.83	18258.2	809.204	514.889
-3955.83	18258.2	807.266	488.966
-3955.83	18258.2	805.328	470.794
-3955.83	18258.2	803.389	473.263
-3955.83	18258.2	801.45	480.888
-3955.83	18258.2	799.511	471.752
-3955.83	18258.2	797.571	502.57
-3955.83	18258.2	795.63	488.28
-3955.83	18258.2	793.689	481.726
-3955.83	18258.2	791.748	486.764
-3955.83	18258.2	789.806	498.237
-3955.83	18258.2	787.864	482.675
-3955.83	18258.2	785.921	459.398
-3955.83	18258.2	783.978	482.448
-3955.83	18258.2	782.034	475.904
-3955.83	18258.2	780.09	486.08
-3955.83	18258.2	778.145	474.395
-3955.83	18258.2	776.2	461.431
-3955.83	18258.2	774.255	480.598
-3955.83	18258.2	772.309	474.061
-3955.83	18258.2	770.362	470.097
-3955.83	18258.2	768.416	462.282
-3955.83	18258.2	766.468	455.754
-3955.83	18258.2	764.52	451.796
-3955.83	18258.2	762.572	482.487
-3955.83	18258.2	760.624	469.545
-3955.83	18258.2	758.674	450.195
-3955.83	18258.2	756.725	462.912
-3955.83	18258.2	754.775	466.649
-3955.83	18258.2	752.824	453.722
-3955.83	18258.2	750.873	443.364
-3955.83	18258.2	748.922	450.946
-3955.83	18258.2	746.97	452.121
-3955.83	18258.2	745.017	485.307
-3955.83	18258.2	743.065	442.947
-3955.83	18258.2	741.111	454.361
-3955.83	18258.2	739.158	463.211
-3955.83	18258.2	737.203	459.264
-3955.83	18258.2	735.249	473.224
-3955.83	18258.2	733.294	493.571
-3955.83	18258.2	731.338	471.722
-3955.83	18258.2	729.382	458.83
-3955.83	18258.2	727.425	447.222
-3955.83	18258.2	725.468	465.001
-3955.83	18258.2	723.511	447.01
-3955.83	18258.2	721.553	434.136
-3955.83	18258.2	719.595	425.097
-3955.83	18258.2	717.636	465.837
-3955.83	18258.2	715.676	483.59
-3955.83	18258.2	713.717	475.822
-3955.83	18258.2	711.756	451.477
-3955.83	18258.2	709.796	467.946
-3955.83	18258.2	707.835	464.011
-3955.83	18258.2	705.873	468.998
-3955.83	18258.2	703.911	444.678
-3955.83	18258.2	701.948	482.788
-3955.83	18258.2	699.985	433.005
-3955.83	18258.2	698.022	466.007
-3955.83	18258.2	696.058	446.802
-3955.83	18258.2	694.093	502.692
-3955.83	18258.2	692.129	475.853
-3955.83	18258.2	690.163	447.756
-3955.83	18258.2	688.197	440.019
-3955.83	18258.2	686.231	492.043
-3955.83	18258.2	684.264	447.436
-3955.83	18258.2	682.297	472.746
-3955.83	18258.2	680.329	496.773
-3955.83	18258.2	678.361	487.763
-3955.83	18258.2	676.393	455.899
-3955.83	18258.2	674.423	477.374
-3955.83	18258.2	672.454	449.335
-3955.83	18258.2	670.484	461.918
-3955.83	18258.2	668.513	501.138
-3955.83	18258.2	666.542	512.434
-3955.83	18258.2	664.571	480.609
-3955.83	18258.2	662.599	495.708
-3955.83	18258.2	660.627	504.462
-3955.83	18258.2	658.654	511.944
-3955.83	18258.2	656.68	499.153
-3955.83	18258.2	654.707	501.567
-3955.83	18258.2	652.732	510.311
-3955.83	18258.2	650.758	510.189
-3955.83	18258.2	648.782	501.207
-3955.83	18258.2	646.807	511.21
-3955.83	18258.2	644.83	538.919
-3955.83	18258.2	642.854	491.993
-3955.83	18258.2	640.877	477.966
-3955.83	18258.2	638.899	522.097
-3955.83	18258.2	636.921	501.75
-3955.83	18258.2	634.942	514.265
-3955.83	18258.2	632.963	541.933
-3955.83	18258.2	630.984	506.441
-3955.83	18258.2	629.004	511.37
-3955.83	18258.2	627.023	522.608
-3955.83	18258.2	625.042	521.22
-3955.83	18258.2	623.061	517.309
-3955.83	18258.2	621.079	523.492
-3955.83	18258.2	619.097	524.627
-3955.83	18258.2	617.114	516.936
-3955.83	18258.2	615.131	539.501
-3955.83	18258.2	613.147	528.029
-3955.83	18258.2	611.163	522.862
-3955.83	18258.2	609.178	529.034
-3955.83	18258.2	607.193	533.943
-3955.83	18258.2	605.207	491.009
-3955.83	18258.2	603.221	516.064
-3955.83	18258.2	601.234	549.916
-3955.83	18258.2	599.247	532.17
-3955.83	18258.2	597.259	515.69
-3955.83	18258.2	595.271	559.577
-3955.83	18258.2	593.283	492.811
-3955.83	18258.2	591.294	495.206
-3955.83	18258.2	589.304	549.118
-3955.83	18258.2	587.314	540.191
-3955.83	18258.2	585.323	521.221
-3955.83	18258.2	583.332	499.749
-3955.83	18258.2	581.341	492.096
-3955.83	18258.2	579.349	537.158
-3955.83	18258.2	577.357	535.773
-3955.83	18258.2	575.364	513.063
-3955.83	18258.2	573.37	500.397
-3955.83	18258.2	571.376	496.514
-3955.83	18258.2	569.382	491.379
-3955.83	18258.2	567.387	517.577
-3955.83	18258.2	565.392	521.21
-3955.83	18258.2	563.396	513.568
-3955.83	18258.2	561.399	546.002
-3955.83	18258.2	559.403	554.633
-3955.83	18258.2	557.405	536.975
-3955.83	18258.2	555.408	533.089
-3955.83	18258.2	553.409	546.721
-3955.83	18258.2	551.411	559.096
-3955.83	18258.2	549.411	571.464
-3955.83	18258.2	547.412	605.079
-3955.83	18258.2	545.411	601.181
-3955.83	18258.2	543.411	647.268
-3955.83	18258.2	541.409	665.849
-3955.83	18258.2	539.408	686.918
-3955.83	18258.2	537.406	776.651
-3955.83	18258.2	535.403	848.864
-3955.83	18258.2	533.4	909.81
-3955.83	18258.2	531.396	990.689
-3955.83	18258.2	529.392	1175.06
-3955.83	18258.2	527.387	1466.6
-3955.83	18258.2	525.382	1998.62
-3955.83	18258.2	523.376	2903.09
-3955.83	18258.2	521.37	4086.25
-3955.83	18258.2	519.364	5047.07
-3955.83	18258.2	517.357	5623.78
-3955.83	18258.2	515.349	5719.53
-3955.83	18258.2	513.341	5278.65
-3955.83	18258.2	511.332	4552.96
-3955.83	18258.2	509.323	3846.29
-3955.83	18258.2	507.314	3193.46
-3955.83	18258.2	505.304	2776.03
-3955.83	18258.2	503.293	2362.52
-3955.83	18258.2	501.282	2227.68
-3955.83	18258.2	499.27	2046.92
-3955.83	18258.2	497.258	1867.5
-3955.83	18258.2	495.246	1899.33
-3955.83	18258.2	493.233	1770.95
-3955.83	18258.2	491.219	1720.85
-3955.83	18258.2	489.205	1704.28
-3955.83	18258.2	487.191	1624.44
-3955.83	18258.2	485.176	1597.98
-3955.83	18258.2	483.16	1471.07
-3955.83	18258.2	481.144	1428.54
-3955.83	18258.2	479.128	1405.87
-3955.83	18258.2	477.111	1355.95
-3955.83	18258.2	475.093	1258.96
-3955.83	18258.2	473.075	1290.86
-3955.83	18258.2	471.056	1295.49
-3955.83	18258.2	469.037	1251.83
-3955.83	18258.2	467.018	1209.43
-3955.83	18258.2	464.998	1181.9
-3955.83	18258.2	462.977	1185.32
-3955.83	18258.2	460.956	1120.7
-3955.83	18258.2	458.935	1151.34
-3955.83	18258.2	456.913	1084.29
-3955.83	18258.2	454.89	1074.13
-3955.83	18258.2	452.867	1041.73
-3955.83	18258.2	450.843	1034.06
-3955.83	18258.2	448.819	1030.1
-3955.83	18258.2	446.795	1006.38
-3955.83	18258.2	444.77	995.017
-3955.83	18258.2	442.744	987.363
-3955.83	18258.2	440.718	914.316
-3955.83	18258.2	438.691	938.759
-3955.83	18258.2	436.664	934.824
-3955.83	18258.2	434.637	914.863
-3955.83	18258.2	432.608	908.47
-3955.83	18258.2	430.58	887.292
-3955.83	18258.2	428.551	861.197
-3955.83	18258.2	426.521	841.273
-3955.83	18258.2	424.491	849.682
-3955.83	18258.2	422.46	838.388
-3955.83	18258.2	420.429	801.253
-3955.83	18258.2	418.397	830.583
-3955.83	18258.2	416.365	816.842
-3955.83	18258.2	414.332	800.648
-3955.83	18258.2	412.299	813.972
-3955.83	18258.2	410.265	795.328
-3955.83	18258.2	408.231	782.838
-3955.83	18258.2	406.196	766.668
-3955.83	18258.2	404.161	779.986
-3955.83	18258.2	402.125	771.193
-3955.83	18258.2	400.089	745.216
-3955.83	18258.2	398.052	762.211
-3955.83	18258.2	396.015	754.656
-3955.83	18258.2	393.977	763.052
-3955.83	18258.2	391.938	792.294
-3955.83	18258.2	389.899	751.63
-3955.83	18258.2	387.86	760.02
-3955.83	18258.2	385.82	790.466
-3955.83	18258.2	383.78	770.661
-3955.83	18258.2	381.739	766.791
-3955.83	18258.2	379.697	750.676
-3955.83	18258.2	377.655	737.018
-3955.83	18258.2	375.613	744.175
-3955.83	18258.2	373.57	724.407
-3955.83	18258.2	371.526	751.136
-3955.83	18258.2	369.482	750.944
-3955.83	18258.2	367.437	773.985
-3955.83	18258.2	365.392	712.666
-3955.83	18258.2	363.346	728.372
-3955.83	18258.2	361.3	746.513
-3955.83	18258.2	359.254	764.644
-3955.83	18258.2	357.206	746.131
-3955.83	18258.2	355.159	728.848
-3955.83	18258.2	353.11	778.703
-3955.83	18258.2	351.062	721.153
-3955.83	18258.2	349.012	712.429
-3955.83	18258.2	346.962	761.03
-3955.83	18258.2	344.912	791.317
-3955.83	18258.2	342.861	724.07
-3955.83	18258.2	340.81	723.884
-3955.83	18258.2	338.758	743.192
-3955.83	18258.2	336.705	740.565
-3955.83	18258.2	334.652	769.599
-3955.83	18258.2	332.599	764.531
-3955.83	18258.2	330.545	765.552
-3955.83	18258.2	328.49	799.424
-3955.83	18258.2	326.435	791.919
-3955.83	18258.2	324.379	799.011
-3955.83	18258.2	322.323	776.92
-3955.83	18258.2	320.266	785.228
-3955.83	18258.2	318.209	788.67
-3955.83	18258.2	316.151	773.887
-3955.83	18258.2	314.093	789.477
-3955.83	18258.2	312.034	808.7
-3955.83	18258.2	309.975	815.774
-3955.83	18258.2	307.915	787.649
-3955.83	18258.2	305.854	823.844
-3955.83	18258.2	303.793	812.713
-3955.83	18258.2	301.732	825.841
-3955.83	18258.2	299.67	817.14
-3955.83	18258.2	297.607	798.746
-3955.83	18258.2	295.544	813.079
-3955.83	18258.2	293.48	838.307
-3955.83	18258.2	291.416	790.855
-3955.83	18258.2	289.351	790.649
-3955.83	18258.2	287.286	749.286
-3955.83	18258.2	285.22	759.982
-3955.83	18258.2	283.154	754.944
-3955.83	18258.2	281.087	771.68
-3955.83	18258.2	279.019	735.202
-3955.83	18258.2	276.951	748.307
-3955.83	18258.2	274.883	737.233
-3955.83	18258.2	272.814	739.457
-3955.83	18258.2	270.744	709.064
-3955.83	18258.2	268.674	719.746
-3955.83	18258.2	266.603	763.02
-3955.83	18258.2	264.532	707.298
-3955.83	18258.2	262.46	717.972
-3955.83	18258.2	260.388	709.338
-3955.83	18258.2	258.315	691.061
-3955.83	18258.2	256.241	701.73
-3955.83	18258.2	254.167	684.669
-3955.83	18258.2	252.093	685.694
-3955.83	18258.2	250.018	646.96
-3955.83	18258.2	247.942	654.016
-3955.83	18258.2	245.866	669.496
-3955.83	18258.2	243.789	639.224
-3955.83	18258.2	241.712	627.02
-3955.83	18258.2	239.634	672.574
-3955.83	18258.2	237.556	636.31
-3955.83	18258.2	235.477	607.28
-3955.83	18258.2	233.397	646.792
-3955.83	18258.2	231.317	633.399
-3955.83	18258.2	229.237	611.602
-3955.83	18258.2	227.155	616.244
-3955.83	18258.2	225.074	613.678
-3955.83	18258.2	222.991	587.101
-3955.83	18258.2	220.909	582.143
-3955.83	18258.2	218.825	580.788
-3955.83	18258.2	216.741	565.037
-3955.83	18258.2	214.657	597.268
-3955.83	18258.2	212.572	606.701
-3955.83	18258.2	210.486	568.18
-3955.83	18258.2	208.4	593.194
-3955.83	18258.2	206.313	583.45
-3955.83	18258.2	204.226	576.107
-3955.83	18258.2	202.138	599.901
-3955.83	18258.2	200.05	622.484
-3955.83	18258.2	197.961	611.546
-3955.83	18258.2	195.871	637.703
-3955.83	18258.2	193.781	665.042
-3955.83	18258.2	191.691	705.52
-3955.83	18258.2	189.599	670.661
-3955.83	18258.2	187.508	699.164
-3955.83	18258.2	185.415	698.975
-3955.83	18258.2	183.322	713.12
-3955.83	18258.2	181.229	718.898
-3955.83	18258.2	179.135	715.122
-3955.83	18258.2	177.04	700.606
-3955.83	18258.2	174.945	694.45
-3955.83	18258.2	172.849	736.013
-3955.83	18258.2	170.753	707.191
-3955.83	18258.2	168.656	730.844
-3955.83	18258.2	166.558	723.494
-3955.83	18258.2	164.46	749.512
-3955.83	18258.2	162.362	785.046
-3955.83	18258.2	160.263	751.486
-3955.83	18258.2	158.163	736.993
-3955.83	18258.2	156.063	759.408
-3955.83	18258.2	153.962	735.401
-3955.83	18258.2	151.86	755.424
-3955.83	18258.2	149.758	763.543
-3955.83	18258.2	147.656	766.9
-3955.83	18258.2	145.552	773.822
-3955.83	18258.2	143.449	728.453
-3955.83	18258.2	141.344	752.014
-3955.83	18258.2	139.239	732.804
-3955.83	18258.2	137.134	738.54
-3955.83	18258.2	135.028	719.344
-3955.83	18258.2	132.921	752.374
-3955.83	18258.2	130.814	767.589
-3955.83	18258.2	128.706	762.634
-3955.83	18258.2	126.598	755.309
-3955.83	18258.2	124.489	785.921
-3955.83	18258.2	122.379	735.93
-3955.83	18258.2	120.269	733.357
-3955.83	18258.2	118.158	755.658
-3955.83	18258.2	116.047	718.742
-3955.83	18258.2	113.935	664.09
-3955.83	18258.2	111.822	656.805
-3955.83	18258.2	109.709	664.904
-3955.83	18258.2	107.596	636.333
-3955.83	18258.2	105.481	644.433
-3955.83	18258.2	103.367	578.055
-3955.83	18258.2	101.251	577.894
-3955.83	18258.2	99.1351	541.108
-3955.83	18258.2	97.0184	532.689
-3955.83	18258.2	94.9012	517.19
-3955.83	18258.2	92.7834	515.865
-3955.83	18258.2	90.665	466.155
-3955.83	18258.2	88.546	466.024
-3955.83	18258.2	86.4265	455.278
-3955.83	18258.2	84.3063	432.747
-3955.83	18258.2	82.1855	446.771
-3955.83	18258.2	80.0641	419.54
-3955.83	18258.2	77.9422	379.365
