-3953.83	18262.2	1979.41	432.9
-3953.83	18262.2	1977.72	494.873
-3953.83	18262.2	1976.02	450.482
-3953.83	18262.2	1974.33	453.362
-3953.83	18262.2	1972.64	447.382
-3953.83	18262.2	1970.94	442.88
-3953.83	18262.2	1969.25	447.235
-3953.83	18262.2	1967.56	423.549
-3953.83	18262.2	1965.86	476.599
-3953.83	18262.2	1964.17	467.669
-3953.83	18262.2	1962.47	451.366
-3953.83	18262.2	1960.78	439.493
-3953.83	18262.2	1959.08	460.064
-3953.83	18262.2	1957.39	446.718
-3953.83	18262.2	1955.69	446.644
-3953.83	18262.2	1953.99	455.413
-3953.83	18262.2	1952.3	445.022
-3953.83	18262.2	1950.6	447.894
-3953.83	18262.2	1948.9	452.239
-3953.83	18262.2	1947.21	459.527
-3953.83	18262.2	1945.51	455.032
-3953.83	18262.2	1943.81	449.067
-3953.83	18262.2	1942.11	454.88
-3953.83	18262.2	1940.41	420.95
-3953.83	18262.2	1938.71	432.652
-3953.83	18262.2	1937.01	429.636
-3953.83	18262.2	1935.32	435.448
-3953.83	18262.2	1933.62	430.962
-3953.83	18262.2	1931.92	448.536
-3953.83	18262.2	1930.22	444.049
-3953.83	18262.2	1928.51	463.085
-3953.83	18262.2	1926.81	455.657
-3953.83	18262.2	1925.11	430.596
-3953.83	18262.2	1923.41	442.277
-3953.83	18262.2	1921.71	430.449
-3953.83	18262.2	1920.01	458.283
-3953.83	18262.2	1918.31	449.393
-3953.83	18262.2	1916.6	449.316
-3953.83	18262.2	1914.9	458.047
-3953.83	18262.2	1913.2	465.308
-3953.83	18262.2	1911.49	435.876
-3953.83	18262.2	1909.79	422.594
-3953.83	18262.2	1908.09	448.929
-3953.83	18262.2	1906.38	445.918
-3953.83	18262.2	1904.68	428.241
-3953.83	18262.2	1902.97	442.83
-3953.83	18262.2	1901.27	447.152
-3953.83	18262.2	1899.56	450.006
-3953.83	18262.2	1897.85	423.547
-3953.83	18262.2	1896.15	424.939
-3953.83	18262.2	1894.44	440.98
-3953.83	18262.2	1892.74	432.114
-3953.83	18262.2	1891.03	429.109
-3953.83	18262.2	1889.32	456.856
-3953.83	18262.2	1887.61	431.887
-3953.83	18262.2	1885.91	424.492
-3953.83	18262.2	1884.2	446.37
-3953.83	18262.2	1882.49	419.953
-3953.83	18262.2	1880.78	431.583
-3953.83	18262.2	1879.07	419.805
-3953.83	18262.2	1877.36	446.055
-3953.83	18262.2	1875.65	450.363
-3953.83	18262.2	1873.94	418.12
-3953.83	18262.2	1872.23	401.967
-3953.83	18262.2	1870.52	448.662
-3953.83	18262.2	1868.81	428.126
-3953.83	18262.2	1867.1	452.885
-3953.83	18262.2	1865.39	420.67
-3953.83	18262.2	1863.68	432.278
-3953.83	18262.2	1861.96	451.183
-3953.83	18262.2	1860.25	429.204
-3953.83	18262.2	1858.54	440.804
-3953.83	18262.2	1856.82	442.184
-3953.83	18262.2	1855.11	437.727
-3953.83	18262.2	1853.4	431.814
-3953.83	18262.2	1851.68	436.112
-3953.83	18262.2	1849.97	406.867
-3953.83	18262.2	1848.25	451.993
-3953.83	18262.2	1846.54	409.636
-3953.83	18262.2	1844.82	422.679
-3953.83	18262.2	1843.11	410.945
-3953.83	18262.2	1841.39	428.354
-3953.83	18262.2	1839.68	410.796
-3953.83	18262.2	1837.96	450.046
-3953.83	18262.2	1836.24	448.508
-3953.83	18262.2	1834.53	436.779
-3953.83	18262.2	1832.81	423.598
-3953.83	18262.2	1831.09	433.709
-3953.83	18262.2	1829.37	392.886
-3953.83	18262.2	1827.65	427.731
-3953.83	18262.2	1825.94	432.016
-3953.83	18262.2	1824.22	418.848
-3953.83	18262.2	1822.5	430.404
-3953.83	18262.2	1820.78	433.233
-3953.83	18262.2	1819.06	431.7
-3953.83	18262.2	1817.34	428.714
-3953.83	18262.2	1815.62	437.353
-3953.83	18262.2	1813.9	438.725
-3953.83	18262.2	1812.18	396.523
-3953.83	18262.2	1810.45	432.754
-3953.83	18262.2	1808.73	416.703
-3953.83	18262.2	1807.01	420.981
-3953.83	18262.2	1805.29	458.639
-3953.83	18262.2	1803.56	401.96
-3953.83	18262.2	1801.84	420.747
-3953.83	18262.2	1800.12	414.866
-3953.83	18262.2	1798.39	446.696
-3953.83	18262.2	1796.67	387.161
-3953.83	18262.2	1794.95	432.032
-3953.83	18262.2	1793.22	407.31
-3953.83	18262.2	1791.5	414.48
-3953.83	18262.2	1789.77	392.668
-3953.83	18262.2	1788.04	427.363
-3953.83	18262.2	1786.32	425.835
-3953.83	18262.2	1784.59	432.996
-3953.83	18262.2	1782.87	444.498
-3953.83	18262.2	1781.14	434.281
-3953.83	18262.2	1779.41	438.541
-3953.83	18262.2	1777.68	429.776
-3953.83	18262.2	1775.96	422.462
-3953.83	18262.2	1774.23	418.042
-3953.83	18262.2	1772.5	416.517
-3953.83	18262.2	1770.77	423.668
-3953.83	18262.2	1769.04	423.588
-3953.83	18262.2	1767.31	403.272
-3953.83	18262.2	1765.58	416.202
-3953.83	18262.2	1763.85	421.903
-3953.83	18262.2	1762.12	427.601
-3953.83	18262.2	1760.39	434.742
-3953.83	18262.2	1758.66	415.886
-3953.83	18262.2	1756.93	437.464
-3953.83	18262.2	1755.19	447.485
-3953.83	18262.2	1753.46	411.319
-3953.83	18262.2	1751.73	412.684
-3953.83	18262.2	1750.0	429.917
-3953.83	18262.2	1748.26	412.526
-3953.83	18262.2	1746.53	445.616
-3953.83	18262.2	1744.8	428.228
-3953.83	18262.2	1743.06	412.289
-3953.83	18262.2	1741.33	402.121
-3953.83	18262.2	1739.59	438.069
-3953.83	18262.2	1737.86	410.611
-3953.83	18262.2	1736.12	388.925
-3953.83	18262.2	1734.39	445.018
-3953.83	18262.2	1732.65	419.014
-3953.83	18262.2	1730.91	404.536
-3953.83	18262.2	1729.18	428.927
-3953.83	18262.2	1727.44	404.38
-3953.83	18262.2	1725.7	398.547
-3953.83	18262.2	1723.96	398.47
-3953.83	18262.2	1722.23	421.405
-3953.83	18262.2	1720.49	402.63
-3953.83	18262.2	1718.75	405.427
-3953.83	18262.2	1717.01	428.347
-3953.83	18262.2	1715.27	418.204
-3953.83	18262.2	1713.53	416.685
-3953.83	18262.2	1711.79	419.478
-3953.83	18262.2	1710.05	425.141
-3953.83	18262.2	1708.31	416.442
-3953.83	18262.2	1706.57	416.361
-3953.83	18262.2	1704.82	381.829
-3953.83	18262.2	1703.08	416.198
-3953.83	18262.2	1701.34	393.159
-3953.83	18262.2	1699.6	408.863
-3953.83	18262.2	1697.85	415.954
-3953.83	18262.2	1696.11	400.098
-3953.83	18262.2	1694.37	414.358
-3953.83	18262.2	1692.62	408.542
-3953.83	18262.2	1690.88	414.195
-3953.83	18262.2	1689.13	394.053
-3953.83	18262.2	1687.39	404.004
-3953.83	18262.2	1685.64	403.924
-3953.83	18262.2	1683.9	379.499
-3953.83	18262.2	1682.15	402.333
-3953.83	18262.2	1680.41	403.685
-3953.83	18262.2	1678.66	383.568
-3953.83	18262.2	1676.91	396.371
-3953.83	18262.2	1675.16	383.417
-3953.83	18262.2	1673.42	403.366
-3953.83	18262.2	1671.67	423.308
-3953.83	18262.2	1669.92	434.662
-3953.83	18262.2	1668.17	393.12
-3953.83	18262.2	1666.42	400.188
-3953.83	18262.2	1664.67	350.095
-3953.83	18262.2	1662.92	364.312
-3953.83	18262.2	1661.17	402.806
-3953.83	18262.2	1659.42	392.73
-3953.83	18262.2	1657.67	384.084
-3953.83	18262.2	1655.92	413.986
-3953.83	18262.2	1654.17	383.931
-3953.83	18262.2	1652.42	392.417
-3953.83	18262.2	1650.66	402.325
-3953.83	18262.2	1648.91	402.245
-3953.83	18262.2	1647.16	423.556
-3953.83	18262.2	1645.41	392.103
-3953.83	18262.2	1643.65	383.471
-3953.83	18262.2	1641.9	401.923
-3953.83	18262.2	1640.14	387.592
-3953.83	18262.2	1638.39	417.433
-3953.83	18262.2	1636.63	391.71
-3953.83	18262.2	1634.88	377.39
-3953.83	18262.2	1633.12	375.89
-3953.83	18262.2	1631.37	394.321
-3953.83	18262.2	1629.61	411.32
-3953.83	18262.2	1627.85	369.972
-3953.83	18262.2	1626.09	415.423
-3953.83	18262.2	1624.34	401.115
-3953.83	18262.2	1622.58	410.989
-3953.83	18262.2	1620.82	391.0
-3953.83	18262.2	1619.06	378.128
-3953.83	18262.2	1617.3	396.527
-3953.83	18262.2	1615.54	412.078
-3953.83	18262.2	1613.78	426.201
-3953.83	18262.2	1612.02	387.764
-3953.83	18262.2	1610.26	410.407
-3953.83	18262.2	1608.5	431.621
-3953.83	18262.2	1606.74	373.333
-3953.83	18262.2	1604.98	364.742
-3953.83	18262.2	1603.22	404.398
-3953.83	18262.2	1601.46	411.409
-3953.83	18262.2	1599.69	394.305
-3953.83	18262.2	1597.93	415.496
-3953.83	18262.2	1596.17	399.816
-3953.83	18262.2	1594.4	378.472
-3953.83	18262.2	1592.64	386.898
-3953.83	18262.2	1590.88	392.486
-3953.83	18262.2	1589.11	373.99
-3953.83	18262.2	1587.35	379.579
-3953.83	18262.2	1585.58	387.998
-3953.83	18262.2	1583.81	366.682
-3953.83	18262.2	1582.05	383.592
-3953.83	18262.2	1580.28	375.023
-3953.83	18262.2	1578.51	398.999
-3953.83	18262.2	1576.75	389.015
-3953.83	18262.2	1574.98	352.163
-3953.83	18262.2	1573.21	381.785
-3953.83	18262.2	1571.44	409.981
-3953.83	18262.2	1569.67	384.455
-3953.83	18262.2	1567.91	415.465
-3953.83	18262.2	1566.14	381.471
-3953.83	18262.2	1564.37	389.868
-3953.83	18262.2	1562.6	395.437
-3953.83	18262.2	1560.83	385.472
-3953.83	18262.2	1559.05	402.332
-3953.83	18262.2	1557.28	371.199
-3953.83	18262.2	1555.51	412.044
-3953.83	18262.2	1553.74	389.386
-3953.83	18262.2	1551.97	383.663
-3953.83	18262.2	1550.19	366.661
-3953.83	18262.2	1548.42	373.635
-3953.83	18262.2	1546.65	389.064
-3953.83	18262.2	1544.87	380.527
-3953.83	18262.2	1543.1	411.448
-3953.83	18262.2	1541.32	383.187
-3953.83	18262.2	1539.55	392.967
-3953.83	18262.2	1537.77	377.395
-3953.83	18262.2	1536.0	373.093
-3953.83	18262.2	1534.22	411.021
-3953.83	18262.2	1532.45	387.011
-3953.83	18262.2	1530.67	351.755
-3953.83	18262.2	1528.89	382.63
-3953.83	18262.2	1527.11	395.208
-3953.83	18262.2	1525.34	390.907
-3953.83	18262.2	1523.56	392.232
-3953.83	18262.2	1521.78	380.905
-3953.83	18262.2	1520.0	375.205
-3953.83	18262.2	1518.22	391.986
-3953.83	18262.2	1516.44	366.62
-3953.83	18262.2	1514.66	396.036
-3953.83	18262.2	1512.88	387.528
-3953.83	18262.2	1511.1	346.737
-3953.83	18262.2	1509.32	381.752
-3953.83	18262.2	1507.54	380.269
-3953.83	18262.2	1505.76	378.786
-3953.83	18262.2	1503.97	366.083
-3953.83	18262.2	1502.19	392.651
-3953.83	18262.2	1500.41	365.93
-3953.83	18262.2	1498.62	385.477
-3953.83	18262.2	1496.84	378.389
-3953.83	18262.2	1495.06	365.699
-3953.83	18262.2	1493.27	364.222
-3953.83	18262.2	1491.49	379.551
-3953.83	18262.2	1489.7	375.271
-3953.83	18262.2	1487.91	361.192
-3953.83	18262.2	1486.13	379.312
-3953.83	18262.2	1484.34	373.634
-3953.83	18262.2	1482.55	366.56
-3953.83	18262.2	1480.77	377.673
-3953.83	18262.2	1478.98	376.195
-3953.83	18262.2	1477.19	373.319
-3953.83	18262.2	1475.4	349.476
-3953.83	18262.2	1473.61	380.149
-3953.83	18262.2	1471.83	378.672
-3953.83	18262.2	1470.04	379.989
-3953.83	18262.2	1468.25	393.875
-3953.83	18262.2	1466.46	386.81
-3953.83	18262.2	1464.67	390.916
-3953.83	18262.2	1462.87	367.104
-3953.83	18262.2	1461.08	369.818
-3953.83	18262.2	1459.29	385.087
-3953.83	18262.2	1457.5	371.056
-3953.83	18262.2	1455.71	383.529
-3953.83	18262.2	1453.91	414.123
-3953.83	18262.2	1452.12	376.396
-3953.83	18262.2	1450.33	372.135
-3953.83	18262.2	1448.53	380.416
-3953.83	18262.2	1446.74	385.908
-3953.83	18262.2	1444.94	384.433
-3953.83	18262.2	1443.15	391.314
-3953.83	18262.2	1441.35	375.916
-3953.83	18262.2	1439.56	373.052
-3953.83	18262.2	1437.76	368.797
-3953.83	18262.2	1435.96	371.501
-3953.83	18262.2	1434.17	400.635
-3953.83	18262.2	1432.37	385.251
-3953.83	18262.2	1430.57	339.282
-3953.83	18262.2	1428.77	367.014
-3953.83	18262.2	1426.97	408.632
-3953.83	18262.2	1425.17	379.363
-3953.83	18262.2	1423.37	382.061
-3953.83	18262.2	1421.58	358.366
-3953.83	18262.2	1419.77	362.455
-3953.83	18262.2	1417.97	359.601
-3953.83	18262.2	1416.17	377.57
-3953.83	18262.2	1414.37	364.998
-3953.83	18262.2	1412.57	387.12
-3953.83	18262.2	1410.77	389.812
-3953.83	18262.2	1408.97	343.96
-3953.83	18262.2	1407.16	378.552
-3953.83	18262.2	1405.36	368.766
-3953.83	18262.2	1403.56	377.003
-3953.83	18262.2	1401.75	383.851
-3953.83	18262.2	1399.95	375.456
-3953.83	18262.2	1398.14	372.605
-3953.83	18262.2	1396.34	368.37
-3953.83	18262.2	1394.53	390.444
-3953.83	18262.2	1392.73	365.443
-3953.83	18262.2	1390.92	376.436
-3953.83	18262.2	1389.11	365.286
-3953.83	18262.2	1387.3	390.107
-3953.83	18262.2	1385.5	366.511
-3953.83	18262.2	1383.69	370.58
-3953.83	18262.2	1381.88	378.795
-3953.83	18262.2	1380.07	382.86
-3953.83	18262.2	1378.26	349.613
-3953.83	18262.2	1376.45	355.063
-3953.83	18262.2	1374.64	371.562
-3953.83	18262.2	1372.83	372.863
-3953.83	18262.2	1371.02	371.401
-3953.83	18262.2	1369.21	411.352
-3953.83	18262.2	1367.4	364.34
-3953.83	18262.2	1365.59	376.68
-3953.83	18262.2	1363.78	373.839
-3953.83	18262.2	1361.96	388.929
-3953.83	18262.2	1360.15	373.677
-3953.83	18262.2	1358.34	359.81
-3953.83	18262.2	1356.52	339.058
-3953.83	18262.2	1354.71	365.166
-3953.83	18262.2	1352.89	388.508
-3953.83	18262.2	1351.08	363.63
-3953.83	18262.2	1349.26	366.306
-3953.83	18262.2	1347.45	363.473
-3953.83	18262.2	1345.63	362.017
-3953.83	18262.2	1343.81	335.791
-3953.83	18262.2	1342.0	357.732
-3953.83	18262.2	1340.18	348.025
-3953.83	18262.2	1338.36	364.453
-3953.83	18262.2	1336.54	356.124
-3953.83	18262.2	1334.73	360.17
-3953.83	18262.2	1332.91	391.703
-3953.83	18262.2	1331.09	351.769
-3953.83	18262.2	1329.27	329.712
-3953.83	18262.2	1327.45	362.604
-3953.83	18262.2	1325.63	358.405
-3953.83	18262.2	1323.81	344.598
-3953.83	18262.2	1321.98	370.602
-3953.83	18262.2	1320.16	348.564
-3953.83	18262.2	1318.34	355.348
-3953.83	18262.2	1316.52	367.616
-3953.83	18262.2	1314.7	357.936
-3953.83	18262.2	1312.87	375.682
-3953.83	18262.2	1311.05	350.926
-3953.83	18262.2	1309.22	327.55
-3953.83	18262.2	1307.4	354.883
-3953.83	18262.2	1305.57	375.354
-3953.83	18262.2	1303.75	346.51
-3953.83	18262.2	1301.92	371.081
-3953.83	18262.2	1300.1	351.834
-3953.83	18262.2	1298.27	372.288
-3953.83	18262.2	1296.44	353.048
-3953.83	18262.2	1294.62	376.229
-3953.83	18262.2	1292.79	350.158
-3953.83	18262.2	1290.96	374.696
-3953.83	18262.2	1289.13	358.208
-3953.83	18262.2	1287.3	367.697
-3953.83	18262.2	1285.47	355.317
-3953.83	18262.2	1283.64	330.646
-3953.83	18262.2	1281.81	359.259
-3953.83	18262.2	1279.98	356.449
-3953.83	18262.2	1278.15	346.813
-3953.83	18262.2	1276.32	338.546
-3953.83	18262.2	1274.49	364.403
-3953.83	18262.2	1272.66	345.219
-3953.83	18262.2	1270.82	338.323
-3953.83	18262.2	1268.99	340.976
-3953.83	18262.2	1267.16	359.991
-3953.83	18262.2	1265.32	355.822
-3953.83	18262.2	1263.49	377.552
-3953.83	18262.2	1261.66	369.292
-3953.83	18262.2	1259.82	343.325
-3953.83	18262.2	1257.98	350.06
-3953.83	18262.2	1256.15	356.792
-3953.83	18262.2	1254.31	366.244
-3953.83	18262.2	1252.48	355.273
-3953.83	18262.2	1250.64	347.03
-3953.83	18262.2	1248.8	359.198
-3953.83	18262.2	1246.96	359.119
-3953.83	18262.2	1245.13	353.6
-3953.83	18262.2	1243.29	357.601
-3953.83	18262.2	1241.45	343.928
-3953.83	18262.2	1239.61	373.752
-3953.83	18262.2	1237.77	369.593
-3953.83	18262.2	1235.93	362.718
-3953.83	18262.2	1234.09	357.205
-3953.83	18262.2	1232.25	361.2
-3953.83	18262.2	1230.41	377.411
-3953.83	18262.2	1228.56	354.254
-3953.83	18262.2	1226.72	362.317
-3953.83	18262.2	1224.88	351.383
-3953.83	18262.2	1223.04	378.433
-3953.83	18262.2	1221.19	355.296
-3953.83	18262.2	1219.35	357.929
-3953.83	18262.2	1217.5	356.494
-3953.83	18262.2	1215.66	375.387
-3953.83	18262.2	1213.81	341.432
-3953.83	18262.2	1211.97	369.802
-3953.83	18262.2	1210.12	402.223
-3953.83	18262.2	1208.28	337.143
-3953.83	18262.2	1206.43	385.8
-3953.83	18262.2	1204.58	358.647
-3953.83	18262.2	1202.73	354.508
-3953.83	18262.2	1200.89	370.663
-3953.83	18262.2	1199.04	355.703
-3953.83	18262.2	1197.19	367.793
-3953.83	18262.2	1195.34	359.6
-3953.83	18262.2	1193.49	337.895
-3953.83	18262.2	1191.64	362.143
-3953.83	18262.2	1189.79	329.639
-3953.83	18262.2	1187.94	360.631
-3953.83	18262.2	1186.09	360.55
-3953.83	18262.2	1184.23	371.271
-3953.83	18262.2	1182.38	363.089
-3953.83	18262.2	1180.53	336.019
-3953.83	18262.2	1178.68	365.626
-3953.83	18262.2	1176.82	326.427
-3953.83	18262.2	1174.97	350.628
-3953.83	18262.2	1173.12	350.55
-3953.83	18262.2	1171.26	354.516
-3953.83	18262.2	1169.41	365.218
-3953.83	18262.2	1167.55	371.873
-3953.83	18262.2	1165.69	370.443
-3953.83	18262.2	1163.84	379.788
-3953.83	18262.2	1161.98	336.616
-3953.83	18262.2	1160.12	356.733
-3953.83	18262.2	1158.27	309.548
-3953.83	18262.2	1156.41	361.956
-3953.83	18262.2	1154.55	359.184
-3953.83	18262.2	1152.69	375.244
-3953.83	18262.2	1150.83	368.436
-3953.83	18262.2	1148.97	354.91
-3953.83	18262.2	1147.11	353.487
-3953.83	18262.2	1145.25	377.595
-3953.83	18262.2	1143.39	365.419
-3953.83	18262.2	1141.53	346.533
-3953.83	18262.2	1139.67	367.941
-3953.83	18262.2	1137.81	367.859
-3953.83	18262.2	1135.94	382.541
-3953.83	18262.2	1134.08	347.565
-3953.83	18262.2	1132.22	366.27
-3953.83	18262.2	1130.35	371.553
-3953.83	18262.2	1128.49	378.175
-3953.83	18262.2	1126.62	367.364
-3953.83	18262.2	1124.76	378.005
-3953.83	18262.2	1122.89	375.24
-3953.83	18262.2	1121.03	388.554
-3953.83	18262.2	1119.16	381.769
-3953.83	18262.2	1117.3	366.951
-3953.83	18262.2	1115.43	366.869
-3953.83	18262.2	1113.56	354.739
-3953.83	18262.2	1111.69	381.426
-3953.83	18262.2	1109.82	377.326
-3953.83	18262.2	1107.96	357.175
-3953.83	18262.2	1106.09	346.395
-3953.83	18262.2	1104.22	375.734
-3953.83	18262.2	1102.35	376.986
-3953.83	18262.2	1100.48	375.565
-3953.83	18262.2	1098.61	372.807
-3953.83	18262.2	1096.73	367.38
-3953.83	18262.2	1094.86	357.948
-3953.83	18262.2	1092.99	365.879
-3953.83	18262.2	1091.12	360.456
-3953.83	18262.2	1089.24	345.693
-3953.83	18262.2	1087.37	382.979
-3953.83	18262.2	1085.5	360.212
-3953.83	18262.2	1083.62	374.803
-3953.83	18262.2	1081.75	353.382
-3953.83	18262.2	1079.87	353.302
-3953.83	18262.2	1078.0	358.554
-3953.83	18262.2	1076.12	383.793
-3953.83	18262.2	1074.24	375.712
-3953.83	18262.2	1072.37	374.295
-3953.83	18262.2	1070.49	342.25
-3953.83	18262.2	1068.61	371.463
-3953.83	18262.2	1066.73	344.757
-3953.83	18262.2	1064.86	380.611
-3953.83	18262.2	1062.98	392.499
-3953.83	18262.2	1061.1	369.797
-3953.83	18262.2	1059.22	384.342
-3953.83	18262.2	1057.34	384.255
-3953.83	18262.2	1055.46	430.694
-3953.83	18262.2	1053.58	389.397
-3953.83	18262.2	1051.69	370.707
-3953.83	18262.2	1049.81	367.966
-3953.83	18262.2	1047.93	379.836
-3953.83	18262.2	1046.05	389.044
-3953.83	18262.2	1044.16	365.061
-3953.83	18262.2	1042.28	399.485
-3953.83	18262.2	1040.4	392.76
-3953.83	18262.2	1038.51	404.61
-3953.83	18262.2	1036.63	377.993
-3953.83	18262.2	1034.74	408.404
-3953.83	18262.2	1032.86	408.312
-3953.83	18262.2	1030.97	387.013
-3953.83	18262.2	1029.08	401.501
-3953.83	18262.2	1027.2	414.657
-3953.83	18262.2	1025.31	415.888
-3953.83	18262.2	1023.42	421.09
-3953.83	18262.2	1021.53	432.909
-3953.83	18262.2	1019.64	443.399
-3953.83	18262.2	1017.75	431.389
-3953.83	18262.2	1015.86	445.843
-3953.83	18262.2	1013.97	432.515
-3953.83	18262.2	1012.08	442.996
-3953.83	18262.2	1010.19	473.302
-3953.83	18262.2	1008.3	448.081
-3953.83	18262.2	1006.41	455.908
-3953.83	18262.2	1004.52	488.833
-3953.83	18262.2	1002.62	457.021
-3953.83	18262.2	1000.73	487.29
-3953.83	18262.2	998.837	484.538
-3953.83	18262.2	996.943	522.706
-3953.83	18262.2	995.049	548.981
-3953.83	18262.2	993.154	525.107
-3953.83	18262.2	991.258	548.73
-3953.83	18262.2	989.363	556.517
-3953.83	18262.2	987.467	562.983
-3953.83	18262.2	985.57	544.4
-3953.83	18262.2	983.673	612.804
-3953.83	18262.2	981.776	598.171
-3953.83	18262.2	979.878	587.496
-3953.83	18262.2	977.979	605.799
-3953.83	18262.2	976.081	641.21
-3953.83	18262.2	974.181	633.165
-3953.83	18262.2	972.282	631.705
-3953.83	18262.2	970.382	649.981
-3953.83	18262.2	968.481	648.516
-3953.83	18262.2	966.58	694.398
-3953.83	18262.2	964.679	687.665
-3953.83	18262.2	962.777	680.935
-3953.83	18262.2	960.875	693.921
-3953.83	18262.2	958.972	680.623
-3953.83	18262.2	957.069	680.467
-3953.83	18262.2	955.166	673.744
-3953.83	18262.2	953.262	652.581
-3953.83	18262.2	951.357	655.057
-3953.83	18262.2	949.452	662.781
-3953.83	18262.2	947.547	660.005
-3953.83	18262.2	945.641	682.154
-3953.83	18262.2	943.735	641.34
-3953.83	18262.2	941.829	683.153
-3953.83	18262.2	939.922	677.752
-3953.83	18262.2	938.014	688.081
-3953.83	18262.2	936.106	666.958
-3953.83	18262.2	934.198	630.124
-3953.83	18262.2	932.289	648.315
-3953.83	18262.2	930.38	627.215
-3953.83	18262.2	928.47	628.38
-3953.83	18262.2	926.56	561.486
-3953.83	18262.2	924.649	594.069
-3953.83	18262.2	922.738	563.844
-3953.83	18262.2	920.827	532.324
-3953.83	18262.2	918.915	553.123
-3953.83	18262.2	917.003	529.464
-3953.83	18262.2	915.09	547.64
-3953.83	18262.2	913.177	508.313
-3953.83	18262.2	911.263	533.017
-3953.83	18262.2	909.349	498.936
-3953.83	18262.2	907.435	492.291
-3953.83	18262.2	905.52	515.677
-3953.83	18262.2	903.604	481.623
-3953.83	18262.2	901.688	491.951
-3953.83	18262.2	899.772	511.406
-3953.83	18262.2	897.855	504.767
-3953.83	18262.2	895.938	470.746
-3953.83	18262.2	894.021	477.156
-3953.83	18262.2	892.103	483.563
-3953.83	18262.2	890.184	500.391
-3953.83	18262.2	888.265	497.67
-3953.83	18262.2	886.346	491.043
-3953.83	18262.2	884.426	472.698
-3953.83	18262.2	882.506	464.777
-3953.83	18262.2	880.585	501.115
-3953.83	18262.2	878.664	489.287
-3953.83	18262.2	876.742	496.98
-3953.83	18262.2	874.82	463.047
-3953.83	18262.2	872.898	422.627
-3953.83	18262.2	870.975	469.333
-3953.83	18262.2	869.051	526.415
-3953.83	18262.2	867.127	487.308
-3953.83	18262.2	865.203	472.904
-3953.83	18262.2	863.278	496.174
-3953.83	18262.2	861.353	471.386
-3953.83	18262.2	859.428	485.558
-3953.83	18262.2	857.502	465.976
-3953.83	18262.2	855.575	486.63
-3953.83	18262.2	853.648	468.354
-3953.83	18262.2	851.721	456.572
-3953.83	18262.2	849.793	464.246
-3953.83	18262.2	847.865	462.842
-3953.83	18262.2	845.936	467.919
-3953.83	18262.2	844.007	448.372
-3953.83	18262.2	842.077	471.588
-3953.83	18262.2	840.147	496.089
-3953.83	18262.2	838.216	455.829
-3953.83	18262.2	836.285	466.08
-3953.83	18262.2	834.354	491.859
-3953.83	18262.2	832.422	473.628
-3953.83	18262.2	830.49	483.868
-3953.83	18262.2	828.557	482.462
-3953.83	18262.2	826.624	466.831
-3953.83	18262.2	824.69	458.965
-3953.83	18262.2	822.756	471.784
-3953.83	18262.2	820.821	463.92
-3953.83	18262.2	818.886	462.52
-3953.83	18262.2	816.951	479.204
-3953.83	18262.2	815.015	470.052
-3953.83	18262.2	813.078	490.6
-3953.83	18262.2	811.141	490.485
-3953.83	18262.2	809.204	452.947
-3953.83	18262.2	807.266	467.033
-3953.83	18262.2	805.328	450.156
-3953.83	18262.2	803.389	477.131
-3953.83	18262.2	801.45	469.284
-3953.83	18262.2	799.511	494.953
-3953.83	18262.2	797.571	458.756
-3953.83	18262.2	795.63	477.973
-3953.83	18262.2	793.689	463.693
-3953.83	18262.2	791.748	464.872
-3953.83	18262.2	789.806	464.764
-3953.83	18262.2	787.864	459.506
-3953.83	18262.2	785.921	476.127
-3953.83	18262.2	783.978	468.297
-3953.83	18262.2	782.034	477.19
-3953.83	18262.2	780.09	480.936
-3953.83	18262.2	778.145	458.968
-3953.83	18262.2	776.2	479.425
-3953.83	18262.2	774.255	439.477
-3953.83	18262.2	772.309	457.36
-3953.83	18262.2	770.362	480.372
-3953.83	18262.2	768.416	444.304
-3953.83	18262.2	766.468	464.741
-3953.83	18262.2	764.52	440.245
-3953.83	18262.2	762.572	468.372
-3953.83	18262.2	760.624	427.209
-3953.83	18262.2	758.674	430.956
-3953.83	18262.2	756.725	465.477
-3953.83	18262.2	754.775	478.187
-3953.83	18262.2	752.824	466.539
-3953.83	18262.2	750.873	456.178
-3953.83	18262.2	748.922	439.417
-3953.83	18262.2	746.97	439.313
-3953.83	18262.2	745.017	441.77
-3953.83	18262.2	743.065	450.628
-3953.83	18262.2	741.111	446.682
-3953.83	18262.2	739.158	463.211
-3953.83	18262.2	737.203	441.354
-3953.83	18262.2	735.249	457.876
-3953.83	18262.2	733.294	464.162
-3953.83	18262.2	731.338	442.32
-3953.83	18262.2	729.382	438.381
-3953.83	18262.2	727.425	454.888
-3953.83	18262.2	725.468	442.006
-3953.83	18262.2	723.511	445.733
-3953.83	18262.2	721.553	441.797
-3953.83	18262.2	719.595	453.182
-3953.83	18262.2	717.636	468.39
-3953.83	18262.2	715.676	450.415
-3953.83	18262.2	713.717	464.341
-3953.83	18262.2	711.756	464.231
-3953.83	18262.2	709.796	441.17
-3953.83	18262.2	707.835	448.714
-3953.83	18262.2	705.873	447.333
-3953.83	18262.2	703.911	466.339
-3953.83	18262.2	701.948	459.859
-3953.83	18262.2	699.985	436.826
-3953.83	18262.2	698.022	473.646
-3953.83	18262.2	696.058	428.981
-3953.83	18262.2	694.093	456.877
-3953.83	18262.2	692.129	440.228
-3953.83	18262.2	690.163	428.675
-3953.83	18262.2	688.197	457.823
-3953.83	18262.2	686.231	439.914
-3953.83	18262.2	684.264	455.063
-3953.83	18262.2	682.297	465.121
-3953.83	18262.2	680.329	480.257
-3953.83	18262.2	678.361	487.763
-3953.83	18262.2	676.393	460.979
-3953.83	18262.2	674.423	479.913
-3953.83	18262.2	672.454	462.029
-3953.83	18262.2	670.484	472.07
-3953.83	18262.2	668.513	488.451
-3953.83	18262.2	666.542	495.945
-3953.83	18262.2	664.571	494.558
-3953.83	18262.2	662.599	476.691
-3953.83	18262.2	660.627	505.729
-3953.83	18262.2	658.654	466.326
-3953.83	18262.2	656.68	492.819
-3953.83	18262.2	654.707	474.969
-3953.83	18262.2	652.732	510.311
-3953.83	18262.2	650.758	484.869
-3953.83	18262.2	648.782	437.923
-3953.83	18262.2	646.807	459.33
-3953.83	18262.2	644.83	470.605
-3953.83	18262.2	642.854	479.346
-3953.83	18262.2	640.877	489.346
-3953.83	18262.2	638.899	496.814
-3953.83	18262.2	636.921	470.154
-3953.83	18262.2	634.942	511.738
-3953.83	18262.2	632.963	525.511
-3953.83	18262.2	630.984	506.441
-3953.83	18262.2	629.004	477.278
-3953.83	18262.2	627.023	501.148
-3953.83	18262.2	625.042	517.434
-3953.83	18262.2	623.061	523.618
-3953.83	18262.2	621.079	503.309
-3953.83	18262.2	619.097	491.838
-3953.83	18262.2	617.114	511.893
-3953.83	18262.2	615.131	523.114
-3953.83	18262.2	613.147	515.427
-3953.83	18262.2	611.163	503.963
-3953.83	18262.2	609.178	513.919
-3953.83	18262.2	607.193	504.979
-3953.83	18262.2	605.207	525.001
-3953.83	18262.2	603.221	487.114
-3953.83	18262.2	601.234	519.714
-3953.83	18262.2	599.247	493.169
-3953.83	18262.2	597.259	503.112
-3953.83	18262.2	595.271	477.841
-3953.83	18262.2	593.283	489.04
-3953.83	18262.2	591.294	495.206
-3953.83	18262.2	589.304	482.52
-3953.83	18262.2	587.314	494.966
-3953.83	18262.2	585.323	472.239
-3953.83	18262.2	583.332	472.125
-3953.83	18262.2	581.341	483.308
-3953.83	18262.2	579.349	485.701
-3953.83	18262.2	577.357	486.838
-3953.83	18262.2	575.364	487.974
-3953.83	18262.2	573.37	510.43
-3953.83	18262.2	571.376	492.752
-3953.83	18262.2	569.382	491.379
-3953.83	18262.2	567.387	510.058
-3953.83	18262.2	565.392	532.486
-3953.83	18262.2	563.396	506.052
-3953.83	18262.2	561.399	505.929
-3953.83	18262.2	559.403	537.105
-3953.83	18262.2	557.405	539.478
-3953.83	18262.2	555.408	535.592
-3953.83	18262.2	553.409	527.955
-3953.83	18262.2	551.411	552.842
-3953.83	18262.2	549.411	578.967
-3953.83	18262.2	547.412	578.825
-3953.83	18262.2	545.411	589.933
-3953.83	18262.2	543.411	617.279
-3953.83	18262.2	541.409	680.839
-3953.83	18262.2	539.408	706.901
-3953.83	18262.2	537.406	746.684
-3953.83	18262.2	535.403	787.696
-3953.83	18262.2	533.4	882.353
-3953.83	18262.2	531.396	927.055
-3953.83	18262.2	529.392	1135.15
-3953.83	18262.2	527.387	1480.32
-3953.83	18262.2	525.382	2023.56
-3953.83	18262.2	523.376	3080.09
-3953.83	18262.2	521.37	4386.59
-3953.83	18262.2	519.364	5374.74
-3953.83	18262.2	517.357	5775.74
-3953.83	18262.2	515.349	5551.42
-3953.83	18262.2	513.341	4945.0
-3953.83	18262.2	511.332	4031.45
-3953.83	18262.2	509.323	3268.91
-3953.83	18262.2	507.314	2805.32
-3953.83	18262.2	505.304	2445.19
-3953.83	18262.2	503.293	2131.24
-3953.83	18262.2	501.282	1984.03
-3953.83	18262.2	499.27	1843.1
-3953.83	18262.2	497.258	1780.52
-3953.83	18262.2	495.246	1706.79
-3953.83	18262.2	493.233	1677.8
-3953.83	18262.2	491.219	1571.86
-3953.83	18262.2	489.205	1500.71
-3953.83	18262.2	487.191	1480.49
-3953.83	18262.2	485.176	1410.64
-3953.83	18262.2	483.16	1358.2
-3953.83	18262.2	481.144	1288.42
-3953.83	18262.2	479.128	1280.66
-3953.83	18262.2	477.111	1204.74
-3953.83	18262.2	475.093	1197.0
-3953.83	18262.2	473.075	1179.36
-3953.83	18262.2	471.056	1162.97
-3953.83	18262.2	469.037	1180.01
-3953.83	18262.2	467.018	1101.73
-3953.83	18262.2	464.998	1095.27
-3953.83	18262.2	462.977	1060.36
-3953.83	18262.2	460.956	1042.77
-3953.83	18262.2	458.935	985.627
-3953.83	18262.2	456.913	1028.65
-3953.83	18262.2	454.89	1006.15
-3953.83	18262.2	452.867	934.224
-3953.83	18262.2	450.843	929.05
-3953.83	18262.2	448.819	909.056
-3953.83	18262.2	446.795	906.359
-3953.83	18262.2	444.77	886.38
-3953.83	18262.2	442.744	834.322
-3953.83	18262.2	440.718	851.388
-3953.83	18262.2	438.691	870.912
-3953.83	18262.2	436.664	838.629
-3953.83	18262.2	434.637	827.322
-3953.83	18262.2	432.608	825.882
-3953.83	18262.2	430.58	798.563
-3953.83	18262.2	428.551	798.363
-3953.83	18262.2	426.521	805.553
-3953.83	18262.2	424.491	763.482
-3953.83	18262.2	422.46	736.206
-3953.83	18262.2	420.429	758.175
-3953.83	18262.2	418.397	769.059
-3953.83	18262.2	416.365	762.714
-3953.83	18262.2	414.332	757.603
-3953.83	18262.2	412.299	750.034
-3953.83	18262.2	410.265	731.406
-3953.83	18262.2	408.231	744.74
-3953.83	18262.2	406.196	737.181
-3953.83	18262.2	404.161	748.049
-3953.83	18262.2	402.125	717.16
-3953.83	18262.2	400.089	728.028
-3953.83	18262.2	398.052	695.932
-3953.83	18262.2	396.015	704.345
-3953.83	18262.2	393.977	713.981
-3953.83	18262.2	391.938	717.48
-3953.83	18262.2	389.899	722.202
-3953.83	18262.2	387.86	702.406
-3953.83	18262.2	385.82	712.032
-3953.83	18262.2	383.78	710.626
-3953.83	18262.2	381.739	717.795
-3953.83	18262.2	379.697	721.286
-3953.83	18262.2	377.655	726.0
-3953.83	18262.2	375.613	727.039
-3953.83	18262.2	373.57	710.946
-3953.83	18262.2	371.526	710.765
-3953.83	18262.2	369.482	682.454
-3953.83	18262.2	367.437	709.18
-3953.83	18262.2	365.392	702.887
-3953.83	18262.2	363.346	664.823
-3953.83	18262.2	361.3	670.762
-3953.83	18262.2	359.254	688.912
-3953.83	18262.2	357.206	655.765
-3953.83	18262.2	355.159	680.014
-3953.83	18262.2	353.11	655.429
-3953.83	18262.2	351.062	702.85
-3953.83	18262.2	349.012	712.429
-3953.83	18262.2	346.962	686.635
-3953.83	18262.2	344.912	669.389
-3953.83	18262.2	342.861	711.881
-3953.83	18262.2	340.81	710.479
-3953.83	18262.2	338.758	702.986
-3953.83	18262.2	336.705	691.843
-3953.83	18262.2	334.652	722.108
-3953.83	18262.2	332.599	678.096
-3953.83	18262.2	330.545	693.743
-3953.83	18262.2	328.49	726.417
-3953.83	18262.2	326.435	722.58
-3953.83	18262.2	324.379	736.988
-3953.83	18262.2	322.323	735.581
-3953.83	18262.2	320.266	703.788
-3953.83	18262.2	318.209	746.138
-3953.83	18262.2	316.151	721.647
-3953.83	18262.2	314.093	715.387
-3953.83	18262.2	312.034	729.773
-3953.83	18262.2	309.975	722.3
-3953.83	18262.2	307.915	748.813
-3953.83	18262.2	305.854	777.738
-3953.83	18262.2	303.793	737.507
-3953.83	18262.2	301.732	745.804
-3953.83	18262.2	299.67	749.247
-3953.83	18262.2	297.607	773.293
-3953.83	18262.2	295.544	719.775
-3953.83	18262.2	293.48	742.605
-3953.83	18262.2	291.416	713.344
-3953.83	18262.2	289.351	736.163
-3953.83	18262.2	287.286	720.235
-3953.83	18262.2	285.22	699.474
-3953.83	18262.2	283.154	701.711
-3953.83	18262.2	281.087	693.061
-3953.83	18262.2	279.019	692.879
-3953.83	18262.2	276.951	727.756
-3953.83	18262.2	274.883	674.387
-3953.83	18262.2	272.814	681.46
-3953.83	18262.2	270.744	683.697
-3953.83	18262.2	268.674	649.704
-3953.83	18262.2	266.603	691.789
-3953.83	18262.2	264.532	690.4
-3953.83	18262.2	262.46	675.738
-3953.83	18262.2	260.388	652.64
-3953.83	18262.2	258.315	666.94
-3953.83	18262.2	256.241	660.736
-3953.83	18262.2	254.167	636.453
-3953.83	18262.2	252.093	632.67
-3953.83	18262.2	250.018	619.25
-3953.83	18262.2	247.942	616.678
-3953.83	18262.2	245.866	645.414
-3953.83	18262.2	243.789	615.148
-3953.83	18262.2	241.712	606.56
-3953.83	18262.2	239.634	563.085
-3953.83	18262.2	237.556	595.413
-3953.83	18262.2	235.477	566.394
-3953.83	18262.2	233.397	585.479
-3953.83	18262.2	231.317	599.746
-3953.83	18262.2	229.237	559.934
-3953.83	18262.2	227.155	588.616
-3953.83	18262.2	225.074	568.043
-3953.83	18262.2	222.991	569.092
-3953.83	18262.2	220.909	536.532
-3953.83	18262.2	218.825	556.789
-3953.83	18262.2	216.741	561.438
-3953.83	18262.2	214.657	546.896
-3953.83	18262.2	212.572	574.327
-3953.83	18262.2	210.486	554.995
-3953.83	18262.2	208.4	532.077
-3953.83	18262.2	206.313	542.717
-3953.83	18262.2	204.226	595.271
-3953.83	18262.2	202.138	595.111
-3953.83	18262.2	200.05	580.586
-3953.83	18262.2	197.961	594.791
-3953.83	18262.2	195.871	599.417
-3953.83	18262.2	193.781	629.159
-3953.83	18262.2	191.691	651.709
-3953.83	18262.2	189.599	663.488
-3953.83	18262.2	187.508	628.65
-3953.83	18262.2	185.415	642.818
-3953.83	18262.2	183.322	708.342
-3953.83	18262.2	181.229	696.209
-3953.83	18262.2	179.135	667.368
-3953.83	18262.2	177.04	706.574
-3953.83	18262.2	174.945	713.541
-3953.83	18262.2	172.849	702.612
-3953.83	18262.2	170.753	692.881
-3953.83	18262.2	168.656	703.423
-3953.83	18262.2	166.558	702.039
-3953.83	18262.2	164.46	716.147
-3953.83	18262.2	162.362	705.231
-3953.83	18262.2	160.263	720.521
-3953.83	18262.2	158.163	752.471
-3953.83	18262.2	156.063	758.217
-3953.83	18262.2	153.962	727.071
-3953.83	18262.2	151.86	724.493
-3953.83	18262.2	149.758	695.751
-3953.83	18262.2	147.656	721.719
-3953.83	18262.2	145.552	725.087
-3953.83	18262.2	143.449	714.193
-3953.83	18262.2	141.344	700.929
-3953.83	18262.2	139.239	700.737
-3953.83	18262.2	137.134	679.171
-3953.83	18262.2	135.028	737.149
-3953.83	18262.2	132.921	704.905
-3953.83	18262.2	130.814	711.829
-3953.83	18262.2	128.706	698.587
-3953.83	18262.2	126.598	710.251
-3953.83	18262.2	124.489	705.313
-3953.83	18262.2	122.379	683.787
-3953.83	18262.2	120.269	726.249
-3953.83	18262.2	118.158	677.487
-3953.83	18262.2	116.047	648.881
-3953.83	18262.2	113.935	659.355
-3953.83	18262.2	111.822	636.687
-3953.83	18262.2	109.709	605.749
-3953.83	18262.2	107.596	586.656
-3953.83	18262.2	105.481	588.858
-3953.83	18262.2	103.367	554.413
-3953.83	18262.2	101.251	558.986
-3953.83	18262.2	99.1351	531.656
-3953.83	18262.2	97.0184	544.5
-3953.83	18262.2	94.9012	524.275
-3953.83	18262.2	92.7834	489.894
-3953.83	18262.2	90.665	475.596
-3953.83	18262.2	88.546	466.024
-3953.83	18262.2	86.4265	438.766
-3953.83	18262.2	84.3063	407.985
-3953.83	18262.2	82.1855	429.089
-3953.83	18262.2	80.0641	420.719
-3953.83	18262.2	77.9422	366.406
