-3983.83	18264.2	1979.41	435.855
-3983.83	18264.2	1977.72	454.988
-3983.83	18264.2	1976.02	449.005
-3983.83	18264.2	1974.33	450.409
-3983.83	18264.2	1972.64	465.1
-3983.83	18264.2	1970.94	438.451
-3983.83	18264.2	1969.25	457.567
-3983.83	18264.2	1967.56	451.589
-3983.83	18264.2	1965.86	420.528
-3983.83	18264.2	1964.17	466.193
-3983.83	18264.2	1962.47	438.09
-3983.83	18264.2	1960.78	435.068
-3983.83	18264.2	1959.08	426.149
-3983.83	18264.2	1957.39	459.987
-3983.83	18264.2	1955.69	452.541
-3983.83	18264.2	1953.99	473.099
-3983.83	18264.2	1952.3	467.126
-3983.83	18264.2	1950.6	472.941
-3983.83	18264.2	1948.9	464.023
-3983.83	18264.2	1947.21	431.543
-3983.83	18264.2	1945.51	460.923
-3983.83	18264.2	1943.81	431.398
-3983.83	18264.2	1942.11	435.742
-3983.83	18264.2	1940.41	419.478
-3983.83	18264.2	1938.71	476.8
-3983.83	18264.2	1937.01	472.306
-3983.83	18264.2	1935.32	461.928
-3983.83	18264.2	1933.62	442.729
-3983.83	18264.2	1931.92	454.419
-3983.83	18264.2	1930.22	470.515
-3983.83	18264.2	1928.51	473.376
-3983.83	18264.2	1926.81	471.825
-3983.83	18264.2	1925.11	471.745
-3983.83	18264.2	1923.41	426.114
-3983.83	18264.2	1921.71	471.584
-3983.83	18264.2	1920.01	443.595
-3983.83	18264.2	1918.31	452.33
-3983.83	18264.2	1916.6	441.974
-3983.83	18264.2	1914.9	430.153
-3983.83	18264.2	1913.2	437.419
-3983.83	18264.2	1911.49	427.07
-3983.83	18264.2	1909.79	424.062
-3983.83	18264.2	1908.09	432.791
-3983.83	18264.2	1906.38	447.384
-3983.83	18264.2	1904.68	417.975
-3983.83	18264.2	1902.97	456.027
-3983.83	18264.2	1901.27	445.686
-3983.83	18264.2	1899.56	426.553
-3983.83	18264.2	1897.85	423.547
-3983.83	18264.2	1896.15	429.334
-3983.83	18264.2	1894.44	429.26
-3983.83	18264.2	1892.74	418.931
-3983.83	18264.2	1891.03	433.503
-3983.83	18264.2	1889.32	427.57
-3983.83	18264.2	1887.61	434.815
-3983.83	18264.2	1885.91	428.884
-3983.83	18264.2	1884.2	446.37
-3983.83	18264.2	1882.49	431.659
-3983.83	18264.2	1880.78	416.953
-3983.83	18264.2	1879.07	427.119
-3983.83	18264.2	1877.36	457.755
-3983.83	18264.2	1875.65	428.43
-3983.83	18264.2	1873.94	447.359
-3983.83	18264.2	1872.23	425.355
-3983.83	18264.2	1870.52	434.048
-3983.83	18264.2	1868.81	447.121
-3983.83	18264.2	1867.1	420.745
-3983.83	18264.2	1865.39	427.973
-3983.83	18264.2	1863.68	442.501
-3983.83	18264.2	1861.96	426.36
-3983.83	18264.2	1860.25	446.722
-3983.83	18264.2	1858.54	415.99
-3983.83	18264.2	1856.82	439.265
-3983.83	18264.2	1855.11	439.187
-3983.83	18264.2	1853.4	418.684
-3983.83	18264.2	1851.68	434.653
-3983.83	18264.2	1849.97	456.449
-3983.83	18264.2	1848.25	422.832
-3983.83	18264.2	1846.54	406.72
-3983.83	18264.2	1844.82	421.222
-3983.83	18264.2	1843.11	418.231
-3983.83	18264.2	1841.39	429.811
-3983.83	18264.2	1839.68	431.19
-3983.83	18264.2	1837.96	409.265
-3983.83	18264.2	1836.24	445.595
-3983.83	18264.2	1834.53	410.572
-3983.83	18264.2	1832.81	422.143
-3983.83	18264.2	1831.09	435.164
-3983.83	18264.2	1829.37	433.63
-3983.83	18264.2	1827.65	429.186
-3983.83	18264.2	1825.94	421.834
-3983.83	18264.2	1824.22	391.216
-3983.83	18264.2	1822.5	421.68
-3983.83	18264.2	1820.78	430.325
-3983.83	18264.2	1819.06	444.781
-3983.83	18264.2	1817.34	417.088
-3983.83	18264.2	1815.62	444.618
-3983.83	18264.2	1813.9	409.67
-3983.83	18264.2	1812.18	419.762
-3983.83	18264.2	1810.45	445.824
-3983.83	18264.2	1808.73	438.482
-3983.83	18264.2	1807.01	415.174
-3983.83	18264.2	1805.29	413.646
-3983.83	18264.2	1803.56	425.178
-3983.83	18264.2	1801.84	417.845
-3983.83	18264.2	1800.12	409.064
-3983.83	18264.2	1798.39	414.789
-3983.83	18264.2	1796.67	397.312
-3983.83	18264.2	1794.95	417.534
-3983.83	18264.2	1793.22	407.31
-3983.83	18264.2	1791.5	430.422
-3983.83	18264.2	1789.77	428.892
-3983.83	18264.2	1788.04	438.953
-3983.83	18264.2	1786.32	420.041
-3983.83	18264.2	1784.59	419.962
-3983.83	18264.2	1782.87	415.54
-3983.83	18264.2	1781.14	418.357
-3983.83	18264.2	1779.41	412.489
-3983.83	18264.2	1777.68	426.882
-3983.83	18264.2	1775.96	407.994
-3983.83	18264.2	1774.23	431.061
-3983.83	18264.2	1772.5	423.748
-3983.83	18264.2	1770.77	430.898
-3983.83	18264.2	1769.04	407.686
-3983.83	18264.2	1767.31	429.29
-3983.83	18264.2	1765.58	426.318
-3983.83	18264.2	1763.85	420.458
-3983.83	18264.2	1762.12	414.6
-3983.83	18264.2	1760.39	402.966
-3983.83	18264.2	1758.66	404.334
-3983.83	18264.2	1756.93	411.476
-3983.83	18264.2	1755.19	409.954
-3983.83	18264.2	1753.46	417.092
-3983.83	18264.2	1751.73	418.455
-3983.83	18264.2	1750.0	418.376
-3983.83	18264.2	1748.26	406.756
-3983.83	18264.2	1746.53	439.847
-3983.83	18264.2	1744.8	415.252
-3983.83	18264.2	1743.06	405.081
-3983.83	18264.2	1741.33	416.534
-3983.83	18264.2	1739.59	449.597
-3983.83	18264.2	1737.86	420.696
-3983.83	18264.2	1736.12	406.211
-3983.83	18264.2	1734.39	406.133
-3983.83	18264.2	1732.65	420.453
-3983.83	18264.2	1730.91	388.701
-3983.83	18264.2	1729.18	428.927
-3983.83	18264.2	1727.44	434.601
-3983.83	18264.2	1725.7	395.669
-3983.83	18264.2	1723.96	405.663
-3983.83	18264.2	1722.23	414.213
-3983.83	18264.2	1720.49	428.513
-3983.83	18264.2	1718.75	419.804
-3983.83	18264.2	1717.01	421.16
-3983.83	18264.2	1715.27	405.269
-3983.83	18264.2	1713.53	415.249
-3983.83	18264.2	1711.79	402.239
-3983.83	18264.2	1710.05	426.577
-3983.83	18264.2	1708.31	427.93
-3983.83	18264.2	1706.57	424.975
-3983.83	18264.2	1704.82	407.667
-3983.83	18264.2	1703.08	416.198
-3983.83	18264.2	1701.34	401.768
-3983.83	18264.2	1699.6	381.605
-3983.83	18264.2	1697.85	401.611
-3983.83	18264.2	1696.11	392.928
-3983.83	18264.2	1694.37	412.924
-3983.83	18264.2	1692.62	391.341
-3983.83	18264.2	1690.88	418.494
-3983.83	18264.2	1689.13	412.681
-3983.83	18264.2	1687.39	432.656
-3983.83	18264.2	1685.64	423.977
-3983.83	18264.2	1683.9	399.548
-3983.83	18264.2	1682.15	409.492
-3983.83	18264.2	1680.41	435.178
-3983.83	18264.2	1678.66	412.193
-3983.83	18264.2	1676.91	413.542
-3983.83	18264.2	1675.16	412.03
-3983.83	18264.2	1673.42	403.366
-3983.83	18264.2	1671.67	420.448
-3983.83	18264.2	1669.92	427.513
-3983.83	18264.2	1668.17	401.697
-3983.83	18264.2	1666.42	383.037
-3983.83	18264.2	1664.67	392.964
-3983.83	18264.2	1662.92	402.887
-3983.83	18264.2	1661.17	414.234
-3983.83	18264.2	1659.42	418.435
-3983.83	18264.2	1657.67	395.507
-3983.83	18264.2	1655.92	415.414
-3983.83	18264.2	1654.17	419.613
-3983.83	18264.2	1652.42	408.113
-3983.83	18264.2	1650.66	382.351
-3983.83	18264.2	1648.91	402.245
-3983.83	18264.2	1647.16	406.442
-3983.83	18264.2	1645.41	396.38
-3983.83	18264.2	1643.65	434.791
-3983.83	18264.2	1641.9	409.049
-3983.83	18264.2	1640.14	394.717
-3983.83	18264.2	1638.39	408.885
-3983.83	18264.2	1636.63	411.652
-3983.83	18264.2	1634.88	391.631
-3983.83	18264.2	1633.12	383.01
-3983.83	18264.2	1631.37	401.439
-3983.83	18264.2	1629.61	435.516
-3983.83	18264.2	1627.85	389.893
-3983.83	18264.2	1626.09	423.959
-3983.83	18264.2	1624.34	421.029
-3983.83	18264.2	1622.58	401.034
-3983.83	18264.2	1620.82	373.939
-3983.83	18264.2	1619.06	405.137
-3983.83	18264.2	1617.3	410.74
-3983.83	18264.2	1615.54	400.71
-3983.83	18264.2	1613.78	394.946
-3983.83	18264.2	1612.02	407.65
-3983.83	18264.2	1610.26	379.165
-3983.83	18264.2	1608.5	400.385
-3983.83	18264.2	1606.74	379.011
-3983.83	18264.2	1604.98	414.415
-3983.83	18264.2	1603.22	378.857
-3983.83	18264.2	1601.46	400.06
-3983.83	18264.2	1599.69	395.723
-3983.83	18264.2	1597.93	405.569
-3983.83	18264.2	1596.17	398.398
-3983.83	18264.2	1594.4	375.637
-3983.83	18264.2	1592.64	403.904
-3983.83	18264.2	1590.88	391.069
-3983.83	18264.2	1589.11	395.239
-3983.83	18264.2	1587.35	407.906
-3983.83	18264.2	1585.58	387.998
-3983.83	18264.2	1583.81	396.413
-3983.83	18264.2	1582.05	392.085
-3983.83	18264.2	1580.28	383.514
-3983.83	18264.2	1578.51	408.903
-3983.83	18264.2	1576.75	390.43
-3983.83	18264.2	1574.98	373.378
-3983.83	18264.2	1573.21	402.996
-3983.83	18264.2	1571.44	387.362
-3983.83	18264.2	1569.67	414.137
-3983.83	18264.2	1567.91	387.202
-3983.83	18264.2	1566.14	402.664
-3983.83	18264.2	1564.37	379.98
-3983.83	18264.2	1562.6	402.498
-3983.83	18264.2	1560.83	386.884
-3983.83	18264.2	1559.05	398.097
-3983.83	18264.2	1557.28	393.781
-3983.83	18264.2	1555.51	379.589
-3983.83	18264.2	1553.74	409.137
-3983.83	18264.2	1551.97	392.126
-3983.83	18264.2	1550.19	365.251
-3983.83	18264.2	1548.42	384.915
-3983.83	18264.2	1546.65	397.522
-3983.83	18264.2	1544.87	380.527
-3983.83	18264.2	1543.1	383.266
-3983.83	18264.2	1541.32	359.238
-3983.83	18264.2	1539.55	367.614
-3983.83	18264.2	1537.77	406.967
-3983.83	18264.2	1536.0	405.475
-3983.83	18264.2	1534.22	381.461
-3983.83	18264.2	1532.45	358.865
-3983.83	18264.2	1530.67	379.895
-3983.83	18264.2	1528.89	386.85
-3983.83	18264.2	1527.11	383.957
-3983.83	18264.2	1525.34	375.44
-3983.83	18264.2	1523.56	393.637
-3983.83	18264.2	1521.78	387.933
-3983.83	18264.2	1520.0	400.5
-3983.83	18264.2	1518.22	391.986
-3983.83	18264.2	1516.44	366.62
-3983.83	18264.2	1514.66	344.073
-3983.83	18264.2	1512.88	363.659
-3983.83	18264.2	1511.1	367.794
-3983.83	18264.2	1509.32	402.805
-3983.83	18264.2	1507.54	395.704
-3983.83	18264.2	1505.76	370.369
-3983.83	18264.2	1503.97	384.317
-3983.83	18264.2	1502.19	380.03
-3983.83	18264.2	1500.41	395.372
-3983.83	18264.2	1498.62	379.87
-3983.83	18264.2	1496.84	376.988
-3983.83	18264.2	1495.06	388.118
-3983.83	18264.2	1493.27	367.023
-3983.83	18264.2	1491.49	389.355
-3983.83	18264.2	1489.7	368.269
-3983.83	18264.2	1487.91	386.391
-3983.83	18264.2	1486.13	394.708
-3983.83	18264.2	1484.34	377.832
-3983.83	18264.2	1482.55	366.56
-3983.83	18264.2	1480.77	365.084
-3983.83	18264.2	1478.98	387.383
-3983.83	18264.2	1477.19	377.514
-3983.83	18264.2	1475.4	390.015
-3983.83	18264.2	1473.61	381.547
-3983.83	18264.2	1471.83	387.056
-3983.83	18264.2	1470.04	399.547
-3983.83	18264.2	1468.25	412.033
-3983.83	18264.2	1466.46	384.017
-3983.83	18264.2	1464.67	381.144
-3983.83	18264.2	1462.87	361.521
-3983.83	18264.2	1461.08	360.049
-3983.83	18264.2	1459.29	380.901
-3983.83	18264.2	1457.5	369.661
-3983.83	18264.2	1455.71	397.476
-3983.83	18264.2	1453.91	387.631
-3983.83	18264.2	1452.12	397.307
-3983.83	18264.2	1450.33	365.166
-3983.83	18264.2	1448.53	366.482
-3983.83	18264.2	1446.74	381.729
-3983.83	18264.2	1444.94	355.183
-3983.83	18264.2	1443.15	369.033
-3983.83	18264.2	1441.35	374.523
-3983.83	18264.2	1439.56	377.228
-3983.83	18264.2	1437.76	371.581
-3983.83	18264.2	1435.96	361.762
-3983.83	18264.2	1434.17	364.467
-3983.83	18264.2	1432.37	404.722
-3983.83	18264.2	1430.57	378.216
-3983.83	18264.2	1428.77	351.721
-3983.83	18264.2	1426.97	376.665
-3983.83	18264.2	1425.17	362.688
-3983.83	18264.2	1423.37	372.336
-3983.83	18264.2	1421.58	366.7
-3983.83	18264.2	1419.77	363.844
-3983.83	18264.2	1417.97	372.097
-3983.83	18264.2	1416.17	378.958
-3983.83	18264.2	1414.37	388.591
-3983.83	18264.2	1412.57	387.12
-3983.83	18264.2	1410.77	381.489
-3983.83	18264.2	1408.97	384.181
-3983.83	18264.2	1407.16	382.712
-3983.83	18264.2	1405.36	367.38
-3983.83	18264.2	1403.56	377.003
-3983.83	18264.2	1401.75	379.694
-3983.83	18264.2	1399.95	360.216
-3983.83	18264.2	1398.14	371.219
-3983.83	18264.2	1396.34	351.752
-3983.83	18264.2	1394.53	377.983
-3983.83	18264.2	1392.73	357.137
-3983.83	18264.2	1390.92	358.444
-3983.83	18264.2	1389.11	369.437
-3983.83	18264.2	1387.3	338.923
-3983.83	18264.2	1385.5	334.701
-3983.83	18264.2	1383.69	360.901
-3983.83	18264.2	1381.88	345.616
-3983.83	18264.2	1380.07	362.128
-3983.83	18264.2	1378.26	355.14
-3983.83	18264.2	1376.45	361.971
-3983.83	18264.2	1374.64	382.612
-3983.83	18264.2	1372.83	356.291
-3983.83	18264.2	1371.02	354.833
-3983.83	18264.2	1369.21	364.419
-3983.83	18264.2	1367.4	354.68
-3983.83	18264.2	1365.59	365.641
-3983.83	18264.2	1363.78	355.906
-3983.83	18264.2	1361.96	350.312
-3983.83	18264.2	1360.15	350.236
-3983.83	18264.2	1358.34	365.325
-3983.83	18264.2	1356.52	368.002
-3983.83	18264.2	1354.71	366.544
-3983.83	18264.2	1352.89	365.087
-3983.83	18264.2	1351.08	362.253
-3983.83	18264.2	1349.26	386.962
-3983.83	18264.2	1347.45	371.733
-3983.83	18264.2	1345.63	370.276
-3983.83	18264.2	1343.81	355.058
-3983.83	18264.2	1342.0	346.725
-3983.83	18264.2	1340.18	359.03
-3983.83	18264.2	1338.36	365.828
-3983.83	18264.2	1336.54	362.999
-3983.83	18264.2	1334.73	373.917
-3983.83	18264.2	1332.91	365.59
-3983.83	18264.2	1331.09	364.136
-3983.83	18264.2	1329.27	366.804
-3983.83	18264.2	1327.45	347.495
-3983.83	18264.2	1325.63	350.166
-3983.83	18264.2	1323.81	340.479
-3983.83	18264.2	1321.98	360.994
-3983.83	18264.2	1320.16	384.244
-3983.83	18264.2	1318.34	374.556
-3983.83	18264.2	1316.52	373.103
-3983.83	18264.2	1314.7	381.25
-3983.83	18264.2	1312.87	368.827
-3983.83	18264.2	1311.05	367.375
-3983.83	18264.2	1309.22	364.554
-3983.83	18264.2	1307.4	365.844
-3983.83	18264.2	1305.57	372.614
-3983.83	18264.2	1303.75	330.075
-3983.83	18264.2	1301.92	336.849
-3983.83	18264.2	1300.1	353.203
-3983.83	18264.2	1298.27	353.126
-3983.83	18264.2	1296.44	365.364
-3983.83	18264.2	1294.62	383.069
-3983.83	18264.2	1292.79	358.365
-3983.83	18264.2	1290.96	385.636
-3983.83	18264.2	1289.13	385.552
-3983.83	18264.2	1287.3	369.064
-3983.83	18264.2	1285.47	368.983
-3983.83	18264.2	1283.64	352.507
-3983.83	18264.2	1281.81	355.161
-3983.83	18264.2	1279.98	340.06
-3983.83	18264.2	1278.15	367.294
-3983.83	18264.2	1276.32	353.562
-3983.83	18264.2	1274.49	360.308
-3983.83	18264.2	1272.66	345.219
-3983.83	18264.2	1270.82	357.421
-3983.83	18264.2	1268.99	350.523
-3983.83	18264.2	1267.16	379.082
-3983.83	18264.2	1265.32	366.728
-3983.83	18264.2	1263.49	331.21
-3983.83	18264.2	1261.66	367.93
-3983.83	18264.2	1259.82	341.963
-3983.83	18264.2	1257.98	352.784
-3983.83	18264.2	1256.15	358.154
-3983.83	18264.2	1254.31	382.582
-3983.83	18264.2	1252.48	368.885
-3983.83	18264.2	1250.64	356.556
-3983.83	18264.2	1248.8	346.953
-3983.83	18264.2	1246.96	344.156
-3983.83	18264.2	1245.13	369.92
-3983.83	18264.2	1243.29	344.004
-3983.83	18264.2	1241.45	364.319
-3983.83	18264.2	1239.61	354.724
-3983.83	18264.2	1237.77	379.104
-3983.83	18264.2	1235.93	362.718
-3983.83	18264.2	1234.09	312.385
-3983.83	18264.2	1232.25	376.137
-3983.83	18264.2	1230.41	362.478
-3983.83	18264.2	1228.56	366.469
-3983.83	18264.2	1226.72	348.747
-3983.83	18264.2	1224.88	355.453
-3983.83	18264.2	1223.04	364.869
-3983.83	18264.2	1221.19	339.023
-3983.83	18264.2	1219.35	370.131
-3983.83	18264.2	1217.5	379.537
-3983.83	18264.2	1215.66	382.163
-3983.83	18264.2	1213.81	365.82
-3983.83	18264.2	1211.97	376.575
-3983.83	18264.2	1210.12	361.595
-3983.83	18264.2	1208.28	372.346
-3983.83	18264.2	1206.43	337.068
-3983.83	18264.2	1204.58	327.519
-3983.83	18264.2	1202.73	346.389
-3983.83	18264.2	1200.89	334.137
-3983.83	18264.2	1199.04	370.58
-3983.83	18264.2	1197.19	343.454
-3983.83	18264.2	1195.34	343.378
-3983.83	18264.2	1193.49	371.684
-3983.83	18264.2	1191.64	348.63
-3983.83	18264.2	1189.79	343.148
-3983.83	18264.2	1187.94	367.384
-3983.83	18264.2	1186.09	341.645
-3983.83	18264.2	1184.23	361.82
-3983.83	18264.2	1182.38	357.69
-3983.83	18264.2	1180.53	384.6
-3983.83	18264.2	1178.68	329.198
-3983.83	18264.2	1176.82	323.729
-3983.83	18264.2	1174.97	361.417
-3983.83	18264.2	1173.12	350.55
-3983.83	18264.2	1171.26	378.779
-3983.83	18264.2	1169.41	377.347
-3983.83	18264.2	1167.55	354.357
-3983.83	18264.2	1165.69	354.278
-3983.83	18264.2	1163.84	346.119
-3983.83	18264.2	1161.98	364.892
-3983.83	18264.2	1160.12	341.925
-3983.83	18264.2	1158.27	364.729
-3983.83	18264.2	1156.41	340.427
-3983.83	18264.2	1154.55	351.113
-3983.83	18264.2	1152.69	377.933
-3983.83	18264.2	1150.83	373.815
-3983.83	18264.2	1148.97	346.844
-3983.83	18264.2	1147.11	354.831
-3983.83	18264.2	1145.25	374.908
-3983.83	18264.2	1143.39	350.641
-3983.83	18264.2	1141.53	378.769
-3983.83	18264.2	1139.67	349.141
-3983.83	18264.2	1137.81	346.378
-3983.83	18264.2	1135.94	366.434
-3983.83	18264.2	1134.08	377.087
-3983.83	18264.2	1132.22	328.704
-3983.83	18264.2	1130.35	383.625
-3983.83	18264.2	1128.49	362.082
-3983.83	18264.2	1126.62	363.342
-3983.83	18264.2	1124.76	392.75
-3983.83	18264.2	1122.89	388.641
-3983.83	18264.2	1121.03	376.495
-3983.83	18264.2	1119.16	377.75
-3983.83	18264.2	1117.3	369.63
-3983.83	18264.2	1115.43	349.463
-3983.83	18264.2	1113.56	357.416
-3983.83	18264.2	1111.69	355.997
-3983.83	18264.2	1109.82	342.537
-3983.83	18264.2	1107.96	345.135
-3983.83	18264.2	1106.09	365.119
-3983.83	18264.2	1104.22	369.048
-3983.83	18264.2	1102.35	359.607
-3983.83	18264.2	1100.48	354.18
-3983.83	18264.2	1098.61	376.816
-3983.83	18264.2	1096.73	376.731
-3983.83	18264.2	1094.86	361.954
-3983.83	18264.2	1092.99	399.262
-3983.83	18264.2	1091.12	357.786
-3983.83	18264.2	1089.24	385.735
-3983.83	18264.2	1087.37	361.628
-3983.83	18264.2	1085.5	346.871
-3983.83	18264.2	1083.62	366.8
-3983.83	18264.2	1081.75	368.051
-3983.83	18264.2	1079.87	350.636
-3983.83	18264.2	1078.0	370.55
-3983.83	18264.2	1076.12	391.788
-3983.83	18264.2	1074.24	385.038
-3983.83	18264.2	1072.37	358.311
-3983.83	18264.2	1070.49	370.215
-3983.83	18264.2	1068.61	380.783
-3983.83	18264.2	1066.73	340.764
-3983.83	18264.2	1064.86	373.957
-3983.83	18264.2	1062.98	389.838
-3983.83	18264.2	1061.1	395.071
-3983.83	18264.2	1059.22	393.651
-3983.83	18264.2	1057.34	398.881
-3983.83	18264.2	1055.46	447.974
-3983.83	18264.2	1053.58	401.358
-3983.83	18264.2	1051.69	374.693
-3983.83	18264.2	1049.81	393.206
-3983.83	18264.2	1047.93	367.883
-3983.83	18264.2	1046.05	391.7
-3983.83	18264.2	1044.16	395.593
-3983.83	18264.2	1042.28	360.997
-3983.83	18264.2	1040.4	374.184
-3983.83	18264.2	1038.51	416.55
-3983.83	18264.2	1036.63	400.54
-3983.83	18264.2	1034.74	400.449
-3983.83	18264.2	1032.86	392.403
-3983.83	18264.2	1030.97	408.219
-3983.83	18264.2	1029.08	394.875
-3983.83	18264.2	1027.2	406.709
-3983.83	18264.2	1025.31	417.212
-3983.83	18264.2	1023.42	414.469
-3983.83	18264.2	1021.53	405.107
-3983.83	18264.2	1019.64	438.105
-3983.83	18264.2	1017.75	414.186
-3983.83	18264.2	1015.86	428.645
-3983.83	18264.2	1013.97	424.579
-3983.83	18264.2	1012.08	448.285
-3983.83	18264.2	1010.19	475.947
-3983.83	18264.2	1008.3	477.16
-3983.83	18264.2	1006.41	477.051
-3983.83	18264.2	1004.52	496.76
-3983.83	18264.2	1002.62	474.192
-3983.83	18264.2	1000.73	483.328
-3983.83	18264.2	998.837	497.741
-3983.83	18264.2	996.943	485.747
-3983.83	18264.2	995.049	496.194
-3983.83	18264.2	993.154	505.316
-3983.83	18264.2	991.258	501.244
-3983.83	18264.2	989.363	540.692
-3983.83	18264.2	987.467	559.027
-3983.83	18264.2	985.57	540.445
-3983.83	18264.2	983.673	583.811
-3983.83	18264.2	981.776	590.265
-3983.83	18264.2	979.878	592.765
-3983.83	18264.2	977.979	624.236
-3983.83	18264.2	976.081	614.877
-3983.83	18264.2	974.181	606.838
-3983.83	18264.2	972.282	634.337
-3983.83	18264.2	970.382	628.929
-3983.83	18264.2	968.481	631.416
-3983.83	18264.2	966.58	652.313
-3983.83	18264.2	964.679	650.849
-3983.83	18264.2	962.777	637.555
-3983.83	18264.2	960.875	689.978
-3983.83	18264.2	958.972	680.623
-3983.83	18264.2	957.069	693.603
-3983.83	18264.2	955.166	648.791
-3983.83	18264.2	953.262	668.337
-3983.83	18264.2	951.357	665.559
-3983.83	18264.2	949.452	683.78
-3983.83	18264.2	947.547	640.323
-3983.83	18264.2	945.641	663.789
-3983.83	18264.2	943.735	681.998
-3983.83	18264.2	941.829	670.04
-3983.83	18264.2	939.922	658.088
-3983.83	18264.2	938.014	674.975
-3983.83	18264.2	936.106	642.062
-3983.83	18264.2	934.198	661.565
-3983.83	18264.2	932.289	671.89
-3983.83	18264.2	930.38	659.951
-3983.83	18264.2	928.47	606.125
-3983.83	18264.2	926.56	624.309
-3983.83	18264.2	924.649	579.676
-3983.83	18264.2	922.738	583.467
-3983.83	18264.2	920.827	568.946
-3983.83	18264.2	918.915	568.815
-3983.83	18264.2	917.003	556.918
-3983.83	18264.2	915.09	524.114
-3983.83	18264.2	913.177	526.607
-3983.83	18264.2	911.263	523.872
-3983.83	18264.2	909.349	513.303
-3983.83	18264.2	907.435	494.903
-3983.83	18264.2	905.52	507.844
-3983.83	18264.2	903.604	526.0
-3983.83	18264.2	901.688	511.524
-3983.83	18264.2	899.772	516.625
-3983.83	18264.2	897.855	503.463
-3983.83	18264.2	895.938	482.482
-3983.83	18264.2	894.021	461.511
-3983.83	18264.2	892.103	496.597
-3983.83	18264.2	890.184	486.057
-3983.83	18264.2	888.265	474.22
-3983.83	18264.2	886.346	498.858
-3983.83	18264.2	884.426	483.116
-3983.83	18264.2	882.506	473.891
-3983.83	18264.2	880.585	488.099
-3983.83	18264.2	878.664	507.505
-3983.83	18264.2	876.742	470.96
-3983.83	18264.2	874.82	448.739
-3983.83	18264.2	872.898	474.643
-3983.83	18264.2	870.975	496.635
-3983.83	18264.2	869.051	467.924
-3983.83	18264.2	867.127	462.618
-3983.83	18264.2	865.203	465.109
-3983.83	18264.2	863.278	493.577
-3983.83	18264.2	861.353	480.476
-3983.83	18264.2	859.428	488.154
-3983.83	18264.2	857.502	462.082
-3983.83	18264.2	855.575	478.844
-3983.83	18264.2	853.648	504.681
-3983.83	18264.2	851.721	474.731
-3983.83	18264.2	849.793	500.556
-3983.83	18264.2	847.865	477.103
-3983.83	18264.2	845.936	486.065
-3983.83	18264.2	844.007	457.443
-3983.83	18264.2	842.077	478.066
-3983.83	18264.2	840.147	467.593
-3983.83	18264.2	838.216	466.189
-3983.83	18264.2	836.285	504.92
-3983.83	18264.2	834.354	459.5
-3983.83	18264.2	832.422	467.158
-3983.83	18264.2	830.49	461.874
-3983.83	18264.2	828.557	457.886
-3983.83	18264.2	826.624	499.16
-3983.83	18264.2	824.69	497.751
-3983.83	18264.2	822.756	484.709
-3983.83	18264.2	820.821	496.227
-3983.83	18264.2	818.886	463.812
-3983.83	18264.2	816.951	489.537
-3983.83	18264.2	815.015	495.879
-3983.83	18264.2	813.078	464.779
-3983.83	18264.2	811.141	507.265
-3983.83	18264.2	809.204	489.08
-3983.83	18264.2	807.266	479.935
-3983.83	18264.2	805.328	479.823
-3983.83	18264.2	803.389	464.236
-3983.83	18264.2	801.45	464.127
-3983.83	18264.2	799.511	512.999
-3983.83	18264.2	797.571	474.219
-3983.83	18264.2	795.63	463.802
-3983.83	18264.2	793.689	468.845
-3983.83	18264.2	791.748	479.037
-3983.83	18264.2	789.806	480.213
-3983.83	18264.2	787.864	469.803
-3983.83	18264.2	785.921	468.406
-3983.83	18264.2	783.978	436.133
-3983.83	18264.2	782.034	461.756
-3983.83	18264.2	780.09	451.36
-3983.83	18264.2	778.145	470.538
-3983.83	18264.2	776.2	461.431
-3983.83	18264.2	774.255	453.612
-3983.83	18264.2	772.309	450.936
-3983.83	18264.2	770.362	473.95
-3983.83	18264.2	768.416	436.599
-3983.83	18264.2	766.468	466.024
-3983.83	18264.2	764.52	468.482
-3983.83	18264.2	762.572	481.204
-3983.83	18264.2	760.624	443.886
-3983.83	18264.2	758.674	443.782
-3983.83	18264.2	756.725	469.324
-3983.83	18264.2	754.775	449.983
-3983.83	18264.2	752.824	451.159
-3983.83	18264.2	750.873	451.053
-3983.83	18264.2	748.922	447.103
-3983.83	18264.2	746.97	459.806
-3983.83	18264.2	745.017	443.051
-3983.83	18264.2	743.065	459.589
-3983.83	18264.2	741.111	451.801
-3983.83	18264.2	739.158	447.856
-3983.83	18264.2	737.203	450.309
-3983.83	18264.2	735.249	457.876
-3983.83	18264.2	733.294	437.309
-3983.83	18264.2	731.338	452.547
-3983.83	18264.2	729.382	442.215
-3983.83	18264.2	727.425	458.722
-3983.83	18264.2	725.468	459.891
-3983.83	18264.2	723.511	466.168
-3983.83	18264.2	721.553	434.136
-3983.83	18264.2	719.595	441.692
-3983.83	18264.2	717.636	441.588
-3983.83	18264.2	715.676	459.347
-3983.83	18264.2	713.717	460.514
-3983.83	18264.2	711.756	466.781
-3983.83	18264.2	709.796	450.095
-3983.83	18264.2	707.835	471.659
-3983.83	18264.2	705.873	468.998
-3983.83	18264.2	703.911	486.725
-3983.83	18264.2	701.948	459.859
-3983.83	18264.2	699.985	471.212
-3983.83	18264.2	698.022	440.542
-3983.83	18264.2	696.058	421.343
-3983.83	18264.2	694.093	455.604
-3983.83	18264.2	692.129	477.126
-3983.83	18264.2	690.163	488.461
-3983.83	18264.2	688.197	471.812
-3983.83	18264.2	686.231	453.9
-3983.83	18264.2	684.264	486.841
-3983.83	18264.2	682.297	472.746
-3983.83	18264.2	680.329	481.527
-3983.83	18264.2	678.361	476.332
-3983.83	18264.2	676.393	485.107
-3983.83	18264.2	674.423	498.958
-3983.83	18264.2	672.454	463.298
-3983.83	18264.2	670.484	472.07
-3983.83	18264.2	668.513	470.689
-3983.83	18264.2	666.542	471.845
-3983.83	18264.2	664.571	492.022
-3983.83	18264.2	662.599	470.352
-3983.83	18264.2	660.627	484.182
-3983.83	18264.2	658.654	465.058
-3983.83	18264.2	656.68	502.954
-3983.83	18264.2	654.707	477.502
-3983.83	18264.2	652.732	506.512
-3983.83	18264.2	650.758	459.55
-3983.83	18264.2	648.782	482.222
-3983.83	18264.2	646.807	498.556
-3983.83	18264.2	644.83	480.726
-3983.83	18264.2	642.854	499.582
-3983.83	18264.2	640.877	465.322
-3983.83	18264.2	638.899	471.531
-3983.83	18264.2	636.921	508.07
-3983.83	18264.2	634.942	523.11
-3983.83	18264.2	632.963	506.562
-3983.83	18264.2	630.984	487.497
-3983.83	18264.2	629.004	526.521
-3983.83	18264.2	627.023	497.361
-3983.83	18264.2	625.042	493.455
-3983.83	18264.2	623.061	521.095
-3983.83	18264.2	621.079	534.845
-3983.83	18264.2	619.097	529.672
-3983.83	18264.2	617.114	513.153
-3983.83	18264.2	615.131	504.206
-3983.83	18264.2	613.147	499.044
-3983.83	18264.2	611.163	510.263
-3983.83	18264.2	609.178	516.438
-3983.83	18264.2	607.193	520.091
-3983.83	18264.2	605.207	487.232
-3983.83	18264.2	603.221	524.875
-3983.83	18264.2	601.234	497.063
-3983.83	18264.2	599.247	494.427
-3983.83	18264.2	597.259	511.917
-3983.83	18264.2	595.271	496.703
-3983.83	18264.2	593.283	499.097
-3983.83	18264.2	591.294	504.004
-3983.83	18264.2	589.304	515.191
-3983.83	18264.2	587.314	515.066
-3983.83	18264.2	585.323	488.566
-3983.83	18264.2	583.332	509.794
-3983.83	18264.2	581.341	483.308
-3983.83	18264.2	579.349	499.506
-3983.83	18264.2	577.357	474.291
-3983.83	18264.2	575.364	539.406
-3983.83	18264.2	573.37	497.889
-3983.83	18264.2	571.376	512.814
-3983.83	18264.2	569.382	500.154
-3983.83	18264.2	567.387	483.74
-3983.83	18264.2	565.392	499.911
-3983.83	18264.2	563.396	513.568
-3983.83	18264.2	561.399	566.039
-3983.83	18264.2	559.403	504.554
-3983.83	18264.2	557.405	520.703
-3983.83	18264.2	555.408	543.101
-3983.83	18264.2	553.409	534.211
-3983.83	18264.2	551.411	557.845
-3983.83	18264.2	549.411	562.711
-3983.83	18264.2	547.412	586.326
-3983.83	18264.2	545.411	579.934
-3983.83	18264.2	543.411	636.022
-3983.83	18264.2	541.409	642.113
-3983.83	18264.2	539.408	648.2
-3983.83	18264.2	537.406	711.722
-3983.83	18264.2	535.403	765.226
-3983.83	18264.2	533.4	821.2
-3983.83	18264.2	531.396	971.973
-3983.83	18264.2	529.392	1123.92
-3983.83	18264.2	527.387	1407.98
-3983.83	18264.2	525.382	1898.88
-3983.83	18264.2	523.376	2818.33
-3983.83	18264.2	521.37	4041.39
-3983.83	18264.2	519.364	4908.78
-3983.83	18264.2	517.357	5494.24
-3983.83	18264.2	515.349	5355.91
-3983.83	18264.2	513.341	4875.28
-3983.83	18264.2	511.332	4114.84
-3983.83	18264.2	509.323	3443.12
-3983.83	18264.2	507.314	2912.31
-3983.83	18264.2	505.304	2579.51
-3983.83	18264.2	503.293	2256.83
-3983.83	18264.2	501.282	2033.75
-3983.83	18264.2	499.27	1922.64
-3983.83	18264.2	497.258	1845.13
-3983.83	18264.2	495.246	1797.47
-3983.83	18264.2	493.233	1725.0
-3983.83	18264.2	491.219	1648.83
-3983.83	18264.2	489.205	1564.02
-3983.83	18264.2	487.191	1504.06
-3983.83	18264.2	485.176	1442.9
-3983.83	18264.2	483.16	1381.76
-3983.83	18264.2	481.144	1341.74
-3983.83	18264.2	479.128	1315.37
-3983.83	18264.2	477.111	1305.13
-3983.83	18264.2	475.093	1263.92
-3983.83	18264.2	473.075	1252.45
-3983.83	18264.2	471.056	1218.7
-3983.83	18264.2	469.037	1194.87
-3983.83	18264.2	467.018	1173.53
-3983.83	18264.2	464.998	1098.98
-3983.83	18264.2	462.977	1085.1
-3983.83	18264.2	460.956	1081.12
-3983.83	18264.2	458.935	1052.41
-3983.83	18264.2	456.913	1021.24
-3983.83	18264.2	454.89	1014.8
-3983.83	18264.2	452.867	970.061
-3983.83	18264.2	450.843	1014.29
-3983.83	18264.2	448.819	957.226
-3983.83	18264.2	446.795	935.995
-3983.83	18264.2	444.77	924.65
-3983.83	18264.2	442.744	925.653
-3983.83	18264.2	440.718	892.106
-3983.83	18264.2	438.691	893.117
-3983.83	18264.2	436.664	907.692
-3983.83	18264.2	434.637	859.379
-3983.83	18264.2	432.608	878.886
-3983.83	18264.2	430.58	857.716
-3983.83	18264.2	428.551	815.611
-3983.83	18264.2	426.521	849.895
-3983.83	18264.2	424.491	829.979
-3983.83	18264.2	422.46	798.992
-3983.83	18264.2	420.429	788.945
-3983.83	18264.2	418.397	750.601
-3983.83	18264.2	416.365	803.31
-3983.83	18264.2	414.332	782.2
-3983.83	18264.2	412.299	783.233
-3983.83	18264.2	410.265	754.762
-3983.83	18264.2	408.231	813.561
-3983.83	18264.2	406.196	706.465
-3983.83	18264.2	404.161	752.963
-3983.83	18264.2	402.125	692.6
-3983.83	18264.2	400.089	701.019
-3983.83	18264.2	398.052	736.436
-3983.83	18264.2	396.015	689.62
-3983.83	18264.2	393.977	738.516
-3983.83	18264.2	391.938	738.329
-3983.83	18264.2	389.899	729.559
-3983.83	18264.2	387.86	728.148
-3983.83	18264.2	385.82	721.836
-3983.83	18264.2	383.78	715.527
-3983.83	18264.2	381.739	720.244
-3983.83	18264.2	379.697	717.612
-3983.83	18264.2	377.655	696.617
-3983.83	18264.2	375.613	744.175
-3983.83	18264.2	373.57	756.222
-3983.83	18264.2	371.526	718.105
-3983.83	18264.2	369.482	725.261
-3983.83	18264.2	367.437	712.848
-3983.83	18264.2	365.392	700.442
-3983.83	18264.2	363.346	722.261
-3983.83	18264.2	361.3	717.19
-3983.83	18264.2	359.254	688.912
-3983.83	18264.2	357.206	692.4
-3983.83	18264.2	355.159	697.106
-3983.83	18264.2	353.11	679.84
-3983.83	18264.2	351.062	713.832
-3983.83	18264.2	349.012	712.429
-3983.83	18264.2	346.962	676.878
-3983.83	18264.2	344.912	723.037
-3983.83	18264.2	342.861	699.691
-3983.83	18264.2	340.81	717.791
-3983.83	18264.2	338.758	688.366
-3983.83	18264.2	336.705	723.512
-3983.83	18264.2	334.652	753.769
-3983.83	18264.2	332.599	742.618
-3983.83	18264.2	330.545	729.039
-3983.83	18264.2	328.49	738.585
-3983.83	18264.2	326.435	707.983
-3983.83	18264.2	324.379	756.446
-3983.83	18264.2	322.323	745.308
-3983.83	18264.2	320.266	762.133
-3983.83	18264.2	318.209	742.492
-3983.83	18264.2	316.151	755.664
-3983.83	18264.2	314.093	700.812
-3983.83	18264.2	312.034	761.344
-3983.83	18264.2	309.975	784.211
-3983.83	18264.2	307.915	808.281
-3983.83	18264.2	305.854	786.231
-3983.83	18264.2	303.793	818.778
-3983.83	18264.2	301.732	761.569
-3983.83	18264.2	299.67	784.406
-3983.83	18264.2	297.607	770.869
-3983.83	18264.2	295.544	791.268
-3983.83	18264.2	293.48	766.833
-3983.83	18264.2	291.416	776.322
-3983.83	18264.2	289.351	718.001
-3983.83	18264.2	287.286	763.812
-3983.83	18264.2	285.22	699.474
-3983.83	18264.2	283.154	741.636
-3983.83	18264.2	281.087	718.461
-3983.83	18264.2	279.019	721.9
-3983.83	18264.2	276.951	708.413
-3983.83	18264.2	274.883	690.099
-3983.83	18264.2	272.814	702.001
-3983.83	18264.2	270.744	676.449
-3983.83	18264.2	268.674	673.857
-3983.83	18264.2	266.603	685.753
-3983.83	18264.2	264.532	679.537
-3983.83	18264.2	262.46	666.085
-3983.83	18264.2	260.388	658.671
-3983.83	18264.2	258.315	663.322
-3983.83	18264.2	256.241	692.084
-3983.83	18264.2	254.167	631.632
-3983.83	18264.2	252.093	635.08
-3983.83	18264.2	250.018	630.093
-3983.83	18264.2	247.942	640.767
-3983.83	18264.2	245.866	646.618
-3983.83	18264.2	243.789	646.447
-3983.83	18264.2	241.712	625.816
-3983.83	18264.2	239.634	602.79
-3983.83	18264.2	237.556	602.63
-3983.83	18264.2	235.477	615.698
-3983.83	18264.2	233.397	610.725
-3983.83	18264.2	231.317	610.563
-3983.83	18264.2	229.237	598.385
-3983.83	18264.2	227.155	572.999
-3983.83	18264.2	225.074	569.244
-3983.83	18264.2	222.991	596.706
-3983.83	18264.2	220.909	576.142
-3983.83	18264.2	218.825	541.189
-3983.83	18264.2	216.741	568.636
-3983.83	18264.2	214.657	568.484
-3983.83	18264.2	212.572	562.337
-3983.83	18264.2	210.486	557.392
-3983.83	18264.2	208.4	563.234
-3983.83	18264.2	206.313	560.687
-3983.83	18264.2	204.226	586.887
-3983.83	18264.2	202.138	622.652
-3983.83	18264.2	200.05	575.798
-3983.83	18264.2	197.961	641.465
-3983.83	18264.2	195.871	604.203
-3983.83	18264.2	193.781	631.551
-3983.83	18264.2	191.691	654.101
-3983.83	18264.2	189.599	677.834
-3983.83	18264.2	187.508	660.919
-3983.83	18264.2	185.415	657.156
-3983.83	18264.2	183.322	698.786
-3983.83	18264.2	181.229	685.461
-3983.83	18264.2	179.135	698.408
-3983.83	18264.2	177.04	671.961
-3983.83	18264.2	174.945	690.87
-3983.83	18264.2	172.849	675.175
-3983.83	18264.2	170.753	702.421
-3983.83	18264.2	168.656	673.616
-3983.83	18264.2	166.558	721.11
-3983.83	18264.2	164.46	739.979
-3983.83	18264.2	162.362	709.996
-3983.83	18264.2	160.263	733.622
-3983.83	18264.2	158.163	715.562
-3983.83	18264.2	156.063	716.557
-3983.83	18264.2	153.962	723.501
-3983.83	18264.2	151.86	710.217
-3983.83	18264.2	149.758	729.052
-3983.83	18264.2	147.656	744.31
-3983.83	18264.2	145.552	729.842
-3983.83	18264.2	143.449	705.875
-3983.83	18264.2	141.344	736.569
-3983.83	18264.2	139.239	720.927
-3983.83	18264.2	137.134	737.352
-3983.83	18264.2	135.028	727.653
-3983.83	18264.2	132.921	702.532
-3983.83	18264.2	130.814	731.998
-3983.83	18264.2	128.706	712.819
-3983.83	18264.2	126.598	758.866
-3983.83	18264.2	124.489	705.313
-3983.83	18264.2	122.379	708.674
-3983.83	18264.2	120.269	683.598
-3983.83	18264.2	118.158	703.544
-3983.83	18264.2	116.047	664.274
-3983.83	18264.2	113.935	636.863
-3983.83	18264.2	111.822	643.787
-3983.83	18264.2	109.709	642.425
-3983.83	18264.2	107.596	615.043
-3983.83	18264.2	105.481	586.493
-3983.83	18264.2	103.367	592.241
-3983.83	18264.2	101.251	566.076
-3983.83	18264.2	99.1351	531.656
-3983.83	18264.2	97.0184	523.24
-3983.83	18264.2	94.9012	497.116
-3983.83	18264.2	92.7834	504.06
-3983.83	18264.2	90.665	461.434
-3983.83	18264.2	88.546	427.09
-3983.83	18264.2	86.4265	432.868
-3983.83	18264.2	84.3063	464.584
-3983.83	18264.2	82.1855	394.903
-3983.83	18264.2	80.0641	421.897
-3983.83	18264.2	77.9422	380.543
