-3983.83	18278.2	1979.41	452.107
-3983.83	18278.2	1977.72	471.237
-3983.83	18278.2	1976.02	431.282
-3983.83	18278.2	1974.33	447.455
-3983.83	18278.2	1972.64	451.812
-3983.83	18278.2	1970.94	454.69
-3983.83	18278.2	1969.25	426.571
-3983.83	18278.2	1967.56	458.968
-3983.83	18278.2	1965.86	454.466
-3983.83	18278.2	1964.17	423.41
-3983.83	18278.2	1962.47	433.665
-3983.83	18278.2	1960.78	436.543
-3983.83	18278.2	1959.08	430.572
-3983.83	18278.2	1957.39	462.936
-3983.83	18278.2	1955.69	462.859
-3983.83	18278.2	1953.99	437.727
-3983.83	18278.2	1952.3	478.914
-3983.83	18278.2	1950.6	436.108
-3983.83	18278.2	1948.9	458.131
-3983.83	18278.2	1947.21	458.054
-3983.83	18278.2	1945.51	449.142
-3983.83	18278.2	1943.81	466.735
-3983.83	18278.2	1942.11	446.047
-3983.83	18278.2	1940.41	423.894
-3983.83	18278.2	1938.71	438.539
-3983.83	18278.2	1937.01	456.121
-3983.83	18278.2	1935.32	476.639
-3983.83	18278.2	1933.62	455.967
-3983.83	18278.2	1931.92	419.124
-3983.83	18278.2	1930.22	448.46
-3983.83	18278.2	1928.51	452.794
-3983.83	18278.2	1926.81	430.669
-3983.83	18278.2	1925.11	433.535
-3983.83	18278.2	1923.41	436.4
-3983.83	18278.2	1921.71	424.572
-3983.83	18278.2	1920.01	449.47
-3983.83	18278.2	1918.31	461.142
-3983.83	18278.2	1916.6	439.037
-3983.83	18278.2	1914.9	414.004
-3983.83	18278.2	1913.2	422.74
-3983.83	18278.2	1911.49	453.487
-3983.83	18278.2	1909.79	449.007
-3983.83	18278.2	1908.09	431.324
-3983.83	18278.2	1906.38	426.849
-3983.83	18278.2	1904.68	453.173
-3983.83	18278.2	1902.97	441.364
-3983.83	18278.2	1901.27	411.966
-3983.83	18278.2	1899.56	403.099
-3983.83	18278.2	1897.85	423.547
-3983.83	18278.2	1896.15	379.514
-3983.83	18278.2	1894.44	440.98
-3983.83	18278.2	1892.74	445.297
-3983.83	18278.2	1891.03	424.716
-3983.83	18278.2	1889.32	427.57
-3983.83	18278.2	1887.61	406.999
-3983.83	18278.2	1885.91	412.782
-3983.83	18278.2	1884.2	444.907
-3983.83	18278.2	1882.49	412.637
-3983.83	18278.2	1880.78	434.509
-3983.83	18278.2	1879.07	438.821
-3983.83	18278.2	1877.36	438.743
-3983.83	18278.2	1875.65	412.345
-3983.83	18278.2	1873.94	396.191
-3983.83	18278.2	1872.23	422.431
-3983.83	18278.2	1870.52	416.51
-3983.83	18278.2	1868.81	433.97
-3983.83	18278.2	1867.1	436.815
-3983.83	18278.2	1865.39	425.052
-3983.83	18278.2	1863.68	449.803
-3983.83	18278.2	1861.96	421.98
-3983.83	18278.2	1860.25	420.444
-3983.83	18278.2	1858.54	449.561
-3983.83	18278.2	1856.82	426.131
-3983.83	18278.2	1855.11	446.482
-3983.83	18278.2	1853.4	446.402
-3983.83	18278.2	1851.68	434.653
-3983.83	18278.2	1849.97	450.616
-3983.83	18278.2	1848.25	433.038
-3983.83	18278.2	1846.54	425.671
-3983.83	18278.2	1844.82	419.764
-3983.83	18278.2	1843.11	421.146
-3983.83	18278.2	1841.39	410.87
-3983.83	18278.2	1839.68	420.993
-3983.83	18278.2	1837.96	434.025
-3983.83	18278.2	1836.24	431.033
-3983.83	18278.2	1834.53	422.219
-3983.83	18278.2	1832.81	448.344
-3983.83	18278.2	1831.09	432.253
-3983.83	18278.2	1829.37	404.527
-3983.83	18278.2	1827.65	445.189
-3983.83	18278.2	1825.94	426.198
-3983.83	18278.2	1824.22	397.033
-3983.83	18278.2	1822.5	404.231
-3983.83	18278.2	1820.78	389.619
-3983.83	18278.2	1819.06	438.967
-3983.83	18278.2	1817.34	435.98
-3983.83	18278.2	1815.62	430.088
-3983.83	18278.2	1813.9	398.048
-3983.83	18278.2	1812.18	396.523
-3983.83	18278.2	1810.45	409.519
-3983.83	18278.2	1808.73	407.992
-3983.83	18278.2	1807.01	422.433
-3983.83	18278.2	1805.29	419.452
-3983.83	18278.2	1803.56	407.765
-3983.83	18278.2	1801.84	409.14
-3983.83	18278.2	1800.12	409.064
-3983.83	18278.2	1798.39	427.842
-3983.83	18278.2	1796.67	420.512
-3983.83	18278.2	1794.95	401.587
-3983.83	18278.2	1793.22	417.456
-3983.83	18278.2	1791.5	424.625
-3983.83	18278.2	1789.77	402.811
-3983.83	18278.2	1788.04	408.53
-3983.83	18278.2	1786.32	437.422
-3983.83	18278.2	1784.59	417.066
-3983.83	18278.2	1782.87	392.374
-3983.83	18278.2	1781.14	414.014
-3983.83	18278.2	1779.41	416.831
-3983.83	18278.2	1777.68	389.259
-3983.83	18278.2	1775.96	419.568
-3983.83	18278.2	1774.23	433.954
-3983.83	18278.2	1772.5	378.915
-3983.83	18278.2	1770.77	406.317
-3983.83	18278.2	1769.04	413.468
-3983.83	18278.2	1767.31	422.063
-3983.83	18278.2	1765.58	427.763
-3983.83	18278.2	1763.85	400.23
-3983.83	18278.2	1762.12	456.493
-3983.83	18278.2	1760.39	420.298
-3983.83	18278.2	1758.66	397.114
-3983.83	18278.2	1756.93	430.245
-3983.83	18278.2	1755.19	448.929
-3983.83	18278.2	1753.46	418.535
-3983.83	18278.2	1751.73	401.14
-3983.83	18278.2	1750.0	418.376
-3983.83	18278.2	1748.26	428.392
-3983.83	18278.2	1746.53	399.468
-3983.83	18278.2	1744.8	405.159
-3983.83	18278.2	1743.06	410.848
-3983.83	18278.2	1741.33	399.238
-3983.83	18278.2	1739.59	420.777
-3983.83	18278.2	1737.86	427.9
-3983.83	18278.2	1736.12	404.77
-3983.83	18278.2	1734.39	377.329
-3983.83	18278.2	1732.65	420.453
-3983.83	18278.2	1730.91	413.174
-3983.83	18278.2	1729.18	400.14
-3983.83	18278.2	1727.44	413.015
-3983.83	18278.2	1725.7	417.251
-3983.83	18278.2	1723.96	422.925
-3983.83	18278.2	1722.23	404.146
-3983.83	18278.2	1720.49	375.308
-3983.83	18278.2	1718.75	399.676
-3983.83	18278.2	1717.01	392.412
-3983.83	18278.2	1715.27	399.521
-3983.83	18278.2	1713.53	373.58
-3983.83	18278.2	1711.79	410.858
-3983.83	18278.2	1710.05	416.523
-3983.83	18278.2	1708.31	404.954
-3983.83	18278.2	1706.57	423.54
-3983.83	18278.2	1704.82	404.796
-3983.83	18278.2	1703.08	391.801
-3983.83	18278.2	1701.34	411.812
-3983.83	18278.2	1699.6	403.124
-3983.83	18278.2	1697.85	397.308
-3983.83	18278.2	1696.11	404.4
-3983.83	18278.2	1694.37	392.851
-3983.83	18278.2	1692.62	404.242
-3983.83	18278.2	1690.88	401.296
-3983.83	18278.2	1689.13	422.711
-3983.83	18278.2	1687.39	422.628
-3983.83	18278.2	1685.64	415.383
-3983.83	18278.2	1683.9	415.301
-3983.83	18278.2	1682.15	423.81
-3983.83	18278.2	1680.41	423.726
-3983.83	18278.2	1678.66	397.881
-3983.83	18278.2	1676.91	413.542
-3983.83	18278.2	1675.16	397.723
-3983.83	18278.2	1673.42	383.341
-3983.83	18278.2	1671.67	377.545
-3983.83	18278.2	1669.92	394.628
-3983.83	18278.2	1668.17	388.831
-3983.83	18278.2	1666.42	391.613
-3983.83	18278.2	1664.67	421.543
-3983.83	18278.2	1662.92	418.602
-3983.83	18278.2	1661.17	397.093
-3983.83	18278.2	1659.42	394.158
-3983.83	18278.2	1657.67	386.94
-3983.83	18278.2	1655.92	419.696
-3983.83	18278.2	1654.17	408.195
-3983.83	18278.2	1652.42	416.675
-3983.83	18278.2	1650.66	402.325
-3983.83	18278.2	1648.91	402.245
-3983.83	18278.2	1647.16	399.312
-3983.83	18278.2	1645.41	393.529
-3983.83	18278.2	1643.65	393.45
-3983.83	18278.2	1641.9	391.946
-3983.83	18278.2	1640.14	389.017
-3983.83	18278.2	1638.39	408.885
-3983.83	18278.2	1636.63	360.373
-3983.83	18278.2	1634.88	387.359
-3983.83	18278.2	1633.12	374.467
-3983.83	18278.2	1631.37	394.321
-3983.83	18278.2	1629.61	401.358
-3983.83	18278.2	1627.85	375.663
-3983.83	18278.2	1626.09	385.546
-3983.83	18278.2	1624.34	426.718
-3983.83	18278.2	1622.58	383.969
-3983.83	18278.2	1620.82	405.219
-3983.83	18278.2	1619.06	379.549
-3983.83	18278.2	1617.3	375.209
-3983.83	18278.2	1615.54	380.817
-3983.83	18278.2	1613.78	392.105
-3983.83	18278.2	1612.02	404.809
-3983.83	18278.2	1610.26	393.366
-3983.83	18278.2	1608.5	397.546
-3983.83	18278.2	1606.74	408.821
-3983.83	18278.2	1604.98	376.096
-3983.83	18278.2	1603.22	400.141
-3983.83	18278.2	1601.46	411.409
-3983.83	18278.2	1599.69	385.795
-3983.83	18278.2	1597.93	395.643
-3983.83	18278.2	1596.17	389.891
-3983.83	18278.2	1594.4	382.724
-3983.83	18278.2	1592.64	393.984
-3983.83	18278.2	1590.88	375.483
-3983.83	18278.2	1589.11	399.489
-3983.83	18278.2	1587.35	406.489
-3983.83	18278.2	1585.58	399.326
-3983.83	18278.2	1583.81	399.244
-3983.83	18278.2	1582.05	380.761
-3983.83	18278.2	1580.28	379.268
-3983.83	18278.2	1578.51	369.286
-3983.83	18278.2	1576.75	390.43
-3983.83	18278.2	1574.98	394.592
-3983.83	18278.2	1573.21	383.199
-3983.83	18278.2	1571.44	397.258
-3983.83	18278.2	1569.67	353.36
-3983.83	18278.2	1567.91	384.376
-3983.83	18278.2	1566.14	380.059
-3983.83	18278.2	1564.37	368.68
-3983.83	18278.2	1562.6	368.604
-3983.83	18278.2	1560.83	402.415
-3983.83	18278.2	1559.05	396.686
-3983.83	18278.2	1557.28	396.604
-3983.83	18278.2	1555.51	359.833
-3983.83	18278.2	1553.74	385.153
-3983.83	18278.2	1551.97	358.274
-3983.83	18278.2	1550.19	382.174
-3983.83	18278.2	1548.42	380.685
-3983.83	18278.2	1546.65	351.003
-3983.83	18278.2	1544.87	390.393
-3983.83	18278.2	1543.1	397.357
-3983.83	18278.2	1541.32	384.596
-3983.83	18278.2	1539.55	383.107
-3983.83	18278.2	1537.77	371.762
-3983.83	18278.2	1536.0	378.725
-3983.83	18278.2	1534.22	361.755
-3983.83	18278.2	1532.45	406.713
-3983.83	18278.2	1530.67	375.674
-3983.83	18278.2	1528.89	377.003
-3983.83	18278.2	1527.11	368.486
-3983.83	18278.2	1525.34	367.003
-3983.83	18278.2	1523.56	386.608
-3983.83	18278.2	1521.78	378.094
-3983.83	18278.2	1520.0	396.284
-3983.83	18278.2	1518.22	363.887
-3983.83	18278.2	1516.44	368.025
-3983.83	18278.2	1514.66	400.249
-3983.83	18278.2	1512.88	379.104
-3983.83	18278.2	1511.1	369.198
-3983.83	18278.2	1509.32	360.7
-3983.83	18278.2	1507.54	366.237
-3983.83	18278.2	1505.76	395.621
-3983.83	18278.2	1503.97	389.928
-3983.83	18278.2	1502.19	378.628
-3983.83	18278.2	1500.41	381.352
-3983.83	18278.2	1498.62	391.084
-3983.83	18278.2	1496.84	362.973
-3983.83	18278.2	1495.06	392.321
-3983.83	18278.2	1493.27	355.817
-3983.83	18278.2	1491.49	371.148
-3983.83	18278.2	1489.7	359.868
-3983.83	18278.2	1487.91	389.191
-3983.83	18278.2	1486.13	382.111
-3983.83	18278.2	1484.34	347.046
-3983.83	18278.2	1482.55	387.546
-3983.83	18278.2	1480.77	373.477
-3983.83	18278.2	1478.98	369.202
-3983.83	18278.2	1477.19	387.301
-3983.83	18278.2	1475.4	384.423
-3983.83	18278.2	1473.61	392.728
-3983.83	18278.2	1471.83	380.069
-3983.83	18278.2	1470.04	363.224
-3983.83	18278.2	1468.25	357.561
-3983.83	18278.2	1466.46	353.296
-3983.83	18278.2	1464.67	362.994
-3983.83	18278.2	1462.87	347.563
-3983.83	18278.2	1461.08	360.049
-3983.83	18278.2	1459.29	393.458
-3983.83	18278.2	1457.5	380.821
-3983.83	18278.2	1455.71	407.238
-3983.83	18278.2	1453.91	383.448
-3983.83	18278.2	1452.12	369.426
-3983.83	18278.2	1450.33	384.678
-3983.83	18278.2	1448.53	360.908
-3983.83	18278.2	1446.74	365.011
-3983.83	18278.2	1444.94	364.933
-3983.83	18278.2	1443.15	377.388
-3983.83	18278.2	1441.35	374.523
-3983.83	18278.2	1439.56	366.092
-3983.83	18278.2	1437.76	385.497
-3983.83	18278.2	1435.96	365.936
-3983.83	18278.2	1434.17	371.422
-3983.83	18278.2	1432.37	374.124
-3983.83	18278.2	1430.57	376.826
-3983.83	18278.2	1428.77	337.819
-3983.83	18278.2	1426.97	353.036
-3983.83	18278.2	1425.17	391.87
-3983.83	18278.2	1423.37	368.168
-3983.83	18278.2	1421.58	379.201
-3983.83	18278.2	1419.77	345.791
-3983.83	18278.2	1417.97	362.378
-3983.83	18278.2	1416.17	356.748
-3983.83	18278.2	1414.37	362.223
-3983.83	18278.2	1412.57	360.757
-3983.83	18278.2	1410.77	374.552
-3983.83	18278.2	1408.97	386.954
-3983.83	18278.2	1407.16	349.432
-3983.83	18278.2	1405.36	356.289
-3983.83	18278.2	1403.56	383.933
-3983.83	18278.2	1401.75	390.779
-3983.83	18278.2	1399.95	380.997
-3983.83	18278.2	1398.14	371.219
-3983.83	18278.2	1396.34	350.367
-3983.83	18278.2	1394.53	362.752
-3983.83	18278.2	1392.73	384.822
-3983.83	18278.2	1390.92	370.9
-3983.83	18278.2	1389.11	344.531
-3983.83	18278.2	1387.3	345.84
-3983.83	18278.2	1385.5	338.85
-3983.83	18278.2	1383.69	363.667
-3983.83	18278.2	1381.88	370.501
-3983.83	18278.2	1380.07	370.421
-3983.83	18278.2	1378.26	367.577
-3983.83	18278.2	1376.45	384.076
-3983.83	18278.2	1374.64	388.137
-3983.83	18278.2	1372.83	372.863
-3983.83	18278.2	1371.02	394.873
-3983.83	18278.2	1369.21	398.929
-3983.83	18278.2	1367.4	360.2
-3983.83	18278.2	1365.59	382.199
-3983.83	18278.2	1363.78	364.183
-3983.83	18278.2	1361.96	362.725
-3983.83	18278.2	1360.15	346.099
-3983.83	18278.2	1358.34	351.539
-3983.83	18278.2	1356.52	365.245
-3983.83	18278.2	1354.71	363.788
-3983.83	18278.2	1352.89	363.709
-3983.83	18278.2	1351.08	358.121
-3983.83	18278.2	1349.26	355.289
-3983.83	18278.2	1347.45	362.096
-3983.83	18278.2	1345.63	346.876
-3983.83	18278.2	1343.81	356.434
-3983.83	18278.2	1342.0	345.349
-3983.83	18278.2	1340.18	372.786
-3983.83	18278.2	1338.36	364.453
-3983.83	18278.2	1336.54	373.999
-3983.83	18278.2	1334.73	361.545
-3983.83	18278.2	1332.91	353.22
-3983.83	18278.2	1331.09	368.258
-3983.83	18278.2	1329.27	351.692
-3983.83	18278.2	1327.45	365.351
-3983.83	18278.2	1325.63	358.405
-3983.83	18278.2	1323.81	367.937
-3983.83	18278.2	1321.98	373.347
-3983.83	18278.2	1320.16	356.798
-3983.83	18278.2	1318.34	364.952
-3983.83	18278.2	1316.52	349.784
-3983.83	18278.2	1314.7	352.45
-3983.83	18278.2	1312.87	374.311
-3983.83	18278.2	1311.05	367.375
-3983.83	18278.2	1309.22	367.295
-3983.83	18278.2	1307.4	346.661
-3983.83	18278.2	1305.57	380.833
-3983.83	18278.2	1303.75	342.401
-3983.83	18278.2	1301.92	371.081
-3983.83	18278.2	1300.1	339.513
-3983.83	18278.2	1298.27	342.176
-3983.83	18278.2	1296.44	344.838
-3983.83	18278.2	1294.62	368.02
-3983.83	18278.2	1292.79	361.1
-3983.83	18278.2	1290.96	367.859
-3983.83	18278.2	1289.13	345.903
-3983.83	18278.2	1287.3	366.33
-3983.83	18278.2	1285.47	338.918
-3983.83	18278.2	1283.64	362.071
-3983.83	18278.2	1281.81	368.821
-3983.83	18278.2	1279.98	372.837
-3983.83	18278.2	1278.15	355.005
-3983.83	18278.2	1276.32	356.292
-3983.83	18278.2	1274.49	376.686
-3983.83	18278.2	1272.66	371.145
-3983.83	18278.2	1270.82	345.144
-3983.83	18278.2	1268.99	350.523
-3983.83	18278.2	1267.16	344.992
-3983.83	18278.2	1265.32	336.736
-3983.83	18278.2	1263.49	372.1
-3983.83	18278.2	1261.66	347.489
-3983.83	18278.2	1259.82	367.849
-3983.83	18278.2	1257.98	363.681
-3983.83	18278.2	1256.15	348.621
-3983.83	18278.2	1254.31	363.521
-3983.83	18278.2	1252.48	363.441
-3983.83	18278.2	1250.64	338.864
-3983.83	18278.2	1248.8	391.853
-3983.83	18278.2	1246.96	383.604
-3983.83	18278.2	1245.13	342.72
-3983.83	18278.2	1243.29	357.601
-3983.83	18278.2	1241.45	371.116
-3983.83	18278.2	1239.61	403.652
-3983.83	18278.2	1237.77	376.387
-3983.83	18278.2	1235.93	357.284
-3983.83	18278.2	1234.09	355.847
-3983.83	18278.2	1232.25	355.768
-3983.83	18278.2	1230.41	380.126
-3983.83	18278.2	1228.56	365.112
-3983.83	18278.2	1226.72	339.248
-3983.83	18278.2	1224.88	362.237
-3983.83	18278.2	1223.04	349.949
-3983.83	18278.2	1221.19	344.447
-3983.83	18278.2	1219.35	359.284
-3983.83	18278.2	1217.5	367.338
-3983.83	18278.2	1215.66	367.256
-3983.83	18278.2	1213.81	353.626
-3983.83	18278.2	1211.97	360.32
-3983.83	18278.2	1210.12	373.783
-3983.83	18278.2	1208.28	322.249
-3983.83	18278.2	1206.43	369.556
-3983.83	18278.2	1204.58	372.181
-3983.83	18278.2	1202.73	338.271
-3983.83	18278.2	1200.89	353.076
-3983.83	18278.2	1199.04	352.998
-3983.83	18278.2	1197.19	374.554
-3983.83	18278.2	1195.34	350.137
-3983.83	18278.2	1193.49	348.708
-3983.83	18278.2	1191.64	343.225
-3983.83	18278.2	1189.79	351.254
-3983.83	18278.2	1187.94	357.929
-3983.83	18278.2	1186.09	356.499
-3983.83	18278.2	1184.23	363.17
-3983.83	18278.2	1182.38	352.291
-3983.83	18278.2	1180.53	410.24
-3983.83	18278.2	1178.68	360.229
-3983.83	18278.2	1176.82	338.567
-3983.83	18278.2	1174.97	357.371
-3983.83	18278.2	1173.12	350.55
-3983.83	18278.2	1171.26	353.168
-3983.83	18278.2	1169.41	353.089
-3983.83	18278.2	1167.55	371.873
-3983.83	18278.2	1165.69	347.543
-3983.83	18278.2	1163.84	360.933
-3983.83	18278.2	1161.98	337.962
-3983.83	18278.2	1160.12	351.349
-3983.83	18278.2	1158.27	356.653
-3983.83	18278.2	1156.41	335.045
-3983.83	18278.2	1154.55	351.113
-3983.83	18278.2	1152.69	346.999
-3983.83	18278.2	1150.83	359.024
-3983.83	18278.2	1148.97	372.387
-3983.83	18278.2	1147.11	368.271
-3983.83	18278.2	1145.25	346.689
-3983.83	18278.2	1143.39	339.894
-3983.83	18278.2	1141.53	365.337
-3983.83	18278.2	1139.67	359.884
-3983.83	18278.2	1137.81	378.599
-3983.83	18278.2	1135.94	365.092
-3983.83	18278.2	1134.08	367.694
-3983.83	18278.2	1132.22	374.32
-3983.83	18278.2	1130.35	347.409
-3983.83	18278.2	1128.49	352.695
-3983.83	18278.2	1126.62	368.705
-3983.83	18278.2	1124.76	378.005
-3983.83	18278.2	1122.89	355.138
-3983.83	18278.2	1121.03	372.476
-3983.83	18278.2	1119.16	363.015
-3983.83	18278.2	1117.3	364.273
-3983.83	18278.2	1115.43	338.751
-3983.83	18278.2	1113.56	388.205
-3983.83	18278.2	1111.69	366.704
-3983.83	18278.2	1109.82	390.706
-3983.83	18278.2	1107.96	393.293
-3983.83	18278.2	1106.09	369.131
-3983.83	18278.2	1104.22	377.071
-3983.83	18278.2	1102.35	387.681
-3983.83	18278.2	1100.48	387.593
-3983.83	18278.2	1098.61	360.781
-3983.83	18278.2	1096.73	380.739
-3983.83	18278.2	1094.86	353.941
-3983.83	18278.2	1092.99	360.537
-3983.83	18278.2	1091.12	361.791
-3983.83	18278.2	1089.24	383.065
-3983.83	18278.2	1087.37	380.31
-3983.83	18278.2	1085.5	380.224
-3983.83	18278.2	1083.62	364.132
-3983.83	18278.2	1081.75	342.714
-3983.83	18278.2	1079.87	350.636
-3983.83	18278.2	1078.0	386.545
-3983.83	18278.2	1076.12	365.136
-3983.83	18278.2	1074.24	375.712
-3983.83	18278.2	1072.37	391.611
-3983.83	18278.2	1070.49	366.22
-3983.83	18278.2	1068.61	391.434
-3983.83	18278.2	1066.73	386.021
-3983.83	18278.2	1064.86	396.58
-3983.83	18278.2	1062.98	403.143
-3983.83	18278.2	1061.1	385.759
-3983.83	18278.2	1059.22	388.332
-3983.83	18278.2	1057.34	372.289
-3983.83	18278.2	1055.46	425.376
-3983.83	18278.2	1053.58	389.397
-3983.83	18278.2	1051.69	389.309
-3983.83	18278.2	1049.81	397.191
-3983.83	18278.2	1047.93	381.164
-3983.83	18278.2	1046.05	397.011
-3983.83	18278.2	1044.16	378.336
-3983.83	18278.2	1042.28	388.868
-3983.83	18278.2	1040.4	396.741
-3983.83	18278.2	1038.51	423.182
-3983.83	18278.2	1036.63	366.056
-3983.83	18278.2	1034.74	405.753
-3983.83	18278.2	1032.86	392.403
-3983.83	18278.2	1030.97	422.798
-3983.83	18278.2	1029.08	428.003
-3983.83	18278.2	1027.2	427.905
-3983.83	18278.2	1025.31	417.212
-3983.83	18278.2	1023.42	409.172
-3983.83	18278.2	1021.53	415.699
-3983.83	18278.2	1019.64	434.134
-3983.83	18278.2	1017.75	419.479
-3983.83	18278.2	1015.86	436.582
-3983.83	18278.2	1013.97	461.614
-3983.83	18278.2	1012.08	399.357
-3983.83	18278.2	1010.19	489.167
-3983.83	18278.2	1008.3	446.759
-3983.83	18278.2	1006.41	465.158
-3983.83	18278.2	1004.52	446.556
-3983.83	18278.2	1002.62	499.289
-3983.83	18278.2	1000.73	503.136
-3983.83	18278.2	998.837	460.773
-3983.83	18278.2	996.943	477.828
-3983.83	18278.2	995.049	506.751
-3983.83	18278.2	993.154	501.358
-3983.83	18278.2	991.258	505.201
-3983.83	18278.2	989.363	507.723
-3983.83	18278.2	987.467	544.524
-3983.83	18278.2	985.57	565.49
-3983.83	18278.2	983.673	575.904
-3983.83	18278.2	981.776	549.421
-3983.83	18278.2	979.878	562.468
-3983.83	18278.2	977.979	579.46
-3983.83	18278.2	976.081	591.177
-3983.83	18278.2	974.181	613.42
-3983.83	18278.2	972.282	614.596
-3983.83	18278.2	970.382	615.771
-3983.83	18278.2	968.481	641.939
-3983.83	18278.2	966.58	640.477
-3983.83	18278.2	964.679	610.089
-3983.83	18278.2	962.777	641.498
-3983.83	18278.2	960.875	651.865
-3983.83	18278.2	958.972	641.204
-3983.83	18278.2	957.069	614.785
-3983.83	18278.2	955.166	627.777
-3983.83	18278.2	953.262	636.824
-3983.83	18278.2	951.357	630.115
-3983.83	18278.2	949.452	671.968
-3983.83	18278.2	947.547	667.878
-3983.83	18278.2	945.641	650.67
-3983.83	18278.2	943.735	657.079
-3983.83	18278.2	941.829	649.06
-3983.83	18278.2	939.922	638.424
-3983.83	18278.2	938.014	618.618
-3983.83	18278.2	936.106	638.131
-3983.83	18278.2	934.198	620.954
-3983.83	18278.2	932.289	618.191
-3983.83	18278.2	930.38	603.646
-3983.83	18278.2	928.47	613.98
-3983.83	18278.2	926.56	594.206
-3983.83	18278.2	924.649	595.378
-3983.83	18278.2	922.738	566.46
-3983.83	18278.2	920.827	557.174
-3983.83	18278.2	918.915	560.969
-3983.83	18278.2	917.003	556.918
-3983.83	18278.2	915.09	541.105
-3983.83	18278.2	913.177	543.594
-3983.83	18278.2	911.263	518.647
-3983.83	18278.2	909.349	532.895
-3983.83	18278.2	907.435	527.548
-3983.83	18278.2	905.52	550.926
-3983.83	18278.2	903.604	503.811
-3983.83	18278.2	901.688	510.22
-3983.83	18278.2	899.772	486.619
-3983.83	18278.2	897.855	481.289
-3983.83	18278.2	895.938	503.346
-3983.83	18278.2	894.021	491.497
-3983.83	18278.2	892.103	491.383
-3983.83	18278.2	890.184	473.026
-3983.83	18278.2	888.265	487.248
-3983.83	18278.2	886.346	459.783
-3983.83	18278.2	884.426	492.231
-3983.83	18278.2	882.506	485.608
-3983.83	18278.2	880.585	492.003
-3983.83	18278.2	878.664	450.248
-3983.83	18278.2	876.742	460.552
-3983.83	18278.2	874.82	461.746
-3983.83	18278.2	872.898	459.038
-3983.83	18278.2	870.975	478.433
-3983.83	18278.2	869.051	493.92
-3983.83	18278.2	867.127	478.212
-3983.83	18278.2	865.203	480.699
-3983.83	18278.2	863.278	476.691
-3983.83	18278.2	861.353	464.893
-3983.83	18278.2	859.428	472.575
-3983.83	18278.2	857.502	481.551
-3983.83	18278.2	855.575	473.653
-3983.83	18278.2	853.648	474.841
-3983.83	18278.2	851.721	485.107
-3983.83	18278.2	849.793	455.169
-3983.83	18278.2	847.865	466.731
-3983.83	18278.2	845.936	465.327
-3983.83	18278.2	844.007	453.556
-3983.83	18278.2	842.077	471.588
-3983.83	18278.2	840.147	498.679
-3983.83	18278.2	838.216	495.973
-3983.83	18278.2	836.285	506.215
-3983.83	18278.2	834.354	478.916
-3983.83	18278.2	832.422	482.686
-3983.83	18278.2	830.49	477.399
-3983.83	18278.2	828.557	452.712
-3983.83	18278.2	826.624	492.694
-3983.83	18278.2	824.69	491.287
-3983.83	18278.2	822.756	509.268
-3983.83	18278.2	820.821	450.998
-3983.83	18278.2	818.886	499.987
-3983.83	18278.2	816.951	485.662
-3983.83	18278.2	815.015	485.549
-3983.83	18278.2	813.078	476.398
-3983.83	18278.2	811.141	473.705
-3983.83	18278.2	809.204	485.209
-3983.83	18278.2	807.266	472.194
-3983.83	18278.2	805.328	474.663
-3983.83	18278.2	803.389	470.684
-3983.83	18278.2	801.45	464.127
-3983.83	18278.2	799.511	496.242
-3983.83	18278.2	797.571	487.106
-3983.83	18278.2	795.63	465.09
-3983.83	18278.2	793.689	468.845
-3983.83	18278.2	791.748	480.325
-3983.83	18278.2	789.806	487.937
-3983.83	18278.2	787.864	458.219
-3983.83	18278.2	785.921	452.964
-3983.83	18278.2	783.978	476.016
-3983.83	18278.2	782.034	490.053
-3983.83	18278.2	780.09	453.932
-3983.83	18278.2	778.145	455.111
-3983.83	18278.2	776.2	458.86
-3983.83	18278.2	774.255	465.178
-3983.83	18278.2	772.309	448.367
-3983.83	18278.2	770.362	453.399
-3983.83	18278.2	768.416	457.145
-3983.83	18278.2	766.468	453.186
-3983.83	18278.2	764.52	473.616
-3983.83	18278.2	762.572	442.708
-3983.83	18278.2	760.624	474.676
-3983.83	18278.2	758.674	446.347
-3983.83	18278.2	756.725	461.63
-3983.83	18278.2	754.775	469.213
-3983.83	18278.2	752.824	463.976
-3983.83	18278.2	750.873	443.364
-3983.83	18278.2	748.922	450.946
-3983.83	18278.2	746.97	436.751
-3983.83	18278.2	745.017	450.734
-3983.83	18278.2	743.065	460.869
-3983.83	18278.2	741.111	446.682
-3983.83	18278.2	739.158	442.738
-3983.83	18278.2	737.203	486.129
-3983.83	18278.2	735.249	480.898
-3983.83	18278.2	733.294	448.818
-3983.83	18278.2	731.338	451.268
-3983.83	18278.2	729.382	439.659
-3983.83	18278.2	727.425	448.499
-3983.83	18278.2	725.468	445.839
-3983.83	18278.2	723.511	448.287
-3983.83	18278.2	721.553	471.165
-3983.83	18278.2	719.595	440.416
-3983.83	18278.2	717.636	468.39
-3983.83	18278.2	715.676	454.243
-3983.83	18278.2	713.717	440.103
-3983.83	18278.2	711.756	445.1
-3983.83	18278.2	709.796	436.069
-3983.83	18278.2	707.835	451.263
-3983.83	18278.2	705.873	461.352
-3983.83	18278.2	703.911	453.597
-3983.83	18278.2	701.948	445.847
-3983.83	18278.2	699.985	457.203
-3983.83	18278.2	698.022	458.367
-3983.83	18278.2	696.058	456.986
-3983.83	18278.2	694.093	467.058
-3983.83	18278.2	692.129	440.228
-3983.83	18278.2	690.163	449.028
-3983.83	18278.2	688.197	437.475
-3983.83	18278.2	686.231	451.357
-3983.83	18278.2	684.264	449.978
-3983.83	18278.2	682.297	449.871
-3983.83	18278.2	680.329	484.068
-3983.83	18278.2	678.361	475.061
-3983.83	18278.2	676.393	468.599
-3983.83	18278.2	674.423	462.139
-3983.83	18278.2	672.454	481.068
-3983.83	18278.2	670.484	450.497
-3983.83	18278.2	668.513	485.914
-3983.83	18278.2	666.542	488.334
-3983.83	18278.2	664.571	485.682
-3983.83	18278.2	662.599	472.888
-3983.83	18278.2	660.627	509.532
-3983.83	18278.2	658.654	490.402
-3983.83	18278.2	656.68	483.951
-3983.83	18278.2	654.707	474.969
-3983.83	18278.2	652.732	478.654
-3983.83	18278.2	650.758	496.263
-3983.83	18278.2	648.782	489.816
-3983.83	18278.2	646.807	492.229
-3983.83	18278.2	644.83	487.051
-3983.83	18278.2	642.854	490.729
-3983.83	18278.2	640.877	505.784
-3983.83	18278.2	638.899	503.135
-3983.83	18278.2	636.921	497.959
-3983.83	18278.2	634.942	477.622
-3983.83	18278.2	632.963	516.668
-3983.83	18278.2	630.984	493.811
-3983.83	18278.2	629.004	492.43
-3983.83	18278.2	627.023	501.148
-3983.83	18278.2	625.042	490.931
-3983.83	18278.2	623.061	500.907
-3983.83	18278.2	621.079	502.048
-3983.83	18278.2	619.097	499.405
-3983.83	18278.2	617.114	523.24
-3983.83	18278.2	615.131	516.811
-3983.83	18278.2	613.147	482.661
-3983.83	18278.2	611.163	480.025
-3983.83	18278.2	609.178	511.399
-3983.83	18278.2	607.193	544.018
-3983.83	18278.2	605.207	493.527
-3983.83	18278.2	603.221	516.064
-3983.83	18278.2	601.234	503.355
-3983.83	18278.2	599.247	483.104
-3983.83	18278.2	597.259	495.565
-3983.83	18278.2	595.271	514.308
-3983.83	18278.2	593.283	496.583
-3983.83	18278.2	591.294	482.637
-3983.83	18278.2	589.304	515.191
-3983.83	18278.2	587.314	478.635
-3983.83	18278.2	585.323	503.638
-3983.83	18278.2	583.332	506.027
-3983.83	18278.2	581.341	484.564
-3983.83	18278.2	579.349	475.661
-3983.83	18278.2	577.357	489.347
-3983.83	18278.2	575.364	498.01
-3983.83	18278.2	573.37	499.143
-3983.83	18278.2	571.376	483.976
-3983.83	18278.2	569.382	497.647
-3983.83	18278.2	567.387	495.019
-3983.83	18278.2	565.392	489.887
-3983.83	18278.2	563.396	491.021
-3983.83	18278.2	561.399	519.704
-3983.83	18278.2	559.403	505.806
-3983.83	18278.2	557.405	513.192
-3983.83	18278.2	555.408	506.81
-3983.83	18278.2	553.409	530.457
-3983.83	18278.2	551.411	529.077
-3983.83	18278.2	549.411	578.967
-3983.83	18278.2	547.412	561.323
-3983.83	18278.2	545.411	606.181
-3983.83	18278.2	543.411	603.534
-3983.83	18278.2	541.409	640.864
-3983.83	18278.2	539.408	651.947
-3983.83	18278.2	537.406	692.993
-3983.83	18278.2	535.403	751.495
-3983.83	18278.2	533.4	817.456
-3983.83	18278.2	531.396	909.587
-3983.83	18278.2	529.392	1086.5
-3983.83	18278.2	527.387	1331.91
-3983.83	18278.2	525.382	1807.86
-3983.83	18278.2	523.376	2622.63
-3983.83	18278.2	521.37	3655.07
-3983.83	18278.2	519.364	4371.8
-3983.83	18278.2	517.357	4812.91
-3983.83	18278.2	515.349	4801.76
-3983.83	18278.2	513.341	4357.38
-3983.83	18278.2	511.332	3748.91
-3983.83	18278.2	509.323	3120.83
-3983.83	18278.2	507.314	2698.33
-3983.83	18278.2	505.304	2374.3
-3983.83	18278.2	503.293	2116.32
-3983.83	18278.2	501.282	1965.38
-3983.83	18278.2	499.27	1861.74
-3983.83	18278.2	497.258	1824.01
-3983.83	18278.2	495.246	1773.87
-3983.83	18278.2	493.233	1684.01
-3983.83	18278.2	491.219	1575.58
-3983.83	18278.2	489.205	1540.43
-3983.83	18278.2	487.191	1485.45
-3983.83	18278.2	485.176	1441.66
-3983.83	18278.2	483.16	1361.92
-3983.83	18278.2	481.144	1331.82
-3983.83	18278.2	479.128	1289.34
-3983.83	18278.2	477.111	1269.19
-3983.83	18278.2	475.093	1229.22
-3983.83	18278.2	473.075	1268.56
-3983.83	18278.2	471.056	1197.65
-3983.83	18278.2	469.037	1228.31
-3983.83	18278.2	467.018	1168.58
-3983.83	18278.2	464.998	1129.92
-3983.83	18278.2	462.977	1083.86
-3983.83	18278.2	460.956	1095.96
-3983.83	18278.2	458.935	1077.14
-3983.83	18278.2	456.913	1058.33
-3983.83	18278.2	454.89	1037.05
-3983.83	18278.2	452.867	1002.19
-3983.83	18278.2	450.843	1008.12
-3983.83	18278.2	448.819	930.053
-3983.83	18278.2	446.795	975.509
-3983.83	18278.2	444.77	929.588
-3983.83	18278.2	442.744	900.969
-3983.83	18278.2	440.718	893.34
-3983.83	18278.2	438.691	900.518
-3983.83	18278.2	436.664	869.461
-3983.83	18278.2	434.637	886.504
-3983.83	18278.2	432.608	883.817
-3983.83	18278.2	430.58	850.322
-3983.83	18278.2	428.551	875.981
-3983.83	18278.2	426.521	811.711
-3983.83	18278.2	424.491	820.127
-3983.83	18278.2	422.46	803.917
-3983.83	18278.2	420.429	788.945
-3983.83	18278.2	418.397	785.055
-3983.83	18278.2	416.365	757.793
-3983.83	18278.2	414.332	736.695
-3983.83	18278.2	412.299	783.233
-3983.83	18278.2	410.265	752.304
-3983.83	18278.2	408.231	761.946
-3983.83	18278.2	406.196	719.98
-3983.83	18278.2	404.161	729.624
-3983.83	18278.2	402.125	729.44
-3983.83	18278.2	400.089	709.613
-3983.83	18278.2	398.052	715.57
-3983.83	18278.2	396.015	719.07
-3983.83	18278.2	393.977	726.249
-3983.83	18278.2	391.938	744.462
-3983.83	18278.2	389.899	684.192
-3983.83	18278.2	387.86	729.374
-3983.83	18278.2	385.82	747.572
-3983.83	18278.2	383.78	758.409
-3983.83	18278.2	381.739	737.393
-3983.83	18278.2	379.697	740.88
-3983.83	18278.2	377.655	714.981
-3983.83	18278.2	375.613	701.336
-3983.83	18278.2	373.57	734.196
-3983.83	18278.2	371.526	714.435
-3983.83	18278.2	369.482	708.138
-3983.83	18278.2	367.437	710.403
-3983.83	18278.2	365.392	726.113
-3983.83	18278.2	363.346	722.261
-3983.83	18278.2	361.3	720.855
-3983.83	18278.2	359.254	703.57
-3983.83	18278.2	357.206	671.64
-3983.83	18278.2	355.159	704.431
-3983.83	18278.2	353.11	705.471
-3983.83	18278.2	351.062	718.713
-3983.83	18278.2	349.012	718.529
-3983.83	18278.2	346.962	725.662
-3983.83	18278.2	344.912	721.818
-3983.83	18278.2	342.861	686.282
-3983.83	18278.2	340.81	723.884
-3983.83	18278.2	338.758	715.17
-3983.83	18278.2	336.705	719.858
-3983.83	18278.2	334.652	706.278
-3983.83	18278.2	332.599	745.053
-3983.83	18278.2	330.545	748.512
-3983.83	18278.2	328.49	743.452
-3983.83	18278.2	326.435	717.715
-3983.83	18278.2	324.379	746.717
-3983.83	18278.2	322.323	722.207
-3983.83	18278.2	320.266	715.943
-3983.83	18278.2	318.209	774.088
-3983.83	18278.2	316.151	725.292
-3983.83	18278.2	314.093	754.254
-3983.83	18278.2	312.034	743.13
-3983.83	18278.2	309.975	730.798
-3983.83	18278.2	307.915	756.094
-3983.83	18278.2	305.854	793.511
-3983.83	18278.2	303.793	719.312
-3983.83	18278.2	301.732	774.908
-3983.83	18278.2	299.67	751.672
-3983.83	18278.2	297.607	764.809
-3983.83	18278.2	295.544	733.104
-3983.83	18278.2	293.48	764.41
-3983.83	18278.2	291.416	736.355
-3983.83	18278.2	289.351	744.639
-3983.83	18278.2	287.286	711.762
-3983.83	18278.2	285.22	711.576
-3983.83	18278.2	283.154	738.006
-3983.83	18278.2	281.087	728.137
-3983.83	18278.2	279.019	718.273
-3983.83	18278.2	276.951	697.533
-3983.83	18278.2	274.883	691.307
-3983.83	18278.2	272.814	715.291
-3983.83	18278.2	270.744	667.994
-3983.83	18278.2	268.674	669.026
-3983.83	18278.2	266.603	696.618
-3983.83	18278.2	264.532	675.916
-3983.83	18278.2	262.46	657.638
-3983.83	18278.2	260.388	674.354
-3983.83	18278.2	258.315	658.498
-3983.83	18278.2	256.241	619.741
-3983.83	18278.2	254.167	656.945
-3983.83	18278.2	252.093	621.824
-3983.83	18278.2	250.018	609.612
-3983.83	18278.2	247.942	641.971
-3983.83	18278.2	245.866	624.944
-3983.83	18278.2	243.789	603.11
-3983.83	18278.2	241.712	627.02
-3983.83	18278.2	239.634	612.415
-3983.83	18278.2	237.556	629.093
-3983.83	18278.2	235.477	596.457
-3983.83	18278.2	233.397	584.277
-3983.83	18278.2	231.317	598.544
-3983.83	18278.2	229.237	576.757
-3983.83	18278.2	227.155	589.817
-3983.83	18278.2	225.074	566.842
-3983.83	18278.2	222.991	563.089
-3983.83	18278.2	220.909	548.535
-3983.83	18278.2	218.825	553.189
-3983.83	18278.2	216.741	520.65
-3983.83	18278.2	214.657	561.288
-3983.83	18278.2	212.572	547.949
-3983.83	18278.2	210.486	552.597
-3983.83	18278.2	208.4	553.647
-3983.83	18278.2	206.313	551.103
-3983.83	18278.2	204.226	555.746
-3983.83	18278.2	202.138	595.111
-3983.83	18278.2	200.05	616.499
-3983.83	18278.2	197.961	633.088
-3983.83	18278.2	195.871	604.203
-3983.83	18278.2	193.781	629.159
-3983.83	18278.2	191.691	694.758
-3983.83	18278.2	189.599	667.075
-3983.83	18278.2	187.508	660.919
-3983.83	18278.2	185.415	681.053
-3983.83	18278.2	183.322	677.285
-3983.83	18278.2	181.229	690.238
-3983.83	18278.2	179.135	718.704
-3983.83	18278.2	177.04	708.961
-3983.83	18278.2	174.945	689.677
-3983.83	18278.2	172.849	734.82
-3983.83	18278.2	170.753	729.85
-3983.83	18278.2	168.656	715.345
-3983.83	18278.2	166.558	744.948
-3983.83	18278.2	164.46	703.04
-3983.83	18278.2	162.362	721.909
-3983.83	18278.2	160.263	694.32
-3983.83	18278.2	158.163	690.559
-3983.83	18278.2	156.063	740.363
-3983.83	18278.2	153.962	752.061
-3983.83	18278.2	151.86	773.269
-3983.83	18278.2	149.758	721.916
-3983.83	18278.2	147.656	751.444
-3983.83	18278.2	145.552	723.898
-3983.83	18278.2	143.449	761.727
-3983.83	18278.2	141.344	775.774
-3983.83	18278.2	139.239	760.121
-3983.83	18278.2	137.134	742.102
-3983.83	18278.2	135.028	752.581
-3983.83	18278.2	132.921	736.946
-3983.83	18278.2	130.814	714.202
-3983.83	18278.2	128.706	704.517
-3983.83	18278.2	126.598	718.551
-3983.83	18278.2	124.489	695.83
-3983.83	18278.2	122.379	673.122
-3983.83	18278.2	120.269	672.935
-3983.83	18278.2	118.158	660.905
-3983.83	18278.2	116.047	647.697
-3983.83	18278.2	113.935	658.171
-3983.83	18278.2	111.822	629.586
-3983.83	18278.2	109.709	597.468
-3983.83	18278.2	107.596	584.291
-3983.83	18278.2	105.481	564.027
-3983.83	18278.2	103.367	588.694
-3983.83	18278.2	101.251	540.077
-3983.83	18278.2	99.1351	564.737
-3983.83	18278.2	97.0184	535.051
-3983.83	18278.2	94.9012	531.359
-3983.83	18278.2	92.7834	508.782
-3983.83	18278.2	90.665	474.416
-3983.83	18278.2	88.546	455.406
-3983.83	18278.2	86.4265	448.201
-3983.83	18278.2	84.3063	450.434
-3983.83	18278.2	82.1855	413.764
-3983.83	18278.2	80.0641	419.54
-3983.83	18278.2	77.9422	395.859
