-3983.83	18288.2	1979.41	455.062
-3983.83	18288.2	1977.72	500.782
-3983.83	18288.2	1976.02	451.959
-3983.83	18288.2	1974.33	444.502
-3983.83	18288.2	1972.64	434.093
-3983.83	18288.2	1970.94	434.022
-3983.83	18288.2	1969.25	460.519
-3983.83	18288.2	1967.56	457.492
-3983.83	18288.2	1965.86	447.088
-3983.83	18288.2	1964.17	430.786
-3983.83	18288.2	1962.47	415.964
-3983.83	18288.2	1960.78	424.744
-3983.83	18288.2	1959.08	455.64
-3983.83	18288.2	1957.39	496.845
-3983.83	18288.2	1955.69	476.126
-3983.83	18288.2	1953.99	461.308
-3983.83	18288.2	1952.3	471.546
-3983.83	18288.2	1950.6	458.208
-3983.83	18288.2	1948.9	427.196
-3983.83	18288.2	1947.21	466.891
-3983.83	18288.2	1945.51	447.669
-3983.83	18288.2	1943.81	435.815
-3983.83	18288.2	1942.11	462.24
-3983.83	18288.2	1940.41	407.704
-3983.83	18288.2	1938.71	410.578
-3983.83	18288.2	1937.01	439.936
-3983.83	18288.2	1935.32	461.928
-3983.83	18288.2	1933.62	426.549
-3983.83	18288.2	1931.92	467.654
-3983.83	18288.2	1930.22	458.753
-3983.83	18288.2	1928.51	414.571
-3983.83	18288.2	1926.81	446.838
-3983.83	18288.2	1925.11	451.17
-3983.83	18288.2	1923.41	437.869
-3983.83	18288.2	1921.71	434.856
-3983.83	18288.2	1920.01	437.719
-3983.83	18288.2	1918.31	468.485
-3983.83	18288.2	1916.6	414.075
-3983.83	18288.2	1914.9	409.6
-3983.83	18288.2	1913.2	437.419
-3983.83	18288.2	1911.49	413.862
-3983.83	18288.2	1909.79	437.268
-3983.83	18288.2	1908.09	426.923
-3983.83	18288.2	1906.38	453.252
-3983.83	18288.2	1904.68	432.641
-3983.83	18288.2	1902.97	429.633
-3983.83	18288.2	1901.27	473.541
-3983.83	18288.2	1899.56	429.484
-3983.83	18288.2	1897.85	432.34
-3983.83	18288.2	1896.15	407.355
-3983.83	18288.2	1894.44	448.305
-3983.83	18288.2	1892.74	468.734
-3983.83	18288.2	1891.03	433.503
-3983.83	18288.2	1889.32	436.356
-3983.83	18288.2	1887.61	396.75
-3983.83	18288.2	1885.91	424.492
-3983.83	18288.2	1884.2	440.516
-3983.83	18288.2	1882.49	440.439
-3983.83	18288.2	1880.78	456.454
-3983.83	18288.2	1879.07	412.491
-3983.83	18288.2	1877.36	424.118
-3983.83	18288.2	1875.65	443.052
-3983.83	18288.2	1873.94	459.055
-3983.83	18288.2	1872.23	444.357
-3983.83	18288.2	1870.52	432.586
-3983.83	18288.2	1868.81	445.66
-3983.83	18288.2	1867.1	439.737
-3983.83	18288.2	1865.39	419.209
-3983.83	18288.2	1863.68	435.199
-3983.83	18288.2	1861.96	438.041
-3983.83	18288.2	1860.25	454.022
-3983.83	18288.2	1858.54	407.233
-3983.83	18288.2	1856.82	458.237
-3983.83	18288.2	1855.11	453.777
-3983.83	18288.2	1853.4	449.319
-3983.83	18288.2	1851.68	409.857
-3983.83	18288.2	1849.97	434.575
-3983.83	18288.2	1848.25	447.619
-3983.83	18288.2	1846.54	448.996
-3983.83	18288.2	1844.82	425.594
-3983.83	18288.2	1843.11	421.146
-3983.83	18288.2	1841.39	418.155
-3983.83	18288.2	1839.68	400.599
-3983.83	18288.2	1837.96	406.352
-3983.83	18288.2	1836.24	407.734
-3983.83	18288.2	1834.53	420.763
-3983.83	18288.2	1832.81	455.623
-3983.83	18288.2	1831.09	445.352
-3983.83	18288.2	1829.37	451.091
-3983.83	18288.2	1827.65	424.821
-3983.83	18288.2	1825.94	416.016
-3983.83	18288.2	1824.22	415.94
-3983.83	18288.2	1822.5	410.047
-3983.83	18288.2	1820.78	418.695
-3983.83	18288.2	1819.06	421.525
-3983.83	18288.2	1817.34	443.246
-3983.83	18288.2	1815.62	421.37
-3983.83	18288.2	1813.9	390.785
-3983.83	18288.2	1812.18	409.595
-3983.83	18288.2	1810.45	442.92
-3983.83	18288.2	1808.73	428.319
-3983.83	18288.2	1807.01	386.141
-3983.83	18288.2	1805.29	402.035
-3983.83	18288.2	1803.56	428.081
-3983.83	18288.2	1801.84	449.764
-3983.83	18288.2	1800.12	438.076
-3983.83	18288.2	1798.39	429.292
-3983.83	18288.2	1796.67	432.113
-3983.83	18288.2	1794.95	417.534
-3983.83	18288.2	1793.22	413.108
-3983.83	18288.2	1791.5	414.48
-3983.83	18288.2	1789.77	395.566
-3983.83	18288.2	1788.04	423.017
-3983.83	18288.2	1786.32	412.799
-3983.83	18288.2	1784.59	406.929
-3983.83	18288.2	1782.87	392.374
-3983.83	18288.2	1781.14	435.728
-3983.83	18288.2	1779.41	419.726
-3983.83	18288.2	1777.68	408.07
-3983.83	18288.2	1775.96	418.121
-3983.83	18288.2	1774.23	407.917
-3983.83	18288.2	1772.5	419.41
-3983.83	18288.2	1770.77	399.087
-3983.83	18288.2	1769.04	423.588
-3983.83	18288.2	1767.31	432.181
-3983.83	18288.2	1765.58	416.202
-3983.83	18288.2	1763.85	433.462
-3983.83	18288.2	1762.12	418.934
-3983.83	18288.2	1760.39	404.411
-3983.83	18288.2	1758.66	420.219
-3983.83	18288.2	1756.93	430.245
-3983.83	18288.2	1755.19	424.389
-3983.83	18288.2	1753.46	443.07
-3983.83	18288.2	1751.73	406.912
-3983.83	18288.2	1750.0	375.095
-3983.83	18288.2	1748.26	403.872
-3983.83	18288.2	1746.53	387.931
-3983.83	18288.2	1744.8	412.368
-3983.83	18288.2	1743.06	371.925
-3983.83	18288.2	1741.33	416.534
-3983.83	18288.2	1739.59	438.069
-3983.83	18288.2	1737.86	439.426
-3983.83	18288.2	1736.12	430.699
-3983.83	18288.2	1734.39	401.812
-3983.83	18288.2	1732.65	439.172
-3983.83	18288.2	1730.91	416.054
-3983.83	18288.2	1729.18	401.58
-3983.83	18288.2	1727.44	411.576
-3983.83	18288.2	1725.7	405.741
-3983.83	18288.2	1723.96	395.593
-3983.83	18288.2	1722.23	444.417
-3983.83	18288.2	1720.49	396.878
-3983.83	18288.2	1718.75	402.551
-3983.83	18288.2	1717.01	429.784
-3983.83	18288.2	1715.27	416.766
-3983.83	18288.2	1713.53	413.812
-3983.83	18288.2	1711.79	400.802
-3983.83	18288.2	1710.05	405.033
-3983.83	18288.2	1708.31	392.03
-3983.83	18288.2	1706.57	396.261
-3983.83	18288.2	1704.82	381.829
-3983.83	18288.2	1703.08	427.68
-3983.83	18288.2	1701.34	414.682
-3983.83	18288.2	1699.6	403.124
-3983.83	18288.2	1697.85	411.651
-3983.83	18288.2	1696.11	380.022
-3983.83	18288.2	1694.37	392.851
-3983.83	18288.2	1692.62	404.242
-3983.83	18288.2	1690.88	418.494
-3983.83	18288.2	1689.13	428.443
-3983.83	18288.2	1687.39	404.004
-3983.83	18288.2	1685.64	421.112
-3983.83	18288.2	1683.9	426.758
-3983.83	18288.2	1682.15	390.879
-3983.83	18288.2	1680.41	403.685
-3983.83	18288.2	1678.66	415.055
-3983.83	18288.2	1676.91	400.664
-3983.83	18288.2	1675.16	403.446
-3983.83	18288.2	1673.42	371.898
-3983.83	18288.2	1671.67	409.007
-3983.83	18288.2	1669.92	408.926
-3983.83	18288.2	1668.17	393.12
-3983.83	18288.2	1666.42	393.042
-3983.83	18288.2	1664.67	402.967
-3983.83	18288.2	1662.92	385.742
-3983.83	18288.2	1661.17	411.377
-3983.83	18288.2	1659.42	399.87
-3983.83	18288.2	1657.67	414.069
-3983.83	18288.2	1655.92	401.138
-3983.83	18288.2	1654.17	393.922
-3983.83	18288.2	1652.42	425.237
-3983.83	18288.2	1650.66	412.312
-3983.83	18288.2	1648.91	386.554
-3983.83	18288.2	1647.16	360.807
-3983.83	18288.2	1645.41	392.103
-3983.83	18288.2	1643.65	387.748
-3983.83	18288.2	1641.9	397.647
-3983.83	18288.2	1640.14	400.417
-3983.83	18288.2	1638.39	400.337
-3983.83	18288.2	1636.63	386.012
-3983.83	18288.2	1634.88	384.511
-3983.83	18288.2	1633.12	401.519
-3983.83	18288.2	1631.37	421.368
-3983.83	18288.2	1629.61	375.739
-3983.83	18288.2	1627.85	409.815
-3983.83	18288.2	1626.09	396.928
-3983.83	18288.2	1624.34	392.581
-3983.83	18288.2	1622.58	389.657
-3983.83	18288.2	1620.82	399.531
-3983.83	18288.2	1619.06	389.5
-3983.83	18288.2	1617.3	383.736
-3983.83	18288.2	1615.54	368.028
-3983.83	18288.2	1613.78	397.787
-3983.83	18288.2	1612.02	374.981
-3983.83	18288.2	1610.26	380.585
-3983.83	18288.2	1608.5	377.668
-3983.83	18288.2	1606.74	420.177
-3983.83	18288.2	1604.98	408.738
-3983.83	18288.2	1603.22	384.533
-3983.83	18288.2	1601.46	390.129
-3983.83	18288.2	1599.69	411.325
-3983.83	18288.2	1597.93	389.971
-3983.83	18288.2	1596.17	382.802
-3983.83	18288.2	1594.4	405.404
-3983.83	18288.2	1592.64	413.825
-3983.83	18288.2	1590.88	399.571
-3983.83	18288.2	1589.11	378.24
-3983.83	18288.2	1587.35	413.571
-3983.83	18288.2	1585.58	383.749
-3983.83	18288.2	1583.81	389.334
-3983.83	18288.2	1582.05	382.177
-3983.83	18288.2	1580.28	406.157
-3983.83	18288.2	1578.51	413.148
-3983.83	18288.2	1576.75	389.015
-3983.83	18288.2	1574.98	377.621
-3983.83	18288.2	1573.21	393.097
-3983.83	18288.2	1571.44	385.948
-3983.83	18288.2	1569.67	373.148
-3983.83	18288.2	1567.91	397.094
-3983.83	18288.2	1566.14	388.536
-3983.83	18288.2	1564.37	406.819
-3983.83	18288.2	1562.6	409.56
-3983.83	18288.2	1560.83	377.0
-3983.83	18288.2	1559.05	376.922
-3983.83	18288.2	1557.28	398.015
-3983.83	18288.2	1555.51	365.477
-3983.83	18288.2	1553.74	409.137
-3983.83	18288.2	1551.97	389.305
-3983.83	18288.2	1550.19	386.404
-3983.83	18288.2	1548.42	360.945
-3983.83	18288.2	1546.65	383.425
-3983.83	18288.2	1544.87	360.796
-3983.83	18288.2	1543.1	379.039
-3983.83	18288.2	1541.32	386.004
-3983.83	18288.2	1539.55	381.699
-3983.83	18288.2	1537.77	390.069
-3983.83	18288.2	1536.0	380.132
-3983.83	18288.2	1534.22	395.537
-3983.83	18288.2	1532.45	356.05
-3983.83	18288.2	1530.67	417.885
-3983.83	18288.2	1528.89	364.342
-3983.83	18288.2	1527.11	378.331
-3983.83	18288.2	1525.34	381.064
-3983.83	18288.2	1523.56	352.868
-3983.83	18288.2	1521.78	373.878
-3983.83	18288.2	1520.0	373.8
-3983.83	18288.2	1518.22	372.317
-3983.83	18288.2	1516.44	401.737
-3983.83	18288.2	1514.66	393.227
-3983.83	18288.2	1512.88	391.74
-3983.83	18288.2	1511.1	404.293
-3983.83	18288.2	1509.32	418.243
-3983.83	18288.2	1507.54	377.463
-3983.83	18288.2	1505.76	404.039
-3983.83	18288.2	1503.97	368.889
-3983.83	18288.2	1502.19	385.639
-3983.83	18288.2	1500.41	395.372
-3983.83	18288.2	1498.62	350.434
-3983.83	18288.2	1496.84	402.214
-3983.83	18288.2	1495.06	374.106
-3983.83	18288.2	1493.27	367.023
-3983.83	18288.2	1491.49	355.742
-3983.83	18288.2	1489.7	371.07
-3983.83	18288.2	1487.91	379.391
-3983.83	18288.2	1486.13	389.109
-3983.83	18288.2	1484.34	361.04
-3983.83	18288.2	1482.55	355.367
-3983.83	18288.2	1480.77	384.667
-3983.83	18288.2	1478.98	378.992
-3983.83	18288.2	1477.19	381.708
-3983.83	18288.2	1475.4	362.057
-3983.83	18288.2	1473.61	348.004
-3983.83	18288.2	1471.83	339.547
-3983.83	18288.2	1470.04	382.783
-3983.83	18288.2	1468.25	392.479
-3983.83	18288.2	1466.46	371.449
-3983.83	18288.2	1464.67	350.429
-3983.83	18288.2	1462.87	381.063
-3983.83	18288.2	1461.08	333.534
-3983.83	18288.2	1459.29	368.344
-3983.83	18288.2	1457.5	397.56
-3983.83	18288.2	1455.71	369.582
-3983.83	18288.2	1453.91	404.363
-3983.83	18288.2	1452.12	345.727
-3983.83	18288.2	1450.33	376.316
-3983.83	18288.2	1448.53	358.121
-3983.83	18288.2	1446.74	349.686
-3983.83	18288.2	1444.94	373.29
-3983.83	18288.2	1443.15	360.677
-3983.83	18288.2	1441.35	353.639
-3983.83	18288.2	1439.56	373.052
-3983.83	18288.2	1437.76	384.106
-3983.83	18288.2	1435.96	367.327
-3983.83	18288.2	1434.17	367.249
-3983.83	18288.2	1432.37	382.469
-3983.83	18288.2	1430.57	382.388
-3983.83	18288.2	1428.77	373.965
-3983.83	18288.2	1426.97	380.834
-3983.83	18288.2	1425.17	369.636
-3983.83	18288.2	1423.37	364.0
-3983.83	18288.2	1421.58	380.59
-3983.83	18288.2	1419.77	356.9
-3983.83	18288.2	1417.97	367.931
-3983.83	18288.2	1416.17	372.017
-3983.83	18288.2	1414.37	402.47
-3983.83	18288.2	1412.57	366.308
-3983.83	18288.2	1410.77	375.94
-3983.83	18288.2	1408.97	1865.43
-3983.83	18288.2	1407.16	960.939
-3983.83	18288.2	1405.36	536.513
-3983.83	18288.2	1403.56	418.584
-3983.83	18288.2	1401.75	383.851
-3983.83	18288.2	1399.95	380.997
-3983.83	18288.2	1398.14	372.605
-3983.83	18288.2	1396.34	373.909
-3983.83	18288.2	1394.53	387.674
-3983.83	18288.2	1392.73	350.216
-3983.83	18288.2	1390.92	373.668
-3983.83	18288.2	1389.11	363.902
-3983.83	18288.2	1387.3	372.124
-3983.83	18288.2	1385.5	351.298
-3983.83	18288.2	1383.69	355.37
-3983.83	18288.2	1381.88	364.971
-3983.83	18288.2	1380.07	381.478
-3983.83	18288.2	1378.26	382.777
-3983.83	18288.2	1376.45	359.208
-3983.83	18288.2	1374.64	413.0
-3983.83	18288.2	1372.83	345.243
-3983.83	18288.2	1371.02	386.589
-3983.83	18288.2	1369.21	365.8
-3983.83	18288.2	1367.4	367.101
-3983.83	18288.2	1365.59	331.147
-3983.83	18288.2	1363.78	361.424
-3983.83	18288.2	1361.96	359.966
-3983.83	18288.2	1360.15	376.435
-3983.83	18288.2	1358.34	358.432
-3983.83	18288.2	1356.52	348.706
-3983.83	18288.2	1354.71	348.63
-3983.83	18288.2	1352.89	396.774
-3983.83	18288.2	1351.08	349.857
-3983.83	18288.2	1349.26	362.174
-3983.83	18288.2	1347.45	367.603
-3983.83	18288.2	1345.63	355.135
-3983.83	18288.2	1343.81	315.148
-3983.83	18288.2	1342.0	343.973
-3983.83	18288.2	1340.18	345.274
-3983.83	18288.2	1338.36	341.073
-3983.83	18288.2	1336.54	353.374
-3983.83	18288.2	1334.73	382.165
-3983.83	18288.2	1332.91	362.841
-3983.83	18288.2	1331.09	375.129
-3983.83	18288.2	1329.27	346.197
-3983.83	18288.2	1327.45	343.375
-3983.83	18288.2	1325.63	363.898
-3983.83	18288.2	1323.81	372.056
-3983.83	18288.2	1321.98	340.405
-3983.83	18288.2	1320.16	343.075
-3983.83	18288.2	1318.34	374.556
-3983.83	18288.2	1316.52	378.59
-3983.83	18288.2	1314.7	367.536
-3983.83	18288.2	1312.87	374.311
-3983.83	18288.2	1311.05	342.701
-3983.83	18288.2	1309.22	356.331
-3983.83	18288.2	1307.4	356.253
-3983.83	18288.2	1305.57	357.545
-3983.83	18288.2	1303.75	368.423
-3983.83	18288.2	1301.92	345.065
-3983.83	18288.2	1300.1	350.465
-3983.83	18288.2	1298.27	333.964
-3983.83	18288.2	1296.44	370.838
-3983.83	18288.2	1294.62	352.971
-3983.83	18288.2	1292.79	366.572
-3983.83	18288.2	1290.96	359.654
-3983.83	18288.2	1289.13	344.536
-3983.83	18288.2	1287.3	364.964
-3983.83	18288.2	1285.47	351.217
-3983.83	18288.2	1283.64	342.942
-3983.83	18288.2	1281.81	342.867
-3983.83	18288.2	1279.98	342.792
-3983.83	18288.2	1278.15	345.447
-3983.83	18288.2	1276.32	367.213
-3983.83	18288.2	1274.49	365.767
-3983.83	18288.2	1272.66	331.574
-3983.83	18288.2	1270.82	361.514
-3983.83	18288.2	1268.99	355.979
-3983.83	18288.2	1267.16	324.538
-3983.83	18288.2	1265.32	357.185
-3983.83	18288.2	1263.49	354.381
-3983.83	18288.2	1261.66	346.126
-3983.83	18288.2	1259.82	361.037
-3983.83	18288.2	1257.98	366.405
-3983.83	18288.2	1256.15	370.41
-3983.83	18288.2	1254.31	379.859
-3983.83	18288.2	1252.48	383.859
-3983.83	18288.2	1250.64	332.06
-3983.83	18288.2	1248.8	370.083
-3983.83	18288.2	1246.96	376.803
-3983.83	18288.2	1245.13	363.12
-3983.83	18288.2	1243.29	353.522
-3983.83	18288.2	1241.45	362.959
-3983.83	18288.2	1239.61	345.211
-3983.83	18288.2	1237.77	343.776
-3983.83	18288.2	1235.93	374.945
-3983.83	18288.2	1234.09	357.205
-3983.83	18288.2	1232.25	353.053
-3983.83	18288.2	1230.41	344.829
-3983.83	18288.2	1228.56	346.11
-3983.83	18288.2	1226.72	370.459
-3983.83	18288.2	1224.88	362.237
-3983.83	18288.2	1223.04	354.018
-3983.83	18288.2	1221.19	368.857
-3983.83	18288.2	1219.35	357.929
-3983.83	18288.2	1217.5	342.939
-3983.83	18288.2	1215.66	376.743
-3983.83	18288.2	1213.81	361.755
-3983.83	18288.2	1211.97	346.774
-3983.83	18288.2	1210.12	327.737
-3983.83	18288.2	1208.28	361.514
-3983.83	18288.2	1206.43	351.958
-3983.83	18288.2	1204.58	364.06
-3983.83	18288.2	1202.73	338.271
-3983.83	18288.2	1200.89	361.193
-3983.83	18288.2	1199.04	332.711
-3983.83	18288.2	1197.19	340.75
-3983.83	18288.2	1195.34	343.378
-3983.83	18288.2	1193.49	340.598
-3983.83	18288.2	1191.64	347.279
-3983.83	18288.2	1189.79	339.095
-3983.83	18288.2	1187.94	345.773
-3983.83	18288.2	1186.09	394.31
-3983.83	18288.2	1184.23	340.219
-3983.83	18288.2	1182.38	353.641
-3983.83	18288.2	1180.53	337.368
-3983.83	18288.2	1178.68	353.483
-3983.83	18288.2	1176.82	334.52
-3983.83	18288.2	1174.97	373.554
-3983.83	18288.2	1173.12	380.212
-3983.83	18288.2	1171.26	386.867
-3983.83	18288.2	1169.41	338.265
-3983.83	18288.2	1167.55	366.484
-3983.83	18288.2	1165.69	321.949
-3983.83	18288.2	1163.84	328.611
-3983.83	18288.2	1161.98	327.191
-3983.83	18288.2	1160.12	354.041
-3983.83	18288.2	1158.27	343.195
-3983.83	18288.2	1156.41	356.574
-3983.83	18288.2	1154.55	375.327
-3983.83	18288.2	1152.69	355.069
-3983.83	18288.2	1150.83	364.402
-3983.83	18288.2	1148.97	364.321
-3983.83	18288.2	1147.11	369.615
-3983.83	18288.2	1145.25	376.251
-3983.83	18288.2	1143.39	356.015
-3983.83	18288.2	1141.53	345.19
-3983.83	18288.2	1139.67	363.913
-3983.83	18288.2	1137.81	393.367
-3983.83	18288.2	1135.94	369.119
-3983.83	18288.2	1134.08	365.01
-3983.83	18288.2	1132.22	342.12
-3983.83	18288.2	1130.35	351.433
-3983.83	18288.2	1128.49	363.423
-3983.83	18288.2	1126.62	375.408
-3983.83	18288.2	1124.76	372.643
-3983.83	18288.2	1122.89	359.158
-3983.83	18288.2	1121.03	377.835
-3983.83	18288.2	1119.16	383.108
-3983.83	18288.2	1117.3	377.665
-3983.83	18288.2	1115.43	372.225
-3983.83	18288.2	1113.56	354.739
-3983.83	18288.2	1111.69	347.967
-3983.83	18288.2	1109.82	365.283
-3983.83	18288.2	1107.96	359.85
-3983.83	18288.2	1106.09	355.757
-3983.83	18288.2	1104.22	366.374
-3983.83	18288.2	1102.35	380.996
-3983.83	18288.2	1100.48	387.593
-3983.83	18288.2	1098.61	358.109
-3983.83	18288.2	1096.73	366.044
-3983.83	18288.2	1094.86	376.646
-3983.83	18288.2	1092.99	380.567
-3983.83	18288.2	1091.12	361.791
-3983.83	18288.2	1089.24	365.714
-3983.83	18288.2	1087.37	352.287
-3983.83	18288.2	1085.5	366.883
-3983.83	18288.2	1083.62	358.797
-3983.83	18288.2	1081.75	366.717
-3983.83	18288.2	1079.87	346.636
-3983.83	18288.2	1078.0	355.888
-3983.83	18288.2	1076.12	335.819
-3983.83	18288.2	1074.24	379.709
-3983.83	18288.2	1072.37	382.287
-3983.83	18288.2	1070.49	368.884
-3983.83	18288.2	1068.61	340.841
-3983.83	18288.2	1066.73	355.406
-3983.83	18288.2	1064.86	368.634
-3983.83	18288.2	1062.98	397.821
-3983.83	18288.2	1061.1	375.118
-3983.83	18288.2	1059.22	383.012
-3983.83	18288.2	1057.34	369.629
-3983.83	18288.2	1055.46	454.621
-3983.83	18288.2	1053.58	401.358
-3983.83	18288.2	1051.69	372.036
-3983.83	18288.2	1049.81	378.593
-3983.83	18288.2	1047.93	393.117
-3983.83	18288.2	1046.05	361.16
-3983.83	18288.2	1044.16	383.646
-3983.83	18288.2	1042.28	384.886
-3983.83	18288.2	1040.4	391.433
-3983.83	18288.2	1038.51	383.385
-3983.83	18288.2	1036.63	396.561
-3983.83	18288.2	1034.74	391.167
-3983.83	18288.2	1032.86	395.055
-3983.83	18288.2	1030.97	377.735
-3983.83	18288.2	1029.08	410.776
-3983.83	18288.2	1027.2	390.811
-3983.83	18288.2	1025.31	435.755
-3983.83	18288.2	1023.42	413.145
-3983.83	18288.2	1021.53	443.5
-3983.83	18288.2	1019.64	475.165
-3983.83	18288.2	1017.75	436.682
-3983.83	18288.2	1015.86	457.75
-3983.83	18288.2	1013.97	415.32
-3983.83	18288.2	1012.08	429.772
-3983.83	18288.2	1010.19	461.404
-3983.83	18288.2	1008.3	470.551
-3983.83	18288.2	1006.41	475.73
-3983.83	18288.2	1004.52	457.125
-3983.83	18288.2	1002.62	463.625
-3983.83	18288.2	1000.73	463.519
-3983.83	18288.2	998.837	492.46
-3983.83	18288.2	996.943	520.067
-3983.83	18288.2	995.049	504.112
-3983.83	18288.2	993.154	535.662
-3983.83	18288.2	991.258	511.796
-3983.83	18288.2	989.363	540.692
-3983.83	18288.2	987.467	545.843
-3983.83	18288.2	985.57	540.445
-3983.83	18288.2	983.673	570.633
-3983.83	18288.2	981.776	611.346
-3983.83	18288.2	979.878	632.283
-3983.83	18288.2	977.979	571.558
-3983.83	18288.2	976.081	605.661
-3983.83	18288.2	974.181	623.951
-3983.83	18288.2	972.282	647.497
-3983.83	18288.2	970.382	647.349
-3983.83	18288.2	968.481	622.207
-3983.83	18288.2	966.58	633.901
-3983.83	18288.2	964.679	671.887
-3983.83	18288.2	962.777	621.78
-3983.83	18288.2	960.875	650.551
-3983.83	18288.2	958.972	641.204
-3983.83	18288.2	957.069	684.408
-3983.83	18288.2	955.166	652.731
-3983.83	18288.2	953.262	632.885
-3983.83	18288.2	951.357	657.682
-3983.83	18288.2	949.452	633.907
-3983.83	18288.2	947.547	631.138
-3983.83	18288.2	945.641	675.595
-3983.83	18288.2	943.735	634.783
-3983.83	18288.2	941.829	663.484
-3983.83	18288.2	939.922	646.29
-3983.83	18288.2	938.014	646.141
-3983.83	18288.2	936.106	660.406
-3983.83	18288.2	934.198	624.884
-3983.83	18288.2	932.289	609.023
-3983.83	18288.2	930.38	628.525
-3983.83	18288.2	928.47	593.034
-3983.83	18288.2	926.56	600.75
-3983.83	18288.2	924.649	545.654
-3983.83	18288.2	922.738	578.234
-3983.83	18288.2	920.827	559.79
-3983.83	18288.2	918.915	560.969
-3983.83	18288.2	917.003	559.532
-3983.83	18288.2	915.09	547.64
-3983.83	18288.2	913.177	522.687
-3983.83	18288.2	911.263	508.195
-3983.83	18288.2	909.349	523.752
-3983.83	18288.2	907.435	507.961
-3983.83	18288.2	905.52	526.121
-3983.83	18288.2	903.604	507.727
-3983.83	18288.2	901.688	493.256
-3983.83	18288.2	899.772	493.142
-3983.83	18288.2	897.855	504.767
-3983.83	18288.2	895.938	496.826
-3983.83	18288.2	894.021	500.623
-3983.83	18288.2	892.103	450.978
-3983.83	18288.2	890.184	486.057
-3983.83	18288.2	888.265	500.276
-3983.83	18288.2	886.346	500.16
-3983.83	18288.2	884.426	485.72
-3983.83	18288.2	882.506	486.91
-3983.83	18288.2	880.585	507.623
-3983.83	18288.2	878.664	486.684
-3983.83	18288.2	876.742	485.271
-3983.83	18288.2	874.82	456.543
-3983.83	18288.2	872.898	449.936
-3983.83	18288.2	870.975	483.634
-3983.83	18288.2	869.051	491.32
-3983.83	18288.2	867.127	453.521
-3983.83	18288.2	865.203	474.203
-3983.83	18288.2	863.278	466.3
-3983.83	18288.2	861.353	472.685
-3983.83	18288.2	859.428	480.365
-3983.83	18288.2	857.502	473.763
-3983.83	18288.2	855.575	465.867
-3983.83	18288.2	853.648	476.138
-3983.83	18288.2	851.721	459.166
-3983.83	18288.2	849.793	452.575
-3983.83	18288.2	847.865	452.47
-3983.83	18288.2	845.936	458.846
-3983.83	18288.2	844.007	430.23
-3983.83	18288.2	842.077	496.204
-3983.83	18288.2	840.147	466.297
-3983.83	18288.2	838.216	472.664
-3983.83	18288.2	836.285	451.839
-3983.83	18288.2	834.354	454.323
-3983.83	18288.2	832.422	495.627
-3983.83	18288.2	830.49	465.755
-3983.83	18288.2	828.557	460.473
-3983.83	18288.2	826.624	473.297
-3983.83	18288.2	824.69	471.894
-3983.83	18288.2	822.756	434.3
-3983.83	18288.2	820.821	439.367
-3983.83	18288.2	818.886	456.06
-3983.83	18288.2	816.951	495.995
-3983.83	18288.2	815.015	457.139
-3983.83	18288.2	813.078	473.816
-3983.83	18288.2	811.141	464.67
-3983.83	18288.2	809.204	459.4
-3983.83	18288.2	807.266	477.354
-3983.83	18288.2	805.328	450.156
-3983.83	18288.2	803.389	471.973
-3983.83	18288.2	801.45	455.103
-3983.83	18288.2	799.511	478.197
-3983.83	18288.2	797.571	497.415
-3983.83	18288.2	795.63	466.378
-3983.83	18288.2	793.689	477.862
-3983.83	18288.2	791.748	466.16
-3983.83	18288.2	789.806	500.812
-3983.83	18288.2	787.864	487.823
-3983.83	18288.2	785.921	490.282
-3983.83	18288.2	783.978	432.274
-3983.83	18288.2	782.034	459.183
-3983.83	18288.2	780.09	452.646
-3983.83	18288.2	778.145	466.682
-3983.83	18288.2	776.2	472.999
-3983.83	18288.2	774.255	426.627
-3983.83	18288.2	772.309	439.374
-3983.83	18288.2	770.362	439.271
-3983.83	18288.2	768.416	419.906
-3983.83	18288.2	766.468	444.2
-3983.83	18288.2	764.52	483.884
-3983.83	18288.2	762.572	463.239
-3983.83	18288.2	760.624	457.998
-3983.83	18288.2	758.674	456.608
-3983.83	18288.2	756.725	437.266
-3983.83	18288.2	754.775	448.701
-3983.83	18288.2	752.824	453.722
-3983.83	18288.2	750.873	460.023
-3983.83	18288.2	748.922	435.573
-3983.83	18288.2	746.97	457.244
-3983.83	18288.2	745.017	437.929
-3983.83	18288.2	743.065	446.787
-3983.83	18288.2	741.111	440.282
-3983.83	18288.2	739.158	417.146
-3983.83	18288.2	737.203	426.002
-3983.83	18288.2	735.249	448.924
-3983.83	18288.2	733.294	413.014
-3983.83	18288.2	731.338	432.093
-3983.83	18288.2	729.382	453.718
-3983.83	18288.2	727.425	449.777
-3983.83	18288.2	725.468	442.006
-3983.83	18288.2	723.511	438.07
-3983.83	18288.2	721.553	441.797
-3983.83	18288.2	719.595	445.522
-3983.83	18288.2	717.636	432.654
-3983.83	18288.2	715.676	478.486
-3983.83	18288.2	713.717	446.481
-3983.83	18288.2	711.756	454.028
-3983.83	18288.2	709.796	450.095
-3983.83	18288.2	707.835	453.813
-3983.83	18288.2	705.873	470.273
-3983.83	18288.2	703.911	458.694
-3983.83	18288.2	701.948	438.204
-3983.83	18288.2	699.985	461.023
-3983.83	18288.2	698.022	466.007
-3983.83	18288.2	696.058	456.986
-3983.83	18288.2	694.093	473.421
-3983.83	18288.2	692.129	456.768
-3983.83	18288.2	690.163	450.3
-3983.83	18288.2	688.197	422.215
-3983.83	18288.2	686.231	460.257
-3983.83	18288.2	684.264	467.774
-3983.83	18288.2	682.297	458.767
-3983.83	18288.2	680.329	495.503
-3983.83	18288.2	678.361	471.251
-3983.83	18288.2	676.393	483.838
-3983.83	18288.2	674.423	496.418
-3983.83	18288.2	672.454	439.181
-3983.83	18288.2	670.484	479.684
-3983.83	18288.2	668.513	461.808
-3983.83	18288.2	666.542	490.871
-3983.83	18288.2	664.571	462.856
-3983.83	18288.2	662.599	461.477
-3983.83	18288.2	660.627	474.042
-3983.83	18288.2	658.654	467.593
-3983.83	18288.2	656.68	463.68
-3983.83	18288.2	654.707	462.303
-3983.83	18288.2	652.732	484.985
-3983.83	18288.2	650.758	459.55
-3983.83	18288.2	648.782	417.672
-3983.83	18288.2	646.807	470.718
-3983.83	18288.2	644.83	498.437
-3983.83	18288.2	642.854	486.934
-3983.83	18288.2	640.877	505.784
-3983.83	18288.2	638.899	486.701
-3983.83	18288.2	636.921	490.376
-3983.83	18288.2	634.942	501.63
-3983.83	18288.2	632.963	501.509
-3983.83	18288.2	630.984	486.234
-3983.83	18288.2	629.004	531.572
-3983.83	18288.2	627.023	479.688
-3983.83	18288.2	625.042	488.407
-3983.83	18288.2	623.061	469.364
-3983.83	18288.2	621.079	524.754
-3983.83	18288.2	619.097	508.233
-3983.83	18288.2	617.114	516.936
-3983.83	18288.2	615.131	486.559
-3983.83	18288.2	613.147	515.427
-3983.83	18288.2	611.163	500.184
-3983.83	18288.2	609.178	498.803
-3983.83	18288.2	607.193	491.127
-3983.83	18288.2	605.207	516.189
-3983.83	18288.2	603.221	483.338
-3983.83	18288.2	601.234	507.131
-3983.83	18288.2	599.247	481.846
-3983.83	18288.2	597.259	500.597
-3983.83	18288.2	595.271	508.02
-3983.83	18288.2	593.283	495.326
-3983.83	18288.2	591.294	501.49
-3983.83	18288.2	589.304	486.29
-3983.83	18288.2	587.314	462.303
-3983.83	18288.2	585.323	486.055
-3983.83	18288.2	583.332	493.471
-3983.83	18288.2	581.341	470.755
-3983.83	18288.2	579.349	512.057
-3983.83	18288.2	577.357	503.149
-3983.83	18288.2	575.364	490.483
-3983.83	18288.2	573.37	507.922
-3983.83	18288.2	571.376	471.437
-3983.83	18288.2	569.382	498.9
-3983.83	18288.2	567.387	495.019
-3983.83	18288.2	565.392	513.693
-3983.83	18288.2	563.396	503.547
-3983.83	18288.2	561.399	483.387
-3983.83	18288.2	559.403	504.554
-3983.83	18288.2	557.405	509.437
-3983.83	18288.2	555.408	505.559
-3983.83	18288.2	553.409	501.683
-3983.83	18288.2	551.411	534.08
-3983.83	18288.2	549.411	577.716
-3983.83	18288.2	547.412	577.575
-3983.83	18288.2	545.411	599.932
-3983.83	18288.2	543.411	596.036
-3983.83	18288.2	541.409	640.864
-3983.83	18288.2	539.408	664.437
-3983.83	18288.2	537.406	696.739
-3983.83	18288.2	535.403	761.481
-3983.83	18288.2	533.4	809.968
-3983.83	18288.2	531.396	961.991
-3983.83	18288.2	529.392	1132.65
-3983.83	18288.2	527.387	1403.0
-3983.83	18288.2	525.382	1898.88
-3983.83	18288.2	523.376	2803.37
-3983.83	18288.2	521.37	4038.9
-3983.83	18288.2	519.364	4892.58
-3983.83	18288.2	517.357	5388.37
-3983.83	18288.2	515.349	5312.33
-3983.83	18288.2	513.341	4683.56
-3983.83	18288.2	511.332	3962.99
-3983.83	18288.2	509.323	3232.83
-3983.83	18288.2	507.314	2692.11
-3983.83	18288.2	505.304	2387.98
-3983.83	18288.2	503.293	2042.96
-3983.83	18288.2	501.282	1928.09
-3983.83	18288.2	499.27	1844.34
-3983.83	18288.2	497.258	1748.21
-3983.83	18288.2	495.246	1701.82
-3983.83	18288.2	493.233	1628.13
-3983.83	18288.2	491.219	1545.78
-3983.83	18288.2	489.205	1475.89
-3983.83	18288.2	487.191	1448.22
-3983.83	18288.2	485.176	1359.77
-3983.83	18288.2	483.16	1283.78
-3983.83	18288.2	481.144	1298.34
-3983.83	18288.2	479.128	1253.39
-3983.83	18288.2	477.111	1256.79
-3983.83	18288.2	475.093	1190.81
-3983.83	18288.2	473.075	1179.36
-3983.83	18288.2	471.056	1149.35
-3983.83	18288.2	469.037	1129.25
-3983.83	18288.2	467.018	1095.54
-3983.83	18288.2	464.998	1073.0
-3983.83	18288.2	462.977	1070.25
-3983.83	18288.2	460.956	1061.33
-3983.83	18288.2	458.935	1033.86
-3983.83	18288.2	456.913	1017.53
-3983.83	18288.2	454.89	1018.51
-3983.83	18288.2	452.867	937.932
-3983.83	18288.2	450.843	962.406
-3983.83	18288.2	448.819	936.228
-3983.83	18288.2	446.795	911.298
-3983.83	18288.2	444.77	895.022
-3983.83	18288.2	442.744	881.222
-3983.83	18288.2	440.718	835.347
-3983.83	18288.2	438.691	854.875
-3983.83	18288.2	436.664	838.629
-3983.83	18288.2	434.637	816.225
-3983.83	18288.2	432.608	816.021
-3983.83	18288.2	430.58	782.542
-3983.83	18288.2	428.551	845.18
-3983.83	18288.2	426.521	799.394
-3983.83	18288.2	424.491	783.185
-3983.83	18288.2	422.46	779.295
-3983.83	18288.2	420.429	740.944
-3983.83	18288.2	418.397	798.591
-3983.83	18288.2	416.365	749.182
-3983.83	18288.2	414.332	740.384
-3983.83	18288.2	412.299	732.82
-3983.83	18288.2	410.265	722.802
-3983.83	18288.2	408.231	748.427
-3983.83	18288.2	406.196	708.922
-3983.83	18288.2	404.161	700.145
-3983.83	18288.2	402.125	739.264
-3983.83	18288.2	400.089	721.89
-3983.83	18288.2	398.052	702.069
-3983.83	18288.2	396.015	696.983
-3983.83	18288.2	393.977	671.044
-3983.83	18288.2	391.938	703.989
-3983.83	18288.2	389.899	705.036
-3983.83	18288.2	387.86	725.697
-3983.83	18288.2	385.82	724.287
-3983.83	18288.2	383.78	694.698
-3983.83	18288.2	381.739	717.795
-3983.83	18288.2	379.697	680.874
-3983.83	18288.2	377.655	697.841
-3983.83	18288.2	375.613	711.127
-3983.83	18288.2	373.57	671.789
-3983.83	18288.2	371.526	703.425
-3983.83	18288.2	369.482	710.584
-3983.83	18288.2	367.437	685.948
-3983.83	18288.2	365.392	717.556
-3983.83	18288.2	363.346	683.154
-3983.83	18288.2	361.3	698.863
-3983.83	18288.2	359.254	703.57
-3983.83	18288.2	357.206	667.976
-3983.83	18288.2	355.159	698.327
-3983.83	18288.2	353.11	699.368
-3983.83	18288.2	351.062	689.428
-3983.83	18288.2	349.012	706.33
-3983.83	18288.2	346.962	680.537
-3983.83	18288.2	344.912	691.336
-3983.83	18288.2	342.861	693.596
-3983.83	18288.2	340.81	692.199
-3983.83	18288.2	338.758	727.353
-3983.83	18288.2	336.705	704.024
-3983.83	18288.2	334.652	688.012
-3983.83	18288.2	332.599	689.052
-3983.83	18288.2	330.545	710.782
-3983.83	18288.2	328.49	682.613
-3983.83	18288.2	326.435	732.312
-3983.83	18288.2	324.379	754.014
-3983.83	18288.2	322.323	711.265
-3983.83	18288.2	320.266	677.046
-3983.83	18288.2	318.209	729.125
-3983.83	18288.2	316.151	716.787
-3983.83	18288.2	314.093	745.752
-3983.83	18288.2	312.034	757.701
-3983.83	18288.2	309.975	722.3
-3983.83	18288.2	307.915	740.317
-3983.83	18288.2	305.854	775.311
-3983.83	18288.2	303.793	764.193
-3983.83	18288.2	301.732	753.08
-3983.83	18288.2	299.67	729.849
-3983.83	18288.2	297.607	729.659
-3983.83	18288.2	295.544	762.186
-3983.83	18288.2	293.48	752.296
-3983.83	18288.2	291.416	713.344
-3983.83	18288.2	289.351	724.055
-3983.83	18288.2	287.286	692.394
-3983.83	18288.2	285.22	703.104
-3983.83	18288.2	283.154	713.809
-3983.83	18288.2	281.087	739.023
-3983.83	18288.2	279.019	690.461
-3983.83	18288.2	276.951	698.742
-3983.83	18288.2	274.883	703.393
-3983.83	18288.2	272.814	715.291
-3983.83	18288.2	270.744	692.153
-3983.83	18288.2	268.674	678.687
-3983.83	18288.2	266.603	656.777
-3983.83	18288.2	264.532	659.018
-3983.83	18288.2	262.46	625.058
-3983.83	18288.2	260.388	646.608
-3983.83	18288.2	258.315	630.759
-3983.83	18288.2	256.241	619.741
-3983.83	18288.2	254.167	636.453
-3983.83	18288.2	252.093	623.029
-3983.83	18288.2	250.018	636.117
-3983.83	18288.2	247.942	625.109
-3983.83	18288.2	245.866	622.535
-3983.83	18288.2	243.789	628.39
-3983.83	18288.2	241.712	598.136
-3983.83	18288.2	239.634	589.555
-3983.83	18288.2	237.556	619.47
-3983.83	18288.2	235.477	578.419
-3983.83	18288.2	233.397	580.67
-3983.83	18288.2	231.317	609.361
-3983.83	18288.2	229.237	576.757
-3983.83	18288.2	227.155	560.987
-3983.83	18288.2	225.074	569.244
-3983.83	18288.2	222.991	551.083
-3983.83	18288.2	220.909	540.133
-3983.83	18288.2	218.825	550.789
-3983.83	18288.2	216.741	553.041
-3983.83	18288.2	214.657	543.298
-3983.83	18288.2	212.572	558.74
-3983.83	18288.2	210.486	562.187
-3983.83	18288.2	208.4	544.061
-3983.83	18288.2	206.313	565.48
-3983.83	18288.2	204.226	602.457
-3983.83	18288.2	202.138	567.571
-3983.83	18288.2	200.05	593.754
-3983.83	18288.2	197.961	616.333
-3983.83	18288.2	195.871	619.757
-3983.83	18288.2	193.781	623.178
-3983.83	18288.2	191.691	613.444
-3983.83	18288.2	189.599	610.887
-3983.83	18288.2	187.508	662.114
-3983.83	18288.2	185.415	665.52
-3983.83	18288.2	183.322	662.951
-3983.83	18288.2	181.229	657.995
-3983.83	18288.2	179.135	666.174
-3983.83	18288.2	177.04	691.058
-3983.83	18288.2	174.945	688.484
-3983.83	18288.2	172.849	645.353
-3983.83	18288.2	170.753	674.992
-3983.83	18288.2	168.656	687.923
-3983.83	18288.2	166.558	684.161
-3983.83	18288.2	164.46	681.591
-3983.83	18288.2	162.362	694.51
-3983.83	18288.2	160.263	716.948
-3983.83	18288.2	158.163	732.231
-3983.83	18288.2	156.063	733.221
-3983.83	18288.2	153.962	686.612
-3983.83	18288.2	151.86	726.872
-3983.83	18288.2	149.758	711.212
-3983.83	18288.2	147.656	711.018
-3983.83	18288.2	145.552	722.71
-3983.83	18288.2	143.449	739.148
-3983.83	18288.2	141.344	721.125
-3983.83	18288.2	139.239	712.613
-3983.83	18288.2	137.134	711.23
-3983.83	18288.2	135.028	695.603
-3983.83	18288.2	132.921	714.399
-3983.83	18288.2	130.814	718.948
-3983.83	18288.2	128.706	700.959
-3983.83	18288.2	126.598	681.794
-3983.83	18288.2	124.489	721.909
-3983.83	18288.2	122.379	690.898
-3983.83	18288.2	120.269	665.827
-3983.83	18288.2	118.158	645.507
-3983.83	18288.2	116.047	652.433
-3983.83	18288.2	113.935	628.577
-3983.83	18288.2	111.822	615.385
-3983.83	18288.2	109.709	615.214
-3983.83	18288.2	107.596	607.946
-3983.83	18288.2	105.481	577.034
-3983.83	18288.2	103.367	566.234
-3983.83	18288.2	101.251	551.895
-3983.83	18288.2	99.1351	525.749
-3983.83	18288.2	97.0184	530.327
-3983.83	18288.2	94.9012	503.02
-3983.83	18288.2	92.7834	491.075
-3983.83	18288.2	90.665	460.254
-3983.83	18288.2	88.546	463.665
-3983.83	18288.2	86.4265	435.227
-3983.83	18288.2	84.3063	424.493
-3983.83	18288.2	82.1855	417.301
-3983.83	18288.2	80.0641	400.685
-3983.83	18288.2	77.9422	388.791
