-3981.83	18240.2	1979.41	431.422
-3981.83	18240.2	1977.72	477.146
-3981.83	18240.2	1976.02	429.805
-3981.83	18240.2	1974.33	428.258
-3981.83	18240.2	1972.64	423.758
-3981.83	18240.2	1970.94	442.88
-3981.83	18240.2	1969.25	453.139
-3981.83	18240.2	1967.56	478.153
-3981.83	18240.2	1965.86	473.648
-3981.83	18240.2	1964.17	461.767
-3981.83	18240.2	1962.47	466.116
-3981.83	18240.2	1960.78	479.312
-3981.83	18240.2	1959.08	405.505
-3981.83	18240.2	1957.39	433.45
-3981.83	18240.2	1955.69	430.429
-3981.83	18240.2	1953.99	473.099
-3981.83	18240.2	1952.3	461.231
-3981.83	18240.2	1950.6	439.054
-3981.83	18240.2	1948.9	452.239
-3981.83	18240.2	1947.21	446.272
-3981.83	18240.2	1945.51	434.416
-3981.83	18240.2	1943.81	460.845
-3981.83	18240.2	1942.11	456.352
-3981.83	18240.2	1940.41	451.859
-3981.83	18240.2	1938.71	448.84
-3981.83	18240.2	1937.01	410.509
-3981.83	18240.2	1935.32	414.853
-3981.83	18240.2	1933.62	426.549
-3981.83	18240.2	1931.92	442.654
-3981.83	18240.2	1930.22	430.816
-3981.83	18240.2	1928.51	430.743
-3981.83	18240.2	1926.81	476.235
-3981.83	18240.2	1925.11	443.822
-3981.83	18240.2	1923.41	418.767
-3981.83	18240.2	1921.71	451.016
-3981.83	18240.2	1920.01	446.532
-3981.83	18240.2	1918.31	446.456
-3981.83	18240.2	1916.6	433.164
-3981.83	18240.2	1914.9	446.303
-3981.83	18240.2	1913.2	421.272
-3981.83	18240.2	1911.49	413.862
-3981.83	18240.2	1909.79	404.986
-3981.83	18240.2	1908.09	448.929
-3981.83	18240.2	1906.38	441.517
-3981.83	18240.2	1904.68	425.308
-3981.83	18240.2	1902.97	419.369
-3981.83	18240.2	1901.27	422.228
-3981.83	18240.2	1899.56	420.689
-3981.83	18240.2	1897.85	432.34
-3981.83	18240.2	1896.15	441.057
-3981.83	18240.2	1894.44	427.794
-3981.83	18240.2	1892.74	455.551
-3981.83	18240.2	1891.03	410.07
-3981.83	18240.2	1889.32	429.034
-3981.83	18240.2	1887.61	439.207
-3981.83	18240.2	1885.91	421.565
-3981.83	18240.2	1884.2	427.345
-3981.83	18240.2	1882.49	428.733
-3981.83	18240.2	1880.78	437.435
-3981.83	18240.2	1879.07	434.432
-3981.83	18240.2	1877.36	425.581
-3981.83	18240.2	1875.65	435.741
-3981.83	18240.2	1873.94	412.272
-3981.83	18240.2	1872.23	434.125
-3981.83	18240.2	1870.52	417.972
-3981.83	18240.2	1868.81	381.368
-3981.83	18240.2	1867.1	449.963
-3981.83	18240.2	1865.39	427.973
-3981.83	18240.2	1863.68	417.674
-3981.83	18240.2	1861.96	438.041
-3981.83	18240.2	1860.25	404.386
-3981.83	18240.2	1858.54	421.829
-3981.83	18240.2	1856.82	429.05
-3981.83	18240.2	1855.11	417.3
-3981.83	18240.2	1853.4	427.437
-3981.83	18240.2	1851.68	404.023
-3981.83	18240.2	1849.97	408.325
-3981.83	18240.2	1848.25	422.832
-3981.83	18240.2	1846.54	411.093
-3981.83	18240.2	1844.82	434.339
-3981.83	18240.2	1843.11	422.603
-3981.83	18240.2	1841.39	419.612
-3981.83	18240.2	1839.68	434.103
-3981.83	18240.2	1837.96	432.568
-3981.83	18240.2	1836.24	445.595
-3981.83	18240.2	1834.53	445.514
-3981.83	18240.2	1832.81	401.763
-3981.83	18240.2	1831.09	452.629
-3981.83	18240.2	1829.37	429.264
-3981.83	18240.2	1827.65	416.092
-3981.83	18240.2	1825.94	389.833
-3981.83	18240.2	1824.22	408.668
-3981.83	18240.2	1822.5	388.236
-3981.83	18240.2	1820.78	424.51
-3981.83	18240.2	1819.06	409.897
-3981.83	18240.2	1817.34	425.807
-3981.83	18240.2	1815.62	409.746
-3981.83	18240.2	1813.9	421.292
-3981.83	18240.2	1812.18	402.332
-3981.83	18240.2	1810.45	422.589
-3981.83	18240.2	1808.73	421.059
-3981.83	18240.2	1807.01	434.046
-3981.83	18240.2	1805.29	418.0
-3981.83	18240.2	1803.56	439.69
-3981.83	18240.2	1801.84	409.14
-3981.83	18240.2	1800.12	397.459
-3981.83	18240.2	1798.39	416.24
-3981.83	18240.2	1796.67	406.012
-3981.83	18240.2	1794.95	404.486
-3981.83	18240.2	1793.22	436.3
-3981.83	18240.2	1791.5	421.726
-3981.83	18240.2	1789.77	408.607
-3981.83	18240.2	1788.04	417.222
-3981.83	18240.2	1786.32	431.629
-3981.83	18240.2	1784.59	434.444
-3981.83	18240.2	1782.87	383.687
-3981.83	18240.2	1781.14	429.938
-3981.83	18240.2	1779.41	386.437
-3981.83	18240.2	1777.68	412.412
-3981.83	18240.2	1775.96	379.058
-3981.83	18240.2	1774.23	439.74
-3981.83	18240.2	1772.5	412.179
-3981.83	18240.2	1770.77	429.452
-3981.83	18240.2	1769.04	394.674
-3981.83	18240.2	1767.31	436.517
-3981.83	18240.2	1765.58	449.441
-3981.83	18240.2	1763.85	416.123
-3981.83	18240.2	1762.12	427.601
-3981.83	18240.2	1760.39	389.968
-3981.83	18240.2	1758.66	440.435
-3981.83	18240.2	1756.93	385.488
-3981.83	18240.2	1755.19	411.398
-3981.83	18240.2	1753.46	424.308
-3981.83	18240.2	1751.73	396.811
-3981.83	18240.2	1750.0	395.293
-3981.83	18240.2	1748.26	419.738
-3981.83	18240.2	1746.53	406.679
-3981.83	18240.2	1744.8	421.019
-3981.83	18240.2	1743.06	389.224
-3981.83	18240.2	1741.33	406.445
-3981.83	18240.2	1739.59	436.628
-3981.83	18240.2	1737.86	437.985
-3981.83	18240.2	1736.12	420.615
-3981.83	18240.2	1734.39	397.491
-3981.83	18240.2	1732.65	397.415
-3981.83	18240.2	1730.91	434.769
-3981.83	18240.2	1729.18	424.609
-3981.83	18240.2	1727.44	402.941
-3981.83	18240.2	1725.7	427.323
-3981.83	18240.2	1723.96	421.486
-3981.83	18240.2	1722.23	424.281
-3981.83	18240.2	1720.49	417.009
-3981.83	18240.2	1718.75	405.427
-3981.83	18240.2	1717.01	421.16
-3981.83	18240.2	1715.27	422.515
-3981.83	18240.2	1713.53	420.996
-3981.83	18240.2	1711.79	380.69
-3981.83	18240.2	1710.05	396.415
-3981.83	18240.2	1708.31	425.058
-3981.83	18240.2	1706.57	384.775
-3981.83	18240.2	1704.82	411.973
-3981.83	18240.2	1703.08	398.976
-3981.83	18240.2	1701.34	423.292
-3981.83	18240.2	1699.6	403.124
-3981.83	18240.2	1697.85	411.651
-3981.83	18240.2	1696.11	404.4
-3981.83	18240.2	1694.37	394.285
-3981.83	18240.2	1692.62	394.207
-3981.83	18240.2	1690.88	385.531
-3981.83	18240.2	1689.13	386.888
-3981.83	18240.2	1687.39	404.004
-3981.83	18240.2	1685.64	391.033
-3981.83	18240.2	1683.9	408.141
-3981.83	18240.2	1682.15	388.015
-3981.83	18240.2	1680.41	393.665
-3981.83	18240.2	1678.66	380.706
-3981.83	18240.2	1676.91	382.062
-3981.83	18240.2	1675.16	393.432
-3981.83	18240.2	1673.42	403.366
-3981.83	18240.2	1671.67	417.587
-3981.83	18240.2	1669.92	431.803
-3981.83	18240.2	1668.17	401.697
-3981.83	18240.2	1666.42	377.32
-3981.83	18240.2	1664.67	414.398
-3981.83	18240.2	1662.92	370.027
-3981.83	18240.2	1661.17	411.377
-3981.83	18240.2	1659.42	439.857
-3981.83	18240.2	1657.67	414.069
-3981.83	18240.2	1655.92	394.001
-3981.83	18240.2	1654.17	425.322
-3981.83	18240.2	1652.42	402.405
-3981.83	18240.2	1650.66	372.365
-3981.83	18240.2	1648.91	410.803
-3981.83	18240.2	1647.16	389.329
-3981.83	18240.2	1645.41	399.232
-3981.83	18240.2	1643.65	407.705
-3981.83	18240.2	1641.9	406.198
-3981.83	18240.2	1640.14	401.842
-3981.83	18240.2	1638.39	374.692
-3981.83	18240.2	1636.63	401.681
-3981.83	18240.2	1634.88	405.872
-3981.83	18240.2	1633.12	398.672
-3981.83	18240.2	1631.37	401.439
-3981.83	18240.2	1629.61	381.432
-3981.83	18240.2	1627.85	404.123
-3981.83	18240.2	1626.09	375.588
-3981.83	18240.2	1624.34	368.4
-3981.83	18240.2	1622.58	426.632
-3981.83	18240.2	1620.82	385.313
-3981.83	18240.2	1619.06	398.029
-3981.83	18240.2	1617.3	373.787
-3981.83	18240.2	1615.54	396.447
-3981.83	18240.2	1613.78	390.684
-3981.83	18240.2	1612.02	382.083
-3981.83	18240.2	1610.26	420.348
-3981.83	18240.2	1608.5	400.385
-3981.83	18240.2	1606.74	405.982
-3981.83	18240.2	1604.98	378.934
-3981.83	18240.2	1603.22	394.465
-3981.83	18240.2	1601.46	397.223
-3981.83	18240.2	1599.69	387.213
-3981.83	18240.2	1597.93	405.569
-3981.83	18240.2	1596.17	367.206
-3981.83	18240.2	1594.4	379.889
-3981.83	18240.2	1592.64	392.566
-3981.83	18240.2	1590.88	379.734
-3981.83	18240.2	1589.11	390.99
-3981.83	18240.2	1587.35	399.408
-3981.83	18240.2	1585.58	387.998
-3981.83	18240.2	1583.81	399.244
-3981.83	18240.2	1582.05	406.24
-3981.83	18240.2	1580.28	376.438
-3981.83	18240.2	1578.51	394.754
-3981.83	18240.2	1576.75	390.43
-3981.83	18240.2	1574.98	374.792
-3981.83	18240.2	1573.21	369.059
-3981.83	18240.2	1571.44	371.811
-3981.83	18240.2	1569.67	373.148
-3981.83	18240.2	1567.91	374.484
-3981.83	18240.2	1566.14	413.967
-3981.83	18240.2	1564.37	396.931
-3981.83	18240.2	1562.6	385.551
-3981.83	18240.2	1560.83	415.123
-3981.83	18240.2	1559.05	391.039
-3981.83	18240.2	1557.28	405.072
-3981.83	18240.2	1555.51	389.466
-3981.83	18240.2	1553.74	410.548
-3981.83	18240.2	1551.97	368.148
-3981.83	18240.2	1550.19	396.276
-3981.83	18240.2	1548.42	345.436
-3981.83	18240.2	1546.65	365.1
-3981.83	18240.2	1544.87	369.252
-3981.83	18240.2	1543.1	387.494
-3981.83	18240.2	1541.32	377.552
-3981.83	18240.2	1539.55	397.192
-3981.83	18240.2	1537.77	370.354
-3981.83	18240.2	1536.0	387.172
-3981.83	18240.2	1534.22	387.092
-3981.83	18240.2	1532.45	387.011
-3981.83	18240.2	1530.67	386.931
-3981.83	18240.2	1528.89	368.563
-3981.83	18240.2	1527.11	386.769
-3981.83	18240.2	1525.34	371.221
-3981.83	18240.2	1523.56	396.449
-3981.83	18240.2	1521.78	392.15
-3981.83	18240.2	1520.0	396.284
-3981.83	18240.2	1518.22	383.556
-3981.83	18240.2	1516.44	386.286
-3981.83	18240.2	1514.66	386.205
-3981.83	18240.2	1512.88	355.234
-3981.83	18240.2	1511.1	377.621
-3981.83	18240.2	1509.32	366.314
-3981.83	18240.2	1507.54	401.317
-3981.83	18240.2	1505.76	394.218
-3981.83	18240.2	1503.97	388.525
-3981.83	18240.2	1502.19	382.835
-3981.83	18240.2	1500.41	393.97
-3981.83	18240.2	1498.62	372.862
-3981.83	18240.2	1496.84	378.389
-3981.83	18240.2	1495.06	382.513
-3981.83	18240.2	1493.27	368.424
-3981.83	18240.2	1491.49	365.546
-3981.83	18240.2	1489.7	373.87
-3981.83	18240.2	1487.91	365.392
-3981.83	18240.2	1486.13	352.718
-3981.83	18240.2	1484.34	375.034
-3981.83	18240.2	1482.55	380.551
-3981.83	18240.2	1480.77	334.311
-3981.83	18240.2	1478.98	387.383
-3981.83	18240.2	1477.19	391.496
-3981.83	18240.2	1475.4	376.036
-3981.83	18240.2	1473.61	387.137
-3981.83	18240.2	1471.83	373.082
-3981.83	18240.2	1470.04	386.974
-3981.83	18240.2	1468.25	382.702
-3981.83	18240.2	1466.46	393.792
-3981.83	18240.2	1464.67	383.936
-3981.83	18240.2	1462.87	358.729
-3981.83	18240.2	1461.08	403.311
-3981.83	18240.2	1459.29	393.458
-3981.83	18240.2	1457.5	375.241
-3981.83	18240.2	1455.71	400.265
-3981.83	18240.2	1453.91	384.842
-3981.83	18240.2	1452.12	362.455
-3981.83	18240.2	1450.33	377.71
-3981.83	18240.2	1448.53	363.695
-3981.83	18240.2	1446.74	385.908
-3981.83	18240.2	1444.94	352.397
-3981.83	18240.2	1443.15	363.463
-3981.83	18240.2	1441.35	355.032
-3981.83	18240.2	1439.56	392.539
-3981.83	18240.2	1437.76	377.147
-3981.83	18240.2	1435.96	381.241
-3981.83	18240.2	1434.17	374.204
-3981.83	18240.2	1432.37	392.205
-3981.83	18240.2	1430.57	376.826
-3981.83	18240.2	1428.77	358.672
-3981.83	18240.2	1426.97	357.206
-3981.83	18240.2	1425.17	382.143
-3981.83	18240.2	1423.37	380.672
-3981.83	18240.2	1421.58	365.311
-3981.83	18240.2	1419.77	361.067
-3981.83	18240.2	1417.97	358.213
-3981.83	18240.2	1416.17	378.958
-3981.83	18240.2	1414.37	371.937
-3981.83	18240.2	1412.57	369.083
-3981.83	18240.2	1410.77	366.229
-3981.83	18240.2	1408.97	366.15
-3981.83	18240.2	1407.16	373.005
-3981.83	18240.2	1405.36	359.062
-3981.83	18240.2	1403.56	375.617
-3981.83	18240.2	1401.75	358.907
-3981.83	18240.2	1399.95	361.601
-3981.83	18240.2	1398.14	350.442
-3981.83	18240.2	1396.34	380.834
-3981.83	18240.2	1394.53	376.598
-3981.83	18240.2	1392.73	370.98
-3981.83	18240.2	1390.92	361.212
-3981.83	18240.2	1389.11	384.657
-3981.83	18240.2	1387.3	372.124
-3981.83	18240.2	1385.5	377.576
-3981.83	18240.2	1383.69	369.198
-3981.83	18240.2	1381.88	381.56
-3981.83	18240.2	1380.07	377.331
-3981.83	18240.2	1378.26	367.577
-3981.83	18240.2	1376.45	356.445
-3981.83	18240.2	1374.64	368.799
-3981.83	18240.2	1372.83	385.291
-3981.83	18240.2	1371.02	364.498
-3981.83	18240.2	1369.21	357.517
-3981.83	18240.2	1367.4	351.92
-3981.83	18240.2	1365.59	382.199
-3981.83	18240.2	1363.78	368.321
-3981.83	18240.2	1361.96	377.896
-3981.83	18240.2	1360.15	355.752
-3981.83	18240.2	1358.34	374.975
-3981.83	18240.2	1356.52	381.785
-3981.83	18240.2	1354.71	369.3
-3981.83	18240.2	1352.89	354.066
-3981.83	18240.2	1351.08	342.97
-3981.83	18240.2	1349.26	352.535
-3981.83	18240.2	1347.45	368.98
-3981.83	18240.2	1345.63	366.147
-3981.83	18240.2	1343.81	349.553
-3981.83	18240.2	1342.0	326.087
-3981.83	18240.2	1340.18	348.025
-3981.83	18240.2	1338.36	379.581
-3981.83	18240.2	1336.54	331.374
-3981.83	18240.2	1334.73	356.046
-3981.83	18240.2	1332.91	379.333
-3981.83	18240.2	1331.09	344.898
-3981.83	18240.2	1329.27	372.299
-3981.83	18240.2	1327.45	362.604
-3981.83	18240.2	1325.63	355.659
-3981.83	18240.2	1323.81	341.852
-3981.83	18240.2	1321.98	340.405
-3981.83	18240.2	1320.16	306.023
-3981.83	18240.2	1318.34	397.88
-3981.83	18240.2	1316.52	374.475
-3981.83	18240.2	1314.7	341.479
-3981.83	18240.2	1312.87	368.827
-3981.83	18240.2	1311.05	352.296
-3981.83	18240.2	1309.22	365.924
-3981.83	18240.2	1307.4	349.402
-3981.83	18240.2	1305.57	371.244
-3981.83	18240.2	1303.75	345.14
-3981.83	18240.2	1301.92	347.803
-3981.83	18240.2	1300.1	369.631
-3981.83	18240.2	1298.27	346.282
-3981.83	18240.2	1296.44	361.259
-3981.83	18240.2	1294.62	355.707
-3981.83	18240.2	1292.79	344.687
-3981.83	18240.2	1290.96	352.816
-3981.83	18240.2	1289.13	367.778
-3981.83	18240.2	1287.3	378.633
-3981.83	18240.2	1285.47	368.983
-3981.83	18240.2	1283.64	359.338
-3981.83	18240.2	1281.81	377.017
-3981.83	18240.2	1279.98	352.352
-3981.83	18240.2	1278.15	360.467
-3981.83	18240.2	1276.32	350.832
-3981.83	18240.2	1274.49	361.673
-3981.83	18240.2	1272.66	357.5
-3981.83	18240.2	1270.82	364.242
-3981.83	18240.2	1268.99	357.343
-3981.83	18240.2	1267.16	369.536
-3981.83	18240.2	1265.32	364.002
-3981.83	18240.2	1263.49	355.744
-3981.83	18240.2	1261.66	384.282
-3981.83	18240.2	1259.82	352.862
-3981.83	18240.2	1257.98	358.233
-3981.83	18240.2	1256.15	370.41
-3981.83	18240.2	1254.31	358.075
-3981.83	18240.2	1252.48	368.885
-3981.83	18240.2	1250.64	345.669
-3981.83	18240.2	1248.8	357.838
-3981.83	18240.2	1246.96	360.479
-3981.83	18240.2	1245.13	348.16
-3981.83	18240.2	1243.29	327.687
-3981.83	18240.2	1241.45	362.959
-3981.83	18240.2	1239.61	358.802
-3981.83	18240.2	1237.77	370.951
-3981.83	18240.2	1235.93	358.643
-3981.83	18240.2	1234.09	387.086
-3981.83	18240.2	1232.25	357.126
-3981.83	18240.2	1230.41	347.544
-3981.83	18240.2	1228.56	342.038
-3981.83	18240.2	1226.72	356.889
-3981.83	18240.2	1224.88	354.097
-3981.83	18240.2	1223.04	370.295
-3981.83	18240.2	1221.19	353.94
-3981.83	18240.2	1219.35	347.082
-3981.83	18240.2	1217.5	382.248
-3981.83	18240.2	1215.66	342.863
-3981.83	18240.2	1213.81	363.11
-3981.83	18240.2	1211.97	345.42
-3981.83	18240.2	1210.12	354.823
-3981.83	18240.2	1208.28	364.222
-3981.83	18240.2	1206.43	365.495
-3981.83	18240.2	1204.58	338.346
-3981.83	18240.2	1202.73	331.506
-3981.83	18240.2	1200.89	338.196
-3981.83	18240.2	1199.04	343.53
-3981.83	18240.2	1197.19	375.906
-3981.83	18240.2	1195.34	374.471
-3981.83	18240.2	1193.49	317.621
-3981.83	18240.2	1191.64	355.386
-3981.83	18240.2	1189.79	336.393
-3981.83	18240.2	1187.94	364.683
-3981.83	18240.2	1186.09	360.55
-3981.83	18240.2	1184.23	375.321
-3981.83	18240.2	1182.38	353.641
-3981.83	18240.2	1180.53	396.745
-3981.83	18240.2	1178.68	366.975
-3981.83	18240.2	1176.82	377.684
-3981.83	18240.2	1174.97	365.463
-3981.83	18240.2	1173.12	330.326
-3981.83	18240.2	1171.26	362.604
-3981.83	18240.2	1169.41	332.874
-3981.83	18240.2	1167.55	339.536
-3981.83	18240.2	1165.69	332.725
-3981.83	18240.2	1163.84	339.385
-3981.83	18240.2	1161.98	333.923
-3981.83	18240.2	1160.12	370.195
-3981.83	18240.2	1158.27	360.691
-3981.83	18240.2	1156.41	341.772
-3981.83	18240.2	1154.55	355.149
-3981.83	18240.2	1152.69	361.794
-3981.83	18240.2	1150.83	350.956
-3981.83	18240.2	1148.97	375.076
-3981.83	18240.2	1147.11	334.67
-3981.83	18240.2	1145.25	373.564
-3981.83	18240.2	1143.39	377.51
-3981.83	18240.2	1141.53	349.22
-3981.83	18240.2	1139.67	355.856
-3981.83	18240.2	1137.81	362.489
-3981.83	18240.2	1135.94	375.83
-3981.83	18240.2	1134.08	355.616
-3981.83	18240.2	1132.22	342.12
-3981.83	18240.2	1130.35	368.87
-3981.83	18240.2	1128.49	368.787
-3981.83	18240.2	1126.62	347.253
-3981.83	18240.2	1124.76	395.431
-3981.83	18240.2	1122.89	391.321
-3981.83	18240.2	1121.03	360.417
-3981.83	18240.2	1119.16	364.355
-3981.83	18240.2	1117.3	374.987
-3981.83	18240.2	1115.43	348.124
-3981.83	18240.2	1113.56	368.125
-3981.83	18240.2	1111.69	362.689
-3981.83	18240.2	1109.82	361.269
-3981.83	18240.2	1107.96	382.592
-3981.83	18240.2	1106.09	354.419
-3981.83	18240.2	1104.22	348.991
-3981.83	18240.2	1102.35	391.691
-3981.83	18240.2	1100.48	362.199
-3981.83	18240.2	1098.61	360.781
-3981.83	18240.2	1096.73	364.708
-3981.83	18240.2	1094.86	360.619
-3981.83	18240.2	1092.99	364.543
-3981.83	18240.2	1091.12	376.476
-3981.83	18240.2	1089.24	372.387
-3981.83	18240.2	1087.37	361.628
-3981.83	18240.2	1085.5	389.563
-3981.83	18240.2	1083.62	366.8
-3981.83	18240.2	1081.75	370.718
-3981.83	18240.2	1079.87	351.969
-3981.83	18240.2	1078.0	375.882
-3981.83	18240.2	1076.12	375.797
-3981.83	18240.2	1074.24	358.392
-3981.83	18240.2	1072.37	390.279
-3981.83	18240.2	1070.49	398.181
-3981.83	18240.2	1068.61	374.126
-3981.83	18240.2	1066.73	375.372
-3981.83	18240.2	1064.86	375.288
-3981.83	18240.2	1062.98	355.245
-3981.83	18240.2	1061.1	381.769
-3981.83	18240.2	1059.22	375.033
-3981.83	18240.2	1057.34	370.959
-3981.83	18240.2	1055.46	413.413
-3981.83	18240.2	1053.58	410.661
-3981.83	18240.2	1051.69	356.091
-3981.83	18240.2	1049.81	379.922
-3981.83	18240.2	1047.93	393.117
-3981.83	18240.2	1046.05	373.111
-3981.83	18240.2	1044.16	416.833
-3981.83	18240.2	1042.28	404.794
-3981.83	18240.2	1040.4	384.799
-3981.83	18240.2	1038.51	397.977
-3981.83	18240.2	1036.63	408.497
-3981.83	18240.2	1034.74	408.404
-3981.83	18240.2	1032.86	440.128
-3981.83	18240.2	1030.97	404.243
-3981.83	18240.2	1029.08	412.101
-3981.83	18240.2	1027.2	415.982
-3981.83	18240.2	1025.31	426.483
-3981.83	18240.2	1023.42	426.387
-3981.83	18240.2	1021.53	417.022
-3981.83	18240.2	1019.64	427.516
-3981.83	18240.2	1017.75	414.186
-3981.83	18240.2	1015.86	422.03
-3981.83	18240.2	1013.97	419.288
-3981.83	18240.2	1012.08	464.154
-3981.83	18240.2	1010.19	478.591
-3981.83	18240.2	1008.3	442.794
-3981.83	18240.2	1006.41	454.586
-3981.83	18240.2	1004.52	438.629
-3981.83	18240.2	1002.62	483.438
-3981.83	18240.2	1000.73	464.84
-3981.83	18240.2	998.837	493.78
-3981.83	18240.2	996.943	506.867
-3981.83	18240.2	995.049	502.792
-3981.83	18240.2	993.154	484.206
-3981.83	18240.2	991.258	526.306
-3981.83	18240.2	989.363	523.548
-3981.83	18240.2	987.467	540.569
-3981.83	18240.2	985.57	556.263
-3981.83	18240.2	983.673	574.586
-3981.83	18240.2	981.776	556.009
-3981.83	18240.2	979.878	579.593
-3981.83	18240.2	977.979	580.777
-3981.83	18240.2	976.081	608.294
-3981.83	18240.2	974.181	621.318
-3981.83	18240.2	972.282	618.544
-3981.83	18240.2	970.382	623.666
-3981.83	18240.2	968.481	614.315
-3981.83	18240.2	966.58	614.174
-3981.83	18240.2	964.679	653.479
-3981.83	18240.2	962.777	637.555
-3981.83	18240.2	960.875	665.008
-3981.83	18240.2	958.972	658.286
-3981.83	18240.2	957.069	666.017
-3981.83	18240.2	955.166	636.97
-3981.83	18240.2	953.262	622.381
-3981.83	18240.2	951.357	662.933
-3981.83	18240.2	949.452	671.968
-3981.83	18240.2	947.547	686.247
-3981.83	18240.2	945.641	658.541
-3981.83	18240.2	943.735	641.34
-3981.83	18240.2	941.829	643.816
-3981.83	18240.2	939.922	644.979
-3981.83	18240.2	938.014	656.626
-3981.83	18240.2	936.106	674.82
-3981.83	18240.2	934.198	643.224
-3981.83	18240.2	932.289	616.882
-3981.83	18240.2	930.38	628.525
-3981.83	18240.2	928.47	602.198
-3981.83	18240.2	926.56	604.677
-3981.83	18240.2	924.649	584.91
-3981.83	18240.2	922.738	597.857
-3981.83	18240.2	920.827	549.327
-3981.83	18240.2	918.915	583.198
-3981.83	18240.2	917.003	543.845
-3981.83	18240.2	915.09	534.57
-3981.83	18240.2	913.177	534.447
-3981.83	18240.2	911.263	514.728
-3981.83	18240.2	909.349	515.915
-3981.83	18240.2	907.435	505.35
-3981.83	18240.2	905.52	506.539
-3981.83	18240.2	903.604	486.844
-3981.83	18240.2	901.688	493.256
-3981.83	18240.2	899.772	491.837
-3981.83	18240.2	897.855	483.898
-3981.83	18240.2	895.938	504.65
-3981.83	18240.2	894.021	484.978
-3981.83	18240.2	892.103	469.225
-3981.83	18240.2	890.184	493.876
-3981.83	18240.2	888.265	480.734
-3981.83	18240.2	886.346	497.555
-3981.83	18240.2	884.426	475.303
-3981.83	18240.2	882.506	477.796
-3981.83	18240.2	880.585	493.305
-3981.83	18240.2	878.664	482.781
-3981.83	18240.2	876.742	468.358
-3981.83	18240.2	874.82	486.459
-3981.83	18240.2	872.898	481.145
-3981.83	18240.2	870.975	482.334
-3981.83	18240.2	869.051	488.721
-3981.83	18240.2	867.127	476.912
-3981.83	18240.2	865.203	483.298
-3981.83	18240.2	863.278	468.898
-3981.83	18240.2	861.353	472.685
-3981.83	18240.2	859.428	459.592
-3981.83	18240.2	857.502	475.061
-3981.83	18240.2	855.575	478.844
-3981.83	18240.2	853.648	474.841
-3981.83	18240.2	851.721	464.354
-3981.83	18240.2	849.793	461.653
-3981.83	18240.2	847.865	493.957
-3981.83	18240.2	845.936	458.846
-3981.83	18240.2	844.007	453.556
-3981.83	18240.2	842.077	471.588
-3981.83	18240.2	840.147	470.183
-3981.83	18240.2	838.216	475.254
-3981.83	18240.2	836.285	467.375
-3981.83	18240.2	834.354	473.738
-3981.83	18240.2	832.422	496.921
-3981.83	18240.2	830.49	473.518
-3981.83	18240.2	828.557	485.048
-3981.83	18240.2	826.624	493.988
-3981.83	18240.2	824.69	461.551
-3981.83	18240.2	822.756	476.954
-3981.83	18240.2	820.821	467.797
-3981.83	18240.2	818.886	475.44
-3981.83	18240.2	816.951	454.662
-3981.83	18240.2	815.015	488.131
-3981.83	18240.2	813.078	478.98
-3981.83	18240.2	811.141	467.252
-3981.83	18240.2	809.204	474.885
-3981.83	18240.2	807.266	479.935
-3981.83	18240.2	805.328	465.634
-3981.83	18240.2	803.389	491.316
-3981.83	18240.2	801.45	442.21
-3981.83	18240.2	799.511	454.996
-3981.83	18240.2	797.571	460.044
-3981.83	18240.2	795.63	498.587
-3981.83	18240.2	793.689	445.661
-3981.83	18240.2	791.748	486.764
-3981.83	18240.2	789.806	445.452
-3981.83	18240.2	787.864	476.239
-3981.83	18240.2	785.921	485.135
-3981.83	18240.2	783.978	423.268
-3981.83	18240.2	782.034	451.466
-3981.83	18240.2	780.09	450.074
-3981.83	18240.2	778.145	471.824
-3981.83	18240.2	776.2	480.711
-3981.83	18240.2	774.255	444.617
-3981.83	18240.2	772.309	463.784
-3981.83	18240.2	770.362	461.106
-3981.83	18240.2	768.416	457.145
-3981.83	18240.2	766.468	426.226
-3981.83	18240.2	764.52	433.827
-3981.83	18240.2	762.572	472.221
-3981.83	18240.2	760.624	460.564
-3981.83	18240.2	758.674	463.021
-3981.83	18240.2	756.725	468.041
-3981.83	18240.2	754.775	478.187
-3981.83	18240.2	752.824	453.722
-3981.83	18240.2	750.873	417.736
-3981.83	18240.2	748.922	463.757
-3981.83	18240.2	746.97	438.032
-3981.83	18240.2	745.017	466.1
-3981.83	18240.2	743.065	439.106
-3981.83	18240.2	741.111	441.562
-3981.83	18240.2	739.158	451.695
-3981.83	18240.2	737.203	437.516
-3981.83	18240.2	735.249	464.271
-3981.83	18240.2	733.294	456.49
-3981.83	18240.2	731.338	448.712
-3981.83	18240.2	729.382	472.889
-3981.83	18240.2	727.425	459.999
-3981.83	18240.2	725.468	450.948
-3981.83	18240.2	723.511	436.793
-3981.83	18240.2	721.553	425.198
-3981.83	18240.2	719.595	445.522
-3981.83	18240.2	717.636	458.179
-3981.83	18240.2	715.676	431.276
-3981.83	18240.2	713.717	432.449
-3981.83	18240.2	711.756	418.318
-3981.83	18240.2	709.796	462.846
-3981.83	18240.2	707.835	453.813
-3981.83	18240.2	705.873	439.686
-3981.83	18240.2	703.911	465.065
-3981.83	18240.2	701.948	440.751
-3981.83	18240.2	699.985	445.741
-3981.83	18240.2	698.022	467.28
-3981.83	18240.2	696.058	440.437
-3981.83	18240.2	694.093	445.423
-3981.83	18240.2	692.129	464.402
-3981.83	18240.2	690.163	445.212
-3981.83	18240.2	688.197	448.921
-3981.83	18240.2	686.231	462.8
-3981.83	18240.2	684.264	448.707
-3981.83	18240.2	682.297	462.579
-3981.83	18240.2	680.329	487.88
-3981.83	18240.2	678.361	483.953
-3981.83	18240.2	676.393	462.249
-3981.83	18240.2	674.423	500.227
-3981.83	18240.2	672.454	445.528
-3981.83	18240.2	670.484	464.456
-3981.83	18240.2	668.513	479.57
-3981.83	18240.2	666.542	513.702
-3981.83	18240.2	664.571	500.899
-3981.83	18240.2	662.599	484.298
-3981.83	18240.2	660.627	484.182
-3981.83	18240.2	658.654	484.066
-3981.83	18240.2	656.68	499.153
-3981.83	18240.2	654.707	500.3
-3981.83	18240.2	652.732	497.648
-3981.83	18240.2	650.758	474.741
-3981.83	18240.2	648.782	472.096
-3981.83	18240.2	646.807	484.637
-3981.83	18240.2	644.83	471.87
-3981.83	18240.2	642.854	508.435
-3981.83	18240.2	640.877	471.644
-3981.83	18240.2	638.899	486.701
-3981.83	18240.2	636.921	466.362
-3981.83	18240.2	634.942	504.157
-3981.83	18240.2	632.963	517.932
-3981.83	18240.2	630.984	473.604
-3981.83	18240.2	629.004	506.319
-3981.83	18240.2	627.023	482.213
-3981.83	18240.2	625.042	492.193
-3981.83	18240.2	623.061	514.786
-3981.83	18240.2	621.079	502.048
-3981.83	18240.2	619.097	500.666
-3981.83	18240.2	617.114	535.848
-3981.83	18240.2	615.131	513.03
-3981.83	18240.2	613.147	511.646
-3981.83	18240.2	611.163	514.042
-3981.83	18240.2	609.178	537.851
-3981.83	18240.2	607.193	479.793
-3981.83	18240.2	605.207	498.563
-3981.83	18240.2	603.221	488.373
-3981.83	18240.2	601.234	495.805
-3981.83	18240.2	599.247	509.524
-3981.83	18240.2	597.259	505.628
-3981.83	18240.2	595.271	502.99
-3981.83	18240.2	593.283	495.326
-3981.83	18240.2	591.294	491.435
-3981.83	18240.2	589.304	508.908
-3981.83	18240.2	587.314	507.529
-3981.83	18240.2	585.323	499.87
-3981.83	18240.2	583.332	488.448
-3981.83	18240.2	581.341	503.394
-3981.83	18240.2	579.349	520.842
-3981.83	18240.2	577.357	495.621
-3981.83	18240.2	575.364	470.412
-3981.83	18240.2	573.37	480.331
-3981.83	18240.2	571.376	482.722
-3981.83	18240.2	569.382	493.886
-3981.83	18240.2	567.387	506.298
-3981.83	18240.2	565.392	481.117
-3981.83	18240.2	563.396	521.083
-3981.83	18240.2	561.399	504.676
-3981.83	18240.2	559.403	505.806
-3981.83	18240.2	557.405	534.471
-3981.83	18240.2	555.408	548.106
-3981.83	18240.2	553.409	552.977
-3981.83	18240.2	551.411	586.613
-3981.83	18240.2	549.411	576.466
-3981.83	18240.2	547.412	572.575
-3981.83	18240.2	545.411	602.431
-3981.83	18240.2	543.411	622.277
-3981.83	18240.2	541.409	655.855
-3981.83	18240.2	539.408	680.673
-3981.83	18240.2	537.406	714.22
-3981.83	18240.2	535.403	787.696
-3981.83	18240.2	533.4	842.416
-3981.83	18240.2	531.396	915.825
-3981.83	18240.2	529.392	1110.2
-3981.83	18240.2	527.387	1371.82
-3981.83	18240.2	525.382	1877.68
-3981.83	18240.2	523.376	2719.85
-3981.83	18240.2	521.37	3893.09
-3981.83	18240.2	519.364	4733.11
-3981.83	18240.2	517.357	5186.58
-3981.83	18240.2	515.349	5228.89
-3981.83	18240.2	513.341	4692.27
-3981.83	18240.2	511.332	4028.96
-3981.83	18240.2	509.323	3352.28
-3981.83	18240.2	507.314	2772.98
-3981.83	18240.2	505.304	2481.26
-3981.83	18240.2	503.293	2123.78
-3981.83	18240.2	501.282	2032.51
-3981.83	18240.2	499.27	1871.69
-3981.83	18240.2	497.258	1812.83
-3981.83	18240.2	495.246	1755.24
-3981.83	18240.2	493.233	1707.61
-3981.83	18240.2	491.219	1621.52
-3981.83	18240.2	489.205	1531.75
-3981.83	18240.2	487.191	1461.87
-3981.83	18240.2	485.176	1411.88
-3981.83	18240.2	483.16	1363.16
-3981.83	18240.2	481.144	1328.1
-3981.83	18240.2	479.128	1258.34
-3981.83	18240.2	477.111	1253.07
-3981.83	18240.2	475.093	1211.87
-3981.83	18240.2	473.075	1199.18
-3981.83	18240.2	471.056	1146.87
-3981.83	18240.2	469.037	1150.3
-3981.83	18240.2	467.018	1137.63
-3981.83	18240.2	464.998	1121.26
-3981.83	18240.2	462.977	1070.25
-3981.83	18240.2	460.956	1100.91
-3981.83	18240.2	458.935	1031.38
-3981.83	18240.2	456.913	1060.8
-3981.83	18240.2	454.89	1019.75
-3981.83	18240.2	452.867	978.711
-3981.83	18240.2	450.843	975.996
-3981.83	18240.2	448.819	968.342
-3981.83	18240.2	446.795	950.812
-3981.83	18240.2	444.77	901.194
-3981.83	18240.2	442.744	924.419
-3981.83	18240.2	440.718	850.154
-3981.83	18240.2	438.691	868.445
-3981.83	18240.2	436.664	884.26
-3981.83	18240.2	434.637	847.049
-3981.83	18240.2	432.608	856.698
-3981.83	18240.2	430.58	808.422
-3981.83	18240.2	428.551	830.396
-3981.83	18240.2	426.521	820.333
-3981.83	18240.2	424.491	820.127
-3981.83	18240.2	422.46	797.761
-3981.83	18240.2	420.429	761.867
-3981.83	18240.2	418.397	776.442
-3981.83	18240.2	416.365	740.571
-3981.83	18240.2	414.332	736.695
-3981.83	18240.2	412.299	746.346
-3981.83	18240.2	410.265	748.616
-3981.83	18240.2	408.231	736.138
-3981.83	18240.2	406.196	750.696
-3981.83	18240.2	404.161	732.081
-3981.83	18240.2	402.125	739.264
-3981.83	18240.2	400.089	710.84
-3981.83	18240.2	398.052	724.162
-3981.83	18240.2	396.015	728.887
-3981.83	18240.2	393.977	704.167
-3981.83	18240.2	391.938	715.027
-3981.83	18240.2	389.899	727.107
-3981.83	18240.2	387.86	698.728
-3981.83	18240.2	385.82	727.964
-3981.83	18240.2	383.78	725.328
-3981.83	18240.2	381.739	722.694
-3981.83	18240.2	379.697	750.676
-3981.83	18240.2	377.655	713.757
-3981.83	18240.2	375.613	736.831
-3981.83	18240.2	373.57	710.946
-3981.83	18240.2	371.526	747.466
-3981.83	18240.2	369.482	703.246
-3981.83	18240.2	367.437	711.626
-3981.83	18240.2	365.392	716.334
-3981.83	18240.2	363.346	743.037
-3981.83	18240.2	361.3	692.754
-3981.83	18240.2	359.254	719.449
-3981.83	18240.2	357.206	710.717
-3981.83	18240.2	355.159	697.106
-3981.83	18240.2	353.11	712.794
-3981.83	18240.2	351.062	696.749
-3981.83	18240.2	349.012	707.549
-3981.83	18240.2	346.962	703.709
-3981.83	18240.2	344.912	681.581
-3981.83	18240.2	342.861	710.662
-3981.83	18240.2	340.81	710.479
-3981.83	18240.2	338.758	700.55
-3981.83	18240.2	336.705	701.588
-3981.83	18240.2	334.652	692.883
-3981.83	18240.2	332.599	721.922
-3981.83	18240.2	330.545	744.861
-3981.83	18240.2	328.49	723.984
-3981.83	18240.2	326.435	731.096
-3981.83	18240.2	324.379	727.258
-3981.83	18240.2	322.323	728.286
-3981.83	18240.2	320.266	731.745
-3981.83	18240.2	318.209	687.808
-3981.83	18240.2	316.151	731.366
-3981.83	18240.2	314.093	750.61
-3981.83	18240.2	312.034	763.772
-3981.83	18240.2	309.975	746.579
-3981.83	18240.2	307.915	762.163
-3981.83	18240.2	305.854	741.338
-3981.83	18240.2	303.793	761.767
-3981.83	18240.2	301.732	788.248
-3981.83	18240.2	299.67	744.397
-3981.83	18240.2	297.607	750.264
-3981.83	18240.2	295.544	768.245
-3981.83	18240.2	293.48	764.41
-3981.83	18240.2	291.416	787.222
-3981.83	18240.2	289.351	779.752
-3981.83	18240.2	287.286	734.761
-3981.83	18240.2	285.22	694.633
-3981.83	18240.2	283.154	710.18
-3981.83	18240.2	281.087	696.689
-3981.83	18240.2	279.019	715.854
-3981.83	18240.2	276.951	710.831
-3981.83	18240.2	274.883	694.933
-3981.83	18240.2	272.814	712.875
-3981.83	18240.2	270.744	694.569
-3981.83	18240.2	268.674	676.272
-3981.83	18240.2	266.603	713.521
-3981.83	18240.2	264.532	674.709
-3981.83	18240.2	262.46	664.878
-3981.83	18240.2	260.388	626.1
-3981.83	18240.2	258.315	665.734
-3981.83	18240.2	256.241	652.296
-3981.83	18240.2	254.167	621.988
-3981.83	18240.2	252.093	623.029
-3981.83	18240.2	250.018	646.96
-3981.83	18240.2	247.942	662.447
-3981.83	18240.2	245.866	576.778
-3981.83	18240.2	243.789	586.256
-3981.83	18240.2	241.712	625.816
-3981.83	18240.2	239.634	602.79
-3981.83	18240.2	237.556	613.456
-3981.83	18240.2	235.477	579.622
-3981.83	18240.2	233.397	578.266
-3981.83	18240.2	231.317	591.333
-3981.83	18240.2	229.237	601.99
-3981.83	18240.2	227.155	565.792
-3981.83	18240.2	225.074	562.038
-3981.83	18240.2	222.991	582.299
-3981.83	18240.2	220.909	544.934
-3981.83	18240.2	218.825	549.589
-3981.83	18240.2	216.741	547.043
-3981.83	18240.2	214.657	531.305
-3981.83	18240.2	212.572	547.949
-3981.83	18240.2	210.486	517.835
-3981.83	18240.2	208.4	538.069
-3981.83	18240.2	206.313	539.122
-3981.83	18240.2	204.226	579.701
-3981.83	18240.2	202.138	587.927
-3981.83	18240.2	200.05	599.74
-3981.83	18240.2	197.961	594.791
-3981.83	18240.2	195.871	635.31
-3981.83	18240.2	193.781	612.413
-3981.83	18240.2	191.691	633.772
-3981.83	18240.2	189.599	658.706
-3981.83	18240.2	187.508	665.7
-3981.83	18240.2	185.415	639.234
-3981.83	18240.2	183.322	684.452
-3981.83	18240.2	181.229	677.102
-3981.83	18240.2	179.135	697.214
-3981.83	18240.2	177.04	723.283
-3981.83	18240.2	174.945	681.325
-3981.83	18240.2	172.849	706.19
-3981.83	18240.2	170.753	716.732
-3981.83	18240.2	168.656	717.729
-3981.83	18240.2	166.558	681.777
-3981.83	18240.2	164.46	705.423
-3981.83	18240.2	162.362	725.483
-3981.83	18240.2	160.263	731.24
-3981.83	18240.2	158.163	689.369
-3981.83	18240.2	156.063	709.415
-3981.83	18240.2	153.962	727.071
-3981.83	18240.2	151.86	744.717
-3981.83	18240.2	149.758	730.242
-3981.83	18240.2	147.656	713.396
-3981.83	18240.2	145.552	703.691
-3981.83	18240.2	143.449	720.135
-3981.83	18240.2	141.344	721.125
-3981.83	18240.2	139.239	700.737
-3981.83	18240.2	137.134	742.102
-3981.83	18240.2	135.028	762.077
-3981.83	18240.2	132.921	755.934
-3981.83	18240.2	130.814	739.116
-3981.83	18240.2	128.706	717.563
-3981.83	18240.2	126.598	731.594
-3981.83	18240.2	124.489	700.572
-3981.83	18240.2	122.379	718.154
-3981.83	18240.2	120.269	691.891
-3981.83	18240.2	118.158	670.38
-3981.83	18240.2	116.047	689.14
-3981.83	18240.2	113.935	652.252
-3981.83	18240.2	111.822	636.687
-3981.83	18240.2	109.709	619.946
-3981.83	18240.2	107.596	581.925
-3981.83	18240.2	105.481	555.75
-3981.83	18240.2	103.367	573.327
-3981.83	18240.2	101.251	556.622
-3981.83	18240.2	99.1351	516.297
-3981.83	18240.2	97.0184	494.893
-3981.83	18240.2	94.9012	516.009
-3981.83	18240.2	92.7834	500.519
-3981.83	18240.2	90.665	473.236
-3981.83	18240.2	88.546	448.327
-3981.83	18240.2	86.4265	455.278
-3981.83	18240.2	84.3063	459.867
-3981.83	18240.2	82.1855	398.44
-3981.83	18240.2	80.0641	418.362
-3981.83	18240.2	77.9422	382.9
