-3981.83	18266.2	1979.41	416.647
-3981.83	18266.2	1977.72	456.465
-3981.83	18266.2	1976.02	412.081
-3981.83	18266.2	1974.33	444.502
-3981.83	18266.2	1972.64	437.046
-3981.83	18266.2	1970.94	425.165
-3981.83	18266.2	1969.25	426.571
-3981.83	18266.2	1967.56	453.065
-3981.83	18266.2	1965.86	435.284
-3981.83	18266.2	1964.17	447.014
-3981.83	18266.2	1962.47	448.416
-3981.83	18266.2	1960.78	455.715
-3981.83	18266.2	1959.08	443.843
-3981.83	18266.2	1957.39	448.193
-3981.83	18266.2	1955.69	451.066
-3981.83	18266.2	1953.99	453.939
-3981.83	18266.2	1952.3	433.233
-3981.83	18266.2	1950.6	434.634
-3981.83	18266.2	1948.9	446.346
-3981.83	18266.2	1947.21	443.326
-3981.83	18266.2	1945.51	444.724
-3981.83	18266.2	1943.81	426.981
-3981.83	18266.2	1942.11	448.991
-3981.83	18266.2	1940.41	415.063
-3981.83	18266.2	1938.71	422.351
-3981.83	18266.2	1937.01	460.535
-3981.83	18266.2	1935.32	457.515
-3981.83	18266.2	1933.62	453.025
-3981.83	18266.2	1931.92	438.242
-3981.83	18266.2	1930.22	473.456
-3981.83	18266.2	1928.51	424.862
-3981.83	18266.2	1926.81	449.777
-3981.83	18266.2	1925.11	424.717
-3981.83	18266.2	1923.41	449.624
-3981.83	18266.2	1921.71	406.943
-3981.83	18266.2	1920.01	446.532
-3981.83	18266.2	1918.31	414.147
-3981.83	18266.2	1916.6	427.291
-3981.83	18266.2	1914.9	449.239
-3981.83	18266.2	1913.2	421.272
-3981.83	18266.2	1911.49	428.538
-3981.83	18266.2	1909.79	431.398
-3981.83	18266.2	1908.09	453.33
-3981.83	18266.2	1906.38	422.448
-3981.83	18266.2	1904.68	410.642
-3981.83	18266.2	1902.97	425.234
-3981.83	18266.2	1901.27	450.084
-3981.83	18266.2	1899.56	422.155
-3981.83	18266.2	1897.85	433.806
-3981.83	18266.2	1896.15	422.008
-3981.83	18266.2	1894.44	442.445
-3981.83	18266.2	1892.74	446.762
-3981.83	18266.2	1891.03	424.716
-3981.83	18266.2	1889.32	427.57
-3981.83	18266.2	1887.61	449.455
-3981.83	18266.2	1885.91	431.811
-3981.83	18266.2	1884.2	453.688
-3981.83	18266.2	1882.49	437.512
-3981.83	18266.2	1880.78	447.676
-3981.83	18266.2	1879.07	449.06
-3981.83	18266.2	1877.36	428.506
-3981.83	18266.2	1875.65	428.43
-3981.83	18266.2	1873.94	435.664
-3981.83	18266.2	1872.23	407.814
-3981.83	18266.2	1870.52	422.356
-3981.83	18266.2	1868.81	401.824
-3981.83	18266.2	1867.1	445.581
-3981.83	18266.2	1865.39	419.209
-3981.83	18266.2	1863.68	446.882
-3981.83	18266.2	1861.96	432.201
-3981.83	18266.2	1860.25	442.343
-3981.83	18266.2	1858.54	427.667
-3981.83	18266.2	1856.82	411.538
-3981.83	18266.2	1855.11	401.25
-3981.83	18266.2	1853.4	446.402
-3981.83	18266.2	1851.68	439.029
-3981.83	18266.2	1849.97	440.408
-3981.83	18266.2	1848.25	434.496
-3981.83	18266.2	1846.54	430.045
-3981.83	18266.2	1844.82	416.849
-3981.83	18266.2	1843.11	410.945
-3981.83	18266.2	1841.39	445.838
-3981.83	18266.2	1839.68	444.301
-3981.83	18266.2	1837.96	400.526
-3981.83	18266.2	1836.24	401.91
-3981.83	18266.2	1834.53	429.499
-3981.83	18266.2	1832.81	410.497
-3981.83	18266.2	1831.09	420.61
-3981.83	18266.2	1829.37	420.533
-3981.83	18266.2	1827.65	426.276
-3981.83	18266.2	1825.94	408.743
-3981.83	18266.2	1824.22	408.668
-3981.83	18266.2	1822.5	430.404
-3981.83	18266.2	1820.78	427.418
-3981.83	18266.2	1819.06	444.781
-3981.83	18266.2	1817.34	424.354
-3981.83	18266.2	1815.62	421.37
-3981.83	18266.2	1813.9	440.178
-3981.83	18266.2	1812.18	432.834
-3981.83	18266.2	1810.45	416.78
-3981.83	18266.2	1808.73	421.059
-3981.83	18266.2	1807.01	448.562
-3981.83	18266.2	1805.29	423.806
-3981.83	18266.2	1803.56	401.96
-3981.83	18266.2	1801.84	407.689
-3981.83	18266.2	1800.12	433.724
-3981.83	18266.2	1798.39	400.286
-3981.83	18266.2	1796.67	416.162
-3981.83	18266.2	1794.95	429.132
-3981.83	18266.2	1793.22	433.401
-3981.83	18266.2	1791.5	378.249
-3981.83	18266.2	1789.77	414.403
-3981.83	18266.2	1788.04	427.363
-3981.83	18266.2	1786.32	405.557
-3981.83	18266.2	1784.59	424.307
-3981.83	18266.2	1782.87	415.54
-3981.83	18266.2	1781.14	421.252
-3981.83	18266.2	1779.41	403.805
-3981.83	18266.2	1777.68	408.07
-3981.83	18266.2	1775.96	412.334
-3981.83	18266.2	1774.23	428.168
-3981.83	18266.2	1772.5	430.98
-3981.83	18266.2	1770.77	414.993
-3981.83	18266.2	1769.04	422.143
-3981.83	18266.2	1767.31	419.172
-3981.83	18266.2	1765.58	423.428
-3981.83	18266.2	1763.85	416.123
-3981.83	18266.2	1762.12	429.046
-3981.83	18266.2	1760.39	428.964
-3981.83	18266.2	1758.66	424.551
-3981.83	18266.2	1756.93	401.369
-3981.83	18266.2	1755.19	402.737
-3981.83	18266.2	1753.46	415.649
-3981.83	18266.2	1751.73	427.113
-3981.83	18266.2	1750.0	425.589
-3981.83	18266.2	1748.26	406.756
-3981.83	18266.2	1746.53	398.026
-3981.83	18266.2	1744.8	421.019
-3981.83	18266.2	1743.06	393.549
-3981.83	18266.2	1741.33	406.445
-3981.83	18266.2	1739.59	422.218
-3981.83	18266.2	1737.86	387.559
-3981.83	18266.2	1736.12	410.532
-3981.83	18266.2	1734.39	421.975
-3981.83	18266.2	1732.65	410.374
-3981.83	18266.2	1730.91	433.329
-3981.83	18266.2	1729.18	403.019
-3981.83	18266.2	1727.44	397.185
-3981.83	18266.2	1725.7	387.037
-3981.83	18266.2	1723.96	411.417
-3981.83	18266.2	1722.23	421.405
-3981.83	18266.2	1720.49	386.812
-3981.83	18266.2	1718.75	395.363
-3981.83	18266.2	1717.01	396.724
-3981.83	18266.2	1715.27	418.204
-3981.83	18266.2	1713.53	402.317
-3981.83	18266.2	1711.79	435.28
-3981.83	18266.2	1710.05	438.068
-3981.83	18266.2	1708.31	399.21
-3981.83	18266.2	1706.57	387.646
-3981.83	18266.2	1704.82	401.925
-3981.83	18266.2	1703.08	403.282
-3981.83	18266.2	1701.34	384.55
-3981.83	18266.2	1699.6	411.732
-3981.83	18266.2	1697.85	404.48
-3981.83	18266.2	1696.11	391.494
-3981.83	18266.2	1694.37	404.321
-3981.83	18266.2	1692.62	412.843
-3981.83	18266.2	1690.88	421.361
-3981.83	18266.2	1689.13	419.845
-3981.83	18266.2	1687.39	378.216
-3981.83	18266.2	1685.64	411.086
-3981.83	18266.2	1683.9	398.116
-3981.83	18266.2	1682.15	388.015
-3981.83	18266.2	1680.41	430.884
-3981.83	18266.2	1678.66	419.349
-3981.83	18266.2	1676.91	419.266
-3981.83	18266.2	1675.16	409.169
-3981.83	18266.2	1673.42	361.885
-3981.83	18266.2	1671.67	381.835
-3981.83	18266.2	1669.92	420.364
-3981.83	18266.2	1668.17	395.979
-3981.83	18266.2	1666.42	383.037
-3981.83	18266.2	1664.67	390.106
-3981.83	18266.2	1662.92	408.601
-3981.83	18266.2	1661.17	402.806
-3981.83	18266.2	1659.42	397.014
-3981.83	18266.2	1657.67	388.368
-3981.83	18266.2	1655.92	425.406
-3981.83	18266.2	1654.17	408.195
-3981.83	18266.2	1652.42	413.821
-3981.83	18266.2	1650.66	366.658
-3981.83	18266.2	1648.91	382.275
-3981.83	18266.2	1647.16	409.295
-3981.83	18266.2	1645.41	390.677
-3981.83	18266.2	1643.65	427.663
-3981.83	18266.2	1641.9	416.175
-3981.83	18266.2	1640.14	411.817
-3981.83	18266.2	1638.39	428.83
-3981.83	18266.2	1636.63	373.193
-3981.83	18266.2	1634.88	395.904
-3981.83	18266.2	1633.12	411.486
-3981.83	18266.2	1631.37	401.439
-3981.83	18266.2	1629.61	401.358
-3981.83	18266.2	1627.85	404.123
-3981.83	18266.2	1626.09	372.742
-3981.83	18266.2	1624.34	396.848
-3981.83	18266.2	1622.58	401.034
-3981.83	18266.2	1620.82	385.313
-3981.83	18266.2	1619.06	388.078
-3981.83	18266.2	1617.3	400.791
-3981.83	18266.2	1615.54	406.394
-3981.83	18266.2	1613.78	396.367
-3981.83	18266.2	1612.02	399.127
-3981.83	18266.2	1610.26	416.087
-3981.83	18266.2	1608.5	397.546
-3981.83	18266.2	1606.74	398.884
-3981.83	18266.2	1604.98	376.096
-3981.83	18266.2	1603.22	361.83
-3981.83	18266.2	1601.46	374.524
-3981.83	18266.2	1599.69	394.305
-3981.83	18266.2	1597.93	409.824
-3981.83	18266.2	1596.17	374.295
-3981.83	18266.2	1594.4	371.384
-3981.83	18266.2	1592.64	399.653
-3981.83	18266.2	1590.88	410.906
-3981.83	18266.2	1589.11	399.489
-3981.83	18266.2	1587.35	385.244
-3981.83	18266.2	1585.58	371.005
-3981.83	18266.2	1583.81	379.424
-3981.83	18266.2	1582.05	380.761
-3981.83	18266.2	1580.28	365.117
-3981.83	18266.2	1578.51	367.871
-3981.83	18266.2	1576.75	387.6
-3981.83	18266.2	1574.98	366.306
-3981.83	18266.2	1573.21	386.027
-3981.83	18266.2	1571.44	361.915
-3981.83	18266.2	1569.67	368.907
-3981.83	18266.2	1567.91	391.442
-3981.83	18266.2	1566.14	361.691
-3981.83	18266.2	1564.37	381.393
-3981.83	18266.2	1562.6	388.376
-3981.83	18266.2	1560.83	391.12
-3981.83	18266.2	1559.05	374.099
-3981.83	18266.2	1557.28	407.895
-3981.83	18266.2	1555.51	376.766
-3981.83	18266.2	1553.74	396.44
-3981.83	18266.2	1551.97	363.916
-3981.83	18266.2	1550.19	373.712
-3981.83	18266.2	1548.42	380.685
-3981.83	18266.2	1546.65	390.473
-3981.83	18266.2	1544.87	394.621
-3981.83	18266.2	1543.1	412.857
-3981.83	18266.2	1541.32	397.275
-3981.83	18266.2	1539.55	377.473
-3981.83	18266.2	1537.77	371.762
-3981.83	18266.2	1536.0	397.027
-3981.83	18266.2	1534.22	387.092
-3981.83	18266.2	1532.45	375.753
-3981.83	18266.2	1530.67	374.267
-3981.83	18266.2	1528.89	388.257
-3981.83	18266.2	1527.11	378.331
-3981.83	18266.2	1525.34	371.221
-3981.83	18266.2	1523.56	376.767
-3981.83	18266.2	1521.78	387.933
-3981.83	18266.2	1520.0	382.231
-3981.83	18266.2	1518.22	384.961
-3981.83	18266.2	1516.44	377.858
-3981.83	18266.2	1514.66	393.227
-3981.83	18266.2	1512.88	393.145
-3981.83	18266.2	1511.1	377.621
-3981.83	18266.2	1509.32	394.384
-3981.83	18266.2	1507.54	394.301
-3981.83	18266.2	1505.76	374.578
-3981.83	18266.2	1503.97	375.902
-3981.83	18266.2	1502.19	373.018
-3981.83	18266.2	1500.41	350.508
-3981.83	18266.2	1498.62	360.246
-3981.83	18266.2	1496.84	386.798
-3981.83	18266.2	1495.06	402.129
-3981.83	18266.2	1493.27	354.416
-3981.83	18266.2	1491.49	375.35
-3981.83	18266.2	1489.7	393.474
-3981.83	18266.2	1487.91	342.992
-3981.83	18266.2	1486.13	368.114
-3981.83	18266.2	1484.34	373.634
-3981.83	18266.2	1482.55	362.363
-3981.83	18266.2	1480.77	379.072
-3981.83	18266.2	1478.98	392.977
-3981.83	18266.2	1477.19	404.079
-3981.83	18266.2	1475.4	362.057
-3981.83	18266.2	1473.61	364.776
-3981.83	18266.2	1471.83	374.48
-3981.83	18266.2	1470.04	370.21
-3981.83	18266.2	1468.25	379.908
-3981.83	18266.2	1466.46	384.017
-3981.83	18266.2	1464.67	369.975
-3981.83	18266.2	1462.87	360.125
-3981.83	18266.2	1461.08	378.191
-3981.83	18266.2	1459.29	390.668
-3981.83	18266.2	1457.5	379.426
-3981.83	18266.2	1455.71	370.977
-3981.83	18266.2	1453.91	391.814
-3981.83	18266.2	1452.12	347.121
-3981.83	18266.2	1450.33	381.891
-3981.83	18266.2	1448.53	377.629
-3981.83	18266.2	1446.74	355.258
-3981.83	18266.2	1444.94	370.504
-3981.83	18266.2	1443.15	391.314
-3981.83	18266.2	1441.35	356.424
-3981.83	18266.2	1439.56	386.972
-3981.83	18266.2	1437.76	379.931
-3981.83	18266.2	1435.96	386.807
-3981.83	18266.2	1434.17	388.115
-3981.83	18266.2	1432.37	357.435
-3981.83	18266.2	1430.57	387.95
-3981.83	18266.2	1428.77	353.112
-3981.83	18266.2	1426.97	385.004
-3981.83	18266.2	1425.17	344.623
-3981.83	18266.2	1423.37	364.0
-3981.83	18266.2	1421.58	361.144
-3981.83	18266.2	1419.77	337.458
-3981.83	18266.2	1417.97	355.436
-3981.83	18266.2	1416.17	385.898
-3981.83	18266.2	1414.37	403.857
-3981.83	18266.2	1412.57	376.02
-3981.83	18266.2	1410.77	389.812
-3981.83	18266.2	1408.97	356.442
-3981.83	18266.2	1407.16	389.645
-3981.83	18266.2	1405.36	356.289
-3981.83	18266.2	1403.56	347.896
-3981.83	18266.2	1401.75	358.907
-3981.83	18266.2	1399.95	379.612
-3981.83	18266.2	1398.14	368.449
-3981.83	18266.2	1396.34	376.679
-3981.83	18266.2	1394.53	379.367
-3981.83	18266.2	1392.73	369.596
-3981.83	18266.2	1390.92	369.516
-3981.83	18266.2	1389.11	340.38
-3981.83	18266.2	1387.3	365.207
-3981.83	18266.2	1385.5	374.81
-3981.83	18266.2	1383.69	389.939
-3981.83	18266.2	1381.88	331.792
-3981.83	18266.2	1380.07	360.745
-3981.83	18266.2	1378.26	360.668
-3981.83	18266.2	1376.45	348.156
-3981.83	18266.2	1374.64	385.375
-3981.83	18266.2	1372.83	379.768
-3981.83	18266.2	1371.02	371.401
-3981.83	18266.2	1369.21	372.701
-3981.83	18266.2	1367.4	360.2
-3981.83	18266.2	1365.59	379.439
-3981.83	18266.2	1363.78	353.147
-3981.83	18266.2	1361.96	369.621
-3981.83	18266.2	1360.15	364.025
-3981.83	18266.2	1358.34	359.81
-3981.83	18266.2	1356.52	366.624
-3981.83	18266.2	1354.71	338.985
-3981.83	18266.2	1352.89	354.066
-3981.83	18266.2	1351.08	360.876
-3981.83	18266.2	1349.26	348.404
-3981.83	18266.2	1347.45	368.98
-3981.83	18266.2	1345.63	363.394
-3981.83	18266.2	1343.81	370.196
-3981.83	18266.2	1342.0	372.867
-3981.83	18266.2	1340.18	349.401
-3981.83	18266.2	1338.36	371.33
-3981.83	18266.2	1336.54	347.874
-3981.83	18266.2	1334.73	373.917
-3981.83	18266.2	1332.91	365.59
-3981.83	18266.2	1331.09	394.366
-3981.83	18266.2	1329.27	362.683
-3981.83	18266.2	1327.45	344.748
-3981.83	18266.2	1325.63	335.061
-3981.83	18266.2	1323.81	361.073
-3981.83	18266.2	1321.98	365.112
-3981.83	18266.2	1320.16	345.82
-3981.83	18266.2	1318.34	336.14
-3981.83	18266.2	1316.52	364.873
-3981.83	18266.2	1314.7	366.164
-3981.83	18266.2	1312.87	322.209
-3981.83	18266.2	1311.05	345.442
-3981.83	18266.2	1309.22	372.777
-3981.83	18266.2	1307.4	390.508
-3981.83	18266.2	1305.57	373.984
-3981.83	18266.2	1303.75	357.467
-3981.83	18266.2	1301.92	346.434
-3981.83	18266.2	1300.1	366.893
-3981.83	18266.2	1298.27	375.025
-3981.83	18266.2	1296.44	354.417
-3981.83	18266.2	1294.62	362.548
-3981.83	18266.2	1292.79	346.055
-3981.83	18266.2	1290.96	359.654
-3981.83	18266.2	1289.13	360.942
-3981.83	18266.2	1287.3	358.129
-3981.83	18266.2	1285.47	367.617
-3981.83	18266.2	1283.64	389.397
-3981.83	18266.2	1281.81	342.867
-3981.83	18266.2	1279.98	361.912
-3981.83	18266.2	1278.15	368.659
-3981.83	18266.2	1276.32	376.769
-3981.83	18266.2	1274.49	378.051
-3981.83	18266.2	1272.66	367.052
-3981.83	18266.2	1270.82	380.613
-3981.83	18266.2	1268.99	325.973
-3981.83	18266.2	1267.16	355.9
-3981.83	18266.2	1265.32	354.459
-3981.83	18266.2	1263.49	357.107
-3981.83	18266.2	1261.66	384.282
-3981.83	18266.2	1259.82	351.5
-3981.83	18266.2	1257.98	350.06
-3981.83	18266.2	1256.15	382.666
-3981.83	18266.2	1254.31	383.943
-3981.83	18266.2	1252.48	347.106
-3981.83	18266.2	1250.64	307.563
-3981.83	18266.2	1248.8	368.722
-3981.83	18266.2	1246.96	365.92
-3981.83	18266.2	1245.13	360.4
-3981.83	18266.2	1243.29	364.399
-3981.83	18266.2	1241.45	350.725
-3981.83	18266.2	1239.61	375.111
-3981.83	18266.2	1237.77	347.852
-3981.83	18266.2	1235.93	383.096
-3981.83	18266.2	1234.09	368.071
-3981.83	18266.2	1232.25	362.558
-3981.83	18266.2	1230.41	355.69
-3981.83	18266.2	1228.56	346.11
-3981.83	18266.2	1226.72	339.248
-3981.83	18266.2	1224.88	351.383
-3981.83	18266.2	1223.04	347.236
-3981.83	18266.2	1221.19	349.872
-3981.83	18266.2	1219.35	348.438
-3981.83	18266.2	1217.5	333.45
-3981.83	18266.2	1215.66	352.349
-3981.83	18266.2	1213.81	346.851
-3981.83	18266.2	1211.97	360.32
-3981.83	18266.2	1210.12	354.823
-3981.83	18266.2	1208.28	352.036
-3981.83	18266.2	1206.43	353.312
-3981.83	18266.2	1204.58	365.414
-3981.83	18266.2	1202.73	349.096
-3981.83	18266.2	1200.89	359.84
-3981.83	18266.2	1199.04	355.703
-3981.83	18266.2	1197.19	336.693
-3981.83	18266.2	1195.34	348.785
-3981.83	18266.2	1193.49	367.63
-3981.83	18266.2	1191.64	349.981
-3981.83	18266.2	1189.79	333.692
-3981.83	18266.2	1187.94	366.033
-3981.83	18266.2	1186.09	332.193
-3981.83	18266.2	1184.23	353.72
-3981.83	18266.2	1182.38	340.143
-3981.83	18266.2	1180.53	352.213
-3981.83	18266.2	1178.68	342.69
-3981.83	18266.2	1176.82	353.404
-3981.83	18266.2	1174.97	354.674
-3981.83	18266.2	1173.12	362.685
-3981.83	18266.2	1171.26	351.82
-3981.83	18266.2	1169.41	347.698
-3981.83	18266.2	1167.55	366.484
-3981.83	18266.2	1165.69	335.419
-3981.83	18266.2	1163.84	359.586
-3981.83	18266.2	1161.98	378.356
-3981.83	18266.2	1160.12	341.925
-3981.83	18266.2	1158.27	360.691
-3981.83	18266.2	1156.41	379.448
-3981.83	18266.2	1154.55	379.363
-3981.83	18266.2	1152.69	360.449
-3981.83	18266.2	1150.83	385.917
-3981.83	18266.2	1148.97	379.109
-3981.83	18266.2	1147.11	387.088
-3981.83	18266.2	1145.25	360.126
-3981.83	18266.2	1143.39	378.854
-3981.83	18266.2	1141.53	392.201
-3981.83	18266.2	1139.67	363.913
-3981.83	18266.2	1137.81	367.859
-3981.83	18266.2	1135.94	363.75
-3981.83	18266.2	1134.08	348.907
-3981.83	18266.2	1132.22	358.22
-3981.83	18266.2	1130.35	338.019
-3981.83	18266.2	1128.49	371.469
-3981.83	18266.2	1126.62	363.342
-3981.83	18266.2	1124.76	360.579
-3981.83	18266.2	1122.89	402.043
-3981.83	18266.2	1121.03	383.194
-3981.83	18266.2	1119.16	368.373
-3981.83	18266.2	1117.3	346.863
-3981.83	18266.2	1115.43	356.157
-3981.83	18266.2	1113.56	366.786
-3981.83	18266.2	1111.69	376.072
-3981.83	18266.2	1109.82	359.931
-3981.83	18266.2	1107.96	375.903
-3981.83	18266.2	1106.09	365.119
-3981.83	18266.2	1104.22	353.003
-3981.83	18266.2	1102.35	367.628
-3981.83	18266.2	1100.48	362.199
-3981.83	18266.2	1098.61	359.445
-3981.83	18266.2	1096.73	375.395
-3981.83	18266.2	1094.86	375.311
-3981.83	18266.2	1092.99	348.52
-3981.83	18266.2	1091.12	344.436
-3981.83	18266.2	1089.24	359.04
-3981.83	18266.2	1087.37	365.631
-3981.83	18266.2	1085.5	376.222
-3981.83	18266.2	1083.62	354.796
-3981.83	18266.2	1081.75	360.05
-3981.83	18266.2	1079.87	371.967
-3981.83	18266.2	1078.0	375.882
-3981.83	18266.2	1076.12	385.125
-3981.83	18266.2	1074.24	367.718
-3981.83	18266.2	1072.37	363.639
-3981.83	18266.2	1070.49	370.215
-3981.83	18266.2	1068.61	375.457
-3981.83	18266.2	1066.73	379.366
-3981.83	18266.2	1064.86	371.295
-3981.83	18266.2	1062.98	363.228
-3981.83	18266.2	1061.1	359.155
-3981.83	18266.2	1059.22	387.002
-3981.83	18266.2	1057.34	385.585
-3981.83	18266.2	1055.46	432.023
-3981.83	18266.2	1053.58	413.319
-3981.83	18266.2	1051.69	403.924
-3981.83	18266.2	1049.81	409.147
-3981.83	18266.2	1047.93	409.054
-3981.83	18266.2	1046.05	393.027
-3981.83	18266.2	1044.16	373.026
-3981.83	18266.2	1042.28	396.831
-3981.83	18266.2	1040.4	388.779
-3981.83	18266.2	1038.51	412.57
-3981.83	18266.2	1036.63	392.582
-3981.83	18266.2	1034.74	400.449
-3981.83	18266.2	1032.86	393.729
-3981.83	18266.2	1030.97	404.243
-3981.83	18266.2	1029.08	418.727
-3981.83	18266.2	1027.2	447.777
-3981.83	18266.2	1025.31	418.537
-3981.83	18266.2	1023.42	430.359
-3981.83	18266.2	1021.53	424.966
-3981.83	18266.2	1019.64	464.576
-3981.83	18266.2	1017.75	438.005
-3981.83	18266.2	1015.86	420.707
-3981.83	18266.2	1013.97	420.611
-3981.83	18266.2	1012.08	470.765
-3981.83	18266.2	1010.19	457.438
-3981.83	18266.2	1008.3	432.22
-3981.83	18266.2	1006.41	461.194
-3981.83	18266.2	1004.52	441.271
-3981.83	18266.2	1002.62	482.117
-3981.83	18266.2	1000.73	489.931
-3981.83	18266.2	998.837	452.852
-3981.83	18266.2	996.943	498.947
-3981.83	18266.2	995.049	545.022
-3981.83	18266.2	993.154	526.426
-3981.83	18266.2	991.258	527.625
-3981.83	18266.2	989.363	530.142
-3981.83	18266.2	987.467	556.39
-3981.83	18266.2	985.57	579.99
-3981.83	18266.2	983.673	581.175
-3981.83	18266.2	981.776	603.441
-3981.83	18266.2	979.878	584.862
-3981.83	18266.2	977.979	608.433
-3981.83	18266.2	976.081	671.493
-3981.83	18266.2	974.181	670.023
-3981.83	18266.2	972.282	647.497
-3981.83	18266.2	970.382	678.927
-3981.83	18266.2	968.481	668.248
-3981.83	18266.2	966.58	658.889
-3981.83	18266.2	964.679	696.869
-3981.83	18266.2	962.777	676.991
-3981.83	18266.2	960.875	659.751
-3981.83	18266.2	958.972	689.82
-3981.83	18266.2	957.069	663.389
-3981.83	18266.2	955.166	693.444
-3981.83	18266.2	953.262	674.903
-3981.83	18266.2	951.357	685.25
-3981.83	18266.2	949.452	681.155
-3981.83	18266.2	947.547	686.247
-3981.83	18266.2	945.641	684.778
-3981.83	18266.2	943.735	693.802
-3981.83	18266.2	941.829	675.285
-3981.83	18266.2	939.922	705.281
-3981.83	18266.2	938.014	655.316
-3981.83	18266.2	936.106	669.579
-3981.83	18266.2	934.198	658.944
-3981.83	18266.2	932.289	641.767
-3981.83	18266.2	930.38	663.879
-3981.83	18266.2	928.47	627.071
-3981.83	18266.2	926.56	590.28
-3981.83	18266.2	924.649	620.24
-3981.83	18266.2	922.738	580.851
-3981.83	18266.2	920.827	593.796
-3981.83	18266.2	918.915	577.968
-3981.83	18266.2	917.003	566.069
-3981.83	18266.2	915.09	552.868
-3981.83	18266.2	913.177	552.741
-3981.83	18266.2	911.263	530.405
-3981.83	18266.2	909.349	511.997
-3981.83	18266.2	907.435	534.077
-3981.83	18266.2	905.52	535.26
-3981.83	18266.2	903.604	519.474
-3981.83	18266.2	901.688	531.098
-3981.83	18266.2	899.772	525.757
-3981.83	18266.2	897.855	506.071
-3981.83	18266.2	895.938	505.954
-3981.83	18266.2	894.021	509.749
-3981.83	18266.2	892.103	484.866
-3981.83	18266.2	890.184	530.363
-3981.83	18266.2	888.265	500.276
-3981.83	18266.2	886.346	479.32
-3981.83	18266.2	884.426	480.511
-3981.83	18266.2	882.506	502.533
-3981.83	18266.2	880.585	489.4
-3981.83	18266.2	878.664	489.287
-3981.83	18266.2	876.742	500.883
-3981.83	18266.2	874.82	470.851
-3981.83	18266.2	872.898	483.746
-3981.83	18266.2	870.975	482.334
-3981.83	18266.2	869.051	480.922
-3981.83	18266.2	867.127	463.917
-3981.83	18266.2	865.203	480.699
-3981.83	18266.2	863.278	465.001
-3981.83	18266.2	861.353	466.192
-3981.83	18266.2	859.428	464.785
-3981.83	18266.2	857.502	478.955
-3981.83	18266.2	855.575	491.821
-3981.83	18266.2	853.648	467.057
-3981.83	18266.2	851.721	501.969
-3981.83	18266.2	849.793	488.885
-3981.83	18266.2	847.865	488.771
-3981.83	18266.2	845.936	519.766
-3981.83	18266.2	844.007	488.544
-3981.83	18266.2	842.077	466.406
-3981.83	18266.2	840.147	496.089
-3981.83	18266.2	838.216	462.304
-3981.83	18266.2	836.285	463.491
-3981.83	18266.2	834.354	478.916
-3981.83	18266.2	832.422	478.804
-3981.83	18266.2	830.49	481.28
-3981.83	18266.2	828.557	483.755
-3981.83	18266.2	826.624	472.004
-3981.83	18266.2	824.69	474.48
-3981.83	18266.2	822.756	496.342
-3981.83	18266.2	820.821	462.628
-3981.83	18266.2	818.886	511.614
-3981.83	18266.2	816.951	490.829
-3981.83	18266.2	815.015	461.013
-3981.83	18266.2	813.078	503.51
-3981.83	18266.2	811.141	485.322
-3981.83	18266.2	809.204	465.852
-3981.83	18266.2	807.266	477.354
-3981.83	18266.2	805.328	463.055
-3981.83	18266.2	803.389	495.185
-3981.83	18266.2	801.45	492.491
-3981.83	18266.2	799.511	485.931
-3981.83	18266.2	797.571	511.59
-3981.83	18266.2	795.63	490.857
-3981.83	18266.2	793.689	504.91
-3981.83	18266.2	791.748	511.231
-3981.83	18266.2	789.806	469.913
-3981.83	18266.2	787.864	467.229
-3981.83	18266.2	785.921	437.522
-3981.83	18266.2	783.978	483.735
-3981.83	18266.2	782.034	445.035
-3981.83	18266.2	780.09	471.935
-3981.83	18266.2	778.145	439.683
-3981.83	18266.2	776.2	457.575
-3981.83	18266.2	774.255	451.042
-3981.83	18266.2	772.309	485.624
-3981.83	18266.2	770.362	457.253
-3981.83	18266.2	768.416	462.282
-3981.83	18266.2	766.468	483.998
-3981.83	18266.2	764.52	471.049
-3981.83	18266.2	762.572	460.673
-3981.83	18266.2	760.624	488.788
-3981.83	18266.2	758.674	456.608
-3981.83	18266.2	756.725	468.041
-3981.83	18266.2	754.775	474.341
-3981.83	18266.2	752.824	449.877
-3981.83	18266.2	750.873	466.43
-3981.83	18266.2	748.922	441.979
-3981.83	18266.2	746.97	479.018
-3981.83	18266.2	745.017	457.136
-3981.83	18266.2	743.065	450.628
-3981.83	18266.2	741.111	451.801
-3981.83	18266.2	739.158	458.093
-3981.83	18266.2	737.203	473.336
-3981.83	18266.2	735.249	415.67
-3981.83	18266.2	733.294	452.654
-3981.83	18266.2	731.338	473.001
-3981.83	18266.2	729.382	509.953
-3981.83	18266.2	727.425	467.666
-3981.83	18266.2	725.468	454.781
-3981.83	18266.2	723.511	436.793
-3981.83	18266.2	721.553	411.152
-3981.83	18266.2	719.595	440.416
-3981.83	18266.2	717.636	441.588
-3981.83	18266.2	715.676	427.448
-3981.83	18266.2	713.717	437.552
-3981.83	18266.2	711.756	441.274
-3981.83	18266.2	709.796	429.694
-3981.83	18266.2	707.835	427.043
-3981.83	18266.2	705.873	479.194
-3981.83	18266.2	703.911	448.501
-3981.83	18266.2	701.948	475.145
-3981.83	18266.2	699.985	482.674
-3981.83	18266.2	698.022	477.466
-3981.83	18266.2	696.058	474.807
-3981.83	18266.2	694.093	465.785
-3981.83	18266.2	692.129	459.313
-3981.83	18266.2	690.163	454.116
-3981.83	18266.2	688.197	471.812
-3981.83	18266.2	686.231	478.057
-3981.83	18266.2	684.264	461.418
-3981.83	18266.2	682.297	461.309
-3981.83	18266.2	680.329	467.551
-3981.83	18266.2	678.361	462.359
-3981.83	18266.2	676.393	495.267
-3981.83	18266.2	674.423	490.07
-3981.83	18266.2	672.454	459.49
-3981.83	18266.2	670.484	473.339
-3981.83	18266.2	668.513	475.764
-3981.83	18266.2	666.542	518.776
-3981.83	18266.2	664.571	473.001
-3981.83	18266.2	662.599	471.62
-3981.83	18266.2	660.627	519.672
-3981.83	18266.2	658.654	484.066
-3981.83	18266.2	656.68	477.616
-3981.83	18266.2	654.707	496.501
-3981.83	18266.2	652.732	491.317
-3981.83	18266.2	650.758	483.603
-3981.83	18266.2	648.782	477.159
-3981.83	18266.2	646.807	478.31
-3981.83	18266.2	644.83	489.581
-3981.83	18266.2	642.854	526.142
-3981.83	18266.2	640.877	504.52
-3981.83	18266.2	638.899	511.984
-3981.83	18266.2	636.921	518.18
-3981.83	18266.2	634.942	486.467
-3981.83	18266.2	632.963	510.352
-3981.83	18266.2	630.984	491.285
-3981.83	18266.2	629.004	536.622
-3981.83	18266.2	627.023	516.296
-3981.83	18266.2	625.042	516.172
-3981.83	18266.2	623.061	500.907
-3981.83	18266.2	621.079	497.002
-3981.83	18266.2	619.097	524.627
-3981.83	18266.2	617.114	484.155
-3981.83	18266.2	615.131	516.811
-3981.83	18266.2	613.147	514.166
-3981.83	18266.2	611.163	525.382
-3981.83	18266.2	609.178	559.264
-3981.83	18266.2	607.193	521.35
-3981.83	18266.2	605.207	501.081
-3981.83	18266.2	603.221	527.392
-3981.83	18266.2	601.234	515.939
-3981.83	18266.2	599.247	527.137
-3981.83	18266.2	597.259	523.237
-3981.83	18266.2	595.271	497.961
-3981.83	18266.2	593.283	486.526
-3981.83	18266.2	591.294	483.894
-3981.83	18266.2	589.304	510.165
-3981.83	18266.2	587.314	497.479
-3981.83	18266.2	585.323	508.662
-3981.83	18266.2	583.332	484.681
-3981.83	18266.2	581.341	497.117
-3981.83	18266.2	579.349	508.292
-3981.83	18266.2	577.357	514.442
-3981.83	18266.2	575.364	529.37
-3981.83	18266.2	573.37	489.11
-3981.83	18266.2	571.376	496.514
-3981.83	18266.2	569.382	501.407
-3981.83	18266.2	567.387	500.032
-3981.83	18266.2	565.392	492.393
-3981.83	18266.2	563.396	511.062
-3981.83	18266.2	561.399	559.778
-3981.83	18266.2	559.403	524.585
-3981.83	18266.2	557.405	535.723
-3981.83	18266.2	555.408	543.101
-3981.83	18266.2	553.409	549.224
-3981.83	18266.2	551.411	560.347
-3981.83	18266.2	549.411	580.217
-3981.83	18266.2	547.412	607.579
-3981.83	18266.2	545.411	589.933
-3981.83	18266.2	543.411	611.031
-3981.83	18266.2	541.409	702.077
-3981.83	18266.2	539.408	690.664
-3981.83	18266.2	537.406	721.711
-3981.83	18266.2	535.403	825.146
-3981.83	18266.2	533.4	864.881
-3981.83	18266.2	531.396	990.689
-3981.83	18266.2	529.392	1115.19
-3981.83	18266.2	527.387	1432.93
-3981.83	18266.2	525.382	1981.17
-3981.83	18266.2	523.376	2790.9
-3981.83	18266.2	521.37	3981.57
-3981.83	18266.2	519.364	5018.42
-3981.83	18266.2	517.357	5565.24
-3981.83	18266.2	515.349	5531.49
-3981.83	18266.2	513.341	5006.0
-3981.83	18266.2	511.332	4350.08
-3981.83	18266.2	509.323	3603.64
-3981.83	18266.2	507.314	3065.33
-3981.83	18266.2	505.304	2609.36
-3981.83	18266.2	503.293	2350.09
-3981.83	18266.2	501.282	2124.5
-3981.83	18266.2	499.27	1961.17
-3981.83	18266.2	497.258	1883.65
-3981.83	18266.2	495.246	1840.95
-3981.83	18266.2	493.233	1769.71
-3981.83	18266.2	491.219	1718.36
-3981.83	18266.2	489.205	1639.74
-3981.83	18266.2	487.191	1578.52
-3981.83	18266.2	485.176	1550.84
-3981.83	18266.2	483.16	1445.02
-3981.83	18266.2	481.144	1388.86
-3981.83	18266.2	479.128	1374.88
-3981.83	18266.2	477.111	1297.69
-3981.83	18266.2	475.093	1301.09
-3981.83	18266.2	473.075	1268.56
-3981.83	18266.2	471.056	1231.09
-3981.83	18266.2	469.037	1198.59
-3981.83	18266.2	467.018	1200.77
-3981.83	18266.2	464.998	1152.2
-3981.83	18266.2	462.977	1133.36
-3981.83	18266.2	460.956	1131.84
-3981.83	18266.2	458.935	1093.22
-3981.83	18266.2	456.913	1086.76
-3981.83	18266.2	454.89	1048.17
-3981.83	18266.2	452.867	994.776
-3981.83	18266.2	450.843	969.819
-3981.83	18266.2	448.819	942.404
-3981.83	18266.2	446.795	975.509
-3981.83	18266.2	444.77	985.141
-3981.83	18266.2	442.744	939.229
-3981.83	18266.2	440.718	906.913
-3981.83	18266.2	438.691	933.825
-3981.83	18266.2	436.664	868.227
-3981.83	18266.2	434.637	868.01
-3981.83	18266.2	432.608	851.768
-3981.83	18266.2	430.58	860.181
-3981.83	18266.2	428.551	851.34
-3981.83	18266.2	426.521	830.187
-3981.83	18266.2	424.491	816.433
-3981.83	18266.2	422.46	816.228
-3981.83	18266.2	420.429	809.869
-3981.83	18266.2	418.397	797.36
-3981.83	18266.2	416.365	777.476
-3981.83	18266.2	414.332	757.603
-3981.83	18266.2	412.299	740.198
-3981.83	18266.2	410.265	764.596
-3981.83	18266.2	408.231	728.764
-3981.83	18266.2	406.196	739.638
-3981.83	18266.2	404.161	759.104
-3981.83	18266.2	402.125	765.053
-3981.83	18266.2	400.089	745.216
-3981.83	18266.2	398.052	781.849
-3981.83	18266.2	396.015	755.883
-3981.83	18266.2	393.977	736.063
-3981.83	18266.2	391.938	718.706
-3981.83	18266.2	389.899	725.881
-3981.83	18266.2	387.86	722.019
-3981.83	18266.2	385.82	737.768
-3981.83	18266.2	383.78	751.058
-3981.83	18266.2	381.739	737.393
-3981.83	18266.2	379.697	723.735
-3981.83	18266.2	377.655	718.654
-3981.83	18266.2	375.613	736.831
-3981.83	18266.2	373.57	748.88
-3981.83	18266.2	371.526	720.552
-3981.83	18266.2	369.482	727.707
-3981.83	18266.2	367.437	725.076
-3981.83	18266.2	365.392	721.223
-3981.83	18266.2	363.346	740.593
-3981.83	18266.2	361.3	729.408
-3981.83	18266.2	359.254	729.221
-3981.83	18266.2	357.206	689.957
-3981.83	18266.2	355.159	719.081
-3981.83	18266.2	353.11	709.133
-3981.83	18266.2	351.062	729.695
-3981.83	18266.2	349.012	729.508
-3981.83	18266.2	346.962	731.76
-3981.83	18266.2	344.912	721.818
-3981.83	18266.2	342.861	747.231
-3981.83	18266.2	340.81	756.788
-3981.83	18266.2	338.758	750.502
-3981.83	18266.2	336.705	738.129
-3981.83	18266.2	334.652	764.728
-3981.83	18266.2	332.599	729.227
-3981.83	18266.2	330.545	746.078
-3981.83	18266.2	328.49	726.417
-3981.83	18266.2	326.435	782.187
-3981.83	18266.2	324.379	761.311
-3981.83	18266.2	322.323	752.603
-3981.83	18266.2	320.266	780.366
-3981.83	18266.2	318.209	755.86
-3981.83	18266.2	316.151	753.234
-3981.83	18266.2	314.093	780.974
-3981.83	18266.2	312.034	760.13
-3981.83	18266.2	309.975	782.998
-3981.83	18266.2	307.915	791.29
-3981.83	18266.2	305.854	797.151
-3981.83	18266.2	303.793	779.962
-3981.83	18266.2	301.732	794.311
-3981.83	18266.2	299.67	778.344
-3981.83	18266.2	297.607	806.019
-3981.83	18266.2	295.544	807.021
-3981.83	18266.2	293.48	794.696
-3981.83	18266.2	291.416	767.844
-3981.83	18266.2	289.351	745.85
-3981.83	18266.2	287.286	743.234
-3981.83	18266.2	285.22	732.148
-3981.83	18266.2	283.154	730.747
-3981.83	18266.2	281.087	740.232
-3981.83	18266.2	279.019	708.599
-3981.83	18266.2	276.951	713.249
-3981.83	18266.2	274.883	722.731
-3981.83	18266.2	272.814	734.624
-3981.83	18266.2	270.744	703.024
-3981.83	18266.2	268.674	682.31
-3981.83	18266.2	266.603	690.582
-3981.83	18266.2	264.532	687.986
-3981.83	18266.2	262.46	693.839
-3981.83	18266.2	260.388	691.243
-3981.83	18266.2	258.315	676.589
-3981.83	18266.2	256.241	659.53
-3981.83	18266.2	254.167	702.751
-3981.83	18266.2	252.093	630.26
-3981.83	18266.2	250.018	618.046
-3981.83	18266.2	247.942	637.153
-3981.83	18266.2	245.866	626.148
-3981.83	18266.2	243.789	597.09
-3981.83	18266.2	241.712	629.427
-3981.83	18266.2	239.634	600.384
-3981.83	18266.2	237.556	615.861
-3981.83	18266.2	235.477	607.28
-3981.83	18266.2	233.397	611.928
-3981.83	18266.2	231.317	629.793
-3981.83	18266.2	229.237	600.788
-3981.83	18266.2	227.155	601.829
-3981.83	18266.2	225.074	569.244
-3981.83	18266.2	222.991	585.901
-3981.83	18266.2	220.909	592.946
-3981.83	18266.2	218.825	548.389
-3981.83	18266.2	216.741	597.428
-3981.83	18266.2	214.657	605.664
-3981.83	18266.2	212.572	568.332
-3981.83	18266.2	210.486	574.174
-3981.83	18266.2	208.4	550.052
-3981.83	18266.2	206.313	565.48
-3981.83	18266.2	204.226	580.898
-3981.83	18266.2	202.138	597.506
-3981.83	18266.2	200.05	610.513
-3981.83	18266.2	197.961	627.104
-3981.83	18266.2	195.871	629.328
-3981.83	18266.2	193.781	654.277
-3981.83	18266.2	191.691	643.339
-3981.83	18266.2	189.599	670.661
-3981.83	18266.2	187.508	666.895
-3981.83	18266.2	185.415	707.339
-3981.83	18266.2	183.322	688.036
-3981.83	18266.2	181.229	718.898
-3981.83	18266.2	179.135	696.02
-3981.83	18266.2	177.04	704.187
-3981.83	18266.2	174.945	718.314
-3981.83	18266.2	172.849	726.47
-3981.83	18266.2	170.753	727.465
-3981.83	18266.2	168.656	717.729
-3981.83	18266.2	166.558	698.464
-3981.83	18266.2	164.46	713.764
-3981.83	18266.2	162.362	738.587
-3981.83	18266.2	160.263	712.185
-3981.83	18266.2	158.163	733.421
-3981.83	18266.2	156.063	729.65
-3981.83	18266.2	153.962	713.982
-3981.83	18266.2	151.86	744.717
-3981.83	18266.2	149.758	738.567
-3981.83	18266.2	147.656	749.066
-3981.83	18266.2	145.552	753.615
-3981.83	18266.2	143.449	695.18
-3981.83	18266.2	141.344	725.877
-3981.83	18266.2	139.239	724.49
-3981.83	18266.2	137.134	734.977
-3981.83	18266.2	135.028	745.459
-3981.83	18266.2	132.921	723.893
-3981.83	18266.2	130.814	714.202
-3981.83	18266.2	128.706	728.238
-3981.83	18266.2	126.598	691.279
-3981.83	18266.2	124.489	692.274
-3981.83	18266.2	122.379	720.524
-3981.83	18266.2	120.269	693.076
-3981.83	18266.2	118.158	686.962
-3981.83	18266.2	116.047	661.906
-3981.83	18266.2	113.935	685.398
-3981.83	18266.2	111.822	657.989
-3981.83	18266.2	109.709	651.89
-3981.83	18266.2	107.596	615.043
-3981.83	18266.2	105.481	584.128
-3981.83	18266.2	103.367	549.684
-3981.83	18266.2	101.251	529.441
-3981.83	18266.2	99.1351	558.83
-3981.83	18266.2	97.0184	527.964
-3981.83	18266.2	94.9012	520.732
-3981.83	18266.2	92.7834	500.519
-3981.83	18266.2	90.665	453.173
-3981.83	18266.2	88.546	477.822
-3981.83	18266.2	86.4265	447.022
-3981.83	18266.2	84.3063	435.105
-3981.83	18266.2	82.1855	431.447
-3981.83	18266.2	80.0641	388.9
-3981.83	18266.2	77.9422	392.325
