-3979.83	18276.2	1979.41	453.584
-3979.83	18276.2	1977.72	466.805
-3979.83	18276.2	1976.02	456.39
-3979.83	18276.2	1974.33	434.165
-3979.83	18276.2	1972.64	453.288
-3979.83	18276.2	1970.94	436.975
-3979.83	18276.2	1969.25	454.615
-3979.83	18276.2	1967.56	448.638
-3979.83	18276.2	1965.86	444.137
-3979.83	18276.2	1964.17	430.786
-3979.83	18276.2	1962.47	423.34
-3979.83	18276.2	1960.78	442.442
-3979.83	18276.2	1959.08	437.945
-3979.83	18276.2	1957.39	498.32
-3979.83	18276.2	1955.69	449.592
-3979.83	18276.2	1953.99	471.625
-3979.83	18276.2	1952.3	437.654
-3979.83	18276.2	1950.6	449.368
-3979.83	18276.2	1948.9	461.077
-3979.83	18276.2	1947.21	440.38
-3979.83	18276.2	1945.51	460.923
-3979.83	18276.2	1943.81	474.097
-3979.83	18276.2	1942.11	425.438
-3979.83	18276.2	1940.41	406.232
-3979.83	18276.2	1938.71	395.862
-3979.83	18276.2	1937.01	426.694
-3979.83	18276.2	1935.32	454.573
-3979.83	18276.2	1933.62	457.437
-3979.83	18276.2	1931.92	454.419
-3979.83	18276.2	1930.22	448.46
-3979.83	18276.2	1928.51	458.675
-3979.83	18276.2	1926.81	440.958
-3979.83	18276.2	1925.11	455.579
-3979.83	18276.2	1923.41	405.543
-3979.83	18276.2	1921.71	424.572
-3979.83	18276.2	1920.01	440.657
-3979.83	18276.2	1918.31	442.05
-3979.83	18276.2	1916.6	421.417
-3979.83	18276.2	1914.9	428.685
-3979.83	18276.2	1913.2	427.144
-3979.83	18276.2	1911.49	440.278
-3979.83	18276.2	1909.79	435.8
-3979.83	18276.2	1908.09	425.456
-3979.83	18276.2	1906.38	409.247
-3979.83	18276.2	1904.68	417.975
-3979.83	18276.2	1902.97	423.768
-3979.83	18276.2	1901.27	425.161
-3979.83	18276.2	1899.56	425.087
-3979.83	18276.2	1897.85	420.616
-3979.83	18276.2	1896.15	438.126
-3979.83	18276.2	1894.44	419.004
-3979.83	18276.2	1892.74	417.466
-3979.83	18276.2	1891.03	429.109
-3979.83	18276.2	1889.32	434.891
-3979.83	18276.2	1887.61	461.167
-3979.83	18276.2	1885.91	430.347
-3979.83	18276.2	1884.2	437.589
-3979.83	18276.2	1882.49	434.586
-3979.83	18276.2	1880.78	411.101
-3979.83	18276.2	1879.07	434.432
-3979.83	18276.2	1877.36	441.668
-3979.83	18276.2	1875.65	410.883
-3979.83	18276.2	1873.94	425.43
-3979.83	18276.2	1872.23	441.433
-3979.83	18276.2	1870.52	420.895
-3979.83	18276.2	1868.81	420.82
-3979.83	18276.2	1867.1	422.206
-3979.83	18276.2	1865.39	441.119
-3979.83	18276.2	1863.68	405.991
-3979.83	18276.2	1861.96	420.52
-3979.83	18276.2	1860.25	439.423
-3979.83	18276.2	1858.54	415.99
-3979.83	18276.2	1856.82	424.672
-3979.83	18276.2	1855.11	433.35
-3979.83	18276.2	1853.4	430.355
-3979.83	18276.2	1851.68	421.526
-3979.83	18276.2	1849.97	433.116
-3979.83	18276.2	1848.25	440.328
-3979.83	18276.2	1846.54	434.418
-3979.83	18276.2	1844.82	424.137
-3979.83	18276.2	1843.11	416.774
-3979.83	18276.2	1841.39	406.499
-3979.83	18276.2	1839.68	420.993
-3979.83	18276.2	1837.96	420.917
-3979.83	18276.2	1836.24	415.015
-3979.83	18276.2	1834.53	430.955
-3979.83	18276.2	1832.81	407.586
-3979.83	18276.2	1831.09	417.699
-3979.83	18276.2	1829.37	423.444
-3979.83	18276.2	1827.65	421.911
-3979.83	18276.2	1825.94	417.47
-3979.83	18276.2	1824.22	420.303
-3979.83	18276.2	1822.5	426.042
-3979.83	18276.2	1820.78	443.409
-3979.83	18276.2	1819.06	434.607
-3979.83	18276.2	1817.34	415.634
-3979.83	18276.2	1815.62	406.84
-3979.83	18276.2	1813.9	419.839
-3979.83	18276.2	1812.18	400.88
-3979.83	18276.2	1810.45	444.372
-3979.83	18276.2	1808.73	418.155
-3979.83	18276.2	1807.01	418.078
-3979.83	18276.2	1805.29	429.611
-3979.83	18276.2	1803.56	417.923
-3979.83	18276.2	1801.84	407.689
-3979.83	18276.2	1800.12	419.218
-3979.83	18276.2	1798.39	414.789
-3979.83	18276.2	1796.67	390.061
-3979.83	18276.2	1794.95	413.185
-3979.83	18276.2	1793.22	411.658
-3979.83	18276.2	1791.5	407.234
-3979.83	18276.2	1789.77	392.668
-3979.83	18276.2	1788.04	451.991
-3979.83	18276.2	1786.32	405.557
-3979.83	18276.2	1784.59	438.788
-3979.83	18276.2	1782.87	440.154
-3979.83	18276.2	1781.14	424.148
-3979.83	18276.2	1779.41	418.279
-3979.83	18276.2	1777.68	405.176
-3979.83	18276.2	1775.96	416.674
-3979.83	18276.2	1774.23	410.81
-3979.83	18276.2	1772.5	422.302
-3979.83	18276.2	1770.77	406.317
-3979.83	18276.2	1769.04	404.794
-3979.83	18276.2	1767.31	404.718
-3979.83	18276.2	1765.58	420.538
-3979.83	18276.2	1763.85	421.903
-3979.83	18276.2	1762.12	395.82
-3979.83	18276.2	1760.39	405.855
-3979.83	18276.2	1758.66	398.558
-3979.83	18276.2	1756.93	405.701
-3979.83	18276.2	1755.19	394.076
-3979.83	18276.2	1753.46	427.195
-3979.83	18276.2	1751.73	388.154
-3979.83	18276.2	1750.0	402.506
-3979.83	18276.2	1748.26	411.084
-3979.83	18276.2	1746.53	390.815
-3979.83	18276.2	1744.8	416.694
-3979.83	18276.2	1743.06	392.107
-3979.83	18276.2	1741.33	384.826
-3979.83	18276.2	1739.59	425.1
-3979.83	18276.2	1737.86	404.848
-3979.83	18276.2	1736.12	419.175
-3979.83	18276.2	1734.39	423.415
-3979.83	18276.2	1732.65	413.254
-3979.83	18276.2	1730.91	371.425
-3979.83	18276.2	1729.18	411.655
-3979.83	18276.2	1727.44	387.111
-3979.83	18276.2	1725.7	411.496
-3979.83	18276.2	1723.96	428.679
-3979.83	18276.2	1722.23	430.034
-3979.83	18276.2	1720.49	415.571
-3979.83	18276.2	1718.75	432.743
-3979.83	18276.2	1717.01	416.847
-3979.83	18276.2	1715.27	429.701
-3979.83	18276.2	1713.53	423.87
-3979.83	18276.2	1711.79	418.041
-3979.83	18276.2	1710.05	407.906
-3979.83	18276.2	1708.31	427.93
-3979.83	18276.2	1706.57	416.361
-3979.83	18276.2	1704.82	381.829
-3979.83	18276.2	1703.08	426.245
-3979.83	18276.2	1701.34	390.289
-3979.83	18276.2	1699.6	407.428
-3979.83	18276.2	1697.85	403.045
-3979.83	18276.2	1696.11	401.532
-3979.83	18276.2	1694.37	389.984
-3979.83	18276.2	1692.62	402.808
-3979.83	18276.2	1690.88	395.563
-3979.83	18276.2	1689.13	402.65
-3979.83	18276.2	1687.39	402.571
-3979.83	18276.2	1685.64	423.977
-3979.83	18276.2	1683.9	400.98
-3979.83	18276.2	1682.15	430.969
-3979.83	18276.2	1680.41	415.137
-3979.83	18276.2	1678.66	372.119
-3979.83	18276.2	1676.91	407.819
-3979.83	18276.2	1675.16	402.015
-3979.83	18276.2	1673.42	401.936
-3979.83	18276.2	1671.67	401.856
-3979.83	18276.2	1669.92	397.487
-3979.83	18276.2	1668.17	410.274
-3979.83	18276.2	1666.42	387.325
-3979.83	18276.2	1664.67	425.83
-3979.83	18276.2	1662.92	392.886
-3979.83	18276.2	1661.17	405.663
-3979.83	18276.2	1659.42	401.298
-3979.83	18276.2	1657.67	359.811
-3979.83	18276.2	1655.92	389.718
-3979.83	18276.2	1654.17	401.058
-3979.83	18276.2	1652.42	432.372
-3979.83	18276.2	1650.66	412.312
-3979.83	18276.2	1648.91	410.803
-3979.83	18276.2	1647.16	377.92
-3979.83	18276.2	1645.41	390.677
-3979.83	18276.2	1643.65	400.578
-3979.83	18276.2	1641.9	438.979
-3979.83	18276.2	1640.14	407.542
-3979.83	18276.2	1638.39	393.213
-3979.83	18276.2	1636.63	387.437
-3979.83	18276.2	1634.88	398.752
-3979.83	18276.2	1633.12	400.095
-3979.83	18276.2	1631.37	404.286
-3979.83	18276.2	1629.61	415.59
-3979.83	18276.2	1627.85	388.47
-3979.83	18276.2	1626.09	378.433
-3979.83	18276.2	1624.34	375.512
-3979.83	18276.2	1622.58	412.411
-3979.83	18276.2	1620.82	386.735
-3979.83	18276.2	1619.06	389.5
-3979.83	18276.2	1617.3	419.267
-3979.83	18276.2	1615.54	399.289
-3979.83	18276.2	1613.78	377.898
-3979.83	18276.2	1612.02	426.114
-3979.83	18276.2	1610.26	406.147
-3979.83	18276.2	1608.5	390.447
-3979.83	18276.2	1606.74	370.494
-3979.83	18276.2	1604.98	398.803
-3979.83	18276.2	1603.22	410.074
-3979.83	18276.2	1601.46	397.223
-3979.83	18276.2	1599.69	398.56
-3979.83	18276.2	1597.93	388.552
-3979.83	18276.2	1596.17	381.384
-3979.83	18276.2	1594.4	384.142
-3979.83	18276.2	1592.64	396.818
-3979.83	18276.2	1590.88	385.402
-3979.83	18276.2	1589.11	373.99
-3979.83	18276.2	1587.35	402.24
-3979.83	18276.2	1585.58	385.166
-3979.83	18276.2	1583.81	356.772
-3979.83	18276.2	1582.05	379.346
-3979.83	18276.2	1580.28	410.402
-3979.83	18276.2	1578.51	404.659
-3979.83	18276.2	1576.75	384.771
-3979.83	18276.2	1574.98	384.692
-3979.83	18276.2	1573.21	397.339
-3979.83	18276.2	1571.44	349.191
-3979.83	18276.2	1569.67	375.975
-3979.83	18276.2	1567.91	392.855
-3979.83	18276.2	1566.14	382.884
-3979.83	18276.2	1564.37	368.68
-3979.83	18276.2	1562.6	370.016
-3979.83	18276.2	1560.83	371.352
-3979.83	18276.2	1559.05	403.744
-3979.83	18276.2	1557.28	383.901
-3979.83	18276.2	1555.51	400.755
-3979.83	18276.2	1553.74	356.937
-3979.83	18276.2	1551.97	366.737
-3979.83	18276.2	1550.19	358.2
-3979.83	18276.2	1548.42	383.505
-3979.83	18276.2	1546.65	346.774
-3979.83	18276.2	1544.87	366.433
-3979.83	18276.2	1543.1	386.084
-3979.83	18276.2	1541.32	383.187
-3979.83	18276.2	1539.55	376.065
-3979.83	18276.2	1537.77	374.579
-3979.83	18276.2	1536.0	374.501
-3979.83	18276.2	1534.22	374.423
-3979.83	18276.2	1532.45	385.604
-3979.83	18276.2	1530.67	399.594
-3979.83	18276.2	1528.89	365.749
-3979.83	18276.2	1527.11	372.705
-3979.83	18276.2	1525.34	368.409
-3979.83	18276.2	1523.56	368.332
-3979.83	18276.2	1521.78	362.633
-3979.83	18276.2	1520.0	387.852
-3979.83	18276.2	1518.22	387.771
-3979.83	18276.2	1516.44	394.714
-3979.83	18276.2	1514.66	359.522
-3979.83	18276.2	1512.88	394.549
-3979.83	18276.2	1511.1	376.217
-3979.83	18276.2	1509.32	398.594
-3979.83	18276.2	1507.54	367.64
-3979.83	18276.2	1505.76	359.146
-3979.83	18276.2	1503.97	363.278
-3979.83	18276.2	1502.19	394.053
-3979.83	18276.2	1500.41	364.528
-3979.83	18276.2	1498.62	358.844
-3979.83	18276.2	1496.84	364.375
-3979.83	18276.2	1495.06	347.484
-3979.83	18276.2	1493.27	360.019
-3979.83	18276.2	1491.49	359.943
-3979.83	18276.2	1489.7	362.668
-3979.83	18276.2	1487.91	384.991
-3979.83	18276.2	1486.13	377.912
-3979.83	18276.2	1484.34	355.442
-3979.83	18276.2	1482.55	377.753
-3979.83	18276.2	1480.77	352.495
-3979.83	18276.2	1478.98	399.969
-3979.83	18276.2	1477.19	385.903
-3979.83	18276.2	1475.4	352.272
-3979.83	18276.2	1473.61	385.74
-3979.83	18276.2	1471.83	366.096
-3979.83	18276.2	1470.04	367.415
-3979.83	18276.2	1468.25	374.321
-3979.83	18276.2	1466.46	360.278
-3979.83	18276.2	1464.67	342.052
-3979.83	18276.2	1462.87	368.5
-3979.83	18276.2	1461.08	364.236
-3979.83	18276.2	1459.29	383.692
-3979.83	18276.2	1457.5	375.241
-3979.83	18276.2	1455.71	386.318
-3979.83	18276.2	1453.91	379.265
-3979.83	18276.2	1452.12	358.273
-3979.83	18276.2	1450.33	356.803
-3979.83	18276.2	1448.53	367.875
-3979.83	18276.2	1446.74	358.045
-3979.83	18276.2	1444.94	357.968
-3979.83	18276.2	1443.15	357.892
-3979.83	18276.2	1441.35	368.954
-3979.83	18276.2	1439.56	378.62
-3979.83	18276.2	1437.76	385.497
-3979.83	18276.2	1435.96	384.024
-3979.83	18276.2	1434.17	378.378
-3979.83	18276.2	1432.37	371.343
-3979.83	18276.2	1430.57	360.14
-3979.83	18276.2	1428.77	365.623
-3979.83	18276.2	1426.97	412.802
-3979.83	18276.2	1425.17	362.688
-3979.83	18276.2	1423.37	390.397
-3979.83	18276.2	1421.58	384.757
-3979.83	18276.2	1419.77	358.289
-3979.83	18276.2	1417.97	370.708
-3979.83	18276.2	1416.17	367.853
-3979.83	18276.2	1414.37	360.835
-3979.83	18276.2	1412.57	388.508
-3979.83	18276.2	1410.77	384.263
-3979.83	18276.2	1408.97	375.859
-3979.83	18276.2	1407.16	363.299
-3979.83	18276.2	1405.36	361.834
-3979.83	18276.2	1403.56	356.212
-3979.83	18276.2	1401.75	372.765
-3979.83	18276.2	1399.95	353.288
-3979.83	18276.2	1398.14	364.294
-3979.83	18276.2	1396.34	365.6
-3979.83	18276.2	1394.53	377.983
-3979.83	18276.2	1392.73	394.512
-3979.83	18276.2	1390.92	381.972
-3979.83	18276.2	1389.11	379.122
-3979.83	18276.2	1387.3	362.44
-3979.83	18276.2	1385.5	365.128
-3979.83	18276.2	1383.69	360.901
-3979.83	18276.2	1381.88	363.588
-3979.83	18276.2	1380.07	363.51
-3979.83	18276.2	1378.26	366.195
-3979.83	18276.2	1376.45	373.024
-3979.83	18276.2	1374.64	382.612
-3979.83	18276.2	1372.83	354.91
-3979.83	18276.2	1371.02	367.259
-3979.83	18276.2	1369.21	376.843
-3979.83	18276.2	1367.4	365.72
-3979.83	18276.2	1365.59	362.882
-3979.83	18276.2	1363.78	353.147
-3979.83	18276.2	1361.96	366.862
-3979.83	18276.2	1360.15	362.646
-3979.83	18276.2	1358.34	372.218
-3979.83	18276.2	1356.52	348.706
-3979.83	18276.2	1354.71	358.276
-3979.83	18276.2	1352.89	356.821
-3979.83	18276.2	1351.08	336.083
-3979.83	18276.2	1349.26	349.781
-3979.83	18276.2	1347.45	363.473
-3979.83	18276.2	1345.63	364.77
-3979.83	18276.2	1343.81	357.81
-3979.83	18276.2	1342.0	343.973
-3979.83	18276.2	1340.18	350.776
-3979.83	18276.2	1338.36	360.327
-3979.83	18276.2	1336.54	379.499
-3979.83	18276.2	1334.73	369.793
-3979.83	18276.2	1332.91	364.215
-3979.83	18276.2	1331.09	358.639
-3979.83	18276.2	1329.27	359.935
-3979.83	18276.2	1327.45	365.351
-3979.83	18276.2	1325.63	366.644
-3979.83	18276.2	1323.81	372.056
-3979.83	18276.2	1321.98	360.994
-3979.83	18276.2	1320.16	345.82
-3979.83	18276.2	1318.34	332.024
-3979.83	18276.2	1316.52	344.297
-3979.83	18276.2	1314.7	346.965
-3979.83	18276.2	1312.87	385.28
-3979.83	18276.2	1311.05	382.454
-3979.83	18276.2	1309.22	370.036
-3979.83	18276.2	1307.4	379.546
-3979.83	18276.2	1305.57	375.354
-3979.83	18276.2	1303.75	338.292
-3979.83	18276.2	1301.92	360.127
-3979.83	18276.2	1300.1	346.358
-3979.83	18276.2	1298.27	370.919
-3979.83	18276.2	1296.44	369.469
-3979.83	18276.2	1294.62	358.443
-3979.83	18276.2	1292.79	351.526
-3979.83	18276.2	1290.96	348.714
-3979.83	18276.2	1289.13	352.739
-3979.83	18276.2	1287.3	359.496
-3979.83	18276.2	1285.47	352.584
-3979.83	18276.2	1283.64	348.408
-3979.83	18276.2	1281.81	352.429
-3979.83	18276.2	1279.98	353.717
-3979.83	18276.2	1278.15	361.832
-3979.83	18276.2	1276.32	342.641
-3979.83	18276.2	1274.49	342.566
-3979.83	18276.2	1272.66	358.865
-3979.83	18276.2	1270.82	383.341
-3979.83	18276.2	1268.99	361.434
-3979.83	18276.2	1267.16	351.81
-3979.83	18276.2	1265.32	351.732
-3979.83	18276.2	1263.49	344.84
-3979.83	18276.2	1261.66	362.479
-3979.83	18276.2	1259.82	367.849
-3979.83	18276.2	1257.98	362.319
-3979.83	18276.2	1256.15	340.45
-3979.83	18276.2	1254.31	355.352
-3979.83	18276.2	1252.48	363.441
-3979.83	18276.2	1250.64	336.142
-3979.83	18276.2	1248.8	364.641
-3979.83	18276.2	1246.96	353.678
-3979.83	18276.2	1245.13	361.76
-3979.83	18276.2	1243.29	338.565
-3979.83	18276.2	1241.45	360.24
-3979.83	18276.2	1239.61	366.956
-3979.83	18276.2	1237.77	346.493
-3979.83	18276.2	1235.93	354.567
-3979.83	18276.2	1234.09	351.773
-3979.83	18276.2	1232.25	357.126
-3979.83	18276.2	1230.41	357.047
-3979.83	18276.2	1228.56	362.397
-3979.83	18276.2	1226.72	373.173
-3979.83	18276.2	1224.88	362.237
-3979.83	18276.2	1223.04	356.731
-3979.83	18276.2	1221.19	360.72
-3979.83	18276.2	1219.35	363.352
-3979.83	18276.2	1217.5	332.095
-3979.83	18276.2	1215.66	352.349
-3979.83	18276.2	1213.81	340.077
-3979.83	18276.2	1211.97	365.739
-3979.83	18276.2	1210.12	364.303
-3979.83	18276.2	1208.28	352.036
-3979.83	18276.2	1206.43	335.714
-3979.83	18276.2	1204.58	360.0
-3979.83	18276.2	1202.73	340.977
-3979.83	18276.2	1200.89	339.549
-3979.83	18276.2	1199.04	342.178
-3979.83	18276.2	1197.19	371.85
-3979.83	18276.2	1195.34	359.6
-3979.83	18276.2	1193.49	374.388
-3979.83	18276.2	1191.64	343.225
-3979.83	18276.2	1189.79	333.692
-3979.83	18276.2	1187.94	345.773
-3979.83	18276.2	1186.09	371.353
-3979.83	18276.2	1184.23	353.72
-3979.83	18276.2	1182.38	361.74
-3979.83	18276.2	1180.53	373.804
-3979.83	18276.2	1178.68	348.086
-3979.83	18276.2	1176.82	365.544
-3979.83	18276.2	1174.97	354.674
-3979.83	18276.2	1173.12	343.809
-3979.83	18276.2	1171.26	359.908
-3979.83	18276.2	1169.41	378.695
-3979.83	18276.2	1167.55	331.452
-3979.83	18276.2	1165.69	347.543
-3979.83	18276.2	1163.84	336.691
-3979.83	18276.2	1161.98	348.734
-3979.83	18276.2	1160.12	372.887
-3979.83	18276.2	1158.27	341.849
-3979.83	18276.2	1156.41	359.265
-3979.83	18276.2	1154.55	343.041
-3979.83	18276.2	1152.69	338.93
-3979.83	18276.2	1150.83	357.679
-3979.83	18276.2	1148.97	358.943
-3979.83	18276.2	1147.11	360.207
-3979.83	18276.2	1145.25	370.876
-3979.83	18276.2	1143.39	373.48
-3979.83	18276.2	1141.53	388.171
-3979.83	18276.2	1139.67	359.884
-3979.83	18276.2	1137.81	370.544
-3979.83	18276.2	1135.94	354.354
-3979.83	18276.2	1134.08	363.668
-3979.83	18276.2	1132.22	367.611
-3979.83	18276.2	1130.35	360.822
-3979.83	18276.2	1128.49	362.082
-3979.83	18276.2	1126.62	368.705
-3979.83	18276.2	1124.76	384.707
-3979.83	18276.2	1122.89	360.498
-3979.83	18276.2	1121.03	344.339
-3979.83	18276.2	1119.16	375.071
-3979.83	18276.2	1117.3	358.916
-3979.83	18276.2	1115.43	354.818
-3979.83	18276.2	1113.56	385.527
-3979.83	18276.2	1111.69	347.967
-3979.83	18276.2	1109.82	342.537
-3979.83	18276.2	1107.96	383.929
-3979.83	18276.2	1106.09	371.806
-3979.83	18276.2	1104.22	354.34
-3979.83	18276.2	1102.35	343.565
-3979.83	18276.2	1100.48	375.565
-3979.83	18276.2	1098.61	362.118
-3979.83	18276.2	1096.73	366.044
-3979.83	18276.2	1094.86	349.934
-3979.83	18276.2	1092.99	373.891
-3979.83	18276.2	1091.12	361.791
-3979.83	18276.2	1089.24	367.048
-3979.83	18276.2	1087.37	348.284
-3979.83	18276.2	1085.5	358.878
-3979.83	18276.2	1083.62	352.128
-3979.83	18276.2	1081.75	374.718
-3979.83	18276.2	1079.87	373.3
-3979.83	18276.2	1078.0	354.555
-3979.83	18276.2	1076.12	374.464
-3979.83	18276.2	1074.24	399.694
-3979.83	18276.2	1072.37	372.963
-3979.83	18276.2	1070.49	374.211
-3979.83	18276.2	1068.61	374.126
-3979.83	18276.2	1066.73	366.055
-3979.83	18276.2	1064.86	373.957
-3979.83	18276.2	1062.98	379.194
-3979.83	18276.2	1061.1	396.401
-3979.83	18276.2	1059.22	381.682
-3979.83	18276.2	1057.34	388.244
-3979.83	18276.2	1055.46	438.669
-3979.83	18276.2	1053.58	388.068
-3979.83	18276.2	1051.69	369.378
-3979.83	18276.2	1049.81	383.907
-3979.83	18276.2	1047.93	387.804
-3979.83	18276.2	1046.05	389.044
-3979.83	18276.2	1044.16	403.558
-3979.83	18276.2	1042.28	353.033
-3979.83	18276.2	1040.4	403.375
-3979.83	18276.2	1038.51	383.385
-3979.83	18276.2	1036.63	399.213
-3979.83	18276.2	1034.74	393.819
-3979.83	18276.2	1032.86	414.94
-3979.83	18276.2	1030.97	400.267
-3979.83	18276.2	1029.08	429.328
-3979.83	18276.2	1027.2	429.23
-3979.83	18276.2	1025.31	407.941
-3979.83	18276.2	1023.42	401.227
-3979.83	18276.2	1021.53	415.699
-3979.83	18276.2	1019.64	424.869
-3979.83	18276.2	1017.75	441.975
-3979.83	18276.2	1015.86	444.52
-3979.83	18276.2	1013.97	431.192
-3979.83	18276.2	1012.08	453.575
-3979.83	18276.2	1010.19	469.336
-3979.83	18276.2	1008.3	465.264
-3979.83	18276.2	1006.41	507.445
-3979.83	18276.2	1004.52	479.585
-3979.83	18276.2	1002.62	520.422
-3979.83	18276.2	1000.73	504.457
-3979.83	18276.2	998.837	521.505
-3979.83	18276.2	996.943	547.786
-3979.83	18276.2	995.049	527.866
-3979.83	18276.2	993.154	531.704
-3979.83	18276.2	991.258	524.987
-3979.83	18276.2	989.363	539.373
-3979.83	18276.2	987.467	582.759
-3979.83	18276.2	985.57	587.899
-3979.83	18276.2	983.673	586.447
-3979.83	18276.2	981.776	607.394
-3979.83	18276.2	979.878	630.965
-3979.83	18276.2	977.979	630.821
-3979.83	18276.2	976.081	654.377
-3979.83	18276.2	974.181	645.013
-3979.83	18276.2	972.282	661.974
-3979.83	18276.2	970.382	655.244
-3979.83	18276.2	968.481	648.516
-3979.83	18276.2	966.58	700.974
-3979.83	18276.2	964.679	682.405
-3979.83	18276.2	962.777	692.766
-3979.83	18276.2	960.875	720.206
-3979.83	18276.2	958.972	677.995
-3979.83	18276.2	957.069	697.544
-3979.83	18276.2	955.166	698.697
-3979.83	18276.2	953.262	686.72
-3979.83	18276.2	951.357	661.62
-3979.83	18276.2	949.452	637.845
-3979.83	18276.2	947.547	687.56
-3979.83	18276.2	945.641	695.273
-3979.83	18276.2	943.735	683.309
-3979.83	18276.2	941.829	702.821
-3979.83	18276.2	939.922	700.038
-3979.83	18276.2	938.014	664.49
-3979.83	18276.2	936.106	689.234
-3979.83	18276.2	934.198	656.324
-3979.83	18276.2	932.289	645.696
-3979.83	18276.2	930.38	657.332
-3979.83	18276.2	928.47	645.399
-3979.83	18276.2	926.56	619.074
-3979.83	18276.2	924.649	604.538
-3979.83	18276.2	922.738	591.316
-3979.83	18276.2	920.827	562.406
-3979.83	18276.2	918.915	579.276
-3979.83	18276.2	917.003	556.918
-3979.83	18276.2	915.09	592.079
-3979.83	18276.2	913.177	577.569
-3979.83	18276.2	911.263	531.711
-3979.83	18276.2	909.349	542.037
-3979.83	18276.2	907.435	518.408
-3979.83	18276.2	905.52	496.094
-3979.83	18276.2	903.604	512.948
-3979.83	18276.2	901.688	499.78
-3979.83	18276.2	899.772	514.016
-3979.83	18276.2	897.855	520.419
-3979.83	18276.2	895.938	496.826
-3979.83	18276.2	894.021	488.889
-3979.83	18276.2	892.103	501.81
-3979.83	18276.2	890.184	480.845
-3979.83	18276.2	888.265	500.276
-3979.83	18276.2	886.346	500.16
-3979.83	18276.2	884.426	507.858
-3979.83	18276.2	882.506	472.589
-3979.83	18276.2	880.585	462.067
-3979.83	18276.2	878.664	502.3
-3979.83	18276.2	876.742	500.883
-3979.83	18276.2	874.82	479.956
-3979.83	18276.2	872.898	444.734
-3979.83	18276.2	870.975	486.234
-3979.83	18276.2	869.051	497.819
-3979.83	18276.2	867.127	488.608
-3979.83	18276.2	865.203	457.314
-3979.83	18276.2	863.278	468.898
-3979.83	18276.2	861.353	472.685
-3979.83	18276.2	859.428	466.084
-3979.83	18276.2	857.502	458.188
-3979.83	18276.2	855.575	463.272
-3979.83	18276.2	853.648	486.517
-3979.83	18276.2	851.721	478.622
-3979.83	18276.2	849.793	453.872
-3979.83	18276.2	847.865	479.696
-3979.83	18276.2	845.936	483.473
-3979.83	18276.2	844.007	487.248
-3979.83	18276.2	842.077	479.362
-3979.83	18276.2	840.147	483.136
-3979.83	18276.2	838.216	461.009
-3979.83	18276.2	836.285	476.438
-3979.83	18276.2	834.354	491.859
-3979.83	18276.2	832.422	469.746
-3979.83	18276.2	830.49	465.755
-3979.83	18276.2	828.557	485.048
-3979.83	18276.2	826.624	475.883
-3979.83	18276.2	824.69	471.894
-3979.83	18276.2	822.756	470.491
-3979.83	18276.2	820.821	482.012
-3979.83	18276.2	818.886	498.695
-3979.83	18276.2	816.951	514.078
-3979.83	18276.2	815.015	471.344
-3979.83	18276.2	813.078	476.398
-3979.83	18276.2	811.141	489.194
-3979.83	18276.2	809.204	445.205
-3979.83	18276.2	807.266	479.935
-3979.83	18276.2	805.328	465.634
-3979.83	18276.2	803.389	444.893
-3979.83	18276.2	801.45	488.623
-3979.83	18276.2	799.511	467.886
-3979.83	18276.2	797.571	467.776
-3979.83	18276.2	795.63	477.973
-3979.83	18276.2	793.689	467.557
-3979.83	18276.2	791.748	489.339
-3979.83	18276.2	789.806	462.189
-3979.83	18276.2	787.864	490.397
-3979.83	18276.2	785.921	460.685
-3979.83	18276.2	783.978	456.718
-3979.83	18276.2	782.034	473.332
-3979.83	18276.2	780.09	468.077
-3979.83	18276.2	778.145	453.825
-3979.83	18276.2	776.2	497.42
-3979.83	18276.2	774.255	460.037
-3979.83	18276.2	772.309	463.784
-3979.83	18276.2	770.362	464.959
-3979.83	18276.2	768.416	457.145
-3979.83	18276.2	766.468	463.457
-3979.83	18276.2	764.52	446.662
-3979.83	18276.2	762.572	485.054
-3979.83	18276.2	760.624	460.564
-3979.83	18276.2	758.674	450.195
-3979.83	18276.2	756.725	446.242
-3979.83	18276.2	754.775	455.111
-3979.83	18276.2	752.824	455.004
-3979.83	18276.2	750.873	470.274
-3979.83	18276.2	748.922	439.417
-3979.83	18276.2	746.97	453.402
-3979.83	18276.2	745.017	452.014
-3979.83	18276.2	743.065	450.628
-3979.83	18276.2	741.111	436.443
-3979.83	18276.2	739.158	437.619
-3979.83	18276.2	737.203	463.102
-3979.83	18276.2	735.249	457.876
-3979.83	18276.2	733.294	456.49
-3979.83	18276.2	731.338	441.041
-3979.83	18276.2	729.382	434.547
-3979.83	18276.2	727.425	454.888
-3979.83	18276.2	725.468	466.278
-3979.83	18276.2	723.511	440.624
-3979.83	18276.2	721.553	459.673
-3979.83	18276.2	719.595	469.777
-3979.83	18276.2	717.636	459.456
-3979.83	18276.2	715.676	435.104
-3979.83	18276.2	713.717	454.135
-3979.83	18276.2	711.756	439.999
-3979.83	18276.2	709.796	469.221
-3979.83	18276.2	707.835	448.714
-3979.83	18276.2	705.873	458.803
-3979.83	18276.2	703.911	462.516
-3979.83	18276.2	701.948	481.514
-3979.83	18276.2	699.985	472.485
-3979.83	18276.2	698.022	464.734
-3979.83	18276.2	696.058	456.986
-3979.83	18276.2	694.093	464.513
-3979.83	18276.2	692.129	446.59
-3979.83	18276.2	690.163	492.277
-3979.83	18276.2	688.197	469.269
-3979.83	18276.2	686.231	472.971
-3979.83	18276.2	684.264	474.13
-3979.83	18276.2	682.297	467.663
-3979.83	18276.2	680.329	467.551
-3979.83	18276.2	678.361	477.602
-3979.83	18276.2	676.393	478.758
-3979.83	18276.2	674.423	483.722
-3979.83	18276.2	672.454	489.953
-3979.83	18276.2	670.484	487.298
-3979.83	18276.2	668.513	501.138
-3979.83	18276.2	666.542	522.581
-3979.83	18276.2	664.571	518.652
-3979.83	18276.2	662.599	486.833
-3979.83	18276.2	660.627	510.799
-3979.83	18276.2	658.654	499.273
-3979.83	18276.2	656.68	523.224
-3979.83	18276.2	654.707	506.633
-3979.83	18276.2	652.732	481.186
-3979.83	18276.2	650.758	534.242
-3979.83	18276.2	648.782	507.535
-3979.83	18276.2	646.807	503.618
-3979.83	18276.2	644.83	516.148
-3979.83	18276.2	642.854	480.61
-3979.83	18276.2	640.877	505.784
-3979.83	18276.2	638.899	528.418
-3979.83	18276.2	636.921	490.376
-3979.83	18276.2	634.942	523.11
-3979.83	18276.2	632.963	522.985
-3979.83	18276.2	630.984	512.755
-3979.83	18276.2	629.004	492.43
-3979.83	18276.2	627.023	501.148
-3979.83	18276.2	625.042	519.958
-3979.83	18276.2	623.061	502.169
-3979.83	18276.2	621.079	505.832
-3979.83	18276.2	619.097	509.494
-3979.83	18276.2	617.114	494.241
-3979.83	18276.2	615.131	519.332
-3979.83	18276.2	613.147	501.564
-3979.83	18276.2	611.163	521.602
-3979.83	18276.2	609.178	530.293
-3979.83	18276.2	607.193	506.239
-3979.83	18276.2	605.207	522.484
-3979.83	18276.2	603.221	538.72
-3979.83	18276.2	601.234	512.164
-3979.83	18276.2	599.247	514.557
-3979.83	18276.2	597.259	509.401
-3979.83	18276.2	595.271	525.625
-3979.83	18276.2	593.283	504.126
-3979.83	18276.2	591.294	482.637
-3979.83	18276.2	589.304	480.007
-3979.83	18276.2	587.314	513.81
-3979.83	18276.2	585.323	523.733
-3979.83	18276.2	583.332	509.794
-3979.83	18276.2	581.341	505.904
-3979.83	18276.2	579.349	483.191
-3979.83	18276.2	577.357	490.602
-3979.83	18276.2	575.364	509.3
-3979.83	18276.2	573.37	504.159
-3979.83	18276.2	571.376	516.575
-3979.83	18276.2	569.382	531.492
-3979.83	18276.2	567.387	535.122
-3979.83	18276.2	565.392	524.969
-3979.83	18276.2	563.396	491.021
-3979.83	18276.2	561.399	549.759
-3979.83	18276.2	559.403	553.381
-3979.83	18276.2	557.405	555.75
-3979.83	18276.2	555.408	533.089
-3979.83	18276.2	553.409	552.977
-3979.83	18276.2	551.411	570.353
-3979.83	18276.2	549.411	605.227
-3979.83	18276.2	547.412	608.829
-3979.83	18276.2	545.411	608.681
-3979.83	18276.2	543.411	621.027
-3979.83	18276.2	541.409	709.572
-3979.83	18276.2	539.408	730.631
-3979.83	18276.2	537.406	774.154
-3979.83	18276.2	535.403	798.931
-3979.83	18276.2	533.4	878.609
-3979.83	18276.2	531.396	1009.4
-3979.83	18276.2	529.392	1190.03
-3979.83	18276.2	527.387	1474.08
-3979.83	18276.2	525.382	2033.53
-3979.83	18276.2	523.376	2982.86
-3979.83	18276.2	521.37	4365.4
-3979.83	18276.2	519.364	5429.56
-3979.83	18276.2	517.357	5895.32
-3979.83	18276.2	515.349	6071.94
-3979.83	18276.2	513.341	5421.82
-3979.83	18276.2	511.332	4584.08
-3979.83	18276.2	509.323	3853.76
-3979.83	18276.2	507.314	3188.49
-3979.83	18276.2	505.304	2696.43
-3979.83	18276.2	503.293	2369.98
-3979.83	18276.2	501.282	2184.17
-3979.83	18276.2	499.27	2081.72
-3979.83	18276.2	497.258	1994.23
-3979.83	18276.2	495.246	1900.57
-3979.83	18276.2	493.233	1795.79
-3979.83	18276.2	491.219	1763.06
-3979.83	18276.2	489.205	1699.32
-3979.83	18276.2	487.191	1588.45
-3979.83	18276.2	485.176	1512.38
-3979.83	18276.2	483.16	1456.19
-3979.83	18276.2	481.144	1404.98
-3979.83	18276.2	479.128	1369.92
-3979.83	18276.2	477.111	1323.72
-3979.83	18276.2	475.093	1267.63
-3979.83	18276.2	473.075	1257.41
-3979.83	18276.2	471.056	1243.47
-3979.83	18276.2	469.037	1239.45
-3979.83	18276.2	467.018	1202.0
-3979.83	18276.2	464.998	1172.0
-3979.83	18276.2	462.977	1122.22
-3979.83	18276.2	460.956	1123.18
-3979.83	18276.2	458.935	1073.43
-3979.83	18276.2	456.913	1059.56
-3979.83	18276.2	454.89	1054.35
-3979.83	18276.2	452.867	1000.95
-3979.83	18276.2	450.843	1005.65
-3979.83	18276.2	448.819	969.577
-3979.83	18276.2	446.795	929.82
-3979.83	18276.2	444.77	934.526
-3979.83	18276.2	442.744	905.906
-3979.83	18276.2	440.718	932.825
-3979.83	18276.2	438.691	937.526
-3979.83	18276.2	436.664	876.86
-3979.83	18276.2	434.637	877.874
-3979.83	18276.2	432.608	864.094
-3979.83	18276.2	430.58	870.039
-3979.83	18276.2	428.551	878.445
-3979.83	18276.2	426.521	853.59
-3979.83	18276.2	424.491	837.367
-3979.83	18276.2	422.46	856.855
-3979.83	18276.2	420.429	816.023
-3979.83	18276.2	418.397	804.743
-3979.83	18276.2	416.365	763.944
-3979.83	18276.2	414.332	788.349
-3979.83	18276.2	412.299	779.544
-3979.83	18276.2	410.265	763.367
-3979.83	18276.2	408.231	737.367
-3979.83	18276.2	406.196	762.982
-3979.83	18276.2	404.161	756.648
-3979.83	18276.2	402.125	746.632
-3979.83	18276.2	400.089	759.948
-3979.83	18276.2	398.052	748.71
-3979.83	18276.2	396.015	753.428
-3979.83	18276.2	393.977	744.65
-3979.83	18276.2	391.938	723.612
-3979.83	18276.2	389.899	760.213
-3979.83	18276.2	387.86	771.053
-3979.83	18276.2	385.82	789.24
-3979.83	18276.2	383.78	751.058
-3979.83	18276.2	381.739	742.293
-3979.83	18276.2	379.697	712.714
-3979.83	18276.2	377.655	746.813
-3979.83	18276.2	375.613	728.263
-3979.83	18276.2	373.57	745.209
-3979.83	18276.2	371.526	745.019
-3979.83	18276.2	369.482	733.822
-3979.83	18276.2	367.437	725.076
-3979.83	18276.2	365.392	748.116
-3979.83	18276.2	363.346	729.594
-3979.83	18276.2	361.3	755.065
-3979.83	18276.2	359.254	723.114
-3979.83	18276.2	357.206	719.265
-3979.83	18276.2	355.159	721.523
-3979.83	18276.2	353.11	737.205
-3979.83	18276.2	351.062	719.933
-3979.83	18276.2	349.012	733.168
-3979.83	18276.2	346.962	736.638
-3979.83	18276.2	344.912	743.765
-3979.83	18276.2	342.861	746.012
-3979.83	18276.2	340.81	742.164
-3979.83	18276.2	338.758	722.48
-3979.83	18276.2	336.705	738.129
-3979.83	18276.2	334.652	756.204
-3979.83	18276.2	332.599	770.619
-3979.83	18276.2	330.545	738.775
-3979.83	18276.2	328.49	769.004
-3979.83	18276.2	326.435	759.074
-3979.83	18276.2	324.379	773.472
-3979.83	18276.2	322.323	770.841
-3979.83	18276.2	320.266	773.072
-3979.83	18276.2	318.209	753.429
-3979.83	18276.2	316.151	761.738
-3979.83	18276.2	314.093	821.056
-3979.83	18276.2	312.034	777.129
-3979.83	18276.2	309.975	781.784
-3979.83	18276.2	307.915	796.144
-3979.83	18276.2	305.854	791.084
-3979.83	18276.2	303.793	776.323
-3979.83	18276.2	301.732	824.629
-3979.83	18276.2	299.67	802.591
-3979.83	18276.2	297.607	806.019
-3979.83	18276.2	295.544	805.809
-3979.83	18276.2	293.48	805.599
-3979.83	18276.2	291.416	776.322
-3979.83	18276.2	289.351	754.325
-3979.83	18276.2	287.286	783.18
-3979.83	18276.2	285.22	769.663
-3979.83	18276.2	283.154	763.413
-3979.83	18276.2	281.087	731.765
-3979.83	18276.2	279.019	756.967
-3979.83	18276.2	276.951	714.458
-3979.83	18276.2	274.883	717.896
-3979.83	18276.2	272.814	700.792
-3979.83	18276.2	270.744	689.737
-3979.83	18276.2	268.674	696.801
-3979.83	18276.2	266.603	711.106
-3979.83	18276.2	264.532	732.645
-3979.83	18276.2	262.46	701.079
-3979.83	18276.2	260.388	641.782
-3979.83	18276.2	258.315	663.322
-3979.83	18276.2	256.241	653.501
-3979.83	18276.2	254.167	655.74
-3979.83	18276.2	252.093	642.311
-3979.83	18276.2	250.018	644.551
-3979.83	18276.2	247.942	641.971
-3979.83	18276.2	245.866	639.393
-3979.83	18276.2	243.789	634.409
-3979.83	18276.2	241.712	617.392
-3979.83	18276.2	239.634	610.009
-3979.83	18276.2	237.556	643.527
-3979.83	18276.2	235.477	625.318
-3979.83	18276.2	233.397	615.534
-3979.83	18276.2	231.317	634.601
-3979.83	18276.2	229.237	606.796
-3979.83	18276.2	227.155	595.823
-3979.83	18276.2	225.074	553.632
-3979.83	18276.2	222.991	589.503
-3979.83	18276.2	220.909	592.946
-3979.83	18276.2	218.825	563.988
-3979.83	18276.2	216.741	565.037
-3979.83	18276.2	214.657	584.076
-3979.83	18276.2	212.572	599.507
-3979.83	18276.2	210.486	593.353
-3979.83	18276.2	208.4	600.384
-3979.83	18276.2	206.313	596.629
-3979.83	18276.2	204.226	604.853
-3979.83	18276.2	202.138	577.15
-3979.83	18276.2	200.05	612.908
-3979.83	18276.2	197.961	598.382
-3979.83	18276.2	195.871	648.471
-3979.83	18276.2	193.781	635.139
-3979.83	18276.2	191.691	639.751
-3979.83	18276.2	189.599	669.466
-3979.83	18276.2	187.508	653.748
-3979.83	18276.2	185.415	665.52
-3979.83	18276.2	183.322	688.036
-3979.83	18276.2	181.229	722.481
-3979.83	18276.2	179.135	690.051
-3979.83	18276.2	177.04	693.445
-3979.83	18276.2	174.945	703.996
-3979.83	18276.2	172.849	709.769
-3979.83	18276.2	170.753	739.391
-3979.83	18276.2	168.656	739.19
-3979.83	18276.2	166.558	731.837
-3979.83	18276.2	164.46	716.147
-3979.83	18276.2	162.362	771.942
-3979.83	18276.2	160.263	728.858
-3979.83	18276.2	158.163	735.803
-3979.83	18276.2	156.063	774.882
-3979.83	18276.2	153.962	758.01
-3979.83	18276.2	151.86	763.751
-3979.83	18276.2	149.758	731.431
-3979.83	18276.2	147.656	738.365
-3979.83	18276.2	145.552	744.106
-3979.83	18276.2	143.449	735.583
-3979.83	18276.2	141.344	762.706
-3979.83	18276.2	139.239	739.93
-3979.83	18276.2	137.134	734.977
-3979.83	18276.2	135.028	753.768
-3979.83	18276.2	132.921	774.921
-3979.83	18276.2	130.814	759.285
-3979.83	18276.2	128.706	737.726
-3979.83	18276.2	126.598	730.408
-3979.83	18276.2	124.489	720.724
-3979.83	18276.2	122.379	731.19
-3979.83	18276.2	120.269	690.707
-3979.83	18276.2	118.158	691.7
-3979.83	18276.2	116.047	663.09
-3979.83	18276.2	113.935	679.479
-3979.83	18276.2	111.822	635.503
-3979.83	18276.2	109.709	635.327
-3979.83	18276.2	107.596	624.505
-3979.83	18276.2	105.481	606.595
-3979.83	18276.2	103.367	576.873
-3979.83	18276.2	101.251	569.622
-3979.83	18276.2	99.1351	543.471
-3979.83	18276.2	97.0184	522.059
-3979.83	18276.2	94.9012	528.998
-3979.83	18276.2	92.7834	506.421
-3979.83	18276.2	90.665	467.335
-3979.83	18276.2	88.546	436.529
-3979.83	18276.2	86.4265	463.535
-3979.83	18276.2	84.3063	439.822
-3979.83	18276.2	82.1855	452.665
-3979.83	18276.2	80.0641	390.078
-3979.83	18276.2	77.9422	411.175
