-7704.13	7960.02	1979.41	429.945
-7704.13	7960.02	1977.72	443.17
-7704.13	7960.02	1976.02	420.943
-7704.13	7960.02	1974.33	404.63
-7704.13	7960.02	1972.64	428.187
-7704.13	7960.02	1970.94	411.878
-7704.13	7960.02	1969.25	405.907
-7704.13	7960.02	1967.56	426.501
-7704.13	7960.02	1965.86	410.2
-7704.13	7960.02	1964.17	399.805
-7704.13	7960.02	1962.47	432.19
-7704.13	7960.02	1960.78	424.744
-7704.13	7960.02	1959.08	415.827
-7704.13	7960.02	1957.39	434.924
-7704.13	7960.02	1955.69	415.689
-7704.13	7960.02	1953.99	431.832
-7704.13	7960.02	1952.3	406.709
-7704.13	7960.02	1950.6	405.168
-7704.13	7960.02	1948.9	427.196
-7704.13	7960.02	1947.21	427.125
-7704.13	7960.02	1945.51	393.183
-7704.13	7960.02	1943.81	422.564
-7704.13	7960.02	1942.11	425.438
-7704.13	7960.02	1940.41	437.141
-7704.13	7960.02	1938.71	432.652
-7704.13	7960.02	1937.01	420.808
-7704.13	7960.02	1935.32	406.026
-7704.13	7960.02	1933.62	414.782
-7704.13	7960.02	1931.92	435.301
-7704.13	7960.02	1930.22	451.401
-7704.13	7960.02	1928.51	399.87
-7704.13	7960.02	1926.81	408.621
-7704.13	7960.02	1925.11	436.474
-7704.13	7960.02	1923.41	407.013
-7704.13	7960.02	1921.71	427.51
-7704.13	7960.02	1920.01	450.939
-7704.13	7960.02	1918.31	434.707
-7704.13	7960.02	1916.6	433.164
-7704.13	7960.02	1914.9	403.728
-7704.13	7960.02	1913.2	375.769
-7704.13	7960.02	1911.49	425.602
-7704.13	7960.02	1909.79	393.248
-7704.13	7960.02	1908.09	413.719
-7704.13	7960.02	1906.38	397.512
-7704.13	7960.02	1904.68	395.977
-7704.13	7960.02	1902.97	420.835
-7704.13	7960.02	1901.27	398.771
-7704.13	7960.02	1899.56	394.305
-7704.13	7960.02	1897.85	413.288
-7704.13	7960.02	1896.15	398.563
-7704.13	7960.02	1894.44	404.354
-7704.13	7960.02	1892.74	429.185
-7704.13	7960.02	1891.03	420.322
-7704.13	7960.02	1889.32	436.356
-7704.13	7960.02	1887.61	412.855
-7704.13	7960.02	1885.91	424.492
-7704.13	7960.02	1884.2	441.98
-7704.13	7960.02	1882.49	418.49
-7704.13	7960.02	1880.78	393.545
-7704.13	7960.02	1879.07	384.699
-7704.13	7960.02	1877.36	405.106
-7704.13	7960.02	1875.65	406.497
-7704.13	7960.02	1873.94	410.81
-7704.13	7960.02	1872.23	416.584
-7704.13	7960.02	1870.52	403.357
-7704.13	7960.02	1868.81	416.436
-7704.13	7960.02	1867.1	401.753
-7704.13	7960.02	1865.39	369.547
-7704.13	7960.02	1863.68	404.53
-7704.13	7960.02	1861.96	410.299
-7704.13	7960.02	1860.25	375.188
-7704.13	7960.02	1858.54	392.636
-7704.13	7960.02	1856.82	401.322
-7704.13	7960.02	1855.11	383.741
-7704.13	7960.02	1853.4	395.343
-7704.13	7960.02	1851.68	390.896
-7704.13	7960.02	1849.97	405.409
-7704.13	7960.02	1848.25	393.671
-7704.13	7960.02	1846.54	418.382
-7704.13	7960.02	1844.82	400.817
-7704.13	7960.02	1843.11	418.231
-7704.13	7960.02	1841.39	422.526
-7704.13	7960.02	1839.68	381.661
-7704.13	7960.02	1837.96	385.962
-7704.13	7960.02	1836.24	384.435
-7704.13	7960.02	1834.53	369.806
-7704.13	7960.02	1832.81	406.13
-7704.13	7960.02	1831.09	414.789
-7704.13	7960.02	1829.37	389.976
-7704.13	7960.02	1827.65	388.449
-7704.13	7960.02	1825.94	388.378
-7704.13	7960.02	1824.22	392.67
-7704.13	7960.02	1822.5	402.777
-7704.13	7960.02	1820.78	421.602
-7704.13	7960.02	1819.06	395.361
-7704.13	7960.02	1817.34	373.49
-7704.13	7960.02	1815.62	408.293
-7704.13	7960.02	1813.9	405.312
-7704.13	7960.02	1812.18	383.45
-7704.13	7960.02	1810.45	389.188
-7704.13	7960.02	1808.73	387.665
-7704.13	7960.02	1807.01	378.883
-7704.13	7960.02	1805.29	365.75
-7704.13	7960.02	1803.56	396.156
-7704.13	7960.02	1801.84	365.615
-7704.13	7960.02	1800.12	384.404
-7704.13	7960.02	1798.39	395.935
-7704.13	7960.02	1796.67	355.26
-7704.13	7960.02	1794.95	381.29
-7704.13	7960.02	1793.22	379.769
-7704.13	7960.02	1791.5	414.48
-7704.13	7960.02	1789.77	388.321
-7704.13	7960.02	1788.04	399.838
-7704.13	7960.02	1786.32	366.45
-7704.13	7960.02	1784.59	388.103
-7704.13	7960.02	1782.87	377.895
-7704.13	7960.02	1781.14	402.434
-7704.13	7960.02	1779.41	396.569
-7704.13	7960.02	1777.68	399.388
-7704.13	7960.02	1775.96	393.526
-7704.13	7960.02	1774.23	390.559
-7704.13	7960.02	1772.5	390.485
-7704.13	7960.02	1770.77	364.384
-7704.13	7960.02	1769.04	372.989
-7704.13	7960.02	1767.31	390.264
-7704.13	7960.02	1765.58	394.525
-7704.13	7960.02	1763.85	380.002
-7704.13	7960.02	1762.12	381.374
-7704.13	7960.02	1760.39	358.192
-7704.13	7960.02	1758.66	389.893
-7704.13	7960.02	1756.93	404.257
-7704.13	7960.02	1755.19	382.528
-7704.13	7960.02	1753.46	365.136
-7704.13	7960.02	1751.73	382.382
-7704.13	7960.02	1750.0	390.965
-7704.13	7960.02	1748.26	386.563
-7704.13	7960.02	1746.53	383.605
-7704.13	7960.02	1744.8	400.833
-7704.13	7960.02	1743.06	382.016
-7704.13	7960.02	1741.33	381.943
-7704.13	7960.02	1739.59	393.398
-7704.13	7960.02	1737.86	406.289
-7704.13	7960.02	1736.12	383.163
-7704.13	7960.02	1734.39	381.649
-7704.13	7960.02	1732.65	390.215
-7704.13	7960.02	1730.91	394.459
-7704.13	7960.02	1729.18	388.626
-7704.13	7960.02	1727.44	388.551
-7704.13	7960.02	1725.7	391.353
-7704.13	7960.02	1723.96	388.4
-7704.13	7960.02	1722.23	371.066
-7704.13	7960.02	1720.49	375.308
-7704.13	7960.02	1718.75	380.986
-7704.13	7960.02	1717.01	367.976
-7704.13	7960.02	1715.27	377.964
-7704.13	7960.02	1713.53	377.891
-7704.13	7960.02	1711.79	397.929
-7704.13	7960.02	1710.05	390.67
-7704.13	7960.02	1708.31	389.158
-7704.13	7960.02	1706.57	363.239
-7704.13	7960.02	1704.82	374.652
-7704.13	7960.02	1703.08	376.014
-7704.13	7960.02	1701.34	383.115
-7704.13	7960.02	1699.6	371.563
-7704.13	7960.02	1697.85	388.702
-7704.13	7960.02	1696.11	384.324
-7704.13	7960.02	1694.37	388.55
-7704.13	7960.02	1692.62	371.272
-7704.13	7960.02	1690.88	371.199
-7704.13	7960.02	1689.13	368.26
-7704.13	7960.02	1687.39	373.918
-7704.13	7960.02	1685.64	385.303
-7704.13	7960.02	1683.9	376.635
-7704.13	7960.02	1682.15	367.97
-7704.13	7960.02	1680.41	389.37
-7704.13	7960.02	1678.66	360.669
-7704.13	7960.02	1676.91	392.078
-7704.13	7960.02	1675.16	360.526
-7704.13	7960.02	1673.42	360.455
-7704.13	7960.02	1671.67	384.695
-7704.13	7960.02	1669.92	346.014
-7704.13	7960.02	1668.17	364.529
-7704.13	7960.02	1666.42	388.754
-7704.13	7960.02	1664.67	372.958
-7704.13	7960.02	1662.92	368.598
-7704.13	7960.02	1661.17	395.664
-7704.13	7960.02	1659.42	378.448
-7704.13	7960.02	1657.67	351.244
-7704.13	7960.02	1655.92	365.45
-7704.13	7960.02	1654.17	369.659
-7704.13	7960.02	1652.42	363.877
-7704.13	7960.02	1650.66	378.071
-7704.13	7960.02	1648.91	385.128
-7704.13	7960.02	1647.16	375.068
-7704.13	7960.02	1645.41	394.955
-7704.13	7960.02	1643.65	363.513
-7704.13	7960.02	1641.9	370.567
-7704.13	7960.02	1640.14	344.843
-7704.13	7960.02	1638.39	387.515
-7704.13	7960.02	1636.63	360.373
-7704.13	7960.02	1634.88	391.631
-7704.13	7960.02	1633.12	388.705
-7704.13	7960.02	1631.37	345.92
-7704.13	7960.02	1629.61	354.39
-7704.13	7960.02	1627.85	352.896
-7704.13	7960.02	1626.09	365.629
-7704.13	7960.02	1624.34	401.115
-7704.13	7960.02	1622.58	371.17
-7704.13	7960.02	1620.82	363.986
-7704.13	7960.02	1619.06	341.168
-7704.13	7960.02	1617.3	369.524
-7704.13	7960.02	1615.54	356.66
-7704.13	7960.02	1613.78	380.739
-7704.13	7960.02	1612.02	353.675
-7704.13	7960.02	1610.26	386.265
-7704.13	7960.02	1608.5	390.447
-7704.13	7960.02	1606.74	364.816
-7704.13	7960.02	1604.98	360.484
-7704.13	7960.02	1603.22	378.857
-7704.13	7960.02	1601.46	384.455
-7704.13	7960.02	1599.69	357.428
-7704.13	7960.02	1597.93	364.445
-7704.13	7960.02	1596.17	357.282
-7704.13	7960.02	1594.4	352.957
-7704.13	7960.02	1592.64	355.719
-7704.13	7960.02	1590.88	358.48
-7704.13	7960.02	1589.11	358.407
-7704.13	7960.02	1587.35	369.665
-7704.13	7960.02	1585.58	339.852
-7704.13	7960.02	1583.81	363.85
-7704.13	7960.02	1582.05	379.346
-7704.13	7960.02	1580.28	349.55
-7704.13	7960.02	1578.51	373.531
-7704.13	7960.02	1576.75	356.479
-7704.13	7960.02	1574.98	349.335
-7704.13	7960.02	1573.21	354.919
-7704.13	7960.02	1571.44	366.156
-7704.13	7960.02	1569.67	329.331
-7704.13	7960.02	1567.91	363.179
-7704.13	7960.02	1566.14	380.059
-7704.13	7960.02	1564.37	363.029
-7704.13	7960.02	1562.6	355.893
-7704.13	7960.02	1560.83	369.94
-7704.13	7960.02	1559.05	371.275
-7704.13	7960.02	1557.28	348.616
-7704.13	7960.02	1555.51	349.955
-7704.13	7960.02	1553.74	325.899
-7704.13	7960.02	1551.97	328.653
-7704.13	7960.02	1550.19	363.841
-7704.13	7960.02	1548.42	363.765
-7704.13	7960.02	1546.65	373.558
-7704.13	7960.02	1544.87	356.568
-7704.13	7960.02	1543.1	379.039
-7704.13	7960.02	1541.32	364.873
-7704.13	7960.02	1539.55	346.487
-7704.13	7960.02	1537.77	345.007
-7704.13	7960.02	1536.0	371.685
-7704.13	7960.02	1534.22	354.717
-7704.13	7960.02	1532.45	329.311
-7704.13	7960.02	1530.67	350.348
-7704.13	7960.02	1528.89	331.988
-7704.13	7960.02	1527.11	334.731
-7704.13	7960.02	1525.34	338.88
-7704.13	7960.02	1523.56	355.68
-7704.13	7960.02	1521.78	366.85
-7704.13	7960.02	1520.0	338.668
-7704.13	7960.02	1518.22	358.267
-7704.13	7960.02	1516.44	317.457
-7704.13	7960.02	1514.66	356.713
-7704.13	7960.02	1512.88	359.446
-7704.13	7960.02	1511.1	336.911
-7704.13	7960.02	1509.32	355.086
-7704.13	7960.02	1507.54	349.398
-7704.13	7960.02	1505.76	347.922
-7704.13	7960.02	1503.97	342.239
-7704.13	7960.02	1502.19	349.179
-7704.13	7960.02	1500.41	358.92
-7704.13	7960.02	1498.62	356.041
-7704.13	7960.02	1496.84	339.149
-7704.13	7960.02	1495.06	339.078
-7704.13	7960.02	1493.27	343.209
-7704.13	7960.02	1491.49	361.344
-7704.13	7960.02	1489.7	354.267
-7704.13	7960.02	1487.91	361.192
-7704.13	7960.02	1486.13	342.92
-7704.13	7960.02	1484.34	345.647
-7704.13	7960.02	1482.55	334.381
-7704.13	7960.02	1480.77	344.102
-7704.13	7960.02	1478.98	344.029
-7704.13	7960.02	1477.19	367.726
-7704.13	7960.02	1475.4	362.057
-7704.13	7960.02	1473.61	350.8
-7704.13	7960.02	1471.83	367.493
-7704.13	7960.02	1470.04	345.063
-7704.13	7960.02	1468.25	332.42
-7704.13	7960.02	1466.46	339.332
-7704.13	7960.02	1464.67	322.506
-7704.13	7960.02	1462.87	346.167
-7704.13	7960.02	1461.08	318.183
-7704.13	7960.02	1459.29	344.625
-7704.13	7960.02	1457.5	319.443
-7704.13	7960.02	1455.71	351.452
-7704.13	7960.02	1453.91	363.927
-7704.13	7960.02	1452.12	358.273
-7704.13	7960.02	1450.33	355.409
-7704.13	7960.02	1448.53	303.776
-7704.13	7960.02	1446.74	319.036
-7704.13	7960.02	1444.94	328.718
-7704.13	7960.02	1443.15	325.863
-7704.13	7960.02	1441.35	366.17
-7704.13	7960.02	1439.56	334.076
-7704.13	7960.02	1437.76	346.53
-7704.13	7960.02	1435.96	350.63
-7704.13	7960.02	1434.17	347.773
-7704.13	7960.02	1432.37	368.561
-7704.13	7960.02	1430.57	315.644
-7704.13	7960.02	1428.77	328.088
-7704.13	7960.02	1426.97	353.036
-7704.13	7960.02	1425.17	354.35
-7704.13	7960.02	1423.37	358.443
-7704.13	7960.02	1421.58	355.588
-7704.13	7960.02	1419.77	337.458
-7704.13	7960.02	1417.97	334.609
-7704.13	7960.02	1416.17	345.643
-7704.13	7960.02	1414.37	333.078
-7704.13	7960.02	1412.57	362.145
-7704.13	7960.02	1410.77	350.969
-7704.13	7960.02	1408.97	316.221
-7704.13	7960.02	1407.16	328.633
-7704.13	7960.02	1405.36	327.176
-7704.13	7960.02	1403.56	322.947
-7704.13	7960.02	1401.75	317.335
-7704.13	7960.02	1399.95	324.194
-7704.13	7960.02	1398.14	335.206
-7704.13	7960.02	1396.34	324.055
-7704.13	7960.02	1394.53	335.061
-7704.13	7960.02	1392.73	361.29
-7704.13	7960.02	1390.92	334.917
-7704.13	7960.02	1389.11	319.625
-7704.13	7960.02	1387.3	327.856
-7704.13	7960.02	1385.5	330.552
-7704.13	7960.02	1383.69	318.035
-7704.13	7960.02	1381.88	330.409
-7704.13	7960.02	1380.07	323.427
-7704.13	7960.02	1378.26	335.794
-7704.13	7960.02	1376.45	338.485
-7704.13	7960.02	1374.64	346.699
-7704.13	7960.02	1372.83	363.196
-7704.13	7960.02	1371.02	353.453
-7704.13	7960.02	1369.21	338.192
-7704.13	7960.02	1367.4	309.137
-7704.13	7960.02	1365.59	315.969
-7704.13	7960.02	1363.78	309.003
-7704.13	7960.02	1361.96	337.899
-7704.13	7960.02	1360.15	329.553
-7704.13	7960.02	1358.34	330.86
-7704.13	7960.02	1356.52	334.923
-7704.13	7960.02	1354.71	340.363
-7704.13	7960.02	1352.89	337.533
-7704.13	7960.02	1351.08	331.951
-7704.13	7960.02	1349.26	334.633
-7704.13	7960.02	1347.45	329.053
-7704.13	7960.02	1345.63	349.629
-7704.13	7960.02	1343.81	330.286
-7704.13	7960.02	1342.0	313.704
-7704.13	7960.02	1340.18	319.138
-7704.13	7960.02	1338.36	345.199
-7704.13	7960.02	1336.54	323.124
-7704.13	7960.02	1334.73	340.925
-7704.13	7960.02	1332.91	329.855
-7704.13	7960.02	1331.09	329.783
-7704.13	7960.02	1329.27	340.702
-7704.13	7960.02	1327.45	342.001
-7704.13	7960.02	1325.63	326.821
-7704.13	7960.02	1323.81	336.36
-7704.13	7960.02	1321.98	319.816
-7704.13	7960.02	1320.16	327.98
-7704.13	7960.02	1318.34	329.28
-7704.13	7960.02	1316.52	355.271
-7704.13	7960.02	1314.7	327.765
-7704.13	7960.02	1312.87	357.858
-7704.13	7960.02	1311.05	322.139
-7704.13	7960.02	1309.22	313.845
-7704.13	7960.02	1307.4	331.589
-7704.13	7960.02	1305.57	330.147
-7704.13	7960.02	1303.75	324.596
-7704.13	7960.02	1301.92	302.616
-7704.13	7960.02	1300.1	298.443
-7704.13	7960.02	1298.27	318.908
-7704.13	7960.02	1296.44	325.68
-7704.13	7960.02	1294.62	313.296
-7704.13	7960.02	1292.79	313.227
-7704.13	7960.02	1290.96	313.159
-7704.13	7960.02	1289.13	324.028
-7704.13	7960.02	1287.3	310.287
-7704.13	7960.02	1285.47	318.419
-7704.13	7960.02	1283.64	330.646
-7704.13	7960.02	1281.81	318.279
-7704.13	7960.02	1279.98	338.695
-7704.13	7960.02	1278.15	322.235
-7704.13	7960.02	1276.32	328.99
-7704.13	7960.02	1274.49	352.119
-7704.13	7960.02	1272.66	324.752
-7704.13	7960.02	1270.82	327.409
-7704.13	7960.02	1268.99	321.881
-7704.13	7960.02	1267.16	310.902
-7704.13	7960.02	1265.32	309.47
-7704.13	7960.02	1263.49	309.402
-7704.13	7960.02	1261.66	333.862
-7704.13	7960.02	1259.82	297.004
-7704.13	7960.02	1257.98	294.214
-7704.13	7960.02	1256.15	329.556
-7704.13	7960.02	1254.31	353.99
-7704.13	7960.02	1252.48	337.578
-7704.13	7960.02	1250.64	338.864
-7704.13	7960.02	1248.8	326.544
-7704.13	7960.02	1246.96	327.832
-7704.13	7960.02	1245.13	329.12
-7704.13	7960.02	1243.29	324.968
-7704.13	7960.02	1241.45	308.583
-7704.13	7960.02	1239.61	339.774
-7704.13	7960.02	1237.77	336.982
-7704.13	7960.02	1235.93	330.115
-7704.13	7960.02	1234.09	320.534
-7704.13	7960.02	1232.25	320.463
-7704.13	7960.02	1230.41	324.465
-7704.13	7960.02	1228.56	321.679
-7704.13	7960.02	1226.72	340.605
-7704.13	7960.02	1224.88	332.39
-7704.13	7960.02	1223.04	341.811
-7704.13	7960.02	1221.19	347.159
-7704.13	7960.02	1219.35	333.524
-7704.13	7960.02	1217.5	322.607
-7704.13	7960.02	1215.66	323.89
-7704.13	7960.02	1213.81	312.979
-7704.13	7960.02	1211.97	299.364
-7704.13	7960.02	1210.12	325.029
-7704.13	7960.02	1208.28	303.293
-7704.13	7960.02	1206.43	324.884
-7704.13	7960.02	1204.58	327.519
-7704.13	7960.02	1202.73	309.856
-7704.13	7960.02	1200.89	312.493
-7704.13	7960.02	1199.04	316.481
-7704.13	7960.02	1197.19	308.297
-7704.13	7960.02	1195.34	317.692
-7704.13	7960.02	1193.49	329.785
-7704.13	7960.02	1191.64	328.361
-7704.13	7960.02	1189.79	289.109
-7704.13	7960.02	1187.94	334.968
-7704.13	7960.02	1186.09	337.594
-7704.13	7960.02	1184.23	326.718
-7704.13	7960.02	1182.38	311.798
-7704.13	7960.02	1180.53	338.718
-7704.13	7960.02	1178.68	310.31
-7704.13	7960.02	1176.82	321.031
-7704.13	7960.02	1174.97	300.731
-7704.13	7960.02	1173.12	291.226
-7704.13	7960.02	1171.26	330.252
-7704.13	7960.02	1169.41	335.569
-7704.13	7960.02	1167.55	357.052
-7704.13	7960.02	1165.69	328.684
-7704.13	7960.02	1163.84	307.062
-7704.13	7960.02	1161.98	333.923
-7704.13	7960.02	1160.12	323.079
-7704.13	7960.02	1158.27	335.12
-7704.13	7960.02	1156.41	331.008
-7704.13	7960.02	1154.55	332.279
-7704.13	7960.02	1152.69	321.445
-7704.13	7960.02	1150.83	330.786
-7704.13	7960.02	1148.97	325.334
-7704.13	7960.02	1147.11	344.078
-7704.13	7960.02	1145.25	331.907
-7704.13	7960.02	1143.39	304.964
-7704.13	7960.02	1141.53	319.67
-7704.13	7960.02	1139.67	304.827
-7704.13	7960.02	1137.81	341.008
-7704.13	7960.02	1135.94	347.643
-7704.13	7960.02	1134.08	324.751
-7704.13	7960.02	1132.22	299.187
-7704.13	7960.02	1130.35	343.385
-7704.13	7960.02	1128.49	292.348
-7704.13	7960.02	1126.62	327.142
-7704.13	7960.02	1124.76	341.813
-7704.13	7960.02	1122.89	325.654
-7704.13	7960.02	1121.03	316.202
-7704.13	7960.02	1119.16	314.792
-7704.13	7960.02	1117.3	329.453
-7704.13	7960.02	1115.43	344.107
-7704.13	7960.02	1113.56	317.257
-7704.13	7960.02	1111.69	307.817
-7704.13	7960.02	1109.82	334.509
-7704.13	7960.02	1107.96	323.731
-7704.13	7960.02	1106.09	322.321
-7704.13	7960.02	1104.22	326.26
-7704.13	7960.02	1102.35	338.218
-7704.13	7960.02	1100.48	312.748
-7704.13	7960.02	1098.61	336.729
-7704.13	7960.02	1096.73	327.302
-7704.13	7960.02	1094.86	327.228
-7704.13	7960.02	1092.99	308.46
-7704.13	7960.02	1091.12	335.091
-7704.13	7960.02	1089.24	312.325
-7704.13	7960.02	1087.37	321.595
-7704.13	7960.02	1085.5	353.542
-7704.13	7960.02	1083.62	317.449
-7704.13	7960.02	1081.75	338.713
-7704.13	7960.02	1079.87	313.306
-7704.13	7960.02	1078.0	322.565
-7704.13	7960.02	1076.12	349.145
-7704.13	7960.02	1074.24	334.41
-7704.13	7960.02	1072.37	344.991
-7704.13	7960.02	1070.49	351.572
-7704.13	7960.02	1068.61	319.538
-7704.13	7960.02	1066.73	306.155
-7704.13	7960.02	1064.86	320.724
-7704.13	7960.02	1062.98	327.304
-7704.13	7960.02	1061.1	316.589
-7704.13	7960.02	1059.22	328.486
-7704.13	7960.02	1057.34	308.468
-7704.13	7960.02	1055.46	396.132
-7704.13	7960.02	1053.58	380.094
-7704.13	7960.02	1051.69	336.161
-7704.13	7960.02	1049.81	336.085
-7704.13	7960.02	1047.93	322.727
-7704.13	7960.02	1046.05	322.654
-7704.13	7960.02	1044.16	307.979
-7704.13	7960.02	1042.28	322.508
-7704.13	7960.02	1040.4	341.011
-7704.13	7960.02	1038.51	330.321
-7704.13	7960.02	1036.63	330.246
-7704.13	7960.02	1034.74	355.365
-7704.13	7960.02	1032.86	338.05
-7704.13	7960.02	1030.97	340.624
-7704.13	7960.02	1029.08	377.649
-7704.13	7960.02	1027.2	341.794
-7704.13	7960.02	1025.31	352.312
-7704.13	7960.02	1023.42	328.397
-7704.13	7960.02	1021.53	348.181
-7704.13	7960.02	1019.64	358.69
-7704.13	7960.02	1017.75	342.729
-7704.13	7960.02	1015.86	355.881
-7704.13	7960.02	1013.97	326.701
-7704.13	7960.02	1012.08	339.85
-7704.13	7960.02	1010.19	380.757
-7704.13	7960.02	1008.3	389.923
-7704.13	7960.02	1006.41	352.833
-7704.13	7960.02	1004.52	332.935
-7704.13	7960.02	1002.62	368.523
-7704.13	7960.02	1000.73	380.324
-7704.13	7960.02	998.837	392.119
-7704.13	7960.02	996.943	410.509
-7704.13	7960.02	995.049	389.301
-7704.13	7960.02	993.154	390.532
-7704.13	7960.02	991.258	397.038
-7704.13	7960.02	989.363	432.554
-7704.13	7960.02	987.467	446.958
-7704.13	7960.02	985.57	424.447
-7704.13	7960.02	983.673	444.118
-7704.13	7960.02	981.776	451.922
-7704.13	7960.02	979.878	441.281
-7704.13	7960.02	977.979	449.082
-7704.13	7960.02	976.081	446.346
-7704.13	7960.02	974.181	467.305
-7704.13	7960.02	972.282	442.193
-7704.13	7960.02	970.382	451.302
-7704.13	7960.02	968.481	422.259
-7704.13	7960.02	966.58	473.453
-7704.13	7960.02	964.679	437.844
-7704.13	7960.02	962.777	448.26
-7704.13	7960.02	960.875	453.414
-7704.13	7960.02	958.972	459.88
-7704.13	7960.02	957.069	459.775
-7704.13	7960.02	955.166	433.403
-7704.13	7960.02	953.262	446.434
-7704.13	7960.02	951.357	450.269
-7704.13	7960.02	949.452	475.102
-7704.13	7960.02	947.547	473.681
-7704.13	7960.02	945.641	461.766
-7704.13	7960.02	943.735	452.479
-7704.13	7960.02	941.829	451.064
-7704.13	7960.02	939.922	443.095
-7704.13	7960.02	938.014	442.993
-7704.13	7960.02	936.106	475.65
-7704.13	7960.02	934.198	441.48
-7704.13	7960.02	932.289	445.307
-7704.13	7960.02	930.38	439.967
-7704.13	7960.02	928.47	405.829
-7704.13	7960.02	926.56	412.28
-7704.13	7960.02	924.649	400.408
-7704.13	7960.02	922.738	416.015
-7704.13	7960.02	920.827	419.843
-7704.13	7960.02	918.915	389.671
-7704.13	7960.02	917.003	417.035
-7704.13	7960.02	915.09	402.561
-7704.13	7960.02	913.177	425.99
-7704.13	7960.02	911.263	378.86
-7704.13	7960.02	909.349	390.528
-7704.13	7960.02	907.435	396.967
-7704.13	7960.02	905.52	382.515
-7704.13	7960.02	903.604	392.868
-7704.13	7960.02	901.688	353.63
-7704.13	7960.02	899.772	393.992
-7704.13	7960.02	897.855	380.858
-7704.13	7960.02	895.938	397.722
-7704.13	7960.02	894.021	367.645
-7704.13	7960.02	892.103	377.987
-7704.13	7960.02	890.184	401.356
-7704.13	7960.02	888.265	402.566
-7704.13	7960.02	886.346	399.868
-7704.13	7960.02	884.426	367.22
-7704.13	7960.02	882.506	385.362
-7704.13	7960.02	880.585	374.86
-7704.13	7960.02	878.664	390.389
-7704.13	7960.02	876.742	353.87
-7704.13	7960.02	874.82	379.802
-7704.13	7960.02	872.898	388.817
-7704.13	7960.02	870.975	387.427
-7704.13	7960.02	869.051	395.136
-7704.13	7960.02	867.127	382.05
-7704.13	7960.02	865.203	371.567
-7704.13	7960.02	863.278	383.171
-7704.13	7960.02	861.353	389.575
-7704.13	7960.02	859.428	375.204
-7704.13	7960.02	857.502	369.925
-7704.13	7960.02	855.575	369.839
-7704.13	7960.02	853.648	386.619
-7704.13	7960.02	851.721	374.856
-7704.13	7960.02	849.793	389.033
-7704.13	7960.02	847.865	379.867
-7704.13	7960.02	845.936	382.371
-7704.13	7960.02	844.007	379.691
-7704.13	7960.02	842.077	388.672
-7704.13	7960.02	840.147	379.514
-7704.13	7960.02	838.216	374.246
-7704.13	7960.02	836.285	385.811
-7704.13	7960.02	834.354	398.665
-7704.13	7960.02	832.422	389.514
-7704.13	7960.02	830.49	370.016
-7704.13	7960.02	828.557	390.626
-7704.13	7960.02	826.624	382.776
-7704.13	7960.02	824.69	399.494
-7704.13	7960.02	822.756	399.401
-7704.13	7960.02	820.821	370.878
-7704.13	7960.02	818.886	386.295
-7704.13	7960.02	816.951	375.871
-7704.13	7960.02	815.015	395.154
-7704.13	7960.02	813.078	389.898
-7704.13	7960.02	811.141	394.97
-7704.13	7960.02	809.204	381.973
-7704.13	7960.02	807.266	401.236
-7704.13	7960.02	805.328	362.447
-7704.13	7960.02	803.389	397.18
-7704.13	7960.02	801.45	379.037
-7704.13	7960.02	799.511	399.572
-7704.13	7960.02	797.571	395.612
-7704.13	7960.02	795.63	398.097
-7704.13	7960.02	793.689	382.547
-7704.13	7960.02	791.748	377.306
-7704.13	7960.02	789.806	373.356
-7704.13	7960.02	787.864	388.714
-7704.13	7960.02	785.921	388.623
-7704.13	7960.02	783.978	371.807
-7704.13	7960.02	782.034	383.296
-7704.13	7960.02	780.09	362.631
-7704.13	7960.02	778.145	368.974
-7704.13	7960.02	776.2	380.455
-7704.13	7960.02	774.255	375.226
-7704.13	7960.02	772.309	362.291
-7704.13	7960.02	770.362	377.619
-7704.13	7960.02	768.416	376.246
-7704.13	7960.02	766.468	374.874
-7704.13	7960.02	764.52	381.203
-7704.13	7960.02	762.572	369.565
-7704.13	7960.02	760.624	372.044
-7704.13	7960.02	758.674	388.63
-7704.13	7960.02	756.725	350.069
-7704.13	7960.02	754.775	383.319
-7704.13	7960.02	752.824	396.046
-7704.13	7960.02	750.873	361.355
-7704.13	7960.02	748.922	377.924
-7704.13	7960.02	746.97	367.588
-7704.13	7960.02	745.017	370.063
-7704.13	7960.02	743.065	371.256
-7704.13	7960.02	741.111	376.288
-7704.13	7960.02	739.158	383.877
-7704.13	7960.02	737.203	378.669
-7704.13	7960.02	735.249	384.974
-7704.13	7960.02	733.294	375.933
-7704.13	7960.02	731.338	366.895
-7704.13	7960.02	729.382	391.092
-7704.13	7960.02	727.425	392.277
-7704.13	7960.02	725.468	387.075
-7704.13	7960.02	723.511	360.163
-7704.13	7960.02	721.553	385.615
-7704.13	7960.02	719.595	385.524
-7704.13	7960.02	717.636	377.775
-7704.13	7960.02	715.676	368.753
-7704.13	7960.02	713.717	376.32
-7704.13	7960.02	711.756	382.608
-7704.13	7960.02	709.796	369.766
-7704.13	7960.02	707.835	359.481
-7704.13	7960.02	705.873	378.512
-7704.13	7960.02	703.911	396.261
-7704.13	7960.02	701.948	368.142
-7704.13	7960.02	699.985	362.96
-7704.13	7960.02	698.022	403.618
-7704.13	7960.02	696.058	380.609
-7704.13	7960.02	694.093	388.155
-7704.13	7960.02	692.129	362.616
-7704.13	7960.02	690.163	381.61
-7704.13	7960.02	688.197	371.345
-7704.13	7960.02	686.231	392.871
-7704.13	7960.02	684.264	378.795
-7704.13	7960.02	682.297	374.893
-7704.13	7960.02	680.329	396.402
-7704.13	7960.02	678.361	409.01
-7704.13	7960.02	676.393	416.532
-7704.13	7960.02	674.423	384.692
-7704.13	7960.02	672.454	368.1
-7704.13	7960.02	670.484	394.661
-7704.13	7960.02	668.513	400.91
-7704.13	7960.02	666.542	421.109
-7704.13	7960.02	664.571	376.625
-7704.13	7960.02	662.599	374.0
-7704.13	7960.02	660.627	377.713
-7704.13	7960.02	658.654	396.63
-7704.13	7960.02	656.68	382.6
-7704.13	7960.02	654.707	381.242
-7704.13	7960.02	652.732	417.872
-7704.13	7960.02	650.758	393.719
-7704.13	7960.02	648.782	387.296
-7704.13	7960.02	646.807	385.938
-7704.13	7960.02	644.83	393.436
-7704.13	7960.02	642.854	411.048
-7704.13	7960.02	640.877	360.371
-7704.13	7960.02	638.899	369.134
-7704.13	7960.02	636.921	386.739
-7704.13	7960.02	634.942	392.964
-7704.13	7960.02	632.963	380.238
-7704.13	7960.02	630.984	388.987
-7704.13	7960.02	629.004	406.57
-7704.13	7960.02	627.023	398.899
-7704.13	7960.02	625.042	406.375
-7704.13	7960.02	623.061	406.277
-7704.13	7960.02	621.079	406.179
-7704.13	7960.02	619.097	395.993
-7704.13	7960.02	617.114	384.55
-7704.13	7960.02	615.131	415.97
-7704.13	7960.02	613.147	428.472
-7704.13	7960.02	611.163	386.792
-7704.13	7960.02	609.178	409.371
-7704.13	7960.02	607.193	394.161
-7704.13	7960.02	605.207	402.879
-7704.13	7960.02	603.221	371.314
-7704.13	7960.02	601.234	390.1
-7704.13	7960.02	599.247	369.877
-7704.13	7960.02	597.259	425.13
-7704.13	7960.02	595.271	382.273
-7704.13	7960.02	593.283	394.752
-7704.13	7960.02	591.294	384.602
-7704.13	7960.02	589.304	385.765
-7704.13	7960.02	587.314	391.953
-7704.13	7960.02	585.323	373.019
-7704.13	7960.02	583.332	389.252
-7704.13	7960.02	581.341	397.945
-7704.13	7960.02	579.349	401.613
-7704.13	7960.02	577.357	358.855
-7704.13	7960.02	575.364	380.093
-7704.13	7960.02	573.37	380.001
-7704.13	7960.02	571.376	392.447
-7704.13	7960.02	569.382	383.577
-7704.13	7960.02	567.387	388.496
-7704.13	7960.02	565.392	395.919
-7704.13	7960.02	563.396	417.117
-7704.13	7960.02	561.399	454.584
-7704.13	7960.02	559.403	406.898
-7704.13	7960.02	557.405	415.561
-7704.13	7960.02	555.408	399.191
-7704.13	7960.02	553.409	405.349
-7704.13	7960.02	551.411	442.774
-7704.13	7960.02	549.411	448.918
-7704.13	7960.02	547.412	446.308
-7704.13	7960.02	545.411	419.952
-7704.13	7960.02	543.411	442.341
-7704.13	7960.02	541.409	480.96
-7704.13	7960.02	539.408	495.83
-7704.13	7960.02	537.406	495.708
-7704.13	7960.02	535.403	523.05
-7704.13	7960.02	533.4	579.083
-7704.13	7960.02	531.396	651.309
-7704.13	7960.02	529.392	764.664
-7704.13	7960.02	527.387	906.647
-7704.13	7960.02	525.382	1160.77
-7704.13	7960.02	523.376	1720.16
-7704.13	7960.02	521.37	2360.28
-7704.13	7960.02	519.364	2911.63
-7704.13	7960.02	517.357	3148.82
-7704.13	7960.02	515.349	2885.29
-7704.13	7960.02	513.341	2407.76
-7704.13	7960.02	511.332	2023.81
-7704.13	7960.02	509.323	1714.72
-7704.13	7960.02	507.314	1428.16
-7704.13	7960.02	505.304	1294.73
-7704.13	7960.02	503.293	1183.75
-7704.13	7960.02	501.282	1113.84
-7704.13	7960.02	499.27	1039.0
-7704.13	7960.02	497.258	1032.53
-7704.13	7960.02	495.246	967.678
-7704.13	7960.02	493.233	961.23
-7704.13	7960.02	491.219	913.811
-7704.13	7960.02	489.205	861.452
-7704.13	7960.02	487.191	826.491
-7704.13	7960.02	485.176	786.585
-7704.13	7960.02	483.16	707.007
-7704.13	7960.02	481.144	704.352
-7704.13	7960.02	479.128	695.499
-7704.13	7960.02	477.111	674.256
-7704.13	7960.02	475.093	666.654
-7704.13	7960.02	473.075	650.384
-7704.13	7960.02	471.056	662.607
-7704.13	7960.02	469.037	646.346
-7704.13	7960.02	467.018	626.379
-7704.13	7960.02	464.998	620.035
-7704.13	7960.02	462.977	606.271
-7704.13	7960.02	460.956	603.646
-7704.13	7960.02	458.935	586.182
-7704.13	7960.02	456.913	572.436
-7704.13	7960.02	454.89	574.766
-7704.13	7960.02	452.867	528.9
-7704.13	7960.02	450.843	562.124
-7704.13	7960.02	448.819	532.341
-7704.13	7960.02	446.795	527.269
-7704.13	7960.02	444.77	534.544
-7704.13	7960.02	442.744	546.752
-7704.13	7960.02	440.718	534.277
-7704.13	7960.02	438.691	546.479
-7704.13	7960.02	436.664	521.676
-7704.13	7960.02	434.637	522.779
-7704.13	7960.02	432.608	532.509
-7704.13	7960.02	430.58	517.587
-7704.13	7960.02	428.551	496.513
-7704.13	7960.02	426.521	486.534
-7704.13	7960.02	424.491	486.412
-7704.13	7960.02	422.46	473.979
-7704.13	7960.02	420.429	493.552
-7704.13	7960.02	418.397	514.346
-7704.13	7960.02	416.365	520.368
-7704.13	7960.02	414.332	499.329
-7704.13	7960.02	412.299	501.662
-7704.13	7960.02	410.265	480.639
-7704.13	7960.02	408.231	480.517
-7704.13	7960.02	406.196	511.112
-7704.13	7960.02	404.161	519.581
-7704.13	7960.02	402.125	514.538
-7704.13	7960.02	400.089	473.893
-7704.13	7960.02	398.052	487.275
-7704.13	7960.02	396.015	455.248
-7704.13	7960.02	393.977	477.214
-7704.13	7960.02	391.938	464.829
-7704.13	7960.02	389.899	469.615
-7704.13	7960.02	387.86	464.593
-7704.13	7960.02	385.82	475.505
-7704.13	7960.02	383.78	494.988
-7704.13	7960.02	381.739	502.211
-7704.13	7960.02	379.697	488.613
-7704.13	7960.02	377.655	487.265
-7704.13	7960.02	375.613	485.917
-7704.13	7960.02	373.57	476.004
-7704.13	7960.02	371.526	473.436
-7704.13	7960.02	369.482	487.991
-7704.13	7960.02	367.437	463.413
-7704.13	7960.02	365.392	479.186
-7704.13	7960.02	363.346	470.509
-7704.13	7960.02	361.3	520.482
-7704.13	7960.02	359.254	471.49
-7704.13	7960.02	357.206	476.254
-7704.13	7960.02	355.159	476.132
-7704.13	7960.02	353.11	496.759
-7704.13	7960.02	351.062	481.989
-7704.13	7960.02	349.012	505.044
-7704.13	7960.02	346.962	484.181
-7704.13	7960.02	344.912	466.987
-7704.13	7960.02	342.861	483.933
-7704.13	7960.02	340.81	474.059
-7704.13	7960.02	338.758	472.719
-7704.13	7960.02	336.705	485.996
-7704.13	7960.02	334.652	495.612
-7704.13	7960.02	332.599	482.093
-7704.13	7960.02	330.545	478.318
-7704.13	7960.02	328.49	507.397
-7704.13	7960.02	326.435	469.556
-7704.13	7960.02	324.379	498.622
-7704.13	7960.02	322.323	513.083
-7704.13	7960.02	320.266	489.856
-7704.13	7960.02	318.209	483.653
-7704.13	7960.02	316.151	492.032
-7704.13	7960.02	314.093	510.123
-7704.13	7960.02	312.034	508.777
-7704.13	7960.02	309.975	492.864
-7704.13	7960.02	307.915	497.59
-7704.13	7960.02	305.854	502.314
-7704.13	7960.02	303.793	476.711
-7704.13	7960.02	301.732	505.691
-7704.13	7960.02	299.67	526.17
-7704.13	7960.02	297.607	496.944
-7704.13	7960.02	295.544	530.743
-7704.13	7960.02	293.48	493.051
-7704.13	7960.02	291.416	486.867
-7704.13	7960.02	289.351	501.269
-7704.13	7960.02	287.286	486.612
-7704.13	7960.02	285.22	484.065
-7704.13	7960.02	283.154	480.309
-7704.13	7960.02	281.087	485.021
-7704.13	7960.02	279.019	474.012
-7704.13	7960.02	276.951	473.887
-7704.13	7960.02	274.883	470.137
-7704.13	7960.02	272.814	489.346
-7704.13	7960.02	270.744	461.435
-7704.13	7960.02	268.674	462.522
-7704.13	7960.02	266.603	463.607
-7704.13	7960.02	264.532	479.176
-7704.13	7960.02	262.46	445.263
-7704.13	7960.02	260.388	464.448
-7704.13	7960.02	258.315	461.913
-7704.13	7960.02	256.241	446.117
-7704.13	7960.02	254.167	447.205
-7704.13	7960.02	252.093	445.882
-7704.13	7960.02	250.018	463.835
-7704.13	7960.02	247.942	473.348
-7704.13	7960.02	245.866	452.753
-7704.13	7960.02	243.789	436.984
-7704.13	7960.02	241.712	454.92
-7704.13	7960.02	239.634	422.314
-7704.13	7960.02	237.556	441.448
-7704.13	7960.02	235.477	442.533
-7704.13	7960.02	233.397	468.864
-7704.13	7960.02	231.317	459.124
-7704.13	7960.02	229.237	426.56
-7704.13	7960.02	227.155	430.05
-7704.13	7960.02	225.074	429.935
-7704.13	7960.02	222.991	426.219
-7704.13	7960.02	220.909	387.696
-7704.13	7960.02	218.825	404.392
-7704.13	7960.02	216.741	434.275
-7704.13	7960.02	214.657	432.96
-7704.13	7960.02	212.572	420.854
-7704.13	7960.02	210.486	435.125
-7704.13	7960.02	208.4	419.43
-7704.13	7960.02	206.313	406.139
-7704.13	7960.02	204.226	401.239
-7704.13	7960.02	202.138	414.303
-7704.13	7960.02	200.05	426.162
-7704.13	7960.02	197.961	420.064
-7704.13	7960.02	195.871	437.898
-7704.13	7960.02	193.781	430.603
-7704.13	7960.02	191.691	454.403
-7704.13	7960.02	189.599	456.671
-7704.13	7960.02	187.508	464.914
-7704.13	7960.02	185.415	436.113
-7704.13	7960.02	183.322	430.022
-7704.13	7960.02	181.229	487.227
-7704.13	7960.02	179.135	462.024
-7704.13	7960.02	177.04	475.028
-7704.13	7960.02	174.945	470.126
-7704.13	7960.02	172.849	461.648
-7704.13	7960.02	170.753	478.219
-7704.13	7960.02	168.656	475.704
-7704.13	7960.02	166.558	455.312
-7704.13	7960.02	164.46	468.296
-7704.13	7960.02	162.362	476.507
-7704.13	7960.02	160.263	462.086
-7704.13	7960.02	158.163	472.676
-7704.13	7960.02	156.063	467.786
-7704.13	7960.02	153.962	486.697
-7704.13	7960.02	151.86	471.099
-7704.13	7960.02	149.758	480.485
-7704.13	7960.02	147.656	495.81
-7704.13	7960.02	145.552	467.146
-7704.13	7960.02	143.449	480.09
-7704.13	7960.02	141.344	460.95
-7704.13	7960.02	139.239	486.952
-7704.13	7960.02	137.134	469.008
-7704.13	7960.02	135.028	466.505
-7704.13	7960.02	132.921	465.19
-7704.13	7960.02	130.814	463.876
-7704.13	7960.02	128.706	438.84
-7704.13	7960.02	126.598	463.62
-7704.13	7960.02	124.489	478.902
-7704.13	7960.02	122.379	469.289
-7704.13	7960.02	120.269	451.388
-7704.13	7960.02	118.158	465.476
-7704.13	7960.02	116.047	462.979
-7704.13	7960.02	113.935	474.688
-7704.13	7960.02	111.822	476.923
-7704.13	7960.02	109.709	450.763
-7704.13	7960.02	107.596	438.81
-7704.13	7960.02	105.481	430.41
-7704.13	7960.02	103.367	414.923
-7704.13	7960.02	101.251	434.898
-7704.13	7960.02	99.1351	428.869
-7704.13	7960.02	97.0184	426.387
-7704.13	7960.02	94.9012	402.652
-7704.13	7960.02	92.7834	408.442
-7704.13	7960.02	90.665	403.607
-7704.13	7960.02	88.546	398.775
-7704.13	7960.02	86.4265	425.791
-7704.13	7960.02	84.3063	397.372
-7704.13	7960.02	82.1855	376.042
-7704.13	7960.02	80.0641	403.042
-7704.13	7960.02	77.9422	371.118
