-1020.0	-20074.5	1979.41	407.783
-1020.0	-20074.5	1977.72	446.124
-1020.0	-20074.5	1976.02	460.821
-1020.0	-20074.5	1974.33	414.967
-1020.0	-20074.5	1972.64	445.906
-1020.0	-20074.5	1970.94	425.165
-1020.0	-20074.5	1969.25	447.235
-1020.0	-20074.5	1967.56	436.831
-1020.0	-20074.5	1965.86	427.906
-1020.0	-20074.5	1964.17	466.193
-1020.0	-20074.5	1962.47	449.891
-1020.0	-20074.5	1960.78	436.543
-1020.0	-20074.5	1959.08	442.369
-1020.0	-20074.5	1957.39	455.564
-1020.0	-20074.5	1955.69	430.429
-1020.0	-20074.5	1953.99	425.936
-1020.0	-20074.5	1952.3	417.024
-1020.0	-20074.5	1950.6	437.581
-1020.0	-20074.5	1948.9	438.981
-1020.0	-20074.5	1947.21	425.652
-1020.0	-20074.5	1945.51	449.142
-1020.0	-20074.5	1943.81	435.815
-1020.0	-20074.5	1942.11	437.214
-1020.0	-20074.5	1940.41	434.197
-1020.0	-20074.5	1938.71	441.482
-1020.0	-20074.5	1937.01	406.095
-1020.0	-20074.5	1935.32	444.275
-1020.0	-20074.5	1933.62	441.258
-1020.0	-20074.5	1931.92	454.419
-1020.0	-20074.5	1930.22	439.638
-1020.0	-20074.5	1928.51	439.563
-1020.0	-20074.5	1926.81	449.777
-1020.0	-20074.5	1925.11	433.535
-1020.0	-20074.5	1923.41	421.706
-1020.0	-20074.5	1921.71	430.449
-1020.0	-20074.5	1920.01	433.313
-1020.0	-20074.5	1918.31	421.49
-1020.0	-20074.5	1916.6	446.379
-1020.0	-20074.5	1914.9	433.09
-1020.0	-20074.5	1913.2	419.804
-1020.0	-20074.5	1911.49	421.2
-1020.0	-20074.5	1909.79	413.79
-1020.0	-20074.5	1908.09	419.587
-1020.0	-20074.5	1906.38	425.382
-1020.0	-20074.5	1904.68	437.041
-1020.0	-20074.5	1902.97	431.1
-1020.0	-20074.5	1901.27	413.432
-1020.0	-20074.5	1899.56	426.553
-1020.0	-20074.5	1897.85	408.891
-1020.0	-20074.5	1896.15	432.265
-1020.0	-20074.5	1894.44	461.491
-1020.0	-20074.5	1892.74	440.903
-1020.0	-20074.5	1891.03	424.716
-1020.0	-20074.5	1889.32	442.213
-1020.0	-20074.5	1887.61	414.319
-1020.0	-20074.5	1885.91	414.246
-1020.0	-20074.5	1884.2	433.199
-1020.0	-20074.5	1882.49	408.247
-1020.0	-20074.5	1880.78	393.545
-1020.0	-20074.5	1879.07	425.656
-1020.0	-20074.5	1877.36	425.581
-1020.0	-20074.5	1875.65	413.808
-1020.0	-20074.5	1873.94	400.577
-1020.0	-20074.5	1872.23	457.512
-1020.0	-20074.5	1870.52	423.818
-1020.0	-20074.5	1868.81	385.751
-1020.0	-20074.5	1867.1	404.675
-1020.0	-20074.5	1865.39	387.075
-1020.0	-20074.5	1863.68	420.595
-1020.0	-20074.5	1861.96	436.581
-1020.0	-20074.5	1860.25	411.685
-1020.0	-20074.5	1858.54	420.369
-1020.0	-20074.5	1856.82	417.375
-1020.0	-20074.5	1855.11	412.923
-1020.0	-20074.5	1853.4	430.355
-1020.0	-20074.5	1851.68	422.984
-1020.0	-20074.5	1849.97	441.866
-1020.0	-20074.5	1848.25	421.374
-1020.0	-20074.5	1846.54	437.333
-1020.0	-20074.5	1844.82	411.019
-1020.0	-20074.5	1843.11	425.517
-1020.0	-20074.5	1841.39	423.983
-1020.0	-20074.5	1839.68	410.796
-1020.0	-20074.5	1837.96	403.439
-1020.0	-20074.5	1836.24	433.946
-1020.0	-20074.5	1834.53	409.116
-1020.0	-20074.5	1832.81	407.586
-1020.0	-20074.5	1831.09	423.521
-1020.0	-20074.5	1829.37	436.54
-1020.0	-20074.5	1827.65	443.734
-1020.0	-20074.5	1825.94	411.652
-1020.0	-20074.5	1824.22	430.483
-1020.0	-20074.5	1822.5	420.226
-1020.0	-20074.5	1820.78	388.165
-1020.0	-20074.5	1819.06	428.793
-1020.0	-20074.5	1817.34	425.807
-1020.0	-20074.5	1815.62	409.746
-1020.0	-20074.5	1813.9	411.123
-1020.0	-20074.5	1812.18	415.405
-1020.0	-20074.5	1810.45	384.832
-1020.0	-20074.5	1808.73	406.54
-1020.0	-20074.5	1807.01	419.529
-1020.0	-20074.5	1805.29	419.452
-1020.0	-20074.5	1803.56	409.216
-1020.0	-20074.5	1801.84	393.181
-1020.0	-20074.5	1800.12	436.625
-1020.0	-20074.5	1798.39	422.041
-1020.0	-20074.5	1796.67	404.562
-1020.0	-20074.5	1794.95	403.037
-1020.0	-20074.5	1793.22	429.052
-1020.0	-20074.5	1791.5	430.422
-1020.0	-20074.5	1789.77	395.566
-1020.0	-20074.5	1788.04	395.492
-1020.0	-20074.5	1786.32	382.382
-1020.0	-20074.5	1784.59	399.688
-1020.0	-20074.5	1782.87	408.301
-1020.0	-20074.5	1781.14	409.672
-1020.0	-20074.5	1779.41	405.253
-1020.0	-20074.5	1777.68	425.435
-1020.0	-20074.5	1775.96	428.249
-1020.0	-20074.5	1774.23	405.024
-1020.0	-20074.5	1772.5	407.84
-1020.0	-20074.5	1770.77	417.885
-1020.0	-20074.5	1769.04	406.24
-1020.0	-20074.5	1767.31	409.054
-1020.0	-20074.5	1765.58	413.312
-1020.0	-20074.5	1763.85	416.123
-1020.0	-20074.5	1762.12	417.489
-1020.0	-20074.5	1760.39	387.079
-1020.0	-20074.5	1758.66	408.666
-1020.0	-20074.5	1756.93	397.038
-1020.0	-20074.5	1755.19	420.059
-1020.0	-20074.5	1753.46	428.638
-1020.0	-20074.5	1751.73	405.469
-1020.0	-20074.5	1750.0	424.146
-1020.0	-20074.5	1748.26	434.162
-1020.0	-20074.5	1746.53	402.352
-1020.0	-20074.5	1744.8	418.136
-1020.0	-20074.5	1743.06	394.99
-1020.0	-20074.5	1741.33	399.238
-1020.0	-20074.5	1739.59	386.193
-1020.0	-20074.5	1737.86	394.763
-1020.0	-20074.5	1736.12	411.973
-1020.0	-20074.5	1734.39	411.893
-1020.0	-20074.5	1732.65	383.016
-1020.0	-20074.5	1730.91	401.657
-1020.0	-20074.5	1729.18	414.534
-1020.0	-20074.5	1727.44	415.893
-1020.0	-20074.5	1725.7	412.935
-1020.0	-20074.5	1723.96	399.908
-1020.0	-20074.5	1722.23	440.102
-1020.0	-20074.5	1720.49	373.87
-1020.0	-20074.5	1718.75	401.114
-1020.0	-20074.5	1717.01	396.724
-1020.0	-20074.5	1715.27	444.072
-1020.0	-20074.5	1713.53	406.628
-1020.0	-20074.5	1711.79	422.351
-1020.0	-20074.5	1710.05	393.543
-1020.0	-20074.5	1708.31	415.006
-1020.0	-20074.5	1706.57	390.518
-1020.0	-20074.5	1704.82	390.442
-1020.0	-20074.5	1703.08	381.754
-1020.0	-20074.5	1701.34	420.422
-1020.0	-20074.5	1699.6	368.694
-1020.0	-20074.5	1697.85	374.359
-1020.0	-20074.5	1696.11	398.664
-1020.0	-20074.5	1694.37	382.815
-1020.0	-20074.5	1692.62	402.808
-1020.0	-20074.5	1690.88	388.397
-1020.0	-20074.5	1689.13	373.992
-1020.0	-20074.5	1687.39	382.514
-1020.0	-20074.5	1685.64	438.301
-1020.0	-20074.5	1683.9	380.931
-1020.0	-20074.5	1682.15	405.197
-1020.0	-20074.5	1680.41	375.055
-1020.0	-20074.5	1678.66	402.174
-1020.0	-20074.5	1676.91	394.94
-1020.0	-20074.5	1675.16	413.461
-1020.0	-20074.5	1673.42	377.62
-1020.0	-20074.5	1671.67	409.007
-1020.0	-20074.5	1669.92	404.636
-1020.0	-20074.5	1668.17	404.556
-1020.0	-20074.5	1666.42	374.462
-1020.0	-20074.5	1664.67	385.819
-1020.0	-20074.5	1662.92	374.313
-1020.0	-20074.5	1661.17	388.523
-1020.0	-20074.5	1659.42	391.301
-1020.0	-20074.5	1657.67	375.517
-1020.0	-20074.5	1655.92	384.008
-1020.0	-20074.5	1654.17	353.959
-1020.0	-20074.5	1652.42	339.619
-1020.0	-20074.5	1650.66	383.778
-1020.0	-20074.5	1648.91	380.849
-1020.0	-20074.5	1647.16	390.755
-1020.0	-20074.5	1645.41	383.548
-1020.0	-20074.5	1643.65	403.429
-1020.0	-20074.5	1641.9	390.521
-1020.0	-20074.5	1640.14	383.317
-1020.0	-20074.5	1638.39	386.09
-1020.0	-20074.5	1636.63	413.076
-1020.0	-20074.5	1634.88	397.328
-1020.0	-20074.5	1633.12	375.89
-1020.0	-20074.5	1631.37	381.509
-1020.0	-20074.5	1629.61	402.781
-1020.0	-20074.5	1627.85	392.739
-1020.0	-20074.5	1626.09	379.856
-1020.0	-20074.5	1624.34	381.202
-1020.0	-20074.5	1622.58	408.145
-1020.0	-20074.5	1620.82	402.375
-1020.0	-20074.5	1619.06	392.343
-1020.0	-20074.5	1617.3	420.688
-1020.0	-20074.5	1615.54	395.026
-1020.0	-20074.5	1613.78	400.629
-1020.0	-20074.5	1612.02	396.286
-1020.0	-20074.5	1610.26	417.508
-1020.0	-20074.5	1608.5	394.706
-1020.0	-20074.5	1606.74	397.465
-1020.0	-20074.5	1604.98	366.161
-1020.0	-20074.5	1603.22	401.56
-1020.0	-20074.5	1601.46	387.292
-1020.0	-20074.5	1599.69	357.428
-1020.0	-20074.5	1597.93	384.298
-1020.0	-20074.5	1596.17	371.46
-1020.0	-20074.5	1594.4	378.472
-1020.0	-20074.5	1592.64	396.818
-1020.0	-20074.5	1590.88	382.568
-1020.0	-20074.5	1589.11	369.74
-1020.0	-20074.5	1587.35	382.412
-1020.0	-20074.5	1585.58	397.91
-1020.0	-20074.5	1583.81	390.75
-1020.0	-20074.5	1582.05	387.839
-1020.0	-20074.5	1580.28	390.59
-1020.0	-20074.5	1578.51	380.605
-1020.0	-20074.5	1576.75	362.138
-1020.0	-20074.5	1574.98	396.007
-1020.0	-20074.5	1573.21	370.473
-1020.0	-20074.5	1571.44	388.775
-1020.0	-20074.5	1569.67	363.254
-1020.0	-20074.5	1567.91	360.353
-1020.0	-20074.5	1566.14	399.838
-1020.0	-20074.5	1564.37	357.379
-1020.0	-20074.5	1562.6	399.674
-1020.0	-20074.5	1560.83	371.352
-1020.0	-20074.5	1559.05	386.804
-1020.0	-20074.5	1557.28	371.199
-1020.0	-20074.5	1555.51	366.889
-1020.0	-20074.5	1553.74	369.634
-1020.0	-20074.5	1551.97	378.021
-1020.0	-20074.5	1550.19	369.482
-1020.0	-20074.5	1548.42	363.765
-1020.0	-20074.5	1546.65	353.823
-1020.0	-20074.5	1544.87	393.211
-1020.0	-20074.5	1543.1	363.539
-1020.0	-20074.5	1541.32	380.369
-1020.0	-20074.5	1539.55	369.023
-1020.0	-20074.5	1537.77	383.028
-1020.0	-20074.5	1536.0	375.909
-1020.0	-20074.5	1534.22	377.238
-1020.0	-20074.5	1532.45	357.457
-1020.0	-20074.5	1530.67	377.081
-1020.0	-20074.5	1528.89	358.715
-1020.0	-20074.5	1527.11	382.55
-1020.0	-20074.5	1525.34	364.191
-1020.0	-20074.5	1523.56	372.55
-1020.0	-20074.5	1521.78	361.228
-1020.0	-20074.5	1520.0	375.205
-1020.0	-20074.5	1518.22	386.366
-1020.0	-20074.5	1516.44	366.62
-1020.0	-20074.5	1514.66	365.139
-1020.0	-20074.5	1512.88	358.042
-1020.0	-20074.5	1511.1	345.333
-1020.0	-20074.5	1509.32	390.173
-1020.0	-20074.5	1507.54	380.269
-1020.0	-20074.5	1505.76	388.607
-1020.0	-20074.5	1503.97	377.304
-1020.0	-20074.5	1502.19	361.8
-1020.0	-20074.5	1500.41	351.91
-1020.0	-20074.5	1498.62	356.041
-1020.0	-20074.5	1496.84	374.185
-1020.0	-20074.5	1495.06	390.92
-1020.0	-20074.5	1493.27	346.011
-1020.0	-20074.5	1491.49	371.148
-1020.0	-20074.5	1489.7	376.671
-1020.0	-20074.5	1487.91	373.792
-1020.0	-20074.5	1486.13	377.912
-1020.0	-20074.5	1484.34	370.835
-1020.0	-20074.5	1482.55	362.363
-1020.0	-20074.5	1480.77	372.078
-1020.0	-20074.5	1478.98	371.999
-1020.0	-20074.5	1477.19	346.753
-1020.0	-20074.5	1475.4	350.874
-1020.0	-20074.5	1473.61	373.161
-1020.0	-20074.5	1471.83	395.439
-1020.0	-20074.5	1470.04	378.592
-1020.0	-20074.5	1468.25	374.321
-1020.0	-20074.5	1466.46	363.071
-1020.0	-20074.5	1464.67	349.033
-1020.0	-20074.5	1462.87	351.75
-1020.0	-20074.5	1461.08	355.862
-1020.0	-20074.5	1459.29	355.787
-1020.0	-20074.5	1457.5	394.77
-1020.0	-20074.5	1455.71	362.609
-1020.0	-20074.5	1453.91	384.842
-1020.0	-20074.5	1452.12	375.002
-1020.0	-20074.5	1450.33	362.378
-1020.0	-20074.5	1448.53	360.908
-1020.0	-20074.5	1446.74	331.574
-1020.0	-20074.5	1444.94	376.076
-1020.0	-20074.5	1443.15	369.033
-1020.0	-20074.5	1441.35	374.523
-1020.0	-20074.5	1439.56	363.308
-1020.0	-20074.5	1437.76	381.322
-1020.0	-20074.5	1435.96	379.85
-1020.0	-20074.5	1434.17	381.16
-1020.0	-20074.5	1432.37	376.906
-1020.0	-20074.5	1430.57	350.406
-1020.0	-20074.5	1428.77	341.99
-1020.0	-20074.5	1426.97	357.206
-1020.0	-20074.5	1425.17	377.974
-1020.0	-20074.5	1423.37	372.336
-1020.0	-20074.5	1421.58	372.256
-1020.0	-20074.5	1419.77	352.734
-1020.0	-20074.5	1417.97	351.27
-1020.0	-20074.5	1416.17	387.286
-1020.0	-20074.5	1414.37	392.755
-1020.0	-20074.5	1412.57	391.283
-1020.0	-20074.5	1410.77	355.131
-1020.0	-20074.5	1408.97	384.181
-1020.0	-20074.5	1407.16	356.365
-1020.0	-20074.5	1405.36	349.357
-1020.0	-20074.5	1403.56	347.896
-1020.0	-20074.5	1401.75	353.364
-1020.0	-20074.5	1399.95	369.914
-1020.0	-20074.5	1398.14	371.219
-1020.0	-20074.5	1396.34	361.446
-1020.0	-20074.5	1394.53	344.753
-1020.0	-20074.5	1392.73	330.837
-1020.0	-20074.5	1390.92	365.364
-1020.0	-20074.5	1389.11	351.449
-1020.0	-20074.5	1387.3	340.306
-1020.0	-20074.5	1385.5	325.019
-1020.0	-20074.5	1383.69	340.16
-1020.0	-20074.5	1381.88	344.234
-1020.0	-20074.5	1380.07	360.745
-1020.0	-20074.5	1378.26	360.668
-1020.0	-20074.5	1376.45	359.208
-1020.0	-20074.5	1374.64	349.462
-1020.0	-20074.5	1372.83	367.339
-1020.0	-20074.5	1371.02	376.924
-1020.0	-20074.5	1369.21	364.419
-1020.0	-20074.5	1367.4	336.739
-1020.0	-20074.5	1365.59	344.945
-1020.0	-20074.5	1363.78	332.455
-1020.0	-20074.5	1361.96	337.899
-1020.0	-20074.5	1360.15	354.373
-1020.0	-20074.5	1358.34	332.239
-1020.0	-20074.5	1356.52	340.436
-1020.0	-20074.5	1354.71	337.607
-1020.0	-20074.5	1352.89	343.044
-1020.0	-20074.5	1351.08	329.196
-1020.0	-20074.5	1349.26	327.747
-1020.0	-20074.5	1347.45	341.444
-1020.0	-20074.5	1345.63	367.523
-1020.0	-20074.5	1343.81	330.286
-1020.0	-20074.5	1342.0	341.221
-1020.0	-20074.5	1340.18	371.41
-1020.0	-20074.5	1338.36	358.952
-1020.0	-20074.5	1336.54	353.374
-1020.0	-20074.5	1334.73	369.793
-1020.0	-20074.5	1332.91	344.974
-1020.0	-20074.5	1331.09	366.884
-1020.0	-20074.5	1329.27	337.954
-1020.0	-20074.5	1327.45	350.242
-1020.0	-20074.5	1325.63	343.3
-1020.0	-20074.5	1323.81	356.954
-1020.0	-20074.5	1321.98	360.994
-1020.0	-20074.5	1320.16	337.586
-1020.0	-20074.5	1318.34	369.068
-1020.0	-20074.5	1316.52	348.412
-1020.0	-20074.5	1314.7	359.307
-1020.0	-20074.5	1312.87	352.373
-1020.0	-20074.5	1311.05	324.88
-1020.0	-20074.5	1309.22	348.108
-1020.0	-20074.5	1307.4	360.363
-1020.0	-20074.5	1305.57	349.325
-1020.0	-20074.5	1303.75	342.401
-1020.0	-20074.5	1301.92	331.372
-1020.0	-20074.5	1300.1	324.454
-1020.0	-20074.5	1298.27	331.226
-1020.0	-20074.5	1296.44	359.89
-1020.0	-20074.5	1294.62	337.922
-1020.0	-20074.5	1292.79	344.687
-1020.0	-20074.5	1290.96	330.936
-1020.0	-20074.5	1289.13	345.903
-1020.0	-20074.5	1287.3	325.323
-1020.0	-20074.5	1285.47	336.185
-1020.0	-20074.5	1283.64	340.21
-1020.0	-20074.5	1281.81	326.475
-1020.0	-20074.5	1279.98	349.62
-1020.0	-20074.5	1278.15	365.928
-1020.0	-20074.5	1276.32	338.546
-1020.0	-20074.5	1274.49	339.836
-1020.0	-20074.5	1272.66	350.677
-1020.0	-20074.5	1270.82	343.779
-1020.0	-20074.5	1268.99	350.523
-1020.0	-20074.5	1267.16	338.174
-1020.0	-20074.5	1265.32	342.189
-1020.0	-20074.5	1263.49	324.395
-1020.0	-20074.5	1261.66	348.852
-1020.0	-20074.5	1259.82	367.849
-1020.0	-20074.5	1257.98	343.25
-1020.0	-20074.5	1256.15	354.068
-1020.0	-20074.5	1254.31	351.267
-1020.0	-20074.5	1252.48	337.578
-1020.0	-20074.5	1250.64	344.308
-1020.0	-20074.5	1248.8	341.511
-1020.0	-20074.5	1246.96	326.472
-1020.0	-20074.5	1245.13	329.12
-1020.0	-20074.5	1243.29	334.486
-1020.0	-20074.5	1241.45	320.818
-1020.0	-20074.5	1239.61	353.365
-1020.0	-20074.5	1237.77	341.058
-1020.0	-20074.5	1235.93	324.681
-1020.0	-20074.5	1234.09	334.116
-1020.0	-20074.5	1232.25	327.253
-1020.0	-20074.5	1230.41	329.895
-1020.0	-20074.5	1228.56	327.108
-1020.0	-20074.5	1226.72	344.676
-1020.0	-20074.5	1224.88	336.46
-1020.0	-20074.5	1223.04	341.811
-1020.0	-20074.5	1221.19	339.023
-1020.0	-20074.5	1219.35	343.015
-1020.0	-20074.5	1217.5	349.716
-1020.0	-20074.5	1215.66	321.18
-1020.0	-20074.5	1213.81	341.432
-1020.0	-20074.5	1211.97	345.42
-1020.0	-20074.5	1210.12	341.28
-1020.0	-20074.5	1208.28	343.912
-1020.0	-20074.5	1206.43	356.019
-1020.0	-20074.5	1204.58	316.692
-1020.0	-20074.5	1202.73	324.74
-1020.0	-20074.5	1200.89	343.607
-1020.0	-20074.5	1199.04	332.711
-1020.0	-20074.5	1197.19	329.932
-1020.0	-20074.5	1195.34	346.081
-1020.0	-20074.5	1193.49	339.246
-1020.0	-20074.5	1191.64	337.82
-1020.0	-20074.5	1189.79	348.552
-1020.0	-20074.5	1187.94	353.877
-1020.0	-20074.5	1186.09	348.397
-1020.0	-20074.5	1184.23	338.869
-1020.0	-20074.5	1182.38	340.143
-1020.0	-20074.5	1180.53	336.019
-1020.0	-20074.5	1178.68	330.547
-1020.0	-20074.5	1176.82	326.427
-1020.0	-20074.5	1174.97	312.868
-1020.0	-20074.5	1173.12	330.326
-1020.0	-20074.5	1171.26	365.3
-1020.0	-20074.5	1169.41	322.093
-1020.0	-20074.5	1167.55	344.926
-1020.0	-20074.5	1165.69	309.825
-1020.0	-20074.5	1163.84	332.651
-1020.0	-20074.5	1161.98	335.269
-1020.0	-20074.5	1160.12	321.733
-1020.0	-20074.5	1158.27	343.195
-1020.0	-20074.5	1156.41	337.736
-1020.0	-20074.5	1154.55	352.458
-1020.0	-20074.5	1152.69	322.79
-1020.0	-20074.5	1150.83	357.679
-1020.0	-20074.5	1148.97	326.679
-1020.0	-20074.5	1147.11	352.143
-1020.0	-20074.5	1145.25	341.314
-1020.0	-20074.5	1143.39	338.55
-1020.0	-20074.5	1141.53	330.416
-1020.0	-20074.5	1139.67	318.256
-1020.0	-20074.5	1137.81	345.035
-1020.0	-20074.5	1135.94	374.488
-1020.0	-20074.5	1134.08	347.565
-1020.0	-20074.5	1132.22	346.145
-1020.0	-20074.5	1130.35	333.995
-1020.0	-20074.5	1128.49	333.92
-1020.0	-20074.5	1126.62	359.319
-1020.0	-20074.5	1124.76	360.579
-1020.0	-20074.5	1122.89	345.757
-1020.0	-20074.5	1121.03	329.601
-1020.0	-20074.5	1119.16	346.941
-1020.0	-20074.5	1117.3	328.113
-1020.0	-20074.5	1115.43	348.124
-1020.0	-20074.5	1113.56	348.045
-1020.0	-20074.5	1111.69	333.245
-1020.0	-20074.5	1109.82	373.312
-1020.0	-20074.5	1107.96	331.758
-1020.0	-20074.5	1106.09	366.456
-1020.0	-20074.5	1104.22	353.003
-1020.0	-20074.5	1102.35	339.555
-1020.0	-20074.5	1100.48	314.084
-1020.0	-20074.5	1098.61	328.712
-1020.0	-20074.5	1096.73	372.723
-1020.0	-20074.5	1094.86	345.927
-1020.0	-20074.5	1092.99	360.537
-1020.0	-20074.5	1091.12	343.101
-1020.0	-20074.5	1089.24	316.329
-1020.0	-20074.5	1087.37	330.936
-1020.0	-20074.5	1085.5	346.871
-1020.0	-20074.5	1083.62	358.797
-1020.0	-20074.5	1081.75	372.051
-1020.0	-20074.5	1079.87	334.637
-1020.0	-20074.5	1078.0	369.217
-1020.0	-20074.5	1076.12	349.145
-1020.0	-20074.5	1074.24	323.752
-1020.0	-20074.5	1072.37	334.335
-1020.0	-20074.5	1070.49	338.254
-1020.0	-20074.5	1068.61	320.87
-1020.0	-20074.5	1066.73	343.426
-1020.0	-20074.5	1064.86	324.717
-1020.0	-20074.5	1062.98	307.347
-1020.0	-20074.5	1061.1	348.514
-1020.0	-20074.5	1059.22	367.053
-1020.0	-20074.5	1057.34	372.289
-1020.0	-20074.5	1055.46	405.437
-1020.0	-20074.5	1053.58	386.739
-1020.0	-20074.5	1051.69	372.036
-1020.0	-20074.5	1049.81	332.099
-1020.0	-20074.5	1047.93	345.305
-1020.0	-20074.5	1046.05	339.916
-1020.0	-20074.5	1044.16	366.388
-1020.0	-20074.5	1042.28	339.761
-1020.0	-20074.5	1040.4	351.626
-1020.0	-20074.5	1038.51	379.405
-1020.0	-20074.5	1036.63	364.73
-1020.0	-20074.5	1034.74	363.321
-1020.0	-20074.5	1032.86	346.004
-1020.0	-20074.5	1030.97	390.989
-1020.0	-20074.5	1029.08	388.25
-1020.0	-20074.5	1027.2	384.187
-1020.0	-20074.5	1025.31	414.563
-1020.0	-20074.5	1023.42	413.145
-1020.0	-20074.5	1021.53	395.84
-1020.0	-20074.5	1019.64	393.103
-1020.0	-20074.5	1017.75	424.772
-1020.0	-20074.5	1015.86	408.8
-1020.0	-20074.5	1013.97	433.838
-1020.0	-20074.5	1012.08	423.16
-1020.0	-20074.5	1010.19	457.438
-1020.0	-20074.5	1008.3	467.908
-1020.0	-20074.5	1006.41	451.943
-1020.0	-20074.5	1004.52	471.658
-1020.0	-20074.5	1002.62	458.342
-1020.0	-20074.5	1000.73	462.199
-1020.0	-20074.5	998.837	513.584
-1020.0	-20074.5	996.943	500.267
-1020.0	-20074.5	995.049	514.669
-1020.0	-20074.5	993.154	556.771
-1020.0	-20074.5	991.258	580.387
-1020.0	-20074.5	989.363	651.468
-1020.0	-20074.5	987.467	667.141
-1020.0	-20074.5	985.57	722.351
-1020.0	-20074.5	983.673	739.318
-1020.0	-20074.5	981.776	766.818
-1020.0	-20074.5	979.878	740.298
-1020.0	-20074.5	977.979	762.517
-1020.0	-20074.5	976.081	784.725
-1020.0	-20074.5	974.181	734.525
-1020.0	-20074.5	972.282	767.258
-1020.0	-20074.5	970.382	740.767
-1020.0	-20074.5	968.481	697.188
-1020.0	-20074.5	966.58	749.634
-1020.0	-20074.5	964.679	715.277
-1020.0	-20074.5	962.777	730.887
-1020.0	-20074.5	960.875	735.977
-1020.0	-20074.5	958.972	742.378
-1020.0	-20074.5	957.069	689.662
-1020.0	-20074.5	955.166	707.891
-1020.0	-20074.5	953.262	715.607
-1020.0	-20074.5	951.357	704.941
-1020.0	-20074.5	949.452	712.654
-1020.0	-20074.5	947.547	728.236
-1020.0	-20074.5	945.641	707.079
-1020.0	-20074.5	943.735	720.032
-1020.0	-20074.5	941.829	702.821
-1020.0	-20074.5	939.922	702.66
-1020.0	-20074.5	938.014	677.596
-1020.0	-20074.5	936.106	628.958
-1020.0	-20074.5	934.198	592.133
-1020.0	-20074.5	932.289	577.59
-1020.0	-20074.5	930.38	536.865
-1020.0	-20074.5	928.47	506.632
-1020.0	-20074.5	926.56	464.633
-1020.0	-20074.5	924.649	426.579
-1020.0	-20074.5	922.738	431.713
-1020.0	-20074.5	920.827	419.843
-1020.0	-20074.5	918.915	430.207
-1020.0	-20074.5	917.003	411.805
-1020.0	-20074.5	915.09	411.71
-1020.0	-20074.5	913.177	389.401
-1020.0	-20074.5	911.263	419.359
-1020.0	-20074.5	909.349	421.875
-1020.0	-20074.5	907.435	428.307
-1020.0	-20074.5	905.52	396.876
-1020.0	-20074.5	903.604	412.447
-1020.0	-20074.5	901.688	390.168
-1020.0	-20074.5	899.772	390.078
-1020.0	-20074.5	897.855	422.595
-1020.0	-20074.5	895.938	432.93
-1020.0	-20074.5	894.021	381.985
-1020.0	-20074.5	892.103	388.414
-1020.0	-20074.5	890.184	397.446
-1020.0	-20074.5	888.265	399.96
-1020.0	-20074.5	886.346	411.59
-1020.0	-20074.5	884.426	410.193
-1020.0	-20074.5	882.506	390.569
-1020.0	-20074.5	880.585	410.003
-1020.0	-20074.5	878.664	428.126
-1020.0	-20074.5	876.742	383.793
-1020.0	-20074.5	874.82	386.306
-1020.0	-20074.5	872.898	413.525
-1020.0	-20074.5	870.975	430.33
-1020.0	-20074.5	869.051	386.037
-1020.0	-20074.5	867.127	402.841
-1020.0	-20074.5	865.203	405.346
-1020.0	-20074.5	863.278	406.551
-1020.0	-20074.5	861.353	406.457
-1020.0	-20074.5	859.428	375.204
-1020.0	-20074.5	857.502	386.799
-1020.0	-20074.5	855.575	417.853
-1020.0	-20074.5	853.648	416.459
-1020.0	-20074.5	851.721	403.391
-1020.0	-20074.5	849.793	412.375
-1020.0	-20074.5	847.865	404.5
-1020.0	-20074.5	845.936	390.148
-1020.0	-20074.5	844.007	408.2
-1020.0	-20074.5	842.077	378.307
-1020.0	-20074.5	840.147	397.648
-1020.0	-20074.5	838.216	407.915
-1020.0	-20074.5	836.285	403.936
-1020.0	-20074.5	834.354	396.076
-1020.0	-20074.5	832.422	407.631
-1020.0	-20074.5	830.49	410.123
-1020.0	-20074.5	828.557	393.213
-1020.0	-20074.5	826.624	420.277
-1020.0	-20074.5	824.69	425.351
-1020.0	-20074.5	822.756	412.326
-1020.0	-20074.5	820.821	418.691
-1020.0	-20074.5	818.886	423.761
-1020.0	-20074.5	816.951	415.913
-1020.0	-20074.5	815.015	402.902
-1020.0	-20074.5	813.078	401.517
-1020.0	-20074.5	811.141	423.366
-1020.0	-20074.5	809.204	398.749
-1020.0	-20074.5	807.266	399.946
-1020.0	-20074.5	805.328	388.244
-1020.0	-20074.5	803.389	379.126
-1020.0	-20074.5	801.45	404.822
-1020.0	-20074.5	799.511	420.195
-1020.0	-20074.5	797.571	405.922
-1020.0	-20074.5	795.63	410.98
-1020.0	-20074.5	793.689	399.291
-1020.0	-20074.5	791.748	415.938
-1020.0	-20074.5	789.806	424.853
-1020.0	-20074.5	787.864	428.615
-1020.0	-20074.5	785.921	387.336
-1020.0	-20074.5	783.978	385.959
-1020.0	-20074.5	782.034	397.444
-1020.0	-20074.5	780.09	406.353
-1020.0	-20074.5	778.145	388.258
-1020.0	-20074.5	776.2	377.885
-1020.0	-20074.5	774.255	391.931
-1020.0	-20074.5	772.309	411.11
-1020.0	-20074.5	770.362	391.747
-1020.0	-20074.5	768.416	383.951
-1020.0	-20074.5	766.468	362.036
-1020.0	-20074.5	764.52	392.755
-1020.0	-20074.5	762.572	396.512
-1020.0	-20074.5	760.624	402.833
-1020.0	-20074.5	758.674	387.347
-1020.0	-20074.5	756.725	375.715
-1020.0	-20074.5	754.775	373.063
-1020.0	-20074.5	752.824	394.764
-1020.0	-20074.5	750.873	383.139
-1020.0	-20074.5	748.922	404.827
-1020.0	-20074.5	746.97	371.431
-1020.0	-20074.5	745.017	396.953
-1020.0	-20074.5	743.065	385.338
-1020.0	-20074.5	741.111	392.926
-1020.0	-20074.5	739.158	391.554
-1020.0	-20074.5	737.203	402.975
-1020.0	-20074.5	735.249	392.648
-1020.0	-20074.5	733.294	415.572
-1020.0	-20074.5	731.338	386.071
-1020.0	-20074.5	729.382	397.482
-1020.0	-20074.5	727.425	384.611
-1020.0	-20074.5	725.468	399.849
-1020.0	-20074.5	723.511	402.309
-1020.0	-20074.5	721.553	385.615
-1020.0	-20074.5	719.595	376.588
-1020.0	-20074.5	717.636	395.642
-1020.0	-20074.5	715.676	396.825
-1020.0	-20074.5	713.717	378.871
-1020.0	-20074.5	711.756	395.361
-1020.0	-20074.5	709.796	385.067
-1020.0	-20074.5	707.835	387.525
-1020.0	-20074.5	705.873	429.49
-1020.0	-20074.5	703.911	380.971
-1020.0	-20074.5	701.948	382.154
-1020.0	-20074.5	699.985	387.158
-1020.0	-20074.5	698.022	385.793
-1020.0	-20074.5	696.058	380.609
-1020.0	-20074.5	694.093	404.699
-1020.0	-20074.5	692.129	417.326
-1020.0	-20074.5	690.163	393.058
-1020.0	-20074.5	688.197	404.41
-1020.0	-20074.5	686.231	397.957
-1020.0	-20074.5	684.264	399.133
-1020.0	-20074.5	682.297	392.684
-1020.0	-20074.5	680.329	396.402
-1020.0	-20074.5	678.361	411.55
-1020.0	-20074.5	676.393	425.421
-1020.0	-20074.5	674.423	425.32
-1020.0	-20074.5	672.454	412.526
-1020.0	-20074.5	670.484	423.848
-1020.0	-20074.5	668.513	386.955
-1020.0	-20074.5	666.542	436.33
-1020.0	-20074.5	664.571	433.69
-1020.0	-20074.5	662.599	409.498
-1020.0	-20074.5	660.627	404.33
-1020.0	-20074.5	658.654	406.768
-1020.0	-20074.5	656.68	415.539
-1020.0	-20074.5	654.707	438.238
-1020.0	-20074.5	652.732	386.215
-1020.0	-20074.5	650.758	425.368
-1020.0	-20074.5	648.782	396.156
-1020.0	-20074.5	646.807	412.511
-1020.0	-20074.5	644.83	393.436
-1020.0	-20074.5	642.854	411.048
-1020.0	-20074.5	640.877	374.281
-1020.0	-20074.5	638.899	404.531
-1020.0	-20074.5	636.921	406.961
-1020.0	-20074.5	634.942	427.08
-1020.0	-20074.5	632.963	396.66
-1020.0	-20074.5	630.984	390.25
-1020.0	-20074.5	629.004	428.035
-1020.0	-20074.5	627.023	435.506
-1020.0	-20074.5	625.042	437.926
-1020.0	-20074.5	623.061	420.156
-1020.0	-20074.5	621.079	425.101
-1020.0	-20074.5	619.097	427.521
-1020.0	-20074.5	617.114	421.114
-1020.0	-20074.5	615.131	437.399
-1020.0	-20074.5	613.147	402.008
-1020.0	-20074.5	611.163	424.589
-1020.0	-20074.5	609.178	415.669
-1020.0	-20074.5	607.193	428.162
-1020.0	-20074.5	605.207	425.541
-1020.0	-20074.5	603.221	419.145
-1020.0	-20074.5	601.234	422.819
-1020.0	-20074.5	599.247	400.071
-1020.0	-20074.5	597.259	431.419
-1020.0	-20074.5	595.271	421.255
-1020.0	-20074.5	593.283	406.067
-1020.0	-20074.5	591.294	413.509
-1020.0	-20074.5	589.304	403.357
-1020.0	-20074.5	587.314	394.465
-1020.0	-20074.5	585.323	390.602
-1020.0	-20074.5	583.332	416.876
-1020.0	-20074.5	581.341	413.009
-1020.0	-20074.5	579.349	385.298
-1020.0	-20074.5	577.357	416.573
-1020.0	-20074.5	575.364	417.726
-1020.0	-20074.5	573.37	403.829
-1020.0	-20074.5	571.376	406.239
-1020.0	-20074.5	569.382	408.647
-1020.0	-20074.5	567.387	433.612
-1020.0	-20074.5	565.392	423.483
-1020.0	-20074.5	563.396	439.664
-1020.0	-20074.5	561.399	423.277
-1020.0	-20074.5	559.403	455.726
-1020.0	-20074.5	557.405	409.302
-1020.0	-20074.5	555.408	456.755
-1020.0	-20074.5	553.409	419.111
-1020.0	-20074.5	551.411	434.018
-1020.0	-20074.5	549.411	456.421
-1020.0	-20074.5	547.412	488.814
-1020.0	-20074.5	545.411	501.193
-1020.0	-20074.5	543.411	531.06
-1020.0	-20074.5	541.409	534.678
-1020.0	-20074.5	539.408	584.504
-1020.0	-20074.5	537.406	639.301
-1020.0	-20074.5	535.403	692.823
-1020.0	-20074.5	533.4	763.791
-1020.0	-20074.5	531.396	932.046
-1020.0	-20074.5	529.392	1133.9
-1020.0	-20074.5	527.387	1495.28
-1020.0	-20074.5	525.382	2661.92
-1020.0	-20074.5	523.376	6038.02
-1020.0	-20074.5	521.37	11661.8
-1020.0	-20074.5	519.364	11558.1
-1020.0	-20074.5	517.357	6640.17
-1020.0	-20074.5	515.349	3539.06
-1020.0	-20074.5	513.341	2070.38
-1020.0	-20074.5	511.332	1443.8
-1020.0	-20074.5	509.323	1100.01
-1020.0	-20074.5	507.314	905.665
-1020.0	-20074.5	505.304	850.717
-1020.0	-20074.5	503.293	777.145
-1020.0	-20074.5	501.282	677.504
-1020.0	-20074.5	499.27	653.723
-1020.0	-20074.5	497.258	598.891
-1020.0	-20074.5	495.246	567.688
-1020.0	-20074.5	493.233	519.114
-1020.0	-20074.5	491.219	566.166
-1020.0	-20074.5	489.205	517.616
-1020.0	-20074.5	487.191	541.066
-1020.0	-20074.5	485.176	486.343
-1020.0	-20074.5	483.16	470.098
-1020.0	-20074.5	481.144	481.142
-1020.0	-20074.5	479.128	464.906
-1020.0	-20074.5	477.111	474.706
-1020.0	-20074.5	475.093	465.914
-1020.0	-20074.5	473.075	481.903
-1020.0	-20074.5	471.056	423.573
-1020.0	-20074.5	469.037	468.044
-1020.0	-20074.5	467.018	453.072
-1020.0	-20074.5	464.998	445.534
-1020.0	-20074.5	462.977	442.949
-1020.0	-20074.5	460.956	451.497
-1020.0	-20074.5	458.935	437.782
-1020.0	-20074.5	456.913	411.709
-1020.0	-20074.5	454.89	421.495
-1020.0	-20074.5	452.867	433.747
-1020.0	-20074.5	450.843	453.406
-1020.0	-20074.5	448.819	443.412
-1020.0	-20074.5	446.795	453.179
-1020.0	-20074.5	444.77	418.5
-1020.0	-20074.5	442.744	466.529
-1020.0	-20074.5	440.718	428.162
-1020.0	-20074.5	438.691	482.332
-1020.0	-20074.5	436.664	474.812
-1020.0	-20074.5	434.637	472.227
-1020.0	-20074.5	432.608	475.807
-1020.0	-20074.5	430.58	464.596
-1020.0	-20074.5	428.551	450.927
-1020.0	-20074.5	426.521	447.119
-1020.0	-20074.5	424.491	459.321
-1020.0	-20074.5	422.46	425.965
-1020.0	-20074.5	420.429	455.397
-1020.0	-20074.5	418.397	431.903
-1020.0	-20074.5	416.365	434.255
-1020.0	-20074.5	414.332	443.985
-1020.0	-20074.5	412.299	470.923
-1020.0	-20074.5	410.265	451.136
-1020.0	-20074.5	408.231	447.336
-1020.0	-20074.5	406.196	453.366
-1020.0	-20074.5	404.161	466.763
-1020.0	-20074.5	402.125	472.785
-1020.0	-20074.5	400.089	455.478
-1020.0	-20074.5	398.052	455.363
-1020.0	-20074.5	396.015	436.841
-1020.0	-20074.5	393.977	457.586
-1020.0	-20074.5	391.938	445.205
-1020.0	-20074.5	389.899	456.128
-1020.0	-20074.5	387.86	469.496
-1020.0	-20074.5	385.82	464.475
-1020.0	-20074.5	383.78	468.033
-1020.0	-20074.5	381.739	448.315
-1020.0	-20074.5	379.697	462.897
-1020.0	-20074.5	377.655	483.592
-1020.0	-20074.5	375.613	492.036
-1020.0	-20074.5	373.57	442.965
-1020.0	-20074.5	371.526	480.776
-1020.0	-20074.5	369.482	473.315
-1020.0	-20074.5	367.437	465.858
-1020.0	-20074.5	365.392	477.963
-1020.0	-20074.5	363.346	450.955
-1020.0	-20074.5	361.3	464.279
-1020.0	-20074.5	359.254	475.154
-1020.0	-20074.5	357.206	465.263
-1020.0	-20074.5	355.159	473.69
-1020.0	-20074.5	353.11	478.451
-1020.0	-20074.5	351.062	458.805
-1020.0	-20074.5	349.012	457.467
-1020.0	-20074.5	346.962	478.083
-1020.0	-20074.5	344.912	474.303
-1020.0	-20074.5	342.861	476.619
-1020.0	-20074.5	340.81	498.432
-1020.0	-20074.5	338.758	472.719
-1020.0	-20074.5	336.705	475.033
-1020.0	-20074.5	334.652	507.789
-1020.0	-20074.5	332.599	483.311
-1020.0	-20074.5	330.545	500.225
-1020.0	-20074.5	328.49	463.593
-1020.0	-20074.5	326.435	507.266
-1020.0	-20074.5	324.379	497.406
-1020.0	-20074.5	322.323	499.709
-1020.0	-20074.5	320.266	487.425
-1020.0	-20074.5	318.209	499.451
-1020.0	-20074.5	316.151	493.247
-1020.0	-20074.5	314.093	507.694
-1020.0	-20074.5	312.034	519.705
-1020.0	-20074.5	309.975	531.71
-1020.0	-20074.5	307.915	553.417
-1020.0	-20074.5	305.854	572.687
-1020.0	-20074.5	303.793	548.278
-1020.0	-20074.5	301.732	521.456
-1020.0	-20074.5	299.67	550.418
-1020.0	-20074.5	297.607	511.489
-1020.0	-20074.5	295.544	548.919
-1020.0	-20074.5	293.48	524.548
-1020.0	-20074.5	291.416	542.578
-1020.0	-20074.5	289.351	525.485
-1020.0	-20074.5	287.286	487.823
-1020.0	-20074.5	285.22	479.224
-1020.0	-20074.5	283.154	479.099
-1020.0	-20074.5	281.087	487.44
-1020.0	-20074.5	279.019	486.104
-1020.0	-20074.5	276.951	514.99
-1020.0	-20074.5	274.883	488.266
-1020.0	-20074.5	272.814	499.012
-1020.0	-20074.5	270.744	488.01
-1020.0	-20074.5	268.674	451.653
-1020.0	-20074.5	266.603	490.168
-1020.0	-20074.5	264.532	508.144
-1020.0	-20074.5	262.46	491.117
-1020.0	-20074.5	260.388	477.718
-1020.0	-20074.5	258.315	478.798
-1020.0	-20074.5	256.241	465.409
-1020.0	-20074.5	254.167	462.875
-1020.0	-20074.5	252.093	485.65
-1020.0	-20074.5	250.018	473.474
-1020.0	-20074.5	247.942	509.482
-1020.0	-20074.5	245.866	447.936
-1020.0	-20074.5	243.789	485.136
-1020.0	-20074.5	241.712	493.432
-1020.0	-20074.5	239.634	471.644
-1020.0	-20074.5	237.556	479.939
-1020.0	-20074.5	235.477	499.052
-1020.0	-20074.5	233.397	480.886
-1020.0	-20074.5	231.317	481.96
-1020.0	-20074.5	229.237	471.018
-1020.0	-20074.5	227.155	504.528
-1020.0	-20074.5	225.074	473.169
-1020.0	-20074.5	222.991	457.435
-1020.0	-20074.5	220.909	450.111
-1020.0	-20074.5	218.825	437.991
-1020.0	-20074.5	216.741	439.074
-1020.0	-20074.5	214.657	449.75
-1020.0	-20074.5	212.572	460.421
-1020.0	-20074.5	210.486	433.927
-1020.0	-20074.5	208.4	444.596
-1020.0	-20074.5	206.313	456.457
-1020.0	-20074.5	204.226	455.137
-1020.0	-20074.5	202.138	439.448
-1020.0	-20074.5	200.05	454.892
-1020.0	-20074.5	197.961	430.835
-1020.0	-20074.5	195.871	469.005
-1020.0	-20074.5	193.781	444.956
-1020.0	-20074.5	191.691	465.165
-1020.0	-20074.5	189.599	443.521
-1020.0	-20074.5	187.508	449.377
-1020.0	-20074.5	185.415	437.307
-1020.0	-20074.5	183.322	450.329
-1020.0	-20074.5	181.229	447.819
-1020.0	-20074.5	179.135	464.411
-1020.0	-20074.5	177.04	452.35
-1020.0	-20074.5	174.945	476.092
-1020.0	-20074.5	172.849	454.491
-1020.0	-20074.5	170.753	453.175
-1020.0	-20074.5	168.656	455.436
-1020.0	-20074.5	166.558	438.626
-1020.0	-20074.5	164.46	448.039
-1020.0	-20074.5	162.362	459.83
-1020.0	-20074.5	160.263	438.267
-1020.0	-20074.5	158.163	445.292
-1020.0	-20074.5	156.063	458.263
-1020.0	-20074.5	153.962	461.708
-1020.0	-20074.5	151.86	458.013
-1020.0	-20074.5	149.758	447.184
-1020.0	-20074.5	147.656	461.329
-1020.0	-20074.5	145.552	448.128
-1020.0	-20074.5	143.449	449.193
-1020.0	-20074.5	141.344	458.574
-1020.0	-20074.5	139.239	486.952
-1020.0	-20074.5	137.134	452.385
-1020.0	-20074.5	135.028	497.368
-1020.0	-20074.5	132.921	478.244
-1020.0	-20074.5	130.814	479.298
-1020.0	-20074.5	128.706	474.422
-1020.0	-20074.5	126.598	492.077
-1020.0	-20074.5	124.489	461.121
-1020.0	-20074.5	122.379	459.808
-1020.0	-20074.5	120.269	471.529
-1020.0	-20074.5	118.158	447.71
-1020.0	-20074.5	116.047	449.954
-1020.0	-20074.5	113.935	449.829
-1020.0	-20074.5	111.822	437.87
-1020.0	-20074.5	109.709	463.777
-1020.0	-20074.5	107.596	439.992
-1020.0	-20074.5	105.481	432.775
-1020.0	-20074.5	103.367	439.748
-1020.0	-20074.5	101.251	424.262
-1020.0	-20074.5	99.1351	425.325
-1020.0	-20074.5	97.0184	413.395
-1020.0	-20074.5	94.9012	427.449
-1020.0	-20074.5	92.7834	416.705
-1020.0	-20074.5	90.665	405.968
-1020.0	-20074.5	88.546	396.415
-1020.0	-20074.5	86.4265	401.022
-1020.0	-20074.5	84.3063	391.477
-1020.0	-20074.5	82.1855	409.049
-1020.0	-20074.5	80.0641	390.078
-1020.0	-20074.5	77.9422	353.446
