-1014.0	-20054.5	1979.41	412.215
-1014.0	-20054.5	1977.72	418.057
-1014.0	-20054.5	1976.02	451.959
-1014.0	-20054.5	1974.33	450.409
-1014.0	-20054.5	1972.64	422.281
-1014.0	-20054.5	1970.94	417.783
-1014.0	-20054.5	1969.25	453.139
-1014.0	-20054.5	1967.56	433.88
-1014.0	-20054.5	1965.86	413.151
-1014.0	-20054.5	1964.17	449.965
-1014.0	-20054.5	1962.47	435.14
-1014.0	-20054.5	1960.78	427.694
-1014.0	-20054.5	1959.08	426.149
-1014.0	-20054.5	1957.39	454.09
-1014.0	-20054.5	1955.69	430.429
-1014.0	-20054.5	1953.99	450.991
-1014.0	-20054.5	1952.3	440.601
-1014.0	-20054.5	1950.6	444.948
-1014.0	-20054.5	1948.9	416.885
-1014.0	-20054.5	1947.21	441.853
-1014.0	-20054.5	1945.51	446.197
-1014.0	-20054.5	1943.81	432.871
-1014.0	-20054.5	1942.11	432.798
-1014.0	-20054.5	1940.41	440.084
-1014.0	-20054.5	1938.71	442.953
-1014.0	-20054.5	1937.01	451.707
-1014.0	-20054.5	1935.32	425.15
-1014.0	-20054.5	1933.62	448.612
-1014.0	-20054.5	1931.92	469.125
-1014.0	-20054.5	1930.22	449.93
-1014.0	-20054.5	1928.51	427.802
-1014.0	-20054.5	1926.81	449.777
-1014.0	-20054.5	1925.11	429.126
-1014.0	-20054.5	1923.41	430.522
-1014.0	-20054.5	1921.71	415.758
-1014.0	-20054.5	1920.01	421.562
-1014.0	-20054.5	1918.31	434.707
-1014.0	-20054.5	1916.6	408.202
-1014.0	-20054.5	1914.9	431.622
-1014.0	-20054.5	1913.2	437.419
-1014.0	-20054.5	1911.49	435.876
-1014.0	-20054.5	1909.79	426.996
-1014.0	-20054.5	1908.09	419.587
-1014.0	-20054.5	1906.38	423.915
-1014.0	-20054.5	1904.68	441.441
-1014.0	-20054.5	1902.97	450.162
-1014.0	-20054.5	1901.27	414.898
-1014.0	-20054.5	1899.56	438.279
-1014.0	-20054.5	1897.85	430.875
-1014.0	-20054.5	1896.15	408.82
-1014.0	-20054.5	1894.44	435.12
-1014.0	-20054.5	1892.74	427.72
-1014.0	-20054.5	1891.03	426.18
-1014.0	-20054.5	1889.32	426.106
-1014.0	-20054.5	1887.61	405.535
-1014.0	-20054.5	1885.91	399.608
-1014.0	-20054.5	1884.2	433.199
-1014.0	-20054.5	1882.49	402.394
-1014.0	-20054.5	1880.78	408.175
-1014.0	-20054.5	1879.07	437.358
-1014.0	-20054.5	1877.36	393.406
-1014.0	-20054.5	1875.65	444.514
-1014.0	-20054.5	1873.94	419.582
-1014.0	-20054.5	1872.23	444.357
-1014.0	-20054.5	1870.52	407.742
-1014.0	-20054.5	1868.81	419.359
-1014.0	-20054.5	1867.1	436.815
-1014.0	-20054.5	1865.39	407.524
-1014.0	-20054.5	1863.68	426.436
-1014.0	-20054.5	1861.96	436.581
-1014.0	-20054.5	1860.25	421.904
-1014.0	-20054.5	1858.54	437.885
-1014.0	-20054.5	1856.82	412.997
-1014.0	-20054.5	1855.11	437.727
-1014.0	-20054.5	1853.4	430.355
-1014.0	-20054.5	1851.68	427.36
-1014.0	-20054.5	1849.97	411.242
-1014.0	-20054.5	1848.25	403.877
-1014.0	-20054.5	1846.54	421.298
-1014.0	-20054.5	1844.82	409.562
-1014.0	-20054.5	1843.11	405.116
-1014.0	-20054.5	1841.39	429.811
-1014.0	-20054.5	1839.68	406.426
-1014.0	-20054.5	1837.96	422.373
-1014.0	-20054.5	1836.24	422.296
-1014.0	-20054.5	1834.53	403.292
-1014.0	-20054.5	1832.81	410.497
-1014.0	-20054.5	1831.09	440.986
-1014.0	-20054.5	1829.37	403.072
-1014.0	-20054.5	1827.65	398.634
-1014.0	-20054.5	1825.94	402.924
-1014.0	-20054.5	1824.22	418.848
-1014.0	-20054.5	1822.5	453.669
-1014.0	-20054.5	1820.78	408.518
-1014.0	-20054.5	1819.06	431.7
-1014.0	-20054.5	1817.34	408.368
-1014.0	-20054.5	1815.62	419.917
-1014.0	-20054.5	1813.9	431.461
-1014.0	-20054.5	1812.18	393.618
-1014.0	-20054.5	1810.45	432.754
-1014.0	-20054.5	1808.73	418.155
-1014.0	-20054.5	1807.01	397.754
-1014.0	-20054.5	1805.29	402.035
-1014.0	-20054.5	1803.56	415.02
-1014.0	-20054.5	1801.84	426.55
-1014.0	-20054.5	1800.12	372.8
-1014.0	-20054.5	1798.39	420.591
-1014.0	-20054.5	1796.67	410.362
-1014.0	-20054.5	1794.95	414.635
-1014.0	-20054.5	1793.22	407.31
-1014.0	-20054.5	1791.5	401.437
-1014.0	-20054.5	1789.77	424.545
-1014.0	-20054.5	1788.04	409.979
-1014.0	-20054.5	1786.32	424.386
-1014.0	-20054.5	1784.59	396.792
-1014.0	-20054.5	1782.87	408.301
-1014.0	-20054.5	1781.14	390.853
-1014.0	-20054.5	1779.41	409.595
-1014.0	-20054.5	1777.68	409.518
-1014.0	-20054.5	1775.96	406.547
-1014.0	-20054.5	1774.23	394.898
-1014.0	-20054.5	1772.5	389.039
-1014.0	-20054.5	1770.77	406.317
-1014.0	-20054.5	1769.04	417.806
-1014.0	-20054.5	1767.31	403.272
-1014.0	-20054.5	1765.58	429.209
-1014.0	-20054.5	1763.85	436.352
-1014.0	-20054.5	1762.12	395.82
-1014.0	-20054.5	1760.39	418.854
-1014.0	-20054.5	1758.66	397.114
-1014.0	-20054.5	1756.93	424.47
-1014.0	-20054.5	1755.19	415.728
-1014.0	-20054.5	1753.46	443.07
-1014.0	-20054.5	1751.73	438.657
-1014.0	-20054.5	1750.0	415.49
-1014.0	-20054.5	1748.26	432.72
-1014.0	-20054.5	1746.53	393.7
-1014.0	-20054.5	1744.8	392.182
-1014.0	-20054.5	1743.06	389.224
-1014.0	-20054.5	1741.33	422.299
-1014.0	-20054.5	1739.59	394.839
-1014.0	-20054.5	1737.86	413.493
-1014.0	-20054.5	1736.12	388.925
-1014.0	-20054.5	1734.39	406.133
-1014.0	-20054.5	1732.65	404.614
-1014.0	-20054.5	1730.91	390.14
-1014.0	-20054.5	1729.18	405.898
-1014.0	-20054.5	1727.44	385.672
-1014.0	-20054.5	1725.7	402.863
-1014.0	-20054.5	1723.96	402.786
-1014.0	-20054.5	1722.23	392.64
-1014.0	-20054.5	1720.49	372.432
-1014.0	-20054.5	1718.75	378.111
-1014.0	-20054.5	1717.01	429.784
-1014.0	-20054.5	1715.27	429.701
-1014.0	-20054.5	1713.53	393.696
-1014.0	-20054.5	1711.79	392.183
-1014.0	-20054.5	1710.05	415.087
-1014.0	-20054.5	1708.31	397.774
-1014.0	-20054.5	1706.57	404.875
-1014.0	-20054.5	1704.82	397.619
-1014.0	-20054.5	1703.08	401.847
-1014.0	-20054.5	1701.34	398.898
-1014.0	-20054.5	1699.6	391.647
-1014.0	-20054.5	1697.85	450.378
-1014.0	-20054.5	1696.11	388.626
-1014.0	-20054.5	1694.37	411.49
-1014.0	-20054.5	1692.62	411.409
-1014.0	-20054.5	1690.88	405.596
-1014.0	-20054.5	1689.13	421.278
-1014.0	-20054.5	1687.39	378.216
-1014.0	-20054.5	1685.64	396.762
-1014.0	-20054.5	1683.9	405.277
-1014.0	-20054.5	1682.15	402.333
-1014.0	-20054.5	1680.41	389.37
-1014.0	-20054.5	1678.66	379.275
-1014.0	-20054.5	1676.91	412.112
-1014.0	-20054.5	1675.16	383.417
-1014.0	-20054.5	1673.42	383.341
-1014.0	-20054.5	1671.67	403.286
-1014.0	-20054.5	1669.92	403.207
-1014.0	-20054.5	1668.17	397.409
-1014.0	-20054.5	1666.42	400.188
-1014.0	-20054.5	1664.67	404.396
-1014.0	-20054.5	1662.92	375.742
-1014.0	-20054.5	1661.17	378.524
-1014.0	-20054.5	1659.42	417.007
-1014.0	-20054.5	1657.67	385.512
-1014.0	-20054.5	1655.92	384.008
-1014.0	-20054.5	1654.17	389.64
-1014.0	-20054.5	1652.42	393.843
-1014.0	-20054.5	1650.66	398.045
-1014.0	-20054.5	1648.91	380.849
-1014.0	-20054.5	1647.16	397.886
-1014.0	-20054.5	1645.41	399.232
-1014.0	-20054.5	1643.65	393.45
-1014.0	-20054.5	1641.9	397.647
-1014.0	-20054.5	1640.14	391.867
-1014.0	-20054.5	1638.39	387.515
-1014.0	-20054.5	1636.63	368.92
-1014.0	-20054.5	1634.88	373.118
-1014.0	-20054.5	1633.12	373.043
-1014.0	-20054.5	1631.37	374.391
-1014.0	-20054.5	1629.61	384.279
-1014.0	-20054.5	1627.85	360.011
-1014.0	-20054.5	1626.09	368.474
-1014.0	-20054.5	1624.34	359.866
-1014.0	-20054.5	1622.58	376.858
-1014.0	-20054.5	1620.82	375.36
-1014.0	-20054.5	1619.06	390.921
-1014.0	-20054.5	1617.3	375.209
-1014.0	-20054.5	1615.54	386.5
-1014.0	-20054.5	1613.78	385.001
-1014.0	-20054.5	1612.02	390.605
-1014.0	-20054.5	1610.26	386.265
-1014.0	-20054.5	1608.5	363.47
-1014.0	-20054.5	1606.74	386.109
-1014.0	-20054.5	1604.98	356.226
-1014.0	-20054.5	1603.22	361.83
-1014.0	-20054.5	1601.46	387.292
-1014.0	-20054.5	1599.69	371.611
-1014.0	-20054.5	1597.93	371.536
-1014.0	-20054.5	1596.17	381.384
-1014.0	-20054.5	1594.4	372.802
-1014.0	-20054.5	1592.64	381.229
-1014.0	-20054.5	1590.88	361.314
-1014.0	-20054.5	1589.11	378.24
-1014.0	-20054.5	1587.35	376.746
-1014.0	-20054.5	1585.58	382.333
-1014.0	-20054.5	1583.81	358.187
-1014.0	-20054.5	1582.05	392.085
-1014.0	-20054.5	1580.28	399.081
-1014.0	-20054.5	1578.51	384.85
-1014.0	-20054.5	1576.75	356.479
-1014.0	-20054.5	1574.98	373.378
-1014.0	-20054.5	1573.21	384.613
-1014.0	-20054.5	1571.44	361.915
-1014.0	-20054.5	1569.67	381.628
-1014.0	-20054.5	1567.91	361.766
-1014.0	-20054.5	1566.14	399.838
-1014.0	-20054.5	1564.37	368.68
-1014.0	-20054.5	1562.6	365.779
-1014.0	-20054.5	1560.83	378.412
-1014.0	-20054.5	1559.05	376.922
-1014.0	-20054.5	1557.28	381.078
-1014.0	-20054.5	1555.51	357.011
-1014.0	-20054.5	1553.74	373.867
-1014.0	-20054.5	1551.97	366.737
-1014.0	-20054.5	1550.19	361.02
-1014.0	-20054.5	1548.42	377.865
-1014.0	-20054.5	1546.65	398.931
-1014.0	-20054.5	1544.87	367.843
-1014.0	-20054.5	1543.1	357.903
-1014.0	-20054.5	1541.32	398.683
-1014.0	-20054.5	1539.55	392.967
-1014.0	-20054.5	1537.77	378.803
-1014.0	-20054.5	1536.0	363.238
-1014.0	-20054.5	1534.22	365.977
-1014.0	-20054.5	1532.45	371.531
-1014.0	-20054.5	1530.67	365.825
-1014.0	-20054.5	1528.89	358.715
-1014.0	-20054.5	1527.11	360.047
-1014.0	-20054.5	1525.34	362.784
-1014.0	-20054.5	1523.56	369.738
-1014.0	-20054.5	1521.78	375.283
-1014.0	-20054.5	1520.0	379.421
-1014.0	-20054.5	1518.22	366.697
-1014.0	-20054.5	1516.44	355.383
-1014.0	-20054.5	1514.66	362.33
-1014.0	-20054.5	1512.88	355.234
-1014.0	-20054.5	1511.1	370.602
-1014.0	-20054.5	1509.32	392.98
-1014.0	-20054.5	1507.54	363.43
-1014.0	-20054.5	1505.76	388.607
-1014.0	-20054.5	1503.97	361.876
-1014.0	-20054.5	1502.19	363.202
-1014.0	-20054.5	1500.41	365.93
-1014.0	-20054.5	1498.62	409.307
-1014.0	-20054.5	1496.84	367.178
-1014.0	-20054.5	1495.06	354.49
-1014.0	-20054.5	1493.27	348.812
-1014.0	-20054.5	1491.49	347.338
-1014.0	-20054.5	1489.7	358.467
-1014.0	-20054.5	1487.91	358.392
-1014.0	-20054.5	1486.13	366.715
-1014.0	-20054.5	1484.34	334.452
-1014.0	-20054.5	1482.55	362.363
-1014.0	-20054.5	1480.77	353.894
-1014.0	-20054.5	1478.98	370.601
-1014.0	-20054.5	1477.19	383.106
-1014.0	-20054.5	1475.4	363.455
-1014.0	-20054.5	1473.61	359.185
-1014.0	-20054.5	1471.83	368.891
-1014.0	-20054.5	1470.04	336.681
-1014.0	-20054.5	1468.25	367.338
-1014.0	-20054.5	1466.46	337.935
-1014.0	-20054.5	1464.67	375.559
-1014.0	-20054.5	1462.87	376.875
-1014.0	-20054.5	1461.08	361.445
-1014.0	-20054.5	1459.29	369.739
-1014.0	-20054.5	1457.5	375.241
-1014.0	-20054.5	1455.71	372.372
-1014.0	-20054.5	1453.91	382.053
-1014.0	-20054.5	1452.12	352.697
-1014.0	-20054.5	1450.33	360.984
-1014.0	-20054.5	1448.53	370.662
-1014.0	-20054.5	1446.74	370.583
-1014.0	-20054.5	1444.94	334.29
-1014.0	-20054.5	1443.15	371.818
-1014.0	-20054.5	1441.35	371.739
-1014.0	-20054.5	1439.56	384.188
-1014.0	-20054.5	1437.76	353.489
-1014.0	-20054.5	1435.96	342.282
-1014.0	-20054.5	1434.17	376.986
-1014.0	-20054.5	1432.37	351.872
-1014.0	-20054.5	1430.57	360.14
-1014.0	-20054.5	1428.77	346.161
-1014.0	-20054.5	1426.97	366.935
-1014.0	-20054.5	1425.17	333.506
-1014.0	-20054.5	1423.37	365.389
-1014.0	-20054.5	1421.58	333.364
-1014.0	-20054.5	1419.77	349.957
-1014.0	-20054.5	1417.97	372.097
-1014.0	-20054.5	1416.17	351.195
-1014.0	-20054.5	1414.37	370.55
-1014.0	-20054.5	1412.57	349.657
-1014.0	-20054.5	1410.77	345.421
-1014.0	-20054.5	1408.97	361.99
-1014.0	-20054.5	1407.16	335.566
-1014.0	-20054.5	1405.36	331.335
-1014.0	-20054.5	1403.56	374.231
-1014.0	-20054.5	1401.75	342.278
-1014.0	-20054.5	1399.95	356.059
-1014.0	-20054.5	1398.14	355.983
-1014.0	-20054.5	1396.34	329.594
-1014.0	-20054.5	1394.53	371.06
-1014.0	-20054.5	1392.73	334.989
-1014.0	-20054.5	1390.92	368.132
-1014.0	-20054.5	1389.11	355.6
-1014.0	-20054.5	1387.3	367.974
-1014.0	-20054.5	1385.5	358.213
-1014.0	-20054.5	1383.69	351.222
-1014.0	-20054.5	1381.88	358.058
-1014.0	-20054.5	1380.07	340.013
-1014.0	-20054.5	1378.26	338.558
-1014.0	-20054.5	1376.45	332.958
-1014.0	-20054.5	1374.64	356.368
-1014.0	-20054.5	1372.83	350.767
-1014.0	-20054.5	1371.02	389.35
-1014.0	-20054.5	1369.21	354.757
-1014.0	-20054.5	1367.4	342.259
-1014.0	-20054.5	1365.59	357.363
-1014.0	-20054.5	1363.78	332.455
-1014.0	-20054.5	1361.96	347.554
-1014.0	-20054.5	1360.15	321.28
-1014.0	-20054.5	1358.34	355.675
-1014.0	-20054.5	1356.52	329.41
-1014.0	-20054.5	1354.71	330.717
-1014.0	-20054.5	1352.89	327.89
-1014.0	-20054.5	1351.08	349.857
-1014.0	-20054.5	1349.26	362.174
-1014.0	-20054.5	1347.45	364.849
-1014.0	-20054.5	1345.63	360.641
-1014.0	-20054.5	1343.81	344.048
-1014.0	-20054.5	1342.0	330.214
-1014.0	-20054.5	1340.18	375.537
-1014.0	-20054.5	1338.36	339.698
-1014.0	-20054.5	1336.54	335.499
-1014.0	-20054.5	1334.73	350.547
-1014.0	-20054.5	1332.91	343.599
-1014.0	-20054.5	1331.09	358.639
-1014.0	-20054.5	1329.27	359.935
-1014.0	-20054.5	1327.45	368.098
-1014.0	-20054.5	1325.63	321.329
-1014.0	-20054.5	1323.81	356.954
-1014.0	-20054.5	1321.98	329.424
-1014.0	-20054.5	1320.16	340.331
-1014.0	-20054.5	1318.34	349.86
-1014.0	-20054.5	1316.52	348.412
-1014.0	-20054.5	1314.7	363.422
-1014.0	-20054.5	1312.87	345.518
-1014.0	-20054.5	1311.05	350.926
-1014.0	-20054.5	1309.22	334.403
-1014.0	-20054.5	1307.4	335.7
-1014.0	-20054.5	1305.57	357.545
-1014.0	-20054.5	1303.75	343.771
-1014.0	-20054.5	1301.92	343.695
-1014.0	-20054.5	1300.1	332.668
-1014.0	-20054.5	1298.27	365.444
-1014.0	-20054.5	1296.44	348.943
-1014.0	-20054.5	1294.62	370.756
-1014.0	-20054.5	1292.79	321.434
-1014.0	-20054.5	1290.96	341.876
-1014.0	-20054.5	1289.13	337.7
-1014.0	-20054.5	1287.3	336.259
-1014.0	-20054.5	1285.47	333.452
-1014.0	-20054.5	1283.64	363.437
-1014.0	-20054.5	1281.81	330.573
-1014.0	-20054.5	1279.98	338.695
-1014.0	-20054.5	1278.15	331.793
-1014.0	-20054.5	1276.32	320.799
-1014.0	-20054.5	1274.49	345.295
-1014.0	-20054.5	1272.66	337.032
-1014.0	-20054.5	1270.82	346.508
-1014.0	-20054.5	1268.99	327.337
-1014.0	-20054.5	1267.16	357.264
-1014.0	-20054.5	1265.32	342.189
-1014.0	-20054.5	1263.49	336.662
-1014.0	-20054.5	1261.66	336.587
-1014.0	-20054.5	1259.82	356.949
-1014.0	-20054.5	1257.98	340.525
-1014.0	-20054.5	1256.15	345.898
-1014.0	-20054.5	1254.31	355.352
-1014.0	-20054.5	1252.48	344.384
-1014.0	-20054.5	1250.64	329.338
-1014.0	-20054.5	1248.8	344.232
-1014.0	-20054.5	1246.96	327.832
-1014.0	-20054.5	1245.13	337.28
-1014.0	-20054.5	1243.29	337.205
-1014.0	-20054.5	1241.45	331.693
-1014.0	-20054.5	1239.61	343.852
-1014.0	-20054.5	1237.77	368.234
-1014.0	-20054.5	1235.93	332.832
-1014.0	-20054.5	1234.09	334.116
-1014.0	-20054.5	1232.25	340.832
-1014.0	-20054.5	1230.41	366.55
-1014.0	-20054.5	1228.56	336.609
-1014.0	-20054.5	1226.72	348.747
-1014.0	-20054.5	1224.88	360.88
-1014.0	-20054.5	1223.04	339.098
-1014.0	-20054.5	1221.19	360.72
-1014.0	-20054.5	1219.35	334.88
-1014.0	-20054.5	1217.5	368.693
-1014.0	-20054.5	1215.66	330.666
-1014.0	-20054.5	1213.81	344.142
-1014.0	-20054.5	1211.97	354.902
-1014.0	-20054.5	1210.12	326.383
-1014.0	-20054.5	1208.28	330.373
-1014.0	-20054.5	1206.43	346.543
-1014.0	-20054.5	1204.58	322.106
-1014.0	-20054.5	1202.73	347.743
-1014.0	-20054.5	1200.89	338.196
-1014.0	-20054.5	1199.04	351.645
-1014.0	-20054.5	1197.19	355.624
-1014.0	-20054.5	1195.34	342.026
-1014.0	-20054.5	1193.49	355.465
-1014.0	-20054.5	1191.64	339.171
-1014.0	-20054.5	1189.79	339.095
-1014.0	-20054.5	1187.94	332.267
-1014.0	-20054.5	1186.09	360.55
-1014.0	-20054.5	1184.23	356.42
-1014.0	-20054.5	1182.38	321.246
-1014.0	-20054.5	1180.53	348.164
-1014.0	-20054.5	1178.68	331.896
-1014.0	-20054.5	1176.82	326.427
-1014.0	-20054.5	1174.97	318.263
-1014.0	-20054.5	1173.12	323.585
-1014.0	-20054.5	1171.26	345.08
-1014.0	-20054.5	1169.41	358.48
-1014.0	-20054.5	1167.55	367.831
-1014.0	-20054.5	1165.69	305.784
-1014.0	-20054.5	1163.84	332.651
-1014.0	-20054.5	1161.98	342.002
-1014.0	-20054.5	1160.12	331.156
-1014.0	-20054.5	1158.27	337.811
-1014.0	-20054.5	1156.41	336.39
-1014.0	-20054.5	1154.55	347.077
-1014.0	-20054.5	1152.69	336.24
-1014.0	-20054.5	1150.83	356.334
-1014.0	-20054.5	1148.97	349.533
-1014.0	-20054.5	1147.11	366.927
-1014.0	-20054.5	1145.25	338.626
-1014.0	-20054.5	1143.39	341.237
-1014.0	-20054.5	1141.53	341.161
-1014.0	-20054.5	1139.67	328.999
-1014.0	-20054.5	1137.81	338.323
-1014.0	-20054.5	1135.94	336.905
-1014.0	-20054.5	1134.08	324.751
-1014.0	-20054.5	1132.22	340.778
-1014.0	-20054.5	1130.35	350.091
-1014.0	-20054.5	1128.49	333.92
-1014.0	-20054.5	1126.62	351.275
-1014.0	-20054.5	1124.76	383.367
-1014.0	-20054.5	1122.89	349.777
-1014.0	-20054.5	1121.03	329.601
-1014.0	-20054.5	1119.16	324.169
-1014.0	-20054.5	1117.3	344.184
-1014.0	-20054.5	1115.43	328.04
-1014.0	-20054.5	1113.56	333.32
-1014.0	-20054.5	1111.69	341.275
-1014.0	-20054.5	1109.82	310.424
-1014.0	-20054.5	1107.96	343.797
-1014.0	-20054.5	1106.09	342.383
-1014.0	-20054.5	1104.22	343.643
-1014.0	-20054.5	1102.35	354.26
-1014.0	-20054.5	1100.48	339.478
-1014.0	-20054.5	1098.61	339.402
-1014.0	-20054.5	1096.73	340.661
-1014.0	-20054.5	1094.86	356.612
-1014.0	-20054.5	1092.99	340.508
-1014.0	-20054.5	1091.12	357.786
-1014.0	-20054.5	1089.24	321.668
-1014.0	-20054.5	1087.37	337.608
-1014.0	-20054.5	1085.5	336.198
-1014.0	-20054.5	1083.62	349.46
-1014.0	-20054.5	1081.75	352.049
-1014.0	-20054.5	1079.87	349.303
-1014.0	-20054.5	1078.0	345.225
-1014.0	-20054.5	1076.12	342.482
-1014.0	-20054.5	1074.24	351.731
-1014.0	-20054.5	1072.37	358.311
-1014.0	-20054.5	1070.49	344.913
-1014.0	-20054.5	1068.61	352.823
-1014.0	-20054.5	1066.73	372.71
-1014.0	-20054.5	1064.86	326.048
-1014.0	-20054.5	1062.98	335.287
-1014.0	-20054.5	1061.1	335.212
-1014.0	-20054.5	1059.22	329.816
-1014.0	-20054.5	1057.34	355.004
-1014.0	-20054.5	1055.46	410.754
-1014.0	-20054.5	1053.58	381.423
-1014.0	-20054.5	1051.69	357.42
-1014.0	-20054.5	1049.81	353.354
-1014.0	-20054.5	1047.93	346.633
-1014.0	-20054.5	1046.05	338.588
-1014.0	-20054.5	1044.16	337.184
-1014.0	-20054.5	1042.28	353.033
-1014.0	-20054.5	1040.4	368.876
-1014.0	-20054.5	1038.51	400.63
-1014.0	-20054.5	1036.63	342.183
-1014.0	-20054.5	1034.74	375.255
-1014.0	-20054.5	1032.86	384.449
-1014.0	-20054.5	1030.97	417.497
-1014.0	-20054.5	1029.08	386.925
-1014.0	-20054.5	1027.2	400.085
-1014.0	-20054.5	1025.31	403.967
-1014.0	-20054.5	1023.42	398.579
-1014.0	-20054.5	1021.53	446.148
-1014.0	-20054.5	1019.64	420.898
-1014.0	-20054.5	1017.75	416.833
-1014.0	-20054.5	1015.86	419.384
-1014.0	-20054.5	1013.97	420.611
-1014.0	-20054.5	1012.08	448.285
-1014.0	-20054.5	1010.19	444.217
-1014.0	-20054.5	1008.3	458.655
-1014.0	-20054.5	1006.41	458.551
-1014.0	-20054.5	1004.52	434.665
-1014.0	-20054.5	1002.62	472.871
-1014.0	-20054.5	1000.73	491.251
-1014.0	-20054.5	998.837	493.78
-1014.0	-20054.5	996.943	524.026
-1014.0	-20054.5	995.049	531.825
-1014.0	-20054.5	993.154	535.662
-1014.0	-20054.5	991.258	592.259
-1014.0	-20054.5	989.363	619.818
-1014.0	-20054.5	987.467	671.096
-1014.0	-20054.5	985.57	710.488
-1014.0	-20054.5	983.673	760.404
-1014.0	-20054.5	981.776	760.23
-1014.0	-20054.5	979.878	740.298
-1014.0	-20054.5	977.979	738.812
-1014.0	-20054.5	976.081	736.009
-1014.0	-20054.5	974.181	771.382
-1014.0	-20054.5	972.282	730.408
-1014.0	-20054.5	970.382	764.451
-1014.0	-20054.5	968.481	740.598
-1014.0	-20054.5	966.58	754.895
-1014.0	-20054.5	964.679	736.314
-1014.0	-20054.5	962.777	742.718
-1014.0	-20054.5	960.875	683.407
-1014.0	-20054.5	958.972	712.157
-1014.0	-20054.5	957.069	747.462
-1014.0	-20054.5	955.166	714.458
-1014.0	-20054.5	953.262	720.859
-1014.0	-20054.5	951.357	707.566
-1014.0	-20054.5	949.452	689.03
-1014.0	-20054.5	947.547	696.745
-1014.0	-20054.5	945.641	718.886
-1014.0	-20054.5	943.735	695.113
-1014.0	-20054.5	941.829	702.821
-1014.0	-20054.5	939.922	690.861
-1014.0	-20054.5	938.014	664.49
-1014.0	-20054.5	936.106	619.786
-1014.0	-20054.5	934.198	609.163
-1014.0	-20054.5	932.289	560.563
-1014.0	-20054.5	930.38	548.65
-1014.0	-20054.5	928.47	500.086
-1014.0	-20054.5	926.56	427.986
-1014.0	-20054.5	924.649	450.132
-1014.0	-20054.5	922.738	444.795
-1014.0	-20054.5	920.827	439.461
-1014.0	-20054.5	918.915	409.285
-1014.0	-20054.5	917.003	411.805
-1014.0	-20054.5	915.09	389.491
-1014.0	-20054.5	913.177	405.082
-1014.0	-20054.5	911.263	384.086
-1014.0	-20054.5	909.349	374.855
-1014.0	-20054.5	907.435	400.885
-1014.0	-20054.5	905.52	377.293
-1014.0	-20054.5	903.604	399.394
-1014.0	-20054.5	901.688	396.692
-1014.0	-20054.5	899.772	404.429
-1014.0	-20054.5	897.855	412.161
-1014.0	-20054.5	895.938	419.89
-1014.0	-20054.5	894.021	405.452
-1014.0	-20054.5	892.103	388.414
-1014.0	-20054.5	890.184	405.265
-1014.0	-20054.5	888.265	424.713
-1014.0	-20054.5	886.346	419.405
-1014.0	-20054.5	884.426	402.379
-1014.0	-20054.5	882.506	408.796
-1014.0	-20054.5	880.585	408.701
-1014.0	-20054.5	878.664	389.087
-1014.0	-20054.5	876.742	381.191
-1014.0	-20054.5	874.82	382.404
-1014.0	-20054.5	872.898	400.521
-1014.0	-20054.5	870.975	390.027
-1014.0	-20054.5	869.051	435.429
-1014.0	-20054.5	867.127	404.141
-1014.0	-20054.5	865.203	397.551
-1014.0	-20054.5	863.278	402.655
-1014.0	-20054.5	861.353	372.694
-1014.0	-20054.5	859.428	414.152
-1014.0	-20054.5	857.502	421.844
-1014.0	-20054.5	855.575	412.662
-1014.0	-20054.5	853.648	416.459
-1014.0	-20054.5	851.721	421.55
-1014.0	-20054.5	849.793	386.44
-1014.0	-20054.5	847.865	390.239
-1014.0	-20054.5	845.936	378.483
-1014.0	-20054.5	844.007	403.017
-1014.0	-20054.5	842.077	397.741
-1014.0	-20054.5	840.147	422.258
-1014.0	-20054.5	838.216	435.11
-1014.0	-20054.5	836.285	397.463
-1014.0	-20054.5	834.354	390.899
-1014.0	-20054.5	832.422	389.514
-1014.0	-20054.5	830.49	390.717
-1014.0	-20054.5	828.557	407.441
-1014.0	-20054.5	826.624	431.916
-1014.0	-20054.5	824.69	422.765
-1014.0	-20054.5	822.756	418.789
-1014.0	-20054.5	820.821	412.23
-1014.0	-20054.5	818.886	439.265
-1014.0	-20054.5	816.951	393.955
-1014.0	-20054.5	815.015	431.312
-1014.0	-20054.5	813.078	422.174
-1014.0	-20054.5	811.141	424.657
-1014.0	-20054.5	809.204	427.138
-1014.0	-20054.5	807.266	408.977
-1014.0	-20054.5	805.328	395.983
-1014.0	-20054.5	803.389	413.944
-1014.0	-20054.5	801.45	420.293
-1014.0	-20054.5	799.511	411.172
-1014.0	-20054.5	797.571	405.922
-1014.0	-20054.5	795.63	408.403
-1014.0	-20054.5	793.689	395.427
-1014.0	-20054.5	791.748	423.665
-1014.0	-20054.5	789.806	433.865
-1014.0	-20054.5	787.864	396.437
-1014.0	-20054.5	785.921	386.049
-1014.0	-20054.5	783.978	391.105
-1014.0	-20054.5	782.034	379.437
-1014.0	-20054.5	780.09	362.631
-1014.0	-20054.5	778.145	408.828
-1014.0	-20054.5	776.2	402.306
-1014.0	-20054.5	774.255	377.796
-1014.0	-20054.5	772.309	384.131
-1014.0	-20054.5	770.362	402.023
-1014.0	-20054.5	768.416	380.098
-1014.0	-20054.5	766.468	373.59
-1014.0	-20054.5	764.52	388.904
-1014.0	-20054.5	762.572	405.495
-1014.0	-20054.5	760.624	404.116
-1014.0	-20054.5	758.674	402.739
-1014.0	-20054.5	756.725	419.314
-1014.0	-20054.5	754.775	380.755
-1014.0	-20054.5	752.824	378.102
-1014.0	-20054.5	750.873	397.234
-1014.0	-20054.5	748.922	389.454
-1014.0	-20054.5	746.97	376.554
-1014.0	-20054.5	745.017	386.709
-1014.0	-20054.5	743.065	405.821
-1014.0	-20054.5	741.111	359.649
-1014.0	-20054.5	739.158	374.919
-1014.0	-20054.5	737.203	382.507
-1014.0	-20054.5	735.249	391.369
-1014.0	-20054.5	733.294	410.457
-1014.0	-20054.5	731.338	388.628
-1014.0	-20054.5	729.382	373.199
-1014.0	-20054.5	727.425	378.222
-1014.0	-20054.5	725.468	392.185
-1014.0	-20054.5	723.511	399.755
-1014.0	-20054.5	721.553	397.107
-1014.0	-20054.5	719.595	399.566
-1014.0	-20054.5	717.636	380.327
-1014.0	-20054.5	715.676	396.825
-1014.0	-20054.5	713.717	381.423
-1014.0	-20054.5	711.756	376.231
-1014.0	-20054.5	709.796	385.067
-1014.0	-20054.5	707.835	402.822
-1014.0	-20054.5	705.873	387.433
-1014.0	-20054.5	703.911	382.245
-1014.0	-20054.5	701.948	385.976
-1014.0	-20054.5	699.985	397.346
-1014.0	-20054.5	698.022	407.438
-1014.0	-20054.5	696.058	386.974
-1014.0	-20054.5	694.093	388.155
-1014.0	-20054.5	692.129	394.424
-1014.0	-20054.5	690.163	400.69
-1014.0	-20054.5	688.197	405.682
-1014.0	-20054.5	686.231	413.214
-1014.0	-20054.5	684.264	404.218
-1014.0	-20054.5	682.297	425.726
-1014.0	-20054.5	680.329	400.214
-1014.0	-20054.5	678.361	405.199
-1014.0	-20054.5	676.393	398.753
-1014.0	-20054.5	674.423	410.085
-1014.0	-20054.5	672.454	383.331
-1014.0	-20054.5	670.484	407.351
-1014.0	-20054.5	668.513	426.284
-1014.0	-20054.5	666.542	405.888
-1014.0	-20054.5	664.571	428.617
-1014.0	-20054.5	662.599	395.552
-1014.0	-20054.5	660.627	434.75
-1014.0	-20054.5	658.654	420.707
-1014.0	-20054.5	656.68	430.741
-1014.0	-20054.5	654.707	387.574
-1014.0	-20054.5	652.732	434.334
-1014.0	-20054.5	650.758	421.57
-1014.0	-20054.5	648.782	405.016
-1014.0	-20054.5	646.807	408.715
-1014.0	-20054.5	644.83	408.617
-1014.0	-20054.5	642.854	413.578
-1014.0	-20054.5	640.877	397.041
-1014.0	-20054.5	638.899	419.7
-1014.0	-20054.5	636.921	389.267
-1014.0	-20054.5	634.942	427.08
-1014.0	-20054.5	632.963	378.974
-1014.0	-20054.5	630.984	423.086
-1014.0	-20054.5	629.004	430.561
-1014.0	-20054.5	627.023	395.112
-1014.0	-20054.5	625.042	415.209
-1014.0	-20054.5	623.061	426.465
-1014.0	-20054.5	621.079	435.192
-1014.0	-20054.5	619.097	445.176
-1014.0	-20054.5	617.114	419.853
-1014.0	-20054.5	615.131	434.878
-1014.0	-20054.5	613.147	409.569
-1014.0	-20054.5	611.163	409.47
-1014.0	-20054.5	609.178	416.929
-1014.0	-20054.5	607.193	426.903
-1014.0	-20054.5	605.207	416.728
-1014.0	-20054.5	603.221	419.145
-1014.0	-20054.5	601.234	415.268
-1014.0	-20054.5	599.247	420.2
-1014.0	-20054.5	597.259	432.676
-1014.0	-20054.5	595.271	394.848
-1014.0	-20054.5	593.283	375.894
-1014.0	-20054.5	591.294	407.225
-1014.0	-20054.5	589.304	404.613
-1014.0	-20054.5	587.314	409.54
-1014.0	-20054.5	585.323	432.048
-1014.0	-20054.5	583.332	414.365
-1014.0	-20054.5	581.341	414.264
-1014.0	-20054.5	579.349	400.358
-1014.0	-20054.5	577.357	406.535
-1014.0	-20054.5	575.364	403.927
-1014.0	-20054.5	573.37	413.862
-1014.0	-20054.5	571.376	399.97
-1014.0	-20054.5	569.382	398.619
-1014.0	-20054.5	567.387	413.56
-1014.0	-20054.5	565.392	433.506
-1014.0	-20054.5	563.396	425.885
-1014.0	-20054.5	561.399	447.071
-1014.0	-20054.5	559.403	450.718
-1014.0	-20054.5	557.405	450.608
-1014.0	-20054.5	555.408	437.984
-1014.0	-20054.5	553.409	452.89
-1014.0	-20054.5	551.411	479.046
-1014.0	-20054.5	549.411	473.927
-1014.0	-20054.5	547.412	487.564
-1014.0	-20054.5	545.411	507.442
-1014.0	-20054.5	543.411	528.561
-1014.0	-20054.5	541.409	570.906
-1014.0	-20054.5	539.408	580.758
-1014.0	-20054.5	537.406	643.047
-1014.0	-20054.5	535.403	686.582
-1014.0	-20054.5	533.4	786.255
-1014.0	-20054.5	531.396	919.569
-1014.0	-20054.5	529.392	1123.92
-1014.0	-20054.5	527.387	1535.19
-1014.0	-20054.5	525.382	2719.27
-1014.0	-20054.5	523.376	6030.54
-1014.0	-20054.5	521.37	11867.5
-1014.0	-20054.5	519.364	11692.6
-1014.0	-20054.5	517.357	6757.26
-1014.0	-20054.5	515.349	3616.27
-1014.0	-20054.5	513.341	2105.24
-1014.0	-20054.5	511.332	1496.08
-1014.0	-20054.5	509.323	1137.34
-1014.0	-20054.5	507.314	979.064
-1014.0	-20054.5	505.304	820.868
-1014.0	-20054.5	503.293	738.599
-1014.0	-20054.5	501.282	686.205
-1014.0	-20054.5	499.27	622.652
-1014.0	-20054.5	497.258	603.861
-1014.0	-20054.5	495.246	601.227
-1014.0	-20054.5	493.233	526.565
-1014.0	-20054.5	491.219	530.16
-1014.0	-20054.5	489.205	506.444
-1014.0	-20054.5	487.191	506.319
-1014.0	-20054.5	485.176	480.139
-1014.0	-20054.5	483.16	501.107
-1014.0	-20054.5	481.144	482.382
-1014.0	-20054.5	479.128	466.145
-1014.0	-20054.5	477.111	462.312
-1014.0	-20054.5	475.093	447.327
-1014.0	-20054.5	473.075	434.828
-1014.0	-20054.5	471.056	434.72
-1014.0	-20054.5	469.037	446.994
-1014.0	-20054.5	467.018	459.262
-1014.0	-20054.5	464.998	444.297
-1014.0	-20054.5	462.977	420.678
-1014.0	-20054.5	460.956	434.18
-1014.0	-20054.5	458.935	436.545
-1014.0	-20054.5	456.913	412.945
-1014.0	-20054.5	454.89	425.203
-1014.0	-20054.5	452.867	407.796
-1014.0	-20054.5	450.843	453.406
-1014.0	-20054.5	448.819	436.001
-1014.0	-20054.5	446.795	447.005
-1014.0	-20054.5	444.77	458.004
-1014.0	-20054.5	442.744	471.466
-1014.0	-20054.5	440.718	462.711
-1014.0	-20054.5	438.691	447.792
-1014.0	-20054.5	436.664	462.479
-1014.0	-20054.5	434.637	459.897
-1014.0	-20054.5	432.608	442.525
-1014.0	-20054.5	430.58	455.97
-1014.0	-20054.5	428.551	432.446
-1014.0	-20054.5	426.521	444.655
-1014.0	-20054.5	424.491	482.718
-1014.0	-20054.5	422.46	481.365
-1014.0	-20054.5	420.429	432.012
-1014.0	-20054.5	418.397	472.51
-1014.0	-20054.5	416.365	471.161
-1014.0	-20054.5	414.332	469.812
-1014.0	-20054.5	412.299	469.694
-1014.0	-20054.5	410.265	453.595
-1014.0	-20054.5	408.231	457.167
-1014.0	-20054.5	406.196	441.08
-1014.0	-20054.5	404.161	461.85
-1014.0	-20054.5	402.125	454.365
-1014.0	-20054.5	400.089	472.666
-1014.0	-20054.5	398.052	451.681
-1014.0	-20054.5	396.015	456.475
-1014.0	-20054.5	393.977	437.957
-1014.0	-20054.5	391.938	455.017
-1014.0	-20054.5	389.899	462.259
-1014.0	-20054.5	387.86	448.657
-1014.0	-20054.5	385.82	450.994
-1014.0	-20054.5	383.78	437.402
-1014.0	-20054.5	381.739	478.938
-1014.0	-20054.5	379.697	435.956
-1014.0	-20054.5	377.655	462.779
-1014.0	-20054.5	375.613	473.677
-1014.0	-20054.5	373.57	476.004
-1014.0	-20054.5	371.526	451.415
-1014.0	-20054.5	369.482	461.085
-1014.0	-20054.5	367.437	459.744
-1014.0	-20054.5	365.392	446.181
-1014.0	-20054.5	363.346	463.176
-1014.0	-20054.5	361.3	443.509
-1014.0	-20054.5	359.254	473.933
-1014.0	-20054.5	357.206	494.571
-1014.0	-20054.5	355.159	471.248
-1014.0	-20054.5	353.11	474.789
-1014.0	-20054.5	351.062	461.245
-1014.0	-20054.5	349.012	456.247
-1014.0	-20054.5	346.962	461.009
-1014.0	-20054.5	344.912	484.057
-1014.0	-20054.5	342.861	500.998
-1014.0	-20054.5	340.81	466.747
-1014.0	-20054.5	338.758	465.409
-1014.0	-20054.5	336.705	500.612
-1014.0	-20054.5	334.652	493.177
-1014.0	-20054.5	332.599	473.571
-1014.0	-20054.5	330.545	496.574
-1014.0	-20054.5	328.49	500.096
-1014.0	-20054.5	326.435	499.967
-1014.0	-20054.5	324.379	522.945
-1014.0	-20054.5	322.323	488.766
-1014.0	-20054.5	320.266	514.166
-1014.0	-20054.5	318.209	520.109
-1014.0	-20054.5	316.151	498.106
-1014.0	-20054.5	314.093	493.119
-1014.0	-20054.5	312.034	540.348
-1014.0	-20054.5	309.975	517.143
-1014.0	-20054.5	307.915	541.281
-1014.0	-20054.5	305.854	525.367
-1014.0	-20054.5	303.793	556.769
-1014.0	-20054.5	301.732	563.9
-1014.0	-20054.5	299.67	560.117
-1014.0	-20054.5	297.607	539.366
-1014.0	-20054.5	295.544	518.626
-1014.0	-20054.5	293.48	546.353
-1014.0	-20054.5	291.416	507.455
-1014.0	-20054.5	289.351	502.48
-1014.0	-20054.5	287.286	475.718
-1014.0	-20054.5	285.22	502.217
-1014.0	-20054.5	283.154	496.037
-1014.0	-20054.5	281.087	532.193
-1014.0	-20054.5	279.019	513.916
-1014.0	-20054.5	276.951	496.856
-1014.0	-20054.5	274.883	489.475
-1014.0	-20054.5	272.814	503.845
-1014.0	-20054.5	270.744	469.891
-1014.0	-20054.5	268.674	473.39
-1014.0	-20054.5	266.603	509.485
-1014.0	-20054.5	264.532	510.558
-1014.0	-20054.5	262.46	504.39
-1014.0	-20054.5	260.388	490.988
-1014.0	-20054.5	258.315	471.562
-1014.0	-20054.5	256.241	473.849
-1014.0	-20054.5	254.167	495.421
-1014.0	-20054.5	252.093	491.675
-1014.0	-20054.5	250.018	492.75
-1014.0	-20054.5	247.942	476.962
-1014.0	-20054.5	245.866	494.898
-1014.0	-20054.5	243.789	462.264
-1014.0	-20054.5	241.712	493.432
-1014.0	-20054.5	239.634	484.879
-1014.0	-20054.5	237.556	481.142
-1014.0	-20054.5	235.477	491.837
-1014.0	-20054.5	233.397	500.122
-1014.0	-20054.5	231.317	486.768
-1014.0	-20054.5	229.237	459.002
-1014.0	-20054.5	227.155	464.886
-1014.0	-20054.5	225.074	429.935
-1014.0	-20054.5	222.991	468.24
-1014.0	-20054.5	220.909	451.311
-1014.0	-20054.5	218.825	464.39
-1014.0	-20054.5	216.741	453.47
-1014.0	-20054.5	214.657	462.943
-1014.0	-20054.5	212.572	477.207
-1014.0	-20054.5	210.486	451.907
-1014.0	-20054.5	208.4	445.794
-1014.0	-20054.5	206.313	446.873
-1014.0	-20054.5	204.226	450.346
-1014.0	-20054.5	202.138	434.659
-1014.0	-20054.5	200.05	474.046
-1014.0	-20054.5	197.961	430.835
-1014.0	-20054.5	195.871	448.666
-1014.0	-20054.5	193.781	440.172
-1014.0	-20054.5	191.691	432.878
-1014.0	-20054.5	189.599	418.416
-1014.0	-20054.5	187.508	454.158
-1014.0	-20054.5	185.415	446.866
-1014.0	-20054.5	183.322	455.107
-1014.0	-20054.5	181.229	437.071
-1014.0	-20054.5	179.135	438.147
-1014.0	-20054.5	177.04	473.834
-1014.0	-20054.5	174.945	478.478
-1014.0	-20054.5	172.849	438.983
-1014.0	-20054.5	170.753	455.56
-1014.0	-20054.5	168.656	456.629
-1014.0	-20054.5	166.558	444.585
-1014.0	-20054.5	164.46	459.955
-1014.0	-20054.5	162.362	433.622
-1014.0	-20054.5	160.263	466.85
-1014.0	-20054.5	158.163	452.435
-1014.0	-20054.5	156.063	485.64
-1014.0	-20054.5	153.962	448.618
-1014.0	-20054.5	151.86	446.116
-1014.0	-20054.5	149.758	423.397
-1014.0	-20054.5	147.656	438.738
-1014.0	-20054.5	145.552	440.996
-1014.0	-20054.5	143.449	453.946
-1014.0	-20054.5	141.344	446.694
-1014.0	-20054.5	139.239	460.823
-1014.0	-20054.5	137.134	451.198
-1014.0	-20054.5	135.028	487.872
-1014.0	-20054.5	132.921	454.51
-1014.0	-20054.5	130.814	443.707
-1014.0	-20054.5	128.706	437.654
-1014.0	-20054.5	126.598	474.291
-1014.0	-20054.5	124.489	463.492
-1014.0	-20054.5	122.379	456.253
-1014.0	-20054.5	120.269	449.018
-1014.0	-20054.5	118.158	451.263
-1014.0	-20054.5	116.047	462.979
-1014.0	-20054.5	113.935	451.013
-1014.0	-20054.5	111.822	424.852
-1014.0	-20054.5	109.709	447.213
-1014.0	-20054.5	107.596	430.53
-1014.0	-20054.5	105.481	423.316
-1014.0	-20054.5	103.367	404.284
-1014.0	-20054.5	101.251	414.807
-1014.0	-20054.5	99.1351	435.958
-1014.0	-20054.5	97.0184	452.372
-1014.0	-20054.5	94.9012	427.449
-1014.0	-20054.5	92.7834	421.427
-1014.0	-20054.5	90.665	398.887
-1014.0	-20054.5	88.546	394.056
-1014.0	-20054.5	86.4265	429.33
-1014.0	-20054.5	84.3063	386.76
-1014.0	-20054.5	82.1855	409.049
-1014.0	-20054.5	80.0641	390.078
-1014.0	-20054.5	77.9422	386.434
