-1008.0	-20076.5	1979.41	410.738
-1008.0	-20076.5	1977.72	453.51
-1008.0	-20076.5	1976.02	451.959
-1008.0	-20076.5	1974.33	413.49
-1008.0	-20076.5	1972.64	448.859
-1008.0	-20076.5	1970.94	426.641
-1008.0	-20076.5	1969.25	432.475
-1008.0	-20076.5	1967.56	438.307
-1008.0	-20076.5	1965.86	408.724
-1008.0	-20076.5	1964.17	439.638
-1008.0	-20076.5	1962.47	452.841
-1008.0	-20076.5	1960.78	415.896
-1008.0	-20076.5	1959.08	433.522
-1008.0	-20076.5	1957.39	442.295
-1008.0	-20076.5	1955.69	445.17
-1008.0	-20076.5	1953.99	436.253
-1008.0	-20076.5	1952.3	433.233
-1008.0	-20076.5	1950.6	406.641
-1008.0	-20076.5	1948.9	472.862
-1008.0	-20076.5	1947.21	468.364
-1008.0	-20076.5	1945.51	456.505
-1008.0	-20076.5	1943.81	434.343
-1008.0	-20076.5	1942.11	454.88
-1008.0	-20076.5	1940.41	413.591
-1008.0	-20076.5	1938.71	434.124
-1008.0	-20076.5	1937.01	404.623
-1008.0	-20076.5	1935.32	433.977
-1008.0	-20076.5	1933.62	432.433
-1008.0	-20076.5	1931.92	422.065
-1008.0	-20076.5	1930.22	436.697
-1008.0	-20076.5	1928.51	426.332
-1008.0	-20076.5	1926.81	471.825
-1008.0	-20076.5	1925.11	430.596
-1008.0	-20076.5	1923.41	418.767
-1008.0	-20076.5	1921.71	423.103
-1008.0	-20076.5	1920.01	442.126
-1008.0	-20076.5	1918.31	422.958
-1008.0	-20076.5	1916.6	389.113
-1008.0	-20076.5	1914.9	411.068
-1008.0	-20076.5	1913.2	441.822
-1008.0	-20076.5	1911.49	462.292
-1008.0	-20076.5	1909.79	421.127
-1008.0	-20076.5	1908.09	409.318
-1008.0	-20076.5	1906.38	441.517
-1008.0	-20076.5	1904.68	413.576
-1008.0	-20076.5	1902.97	428.167
-1008.0	-20076.5	1901.27	397.305
-1008.0	-20076.5	1899.56	417.758
-1008.0	-20076.5	1897.85	417.685
-1008.0	-20076.5	1896.15	424.939
-1008.0	-20076.5	1894.44	402.889
-1008.0	-20076.5	1892.74	429.185
-1008.0	-20076.5	1891.03	436.432
-1008.0	-20076.5	1889.32	455.391
-1008.0	-20076.5	1887.61	452.383
-1008.0	-20076.5	1885.91	418.637
-1008.0	-20076.5	1884.2	425.881
-1008.0	-20076.5	1882.49	431.659
-1008.0	-20076.5	1880.78	412.564
-1008.0	-20076.5	1879.07	441.746
-1008.0	-20076.5	1877.36	408.031
-1008.0	-20076.5	1875.65	416.732
-1008.0	-20076.5	1873.94	390.343
-1008.0	-20076.5	1872.23	453.127
-1008.0	-20076.5	1870.52	423.818
-1008.0	-20076.5	1868.81	435.432
-1008.0	-20076.5	1867.1	423.667
-1008.0	-20076.5	1865.39	406.063
-1008.0	-20076.5	1863.68	407.451
-1008.0	-20076.5	1861.96	424.9
-1008.0	-20076.5	1860.25	411.685
-1008.0	-20076.5	1858.54	436.425
-1008.0	-20076.5	1856.82	449.481
-1008.0	-20076.5	1855.11	411.464
-1008.0	-20076.5	1853.4	417.225
-1008.0	-20076.5	1851.68	437.57
-1008.0	-20076.5	1849.97	417.075
-1008.0	-20076.5	1848.25	409.71
-1008.0	-20076.5	1846.54	434.418
-1008.0	-20076.5	1844.82	419.764
-1008.0	-20076.5	1843.11	425.517
-1008.0	-20076.5	1841.39	410.87
-1008.0	-20076.5	1839.68	402.056
-1008.0	-20076.5	1837.96	419.46
-1008.0	-20076.5	1836.24	432.49
-1008.0	-20076.5	1834.53	441.146
-1008.0	-20076.5	1832.81	419.231
-1008.0	-20076.5	1831.09	427.887
-1008.0	-20076.5	1829.37	407.437
-1008.0	-20076.5	1827.65	402.998
-1008.0	-20076.5	1825.94	417.47
-1008.0	-20076.5	1824.22	426.12
-1008.0	-20076.5	1822.5	382.42
-1008.0	-20076.5	1820.78	417.241
-1008.0	-20076.5	1819.06	443.328
-1008.0	-20076.5	1817.34	389.476
-1008.0	-20076.5	1815.62	431.541
-1008.0	-20076.5	1813.9	399.501
-1008.0	-20076.5	1812.18	409.595
-1008.0	-20076.5	1810.45	426.945
-1008.0	-20076.5	1808.73	419.607
-1008.0	-20076.5	1807.01	423.884
-1008.0	-20076.5	1805.29	396.229
-1008.0	-20076.5	1803.56	416.472
-1008.0	-20076.5	1801.84	432.354
-1008.0	-20076.5	1800.12	407.613
-1008.0	-20076.5	1798.39	390.134
-1008.0	-20076.5	1796.67	413.262
-1008.0	-20076.5	1794.95	404.486
-1008.0	-20076.5	1793.22	401.512
-1008.0	-20076.5	1791.5	404.335
-1008.0	-20076.5	1789.77	427.443
-1008.0	-20076.5	1788.04	404.184
-1008.0	-20076.5	1786.32	430.18
-1008.0	-20076.5	1784.59	461.959
-1008.0	-20076.5	1782.87	401.061
-1008.0	-20076.5	1781.14	393.748
-1008.0	-20076.5	1779.41	419.726
-1008.0	-20076.5	1777.68	418.2
-1008.0	-20076.5	1775.96	448.504
-1008.0	-20076.5	1774.23	438.294
-1008.0	-20076.5	1772.5	381.807
-1008.0	-20076.5	1770.77	394.749
-1008.0	-20076.5	1769.04	396.12
-1008.0	-20076.5	1767.31	429.29
-1008.0	-20076.5	1765.58	417.647
-1008.0	-20076.5	1763.85	423.348
-1008.0	-20076.5	1762.12	403.043
-1008.0	-20076.5	1760.39	415.965
-1008.0	-20076.5	1758.66	428.883
-1008.0	-20076.5	1756.93	388.376
-1008.0	-20076.5	1755.19	375.31
-1008.0	-20076.5	1753.46	385.341
-1008.0	-20076.5	1751.73	385.268
-1008.0	-20076.5	1750.0	429.917
-1008.0	-20076.5	1748.26	418.296
-1008.0	-20076.5	1746.53	395.142
-1008.0	-20076.5	1744.8	392.182
-1008.0	-20076.5	1743.06	406.523
-1008.0	-20076.5	1741.33	422.299
-1008.0	-20076.5	1739.59	402.044
-1008.0	-20076.5	1737.86	380.356
-1008.0	-20076.5	1736.12	410.532
-1008.0	-20076.5	1734.39	400.372
-1008.0	-20076.5	1732.65	398.855
-1008.0	-20076.5	1730.91	401.657
-1008.0	-20076.5	1729.18	421.731
-1008.0	-20076.5	1727.44	382.794
-1008.0	-20076.5	1725.7	418.69
-1008.0	-20076.5	1723.96	414.294
-1008.0	-20076.5	1722.23	422.843
-1008.0	-20076.5	1720.49	425.637
-1008.0	-20076.5	1718.75	391.05
-1008.0	-20076.5	1717.01	395.286
-1008.0	-20076.5	1715.27	396.647
-1008.0	-20076.5	1713.53	422.433
-1008.0	-20076.5	1711.79	412.295
-1008.0	-20076.5	1710.05	405.033
-1008.0	-20076.5	1708.31	410.698
-1008.0	-20076.5	1706.57	393.389
-1008.0	-20076.5	1704.82	401.925
-1008.0	-20076.5	1703.08	403.282
-1008.0	-20076.5	1701.34	394.594
-1008.0	-20076.5	1699.6	362.955
-1008.0	-20076.5	1697.85	377.228
-1008.0	-20076.5	1696.11	361.379
-1008.0	-20076.5	1694.37	381.381
-1008.0	-20076.5	1692.62	385.607
-1008.0	-20076.5	1690.88	392.697
-1008.0	-20076.5	1689.13	394.053
-1008.0	-20076.5	1687.39	426.926
-1008.0	-20076.5	1685.64	392.465
-1008.0	-20076.5	1683.9	408.141
-1008.0	-20076.5	1682.15	403.765
-1008.0	-20076.5	1680.41	399.391
-1008.0	-20076.5	1678.66	402.174
-1008.0	-20076.5	1676.91	397.802
-1008.0	-20076.5	1675.16	413.461
-1008.0	-20076.5	1673.42	401.936
-1008.0	-20076.5	1671.67	388.986
-1008.0	-20076.5	1669.92	416.075
-1008.0	-20076.5	1668.17	400.268
-1008.0	-20076.5	1666.42	403.047
-1008.0	-20076.5	1664.67	395.822
-1008.0	-20076.5	1662.92	372.884
-1008.0	-20076.5	1661.17	387.094
-1008.0	-20076.5	1659.42	395.586
-1008.0	-20076.5	1657.67	384.084
-1008.0	-20076.5	1655.92	386.863
-1008.0	-20076.5	1654.17	383.931
-1008.0	-20076.5	1652.42	383.855
-1008.0	-20076.5	1650.66	383.778
-1008.0	-20076.5	1648.91	406.524
-1008.0	-20076.5	1647.16	400.738
-1008.0	-20076.5	1645.41	416.342
-1008.0	-20076.5	1643.65	394.875
-1008.0	-20076.5	1641.9	376.268
-1008.0	-20076.5	1640.14	394.717
-1008.0	-20076.5	1638.39	418.858
-1008.0	-20076.5	1636.63	370.344
-1008.0	-20076.5	1634.88	377.39
-1008.0	-20076.5	1633.12	367.347
-1008.0	-20076.5	1631.37	375.815
-1008.0	-20076.5	1629.61	377.162
-1008.0	-20076.5	1627.85	379.932
-1008.0	-20076.5	1626.09	378.433
-1008.0	-20076.5	1624.34	388.314
-1008.0	-20076.5	1622.58	410.989
-1008.0	-20076.5	1620.82	378.204
-1008.0	-20076.5	1619.06	378.128
-1008.0	-20076.5	1617.3	370.945
-1008.0	-20076.5	1615.54	372.291
-1008.0	-20076.5	1613.78	393.525
-1008.0	-20076.5	1612.02	386.344
-1008.0	-20076.5	1610.26	389.106
-1008.0	-20076.5	1608.5	381.928
-1008.0	-20076.5	1606.74	349.201
-1008.0	-20076.5	1604.98	391.707
-1008.0	-20076.5	1603.22	377.438
-1008.0	-20076.5	1601.46	400.06
-1008.0	-20076.5	1599.69	378.703
-1008.0	-20076.5	1597.93	388.552
-1008.0	-20076.5	1596.17	362.953
-1008.0	-20076.5	1594.4	357.209
-1008.0	-20076.5	1592.64	391.149
-1008.0	-20076.5	1590.88	415.157
-1008.0	-20076.5	1589.11	372.573
-1008.0	-20076.5	1587.35	389.493
-1008.0	-20076.5	1585.58	366.757
-1008.0	-20076.5	1583.81	359.603
-1008.0	-20076.5	1582.05	372.269
-1008.0	-20076.5	1580.28	382.099
-1008.0	-20076.5	1578.51	391.925
-1008.0	-20076.5	1576.75	345.162
-1008.0	-20076.5	1574.98	381.864
-1008.0	-20076.5	1573.21	369.059
-1008.0	-20076.5	1571.44	361.915
-1008.0	-20076.5	1569.67	422.618
-1008.0	-20076.5	1567.91	397.094
-1008.0	-20076.5	1566.14	398.426
-1008.0	-20076.5	1564.37	389.868
-1008.0	-20076.5	1562.6	398.262
-1008.0	-20076.5	1560.83	369.94
-1008.0	-20076.5	1559.05	398.097
-1008.0	-20076.5	1557.28	385.313
-1008.0	-20076.5	1555.51	361.244
-1008.0	-20076.5	1553.74	383.743
-1008.0	-20076.5	1551.97	370.969
-1008.0	-20076.5	1550.19	372.302
-1008.0	-20076.5	1548.42	342.616
-1008.0	-20076.5	1546.65	349.594
-1008.0	-20076.5	1544.87	355.159
-1008.0	-20076.5	1543.1	374.812
-1008.0	-20076.5	1541.32	367.69
-1008.0	-20076.5	1539.55	370.431
-1008.0	-20076.5	1537.77	343.598
-1008.0	-20076.5	1536.0	382.948
-1008.0	-20076.5	1534.22	382.869
-1008.0	-20076.5	1532.45	357.457
-1008.0	-20076.5	1530.67	401.001
-1008.0	-20076.5	1528.89	379.816
-1008.0	-20076.5	1527.11	365.673
-1008.0	-20076.5	1525.34	378.252
-1008.0	-20076.5	1523.56	359.897
-1008.0	-20076.5	1521.78	347.172
-1008.0	-20076.5	1520.0	355.531
-1008.0	-20076.5	1518.22	386.366
-1008.0	-20076.5	1516.44	376.453
-1008.0	-20076.5	1514.66	352.5
-1008.0	-20076.5	1512.88	360.851
-1008.0	-20076.5	1511.1	363.583
-1008.0	-20076.5	1509.32	369.121
-1008.0	-20076.5	1507.54	352.205
-1008.0	-20076.5	1505.76	370.369
-1008.0	-20076.5	1503.97	359.07
-1008.0	-20076.5	1502.19	361.8
-1008.0	-20076.5	1500.41	368.734
-1008.0	-20076.5	1498.62	377.067
-1008.0	-20076.5	1496.84	350.36
-1008.0	-20076.5	1495.06	362.897
-1008.0	-20076.5	1493.27	334.804
-1008.0	-20076.5	1491.49	382.352
-1008.0	-20076.5	1489.7	344.465
-1008.0	-20076.5	1487.91	384.991
-1008.0	-20076.5	1486.13	391.909
-1008.0	-20076.5	1484.34	373.634
-1008.0	-20076.5	1482.55	373.555
-1008.0	-20076.5	1480.77	365.084
-1008.0	-20076.5	1478.98	362.21
-1008.0	-20076.5	1477.19	360.735
-1008.0	-20076.5	1475.4	367.649
-1008.0	-20076.5	1473.61	388.535
-1008.0	-20076.5	1471.83	335.355
-1008.0	-20076.5	1470.04	381.386
-1008.0	-20076.5	1468.25	363.148
-1008.0	-20076.5	1466.46	351.899
-1008.0	-20076.5	1464.67	351.825
-1008.0	-20076.5	1462.87	347.563
-1008.0	-20076.5	1461.08	334.929
-1008.0	-20076.5	1459.29	344.625
-1008.0	-20076.5	1457.5	371.056
-1008.0	-20076.5	1455.71	398.87
-1008.0	-20076.5	1453.91	379.265
-1008.0	-20076.5	1452.12	354.091
-1008.0	-20076.5	1450.33	366.56
-1008.0	-20076.5	1448.53	374.842
-1008.0	-20076.5	1446.74	363.617
-1008.0	-20076.5	1444.94	330.111
-1008.0	-20076.5	1443.15	371.818
-1008.0	-20076.5	1441.35	352.247
-1008.0	-20076.5	1439.56	382.796
-1008.0	-20076.5	1437.76	378.539
-1008.0	-20076.5	1435.96	343.673
-1008.0	-20076.5	1434.17	349.165
-1008.0	-20076.5	1432.37	382.469
-1008.0	-20076.5	1430.57	355.968
-1008.0	-20076.5	1428.77	361.453
-1008.0	-20076.5	1426.97	344.697
-1008.0	-20076.5	1425.17	373.805
-1008.0	-20076.5	1423.37	369.557
-1008.0	-20076.5	1421.58	347.254
-1008.0	-20076.5	1419.77	340.236
-1008.0	-20076.5	1417.97	373.485
-1008.0	-20076.5	1416.17	365.076
-1008.0	-20076.5	1414.37	353.896
-1008.0	-20076.5	1412.57	389.896
-1008.0	-20076.5	1410.77	371.778
-1008.0	-20076.5	1408.97	370.311
-1008.0	-20076.5	1407.16	377.165
-1008.0	-20076.5	1405.36	368.766
-1008.0	-20076.5	1403.56	360.371
-1008.0	-20076.5	1401.75	354.75
-1008.0	-20076.5	1399.95	351.903
-1008.0	-20076.5	1398.14	347.672
-1008.0	-20076.5	1396.34	347.597
-1008.0	-20076.5	1394.53	359.983
-1008.0	-20076.5	1392.73	337.758
-1008.0	-20076.5	1390.92	361.212
-1008.0	-20076.5	1389.11	352.833
-1008.0	-20076.5	1387.3	354.14
-1008.0	-20076.5	1385.5	345.765
-1008.0	-20076.5	1383.69	348.456
-1008.0	-20076.5	1381.88	364.971
-1008.0	-20076.5	1380.07	349.688
-1008.0	-20076.5	1378.26	345.467
-1008.0	-20076.5	1376.45	363.353
-1008.0	-20076.5	1374.64	381.231
-1008.0	-20076.5	1372.83	345.243
-1008.0	-20076.5	1371.02	343.788
-1008.0	-20076.5	1369.21	368.56
-1008.0	-20076.5	1367.4	367.101
-1008.0	-20076.5	1365.59	362.882
-1008.0	-20076.5	1363.78	350.388
-1008.0	-20076.5	1361.96	372.379
-1008.0	-20076.5	1360.15	352.994
-1008.0	-20076.5	1358.34	343.267
-1008.0	-20076.5	1356.52	339.058
-1008.0	-20076.5	1354.71	352.764
-1008.0	-20076.5	1352.89	370.598
-1008.0	-20076.5	1351.08	351.234
-1008.0	-20076.5	1349.26	340.141
-1008.0	-20076.5	1347.45	344.198
-1008.0	-20076.5	1345.63	342.746
-1008.0	-20076.5	1343.81	333.038
-1008.0	-20076.5	1342.0	342.597
-1008.0	-20076.5	1340.18	339.772
-1008.0	-20076.5	1338.36	346.574
-1008.0	-20076.5	1336.54	350.624
-1008.0	-20076.5	1334.73	346.423
-1008.0	-20076.5	1332.91	344.974
-1008.0	-20076.5	1331.09	358.639
-1008.0	-20076.5	1329.27	315.974
-1008.0	-20076.5	1327.45	320.025
-1008.0	-20076.5	1325.63	341.927
-1008.0	-20076.5	1323.81	361.073
-1008.0	-20076.5	1321.98	333.542
-1008.0	-20076.5	1320.16	333.469
-1008.0	-20076.5	1318.34	327.908
-1008.0	-20076.5	1316.52	353.899
-1008.0	-20076.5	1314.7	345.593
-1008.0	-20076.5	1312.87	334.549
-1008.0	-20076.5	1311.05	344.071
-1008.0	-20076.5	1309.22	331.662
-1008.0	-20076.5	1307.4	334.33
-1008.0	-20076.5	1305.57	352.065
-1008.0	-20076.5	1303.75	367.054
-1008.0	-20076.5	1301.92	345.065
-1008.0	-20076.5	1300.1	336.775
-1008.0	-20076.5	1298.27	338.07
-1008.0	-20076.5	1296.44	362.627
-1008.0	-20076.5	1294.62	343.394
-1008.0	-20076.5	1292.79	339.216
-1008.0	-20076.5	1290.96	336.406
-1008.0	-20076.5	1289.13	347.27
-1008.0	-20076.5	1287.3	334.892
-1008.0	-20076.5	1285.47	338.918
-1008.0	-20076.5	1283.64	352.507
-1008.0	-20076.5	1281.81	319.645
-1008.0	-20076.5	1279.98	337.329
-1008.0	-20076.5	1278.15	352.274
-1008.0	-20076.5	1276.32	342.641
-1008.0	-20076.5	1274.49	324.823
-1008.0	-20076.5	1272.66	330.21
-1008.0	-20076.5	1270.82	320.588
-1008.0	-20076.5	1268.99	331.429
-1008.0	-20076.5	1267.16	354.537
-1008.0	-20076.5	1265.32	351.732
-1008.0	-20076.5	1263.49	353.018
-1008.0	-20076.5	1261.66	343.401
-1008.0	-20076.5	1259.82	350.137
-1008.0	-20076.5	1257.98	326.904
-1008.0	-20076.5	1256.15	360.877
-1008.0	-20076.5	1254.31	345.821
-1008.0	-20076.5	1252.48	340.3
-1008.0	-20076.5	1250.64	364.721
-1008.0	-20076.5	1248.8	341.511
-1008.0	-20076.5	1246.96	326.472
-1008.0	-20076.5	1245.13	325.04
-1008.0	-20076.5	1243.29	349.442
-1008.0	-20076.5	1241.45	339.849
-1008.0	-20076.5	1239.61	345.211
-1008.0	-20076.5	1237.77	343.776
-1008.0	-20076.5	1235.93	339.624
-1008.0	-20076.5	1234.09	327.325
-1008.0	-20076.5	1232.25	357.126
-1008.0	-20076.5	1230.41	339.399
-1008.0	-20076.5	1228.56	343.395
-1008.0	-20076.5	1226.72	359.603
-1008.0	-20076.5	1224.88	345.957
-1008.0	-20076.5	1223.04	362.157
-1008.0	-20076.5	1221.19	356.652
-1008.0	-20076.5	1219.35	322.678
-1008.0	-20076.5	1217.5	317.185
-1008.0	-20076.5	1215.66	322.535
-1008.0	-20076.5	1213.81	331.948
-1008.0	-20076.5	1211.97	330.519
-1008.0	-20076.5	1210.12	320.966
-1008.0	-20076.5	1208.28	334.435
-1008.0	-20076.5	1206.43	346.543
-1008.0	-20076.5	1204.58	319.399
-1008.0	-20076.5	1202.73	334.212
-1008.0	-20076.5	1200.89	346.312
-1008.0	-20076.5	1199.04	352.998
-1008.0	-20076.5	1197.19	351.567
-1008.0	-20076.5	1195.34	331.211
-1008.0	-20076.5	1193.49	320.324
-1008.0	-20076.5	1191.64	336.468
-1008.0	-20076.5	1189.79	332.341
-1008.0	-20076.5	1187.94	367.384
-1008.0	-20076.5	1186.09	352.448
-1008.0	-20076.5	1184.23	353.72
-1008.0	-20076.5	1182.38	352.291
-1008.0	-20076.5	1180.53	352.213
-1008.0	-20076.5	1178.68	325.151
-1008.0	-20076.5	1176.82	315.636
-1008.0	-20076.5	1174.97	349.28
-1008.0	-20076.5	1173.12	315.495
-1008.0	-20076.5	1171.26	341.036
-1008.0	-20076.5	1169.41	331.526
-1008.0	-20076.5	1167.55	331.452
-1008.0	-20076.5	1165.69	338.114
-1008.0	-20076.5	1163.84	329.957
-1008.0	-20076.5	1161.98	325.844
-1008.0	-20076.5	1160.12	340.579
-1008.0	-20076.5	1158.27	323.007
-1008.0	-20076.5	1156.41	371.375
-1008.0	-20076.5	1154.55	364.565
-1008.0	-20076.5	1152.69	334.895
-1008.0	-20076.5	1150.83	367.092
-1008.0	-20076.5	1148.97	338.778
-1008.0	-20076.5	1147.11	342.734
-1008.0	-20076.5	1145.25	329.22
-1008.0	-20076.5	1143.39	341.237
-1008.0	-20076.5	1141.53	329.072
-1008.0	-20076.5	1139.67	324.97
-1008.0	-20076.5	1137.81	359.804
-1008.0	-20076.5	1135.94	326.167
-1008.0	-20076.5	1134.08	342.197
-1008.0	-20076.5	1132.22	342.12
-1008.0	-20076.5	1130.35	316.558
-1008.0	-20076.5	1128.49	323.192
-1008.0	-20076.5	1126.62	344.571
-1008.0	-20076.5	1124.76	368.622
-1008.0	-20076.5	1122.89	322.974
-1008.0	-20076.5	1121.03	320.222
-1008.0	-20076.5	1119.16	338.904
-1008.0	-20076.5	1117.3	341.506
-1008.0	-20076.5	1115.43	321.345
-1008.0	-20076.5	1113.56	327.966
-1008.0	-20076.5	1111.69	345.29
-1008.0	-20076.5	1109.82	342.537
-1008.0	-20076.5	1107.96	358.512
-1008.0	-20076.5	1106.09	330.346
-1008.0	-20076.5	1104.22	335.62
-1008.0	-20076.5	1102.35	340.892
-1008.0	-20076.5	1100.48	330.123
-1008.0	-20076.5	1098.61	359.445
-1008.0	-20076.5	1096.73	352.685
-1008.0	-20076.5	1094.86	357.948
-1008.0	-20076.5	1092.99	329.825
-1008.0	-20076.5	1091.12	361.791
-1008.0	-20076.5	1089.24	372.387
-1008.0	-20076.5	1087.37	344.281
-1008.0	-20076.5	1085.5	341.535
-1008.0	-20076.5	1083.62	348.127
-1008.0	-20076.5	1081.75	336.046
-1008.0	-20076.5	1079.87	345.303
-1008.0	-20076.5	1078.0	355.888
-1008.0	-20076.5	1076.12	339.817
-1008.0	-20076.5	1074.24	341.072
-1008.0	-20076.5	1072.37	339.663
-1008.0	-20076.5	1070.49	322.274
-1008.0	-20076.5	1068.61	324.864
-1008.0	-20076.5	1066.73	356.737
-1008.0	-20076.5	1064.86	360.649
-1008.0	-20076.5	1062.98	323.313
-1008.0	-20076.5	1061.1	365.806
-1008.0	-20076.5	1059.22	361.734
-1008.0	-20076.5	1057.34	341.708
-1008.0	-20076.5	1055.46	402.778
-1008.0	-20076.5	1053.58	353.514
-1008.0	-20076.5	1051.69	328.189
-1008.0	-20076.5	1049.81	356.011
-1008.0	-20076.5	1047.93	326.712
-1008.0	-20076.5	1046.05	361.16
-1008.0	-20076.5	1044.16	365.061
-1008.0	-20076.5	1042.28	341.089
-1008.0	-20076.5	1040.4	367.549
-1008.0	-20076.5	1038.51	348.893
-1008.0	-20076.5	1036.63	351.467
-1008.0	-20076.5	1034.74	361.995
-1008.0	-20076.5	1032.86	353.959
-1008.0	-20076.5	1030.97	339.299
-1008.0	-20076.5	1029.08	394.875
-1008.0	-20076.5	1027.2	398.76
-1008.0	-20076.5	1025.31	401.318
-1008.0	-20076.5	1023.42	405.2
-1008.0	-20076.5	1021.53	403.784
-1008.0	-20076.5	1019.64	414.28
-1008.0	-20076.5	1017.75	398.307
-1008.0	-20076.5	1015.86	432.614
-1008.0	-20076.5	1013.97	415.32
-1008.0	-20076.5	1012.08	424.482
-1008.0	-20076.5	1010.19	469.336
-1008.0	-20076.5	1008.3	429.576
-1008.0	-20076.5	1006.41	455.908
-1008.0	-20076.5	1004.52	475.621
-1008.0	-20076.5	1002.62	439.849
-1008.0	-20076.5	1000.73	454.275
-1008.0	-20076.5	998.837	485.858
-1008.0	-20076.5	996.943	518.747
-1008.0	-20076.5	995.049	512.03
-1008.0	-20076.5	993.154	550.175
-1008.0	-20076.5	991.258	598.854
-1008.0	-20076.5	989.363	648.831
-1008.0	-20076.5	987.467	671.096
-1008.0	-20076.5	985.57	673.579
-1008.0	-20076.5	983.673	697.147
-1008.0	-20076.5	981.776	740.467
-1008.0	-20076.5	979.878	767.96
-1008.0	-20076.5	977.979	723.008
-1008.0	-20076.5	976.081	714.943
-1008.0	-20076.5	974.181	739.79
-1008.0	-20076.5	972.282	693.559
-1008.0	-20076.5	970.382	723.663
-1008.0	-20076.5	968.481	743.229
-1008.0	-20076.5	966.58	698.344
-1008.0	-20076.5	964.679	715.277
-1008.0	-20076.5	962.777	719.056
-1008.0	-20076.5	960.875	699.178
-1008.0	-20076.5	958.972	727.925
-1008.0	-20076.5	957.069	736.953
-1008.0	-20076.5	955.166	688.191
-1008.0	-20076.5	953.262	745.807
-1008.0	-20076.5	951.357	731.196
-1008.0	-20076.5	949.452	704.779
-1008.0	-20076.5	947.547	709.866
-1008.0	-20076.5	945.641	735.94
-1008.0	-20076.5	943.735	708.229
-1008.0	-20076.5	941.829	714.622
-1008.0	-20076.5	939.922	681.685
-1008.0	-20076.5	938.014	650.073
-1008.0	-20076.5	936.106	631.579
-1008.0	-20076.5	934.198	562.002
-1008.0	-20076.5	932.289	557.944
-1008.0	-20076.5	930.38	521.152
-1008.0	-20076.5	928.47	497.468
-1008.0	-20076.5	926.56	471.177
-1008.0	-20076.5	924.649	444.898
-1008.0	-20076.5	922.738	436.946
-1008.0	-20076.5	920.827	408.071
-1008.0	-20076.5	918.915	418.438
-1008.0	-20076.5	917.003	415.727
-1008.0	-20076.5	915.09	423.474
-1008.0	-20076.5	913.177	403.775
-1008.0	-20076.5	911.263	419.359
-1008.0	-20076.5	909.349	414.038
-1008.0	-20076.5	907.435	386.521
-1008.0	-20076.5	905.52	403.403
-1008.0	-20076.5	903.604	399.394
-1008.0	-20076.5	901.688	401.912
-1008.0	-20076.5	899.772	403.124
-1008.0	-20076.5	897.855	416.074
-1008.0	-20076.5	895.938	419.89
-1008.0	-20076.5	894.021	384.593
-1008.0	-20076.5	892.103	417.089
-1008.0	-20076.5	890.184	416.993
-1008.0	-20076.5	888.265	422.108
-1008.0	-20076.5	886.346	410.288
-1008.0	-20076.5	884.426	394.566
-1008.0	-20076.5	882.506	394.475
-1008.0	-20076.5	880.585	365.749
-1008.0	-20076.5	878.664	408.607
-1008.0	-20076.5	876.742	387.696
-1008.0	-20076.5	874.82	385.005
-1008.0	-20076.5	872.898	397.92
-1008.0	-20076.5	870.975	383.527
-1008.0	-20076.5	869.051	387.337
-1008.0	-20076.5	867.127	417.136
-1008.0	-20076.5	865.203	400.15
-1008.0	-20076.5	863.278	420.839
-1008.0	-20076.5	861.353	386.978
-1008.0	-20076.5	859.428	394.678
-1008.0	-20076.5	857.502	381.607
-1008.0	-20076.5	855.575	407.472
-1008.0	-20076.5	853.648	421.648
-1008.0	-20076.5	851.721	403.391
-1008.0	-20076.5	849.793	377.362
-1008.0	-20076.5	847.865	361.717
-1008.0	-20076.5	845.936	372.002
-1008.0	-20076.5	844.007	400.425
-1008.0	-20076.5	842.077	373.125
-1008.0	-20076.5	840.147	410.601
-1008.0	-20076.5	838.216	419.57
-1008.0	-20076.5	836.285	394.874
-1008.0	-20076.5	834.354	403.842
-1008.0	-20076.5	832.422	423.159
-1008.0	-20076.5	830.49	385.542
-1008.0	-20076.5	828.557	400.973
-1008.0	-20076.5	826.624	422.864
-1008.0	-20076.5	824.69	425.351
-1008.0	-20076.5	822.756	405.863
-1008.0	-20076.5	820.821	426.445
-1008.0	-20076.5	818.886	436.681
-1008.0	-20076.5	816.951	406.871
-1008.0	-20076.5	815.015	423.564
-1008.0	-20076.5	813.078	405.39
-1008.0	-20076.5	811.141	407.877
-1008.0	-20076.5	809.204	431.01
-1008.0	-20076.5	807.266	416.718
-1008.0	-20076.5	805.328	407.591
-1008.0	-20076.5	803.389	392.021
-1008.0	-20076.5	801.45	390.641
-1008.0	-20076.5	799.511	416.328
-1008.0	-20076.5	797.571	385.303
-1008.0	-20076.5	795.63	421.287
-1008.0	-20076.5	793.689	412.172
-1008.0	-20076.5	791.748	426.24
-1008.0	-20076.5	789.806	419.703
-1008.0	-20076.5	787.864	422.179
-1008.0	-20076.5	785.921	387.336
-1008.0	-20076.5	783.978	409.116
-1008.0	-20076.5	782.034	371.72
-1008.0	-20076.5	780.09	378.062
-1008.0	-20076.5	778.145	401.115
-1008.0	-20076.5	776.2	393.309
-1008.0	-20076.5	774.255	393.216
-1008.0	-20076.5	772.309	387.985
-1008.0	-20076.5	770.362	403.307
-1008.0	-20076.5	768.416	407.065
-1008.0	-20076.5	766.468	372.306
-1008.0	-20076.5	764.52	381.203
-1008.0	-20076.5	762.572	391.379
-1008.0	-20076.5	760.624	397.702
-1008.0	-20076.5	758.674	392.478
-1008.0	-20076.5	756.725	397.515
-1008.0	-20076.5	754.775	420.497
-1008.0	-20076.5	752.824	399.891
-1008.0	-20076.5	750.873	371.606
-1008.0	-20076.5	748.922	397.14
-1008.0	-20076.5	746.97	381.677
-1008.0	-20076.5	745.017	387.99
-1008.0	-20076.5	743.065	385.338
-1008.0	-20076.5	741.111	367.329
-1008.0	-20076.5	739.158	405.63
-1008.0	-20076.5	737.203	378.669
-1008.0	-20076.5	735.249	392.648
-1008.0	-20076.5	733.294	396.392
-1008.0	-20076.5	731.338	374.565
-1008.0	-20076.5	729.382	357.862
-1008.0	-20076.5	727.425	384.611
-1008.0	-20076.5	725.468	350.028
-1008.0	-20076.5	723.511	389.538
-1008.0	-20076.5	721.553	414.983
-1008.0	-20076.5	719.595	393.183
-1008.0	-20076.5	717.636	384.156
-1008.0	-20076.5	715.676	375.133
-1008.0	-20076.5	713.717	369.942
-1008.0	-20076.5	711.756	380.057
-1008.0	-20076.5	709.796	357.016
-1008.0	-20076.5	707.835	390.075
-1008.0	-20076.5	705.873	393.806
-1008.0	-20076.5	703.911	366.955
-1008.0	-20076.5	701.948	378.333
-1008.0	-20076.5	699.985	399.893
-1008.0	-20076.5	698.022	399.798
-1008.0	-20076.5	696.058	412.433
-1008.0	-20076.5	694.093	393.245
-1008.0	-20076.5	692.129	413.509
-1008.0	-20076.5	690.163	393.058
-1008.0	-20076.5	688.197	396.78
-1008.0	-20076.5	686.231	427.2
-1008.0	-20076.5	684.264	400.404
-1008.0	-20076.5	682.297	405.392
-1008.0	-20076.5	680.329	423.083
-1008.0	-20076.5	678.361	406.47
-1008.0	-20076.5	676.393	377.165
-1008.0	-20076.5	674.423	413.894
-1008.0	-20076.5	672.454	394.755
-1008.0	-20076.5	670.484	393.392
-1008.0	-20076.5	668.513	425.016
-1008.0	-20076.5	666.542	414.767
-1008.0	-20076.5	664.571	417.204
-1008.0	-20076.5	662.599	423.444
-1008.0	-20076.5	660.627	411.935
-1008.0	-20076.5	658.654	396.63
-1008.0	-20076.5	656.68	428.208
-1008.0	-20076.5	654.707	386.308
-1008.0	-20076.5	652.732	412.807
-1008.0	-20076.5	650.758	416.506
-1008.0	-20076.5	648.782	387.296
-1008.0	-20076.5	646.807	387.203
-1008.0	-20076.5	644.83	398.496
-1008.0	-20076.5	642.854	416.107
-1008.0	-20076.5	640.877	434.975
-1008.0	-20076.5	638.899	403.266
-1008.0	-20076.5	636.921	410.753
-1008.0	-20076.5	634.942	411.918
-1008.0	-20076.5	632.963	425.715
-1008.0	-20076.5	630.984	424.349
-1008.0	-20076.5	629.004	419.197
-1008.0	-20076.5	627.023	415.309
-1008.0	-20076.5	625.042	429.092
-1008.0	-20076.5	623.061	389.875
-1008.0	-20076.5	621.079	407.441
-1008.0	-20076.5	619.097	441.393
-1008.0	-20076.5	617.114	452.634
-1008.0	-20076.5	615.131	434.878
-1008.0	-20076.5	613.147	454.936
-1008.0	-20076.5	611.163	425.849
-1008.0	-20076.5	609.178	415.669
-1008.0	-20076.5	607.193	372.753
-1008.0	-20076.5	605.207	420.505
-1008.0	-20076.5	603.221	414.11
-1008.0	-20076.5	601.234	395.134
-1008.0	-20076.5	599.247	401.329
-1008.0	-20076.5	597.259	420.099
-1008.0	-20076.5	595.271	428.799
-1008.0	-20076.5	593.283	407.324
-1008.0	-20076.5	591.294	414.766
-1008.0	-20076.5	589.304	395.817
-1008.0	-20076.5	587.314	419.591
-1008.0	-20076.5	585.323	404.417
-1008.0	-20076.5	583.332	367.906
-1008.0	-20076.5	581.341	406.732
-1008.0	-20076.5	579.349	384.043
-1008.0	-20076.5	577.357	402.771
-1008.0	-20076.5	575.364	418.98
-1008.0	-20076.5	573.37	428.912
-1008.0	-20076.5	571.376	382.416
-1008.0	-20076.5	569.382	402.379
-1008.0	-20076.5	567.387	418.573
-1008.0	-20076.5	565.392	437.265
-1008.0	-20076.5	563.396	418.37
-1008.0	-20076.5	561.399	448.323
-1008.0	-20076.5	559.403	444.458
-1008.0	-20076.5	557.405	454.363
-1008.0	-20076.5	555.408	446.744
-1008.0	-20076.5	553.409	431.622
-1008.0	-20076.5	551.411	464.037
-1008.0	-20076.5	549.411	472.677
-1008.0	-20076.5	547.412	488.814
-1008.0	-20076.5	545.411	512.442
-1008.0	-20076.5	543.411	539.807
-1008.0	-20076.5	541.409	584.647
-1008.0	-20076.5	539.408	578.26
-1008.0	-20076.5	537.406	626.815
-1008.0	-20076.5	535.403	705.306
-1008.0	-20076.5	533.4	792.495
-1008.0	-20076.5	531.396	887.128
-1008.0	-20076.5	529.392	1137.64
-1008.0	-20076.5	527.387	1546.41
-1008.0	-20076.5	525.382	2680.62
-1008.0	-20076.5	523.376	5971.96
-1008.0	-20076.5	521.37	11995.8
-1008.0	-20076.5	519.364	11662.7
-1008.0	-20076.5	517.357	6774.69
-1008.0	-20076.5	515.349	3666.08
-1008.0	-20076.5	513.341	2126.4
-1008.0	-20076.5	511.332	1507.28
-1008.0	-20076.5	509.323	1156.0
-1008.0	-20076.5	507.314	952.939
-1008.0	-20076.5	505.304	834.549
-1008.0	-20076.5	503.293	764.711
-1008.0	-20076.5	501.282	689.935
-1008.0	-20076.5	499.27	623.895
-1008.0	-20076.5	497.258	612.559
-1008.0	-20076.5	495.246	578.868
-1008.0	-20076.5	493.233	545.193
-1008.0	-20076.5	491.219	576.099
-1008.0	-20076.5	489.205	517.616
-1008.0	-20076.5	487.191	495.15
-1008.0	-20076.5	485.176	487.583
-1008.0	-20076.5	483.16	452.733
-1008.0	-20076.5	481.144	467.501
-1008.0	-20076.5	479.128	462.426
-1008.0	-20076.5	477.111	462.312
-1008.0	-20076.5	475.093	460.958
-1008.0	-20076.5	473.075	464.56
-1008.0	-20076.5	471.056	454.536
-1008.0	-20076.5	469.037	472.997
-1008.0	-20076.5	467.018	458.024
-1008.0	-20076.5	464.998	424.495
-1008.0	-20076.5	462.977	463.983
-1008.0	-20076.5	460.956	436.654
-1008.0	-20076.5	458.935	431.598
-1008.0	-20076.5	456.913	440.145
-1008.0	-20076.5	454.89	454.868
-1008.0	-20076.5	452.867	454.755
-1008.0	-20076.5	450.843	457.112
-1008.0	-20076.5	448.819	448.352
-1008.0	-20076.5	446.795	435.892
-1008.0	-20076.5	444.77	474.053
-1008.0	-20076.5	442.744	460.358
-1008.0	-20076.5	440.718	463.945
-1008.0	-20076.5	438.691	473.697
-1008.0	-20076.5	436.664	455.079
-1008.0	-20076.5	434.637	450.034
-1008.0	-20076.5	432.608	451.153
-1008.0	-20076.5	430.58	453.505
-1008.0	-20076.5	428.551	450.927
-1008.0	-20076.5	426.521	445.887
-1008.0	-20076.5	424.491	463.015
-1008.0	-20076.5	422.46	446.894
-1008.0	-20076.5	420.429	455.397
-1008.0	-20076.5	418.397	471.279
-1008.0	-20076.5	416.365	441.636
-1008.0	-20076.5	414.332	455.054
-1008.0	-20076.5	412.299	463.546
-1008.0	-20076.5	410.265	457.283
-1008.0	-20076.5	408.231	454.709
-1008.0	-20076.5	406.196	445.994
-1008.0	-20076.5	404.161	443.425
-1008.0	-20076.5	402.125	459.277
-1008.0	-20076.5	400.089	439.518
-1008.0	-20076.5	398.052	460.272
-1008.0	-20076.5	396.015	446.658
-1008.0	-20076.5	393.977	453.905
-1008.0	-20076.5	391.938	441.526
-1008.0	-20076.5	389.899	461.032
-1008.0	-20076.5	387.86	473.174
-1008.0	-20076.5	385.82	452.22
-1008.0	-20076.5	383.78	466.808
-1008.0	-20076.5	381.739	465.464
-1008.0	-20076.5	379.697	492.287
-1008.0	-20076.5	377.655	479.919
-1008.0	-20076.5	375.613	456.541
-1008.0	-20076.5	373.57	466.214
-1008.0	-20076.5	371.526	462.426
-1008.0	-20076.5	369.482	485.545
-1008.0	-20076.5	367.437	481.753
-1008.0	-20076.5	365.392	470.629
-1008.0	-20076.5	363.346	468.064
-1008.0	-20076.5	361.3	504.598
-1008.0	-20076.5	359.254	476.376
-1008.0	-20076.5	357.206	479.917
-1008.0	-20076.5	355.159	471.248
-1008.0	-20076.5	353.11	462.584
-1008.0	-20076.5	351.062	492.971
-1008.0	-20076.5	349.012	481.866
-1008.0	-20076.5	346.962	484.181
-1008.0	-20076.5	344.912	470.645
-1008.0	-20076.5	342.861	453.458
-1008.0	-20076.5	340.81	449.686
-1008.0	-20076.5	338.758	472.719
-1008.0	-20076.5	336.705	466.507
-1008.0	-20076.5	334.652	487.088
-1008.0	-20076.5	332.599	496.702
-1008.0	-20076.5	330.545	471.015
-1008.0	-20076.5	328.49	486.712
-1008.0	-20076.5	326.435	498.751
-1008.0	-20076.5	324.379	498.622
-1008.0	-20076.5	322.323	504.572
-1008.0	-20076.5	320.266	517.813
-1008.0	-20076.5	318.209	504.311
-1008.0	-20076.5	316.151	540.628
-1008.0	-20076.5	314.093	518.625
-1008.0	-20076.5	312.034	540.348
-1008.0	-20076.5	309.975	546.277
-1008.0	-20076.5	307.915	542.495
-1008.0	-20076.5	305.854	562.98
-1008.0	-20076.5	303.793	538.574
-1008.0	-20076.5	301.732	557.837
-1008.0	-20076.5	299.67	558.904
-1008.0	-20076.5	297.607	517.549
-1008.0	-20076.5	295.544	519.838
-1008.0	-20076.5	293.48	517.279
-1008.0	-20076.5	291.416	514.722
-1008.0	-20076.5	289.351	538.804
-1008.0	-20076.5	287.286	495.086
-1008.0	-20076.5	285.22	504.638
-1008.0	-20076.5	283.154	496.037
-1008.0	-20076.5	281.087	487.44
-1008.0	-20076.5	279.019	487.313
-1008.0	-20076.5	276.951	476.305
-1008.0	-20076.5	274.883	514.855
-1008.0	-20076.5	272.814	485.722
-1008.0	-20076.5	270.744	473.515
-1008.0	-20076.5	268.674	483.051
-1008.0	-20076.5	266.603	491.376
-1008.0	-20076.5	264.532	490.039
-1008.0	-20076.5	262.46	493.53
-1008.0	-20076.5	260.388	499.432
-1008.0	-20076.5	258.315	490.858
-1008.0	-20076.5	256.241	500.375
-1008.0	-20076.5	254.167	482.162
-1008.0	-20076.5	252.093	498.905
-1008.0	-20076.5	250.018	462.631
-1008.0	-20076.5	247.942	476.962
-1008.0	-20076.5	245.866	492.489
-1008.0	-20076.5	243.789	493.563
-1008.0	-20076.5	241.712	500.653
-1008.0	-20076.5	239.634	464.425
-1008.0	-20076.5	237.556	473.925
-1008.0	-20076.5	235.477	499.052
-1008.0	-20076.5	233.397	492.908
-1008.0	-20076.5	231.317	492.777
-1008.0	-20076.5	229.237	473.421
-1008.0	-20076.5	227.155	481.704
-1008.0	-20076.5	225.074	457.557
-1008.0	-20076.5	222.991	465.839
-1008.0	-20076.5	220.909	453.712
-1008.0	-20076.5	218.825	464.39
-1008.0	-20076.5	216.741	447.471
-1008.0	-20076.5	214.657	455.747
-1008.0	-20076.5	212.572	442.436
-1008.0	-20076.5	210.486	466.291
-1008.0	-20076.5	208.4	425.422
-1008.0	-20076.5	206.313	455.259
-1008.0	-20076.5	204.226	438.369
-1008.0	-20076.5	202.138	452.62
-1008.0	-20076.5	200.05	466.863
-1008.0	-20076.5	197.961	448.786
-1008.0	-20076.5	195.871	422.344
-1008.0	-20076.5	193.781	453.329
-1008.0	-20076.5	191.691	447.228
-1008.0	-20076.5	189.599	426.784
-1008.0	-20076.5	187.508	443.401
-1008.0	-20076.5	185.415	437.307
-1008.0	-20076.5	183.322	431.217
-1008.0	-20076.5	181.229	462.149
-1008.0	-20076.5	179.135	450.085
-1008.0	-20076.5	177.04	461.899
-1008.0	-20076.5	174.945	421.204
-1008.0	-20076.5	172.849	453.298
-1008.0	-20076.5	170.753	469.871
-1008.0	-20076.5	168.656	443.514
-1008.0	-20076.5	166.558	446.969
-1008.0	-20076.5	164.46	458.763
-1008.0	-20076.5	162.362	458.638
-1008.0	-20076.5	160.263	456.132
-1008.0	-20076.5	158.163	454.817
-1008.0	-20076.5	156.063	473.737
-1008.0	-20076.5	153.962	461.708
-1008.0	-20076.5	151.86	465.151
-1008.0	-20076.5	149.758	440.048
-1008.0	-20076.5	147.656	466.085
-1008.0	-20076.5	145.552	476.656
-1008.0	-20076.5	143.449	449.193
-1008.0	-20076.5	141.344	453.822
-1008.0	-20076.5	139.239	457.26
-1008.0	-20076.5	137.134	486.819
-1008.0	-20076.5	135.028	460.57
-1008.0	-20076.5	132.921	466.377
-1008.0	-20076.5	130.814	466.248
-1008.0	-20076.5	128.706	438.84
-1008.0	-20076.5	126.598	477.848
-1008.0	-20076.5	124.489	472.975
-1008.0	-20076.5	122.379	462.179
-1008.0	-20076.5	120.269	456.127
-1008.0	-20076.5	118.158	474.951
-1008.0	-20076.5	116.047	452.322
-1008.0	-20076.5	113.935	462.851
-1008.0	-20076.5	111.822	450.888
-1008.0	-20076.5	109.709	450.763
-1008.0	-20076.5	107.596	437.627
-1008.0	-20076.5	105.481	456.424
-1008.0	-20076.5	103.367	417.287
-1008.0	-20076.5	101.251	414.807
-1008.0	-20076.5	99.1351	425.325
-1008.0	-20076.5	97.0184	418.12
-1008.0	-20076.5	94.9012	441.619
-1008.0	-20076.5	92.7834	441.495
-1008.0	-20076.5	90.665	408.328
-1008.0	-20076.5	88.546	397.595
-1008.0	-20076.5	86.4265	406.92
-1008.0	-20076.5	84.3063	399.731
-1008.0	-20076.5	82.1855	373.685
-1008.0	-20076.5	80.0641	399.506
-1008.0	-20076.5	77.9422	379.365
