-1006.0	-20080.5	1979.41	415.17
-1006.0	-20080.5	1977.72	441.693
-1006.0	-20080.5	1976.02	451.959
-1006.0	-20080.5	1974.33	413.49
-1006.0	-20080.5	1972.64	429.664
-1006.0	-20080.5	1970.94	450.261
-1006.0	-20080.5	1969.25	467.9
-1006.0	-20080.5	1967.56	458.968
-1006.0	-20080.5	1965.86	458.892
-1006.0	-20080.5	1964.17	439.638
-1006.0	-20080.5	1962.47	448.416
-1006.0	-20080.5	1960.78	443.917
-1006.0	-20080.5	1959.08	439.42
-1006.0	-20080.5	1957.39	437.873
-1006.0	-20080.5	1955.69	446.644
-1006.0	-20080.5	1953.99	425.936
-1006.0	-20080.5	1952.3	433.233
-1006.0	-20080.5	1950.6	434.634
-1006.0	-20080.5	1948.9	440.454
-1006.0	-20080.5	1947.21	456.582
-1006.0	-20080.5	1945.51	446.197
-1006.0	-20080.5	1943.81	447.594
-1006.0	-20080.5	1942.11	447.519
-1006.0	-20080.5	1940.41	450.387
-1006.0	-20080.5	1938.71	410.578
-1006.0	-20080.5	1937.01	431.108
-1006.0	-20080.5	1935.32	436.919
-1006.0	-20080.5	1933.62	405.957
-1006.0	-20080.5	1931.92	444.124
-1006.0	-20080.5	1930.22	455.812
-1006.0	-20080.5	1928.51	441.033
-1006.0	-20080.5	1926.81	427.729
-1006.0	-20080.5	1925.11	399.734
-1006.0	-20080.5	1923.41	446.685
-1006.0	-20080.5	1921.71	426.041
-1006.0	-20080.5	1920.01	442.126
-1006.0	-20080.5	1918.31	449.393
-1006.0	-20080.5	1916.6	440.506
-1006.0	-20080.5	1914.9	434.558
-1006.0	-20080.5	1913.2	444.758
-1006.0	-20080.5	1911.49	432.94
-1006.0	-20080.5	1909.79	440.202
-1006.0	-20080.5	1908.09	437.192
-1006.0	-20080.5	1906.38	429.782
-1006.0	-20080.5	1904.68	423.842
-1006.0	-20080.5	1902.97	404.706
-1006.0	-20080.5	1901.27	400.237
-1006.0	-20080.5	1899.56	422.155
-1006.0	-20080.5	1897.85	417.685
-1006.0	-20080.5	1896.15	388.306
-1006.0	-20080.5	1894.44	394.098
-1006.0	-20080.5	1892.74	420.396
-1006.0	-20080.5	1891.03	432.038
-1006.0	-20080.5	1889.32	429.034
-1006.0	-20080.5	1887.61	427.495
-1006.0	-20080.5	1885.91	446.449
-1006.0	-20080.5	1884.2	412.71
-1006.0	-20080.5	1882.49	412.637
-1006.0	-20080.5	1880.78	431.583
-1006.0	-20080.5	1879.07	412.491
-1006.0	-20080.5	1877.36	440.205
-1006.0	-20080.5	1875.65	425.505
-1006.0	-20080.5	1873.94	447.359
-1006.0	-20080.5	1872.23	431.201
-1006.0	-20080.5	1870.52	447.201
-1006.0	-20080.5	1868.81	426.665
-1006.0	-20080.5	1867.1	422.206
-1006.0	-20080.5	1865.39	430.895
-1006.0	-20080.5	1863.68	426.436
-1006.0	-20080.5	1861.96	421.98
-1006.0	-20080.5	1860.25	405.846
-1006.0	-20080.5	1858.54	432.046
-1006.0	-20080.5	1856.82	417.375
-1006.0	-20080.5	1855.11	421.677
-1006.0	-20080.5	1853.4	421.602
-1006.0	-20080.5	1851.68	425.902
-1006.0	-20080.5	1849.97	425.825
-1006.0	-20080.5	1848.25	431.58
-1006.0	-20080.5	1846.54	437.333
-1006.0	-20080.5	1844.82	408.104
-1006.0	-20080.5	1843.11	428.432
-1006.0	-20080.5	1841.39	428.354
-1006.0	-20080.5	1839.68	419.536
-1006.0	-20080.5	1837.96	419.46
-1006.0	-20080.5	1836.24	409.19
-1006.0	-20080.5	1834.53	423.675
-1006.0	-20080.5	1832.81	401.763
-1006.0	-20080.5	1831.09	378.404
-1006.0	-20080.5	1829.37	403.072
-1006.0	-20080.5	1827.65	394.269
-1006.0	-20080.5	1825.94	429.107
-1006.0	-20080.5	1824.22	395.579
-1006.0	-20080.5	1822.5	389.69
-1006.0	-20080.5	1820.78	421.602
-1006.0	-20080.5	1819.06	414.257
-1006.0	-20080.5	1817.34	389.476
-1006.0	-20080.5	1815.62	398.122
-1006.0	-20080.5	1813.9	432.914
-1006.0	-20080.5	1812.18	368.926
-1006.0	-20080.5	1810.45	442.92
-1006.0	-20080.5	1808.73	416.703
-1006.0	-20080.5	1807.01	375.98
-1006.0	-20080.5	1805.29	396.229
-1006.0	-20080.5	1803.56	420.825
-1006.0	-20080.5	1801.84	403.337
-1006.0	-20080.5	1800.12	384.404
-1006.0	-20080.5	1798.39	369.83
-1006.0	-20080.5	1796.67	419.062
-1006.0	-20080.5	1794.95	414.635
-1006.0	-20080.5	1793.22	405.86
-1006.0	-20080.5	1791.5	408.683
-1006.0	-20080.5	1789.77	369.485
-1006.0	-20080.5	1788.04	404.184
-1006.0	-20080.5	1786.32	418.593
-1006.0	-20080.5	1784.59	375.07
-1006.0	-20080.5	1782.87	401.061
-1006.0	-20080.5	1781.14	400.986
-1006.0	-20080.5	1779.41	413.937
-1006.0	-20080.5	1777.68	396.494
-1006.0	-20080.5	1775.96	386.292
-1006.0	-20080.5	1774.23	384.773
-1006.0	-20080.5	1772.5	387.592
-1006.0	-20080.5	1770.77	407.763
-1006.0	-20080.5	1769.04	419.251
-1006.0	-20080.5	1767.31	406.163
-1006.0	-20080.5	1765.58	397.415
-1006.0	-20080.5	1763.85	429.127
-1006.0	-20080.5	1762.12	418.934
-1006.0	-20080.5	1760.39	402.966
-1006.0	-20080.5	1758.66	368.233
-1006.0	-20080.5	1756.93	423.026
-1006.0	-20080.5	1755.19	407.067
-1006.0	-20080.5	1753.46	422.865
-1006.0	-20080.5	1751.73	386.711
-1006.0	-20080.5	1750.0	398.178
-1006.0	-20080.5	1748.26	398.102
-1006.0	-20080.5	1746.53	436.963
-1006.0	-20080.5	1744.8	397.95
-1006.0	-20080.5	1743.06	396.432
-1006.0	-20080.5	1741.33	366.089
-1006.0	-20080.5	1739.59	413.572
-1006.0	-20080.5	1737.86	390.441
-1006.0	-20080.5	1736.12	401.889
-1006.0	-20080.5	1734.39	419.094
-1006.0	-20080.5	1732.65	416.134
-1006.0	-20080.5	1730.91	410.295
-1006.0	-20080.5	1729.18	423.17
-1006.0	-20080.5	1727.44	398.624
-1006.0	-20080.5	1725.7	420.129
-1006.0	-20080.5	1723.96	420.048
-1006.0	-20080.5	1722.23	404.146
-1006.0	-20080.5	1720.49	395.44
-1006.0	-20080.5	1718.75	402.551
-1006.0	-20080.5	1717.01	392.412
-1006.0	-20080.5	1715.27	403.832
-1006.0	-20080.5	1713.53	423.87
-1006.0	-20080.5	1711.79	416.604
-1006.0	-20080.5	1710.05	399.288
-1006.0	-20080.5	1708.31	399.21
-1006.0	-20080.5	1706.57	404.875
-1006.0	-20080.5	1704.82	390.442
-1006.0	-20080.5	1703.08	401.847
-1006.0	-20080.5	1701.34	391.724
-1006.0	-20080.5	1699.6	374.432
-1006.0	-20080.5	1697.85	428.863
-1006.0	-20080.5	1696.11	387.192
-1006.0	-20080.5	1694.37	400.02
-1006.0	-20080.5	1692.62	401.375
-1006.0	-20080.5	1690.88	399.863
-1006.0	-20080.5	1689.13	398.351
-1006.0	-20080.5	1687.39	402.571
-1006.0	-20080.5	1685.64	422.545
-1006.0	-20080.5	1683.9	402.412
-1006.0	-20080.5	1682.15	388.015
-1006.0	-20080.5	1680.41	396.528
-1006.0	-20080.5	1678.66	373.55
-1006.0	-20080.5	1676.91	402.095
-1006.0	-20080.5	1675.16	412.03
-1006.0	-20080.5	1673.42	386.202
-1006.0	-20080.5	1671.67	386.125
-1006.0	-20080.5	1669.92	394.628
-1006.0	-20080.5	1668.17	391.69
-1006.0	-20080.5	1666.42	400.188
-1006.0	-20080.5	1664.67	390.106
-1006.0	-20080.5	1662.92	402.887
-1006.0	-20080.5	1661.17	389.951
-1006.0	-20080.5	1659.42	389.873
-1006.0	-20080.5	1657.67	379.801
-1006.0	-20080.5	1655.92	386.863
-1006.0	-20080.5	1654.17	379.65
-1006.0	-20080.5	1652.42	385.282
-1006.0	-20080.5	1650.66	378.071
-1006.0	-20080.5	1648.91	382.275
-1006.0	-20080.5	1647.16	395.034
-1006.0	-20080.5	1645.41	389.251
-1006.0	-20080.5	1643.65	397.727
-1006.0	-20080.5	1641.9	409.049
-1006.0	-20080.5	1640.14	387.592
-1006.0	-20080.5	1638.39	407.46
-1006.0	-20080.5	1636.63	386.012
-1006.0	-20080.5	1634.88	385.935
-1006.0	-20080.5	1633.12	407.215
-1006.0	-20080.5	1631.37	391.474
-1006.0	-20080.5	1629.61	371.469
-1006.0	-20080.5	1627.85	377.086
-1006.0	-20080.5	1626.09	371.32
-1006.0	-20080.5	1624.34	348.486
-1006.0	-20080.5	1622.58	386.813
-1006.0	-20080.5	1620.82	371.095
-1006.0	-20080.5	1619.06	395.186
-1006.0	-20080.5	1617.3	379.472
-1006.0	-20080.5	1615.54	382.237
-1006.0	-20080.5	1613.78	369.374
-1006.0	-20080.5	1612.02	394.866
-1006.0	-20080.5	1610.26	390.526
-1006.0	-20080.5	1608.5	396.126
-1006.0	-20080.5	1606.74	394.626
-1006.0	-20080.5	1604.98	366.161
-1006.0	-20080.5	1603.22	374.6
-1006.0	-20080.5	1601.46	385.873
-1006.0	-20080.5	1599.69	390.05
-1006.0	-20080.5	1597.93	350.264
-1006.0	-20080.5	1596.17	362.953
-1006.0	-20080.5	1594.4	392.647
-1006.0	-20080.5	1592.64	381.229
-1006.0	-20080.5	1590.88	374.066
-1006.0	-20080.5	1589.11	347.074
-1006.0	-20080.5	1587.35	375.33
-1006.0	-20080.5	1585.58	380.917
-1006.0	-20080.5	1583.81	372.345
-1006.0	-20080.5	1582.05	375.1
-1006.0	-20080.5	1580.28	380.683
-1006.0	-20080.5	1578.51	369.286
-1006.0	-20080.5	1576.75	386.186
-1006.0	-20080.5	1574.98	345.092
-1006.0	-20080.5	1573.21	363.403
-1006.0	-20080.5	1571.44	387.362
-1006.0	-20080.5	1569.67	380.215
-1006.0	-20080.5	1567.91	371.658
-1006.0	-20080.5	1566.14	397.013
-1006.0	-20080.5	1564.37	382.805
-1006.0	-20080.5	1562.6	372.841
-1006.0	-20080.5	1560.83	360.056
-1006.0	-20080.5	1559.05	398.097
-1006.0	-20080.5	1557.28	390.958
-1006.0	-20080.5	1555.51	373.944
-1006.0	-20080.5	1553.74	375.278
-1006.0	-20080.5	1551.97	380.842
-1006.0	-20080.5	1550.19	397.686
-1006.0	-20080.5	1548.42	386.324
-1006.0	-20080.5	1546.65	352.413
-1006.0	-20080.5	1544.87	362.205
-1006.0	-20080.5	1543.1	373.403
-1006.0	-20080.5	1541.32	384.596
-1006.0	-20080.5	1539.55	360.572
-1006.0	-20080.5	1537.77	336.558
-1006.0	-20080.5	1536.0	350.567
-1006.0	-20080.5	1534.22	363.162
-1006.0	-20080.5	1532.45	358.865
-1006.0	-20080.5	1530.67	367.232
-1006.0	-20080.5	1528.89	362.936
-1006.0	-20080.5	1527.11	337.544
-1006.0	-20080.5	1525.34	396.532
-1006.0	-20080.5	1523.56	357.085
-1006.0	-20080.5	1521.78	362.633
-1006.0	-20080.5	1520.0	370.989
-1006.0	-20080.5	1518.22	362.482
-1006.0	-20080.5	1516.44	375.048
-1006.0	-20080.5	1514.66	389.014
-1006.0	-20080.5	1512.88	401.569
-1006.0	-20080.5	1511.1	395.87
-1006.0	-20080.5	1509.32	367.717
-1006.0	-20080.5	1507.54	362.027
-1006.0	-20080.5	1505.76	363.354
-1006.0	-20080.5	1503.97	353.46
-1006.0	-20080.5	1502.19	366.007
-1006.0	-20080.5	1500.41	385.558
-1006.0	-20080.5	1498.62	377.067
-1006.0	-20080.5	1496.84	367.178
-1006.0	-20080.5	1495.06	374.106
-1006.0	-20080.5	1493.27	367.023
-1006.0	-20080.5	1491.49	382.352
-1006.0	-20080.5	1489.7	378.071
-1006.0	-20080.5	1487.91	390.591
-1006.0	-20080.5	1486.13	355.517
-1006.0	-20080.5	1484.34	358.241
-1006.0	-20080.5	1482.55	373.555
-1006.0	-20080.5	1480.77	377.673
-1006.0	-20080.5	1478.98	348.225
-1006.0	-20080.5	1477.19	384.505
-1006.0	-20080.5	1475.4	369.046
-1006.0	-20080.5	1473.61	382.945
-1006.0	-20080.5	1471.83	373.082
-1006.0	-20080.5	1470.04	360.43
-1006.0	-20080.5	1468.25	365.941
-1006.0	-20080.5	1466.46	361.674
-1006.0	-20080.5	1464.67	369.975
-1006.0	-20080.5	1462.87	361.521
-1006.0	-20080.5	1461.08	351.676
-1006.0	-20080.5	1459.29	357.182
-1006.0	-20080.5	1457.5	383.61
-1006.0	-20080.5	1455.71	352.847
-1006.0	-20080.5	1453.91	361.138
-1006.0	-20080.5	1452.12	342.938
-1006.0	-20080.5	1450.33	363.772
-1006.0	-20080.5	1448.53	374.842
-1006.0	-20080.5	1446.74	378.942
-1006.0	-20080.5	1444.94	342.647
-1006.0	-20080.5	1443.15	363.463
-1006.0	-20080.5	1441.35	374.523
-1006.0	-20080.5	1439.56	373.052
-1006.0	-20080.5	1437.76	372.972
-1006.0	-20080.5	1435.96	364.544
-1006.0	-20080.5	1434.17	360.293
-1006.0	-20080.5	1432.37	365.78
-1006.0	-20080.5	1430.57	343.454
-1006.0	-20080.5	1428.77	357.282
-1006.0	-20080.5	1426.97	357.206
-1006.0	-20080.5	1425.17	354.35
-1006.0	-20080.5	1423.37	370.946
-1006.0	-20080.5	1421.58	344.476
-1006.0	-20080.5	1419.77	344.402
-1006.0	-20080.5	1417.97	365.155
-1006.0	-20080.5	1416.17	358.136
-1006.0	-20080.5	1414.37	345.569
-1006.0	-20080.5	1412.57	344.107
-1006.0	-20080.5	1410.77	373.165
-1006.0	-20080.5	1408.97	364.764
-1006.0	-20080.5	1407.16	386.871
-1006.0	-20080.5	1405.36	331.335
-1006.0	-20080.5	1403.56	336.808
-1006.0	-20080.5	1401.75	336.736
-1006.0	-20080.5	1399.95	333.892
-1006.0	-20080.5	1398.14	333.82
-1006.0	-20080.5	1396.34	350.367
-1006.0	-20080.5	1394.53	354.445
-1006.0	-20080.5	1392.73	318.378
-1006.0	-20080.5	1390.92	358.444
-1006.0	-20080.5	1389.11	356.984
-1006.0	-20080.5	1387.3	333.39
-1006.0	-20080.5	1385.5	301.507
-1006.0	-20080.5	1383.69	374.729
-1006.0	-20080.5	1381.88	362.206
-1006.0	-20080.5	1380.07	349.688
-1006.0	-20080.5	1378.26	330.266
-1006.0	-20080.5	1376.45	355.063
-1006.0	-20080.5	1374.64	359.131
-1006.0	-20080.5	1372.83	356.291
-1006.0	-20080.5	1371.02	374.163
-1006.0	-20080.5	1369.21	374.082
-1006.0	-20080.5	1367.4	345.019
-1006.0	-20080.5	1365.59	372.54
-1006.0	-20080.5	1363.78	344.87
-1006.0	-20080.5	1361.96	368.241
-1006.0	-20080.5	1360.15	321.28
-1006.0	-20080.5	1358.34	314.317
-1006.0	-20080.5	1356.52	339.058
-1006.0	-20080.5	1354.71	350.008
-1006.0	-20080.5	1352.89	370.598
-1006.0	-20080.5	1351.08	338.837
-1006.0	-20080.5	1349.26	366.306
-1006.0	-20080.5	1347.45	334.56
-1006.0	-20080.5	1345.63	346.876
-1006.0	-20080.5	1343.81	352.305
-1006.0	-20080.5	1342.0	330.214
-1006.0	-20080.5	1340.18	330.142
-1006.0	-20080.5	1338.36	336.947
-1006.0	-20080.5	1336.54	342.374
-1006.0	-20080.5	1334.73	334.051
-1006.0	-20080.5	1332.91	369.713
-1006.0	-20080.5	1331.09	349.021
-1006.0	-20080.5	1329.27	340.702
-1006.0	-20080.5	1327.45	331.013
-1006.0	-20080.5	1325.63	358.405
-1006.0	-20080.5	1323.81	340.479
-1006.0	-20080.5	1321.98	340.405
-1006.0	-20080.5	1320.16	314.257
-1006.0	-20080.5	1318.34	360.836
-1006.0	-20080.5	1316.52	366.244
-1006.0	-20080.5	1314.7	337.365
-1006.0	-20080.5	1312.87	366.084
-1006.0	-20080.5	1311.05	342.701
-1006.0	-20080.5	1309.22	364.554
-1006.0	-20080.5	1307.4	349.402
-1006.0	-20080.5	1305.57	315.078
-1006.0	-20080.5	1303.75	353.358
-1006.0	-20080.5	1301.92	335.479
-1006.0	-20080.5	1300.1	338.144
-1006.0	-20080.5	1298.27	342.176
-1006.0	-20080.5	1296.44	343.47
-1006.0	-20080.5	1294.62	346.13
-1006.0	-20080.5	1292.79	311.859
-1006.0	-20080.5	1290.96	339.141
-1006.0	-20080.5	1289.13	341.801
-1006.0	-20080.5	1287.3	341.726
-1006.0	-20080.5	1285.47	330.718
-1006.0	-20080.5	1283.64	325.181
-1006.0	-20080.5	1281.81	304.619
-1006.0	-20080.5	1279.98	342.792
-1006.0	-20080.5	1278.15	323.601
-1006.0	-20080.5	1276.32	345.371
-1006.0	-20080.5	1274.49	358.943
-1006.0	-20080.5	1272.66	356.136
-1006.0	-20080.5	1270.82	334.23
-1006.0	-20080.5	1268.99	328.701
-1006.0	-20080.5	1267.16	359.991
-1006.0	-20080.5	1265.32	334.009
-1006.0	-20080.5	1263.49	321.669
-1006.0	-20080.5	1261.66	348.852
-1006.0	-20080.5	1259.82	326.976
-1006.0	-20080.5	1257.98	341.888
-1006.0	-20080.5	1256.15	339.089
-1006.0	-20080.5	1254.31	366.244
-1006.0	-20080.5	1252.48	328.049
-1006.0	-20080.5	1250.64	322.533
-1006.0	-20080.5	1248.8	336.068
-1006.0	-20080.5	1246.96	342.795
-1006.0	-20080.5	1245.13	361.76
-1006.0	-20080.5	1243.29	339.925
-1006.0	-20080.5	1241.45	362.959
-1006.0	-20080.5	1239.61	345.211
-1006.0	-20080.5	1237.77	345.134
-1006.0	-20080.5	1235.93	330.115
-1006.0	-20080.5	1234.09	353.131
-1006.0	-20080.5	1232.25	343.547
-1006.0	-20080.5	1230.41	355.69
-1006.0	-20080.5	1228.56	325.75
-1006.0	-20080.5	1226.72	339.248
-1006.0	-20080.5	1224.88	345.957
-1006.0	-20080.5	1223.04	310.614
-1006.0	-20080.5	1221.19	334.955
-1006.0	-20080.5	1219.35	310.476
-1006.0	-20080.5	1217.5	317.185
-1006.0	-20080.5	1215.66	350.994
-1006.0	-20080.5	1213.81	329.238
-1006.0	-20080.5	1211.97	337.292
-1006.0	-20080.5	1210.12	342.635
-1006.0	-20080.5	1208.28	330.373
-1006.0	-20080.5	1206.43	335.714
-1006.0	-20080.5	1204.58	322.106
-1006.0	-20080.5	1202.73	327.446
-1006.0	-20080.5	1200.89	354.429
-1006.0	-20080.5	1199.04	352.998
-1006.0	-20080.5	1197.19	329.932
-1006.0	-20080.5	1195.34	317.692
-1006.0	-20080.5	1193.49	323.028
-1006.0	-20080.5	1191.64	336.468
-1006.0	-20080.5	1189.79	340.446
-1006.0	-20080.5	1187.94	356.579
-1006.0	-20080.5	1186.09	361.901
-1006.0	-20080.5	1184.23	334.819
-1006.0	-20080.5	1182.38	333.394
-1006.0	-20080.5	1180.53	342.766
-1006.0	-20080.5	1178.68	335.944
-1006.0	-20080.5	1176.82	322.38
-1006.0	-20080.5	1174.97	315.566
-1006.0	-20080.5	1173.12	334.371
-1006.0	-20080.5	1171.26	338.34
-1006.0	-20080.5	1169.41	361.175
-1006.0	-20080.5	1167.55	322.021
-1006.0	-20080.5	1165.69	336.766
-1006.0	-20080.5	1163.84	327.264
-1006.0	-20080.5	1161.98	328.537
-1006.0	-20080.5	1160.12	329.81
-1006.0	-20080.5	1158.27	329.736
-1006.0	-20080.5	1156.41	336.39
-1006.0	-20080.5	1154.55	360.53
-1006.0	-20080.5	1152.69	324.135
-1006.0	-20080.5	1150.83	338.854
-1006.0	-20080.5	1148.97	348.188
-1006.0	-20080.5	1147.11	326.606
-1006.0	-20080.5	1145.25	350.72
-1006.0	-20080.5	1143.39	337.207
-1006.0	-20080.5	1141.53	343.847
-1006.0	-20080.5	1139.67	337.056
-1006.0	-20080.5	1137.81	320.87
-1006.0	-20080.5	1135.94	331.536
-1006.0	-20080.5	1134.08	347.565
-1006.0	-20080.5	1132.22	324.679
-1006.0	-20080.5	1130.35	344.726
-1006.0	-20080.5	1128.49	316.487
-1006.0	-20080.5	1126.62	340.549
-1006.0	-20080.5	1124.76	348.515
-1006.0	-20080.5	1122.89	369.879
-1006.0	-20080.5	1121.03	351.038
-1006.0	-20080.5	1119.16	326.848
-1006.0	-20080.5	1117.3	357.577
-1006.0	-20080.5	1115.43	341.429
-1006.0	-20080.5	1113.56	340.014
-1006.0	-20080.5	1111.69	331.907
-1006.0	-20080.5	1109.82	354.579
-1006.0	-20080.5	1107.96	329.082
-1006.0	-20080.5	1106.09	357.094
-1006.0	-20080.5	1104.22	328.934
-1006.0	-20080.5	1102.35	320.839
-1006.0	-20080.5	1100.48	324.776
-1006.0	-20080.5	1098.61	359.445
-1006.0	-20080.5	1096.73	337.989
-1006.0	-20080.5	1094.86	307.194
-1006.0	-20080.5	1092.99	319.142
-1006.0	-20080.5	1091.12	323.076
-1006.0	-20080.5	1089.24	329.676
-1006.0	-20080.5	1087.37	321.595
-1006.0	-20080.5	1085.5	332.196
-1006.0	-20080.5	1083.62	338.79
-1006.0	-20080.5	1081.75	344.047
-1006.0	-20080.5	1079.87	331.971
-1006.0	-20080.5	1078.0	351.89
-1006.0	-20080.5	1076.12	338.484
-1006.0	-20080.5	1074.24	337.075
-1006.0	-20080.5	1072.37	350.319
-1006.0	-20080.5	1070.49	323.606
-1006.0	-20080.5	1068.61	339.509
-1006.0	-20080.5	1066.73	318.135
-1006.0	-20080.5	1064.86	355.325
-1006.0	-20080.5	1062.98	323.313
-1006.0	-20080.5	1061.1	355.165
-1006.0	-20080.5	1059.22	347.105
-1006.0	-20080.5	1057.34	328.412
-1006.0	-20080.5	1055.46	381.509
-1006.0	-20080.5	1053.58	360.159
-1006.0	-20080.5	1051.69	354.763
-1006.0	-20080.5	1049.81	359.996
-1006.0	-20080.5	1047.93	345.305
-1006.0	-20080.5	1046.05	353.194
-1006.0	-20080.5	1044.16	351.786
-1006.0	-20080.5	1042.28	363.651
-1006.0	-20080.5	1040.4	348.973
-1006.0	-20080.5	1038.51	388.691
-1006.0	-20080.5	1036.63	367.382
-1006.0	-20080.5	1034.74	373.929
-1006.0	-20080.5	1032.86	388.426
-1006.0	-20080.5	1030.97	385.687
-1006.0	-20080.5	1029.08	380.299
-1006.0	-20080.5	1027.2	389.487
-1006.0	-20080.5	1025.31	389.398
-1006.0	-20080.5	1023.42	409.172
-1006.0	-20080.5	1021.53	401.136
-1006.0	-20080.5	1019.64	408.986
-1006.0	-20080.5	1017.75	363.902
-1006.0	-20080.5	1015.86	423.353
-1006.0	-20080.5	1013.97	421.934
-1006.0	-20080.5	1012.08	433.739
-1006.0	-20080.5	1010.19	433.64
-1006.0	-20080.5	1008.3	450.724
-1006.0	-20080.5	1006.41	457.229
-1006.0	-20080.5	1004.52	450.519
-1006.0	-20080.5	1002.62	447.775
-1006.0	-20080.5	1000.73	489.931
-1006.0	-20080.5	998.837	479.257
-1006.0	-20080.5	996.943	491.027
-1006.0	-20080.5	995.049	504.112
-1006.0	-20080.5	993.154	544.897
-1006.0	-20080.5	991.258	584.345
-1006.0	-20080.5	989.363	635.643
-1006.0	-20080.5	987.467	656.593
-1006.0	-20080.5	985.57	699.942
-1006.0	-20080.5	983.673	686.604
-1006.0	-20080.5	981.776	752.325
-1006.0	-20080.5	979.878	706.049
-1006.0	-20080.5	977.979	749.347
-1006.0	-20080.5	976.081	753.126
-1006.0	-20080.5	974.181	739.79
-1006.0	-20080.5	972.282	743.569
-1006.0	-20080.5	970.382	732.873
-1006.0	-20080.5	968.481	701.134
-1006.0	-20080.5	966.58	735.168
-1006.0	-20080.5	964.679	733.684
-1006.0	-20080.5	962.777	730.887
-1006.0	-20080.5	960.875	732.034
-1006.0	-20080.5	958.972	693.762
-1006.0	-20080.5	957.069	689.662
-1006.0	-20080.5	955.166	739.411
-1006.0	-20080.5	953.262	710.355
-1006.0	-20080.5	951.357	715.443
-1006.0	-20080.5	949.452	719.216
-1006.0	-20080.5	947.547	709.866
-1006.0	-20080.5	945.641	741.187
-1006.0	-20080.5	943.735	726.59
-1006.0	-20080.5	941.829	719.867
-1006.0	-20080.5	939.922	700.038
-1006.0	-20080.5	938.014	690.703
-1006.0	-20080.5	936.106	609.303
-1006.0	-20080.5	934.198	586.893
-1006.0	-20080.5	932.289	569.732
-1006.0	-20080.5	930.38	513.295
-1006.0	-20080.5	928.47	475.213
-1006.0	-20080.5	926.56	448.927
-1006.0	-20080.5	924.649	448.823
-1006.0	-20080.5	922.738	452.645
-1006.0	-20080.5	920.827	409.379
-1006.0	-20080.5	918.915	424.976
-1006.0	-20080.5	917.003	405.269
-1006.0	-20080.5	915.09	406.482
-1006.0	-20080.5	913.177	406.389
-1006.0	-20080.5	911.263	410.214
-1006.0	-20080.5	909.349	414.038
-1006.0	-20080.5	907.435	427.001
-1006.0	-20080.5	905.52	412.542
-1006.0	-20080.5	903.604	403.31
-1006.0	-20080.5	901.688	397.997
-1006.0	-20080.5	899.772	392.687
-1006.0	-20080.5	897.855	391.292
-1006.0	-20080.5	895.938	391.202
-1006.0	-20080.5	894.021	402.845
-1006.0	-20080.5	892.103	409.269
-1006.0	-20080.5	890.184	398.749
-1006.0	-20080.5	888.265	388.235
-1006.0	-20080.5	886.346	412.893
-1006.0	-20080.5	884.426	385.451
-1006.0	-20080.5	882.506	391.871
-1006.0	-20080.5	880.585	416.511
-1006.0	-20080.5	878.664	432.03
-1006.0	-20080.5	876.742	409.813
-1006.0	-20080.5	874.82	401.914
-1006.0	-20080.5	872.898	399.22
-1006.0	-20080.5	870.975	406.928
-1006.0	-20080.5	869.051	388.637
-1006.0	-20080.5	867.127	391.146
-1006.0	-20080.5	865.203	409.244
-1006.0	-20080.5	863.278	409.149
-1006.0	-20080.5	861.353	368.798
-1006.0	-20080.5	859.428	384.292
-1006.0	-20080.5	857.502	412.758
-1006.0	-20080.5	855.575	403.579
-1006.0	-20080.5	853.648	396.998
-1006.0	-20080.5	851.721	386.529
-1006.0	-20080.5	849.793	377.362
-1006.0	-20080.5	847.865	388.943
-1006.0	-20080.5	845.936	388.852
-1006.0	-20080.5	844.007	380.987
-1006.0	-20080.5	842.077	402.923
-1006.0	-20080.5	840.147	388.581
-1006.0	-20080.5	838.216	400.145
-1006.0	-20080.5	836.285	406.526
-1006.0	-20080.5	834.354	409.02
-1006.0	-20080.5	832.422	443.864
-1006.0	-20080.5	830.49	398.479
-1006.0	-20080.5	828.557	444.951
-1006.0	-20080.5	826.624	400.88
-1006.0	-20080.5	824.69	400.787
-1006.0	-20080.5	822.756	407.156
-1006.0	-20080.5	820.821	414.815
-1006.0	-20080.5	818.886	428.929
-1006.0	-20080.5	816.951	413.329
-1006.0	-20080.5	815.015	432.603
-1006.0	-20080.5	813.078	407.972
-1006.0	-20080.5	811.141	407.877
-1006.0	-20080.5	809.204	423.267
-1006.0	-20080.5	807.266	399.946
-1006.0	-20080.5	805.328	401.142
-1006.0	-20080.5	803.389	397.18
-1006.0	-20080.5	801.45	389.351
-1006.0	-20080.5	799.511	384.104
-1006.0	-20080.5	797.571	408.499
-1006.0	-20080.5	795.63	409.692
-1006.0	-20080.5	793.689	405.732
-1006.0	-20080.5	791.748	409.5
-1006.0	-20080.5	789.806	388.805
-1006.0	-20080.5	787.864	397.724
-1006.0	-20080.5	785.921	397.631
-1006.0	-20080.5	783.978	393.678
-1006.0	-20080.5	782.034	406.448
-1006.0	-20080.5	780.09	389.635
-1006.0	-20080.5	778.145	383.116
-1006.0	-20080.5	776.2	385.597
-1006.0	-20080.5	774.255	397.071
-1006.0	-20080.5	772.309	372.569
-1006.0	-20080.5	770.362	404.591
-1006.0	-20080.5	768.416	372.394
-1006.0	-20080.5	766.468	391.563
-1006.0	-20080.5	764.52	409.44
-1006.0	-20080.5	762.572	399.078
-1006.0	-20080.5	760.624	409.248
-1006.0	-20080.5	758.674	371.956
-1006.0	-20080.5	756.725	369.304
-1006.0	-20080.5	754.775	371.781
-1006.0	-20080.5	752.824	405.018
-1006.0	-20080.5	750.873	386.983
-1006.0	-20080.5	748.922	384.329
-1006.0	-20080.5	746.97	380.396
-1006.0	-20080.5	745.017	384.148
-1006.0	-20080.5	743.065	403.261
-1006.0	-20080.5	741.111	377.568
-1006.0	-20080.5	739.158	380.038
-1006.0	-20080.5	737.203	381.227
-1006.0	-20080.5	735.249	382.416
-1006.0	-20080.5	733.294	405.342
-1006.0	-20080.5	731.338	380.957
-1006.0	-20080.5	729.382	408.985
-1006.0	-20080.5	727.425	411.444
-1006.0	-20080.5	725.468	403.682
-1006.0	-20080.5	723.511	392.092
-1006.0	-20080.5	721.553	395.83
-1006.0	-20080.5	719.595	395.736
-1006.0	-20080.5	717.636	384.156
-1006.0	-20080.5	715.676	370.029
-1006.0	-20080.5	713.717	382.698
-1006.0	-20080.5	711.756	390.26
-1006.0	-20080.5	709.796	377.417
-1006.0	-20080.5	707.835	383.701
-1006.0	-20080.5	705.873	386.159
-1006.0	-20080.5	703.911	384.793
-1006.0	-20080.5	701.948	403.81
-1006.0	-20080.5	699.985	385.884
-1006.0	-20080.5	698.022	398.525
-1006.0	-20080.5	696.058	392.066
-1006.0	-20080.5	694.093	399.608
-1006.0	-20080.5	692.129	385.518
-1006.0	-20080.5	690.163	371.434
-1006.0	-20080.5	688.197	401.867
-1006.0	-20080.5	686.231	378.886
-1006.0	-20080.5	684.264	401.676
-1006.0	-20080.5	682.297	399.038
-1006.0	-20080.5	680.329	402.755
-1006.0	-20080.5	678.361	412.821
-1006.0	-20080.5	676.393	391.134
-1006.0	-20080.5	674.423	420.242
-1006.0	-20080.5	672.454	431.565
-1006.0	-20080.5	670.484	411.158
-1006.0	-20080.5	668.513	438.971
-1006.0	-20080.5	666.542	422.377
-1006.0	-20080.5	664.571	401.987
-1006.0	-20080.5	662.599	429.783
-1006.0	-20080.5	660.627	404.33
-1006.0	-20080.5	658.654	414.371
-1006.0	-20080.5	656.68	418.072
-1006.0	-20080.5	654.707	431.905
-1006.0	-20080.5	652.732	407.742
-1006.0	-20080.5	650.758	379.793
-1006.0	-20080.5	648.782	396.156
-1006.0	-20080.5	646.807	407.449
-1006.0	-20080.5	644.83	414.942
-1006.0	-20080.5	642.854	407.254
-1006.0	-20080.5	640.877	414.743
-1006.0	-20080.5	638.899	383.04
-1006.0	-20080.5	636.921	420.864
-1006.0	-20080.5	634.942	396.755
-1006.0	-20080.5	632.963	420.662
-1006.0	-20080.5	630.984	436.979
-1006.0	-20080.5	629.004	433.086
-1006.0	-20080.5	627.023	403.948
-1006.0	-20080.5	625.042	440.45
-1006.0	-20080.5	623.061	418.894
-1006.0	-20080.5	621.079	435.192
-1006.0	-20080.5	619.097	422.476
-1006.0	-20080.5	617.114	421.114
-1006.0	-20080.5	615.131	446.223
-1006.0	-20080.5	613.147	429.732
-1006.0	-20080.5	611.163	419.549
-1006.0	-20080.5	609.178	423.227
-1006.0	-20080.5	607.193	414.31
-1006.0	-20080.5	605.207	401.62
-1006.0	-20080.5	603.221	404.04
-1006.0	-20080.5	601.234	419.043
-1006.0	-20080.5	599.247	415.168
-1006.0	-20080.5	597.259	403.747
-1006.0	-20080.5	595.271	403.65
-1006.0	-20080.5	593.283	398.524
-1006.0	-20080.5	591.294	404.711
-1006.0	-20080.5	589.304	412.153
-1006.0	-20080.5	587.314	430.897
-1006.0	-20080.5	585.323	414.465
-1006.0	-20080.5	583.332	401.808
-1006.0	-20080.5	581.341	445.648
-1006.0	-20080.5	579.349	412.909
-1006.0	-20080.5	577.357	427.865
-1006.0	-20080.5	575.364	420.235
-1006.0	-20080.5	573.37	420.133
-1006.0	-20080.5	571.376	413.762
-1006.0	-20080.5	569.382	393.605
-1006.0	-20080.5	567.387	412.307
-1006.0	-20080.5	565.392	424.736
-1006.0	-20080.5	563.396	447.18
-1006.0	-20080.5	561.399	447.071
-1006.0	-20080.5	559.403	451.97
-1006.0	-20080.5	557.405	461.873
-1006.0	-20080.5	555.408	454.252
-1006.0	-20080.5	553.409	450.388
-1006.0	-20080.5	551.411	452.78
-1006.0	-20080.5	549.411	482.681
-1006.0	-20080.5	547.412	498.815
-1006.0	-20080.5	545.411	498.693
-1006.0	-20080.5	543.411	517.315
-1006.0	-20080.5	541.409	577.152
-1006.0	-20080.5	539.408	613.23
-1006.0	-20080.5	537.406	661.777
-1006.0	-20080.5	535.403	675.347
-1006.0	-20080.5	533.4	748.815
-1006.0	-20080.5	531.396	895.862
-1006.0	-20080.5	529.392	1116.43
-1006.0	-20080.5	527.387	1578.84
-1006.0	-20080.5	525.382	2649.45
-1006.0	-20080.5	523.376	5853.54
-1006.0	-20080.5	521.37	11630.7
-1006.0	-20080.5	519.364	11502.0
-1006.0	-20080.5	517.357	6622.73
-1006.0	-20080.5	515.349	3578.91
-1006.0	-20080.5	513.341	2147.56
-1006.0	-20080.5	511.332	1488.61
-1006.0	-20080.5	509.323	1124.89
-1006.0	-20080.5	507.314	938.01
-1006.0	-20080.5	505.304	843.255
-1006.0	-20080.5	503.293	772.171
-1006.0	-20080.5	501.282	694.907
-1006.0	-20080.5	499.27	645.023
-1006.0	-20080.5	497.258	588.951
-1006.0	-20080.5	495.246	582.594
-1006.0	-20080.5	493.233	545.193
-1006.0	-20080.5	491.219	521.468
-1006.0	-20080.5	489.205	502.72
-1006.0	-20080.5	487.191	464.126
-1006.0	-20080.5	485.176	498.75
-1006.0	-20080.5	483.16	482.501
-1006.0	-20080.5	481.144	461.301
-1006.0	-20080.5	479.128	452.508
-1006.0	-20080.5	477.111	490.819
-1006.0	-20080.5	475.093	444.849
-1006.0	-20080.5	473.075	453.41
-1006.0	-20080.5	471.056	450.821
-1006.0	-20080.5	469.037	466.805
-1006.0	-20080.5	467.018	436.98
-1006.0	-20080.5	464.998	440.584
-1006.0	-20080.5	462.977	389.745
-1006.0	-20080.5	460.956	435.417
-1006.0	-20080.5	458.935	437.782
-1006.0	-20080.5	456.913	441.382
-1006.0	-20080.5	454.89	436.327
-1006.0	-20080.5	452.867	433.747
-1006.0	-20080.5	450.843	439.816
-1006.0	-20080.5	448.819	407.593
-1006.0	-20080.5	446.795	432.187
-1006.0	-20080.5	444.77	459.239
-1006.0	-20080.5	442.744	449.25
-1006.0	-20080.5	440.718	456.541
-1006.0	-20080.5	438.691	469.996
-1006.0	-20080.5	436.664	450.146
-1006.0	-20080.5	434.637	470.994
-1006.0	-20080.5	432.608	467.178
-1006.0	-20080.5	430.58	439.949
-1006.0	-20080.5	428.551	458.319
-1006.0	-20080.5	426.521	448.35
-1006.0	-20080.5	424.491	449.469
-1006.0	-20080.5	422.46	433.352
-1006.0	-20080.5	420.429	464.013
-1006.0	-20080.5	418.397	449.13
-1006.0	-20080.5	416.365	452.708
-1006.0	-20080.5	414.332	425.537
-1006.0	-20080.5	412.299	446.332
-1006.0	-20080.5	410.265	446.219
-1006.0	-20080.5	408.231	444.878
-1006.0	-20080.5	406.196	458.281
-1006.0	-20080.5	404.161	458.165
-1006.0	-20080.5	402.125	451.909
-1006.0	-20080.5	400.089	461.616
-1006.0	-20080.5	398.052	451.681
-1006.0	-20080.5	396.015	460.156
-1006.0	-20080.5	393.977	435.504
-1006.0	-20080.5	391.938	443.979
-1006.0	-20080.5	389.899	481.877
-1006.0	-20080.5	387.86	453.56
-1006.0	-20080.5	385.82	446.092
-1006.0	-20080.5	383.78	439.853
-1006.0	-20080.5	381.739	455.665
-1006.0	-20080.5	379.697	466.57
-1006.0	-20080.5	377.655	478.695
-1006.0	-20080.5	375.613	470.005
-1006.0	-20080.5	373.57	469.885
-1006.0	-20080.5	371.526	455.085
-1006.0	-20080.5	369.482	475.761
-1006.0	-20080.5	367.437	452.408
-1006.0	-20080.5	365.392	476.741
-1006.0	-20080.5	363.346	470.509
-1006.0	-20080.5	361.3	464.279
-1006.0	-20080.5	359.254	473.933
-1006.0	-20080.5	357.206	476.254
-1006.0	-20080.5	355.159	462.703
-1006.0	-20080.5	353.11	473.569
-1006.0	-20080.5	351.062	457.585
-1006.0	-20080.5	349.012	469.666
-1006.0	-20080.5	346.962	457.35
-1006.0	-20080.5	344.912	463.329
-1006.0	-20080.5	342.861	480.276
-1006.0	-20080.5	340.81	476.496
-1006.0	-20080.5	338.758	478.811
-1006.0	-20080.5	336.705	476.251
-1006.0	-20080.5	334.652	444.468
-1006.0	-20080.5	332.599	467.484
-1006.0	-20080.5	330.545	484.403
-1006.0	-20080.5	328.49	504.963
-1006.0	-20080.5	326.435	495.101
-1006.0	-20080.5	324.379	482.812
-1006.0	-20080.5	322.323	497.277
-1006.0	-20080.5	320.266	506.873
-1006.0	-20080.5	318.209	503.096
-1006.0	-20080.5	316.151	517.545
-1006.0	-20080.5	314.093	504.05
-1006.0	-20080.5	312.034	529.419
-1006.0	-20080.5	309.975	526.854
-1006.0	-20080.5	307.915	541.281
-1006.0	-20080.5	305.854	533.861
-1006.0	-20080.5	303.793	553.13
-1006.0	-20080.5	301.732	559.05
-1006.0	-20080.5	299.67	539.506
-1006.0	-20080.5	297.607	535.73
-1006.0	-20080.5	295.544	513.779
-1006.0	-20080.5	293.48	502.742
-1006.0	-20080.5	291.416	537.733
-1006.0	-20080.5	289.351	469.788
-1006.0	-20080.5	287.286	484.192
-1006.0	-20080.5	285.22	493.746
-1006.0	-20080.5	283.154	515.394
-1006.0	-20080.5	281.087	511.631
-1006.0	-20080.5	279.019	495.777
-1006.0	-20080.5	276.951	501.692
-1006.0	-20080.5	274.883	511.229
-1006.0	-20080.5	272.814	511.095
-1006.0	-20080.5	270.744	468.683
-1006.0	-20080.5	268.674	485.467
-1006.0	-20080.5	266.603	505.863
-1006.0	-20080.5	264.532	499.695
-1006.0	-20080.5	262.46	493.53
-1006.0	-20080.5	260.388	468.067
-1006.0	-20080.5	258.315	458.295
-1006.0	-20080.5	256.241	454.557
-1006.0	-20080.5	254.167	465.286
-1006.0	-20080.5	252.093	476.009
-1006.0	-20080.5	250.018	463.835
-1006.0	-20080.5	247.942	482.984
-1006.0	-20080.5	245.866	493.693
-1006.0	-20080.5	243.789	493.563
-1006.0	-20080.5	241.712	485.007
-1006.0	-20080.5	239.634	507.739
-1006.0	-20080.5	237.556	488.359
-1006.0	-20080.5	235.477	475.001
-1006.0	-20080.5	233.397	461.651
-1006.0	-20080.5	231.317	481.96
-1006.0	-20080.5	229.237	467.413
-1006.0	-20080.5	227.155	479.301
-1006.0	-20080.5	225.074	467.164
-1006.0	-20080.5	222.991	437.024
-1006.0	-20080.5	220.909	468.115
-1006.0	-20080.5	218.825	463.191
-1006.0	-20080.5	216.741	467.865
-1006.0	-20080.5	214.657	456.946
-1006.0	-20080.5	212.572	438.839
-1006.0	-20080.5	210.486	453.106
-1006.0	-20080.5	208.4	423.025
-1006.0	-20080.5	206.313	448.071
-1006.0	-20080.5	204.226	431.182
-1006.0	-20080.5	202.138	429.869
-1006.0	-20080.5	200.05	439.33
-1006.0	-20080.5	197.961	453.573
-1006.0	-20080.5	195.871	439.094
-1006.0	-20080.5	193.781	436.584
-1006.0	-20080.5	191.691	420.921
-1006.0	-20080.5	189.599	447.107
-1006.0	-20080.5	187.508	419.498
-1006.0	-20080.5	185.415	443.282
-1006.0	-20080.5	183.322	427.633
-1006.0	-20080.5	181.229	434.683
-1006.0	-20080.5	179.135	473.962
-1006.0	-20080.5	177.04	445.189
-1006.0	-20080.5	174.945	472.512
-1006.0	-20080.5	172.849	453.298
-1006.0	-20080.5	170.753	455.56
-1006.0	-20080.5	168.656	459.013
-1006.0	-20080.5	166.558	444.585
-1006.0	-20080.5	164.46	443.273
-1006.0	-20080.5	162.362	440.769
-1006.0	-20080.5	160.263	458.513
-1006.0	-20080.5	158.163	446.482
-1006.0	-20080.5	156.063	442.789
-1006.0	-20080.5	153.962	474.798
-1006.0	-20080.5	151.86	458.013
-1006.0	-20080.5	149.758	448.373
-1006.0	-20080.5	147.656	449.439
-1006.0	-20080.5	145.552	446.939
-1006.0	-20080.5	143.449	468.206
-1006.0	-20080.5	141.344	458.574
-1006.0	-20080.5	139.239	445.383
-1006.0	-20080.5	137.134	465.446
-1006.0	-20080.5	135.028	458.196
-1006.0	-20080.5	132.921	458.07
-1006.0	-20080.5	130.814	500.653
-1006.0	-20080.5	128.706	461.376
-1006.0	-20080.5	126.598	470.734
-1006.0	-20080.5	124.489	463.492
-1006.0	-20080.5	122.379	468.104
-1006.0	-20080.5	120.269	482.191
-1006.0	-20080.5	118.158	427.575
-1006.0	-20080.5	116.047	454.69
-1006.0	-20080.5	113.935	448.645
-1006.0	-20080.5	111.822	439.053
-1006.0	-20080.5	109.709	455.495
-1006.0	-20080.5	107.596	456.551
-1006.0	-20080.5	105.481	450.512
-1006.0	-20080.5	103.367	422.016
-1006.0	-20080.5	101.251	431.353
-1006.0	-20080.5	99.1351	447.773
-1006.0	-20080.5	97.0184	426.387
-1006.0	-20080.5	94.9012	442.8
-1006.0	-20080.5	92.7834	401.359
-1006.0	-20080.5	90.665	402.427
-1006.0	-20080.5	88.546	370.46
-1006.0	-20080.5	86.4265	408.099
-1006.0	-20080.5	84.3063	392.656
-1006.0	-20080.5	82.1855	407.87
-1006.0	-20080.5	80.0641	366.509
-1006.0	-20080.5	77.9422	386.434
