-1006.0	-20064.5	1979.41	428.467
-1006.0	-20064.5	1977.72	463.851
-1006.0	-20064.5	1976.02	431.282
-1006.0	-20064.5	1974.33	460.746
-1006.0	-20064.5	1972.64	410.469
-1006.0	-20064.5	1970.94	413.355
-1006.0	-20064.5	1969.25	426.571
-1006.0	-20064.5	1967.56	447.162
-1006.0	-20064.5	1965.86	427.906
-1006.0	-20064.5	1964.17	433.737
-1006.0	-20064.5	1962.47	427.765
-1006.0	-20064.5	1960.78	429.169
-1006.0	-20064.5	1959.08	412.878
-1006.0	-20064.5	1957.39	459.987
-1006.0	-20064.5	1955.69	415.689
-1006.0	-20064.5	1953.99	424.462
-1006.0	-20064.5	1952.3	450.916
-1006.0	-20064.5	1950.6	446.421
-1006.0	-20064.5	1948.9	427.196
-1006.0	-20064.5	1947.21	419.76
-1006.0	-20064.5	1945.51	438.834
-1006.0	-20064.5	1943.81	434.343
-1006.0	-20064.5	1942.11	404.828
-1006.0	-20064.5	1940.41	441.556
-1006.0	-20064.5	1938.71	414.993
-1006.0	-20064.5	1937.01	420.808
-1006.0	-20064.5	1935.32	414.853
-1006.0	-20064.5	1933.62	450.083
-1006.0	-20064.5	1931.92	444.124
-1006.0	-20064.5	1930.22	442.579
-1006.0	-20064.5	1928.51	420.452
-1006.0	-20064.5	1926.81	473.295
-1006.0	-20064.5	1925.11	445.292
-1006.0	-20064.5	1923.41	445.216
-1006.0	-20064.5	1921.71	445.14
-1006.0	-20064.5	1920.01	434.782
-1006.0	-20064.5	1918.31	452.33
-1006.0	-20064.5	1916.6	446.379
-1006.0	-20064.5	1914.9	478.601
-1006.0	-20064.5	1913.2	449.161
-1006.0	-20064.5	1911.49	444.681
-1006.0	-20064.5	1909.79	429.931
-1006.0	-20064.5	1908.09	454.797
-1006.0	-20064.5	1906.38	429.782
-1006.0	-20064.5	1904.68	435.574
-1006.0	-20064.5	1902.97	431.1
-1006.0	-20064.5	1901.27	429.559
-1006.0	-20064.5	1899.56	413.36
-1006.0	-20064.5	1897.85	429.409
-1006.0	-20064.5	1896.15	424.939
-1006.0	-20064.5	1894.44	411.679
-1006.0	-20064.5	1892.74	418.931
-1006.0	-20064.5	1891.03	439.361
-1006.0	-20064.5	1889.32	412.927
-1006.0	-20064.5	1887.61	434.815
-1006.0	-20064.5	1885.91	408.391
-1006.0	-20064.5	1884.2	431.735
-1006.0	-20064.5	1882.49	434.586
-1006.0	-20064.5	1880.78	412.564
-1006.0	-20064.5	1879.07	408.103
-1006.0	-20064.5	1877.36	440.205
-1006.0	-20064.5	1875.65	412.345
-1006.0	-20064.5	1873.94	423.968
-1006.0	-20064.5	1872.23	444.357
-1006.0	-20064.5	1870.52	409.203
-1006.0	-20064.5	1868.81	409.13
-1006.0	-20064.5	1867.1	403.214
-1006.0	-20064.5	1865.39	419.209
-1006.0	-20064.5	1863.68	420.595
-1006.0	-20064.5	1861.96	419.06
-1006.0	-20064.5	1860.25	418.985
-1006.0	-20064.5	1858.54	405.773
-1006.0	-20064.5	1856.82	421.753
-1006.0	-20064.5	1855.11	411.464
-1006.0	-20064.5	1853.4	424.519
-1006.0	-20064.5	1851.68	411.316
-1006.0	-20064.5	1849.97	417.075
-1006.0	-20064.5	1848.25	443.245
-1006.0	-20064.5	1846.54	428.587
-1006.0	-20064.5	1844.82	427.052
-1006.0	-20064.5	1843.11	419.688
-1006.0	-20064.5	1841.39	407.956
-1006.0	-20064.5	1839.68	410.796
-1006.0	-20064.5	1837.96	432.568
-1006.0	-20064.5	1836.24	432.49
-1006.0	-20064.5	1834.53	425.131
-1006.0	-20064.5	1832.81	401.763
-1006.0	-20064.5	1831.09	424.976
-1006.0	-20064.5	1829.37	449.636
-1006.0	-20064.5	1827.65	424.821
-1006.0	-20064.5	1825.94	424.743
-1006.0	-20064.5	1824.22	429.029
-1006.0	-20064.5	1822.5	423.134
-1006.0	-20064.5	1820.78	424.51
-1006.0	-20064.5	1819.06	427.339
-1006.0	-20064.5	1817.34	396.742
-1006.0	-20064.5	1815.62	409.746
-1006.0	-20064.5	1813.9	387.879
-1006.0	-20064.5	1812.18	437.192
-1006.0	-20064.5	1810.45	451.633
-1006.0	-20064.5	1808.73	438.482
-1006.0	-20064.5	1807.01	435.498
-1006.0	-20064.5	1805.29	409.292
-1006.0	-20064.5	1803.56	435.336
-1006.0	-20064.5	1801.84	409.14
-1006.0	-20064.5	1800.12	387.305
-1006.0	-20064.5	1798.39	407.538
-1006.0	-20064.5	1796.67	401.662
-1006.0	-20064.5	1794.95	417.534
-1006.0	-20064.5	1793.22	413.108
-1006.0	-20064.5	1791.5	389.843
-1006.0	-20064.5	1789.77	383.974
-1006.0	-20064.5	1788.04	428.812
-1006.0	-20064.5	1786.32	408.454
-1006.0	-20064.5	1784.59	434.444
-1006.0	-20064.5	1782.87	389.478
-1006.0	-20064.5	1781.14	431.386
-1006.0	-20064.5	1779.41	396.569
-1006.0	-20064.5	1777.68	399.388
-1006.0	-20064.5	1775.96	426.802
-1006.0	-20064.5	1774.23	422.382
-1006.0	-20064.5	1772.5	387.592
-1006.0	-20064.5	1770.77	414.993
-1006.0	-20064.5	1769.04	419.251
-1006.0	-20064.5	1767.31	390.264
-1006.0	-20064.5	1765.58	400.306
-1006.0	-20064.5	1763.85	404.564
-1006.0	-20064.5	1762.12	401.598
-1006.0	-20064.5	1760.39	401.522
-1006.0	-20064.5	1758.66	423.107
-1006.0	-20064.5	1756.93	394.151
-1006.0	-20064.5	1755.19	398.406
-1006.0	-20064.5	1753.46	401.217
-1006.0	-20064.5	1751.73	401.14
-1006.0	-20064.5	1750.0	422.704
-1006.0	-20064.5	1748.26	416.853
-1006.0	-20064.5	1746.53	396.584
-1006.0	-20064.5	1744.8	396.508
-1006.0	-20064.5	1743.06	366.159
-1006.0	-20064.5	1741.33	416.534
-1006.0	-20064.5	1739.59	410.69
-1006.0	-20064.5	1737.86	399.085
-1006.0	-20064.5	1736.12	393.247
-1006.0	-20064.5	1734.39	421.975
-1006.0	-20064.5	1732.65	398.855
-1006.0	-20064.5	1730.91	387.261
-1006.0	-20064.5	1729.18	423.17
-1006.0	-20064.5	1727.44	414.454
-1006.0	-20064.5	1725.7	412.935
-1006.0	-20064.5	1723.96	401.347
-1006.0	-20064.5	1722.23	396.955
-1006.0	-20064.5	1720.49	373.87
-1006.0	-20064.5	1718.75	421.241
-1006.0	-20064.5	1717.01	398.161
-1006.0	-20064.5	1715.27	403.832
-1006.0	-20064.5	1713.53	392.259
-1006.0	-20064.5	1711.79	410.858
-1006.0	-20064.5	1710.05	399.288
-1006.0	-20064.5	1708.31	394.902
-1006.0	-20064.5	1706.57	400.568
-1006.0	-20064.5	1704.82	397.619
-1006.0	-20064.5	1703.08	394.671
-1006.0	-20064.5	1701.34	385.985
-1006.0	-20064.5	1699.6	395.951
-1006.0	-20064.5	1697.85	400.177
-1006.0	-20064.5	1696.11	371.417
-1006.0	-20064.5	1694.37	394.285
-1006.0	-20064.5	1692.62	387.04
-1006.0	-20064.5	1690.88	408.462
-1006.0	-20064.5	1689.13	386.888
-1006.0	-20064.5	1687.39	418.33
-1006.0	-20064.5	1685.64	401.059
-1006.0	-20064.5	1683.9	406.709
-1006.0	-20064.5	1682.15	396.606
-1006.0	-20064.5	1680.41	396.528
-1006.0	-20064.5	1678.66	353.513
-1006.0	-20064.5	1676.91	384.924
-1006.0	-20064.5	1675.16	369.11
-1006.0	-20064.5	1673.42	381.911
-1006.0	-20064.5	1671.67	387.555
-1006.0	-20064.5	1669.92	411.785
-1006.0	-20064.5	1668.17	393.12
-1006.0	-20064.5	1666.42	383.037
-1006.0	-20064.5	1664.67	390.106
-1006.0	-20064.5	1662.92	372.884
-1006.0	-20064.5	1661.17	419.947
-1006.0	-20064.5	1659.42	368.452
-1006.0	-20064.5	1657.67	375.517
-1006.0	-20064.5	1655.92	391.146
-1006.0	-20064.5	1654.17	379.65
-1006.0	-20064.5	1652.42	393.843
-1006.0	-20064.5	1650.66	380.925
-1006.0	-20064.5	1648.91	415.082
-1006.0	-20064.5	1647.16	383.625
-1006.0	-20064.5	1645.41	406.361
-1006.0	-20064.5	1643.65	383.471
-1006.0	-20064.5	1641.9	401.923
-1006.0	-20064.5	1640.14	397.567
-1006.0	-20064.5	1638.39	396.063
-1006.0	-20064.5	1636.63	400.256
-1006.0	-20064.5	1634.88	365.997
-1006.0	-20064.5	1633.12	377.314
-1006.0	-20064.5	1631.37	398.591
-1006.0	-20064.5	1629.61	371.469
-1006.0	-20064.5	1627.85	392.739
-1006.0	-20064.5	1626.09	352.825
-1006.0	-20064.5	1624.34	389.736
-1006.0	-20064.5	1622.58	382.547
-1006.0	-20064.5	1620.82	386.735
-1006.0	-20064.5	1619.06	382.392
-1006.0	-20064.5	1617.3	389.421
-1006.0	-20064.5	1615.54	387.921
-1006.0	-20064.5	1613.78	373.636
-1006.0	-20064.5	1612.02	382.083
-1006.0	-20064.5	1610.26	407.567
-1006.0	-20064.5	1608.5	384.767
-1006.0	-20064.5	1606.74	379.011
-1006.0	-20064.5	1604.98	381.773
-1006.0	-20064.5	1603.22	373.181
-1006.0	-20064.5	1601.46	370.268
-1006.0	-20064.5	1599.69	399.978
-1006.0	-20064.5	1597.93	399.897
-1006.0	-20064.5	1596.17	364.371
-1006.0	-20064.5	1594.4	367.132
-1006.0	-20064.5	1592.64	379.812
-1006.0	-20064.5	1590.88	388.236
-1006.0	-20064.5	1589.11	375.407
-1006.0	-20064.5	1587.35	365.416
-1006.0	-20064.5	1585.58	385.166
-1006.0	-20064.5	1583.81	362.435
-1006.0	-20064.5	1582.05	390.67
-1006.0	-20064.5	1580.28	379.268
-1006.0	-20064.5	1578.51	379.191
-1006.0	-20064.5	1576.75	381.942
-1006.0	-20064.5	1574.98	383.278
-1006.0	-20064.5	1573.21	369.059
-1006.0	-20064.5	1571.44	364.742
-1006.0	-20064.5	1569.67	407.07
-1006.0	-20064.5	1567.91	373.071
-1006.0	-20064.5	1566.14	384.297
-1006.0	-20064.5	1564.37	365.855
-1006.0	-20064.5	1562.6	384.139
-1006.0	-20064.5	1560.83	391.12
-1006.0	-20064.5	1559.05	376.922
-1006.0	-20064.5	1557.28	385.313
-1006.0	-20064.5	1555.51	381.0
-1006.0	-20064.5	1553.74	376.689
-1006.0	-20064.5	1551.97	392.126
-1006.0	-20064.5	1550.19	362.43
-1006.0	-20064.5	1548.42	375.045
-1006.0	-20064.5	1546.65	369.329
-1006.0	-20064.5	1544.87	373.48
-1006.0	-20064.5	1543.1	386.084
-1006.0	-20064.5	1541.32	386.004
-1006.0	-20064.5	1539.55	383.107
-1006.0	-20064.5	1537.77	387.252
-1006.0	-20064.5	1536.0	356.198
-1006.0	-20064.5	1534.22	347.679
-1006.0	-20064.5	1532.45	391.233
-1006.0	-20064.5	1530.67	363.011
-1006.0	-20064.5	1528.89	350.275
-1006.0	-20064.5	1527.11	360.047
-1006.0	-20064.5	1525.34	400.75
-1006.0	-20064.5	1523.56	361.303
-1006.0	-20064.5	1521.78	373.878
-1006.0	-20064.5	1520.0	365.368
-1006.0	-20064.5	1518.22	354.052
-1006.0	-20064.5	1516.44	356.787
-1006.0	-20064.5	1514.66	369.352
-1006.0	-20064.5	1512.88	358.042
-1006.0	-20064.5	1511.1	346.737
-1006.0	-20064.5	1509.32	371.928
-1006.0	-20064.5	1507.54	366.237
-1006.0	-20064.5	1505.76	363.354
-1006.0	-20064.5	1503.97	370.291
-1006.0	-20064.5	1502.19	381.432
-1006.0	-20064.5	1500.41	356.116
-1006.0	-20064.5	1498.62	377.067
-1006.0	-20064.5	1496.84	350.36
-1006.0	-20064.5	1495.06	364.298
-1006.0	-20064.5	1493.27	340.407
-1006.0	-20064.5	1491.49	366.946
-1006.0	-20064.5	1489.7	387.873
-1006.0	-20064.5	1487.91	354.192
-1006.0	-20064.5	1486.13	335.922
-1006.0	-20064.5	1484.34	383.43
-1006.0	-20064.5	1482.55	358.165
-1006.0	-20064.5	1480.77	339.906
-1006.0	-20064.5	1478.98	366.405
-1006.0	-20064.5	1477.19	378.912
-1006.0	-20064.5	1475.4	346.68
-1006.0	-20064.5	1473.61	370.366
-1006.0	-20064.5	1471.83	374.48
-1006.0	-20064.5	1470.04	349.254
-1006.0	-20064.5	1468.25	377.115
-1006.0	-20064.5	1466.46	342.124
-1006.0	-20064.5	1464.67	360.202
-1006.0	-20064.5	1462.87	365.709
-1006.0	-20064.5	1461.08	393.542
-1006.0	-20064.5	1459.29	366.949
-1006.0	-20064.5	1457.5	372.451
-1006.0	-20064.5	1455.71	382.134
-1006.0	-20064.5	1453.91	365.321
-1006.0	-20064.5	1452.12	377.79
-1006.0	-20064.5	1450.33	348.441
-1006.0	-20064.5	1448.53	379.023
-1006.0	-20064.5	1446.74	391.481
-1006.0	-20064.5	1444.94	376.076
-1006.0	-20064.5	1443.15	392.707
-1006.0	-20064.5	1441.35	382.877
-1006.0	-20064.5	1439.56	356.348
-1006.0	-20064.5	1437.76	370.189
-1006.0	-20064.5	1435.96	363.153
-1006.0	-20064.5	1434.17	363.076
-1006.0	-20064.5	1432.37	367.17
-1006.0	-20064.5	1430.57	355.968
-1006.0	-20064.5	1428.77	361.453
-1006.0	-20064.5	1426.97	333.578
-1006.0	-20064.5	1425.17	354.35
-1006.0	-20064.5	1423.37	364.0
-1006.0	-20064.5	1421.58	348.643
-1006.0	-20064.5	1419.77	361.067
-1006.0	-20064.5	1417.97	347.105
-1006.0	-20064.5	1416.17	362.3
-1006.0	-20064.5	1414.37	358.059
-1006.0	-20064.5	1412.57	362.145
-1006.0	-20064.5	1410.77	360.68
-1006.0	-20064.5	1408.97	337.025
-1006.0	-20064.5	1407.16	325.859
-1006.0	-20064.5	1405.36	356.289
-1006.0	-20064.5	1403.56	343.738
-1006.0	-20064.5	1401.75	327.035
-1006.0	-20064.5	1399.95	347.747
-1006.0	-20064.5	1398.14	353.213
-1006.0	-20064.5	1396.34	342.058
-1006.0	-20064.5	1394.53	353.061
-1006.0	-20064.5	1392.73	364.059
-1006.0	-20064.5	1390.92	370.9
-1006.0	-20064.5	1389.11	352.833
-1006.0	-20064.5	1387.3	351.373
-1006.0	-20064.5	1385.5	338.85
-1006.0	-20064.5	1383.69	352.605
-1006.0	-20064.5	1381.88	360.823
-1006.0	-20064.5	1380.07	357.981
-1006.0	-20064.5	1378.26	346.849
-1006.0	-20064.5	1376.45	357.827
-1006.0	-20064.5	1374.64	343.937
-1006.0	-20064.5	1372.83	359.053
-1006.0	-20064.5	1371.02	357.595
-1006.0	-20064.5	1369.21	361.658
-1006.0	-20064.5	1367.4	339.499
-1006.0	-20064.5	1365.59	332.527
-1006.0	-20064.5	1363.78	362.803
-1006.0	-20064.5	1361.96	348.933
-1006.0	-20064.5	1360.15	358.509
-1006.0	-20064.5	1358.34	370.839
-1006.0	-20064.5	1356.52	352.841
-1006.0	-20064.5	1354.71	344.496
-1006.0	-20064.5	1352.89	348.555
-1006.0	-20064.5	1351.08	333.328
-1006.0	-20064.5	1349.26	359.42
-1006.0	-20064.5	1347.45	345.574
-1006.0	-20064.5	1345.63	373.029
-1006.0	-20064.5	1343.81	327.534
-1006.0	-20064.5	1342.0	320.583
-1006.0	-20064.5	1340.18	350.776
-1006.0	-20064.5	1338.36	342.448
-1006.0	-20064.5	1336.54	331.374
-1006.0	-20064.5	1334.73	327.178
-1006.0	-20064.5	1332.91	353.22
-1006.0	-20064.5	1331.09	349.021
-1006.0	-20064.5	1329.27	310.478
-1006.0	-20064.5	1327.45	340.628
-1006.0	-20064.5	1325.63	357.032
-1006.0	-20064.5	1323.81	318.513
-1006.0	-20064.5	1321.98	350.013
-1006.0	-20064.5	1320.16	343.075
-1006.0	-20064.5	1318.34	360.836
-1006.0	-20064.5	1316.52	360.758
-1006.0	-20064.5	1314.7	348.336
-1006.0	-20064.5	1312.87	353.744
-1006.0	-20064.5	1311.05	331.734
-1006.0	-20064.5	1309.22	335.773
-1006.0	-20064.5	1307.4	350.772
-1006.0	-20064.5	1305.57	323.297
-1006.0	-20064.5	1303.75	339.662
-1006.0	-20064.5	1301.92	335.479
-1006.0	-20064.5	1300.1	346.358
-1006.0	-20064.5	1298.27	314.802
-1006.0	-20064.5	1296.44	332.522
-1006.0	-20064.5	1294.62	331.081
-1006.0	-20064.5	1292.79	329.641
-1006.0	-20064.5	1290.96	339.141
-1006.0	-20064.5	1289.13	354.106
-1006.0	-20064.5	1287.3	315.755
-1006.0	-20064.5	1285.47	330.718
-1006.0	-20064.5	1283.64	345.675
-1006.0	-20064.5	1281.81	333.305
-1006.0	-20064.5	1279.98	318.209
-1006.0	-20064.5	1278.15	353.64
-1006.0	-20064.5	1276.32	345.371
-1006.0	-20064.5	1274.49	328.918
-1006.0	-20064.5	1272.66	335.668
-1006.0	-20064.5	1270.82	341.051
-1006.0	-20064.5	1268.99	345.068
-1006.0	-20064.5	1267.16	317.72
-1006.0	-20064.5	1265.32	347.642
-1006.0	-20064.5	1263.49	321.669
-1006.0	-20064.5	1261.66	346.126
-1006.0	-20064.5	1259.82	318.802
-1006.0	-20064.5	1257.98	329.629
-1006.0	-20064.5	1256.15	321.385
-1006.0	-20064.5	1254.31	347.183
-1006.0	-20064.5	1252.48	329.411
-1006.0	-20064.5	1250.64	326.616
-1006.0	-20064.5	1248.8	337.429
-1006.0	-20064.5	1246.96	337.354
-1006.0	-20064.5	1245.13	337.28
-1006.0	-20064.5	1243.29	341.284
-1006.0	-20064.5	1241.45	326.255
-1006.0	-20064.5	1239.61	326.183
-1006.0	-20064.5	1237.77	332.905
-1006.0	-20064.5	1235.93	345.058
-1006.0	-20064.5	1234.09	320.534
-1006.0	-20064.5	1232.25	332.684
-1006.0	-20064.5	1230.41	333.968
-1006.0	-20064.5	1228.56	331.18
-1006.0	-20064.5	1226.72	340.605
-1006.0	-20064.5	1224.88	332.39
-1006.0	-20064.5	1223.04	343.167
-1006.0	-20064.5	1221.19	325.462
-1006.0	-20064.5	1219.35	340.303
-1006.0	-20064.5	1217.5	338.872
-1006.0	-20064.5	1215.66	340.152
-1006.0	-20064.5	1213.81	352.271
-1006.0	-20064.5	1211.97	348.129
-1006.0	-20064.5	1210.12	338.572
-1006.0	-20064.5	1208.28	349.328
-1006.0	-20064.5	1206.43	316.762
-1006.0	-20064.5	1204.58	323.459
-1006.0	-20064.5	1202.73	354.508
-1006.0	-20064.5	1200.89	351.724
-1006.0	-20064.5	1199.04	340.825
-1006.0	-20064.5	1197.19	329.932
-1006.0	-20064.5	1195.34	333.914
-1006.0	-20064.5	1193.49	335.192
-1006.0	-20064.5	1191.64	344.576
-1006.0	-20064.5	1189.79	336.393
-1006.0	-20064.5	1187.94	339.02
-1006.0	-20064.5	1186.09	365.952
-1006.0	-20064.5	1184.23	353.72
-1006.0	-20064.5	1182.38	342.843
-1006.0	-20064.5	1180.53	341.417
-1006.0	-20064.5	1178.68	353.483
-1006.0	-20064.5	1176.82	353.404
-1006.0	-20064.5	1174.97	347.931
-1006.0	-20064.5	1173.12	342.46
-1006.0	-20064.5	1171.26	355.864
-1006.0	-20064.5	1169.41	336.917
-1006.0	-20064.5	1167.55	326.063
-1006.0	-20064.5	1165.69	320.602
-1006.0	-20064.5	1163.84	309.756
-1006.0	-20064.5	1161.98	320.458
-1006.0	-20064.5	1160.12	341.925
-1006.0	-20064.5	1158.27	312.24
-1006.0	-20064.5	1156.41	329.662
-1006.0	-20064.5	1154.55	363.22
-1006.0	-20064.5	1152.69	338.93
-1006.0	-20064.5	1150.83	333.475
-1006.0	-20064.5	1148.97	341.467
-1006.0	-20064.5	1147.11	353.487
-1006.0	-20064.5	1145.25	354.751
-1006.0	-20064.5	1143.39	354.672
-1006.0	-20064.5	1141.53	333.102
-1006.0	-20064.5	1139.67	326.313
-1006.0	-20064.5	1137.81	335.638
-1006.0	-20064.5	1135.94	344.958
-1006.0	-20064.5	1134.08	348.907
-1006.0	-20064.5	1132.22	336.753
-1006.0	-20064.5	1130.35	336.678
-1006.0	-20064.5	1128.49	312.464
-1006.0	-20064.5	1126.62	355.297
-1006.0	-20064.5	1124.76	364.6
-1006.0	-20064.5	1122.89	348.437
-1006.0	-20064.5	1121.03	353.718
-1006.0	-20064.5	1119.16	363.015
-1006.0	-20064.5	1117.3	329.453
-1006.0	-20064.5	1115.43	336.073
-1006.0	-20064.5	1113.56	349.384
-1006.0	-20064.5	1111.69	333.245
-1006.0	-20064.5	1109.82	329.156
-1006.0	-20064.5	1107.96	353.162
-1006.0	-20064.5	1106.09	347.732
-1006.0	-20064.5	1104.22	328.934
-1006.0	-20064.5	1102.35	356.934
-1006.0	-20064.5	1100.48	338.142
-1006.0	-20064.5	1098.61	346.083
-1006.0	-20064.5	1096.73	360.7
-1006.0	-20064.5	1094.86	353.941
-1006.0	-20064.5	1092.99	343.178
-1006.0	-20064.5	1091.12	363.126
-1006.0	-20064.5	1089.24	318.998
-1006.0	-20064.5	1087.37	333.605
-1006.0	-20064.5	1085.5	337.532
-1006.0	-20064.5	1083.62	334.788
-1006.0	-20064.5	1081.75	353.382
-1006.0	-20064.5	1079.87	323.971
-1006.0	-20064.5	1078.0	366.552
-1006.0	-20064.5	1076.12	337.151
-1006.0	-20064.5	1074.24	343.737
-1006.0	-20064.5	1072.37	331.671
-1006.0	-20064.5	1070.49	351.572
-1006.0	-20064.5	1068.61	343.504
-1006.0	-20064.5	1066.73	372.71
-1006.0	-20064.5	1064.86	348.671
-1006.0	-20064.5	1062.98	352.584
-1006.0	-20064.5	1061.1	375.118
-1006.0	-20064.5	1059.22	352.424
-1006.0	-20064.5	1057.34	335.06
-1006.0	-20064.5	1055.46	385.497
-1006.0	-20064.5	1053.58	330.921
-1006.0	-20064.5	1051.69	374.693
-1006.0	-20064.5	1049.81	345.383
-1006.0	-20064.5	1047.93	351.946
-1006.0	-20064.5	1046.05	351.866
-1006.0	-20064.5	1044.16	354.441
-1006.0	-20064.5	1042.28	350.379
-1006.0	-20064.5	1040.4	374.184
-1006.0	-20064.5	1038.51	359.506
-1006.0	-20064.5	1036.63	370.035
-1006.0	-20064.5	1034.74	372.603
-1006.0	-20064.5	1032.86	359.261
-1006.0	-20064.5	1030.97	398.941
-1006.0	-20064.5	1029.08	373.674
-1006.0	-20064.5	1027.2	402.734
-1006.0	-20064.5	1025.31	373.504
-1006.0	-20064.5	1023.42	377.392
-1006.0	-20064.5	1021.53	397.164
-1006.0	-20064.5	1019.64	407.662
-1006.0	-20064.5	1017.75	419.479
-1006.0	-20064.5	1015.86	400.862
-1006.0	-20064.5	1013.97	423.256
-1006.0	-20064.5	1012.08	429.772
-1006.0	-20064.5	1010.19	444.217
-1006.0	-20064.5	1008.3	456.012
-1006.0	-20064.5	1006.41	429.478
-1006.0	-20064.5	1004.52	469.015
-1006.0	-20064.5	1002.62	455.7
-1006.0	-20064.5	1000.73	450.314
-1006.0	-20064.5	998.837	509.623
-1006.0	-20064.5	996.943	460.668
-1006.0	-20064.5	995.049	556.899
-1006.0	-20064.5	993.154	536.981
-1006.0	-20064.5	991.258	568.516
-1006.0	-20064.5	989.363	606.63
-1006.0	-20064.5	987.467	682.962
-1006.0	-20064.5	985.57	673.579
-1006.0	-20064.5	983.673	724.822
-1006.0	-20064.5	981.776	772.088
-1006.0	-20064.5	979.878	704.732
-1006.0	-20064.5	977.979	742.762
-1006.0	-20064.5	976.081	737.326
-1006.0	-20064.5	974.181	737.157
-1006.0	-20064.5	972.282	739.621
-1006.0	-20064.5	970.382	742.083
-1006.0	-20064.5	968.481	735.336
-1006.0	-20064.5	966.58	731.222
-1006.0	-20064.5	964.679	717.906
-1006.0	-20064.5	962.777	687.507
-1006.0	-20064.5	960.875	755.691
-1006.0	-20064.5	958.972	716.099
-1006.0	-20064.5	957.069	718.562
-1006.0	-20064.5	955.166	711.831
-1006.0	-20064.5	953.262	737.928
-1006.0	-20064.5	951.357	683.937
-1006.0	-20064.5	949.452	703.467
-1006.0	-20064.5	947.547	705.93
-1006.0	-20064.5	945.641	738.563
-1006.0	-20064.5	943.735	685.932
-1006.0	-20064.5	941.829	698.887
-1006.0	-20064.5	939.922	719.702
-1006.0	-20064.5	938.014	693.324
-1006.0	-20064.5	936.106	594.89
-1006.0	-20064.5	934.198	572.483
-1006.0	-20064.5	932.289	550.086
-1006.0	-20064.5	930.38	514.605
-1006.0	-20064.5	928.47	475.213
-1006.0	-20064.5	926.56	439.765
-1006.0	-20064.5	924.649	438.355
-1006.0	-20064.5	922.738	427.789
-1006.0	-20064.5	920.827	427.69
-1006.0	-20064.5	918.915	409.285
-1006.0	-20064.5	917.003	424.879
-1006.0	-20064.5	915.09	414.325
-1006.0	-20064.5	913.177	424.683
-1006.0	-20064.5	911.263	403.682
-1006.0	-20064.5	909.349	408.814
-1006.0	-20064.5	907.435	373.462
-1006.0	-20064.5	905.52	381.209
-1006.0	-20064.5	903.604	375.901
-1006.0	-20064.5	901.688	391.473
-1006.0	-20064.5	899.772	412.256
-1006.0	-20064.5	897.855	392.596
-1006.0	-20064.5	895.938	410.762
-1006.0	-20064.5	894.021	384.593
-1006.0	-20064.5	892.103	389.718
-1006.0	-20064.5	890.184	419.599
-1006.0	-20064.5	888.265	401.263
-1006.0	-20064.5	886.346	392.053
-1006.0	-20064.5	884.426	401.077
-1006.0	-20064.5	882.506	421.815
-1006.0	-20064.5	880.585	394.384
-1006.0	-20064.5	878.664	392.991
-1006.0	-20064.5	876.742	372.084
-1006.0	-20064.5	874.82	396.711
-1006.0	-20064.5	872.898	412.224
-1006.0	-20064.5	870.975	375.726
-1006.0	-20064.5	869.051	393.836
-1006.0	-20064.5	867.127	408.039
-1006.0	-20064.5	865.203	393.654
-1006.0	-20064.5	863.278	409.149
-1006.0	-20064.5	861.353	393.471
-1006.0	-20064.5	859.428	402.468
-1006.0	-20064.5	857.502	412.758
-1006.0	-20064.5	855.575	397.09
-1006.0	-20064.5	853.648	396.998
-1006.0	-20064.5	851.721	396.906
-1006.0	-20064.5	849.793	382.549
-1006.0	-20064.5	847.865	365.606
-1006.0	-20064.5	845.936	390.148
-1006.0	-20064.5	844.007	377.099
-1006.0	-20064.5	842.077	411.992
-1006.0	-20064.5	840.147	375.628
-1006.0	-20064.5	838.216	385.901
-1006.0	-20064.5	836.285	401.347
-1006.0	-20064.5	834.354	399.959
-1006.0	-20064.5	832.422	407.631
-1006.0	-20064.5	830.49	381.66
-1006.0	-20064.5	828.557	404.854
-1006.0	-20064.5	826.624	387.948
-1006.0	-20064.5	824.69	403.372
-1006.0	-20064.5	822.756	420.081
-1006.0	-20064.5	820.821	412.23
-1006.0	-20064.5	818.886	419.886
-1006.0	-20064.5	816.951	414.621
-1006.0	-20064.5	815.015	404.193
-1006.0	-20064.5	813.078	395.062
-1006.0	-20064.5	811.141	419.494
-1006.0	-20064.5	809.204	411.653
-1006.0	-20064.5	807.266	397.365
-1006.0	-20064.5	805.328	402.432
-1006.0	-20064.5	803.389	408.786
-1006.0	-20064.5	801.45	395.798
-1006.0	-20064.5	799.511	395.705
-1006.0	-20064.5	797.571	423.962
-1006.0	-20064.5	795.63	390.366
-1006.0	-20064.5	793.689	368.379
-1006.0	-20064.5	791.748	382.457
-1006.0	-20064.5	789.806	399.104
-1006.0	-20064.5	787.864	410.595
-1006.0	-20064.5	785.921	407.925
-1006.0	-20064.5	783.978	394.964
-1006.0	-20064.5	782.034	389.727
-1006.0	-20064.5	780.09	394.779
-1006.0	-20064.5	778.145	372.831
-1006.0	-20064.5	776.2	389.453
-1006.0	-20064.5	774.255	399.641
-1006.0	-20064.5	772.309	398.263
-1006.0	-20064.5	770.362	378.903
-1006.0	-20064.5	768.416	394.224
-1006.0	-20064.5	766.468	391.563
-1006.0	-20064.5	764.52	372.219
-1006.0	-20064.5	762.572	374.697
-1006.0	-20064.5	760.624	381.024
-1006.0	-20064.5	758.674	401.456
-1006.0	-20064.5	756.725	389.821
-1006.0	-20064.5	754.775	396.139
-1006.0	-20064.5	752.824	381.947
-1006.0	-20064.5	750.873	393.39
-1006.0	-20064.5	748.922	367.675
-1006.0	-20064.5	746.97	361.184
-1006.0	-20064.5	745.017	375.185
-1006.0	-20064.5	743.065	409.662
-1006.0	-20064.5	741.111	385.247
-1006.0	-20064.5	739.158	385.156
-1006.0	-20064.5	737.203	387.624
-1006.0	-20064.5	735.249	370.905
-1006.0	-20064.5	733.294	370.818
-1006.0	-20064.5	731.338	369.452
-1006.0	-20064.5	729.382	380.867
-1006.0	-20064.5	727.425	385.888
-1006.0	-20064.5	725.468	371.745
-1006.0	-20064.5	723.511	383.152
-1006.0	-20064.5	721.553	408.598
-1006.0	-20064.5	719.595	380.417
-1006.0	-20064.5	717.636	410.958
-1006.0	-20064.5	715.676	410.86
-1006.0	-20064.5	713.717	394.179
-1006.0	-20064.5	711.756	409.39
-1006.0	-20064.5	709.796	387.617
-1006.0	-20064.5	707.835	386.251
-1006.0	-20064.5	705.873	396.355
-1006.0	-20064.5	703.911	388.616
-1006.0	-20064.5	701.948	387.25
-1006.0	-20064.5	699.985	397.346
-1006.0	-20064.5	698.022	393.432
-1006.0	-20064.5	696.058	372.972
-1006.0	-20064.5	694.093	393.245
-1006.0	-20064.5	692.129	394.424
-1006.0	-20064.5	690.163	387.97
-1006.0	-20064.5	688.197	394.236
-1006.0	-20064.5	686.231	391.6
-1006.0	-20064.5	684.264	377.524
-1006.0	-20064.5	682.297	396.497
-1006.0	-20064.5	680.329	411.649
-1006.0	-20064.5	678.361	403.929
-1006.0	-20064.5	676.393	415.262
-1006.0	-20064.5	674.423	394.849
-1006.0	-20064.5	672.454	398.563
-1006.0	-20064.5	670.484	398.468
-1006.0	-20064.5	668.513	390.761
-1006.0	-20064.5	666.542	400.815
-1006.0	-20064.5	664.571	386.77
-1006.0	-20064.5	662.599	414.569
-1006.0	-20064.5	660.627	390.388
-1006.0	-20064.5	658.654	424.508
-1006.0	-20064.5	656.68	433.275
-1006.0	-20064.5	654.707	410.373
-1006.0	-20064.5	652.732	402.677
-1006.0	-20064.5	650.758	405.113
-1006.0	-20064.5	648.782	405.016
-1006.0	-20064.5	646.807	391.0
-1006.0	-20064.5	644.83	421.268
-1006.0	-20064.5	642.854	433.814
-1006.0	-20064.5	640.877	391.983
-1006.0	-20064.5	638.899	418.436
-1006.0	-20064.5	636.921	408.225
-1006.0	-20064.5	634.942	427.08
-1006.0	-20064.5	632.963	413.082
-1006.0	-20064.5	630.984	411.72
-1006.0	-20064.5	629.004	430.561
-1006.0	-20064.5	627.023	402.686
-1006.0	-20064.5	625.042	441.712
-1006.0	-20064.5	623.061	416.371
-1006.0	-20064.5	621.079	430.147
-1006.0	-20064.5	619.097	431.304
-1006.0	-20064.5	617.114	422.374
-1006.0	-20064.5	615.131	402.104
-1006.0	-20064.5	613.147	422.171
-1006.0	-20064.5	611.163	423.329
-1006.0	-20064.5	609.178	439.602
-1006.0	-20064.5	607.193	415.569
-1006.0	-20064.5	605.207	415.469
-1006.0	-20064.5	603.221	407.816
-1006.0	-20064.5	601.234	408.976
-1006.0	-20064.5	599.247	398.813
-1006.0	-20064.5	597.259	435.192
-1006.0	-20064.5	595.271	399.877
-1006.0	-20064.5	593.283	399.781
-1006.0	-20064.5	591.294	360.721
-1006.0	-20064.5	589.304	394.561
-1006.0	-20064.5	587.314	424.616
-1006.0	-20064.5	585.323	429.537
-1006.0	-20064.5	583.332	403.064
-1006.0	-20064.5	581.341	401.711
-1006.0	-20064.5	579.349	380.278
-1006.0	-20064.5	577.357	402.771
-1006.0	-20064.5	575.364	411.454
-1006.0	-20064.5	573.37	411.354
-1006.0	-20064.5	571.376	388.685
-1006.0	-20064.5	569.382	412.408
-1006.0	-20064.5	567.387	428.599
-1006.0	-20064.5	565.392	399.678
-1006.0	-20064.5	563.396	429.643
-1006.0	-20064.5	561.399	433.295
-1006.0	-20064.5	559.403	441.954
-1006.0	-20064.5	557.405	451.86
-1006.0	-20064.5	555.408	445.493
-1006.0	-20064.5	553.409	452.89
-1006.0	-20064.5	551.411	447.777
-1006.0	-20064.5	549.411	472.677
-1006.0	-20064.5	547.412	486.313
-1006.0	-20064.5	545.411	489.944
-1006.0	-20064.5	543.411	503.57
-1006.0	-20064.5	541.409	542.173
-1006.0	-20064.5	539.408	574.513
-1006.0	-20064.5	537.406	611.831
-1006.0	-20064.5	535.403	704.058
-1006.0	-20064.5	533.4	758.799
-1006.0	-20064.5	531.396	910.835
-1006.0	-20064.5	529.392	1155.1
-1006.0	-20064.5	527.387	1521.47
-1006.0	-20064.5	525.382	2625.76
-1006.0	-20064.5	523.376	5955.75
-1006.0	-20064.5	521.37	11817.6
-1006.0	-20064.5	519.364	11597.9
-1006.0	-20064.5	517.357	6655.12
-1006.0	-20064.5	515.349	3532.83
-1006.0	-20064.5	513.341	2056.68
-1006.0	-20064.5	511.332	1457.49
-1006.0	-20064.5	509.323	1127.38
-1006.0	-20064.5	507.314	950.451
-1006.0	-20064.5	505.304	827.086
-1006.0	-20064.5	503.293	760.981
-1006.0	-20064.5	501.282	712.311
-1006.0	-20064.5	499.27	623.895
-1006.0	-20064.5	497.258	585.223
-1006.0	-20064.5	495.246	585.079
-1006.0	-20064.5	493.233	527.807
-1006.0	-20064.5	491.219	556.233
-1006.0	-20064.5	489.205	507.685
-1006.0	-20064.5	487.191	517.488
-1006.0	-20064.5	485.176	501.231
-1006.0	-20064.5	483.16	476.299
-1006.0	-20064.5	481.144	488.582
-1006.0	-20064.5	479.128	459.947
-1006.0	-20064.5	477.111	477.185
-1006.0	-20064.5	475.093	472.11
-1006.0	-20064.5	473.075	441.022
-1006.0	-20064.5	471.056	440.913
-1006.0	-20064.5	469.037	451.947
-1006.0	-20064.5	467.018	455.548
-1006.0	-20064.5	464.998	423.258
-1006.0	-20064.5	462.977	419.44
-1006.0	-20064.5	460.956	427.995
-1006.0	-20064.5	458.935	421.705
-1006.0	-20064.5	456.913	394.4
-1006.0	-20064.5	454.89	433.855
-1006.0	-20064.5	452.867	442.397
-1006.0	-20064.5	450.843	444.758
-1006.0	-20064.5	448.819	453.293
-1006.0	-20064.5	446.795	438.362
-1006.0	-20064.5	444.77	449.363
-1006.0	-20064.5	442.744	449.25
-1006.0	-20064.5	440.718	419.524
-1006.0	-20064.5	438.691	473.697
-1006.0	-20064.5	436.664	471.112
-1006.0	-20064.5	434.637	466.062
-1006.0	-20064.5	432.608	478.272
-1006.0	-20064.5	430.58	452.273
-1006.0	-20064.5	428.551	471.872
-1006.0	-20064.5	426.521	448.35
-1006.0	-20064.5	424.491	429.766
-1006.0	-20064.5	422.46	471.516
-1006.0	-20064.5	420.429	455.397
-1006.0	-20064.5	418.397	468.818
-1006.0	-20064.5	416.365	472.391
-1006.0	-20064.5	414.332	437.835
-1006.0	-20064.5	412.299	464.775
-1006.0	-20064.5	410.265	436.385
-1006.0	-20064.5	408.231	448.565
-1006.0	-20064.5	406.196	439.851
-1006.0	-20064.5	404.161	474.133
-1006.0	-20064.5	402.125	467.873
-1006.0	-20064.5	400.089	433.379
-1006.0	-20064.5	398.052	438.179
-1006.0	-20064.5	396.015	440.523
-1006.0	-20064.5	393.977	457.586
-1006.0	-20064.5	391.938	452.564
-1006.0	-20064.5	389.899	446.319
-1006.0	-20064.5	387.86	442.528
-1006.0	-20064.5	385.82	460.799
-1006.0	-20064.5	383.78	469.258
-1006.0	-20064.5	381.739	460.565
-1006.0	-20064.5	379.697	489.838
-1006.0	-20064.5	377.655	448.088
-1006.0	-20064.5	375.613	471.229
-1006.0	-20064.5	373.57	436.847
-1006.0	-20064.5	371.526	455.085
-1006.0	-20064.5	369.482	468.423
-1006.0	-20064.5	367.437	474.417
-1006.0	-20064.5	365.392	454.737
-1006.0	-20064.5	363.346	450.955
-1006.0	-20064.5	361.3	472.832
-1006.0	-20064.5	359.254	470.268
-1006.0	-20064.5	357.206	462.821
-1006.0	-20064.5	355.159	445.611
-1006.0	-20064.5	353.11	468.687
-1006.0	-20064.5	351.062	466.126
-1006.0	-20064.5	349.012	466.007
-1006.0	-20064.5	346.962	480.522
-1006.0	-20064.5	344.912	465.768
-1006.0	-20064.5	342.861	474.181
-1006.0	-20064.5	340.81	481.371
-1006.0	-20064.5	338.758	481.247
-1006.0	-20064.5	336.705	492.086
-1006.0	-20064.5	334.652	478.564
-1006.0	-20064.5	332.599	467.484
-1006.0	-20064.5	330.545	477.1
-1006.0	-20064.5	328.49	479.411
-1006.0	-20064.5	326.435	504.833
-1006.0	-20064.5	324.379	507.135
-1006.0	-20064.5	322.323	492.414
-1006.0	-20064.5	320.266	498.364
-1006.0	-20064.5	318.209	497.02
-1006.0	-20064.5	316.151	513.9
-1006.0	-20064.5	314.093	501.621
-1006.0	-20064.5	312.034	497.848
-1006.0	-20064.5	309.975	509.859
-1006.0	-20064.5	307.915	512.154
-1006.0	-20064.5	305.854	541.141
-1006.0	-20064.5	303.793	571.325
-1006.0	-20064.5	301.732	526.307
-1006.0	-20064.5	299.67	532.232
-1006.0	-20064.5	297.607	523.609
-1006.0	-20064.5	295.544	514.991
-1006.0	-20064.5	293.48	519.702
-1006.0	-20064.5	291.416	507.455
-1006.0	-20064.5	289.351	508.534
-1006.0	-20064.5	287.286	479.35
-1006.0	-20064.5	285.22	503.428
-1006.0	-20064.5	283.154	488.778
-1006.0	-20064.5	281.087	487.44
-1006.0	-20064.5	279.019	475.221
-1006.0	-20064.5	276.951	472.678
-1006.0	-20064.5	274.883	470.137
-1006.0	-20064.5	272.814	490.555
-1006.0	-20064.5	270.744	498.881
-1006.0	-20064.5	268.674	481.844
-1006.0	-20064.5	266.603	510.692
-1006.0	-20064.5	264.532	509.351
-1006.0	-20064.5	262.46	474.224
-1006.0	-20064.5	260.388	484.956
-1006.0	-20064.5	258.315	466.738
-1006.0	-20064.5	256.241	494.346
-1006.0	-20064.5	254.167	1551.35
-1006.0	-20064.5	252.093	1564.2
-1006.0	-20064.5	250.018	780.689
-1006.0	-20064.5	247.942	549.229
-1006.0	-20064.5	245.866	478.04
-1006.0	-20064.5	243.789	445.41
-1006.0	-20064.5	241.712	487.414
-1006.0	-20064.5	239.634	493.301
-1006.0	-20064.5	237.556	475.127
-1006.0	-20064.5	235.477	497.849
-1006.0	-20064.5	233.397	501.324
-1006.0	-20064.5	231.317	501.191
-1006.0	-20064.5	229.237	446.986
-1006.0	-20064.5	227.155	456.477
-1006.0	-20064.5	225.074	467.164
-1006.0	-20064.5	222.991	465.839
-1006.0	-20064.5	220.909	468.115
-1006.0	-20064.5	218.825	446.391
-1006.0	-20064.5	216.741	464.266
-1006.0	-20064.5	214.657	458.146
-1006.0	-20064.5	212.572	459.222
-1006.0	-20064.5	210.486	445.914
-1006.0	-20064.5	208.4	435.009
-1006.0	-20064.5	206.313	426.506
-1006.0	-20064.5	204.226	440.764
-1006.0	-20064.5	202.138	445.435
-1006.0	-20064.5	200.05	446.513
-1006.0	-20064.5	197.961	414.08
-1006.0	-20064.5	195.871	451.058
-1006.0	-20064.5	193.781	452.133
-1006.0	-20064.5	191.691	437.662
-1006.0	-20064.5	189.599	424.393
-1006.0	-20064.5	187.508	446.987
-1006.0	-20064.5	185.415	462.399
-1006.0	-20064.5	183.322	435.995
-1006.0	-20064.5	181.229	460.955
-1006.0	-20064.5	179.135	436.953
-1006.0	-20064.5	177.04	443.996
-1006.0	-20064.5	174.945	443.875
-1006.0	-20064.5	172.849	435.405
-1006.0	-20064.5	170.753	456.753
-1006.0	-20064.5	168.656	433.976
-1006.0	-20064.5	166.558	452.929
-1006.0	-20064.5	164.46	450.422
-1006.0	-20064.5	162.362	443.152
-1006.0	-20064.5	160.263	431.122
-1006.0	-20064.5	158.163	444.101
-1006.0	-20064.5	156.063	443.98
-1006.0	-20064.5	153.962	456.948
-1006.0	-20064.5	151.86	443.737
-1006.0	-20064.5	149.758	438.859
-1006.0	-20064.5	147.656	463.707
-1006.0	-20064.5	145.552	455.26
-1006.0	-20064.5	143.449	469.395
-1006.0	-20064.5	141.344	427.685
-1006.0	-20064.5	139.239	450.134
-1006.0	-20064.5	137.134	438.137
-1006.0	-20064.5	135.028	449.887
-1006.0	-20064.5	132.921	455.696
-1006.0	-20064.5	130.814	461.503
-1006.0	-20064.5	128.706	459.003
-1006.0	-20064.5	126.598	481.406
-1006.0	-20064.5	124.489	459.935
-1006.0	-20064.5	122.379	446.773
-1006.0	-20064.5	120.269	446.649
-1006.0	-20064.5	118.158	444.157
-1006.0	-20064.5	116.047	432.193
-1006.0	-20064.5	113.935	429.705
-1006.0	-20064.5	111.822	423.669
-1006.0	-20064.5	109.709	427.101
-1006.0	-20064.5	107.596	425.799
-1006.0	-20064.5	105.481	417.404
-1006.0	-20064.5	103.367	413.741
-1006.0	-20064.5	101.251	444.352
-1006.0	-20064.5	99.1351	404.059
-1006.0	-20064.5	97.0184	408.67
-1006.0	-20064.5	94.9012	432.172
-1006.0	-20064.5	92.7834	400.179
-1006.0	-20064.5	90.665	404.787
-1006.0	-20064.5	88.546	388.157
-1006.0	-20064.5	86.4265	421.073
-1006.0	-20064.5	84.3063	390.298
-1006.0	-20064.5	82.1855	407.87
-1006.0	-20064.5	80.0641	386.543
-1006.0	-20064.5	77.9422	378.187
