-1002.0	-20070.5	1979.41	425.512
-1002.0	-20070.5	1977.72	434.306
-1002.0	-20070.5	1976.02	456.39
-1002.0	-20070.5	1974.33	428.258
-1002.0	-20070.5	1972.64	450.335
-1002.0	-20070.5	1970.94	432.546
-1002.0	-20070.5	1969.25	442.807
-1002.0	-20070.5	1967.56	439.783
-1002.0	-20070.5	1965.86	416.102
-1002.0	-20070.5	1964.17	417.508
-1002.0	-20070.5	1962.47	427.765
-1002.0	-20070.5	1960.78	438.018
-1002.0	-20070.5	1959.08	458.589
-1002.0	-20070.5	1957.39	446.718
-1002.0	-20070.5	1955.69	428.955
-1002.0	-20070.5	1953.99	448.044
-1002.0	-20070.5	1952.3	437.654
-1002.0	-20070.5	1950.6	411.061
-1002.0	-20070.5	1948.9	466.97
-1002.0	-20070.5	1947.21	452.163
-1002.0	-20070.5	1945.51	427.053
-1002.0	-20070.5	1943.81	443.177
-1002.0	-20070.5	1942.11	431.326
-1002.0	-20070.5	1940.41	447.444
-1002.0	-20070.5	1938.71	407.635
-1002.0	-20070.5	1937.01	467.892
-1002.0	-20070.5	1935.32	453.102
-1002.0	-20070.5	1933.62	447.141
-1002.0	-20070.5	1931.92	445.595
-1002.0	-20070.5	1930.22	445.519
-1002.0	-20070.5	1928.51	439.563
-1002.0	-20070.5	1926.81	424.79
-1002.0	-20070.5	1925.11	432.065
-1002.0	-20070.5	1923.41	427.584
-1002.0	-20070.5	1921.71	446.609
-1002.0	-20070.5	1920.01	462.69
-1002.0	-20070.5	1918.31	439.113
-1002.0	-20070.5	1916.6	459.594
-1002.0	-20070.5	1914.9	437.494
-1002.0	-20070.5	1913.2	397.787
-1002.0	-20070.5	1911.49	406.524
-1002.0	-20070.5	1909.79	413.79
-1002.0	-20070.5	1908.09	404.916
-1002.0	-20070.5	1906.38	450.318
-1002.0	-20070.5	1904.68	426.775
-1002.0	-20070.5	1902.97	370.98
-1002.0	-20070.5	1901.27	426.627
-1002.0	-20070.5	1899.56	445.608
-1002.0	-20070.5	1897.85	420.616
-1002.0	-20070.5	1896.15	414.681
-1002.0	-20070.5	1894.44	398.493
-1002.0	-20070.5	1892.74	449.692
-1002.0	-20070.5	1891.03	405.677
-1002.0	-20070.5	1889.32	429.034
-1002.0	-20070.5	1887.61	450.919
-1002.0	-20070.5	1885.91	418.637
-1002.0	-20070.5	1884.2	427.345
-1002.0	-20070.5	1882.49	450.681
-1002.0	-20070.5	1880.78	402.323
-1002.0	-20070.5	1879.07	430.044
-1002.0	-20070.5	1877.36	409.493
-1002.0	-20070.5	1875.65	412.345
-1002.0	-20070.5	1873.94	444.435
-1002.0	-20070.5	1872.23	466.282
-1002.0	-20070.5	1870.52	431.125
-1002.0	-20070.5	1868.81	455.888
-1002.0	-20070.5	1867.1	432.432
-1002.0	-20070.5	1865.39	403.142
-1002.0	-20070.5	1863.68	442.501
-1002.0	-20070.5	1861.96	400.078
-1002.0	-20070.5	1860.25	411.685
-1002.0	-20070.5	1858.54	389.717
-1002.0	-20070.5	1856.82	446.562
-1002.0	-20070.5	1855.11	423.137
-1002.0	-20070.5	1853.4	412.849
-1002.0	-20070.5	1851.68	412.774
-1002.0	-20070.5	1849.97	430.2
-1002.0	-20070.5	1848.25	441.787
-1002.0	-20070.5	1846.54	443.165
-1002.0	-20070.5	1844.82	400.817
-1002.0	-20070.5	1843.11	421.146
-1002.0	-20070.5	1841.39	441.467
-1002.0	-20070.5	1839.68	423.906
-1002.0	-20070.5	1837.96	409.265
-1002.0	-20070.5	1836.24	444.139
-1002.0	-20070.5	1834.53	420.763
-1002.0	-20070.5	1832.81	438.155
-1002.0	-20070.5	1831.09	429.343
-1002.0	-20070.5	1829.37	408.892
-1002.0	-20070.5	1827.65	411.727
-1002.0	-20070.5	1825.94	392.742
-1002.0	-20070.5	1824.22	402.851
-1002.0	-20070.5	1822.5	411.501
-1002.0	-20070.5	1820.78	423.056
-1002.0	-20070.5	1819.06	427.339
-1002.0	-20070.5	1817.34	441.793
-1002.0	-20070.5	1815.62	406.84
-1002.0	-20070.5	1813.9	409.67
-1002.0	-20070.5	1812.18	415.405
-1002.0	-20070.5	1810.45	431.302
-1002.0	-20070.5	1808.73	402.184
-1002.0	-20070.5	1807.01	400.658
-1002.0	-20070.5	1805.29	404.938
-1002.0	-20070.5	1803.56	420.825
-1002.0	-20070.5	1801.84	416.394
-1002.0	-20070.5	1800.12	406.163
-1002.0	-20070.5	1798.39	398.836
-1002.0	-20070.5	1796.67	381.361
-1002.0	-20070.5	1794.95	429.132
-1002.0	-20070.5	1793.22	395.714
-1002.0	-20070.5	1791.5	402.886
-1002.0	-20070.5	1789.77	408.607
-1002.0	-20070.5	1788.04	408.53
-1002.0	-20070.5	1786.32	422.938
-1002.0	-20070.5	1784.59	385.207
-1002.0	-20070.5	1782.87	393.822
-1002.0	-20070.5	1781.14	416.91
-1002.0	-20070.5	1779.41	419.726
-1002.0	-20070.5	1777.68	405.176
-1002.0	-20070.5	1775.96	441.27
-1002.0	-20070.5	1774.23	422.382
-1002.0	-20070.5	1772.5	399.162
-1002.0	-20070.5	1770.77	387.519
-1002.0	-20070.5	1769.04	423.588
-1002.0	-20070.5	1767.31	384.482
-1002.0	-20070.5	1765.58	408.977
-1002.0	-20070.5	1763.85	442.131
-1002.0	-20070.5	1762.12	408.821
-1002.0	-20070.5	1760.39	423.187
-1002.0	-20070.5	1758.66	420.219
-1002.0	-20070.5	1756.93	407.145
-1002.0	-20070.5	1755.19	404.18
-1002.0	-20070.5	1753.46	398.33
-1002.0	-20070.5	1751.73	389.596
-1002.0	-20070.5	1750.0	438.573
-1002.0	-20070.5	1748.26	419.738
-1002.0	-20070.5	1746.53	426.868
-1002.0	-20070.5	1744.8	402.275
-1002.0	-20070.5	1743.06	390.666
-1002.0	-20070.5	1741.33	402.121
-1002.0	-20070.5	1739.59	433.746
-1002.0	-20070.5	1737.86	433.663
-1002.0	-20070.5	1736.12	430.699
-1002.0	-20070.5	1734.39	396.051
-1002.0	-20070.5	1732.65	414.694
-1002.0	-20070.5	1730.91	393.019
-1002.0	-20070.5	1729.18	385.747
-1002.0	-20070.5	1727.44	438.918
-1002.0	-20070.5	1725.7	402.863
-1002.0	-20070.5	1723.96	404.224
-1002.0	-20070.5	1722.23	453.046
-1002.0	-20070.5	1720.49	385.374
-1002.0	-20070.5	1718.75	386.737
-1002.0	-20070.5	1717.01	419.722
-1002.0	-20070.5	1715.27	386.587
-1002.0	-20070.5	1713.53	400.88
-1002.0	-20070.5	1711.79	389.31
-1002.0	-20070.5	1710.05	382.052
-1002.0	-20070.5	1708.31	397.774
-1002.0	-20070.5	1706.57	396.261
-1002.0	-20070.5	1704.82	403.361
-1002.0	-20070.5	1703.08	380.319
-1002.0	-20070.5	1701.34	393.159
-1002.0	-20070.5	1699.6	375.867
-1002.0	-20070.5	1697.85	405.914
-1002.0	-20070.5	1696.11	400.098
-1002.0	-20070.5	1694.37	400.02
-1002.0	-20070.5	1692.62	412.843
-1002.0	-20070.5	1690.88	374.065
-1002.0	-20070.5	1689.13	412.681
-1002.0	-20070.5	1687.39	392.543
-1002.0	-20070.5	1685.64	425.409
-1002.0	-20070.5	1683.9	395.252
-1002.0	-20070.5	1682.15	405.197
-1002.0	-20070.5	1680.41	403.685
-1002.0	-20070.5	1678.66	393.587
-1002.0	-20070.5	1676.91	379.2
-1002.0	-20070.5	1675.16	381.986
-1002.0	-20070.5	1673.42	404.797
-1002.0	-20070.5	1671.67	380.405
-1002.0	-20070.5	1669.92	404.636
-1002.0	-20070.5	1668.17	403.127
-1002.0	-20070.5	1666.42	374.462
-1002.0	-20070.5	1664.67	375.816
-1002.0	-20070.5	1662.92	354.312
-1002.0	-20070.5	1661.17	399.95
-1002.0	-20070.5	1659.42	404.154
-1002.0	-20070.5	1657.67	402.646
-1002.0	-20070.5	1655.92	385.435
-1002.0	-20070.5	1654.17	372.513
-1002.0	-20070.5	1652.42	393.843
-1002.0	-20070.5	1650.66	359.524
-1002.0	-20070.5	1648.91	383.701
-1002.0	-20070.5	1647.16	392.181
-1002.0	-20070.5	1645.41	382.122
-1002.0	-20070.5	1643.65	379.194
-1002.0	-20070.5	1641.9	397.647
-1002.0	-20070.5	1640.14	389.017
-1002.0	-20070.5	1638.39	398.912
-1002.0	-20070.5	1636.63	403.105
-1002.0	-20070.5	1634.88	353.18
-1002.0	-20070.5	1633.12	361.652
-1002.0	-20070.5	1631.37	378.662
-1002.0	-20070.5	1629.61	385.702
-1002.0	-20070.5	1627.85	384.201
-1002.0	-20070.5	1626.09	401.196
-1002.0	-20070.5	1624.34	384.046
-1002.0	-20070.5	1622.58	368.326
-1002.0	-20070.5	1620.82	371.095
-1002.0	-20070.5	1619.06	365.334
-1002.0	-20070.5	1617.3	389.421
-1002.0	-20070.5	1615.54	372.291
-1002.0	-20070.5	1613.78	382.16
-1002.0	-20070.5	1612.02	382.083
-1002.0	-20070.5	1610.26	401.887
-1002.0	-20070.5	1608.5	390.447
-1002.0	-20070.5	1606.74	377.592
-1002.0	-20070.5	1604.98	377.515
-1002.0	-20070.5	1603.22	371.762
-1002.0	-20070.5	1601.46	385.873
-1002.0	-20070.5	1599.69	371.611
-1002.0	-20070.5	1597.93	405.569
-1002.0	-20070.5	1596.17	382.802
-1002.0	-20070.5	1594.4	375.637
-1002.0	-20070.5	1592.64	368.474
-1002.0	-20070.5	1590.88	368.399
-1002.0	-20070.5	1589.11	362.657
-1002.0	-20070.5	1587.35	379.579
-1002.0	-20070.5	1585.58	351.18
-1002.0	-20070.5	1583.81	382.255
-1002.0	-20070.5	1582.05	379.346
-1002.0	-20070.5	1580.28	390.59
-1002.0	-20070.5	1578.51	382.02
-1002.0	-20070.5	1576.75	346.577
-1002.0	-20070.5	1574.98	367.721
-1002.0	-20070.5	1573.21	378.957
-1002.0	-20070.5	1571.44	378.879
-1002.0	-20070.5	1569.67	381.628
-1002.0	-20070.5	1567.91	375.897
-1002.0	-20070.5	1566.14	375.82
-1002.0	-20070.5	1564.37	395.518
-1002.0	-20070.5	1562.6	399.674
-1002.0	-20070.5	1560.83	378.412
-1002.0	-20070.5	1559.05	396.686
-1002.0	-20070.5	1557.28	369.787
-1002.0	-20070.5	1555.51	382.411
-1002.0	-20070.5	1553.74	392.208
-1002.0	-20070.5	1551.97	393.537
-1002.0	-20070.5	1550.19	370.892
-1002.0	-20070.5	1548.42	382.095
-1002.0	-20070.5	1546.65	365.1
-1002.0	-20070.5	1544.87	348.112
-1002.0	-20070.5	1543.1	367.767
-1002.0	-20070.5	1541.32	378.961
-1002.0	-20070.5	1539.55	363.389
-1002.0	-20070.5	1537.77	353.456
-1002.0	-20070.5	1536.0	381.54
-1002.0	-20070.5	1534.22	364.57
-1002.0	-20070.5	1532.45	385.604
-1002.0	-20070.5	1530.67	381.302
-1002.0	-20070.5	1528.89	347.462
-1002.0	-20070.5	1527.11	348.796
-1002.0	-20070.5	1525.34	397.938
-1002.0	-20070.5	1523.56	368.332
-1002.0	-20070.5	1521.78	392.15
-1002.0	-20070.5	1520.0	352.721
-1002.0	-20070.5	1518.22	384.961
-1002.0	-20070.5	1516.44	376.453
-1002.0	-20070.5	1514.66	355.308
-1002.0	-20070.5	1512.88	377.7
-1002.0	-20070.5	1511.1	356.564
-1002.0	-20070.5	1509.32	355.086
-1002.0	-20070.5	1507.54	411.139
-1002.0	-20070.5	1505.76	387.204
-1002.0	-20070.5	1503.97	364.681
-1002.0	-20070.5	1502.19	366.007
-1002.0	-20070.5	1500.41	396.775
-1002.0	-20070.5	1498.62	349.032
-1002.0	-20070.5	1496.84	361.572
-1002.0	-20070.5	1495.06	386.717
-1002.0	-20070.5	1493.27	364.222
-1002.0	-20070.5	1491.49	365.546
-1002.0	-20070.5	1489.7	365.469
-1002.0	-20070.5	1487.91	354.192
-1002.0	-20070.5	1486.13	383.511
-1002.0	-20070.5	1484.34	369.436
-1002.0	-20070.5	1482.55	374.954
-1002.0	-20070.5	1480.77	387.465
-1002.0	-20070.5	1478.98	344.029
-1002.0	-20070.5	1477.19	359.337
-1002.0	-20070.5	1475.4	352.272
-1002.0	-20070.5	1473.61	371.764
-1002.0	-20070.5	1471.83	375.877
-1002.0	-20070.5	1470.04	370.21
-1002.0	-20070.5	1468.25	368.734
-1002.0	-20070.5	1466.46	372.846
-1002.0	-20070.5	1464.67	351.825
-1002.0	-20070.5	1462.87	362.917
-1002.0	-20070.5	1461.08	367.027
-1002.0	-20070.5	1459.29	394.854
-1002.0	-20070.5	1457.5	371.056
-1002.0	-20070.5	1455.71	365.399
-1002.0	-20070.5	1453.91	363.927
-1002.0	-20070.5	1452.12	375.002
-1002.0	-20070.5	1450.33	360.984
-1002.0	-20070.5	1448.53	363.695
-1002.0	-20070.5	1446.74	346.899
-1002.0	-20070.5	1444.94	377.469
-1002.0	-20070.5	1443.15	375.996
-1002.0	-20070.5	1441.35	374.523
-1002.0	-20070.5	1439.56	363.308
-1002.0	-20070.5	1437.76	363.23
-1002.0	-20070.5	1435.96	349.239
-1002.0	-20070.5	1434.17	370.031
-1002.0	-20070.5	1432.37	390.814
-1002.0	-20070.5	1430.57	374.045
-1002.0	-20070.5	1428.77	360.063
-1002.0	-20070.5	1426.97	347.477
-1002.0	-20070.5	1425.17	359.909
-1002.0	-20070.5	1423.37	376.504
-1002.0	-20070.5	1421.58	356.977
-1002.0	-20070.5	1419.77	337.458
-1002.0	-20070.5	1417.97	351.27
-1002.0	-20070.5	1416.17	365.076
-1002.0	-20070.5	1414.37	391.367
-1002.0	-20070.5	1412.57	362.145
-1002.0	-20070.5	1410.77	359.293
-1002.0	-20070.5	1408.97	373.085
-1002.0	-20070.5	1407.16	371.618
-1002.0	-20070.5	1405.36	341.039
-1002.0	-20070.5	1403.56	345.124
-1002.0	-20070.5	1401.75	372.765
-1002.0	-20070.5	1399.95	379.612
-1002.0	-20070.5	1398.14	354.598
-1002.0	-20070.5	1396.34	337.903
-1002.0	-20070.5	1394.53	330.908
-1002.0	-20070.5	1392.73	359.906
-1002.0	-20070.5	1390.92	362.596
-1002.0	-20070.5	1389.11	347.298
-1002.0	-20070.5	1387.3	352.757
-1002.0	-20070.5	1385.5	360.979
-1002.0	-20070.5	1383.69	369.198
-1002.0	-20070.5	1381.88	366.353
-1002.0	-20070.5	1380.07	359.363
-1002.0	-20070.5	1378.26	355.14
-1002.0	-20070.5	1376.45	375.787
-1002.0	-20070.5	1374.64	375.706
-1002.0	-20070.5	1372.83	375.625
-1002.0	-20070.5	1371.02	350.691
-1002.0	-20070.5	1369.21	356.137
-1002.0	-20070.5	1367.4	353.3
-1002.0	-20070.5	1365.59	347.704
-1002.0	-20070.5	1363.78	331.075
-1002.0	-20070.5	1361.96	337.899
-1002.0	-20070.5	1360.15	343.342
-1002.0	-20070.5	1358.34	341.889
-1002.0	-20070.5	1356.52	339.058
-1002.0	-20070.5	1354.71	337.607
-1002.0	-20070.5	1352.89	373.353
-1002.0	-20070.5	1351.08	341.592
-1002.0	-20070.5	1349.26	353.912
-1002.0	-20070.5	1347.45	356.589
-1002.0	-20070.5	1345.63	359.264
-1002.0	-20070.5	1343.81	339.919
-1002.0	-20070.5	1342.0	350.853
-1002.0	-20070.5	1340.18	357.654
-1002.0	-20070.5	1338.36	331.446
-1002.0	-20070.5	1336.54	335.499
-1002.0	-20070.5	1334.73	362.92
-1002.0	-20070.5	1332.91	336.727
-1002.0	-20070.5	1331.09	340.776
-1002.0	-20070.5	1329.27	375.047
-1002.0	-20070.5	1327.45	340.628
-1002.0	-20070.5	1325.63	332.314
-1002.0	-20070.5	1323.81	326.75
-1002.0	-20070.5	1321.98	350.013
-1002.0	-20070.5	1320.16	341.703
-1002.0	-20070.5	1318.34	327.908
-1002.0	-20070.5	1316.52	336.067
-1002.0	-20070.5	1314.7	315.422
-1002.0	-20070.5	1312.87	353.744
-1002.0	-20070.5	1311.05	328.993
-1002.0	-20070.5	1309.22	334.403
-1002.0	-20070.5	1307.4	342.551
-1002.0	-20070.5	1305.57	338.366
-1002.0	-20070.5	1303.75	332.814
-1002.0	-20070.5	1301.92	361.496
-1002.0	-20070.5	1300.1	353.203
-1002.0	-20070.5	1298.27	343.545
-1002.0	-20070.5	1296.44	342.101
-1002.0	-20070.5	1294.62	337.922
-1002.0	-20070.5	1292.79	340.583
-1002.0	-20070.5	1290.96	380.166
-1002.0	-20070.5	1289.13	321.293
-1002.0	-20070.5	1287.3	348.561
-1002.0	-20070.5	1285.47	338.918
-1002.0	-20070.5	1283.64	333.378
-1002.0	-20070.5	1281.81	323.743
-1002.0	-20070.5	1279.98	330.5
-1002.0	-20070.5	1278.15	320.87
-1002.0	-20070.5	1276.32	338.546
-1002.0	-20070.5	1274.49	337.107
-1002.0	-20070.5	1272.66	365.687
-1002.0	-20070.5	1270.82	343.779
-1002.0	-20070.5	1268.99	346.431
-1002.0	-20070.5	1267.16	364.082
-1002.0	-20070.5	1265.32	358.549
-1002.0	-20070.5	1263.49	350.292
-1002.0	-20070.5	1261.66	340.676
-1002.0	-20070.5	1259.82	373.298
-1002.0	-20070.5	1257.98	347.336
-1002.0	-20070.5	1256.15	355.43
-1002.0	-20070.5	1254.31	343.098
-1002.0	-20070.5	1252.48	359.357
-1002.0	-20070.5	1250.64	333.421
-1002.0	-20070.5	1248.8	348.314
-1002.0	-20070.5	1246.96	353.678
-1002.0	-20070.5	1245.13	330.48
-1002.0	-20070.5	1243.29	334.486
-1002.0	-20070.5	1241.45	338.49
-1002.0	-20070.5	1239.61	324.824
-1002.0	-20070.5	1237.77	335.623
-1002.0	-20070.5	1235.93	357.284
-1002.0	-20070.5	1234.09	353.131
-1002.0	-20070.5	1232.25	350.337
-1002.0	-20070.5	1230.41	350.259
-1002.0	-20070.5	1228.56	337.966
-1002.0	-20070.5	1226.72	328.392
-1002.0	-20070.5	1224.88	339.173
-1002.0	-20070.5	1223.04	330.96
-1002.0	-20070.5	1221.19	306.477
-1002.0	-20070.5	1219.35	343.015
-1002.0	-20070.5	1217.5	332.095
-1002.0	-20070.5	1215.66	330.666
-1002.0	-20070.5	1213.81	356.336
-1002.0	-20070.5	1211.97	361.675
-1002.0	-20070.5	1210.12	338.572
-1002.0	-20070.5	1208.28	329.019
-1002.0	-20070.5	1206.43	324.884
-1002.0	-20070.5	1204.58	345.113
-1002.0	-20070.5	1202.73	335.565
-1002.0	-20070.5	1200.89	342.254
-1002.0	-20070.5	1199.04	347.588
-1002.0	-20070.5	1197.19	340.75
-1002.0	-20070.5	1195.34	343.378
-1002.0	-20070.5	1193.49	344.653
-1002.0	-20070.5	1191.64	336.468
-1002.0	-20070.5	1189.79	325.586
-1002.0	-20070.5	1187.94	351.176
-1002.0	-20070.5	1186.09	340.295
-1002.0	-20070.5	1184.23	334.819
-1002.0	-20070.5	1182.38	329.345
-1002.0	-20070.5	1180.53	340.067
-1002.0	-20070.5	1178.68	321.103
-1002.0	-20070.5	1176.82	361.498
-1002.0	-20070.5	1174.97	354.674
-1002.0	-20070.5	1173.12	343.809
-1002.0	-20070.5	1171.26	342.384
-1002.0	-20070.5	1169.41	350.394
-1002.0	-20070.5	1167.55	312.589
-1002.0	-20070.5	1165.69	340.808
-1002.0	-20070.5	1163.84	340.731
-1002.0	-20070.5	1161.98	316.419
-1002.0	-20070.5	1160.12	340.579
-1002.0	-20070.5	1158.27	348.578
-1002.0	-20070.5	1156.41	357.919
-1002.0	-20070.5	1154.55	344.387
-1002.0	-20070.5	1152.69	345.654
-1002.0	-20070.5	1150.83	354.99
-1002.0	-20070.5	1148.97	332.056
-1002.0	-20070.5	1147.11	333.326
-1002.0	-20070.5	1145.25	352.064
-1002.0	-20070.5	1143.39	341.237
-1002.0	-20070.5	1141.53	330.416
-1002.0	-20070.5	1139.67	342.427
-1002.0	-20070.5	1137.81	353.091
-1002.0	-20070.5	1135.94	342.274
-1002.0	-20070.5	1134.08	334.145
-1002.0	-20070.5	1132.22	375.661
-1002.0	-20070.5	1130.35	371.553
-1002.0	-20070.5	1128.49	341.966
-1002.0	-20070.5	1126.62	372.727
-1002.0	-20070.5	1124.76	355.217
-1002.0	-20070.5	1122.89	360.498
-1002.0	-20070.5	1121.03	349.698
-1002.0	-20070.5	1119.16	340.243
-1002.0	-20070.5	1117.3	352.22
-1002.0	-20070.5	1115.43	340.09
-1002.0	-20070.5	1113.56	348.045
-1002.0	-20070.5	1111.69	329.23
-1002.0	-20070.5	1109.82	325.142
-1002.0	-20070.5	1107.96	345.135
-1002.0	-20070.5	1106.09	346.395
-1002.0	-20070.5	1104.22	350.328
-1002.0	-20070.5	1102.35	343.565
-1002.0	-20070.5	1100.48	359.526
-1002.0	-20070.5	1098.61	359.445
-1002.0	-20070.5	1096.73	356.692
-1002.0	-20070.5	1094.86	345.927
-1002.0	-20070.5	1092.99	348.52
-1002.0	-20070.5	1091.12	347.106
-1002.0	-20070.5	1089.24	336.35
-1002.0	-20070.5	1087.37	337.608
-1002.0	-20070.5	1085.5	345.537
-1002.0	-20070.5	1083.62	353.462
-1002.0	-20070.5	1081.75	344.047
-1002.0	-20070.5	1079.87	334.637
-1002.0	-20070.5	1078.0	341.226
-1002.0	-20070.5	1076.12	355.808
-1002.0	-20070.5	1074.24	354.395
-1002.0	-20070.5	1072.37	336.999
-1002.0	-20070.5	1070.49	326.269
-1002.0	-20070.5	1068.61	350.161
-1002.0	-20070.5	1066.73	332.777
-1002.0	-20070.5	1064.86	347.341
-1002.0	-20070.5	1062.98	345.931
-1002.0	-20070.5	1061.1	364.476
-1002.0	-20070.5	1059.22	348.435
-1002.0	-20070.5	1057.34	357.663
-1002.0	-20070.5	1055.46	398.79
-1002.0	-20070.5	1053.58	356.172
-1002.0	-20070.5	1051.69	349.448
-1002.0	-20070.5	1049.81	346.712
-1002.0	-20070.5	1047.93	343.977
-1002.0	-20070.5	1046.05	335.932
-1002.0	-20070.5	1044.16	343.821
-1002.0	-20070.5	1042.28	346.397
-1002.0	-20070.5	1040.4	362.242
-1002.0	-20070.5	1038.51	364.812
-1002.0	-20070.5	1036.63	375.34
-1002.0	-20070.5	1034.74	385.863
-1002.0	-20070.5	1032.86	388.426
-1002.0	-20070.5	1030.97	384.362
-1002.0	-20070.5	1029.08	417.402
-1002.0	-20070.5	1027.2	389.487
-1002.0	-20070.5	1025.31	396.02
-1002.0	-20070.5	1023.42	409.172
-1002.0	-20070.5	1021.53	395.84
-1002.0	-20070.5	1019.64	420.898
-1002.0	-20070.5	1017.75	435.359
-1002.0	-20070.5	1015.86	420.707
-1002.0	-20070.5	1013.97	421.934
-1002.0	-20070.5	1012.08	452.252
-1002.0	-20070.5	1010.19	456.115
-1002.0	-20070.5	1008.3	449.403
-1002.0	-20070.5	1006.41	453.265
-1002.0	-20070.5	1004.52	458.446
-1002.0	-20070.5	1002.62	446.454
-1002.0	-20070.5	1000.73	472.763
-1002.0	-20070.5	998.837	496.42
-1002.0	-20070.5	996.943	518.747
-1002.0	-20070.5	995.049	521.268
-1002.0	-20070.5	993.154	572.604
-1002.0	-20070.5	991.258	592.259
-1002.0	-20070.5	989.363	610.587
-1002.0	-20070.5	987.467	640.772
-1002.0	-20070.5	985.57	710.488
-1002.0	-20070.5	983.673	716.915
-1002.0	-20070.5	981.776	745.737
-1002.0	-20070.5	979.878	681.021
-1002.0	-20070.5	977.979	751.981
-1002.0	-20070.5	976.081	761.026
-1002.0	-20070.5	974.181	751.637
-1002.0	-20070.5	972.282	733.041
-1002.0	-20070.5	970.382	727.61
-1002.0	-20070.5	968.481	762.96
-1002.0	-20070.5	966.58	722.016
-1002.0	-20070.5	964.679	740.259
-1002.0	-20070.5	962.777	729.573
-1002.0	-20070.5	960.875	729.406
-1002.0	-20070.5	958.972	706.902
-1002.0	-20070.5	957.069	740.894
-1002.0	-20070.5	955.166	707.891
-1002.0	-20070.5	953.262	726.111
-1002.0	-20070.5	951.357	679.999
-1002.0	-20070.5	949.452	725.778
-1002.0	-20070.5	947.547	728.236
-1002.0	-20070.5	945.641	733.316
-1002.0	-20070.5	943.735	726.59
-1002.0	-20070.5	941.829	697.576
-1002.0	-20070.5	939.922	690.861
-1002.0	-20070.5	938.014	674.975
-1002.0	-20070.5	936.106	638.131
-1002.0	-20070.5	934.198	579.033
-1002.0	-20070.5	932.289	581.519
-1002.0	-20070.5	930.38	559.125
-1002.0	-20070.5	928.47	480.449
-1002.0	-20070.5	926.56	438.456
-1002.0	-20070.5	924.649	442.281
-1002.0	-20070.5	922.738	423.864
-1002.0	-20070.5	920.827	405.455
-1002.0	-20070.5	918.915	415.823
-1002.0	-20070.5	917.003	414.42
-1002.0	-20070.5	915.09	414.325
-1002.0	-20070.5	913.177	412.922
-1002.0	-20070.5	911.263	407.602
-1002.0	-20070.5	909.349	411.426
-1002.0	-20070.5	907.435	407.414
-1002.0	-20070.5	905.52	399.487
-1002.0	-20070.5	903.604	394.174
-1002.0	-20070.5	901.688	420.181
-1002.0	-20070.5	899.772	380.946
-1002.0	-20070.5	897.855	396.509
-1002.0	-20070.5	895.938	439.45
-1002.0	-20070.5	894.021	410.667
-1002.0	-20070.5	892.103	415.786
-1002.0	-20070.5	890.184	410.477
-1002.0	-20070.5	888.265	416.896
-1002.0	-20070.5	886.346	415.498
-1002.0	-20070.5	884.426	394.566
-1002.0	-20070.5	882.506	393.173
-1002.0	-20070.5	880.585	403.495
-1002.0	-20070.5	878.664	417.716
-1002.0	-20070.5	876.742	394.201
-1002.0	-20070.5	874.82	401.914
-1002.0	-20070.5	872.898	410.924
-1002.0	-20070.5	870.975	413.429
-1002.0	-20070.5	869.051	412.033
-1002.0	-20070.5	867.127	408.039
-1002.0	-20070.5	865.203	397.551
-1002.0	-20070.5	863.278	427.333
-1002.0	-20070.5	861.353	396.068
-1002.0	-20070.5	859.428	414.152
-1002.0	-20070.5	857.502	389.395
-1002.0	-20070.5	855.575	394.495
-1002.0	-20070.5	853.648	420.351
-1002.0	-20070.5	851.721	418.956
-1002.0	-20070.5	849.793	404.594
-1002.0	-20070.5	847.865	398.018
-1002.0	-20070.5	845.936	403.11
-1002.0	-20070.5	844.007	396.537
-1002.0	-20070.5	842.077	383.489
-1002.0	-20070.5	840.147	411.896
-1002.0	-20070.5	838.216	389.786
-1002.0	-20070.5	836.285	388.4
-1002.0	-20070.5	834.354	397.371
-1002.0	-20070.5	832.422	383.043
-1002.0	-20070.5	830.49	406.242
-1002.0	-20070.5	828.557	416.495
-1002.0	-20070.5	826.624	406.053
-1002.0	-20070.5	824.69	420.179
-1002.0	-20070.5	822.756	376.135
-1002.0	-20070.5	820.821	404.476
-1002.0	-20070.5	818.886	406.966
-1002.0	-20070.5	816.951	419.788
-1002.0	-20070.5	815.015	415.816
-1002.0	-20070.5	813.078	417.01
-1002.0	-20070.5	811.141	374.318
-1002.0	-20070.5	809.204	396.168
-1002.0	-20070.5	807.266	414.137
-1002.0	-20070.5	805.328	406.301
-1002.0	-20070.5	803.389	392.021
-1002.0	-20070.5	801.45	391.93
-1002.0	-20070.5	799.511	385.393
-1002.0	-20070.5	797.571	384.015
-1002.0	-20070.5	795.63	410.98
-1002.0	-20070.5	793.689	399.291
-1002.0	-20070.5	791.748	386.321
-1002.0	-20070.5	789.806	404.254
-1002.0	-20070.5	787.864	387.427
-1002.0	-20070.5	785.921	406.638
-1002.0	-20070.5	783.978	405.257
-1002.0	-20070.5	782.034	400.017
-1002.0	-20070.5	780.09	419.212
-1002.0	-20070.5	778.145	412.685
-1002.0	-20070.5	776.2	379.17
-1002.0	-20070.5	774.255	363.661
-1002.0	-20070.5	772.309	371.284
-1002.0	-20070.5	770.362	398.169
-1002.0	-20070.5	768.416	389.087
-1002.0	-20070.5	766.468	396.699
-1002.0	-20070.5	764.52	409.44
-1002.0	-20070.5	762.572	399.078
-1002.0	-20070.5	760.624	401.55
-1002.0	-20070.5	758.674	373.239
-1002.0	-20070.5	756.725	394.95
-1002.0	-20070.5	754.775	394.857
-1002.0	-20070.5	752.824	394.764
-1002.0	-20070.5	750.873	397.234
-1002.0	-20070.5	748.922	395.859
-1002.0	-20070.5	746.97	375.273
-1002.0	-20070.5	745.017	368.782
-1002.0	-20070.5	743.065	393.019
-1002.0	-20070.5	741.111	385.247
-1002.0	-20070.5	739.158	401.791
-1002.0	-20070.5	737.203	402.975
-1002.0	-20070.5	735.249	399.043
-1002.0	-20070.5	733.294	392.556
-1002.0	-20070.5	731.338	377.122
-1002.0	-20070.5	729.382	377.033
-1002.0	-20070.5	727.425	371.833
-1002.0	-20070.5	725.468	387.075
-1002.0	-20070.5	723.511	381.874
-1002.0	-20070.5	721.553	395.83
-1002.0	-20070.5	719.595	388.077
-1002.0	-20070.5	717.636	380.327
-1002.0	-20070.5	715.676	382.789
-1002.0	-20070.5	713.717	377.596
-1002.0	-20070.5	711.756	369.854
-1002.0	-20070.5	709.796	391.442
-1002.0	-20070.5	707.835	383.701
-1002.0	-20070.5	705.873	388.708
-1002.0	-20070.5	703.911	380.971
-1002.0	-20070.5	701.948	398.714
-1002.0	-20070.5	699.985	410.082
-1002.0	-20070.5	698.022	390.886
-1002.0	-20070.5	696.058	404.795
-1002.0	-20070.5	694.093	405.972
-1002.0	-20070.5	692.129	413.509
-1002.0	-20070.5	690.163	396.874
-1002.0	-20070.5	688.197	409.497
-1002.0	-20070.5	686.231	403.043
-1002.0	-20070.5	684.264	394.049
-1002.0	-20070.5	682.297	410.476
-1002.0	-20070.5	680.329	415.46
-1002.0	-20070.5	678.361	407.74
-1002.0	-20070.5	676.393	424.152
-1002.0	-20070.5	674.423	415.163
-1002.0	-20070.5	672.454	416.333
-1002.0	-20070.5	670.484	417.503
-1002.0	-20070.5	668.513	426.284
-1002.0	-20070.5	666.542	403.351
-1002.0	-20070.5	664.571	407.059
-1002.0	-20070.5	662.599	400.623
-1002.0	-20070.5	660.627	403.063
-1002.0	-20070.5	658.654	371.286
-1002.0	-20070.5	656.68	409.204
-1002.0	-20070.5	654.707	415.439
-1002.0	-20070.5	652.732	407.742
-1002.0	-20070.5	650.758	400.049
-1002.0	-20070.5	648.782	392.359
-1002.0	-20070.5	646.807	408.715
-1002.0	-20070.5	644.83	416.207
-1002.0	-20070.5	642.854	413.578
-1002.0	-20070.5	640.877	398.305
-1002.0	-20070.5	638.899	431.078
-1002.0	-20070.5	636.921	415.808
-1002.0	-20070.5	634.942	400.546
-1002.0	-20070.5	632.963	401.713
-1002.0	-20070.5	630.984	387.724
-1002.0	-20070.5	629.004	446.975
-1002.0	-20070.5	627.023	427.932
-1002.0	-20070.5	625.042	418.995
-1002.0	-20070.5	623.061	436.559
-1002.0	-20070.5	621.079	450.329
-1002.0	-20070.5	619.097	430.043
-1002.0	-20070.5	617.114	447.591
-1002.0	-20070.5	615.131	437.399
-1002.0	-20070.5	613.147	419.651
-1002.0	-20070.5	611.163	410.73
-1002.0	-20070.5	609.178	454.717
-1002.0	-20070.5	607.193	419.347
-1002.0	-20070.5	605.207	414.21
-1002.0	-20070.5	603.221	397.747
-1002.0	-20070.5	601.234	414.01
-1002.0	-20070.5	599.247	423.974
-1002.0	-20070.5	597.259	418.841
-1002.0	-20070.5	595.271	403.65
-1002.0	-20070.5	593.283	428.696
-1002.0	-20070.5	591.294	403.455
-1002.0	-20070.5	589.304	402.1
-1002.0	-20070.5	587.314	407.028
-1002.0	-20070.5	585.323	409.441
-1002.0	-20070.5	583.332	391.763
-1002.0	-20070.5	581.341	397.945
-1002.0	-20070.5	579.349	371.492
-1002.0	-20070.5	577.357	426.611
-1002.0	-20070.5	575.364	410.199
-1002.0	-20070.5	573.37	406.337
-1002.0	-20070.5	571.376	399.97
-1002.0	-20070.5	569.382	422.436
-1002.0	-20070.5	567.387	399.775
-1002.0	-20070.5	565.392	412.207
-1002.0	-20070.5	563.396	424.633
-1002.0	-20070.5	561.399	442.061
-1002.0	-20070.5	559.403	449.466
-1002.0	-20070.5	557.405	425.574
-1002.0	-20070.5	555.408	458.006
-1002.0	-20070.5	553.409	460.397
-1002.0	-20070.5	551.411	460.285
-1002.0	-20070.5	549.411	481.43
-1002.0	-20070.5	547.412	490.064
-1002.0	-20070.5	545.411	504.942
-1002.0	-20070.5	543.411	534.808
-1002.0	-20070.5	541.409	560.912
-1002.0	-20070.5	539.408	598.243
-1002.0	-20070.5	537.406	673.015
-1002.0	-20070.5	535.403	729.025
-1002.0	-20070.5	533.4	786.255
-1002.0	-20070.5	531.396	903.348
-1002.0	-20070.5	529.392	1113.94
-1002.0	-20070.5	527.387	1573.85
-1002.0	-20070.5	525.382	2714.29
-1002.0	-20070.5	523.376	5960.74
-1002.0	-20070.5	521.37	12002.0
-1002.0	-20070.5	519.364	11903.2
-1002.0	-20070.5	517.357	6693.73
-1002.0	-20070.5	515.349	3578.91
-1002.0	-20070.5	513.341	2233.47
-1002.0	-20070.5	511.332	1459.98
-1002.0	-20070.5	509.323	1136.09
-1002.0	-20070.5	507.314	957.915
-1002.0	-20070.5	505.304	846.986
-1002.0	-20070.5	503.293	759.737
-1002.0	-20070.5	501.282	697.394
-1002.0	-20070.5	499.27	613.953
-1002.0	-20070.5	497.258	618.771
-1002.0	-20070.5	495.246	573.899
-1002.0	-20070.5	493.233	541.468
-1002.0	-20070.5	491.219	557.475
-1002.0	-20070.5	489.205	517.616
-1002.0	-20070.5	487.191	487.704
-1002.0	-20070.5	485.176	501.231
-1002.0	-20070.5	483.16	478.78
-1002.0	-20070.5	481.144	492.302
-1002.0	-20070.5	479.128	463.666
-1002.0	-20070.5	477.111	443.72
-1002.0	-20070.5	475.093	469.632
-1002.0	-20070.5	473.075	471.993
-1002.0	-20070.5	471.056	449.582
-1002.0	-20070.5	469.037	477.949
-1002.0	-20070.5	467.018	485.258
-1002.0	-20070.5	464.998	441.821
-1002.0	-20070.5	462.977	421.915
-1002.0	-20070.5	460.956	423.047
-1002.0	-20070.5	458.935	427.888
-1002.0	-20070.5	456.913	437.673
-1002.0	-20070.5	454.89	444.98
-1002.0	-20070.5	452.867	425.097
-1002.0	-20070.5	450.843	427.462
-1002.0	-20070.5	448.819	418.709
-1002.0	-20070.5	446.795	474.171
-1002.0	-20070.5	444.77	444.425
-1002.0	-20070.5	442.744	434.44
-1002.0	-20070.5	440.718	447.904
-1002.0	-20070.5	438.691	450.259
-1002.0	-20070.5	436.664	462.479
-1002.0	-20070.5	434.637	456.198
-1002.0	-20070.5	432.608	477.039
-1002.0	-20070.5	430.58	448.576
-1002.0	-20070.5	428.551	459.551
-1002.0	-20070.5	426.521	459.436
-1002.0	-20070.5	424.491	461.783
-1002.0	-20070.5	422.46	466.592
-1002.0	-20070.5	420.429	445.551
-1002.0	-20070.5	418.397	455.283
-1002.0	-20070.5	416.365	446.557
-1002.0	-20070.5	414.332	441.525
-1002.0	-20070.5	412.299	472.153
-1002.0	-20070.5	410.265	451.136
-1002.0	-20070.5	408.231	458.396
-1002.0	-20070.5	406.196	452.137
-1002.0	-20070.5	404.161	455.708
-1002.0	-20070.5	402.125	469.101
-1002.0	-20070.5	400.089	441.973
-1002.0	-20070.5	398.052	460.272
-1002.0	-20070.5	396.015	447.885
-1002.0	-20070.5	393.977	453.905
-1002.0	-20070.5	391.938	461.149
-1002.0	-20070.5	389.899	445.092
-1002.0	-20070.5	387.86	459.69
-1002.0	-20070.5	385.82	458.347
-1002.0	-20070.5	383.78	485.186
-1002.0	-20070.5	381.739	507.111
-1002.0	-20070.5	379.697	475.143
-1002.0	-20070.5	377.655	470.125
-1002.0	-20070.5	375.613	481.021
-1002.0	-20070.5	373.57	463.767
-1002.0	-20070.5	371.526	478.329
-1002.0	-20070.5	369.482	448.854
-1002.0	-20070.5	367.437	474.417
-1002.0	-20070.5	365.392	477.963
-1002.0	-20070.5	363.346	481.508
-1002.0	-20070.5	361.3	470.388
-1002.0	-20070.5	359.254	466.604
-1002.0	-20070.5	357.206	484.802
-1002.0	-20070.5	355.159	473.69
-1002.0	-20070.5	353.11	471.128
-1002.0	-20070.5	351.062	453.924
-1002.0	-20070.5	349.012	463.567
-1002.0	-20070.5	346.962	464.668
-1002.0	-20070.5	344.912	497.469
-1002.0	-20070.5	342.861	499.779
-1002.0	-20070.5	340.81	488.683
-1002.0	-20070.5	338.758	466.627
-1002.0	-20070.5	336.705	478.687
-1002.0	-20070.5	334.652	487.088
-1002.0	-20070.5	332.599	511.311
-1002.0	-20070.5	330.545	479.535
-1002.0	-20070.5	328.49	497.663
-1002.0	-20070.5	326.435	490.236
-1002.0	-20070.5	324.379	522.945
-1002.0	-20070.5	322.323	488.766
-1002.0	-20070.5	320.266	492.287
-1002.0	-20070.5	318.209	495.805
-1002.0	-20070.5	316.151	481.098
-1002.0	-20070.5	314.093	493.119
-1002.0	-20070.5	312.034	531.848
-1002.0	-20070.5	309.975	535.352
-1002.0	-20070.5	307.915	548.563
-1002.0	-20070.5	305.854	558.127
-1002.0	-20070.5	303.793	550.704
-1002.0	-20070.5	301.732	555.412
-1002.0	-20070.5	299.67	556.48
-1002.0	-20070.5	297.607	545.426
-1002.0	-20070.5	295.544	542.861
-1002.0	-20070.5	293.48	531.816
-1002.0	-20070.5	291.416	545.0
-1002.0	-20070.5	289.351	507.323
-1002.0	-20070.5	287.286	513.243
-1002.0	-20070.5	285.22	496.167
-1002.0	-20070.5	283.154	497.247
-1002.0	-20070.5	281.087	501.955
-1002.0	-20070.5	279.019	495.777
-1002.0	-20070.5	276.951	490.812
-1002.0	-20070.5	274.883	501.56
-1002.0	-20070.5	272.814	489.346
-1002.0	-20070.5	270.744	494.05
-1002.0	-20070.5	268.674	483.051
-1002.0	-20070.5	266.603	481.717
-1002.0	-20070.5	264.532	488.832
-1002.0	-20070.5	262.46	500.77
-1002.0	-20070.5	260.388	484.956
-1002.0	-20070.5	258.315	489.652
-1002.0	-20070.5	256.241	475.055
-1002.0	-20070.5	254.167	464.081
-1002.0	-20070.5	252.093	488.06
-1002.0	-20070.5	250.018	450.583
-1002.0	-20070.5	247.942	481.78
-1002.0	-20070.5	245.866	490.081
-1002.0	-20070.5	243.789	473.098
-1002.0	-20070.5	241.712	482.6
-1002.0	-20070.5	239.634	463.222
-1002.0	-20070.5	237.556	494.373
-1002.0	-20070.5	235.477	488.229
-1002.0	-20070.5	233.397	485.695
-1002.0	-20070.5	231.317	501.191
-1002.0	-20070.5	229.237	468.615
-1002.0	-20070.5	227.155	475.697
-1002.0	-20070.5	225.074	456.356
-1002.0	-20070.5	222.991	461.037
-1002.0	-20070.5	220.909	465.715
-1002.0	-20070.5	218.825	470.39
-1002.0	-20070.5	216.741	434.275
-1002.0	-20070.5	214.657	460.544
-1002.0	-20070.5	212.572	465.217
-1002.0	-20070.5	210.486	462.695
-1002.0	-20070.5	208.4	450.588
-1002.0	-20070.5	206.313	439.684
-1002.0	-20070.5	204.226	443.16
-1002.0	-20070.5	202.138	462.199
-1002.0	-20070.5	200.05	438.133
-1002.0	-20070.5	197.961	442.802
-1002.0	-20070.5	195.871	463.023
-1002.0	-20070.5	193.781	438.976
-1002.0	-20070.5	191.691	471.144
-1002.0	-20070.5	189.599	463.844
-1002.0	-20070.5	187.508	450.572
-1002.0	-20070.5	185.415	439.697
-1002.0	-20070.5	183.322	430.022
-1002.0	-20070.5	181.229	458.566
-1002.0	-20070.5	179.135	453.667
-1002.0	-20070.5	177.04	443.996
-1002.0	-20070.5	174.945	449.841
-1002.0	-20070.5	172.849	478.349
-1002.0	-20070.5	170.753	466.293
-1002.0	-20070.5	168.656	436.36
-1002.0	-20070.5	166.558	444.585
-1002.0	-20070.5	164.46	450.422
-1002.0	-20070.5	162.362	453.873
-1002.0	-20070.5	160.263	459.704
-1002.0	-20070.5	158.163	439.339
-1002.0	-20070.5	156.063	465.405
-1002.0	-20070.5	153.962	456.948
-1002.0	-20070.5	151.86	456.823
-1002.0	-20070.5	149.758	473.349
-1002.0	-20070.5	147.656	462.518
-1002.0	-20070.5	145.552	444.562
-1002.0	-20070.5	143.449	462.265
-1002.0	-20070.5	141.344	476.394
-1002.0	-20070.5	139.239	450.134
-1002.0	-20070.5	137.134	434.575
-1002.0	-20070.5	135.028	485.498
-1002.0	-20070.5	132.921	464.003
-1002.0	-20070.5	130.814	455.571
-1002.0	-20070.5	128.706	438.84
-1002.0	-20070.5	126.598	474.291
-1002.0	-20070.5	124.489	452.823
-1002.0	-20070.5	122.379	446.773
-1002.0	-20070.5	120.269	462.051
-1002.0	-20070.5	118.158	472.583
-1002.0	-20070.5	116.047	476.004
-1002.0	-20070.5	113.935	424.97
-1002.0	-20070.5	111.822	448.521
-1002.0	-20070.5	109.709	459.044
-1002.0	-20070.5	107.596	426.982
-1002.0	-20070.5	105.481	437.505
-1002.0	-20070.5	103.367	419.652
-1002.0	-20070.5	101.251	419.535
-1002.0	-20070.5	99.1351	440.684
-1002.0	-20070.5	97.0184	433.474
-1002.0	-20070.5	94.9012	416.822
-1002.0	-20070.5	92.7834	404.901
-1002.0	-20070.5	90.665	414.229
-1002.0	-20070.5	88.546	412.933
-1002.0	-20070.5	86.4265	424.612
-1002.0	-20070.5	84.3063	409.164
-1002.0	-20070.5	82.1855	384.294
-1002.0	-20070.5	80.0641	366.509
-1002.0	-20070.5	77.9422	381.722
