-1036.0	-20080.5	1979.41	426.99
-1036.0	-20080.5	1977.72	481.578
-1036.0	-20080.5	1976.02	453.436
-1036.0	-20080.5	1974.33	413.49
-1036.0	-20080.5	1972.64	417.852
-1036.0	-20080.5	1970.94	438.451
-1036.0	-20080.5	1969.25	457.567
-1036.0	-20080.5	1967.56	422.073
-1036.0	-20080.5	1965.86	432.333
-1036.0	-20080.5	1964.17	430.786
-1036.0	-20080.5	1962.47	454.316
-1036.0	-20080.5	1960.78	454.241
-1036.0	-20080.5	1959.08	457.115
-1036.0	-20080.5	1957.39	449.667
-1036.0	-20080.5	1955.69	476.126
-1036.0	-20080.5	1953.99	458.361
-1036.0	-20080.5	1952.3	433.233
-1036.0	-20080.5	1950.6	444.948
-1036.0	-20080.5	1948.9	437.508
-1036.0	-20080.5	1947.21	459.527
-1036.0	-20080.5	1945.51	450.615
-1036.0	-20080.5	1943.81	424.037
-1036.0	-20080.5	1942.11	441.631
-1036.0	-20080.5	1940.41	456.275
-1036.0	-20080.5	1938.71	431.181
-1036.0	-20080.5	1937.01	413.452
-1036.0	-20080.5	1935.32	414.853
-1036.0	-20080.5	1933.62	448.612
-1036.0	-20080.5	1931.92	448.536
-1036.0	-20080.5	1930.22	424.934
-1036.0	-20080.5	1928.51	439.563
-1036.0	-20080.5	1926.81	448.307
-1036.0	-20080.5	1925.11	407.082
-1036.0	-20080.5	1923.41	455.501
-1036.0	-20080.5	1921.71	408.412
-1036.0	-20080.5	1920.01	418.624
-1036.0	-20080.5	1918.31	421.49
-1036.0	-20080.5	1916.6	405.265
-1036.0	-20080.5	1914.9	434.558
-1036.0	-20080.5	1913.2	438.886
-1036.0	-20080.5	1911.49	443.214
-1036.0	-20080.5	1909.79	421.127
-1036.0	-20080.5	1908.09	425.456
-1036.0	-20080.5	1906.38	429.782
-1036.0	-20080.5	1904.68	426.775
-1036.0	-20080.5	1902.97	413.504
-1036.0	-20080.5	1901.27	428.093
-1036.0	-20080.5	1899.56	423.621
-1036.0	-20080.5	1897.85	419.15
-1036.0	-20080.5	1896.15	414.681
-1036.0	-20080.5	1894.44	432.19
-1036.0	-20080.5	1892.74	442.368
-1036.0	-20080.5	1891.03	405.677
-1036.0	-20080.5	1889.32	439.284
-1036.0	-20080.5	1887.61	449.455
-1036.0	-20080.5	1885.91	396.681
-1036.0	-20080.5	1884.2	420.027
-1036.0	-20080.5	1882.49	408.247
-1036.0	-20080.5	1880.78	414.027
-1036.0	-20080.5	1879.07	425.656
-1036.0	-20080.5	1877.36	422.656
-1036.0	-20080.5	1875.65	425.505
-1036.0	-20080.5	1873.94	413.734
-1036.0	-20080.5	1872.23	457.512
-1036.0	-20080.5	1870.52	436.97
-1036.0	-20080.5	1868.81	407.669
-1036.0	-20080.5	1867.1	430.971
-1036.0	-20080.5	1865.39	425.052
-1036.0	-20080.5	1863.68	426.436
-1036.0	-20080.5	1861.96	405.918
-1036.0	-20080.5	1860.25	424.824
-1036.0	-20080.5	1858.54	421.829
-1036.0	-20080.5	1856.82	439.265
-1036.0	-20080.5	1855.11	445.023
-1036.0	-20080.5	1853.4	436.19
-1036.0	-20080.5	1851.68	417.15
-1036.0	-20080.5	1849.97	444.783
-1036.0	-20080.5	1848.25	447.619
-1036.0	-20080.5	1846.54	428.587
-1036.0	-20080.5	1844.82	412.477
-1036.0	-20080.5	1843.11	416.774
-1036.0	-20080.5	1841.39	454.58
-1036.0	-20080.5	1839.68	438.474
-1036.0	-20080.5	1837.96	432.568
-1036.0	-20080.5	1836.24	420.84
-1036.0	-20080.5	1834.53	398.925
-1036.0	-20080.5	1832.81	416.32
-1036.0	-20080.5	1831.09	406.056
-1036.0	-20080.5	1829.37	423.444
-1036.0	-20080.5	1827.65	433.55
-1036.0	-20080.5	1825.94	411.652
-1036.0	-20080.5	1824.22	398.488
-1036.0	-20080.5	1822.5	392.598
-1036.0	-20080.5	1820.78	408.518
-1036.0	-20080.5	1819.06	436.06
-1036.0	-20080.5	1817.34	390.929
-1036.0	-20080.5	1815.62	440.259
-1036.0	-20080.5	1813.9	411.123
-1036.0	-20080.5	1812.18	380.546
-1036.0	-20080.5	1810.45	440.015
-1036.0	-20080.5	1808.73	434.126
-1036.0	-20080.5	1807.01	397.754
-1036.0	-20080.5	1805.29	406.389
-1036.0	-20080.5	1803.56	393.254
-1036.0	-20080.5	1801.84	393.181
-1036.0	-20080.5	1800.12	380.052
-1036.0	-20080.5	1798.39	414.789
-1036.0	-20080.5	1796.67	421.962
-1036.0	-20080.5	1794.95	398.687
-1036.0	-20080.5	1793.22	404.411
-1036.0	-20080.5	1791.5	404.335
-1036.0	-20080.5	1789.77	398.464
-1036.0	-20080.5	1788.04	381.005
-1036.0	-20080.5	1786.32	409.902
-1036.0	-20080.5	1784.59	379.414
-1036.0	-20080.5	1782.87	444.498
-1036.0	-20080.5	1781.14	389.405
-1036.0	-20080.5	1779.41	425.515
-1036.0	-20080.5	1777.68	397.941
-1036.0	-20080.5	1775.96	413.781
-1036.0	-20080.5	1774.23	383.326
-1036.0	-20080.5	1772.5	433.872
-1036.0	-20080.5	1770.77	400.533
-1036.0	-20080.5	1769.04	417.806
-1036.0	-20080.5	1767.31	391.709
-1036.0	-20080.5	1765.58	398.86
-1036.0	-20080.5	1763.85	407.454
-1036.0	-20080.5	1762.12	404.488
-1036.0	-20080.5	1760.39	413.077
-1036.0	-20080.5	1758.66	420.219
-1036.0	-20080.5	1756.93	402.813
-1036.0	-20080.5	1755.19	392.632
-1036.0	-20080.5	1753.46	373.795
-1036.0	-20080.5	1751.73	383.825
-1036.0	-20080.5	1750.0	432.802
-1036.0	-20080.5	1748.26	383.678
-1036.0	-20080.5	1746.53	403.794
-1036.0	-20080.5	1744.8	393.624
-1036.0	-20080.5	1743.06	393.549
-1036.0	-20080.5	1741.33	387.708
-1036.0	-20080.5	1739.59	407.808
-1036.0	-20080.5	1737.86	413.493
-1036.0	-20080.5	1736.12	390.366
-1036.0	-20080.5	1734.39	397.491
-1036.0	-20080.5	1732.65	390.215
-1036.0	-20080.5	1730.91	400.218
-1036.0	-20080.5	1729.18	417.413
-1036.0	-20080.5	1727.44	411.576
-1036.0	-20080.5	1725.7	401.425
-1036.0	-20080.5	1723.96	417.171
-1036.0	-20080.5	1722.23	372.504
-1036.0	-20080.5	1720.49	406.943
-1036.0	-20080.5	1718.75	402.551
-1036.0	-20080.5	1717.01	406.786
-1036.0	-20080.5	1715.27	419.641
-1036.0	-20080.5	1713.53	375.017
-1036.0	-20080.5	1711.79	418.041
-1036.0	-20080.5	1710.05	406.469
-1036.0	-20080.5	1708.31	402.082
-1036.0	-20080.5	1706.57	391.954
-1036.0	-20080.5	1704.82	400.49
-1036.0	-20080.5	1703.08	403.282
-1036.0	-20080.5	1701.34	417.552
-1036.0	-20080.5	1699.6	400.255
-1036.0	-20080.5	1697.85	415.954
-1036.0	-20080.5	1696.11	402.966
-1036.0	-20080.5	1694.37	394.285
-1036.0	-20080.5	1692.62	391.341
-1036.0	-20080.5	1690.88	399.863
-1036.0	-20080.5	1689.13	398.351
-1036.0	-20080.5	1687.39	402.571
-1036.0	-20080.5	1685.64	405.356
-1036.0	-20080.5	1683.9	395.252
-1036.0	-20080.5	1682.15	412.356
-1036.0	-20080.5	1680.41	410.843
-1036.0	-20080.5	1678.66	405.037
-1036.0	-20080.5	1676.91	393.509
-1036.0	-20080.5	1675.16	379.125
-1036.0	-20080.5	1673.42	383.341
-1036.0	-20080.5	1671.67	387.555
-1036.0	-20080.5	1669.92	394.628
-1036.0	-20080.5	1668.17	350.234
-1036.0	-20080.5	1666.42	363.028
-1036.0	-20080.5	1664.67	382.961
-1036.0	-20080.5	1662.92	387.171
-1036.0	-20080.5	1661.17	382.809
-1036.0	-20080.5	1659.42	402.726
-1036.0	-20080.5	1657.67	389.796
-1036.0	-20080.5	1655.92	396.856
-1036.0	-20080.5	1654.17	401.058
-1036.0	-20080.5	1652.42	393.843
-1036.0	-20080.5	1650.66	383.778
-1036.0	-20080.5	1648.91	377.996
-1036.0	-20080.5	1647.16	403.59
-1036.0	-20080.5	1645.41	394.955
-1036.0	-20080.5	1643.65	403.429
-1036.0	-20080.5	1641.9	380.544
-1036.0	-20080.5	1640.14	403.267
-1036.0	-20080.5	1638.39	394.638
-1036.0	-20080.5	1636.63	384.588
-1036.0	-20080.5	1634.88	385.935
-1036.0	-20080.5	1633.12	381.586
-1036.0	-20080.5	1631.37	390.05
-1036.0	-20080.5	1629.61	360.083
-1036.0	-20080.5	1627.85	382.778
-1036.0	-20080.5	1626.09	369.897
-1036.0	-20080.5	1624.34	372.667
-1036.0	-20080.5	1622.58	381.125
-1036.0	-20080.5	1620.82	373.939
-1036.0	-20080.5	1619.06	383.814
-1036.0	-20080.5	1617.3	385.157
-1036.0	-20080.5	1615.54	393.605
-1036.0	-20080.5	1613.78	376.477
-1036.0	-20080.5	1612.02	401.968
-1036.0	-20080.5	1610.26	380.585
-1036.0	-20080.5	1608.5	384.767
-1036.0	-20080.5	1606.74	376.172
-1036.0	-20080.5	1604.98	371.838
-1036.0	-20080.5	1603.22	405.817
-1036.0	-20080.5	1601.46	388.711
-1036.0	-20080.5	1599.69	381.54
-1036.0	-20080.5	1597.93	384.298
-1036.0	-20080.5	1596.17	381.384
-1036.0	-20080.5	1594.4	371.384
-1036.0	-20080.5	1592.64	371.308
-1036.0	-20080.5	1590.88	391.069
-1036.0	-20080.5	1589.11	347.074
-1036.0	-20080.5	1587.35	375.33
-1036.0	-20080.5	1585.58	368.173
-1036.0	-20080.5	1583.81	380.839
-1036.0	-20080.5	1582.05	404.824
-1036.0	-20080.5	1580.28	352.38
-1036.0	-20080.5	1578.51	369.286
-1036.0	-20080.5	1576.75	380.527
-1036.0	-20080.5	1574.98	363.478
-1036.0	-20080.5	1573.21	370.473
-1036.0	-20080.5	1571.44	385.948
-1036.0	-20080.5	1569.67	368.907
-1036.0	-20080.5	1567.91	374.484
-1036.0	-20080.5	1566.14	392.774
-1036.0	-20080.5	1564.37	384.218
-1036.0	-20080.5	1562.6	346.007
-1036.0	-20080.5	1560.83	365.704
-1036.0	-20080.5	1559.05	376.922
-1036.0	-20080.5	1557.28	369.787
-1036.0	-20080.5	1555.51	365.477
-1036.0	-20080.5	1553.74	363.991
-1036.0	-20080.5	1551.97	373.79
-1036.0	-20080.5	1550.19	339.867
-1036.0	-20080.5	1548.42	341.206
-1036.0	-20080.5	1546.65	369.329
-1036.0	-20080.5	1544.87	363.615
-1036.0	-20080.5	1543.1	369.176
-1036.0	-20080.5	1541.32	373.325
-1036.0	-20080.5	1539.55	367.614
-1036.0	-20080.5	1537.77	388.661
-1036.0	-20080.5	1536.0	398.435
-1036.0	-20080.5	1534.22	370.2
-1036.0	-20080.5	1532.45	370.123
-1036.0	-20080.5	1530.67	398.187
-1036.0	-20080.5	1528.89	377.003
-1036.0	-20080.5	1527.11	364.266
-1036.0	-20080.5	1525.34	355.754
-1036.0	-20080.5	1523.56	343.027
-1036.0	-20080.5	1521.78	351.389
-1036.0	-20080.5	1520.0	389.257
-1036.0	-20080.5	1518.22	358.267
-1036.0	-20080.5	1516.44	349.764
-1036.0	-20080.5	1514.66	370.757
-1036.0	-20080.5	1512.88	363.659
-1036.0	-20080.5	1511.1	363.583
-1036.0	-20080.5	1509.32	366.314
-1036.0	-20080.5	1507.54	360.624
-1036.0	-20080.5	1505.76	361.951
-1036.0	-20080.5	1503.97	353.46
-1036.0	-20080.5	1502.19	346.374
-1036.0	-20080.5	1500.41	350.508
-1036.0	-20080.5	1498.62	375.665
-1036.0	-20080.5	1496.84	389.601
-1036.0	-20080.5	1495.06	358.694
-1036.0	-20080.5	1493.27	361.42
-1036.0	-20080.5	1491.49	364.145
-1036.0	-20080.5	1489.7	366.869
-1036.0	-20080.5	1487.91	377.992
-1036.0	-20080.5	1486.13	390.509
-1036.0	-20080.5	1484.34	338.65
-1036.0	-20080.5	1482.55	370.757
-1036.0	-20080.5	1480.77	359.489
-1036.0	-20080.5	1478.98	353.819
-1036.0	-20080.5	1477.19	381.708
-1036.0	-20080.5	1475.4	357.863
-1036.0	-20080.5	1473.61	356.39
-1036.0	-20080.5	1471.83	361.904
-1036.0	-20080.5	1470.04	370.21
-1036.0	-20080.5	1468.25	361.751
-1036.0	-20080.5	1466.46	347.71
-1036.0	-20080.5	1464.67	351.825
-1036.0	-20080.5	1462.87	347.563
-1036.0	-20080.5	1461.08	354.467
-1036.0	-20080.5	1459.29	355.787
-1036.0	-20080.5	1457.5	372.451
-1036.0	-20080.5	1455.71	365.399
-1036.0	-20080.5	1453.91	358.349
-1036.0	-20080.5	1452.12	358.273
-1036.0	-20080.5	1450.33	366.56
-1036.0	-20080.5	1448.53	374.842
-1036.0	-20080.5	1446.74	370.583
-1036.0	-20080.5	1444.94	338.468
-1036.0	-20080.5	1443.15	357.892
-1036.0	-20080.5	1441.35	361.993
-1036.0	-20080.5	1439.56	359.132
-1036.0	-20080.5	1437.76	352.097
-1036.0	-20080.5	1435.96	382.632
-1036.0	-20080.5	1434.17	347.773
-1036.0	-20080.5	1432.37	349.09
-1036.0	-20080.5	1430.57	343.454
-1036.0	-20080.5	1428.77	372.574
-1036.0	-20080.5	1426.97	347.477
-1036.0	-20080.5	1425.17	339.065
-1036.0	-20080.5	1423.37	350.107
-1036.0	-20080.5	1421.58	362.533
-1036.0	-20080.5	1419.77	348.568
-1036.0	-20080.5	1417.97	347.105
-1036.0	-20080.5	1416.17	362.3
-1036.0	-20080.5	1414.37	363.61
-1036.0	-20080.5	1412.57	363.532
-1036.0	-20080.5	1410.77	342.646
-1036.0	-20080.5	1408.97	370.311
-1036.0	-20080.5	1407.16	345.272
-1036.0	-20080.5	1405.36	354.903
-1036.0	-20080.5	1403.56	354.826
-1036.0	-20080.5	1401.75	350.593
-1036.0	-20080.5	1399.95	347.747
-1036.0	-20080.5	1398.14	335.206
-1036.0	-20080.5	1396.34	343.443
-1036.0	-20080.5	1394.53	362.752
-1036.0	-20080.5	1392.73	354.369
-1036.0	-20080.5	1390.92	352.909
-1036.0	-20080.5	1389.11	355.6
-1036.0	-20080.5	1387.3	337.54
-1036.0	-20080.5	1385.5	338.85
-1036.0	-20080.5	1383.69	359.518
-1036.0	-20080.5	1381.88	367.736
-1036.0	-20080.5	1380.07	351.07
-1036.0	-20080.5	1378.26	337.176
-1036.0	-20080.5	1376.45	356.445
-1036.0	-20080.5	1374.64	379.85
-1036.0	-20080.5	1372.83	350.767
-1036.0	-20080.5	1371.02	361.737
-1036.0	-20080.5	1369.21	328.529
-1036.0	-20080.5	1367.4	338.119
-1036.0	-20080.5	1365.59	354.603
-1036.0	-20080.5	1363.78	346.249
-1036.0	-20080.5	1361.96	329.624
-1036.0	-20080.5	1360.15	364.025
-1036.0	-20080.5	1358.34	357.053
-1036.0	-20080.5	1356.52	336.301
-1036.0	-20080.5	1354.71	362.41
-1036.0	-20080.5	1352.89	341.666
-1036.0	-20080.5	1351.08	334.705
-1036.0	-20080.5	1349.26	327.747
-1036.0	-20080.5	1347.45	359.342
-1036.0	-20080.5	1345.63	371.653
-1036.0	-20080.5	1343.81	355.058
-1036.0	-20080.5	1342.0	317.831
-1036.0	-20080.5	1340.18	348.025
-1036.0	-20080.5	1338.36	350.7
-1036.0	-20080.5	1336.54	349.249
-1036.0	-20080.5	1334.73	332.676
-1036.0	-20080.5	1332.91	342.225
-1036.0	-20080.5	1331.09	332.532
-1036.0	-20080.5	1329.27	359.935
-1036.0	-20080.5	1327.45	339.254
-1036.0	-20080.5	1325.63	336.434
-1036.0	-20080.5	1323.81	347.344
-1036.0	-20080.5	1321.98	341.777
-1036.0	-20080.5	1320.16	354.054
-1036.0	-20080.5	1318.34	341.628
-1036.0	-20080.5	1316.52	336.067
-1036.0	-20080.5	1314.7	364.793
-1036.0	-20080.5	1312.87	367.455
-1036.0	-20080.5	1311.05	350.926
-1036.0	-20080.5	1309.22	322.068
-1036.0	-20080.5	1307.4	315.147
-1036.0	-20080.5	1305.57	336.996
-1036.0	-20080.5	1303.75	336.923
-1036.0	-20080.5	1301.92	362.866
-1036.0	-20080.5	1300.1	351.834
-1036.0	-20080.5	1298.27	338.07
-1036.0	-20080.5	1296.44	316.101
-1036.0	-20080.5	1294.62	344.762
-1036.0	-20080.5	1292.79	324.17
-1036.0	-20080.5	1290.96	344.611
-1036.0	-20080.5	1289.13	352.739
-1036.0	-20080.5	1287.3	347.194
-1036.0	-20080.5	1285.47	334.818
-1036.0	-20080.5	1283.64	326.547
-1036.0	-20080.5	1281.81	352.429
-1036.0	-20080.5	1279.98	346.889
-1036.0	-20080.5	1278.15	341.351
-1036.0	-20080.5	1276.32	345.371
-1036.0	-20080.5	1274.49	334.377
-1036.0	-20080.5	1272.66	326.116
-1036.0	-20080.5	1270.82	354.693
-1036.0	-20080.5	1268.99	347.795
-1036.0	-20080.5	1267.16	331.356
-1036.0	-20080.5	1265.32	351.732
-1036.0	-20080.5	1263.49	359.833
-1036.0	-20080.5	1261.66	358.391
-1036.0	-20080.5	1259.82	341.963
-1036.0	-20080.5	1257.98	324.18
-1036.0	-20080.5	1256.15	360.877
-1036.0	-20080.5	1254.31	352.629
-1036.0	-20080.5	1252.48	355.273
-1036.0	-20080.5	1250.64	327.977
-1036.0	-20080.5	1248.8	348.314
-1036.0	-20080.5	1246.96	341.435
-1036.0	-20080.5	1245.13	327.76
-1036.0	-20080.5	1243.29	344.004
-1036.0	-20080.5	1241.45	342.568
-1036.0	-20080.5	1239.61	349.288
-1036.0	-20080.5	1237.77	365.516
-1036.0	-20080.5	1235.93	330.115
-1036.0	-20080.5	1234.09	344.982
-1036.0	-20080.5	1232.25	339.474
-1036.0	-20080.5	1230.41	363.835
-1036.0	-20080.5	1228.56	327.108
-1036.0	-20080.5	1226.72	350.104
-1036.0	-20080.5	1224.88	318.823
-1036.0	-20080.5	1223.04	364.869
-1036.0	-20080.5	1221.19	311.901
-1036.0	-20080.5	1219.35	343.015
-1036.0	-20080.5	1217.5	333.45
-1036.0	-20080.5	1215.66	348.284
-1036.0	-20080.5	1213.81	323.818
-1036.0	-20080.5	1211.97	349.484
-1036.0	-20080.5	1210.12	343.989
-1036.0	-20080.5	1208.28	350.682
-1036.0	-20080.5	1206.43	322.177
-1036.0	-20080.5	1204.58	319.399
-1036.0	-20080.5	1202.73	353.155
-1036.0	-20080.5	1200.89	336.843
-1036.0	-20080.5	1199.04	331.358
-1036.0	-20080.5	1197.19	354.271
-1036.0	-20080.5	1195.34	310.932
-1036.0	-20080.5	1193.49	335.192
-1036.0	-20080.5	1191.64	321.604
-1036.0	-20080.5	1189.79	335.043
-1036.0	-20080.5	1187.94	349.825
-1036.0	-20080.5	1186.09	337.594
-1036.0	-20080.5	1184.23	346.969
-1036.0	-20080.5	1182.38	333.394
-1036.0	-20080.5	1180.53	349.514
-1036.0	-20080.5	1178.68	327.849
-1036.0	-20080.5	1176.82	323.729
-1036.0	-20080.5	1174.97	326.354
-1036.0	-20080.5	1173.12	339.764
-1036.0	-20080.5	1171.26	336.992
-1036.0	-20080.5	1169.41	338.265
-1036.0	-20080.5	1167.55	339.536
-1036.0	-20080.5	1165.69	362.361
-1036.0	-20080.5	1163.84	347.465
-1036.0	-20080.5	1161.98	331.23
-1036.0	-20080.5	1160.12	333.848
-1036.0	-20080.5	1158.27	328.39
-1036.0	-20080.5	1156.41	340.427
-1036.0	-20080.5	1154.55	337.66
-1036.0	-20080.5	1152.69	321.445
-1036.0	-20080.5	1150.83	356.334
-1036.0	-20080.5	1148.97	333.4
-1036.0	-20080.5	1147.11	350.799
-1036.0	-20080.5	1145.25	352.064
-1036.0	-20080.5	1143.39	351.985
-1036.0	-20080.5	1141.53	306.239
-1036.0	-20080.5	1139.67	346.456
-1036.0	-20080.5	1137.81	357.118
-1036.0	-20080.5	1135.94	351.669
-1036.0	-20080.5	1134.08	335.487
-1036.0	-20080.5	1132.22	347.487
-1036.0	-20080.5	1130.35	340.702
-1036.0	-20080.5	1128.49	320.51
-1036.0	-20080.5	1126.62	317.756
-1036.0	-20080.5	1124.76	340.473
-1036.0	-20080.5	1122.89	339.056
-1036.0	-20080.5	1121.03	332.281
-1036.0	-20080.5	1119.16	329.527
-1036.0	-20080.5	1117.3	326.774
-1036.0	-20080.5	1115.43	349.463
-1036.0	-20080.5	1113.56	334.659
-1036.0	-20080.5	1111.69	322.539
-1036.0	-20080.5	1109.82	321.128
-1036.0	-20080.5	1107.96	327.745
-1036.0	-20080.5	1106.09	342.383
-1036.0	-20080.5	1104.22	353.003
-1036.0	-20080.5	1102.35	335.544
-1036.0	-20080.5	1100.48	339.478
-1036.0	-20080.5	1098.61	347.419
-1036.0	-20080.5	1096.73	344.669
-1036.0	-20080.5	1094.86	332.571
-1036.0	-20080.5	1092.99	328.49
-1036.0	-20080.5	1091.12	312.395
-1036.0	-20080.5	1089.24	323.003
-1036.0	-20080.5	1087.37	349.618
-1036.0	-20080.5	1085.5	326.859
-1036.0	-20080.5	1083.62	353.462
-1036.0	-20080.5	1081.75	342.714
-1036.0	-20080.5	1079.87	351.969
-1036.0	-20080.5	1078.0	345.225
-1036.0	-20080.5	1076.12	362.471
-1036.0	-20080.5	1074.24	341.072
-1036.0	-20080.5	1072.37	358.311
-1036.0	-20080.5	1070.49	338.254
-1036.0	-20080.5	1068.61	327.527
-1036.0	-20080.5	1066.73	328.784
-1036.0	-20080.5	1064.86	326.048
-1036.0	-20080.5	1062.98	357.906
-1036.0	-20080.5	1061.1	357.825
-1036.0	-20080.5	1059.22	357.744
-1036.0	-20080.5	1057.34	331.071
-1036.0	-20080.5	1055.46	385.497
-1036.0	-20080.5	1053.58	358.83
-1036.0	-20080.5	1051.69	328.189
-1036.0	-20080.5	1049.81	332.099
-1036.0	-20080.5	1047.93	346.633
-1036.0	-20080.5	1046.05	354.521
-1036.0	-20080.5	1044.16	355.768
-1036.0	-20080.5	1042.28	341.089
-1036.0	-20080.5	1040.4	358.261
-1036.0	-20080.5	1038.51	340.934
-1036.0	-20080.5	1036.63	343.509
-1036.0	-20080.5	1034.74	348.735
-1036.0	-20080.5	1032.86	363.238
-1036.0	-20080.5	1030.97	384.362
-1036.0	-20080.5	1029.08	368.374
-1036.0	-20080.5	1027.2	385.512
-1036.0	-20080.5	1025.31	370.855
-1036.0	-20080.5	1023.42	413.145
-1036.0	-20080.5	1021.53	427.613
-1036.0	-20080.5	1019.64	416.928
-1036.0	-20080.5	1017.75	420.803
-1036.0	-20080.5	1015.86	374.403
-1036.0	-20080.5	1013.97	408.707
-1036.0	-20080.5	1012.08	421.838
-1036.0	-20080.5	1010.19	425.708
-1036.0	-20080.5	1008.3	457.333
-1036.0	-20080.5	1006.41	449.3
-1036.0	-20080.5	1004.52	441.271
-1036.0	-20080.5	1002.62	467.588
-1036.0	-20080.5	1000.73	433.146
-1036.0	-20080.5	998.837	492.46
-1036.0	-20080.5	996.943	498.947
-1036.0	-20080.5	995.049	512.03
-1036.0	-20080.5	993.154	529.065
-1036.0	-20080.5	991.258	542.135
-1036.0	-20080.5	989.363	593.443
-1036.0	-20080.5	987.467	630.224
-1036.0	-20080.5	985.57	705.215
-1036.0	-20080.5	983.673	706.372
-1036.0	-20080.5	981.776	694.352
-1036.0	-20080.5	979.878	703.415
-1036.0	-20080.5	977.979	699.303
-1036.0	-20080.5	976.081	687.293
-1036.0	-20080.5	974.181	720.045
-1036.0	-20080.5	972.282	702.771
-1036.0	-20080.5	970.382	671.033
-1036.0	-20080.5	968.481	703.765
-1036.0	-20080.5	966.58	700.974
-1036.0	-20080.5	964.679	692.924
-1036.0	-20080.5	962.777	707.226
-1036.0	-20080.5	960.875	700.492
-1036.0	-20080.5	958.972	684.565
-1036.0	-20080.5	957.069	683.094
-1036.0	-20080.5	955.166	647.477
-1036.0	-20080.5	953.262	627.633
-1036.0	-20080.5	951.357	648.493
-1036.0	-20080.5	949.452	679.843
-1036.0	-20080.5	947.547	671.814
-1036.0	-20080.5	945.641	638.864
-1036.0	-20080.5	943.735	675.44
-1036.0	-20080.5	941.829	667.418
-1036.0	-20080.5	939.922	663.332
-1036.0	-20080.5	938.014	644.83
-1036.0	-20080.5	936.106	597.51
-1036.0	-20080.5	934.198	575.103
-1036.0	-20080.5	932.289	544.847
-1036.0	-20080.5	930.38	519.842
-1036.0	-20080.5	928.47	481.758
-1036.0	-20080.5	926.56	454.162
-1036.0	-20080.5	924.649	422.653
-1036.0	-20080.5	922.738	405.549
-1036.0	-20080.5	920.827	401.532
-1036.0	-20080.5	918.915	422.361
-1036.0	-20080.5	917.003	394.81
-1036.0	-20080.5	915.09	360.737
-1036.0	-20080.5	913.177	388.095
-1036.0	-20080.5	911.263	410.214
-1036.0	-20080.5	909.349	398.365
-1036.0	-20080.5	907.435	390.438
-1036.0	-20080.5	905.52	407.32
-1036.0	-20080.5	903.604	411.141
-1036.0	-20080.5	901.688	404.522
-1036.0	-20080.5	899.772	383.555
-1036.0	-20080.5	897.855	393.901
-1036.0	-20080.5	895.938	375.554
-1036.0	-20080.5	894.021	404.148
-1036.0	-20080.5	892.103	398.842
-1036.0	-20080.5	890.184	379.203
-1036.0	-20080.5	888.265	389.538
-1036.0	-20080.5	886.346	399.868
-1036.0	-20080.5	884.426	410.193
-1036.0	-20080.5	882.506	403.588
-1036.0	-20080.5	880.585	400.892
-1036.0	-20080.5	878.664	385.183
-1036.0	-20080.5	876.742	405.91
-1036.0	-20080.5	874.82	395.411
-1036.0	-20080.5	872.898	384.916
-1036.0	-20080.5	870.975	396.528
-1036.0	-20080.5	869.051	425.031
-1036.0	-20080.5	867.127	410.638
-1036.0	-20080.5	865.203	391.055
-1036.0	-20080.5	863.278	375.378
-1036.0	-20080.5	861.353	398.665
-1036.0	-20080.5	859.428	366.116
-1036.0	-20080.5	857.502	397.182
-1036.0	-20080.5	855.575	358.16
-1036.0	-20080.5	853.648	377.537
-1036.0	-20080.5	851.721	390.421
-1036.0	-20080.5	849.793	383.846
-1036.0	-20080.5	847.865	383.757
-1036.0	-20080.5	845.936	383.668
-1036.0	-20080.5	844.007	395.241
-1036.0	-20080.5	842.077	396.445
-1036.0	-20080.5	840.147	396.353
-1036.0	-20080.5	838.216	413.095
-1036.0	-20080.5	836.285	380.632
-1036.0	-20080.5	834.354	418.08
-1036.0	-20080.5	832.422	421.865
-1036.0	-20080.5	830.49	397.186
-1036.0	-20080.5	828.557	391.919
-1036.0	-20080.5	826.624	376.31
-1036.0	-20080.5	824.69	415.008
-1036.0	-20080.5	822.756	395.523
-1036.0	-20080.5	820.821	404.476
-1036.0	-20080.5	818.886	408.258
-1036.0	-20080.5	816.951	395.246
-1036.0	-20080.5	815.015	410.65
-1036.0	-20080.5	813.078	417.01
-1036.0	-20080.5	811.141	400.133
-1036.0	-20080.5	809.204	415.524
-1036.0	-20080.5	807.266	402.526
-1036.0	-20080.5	805.328	365.026
-1036.0	-20080.5	803.389	385.574
-1036.0	-20080.5	801.45	395.798
-1036.0	-20080.5	799.511	375.082
-1036.0	-20080.5	797.571	393.035
-1036.0	-20080.5	795.63	431.593
-1036.0	-20080.5	793.689	388.987
-1036.0	-20080.5	791.748	395.335
-1036.0	-20080.5	789.806	397.817
-1036.0	-20080.5	787.864	417.031
-1036.0	-20080.5	785.921	388.623
-1036.0	-20080.5	783.978	401.397
-1036.0	-20080.5	782.034	396.158
-1036.0	-20080.5	780.09	374.204
-1036.0	-20080.5	778.145	404.972
-1036.0	-20080.5	776.2	408.733
-1036.0	-20080.5	774.255	394.501
-1036.0	-20080.5	772.309	362.291
-1036.0	-20080.5	770.362	402.023
-1036.0	-20080.5	768.416	351.848
-1036.0	-20080.5	766.468	382.577
-1036.0	-20080.5	764.52	378.636
-1036.0	-20080.5	762.572	390.096
-1036.0	-20080.5	760.624	382.307
-1036.0	-20080.5	758.674	386.065
-1036.0	-20080.5	756.725	373.151
-1036.0	-20080.5	754.775	392.293
-1036.0	-20080.5	752.824	375.539
-1036.0	-20080.5	750.873	354.948
-1036.0	-20080.5	748.922	377.924
-1036.0	-20080.5	746.97	359.904
-1036.0	-20080.5	745.017	390.551
-1036.0	-20080.5	743.065	386.618
-1036.0	-20080.5	741.111	375.008
-1036.0	-20080.5	739.158	385.156
-1036.0	-20080.5	737.203	372.272
-1036.0	-20080.5	735.249	386.253
-1036.0	-20080.5	733.294	361.867
-1036.0	-20080.5	731.338	382.236
-1036.0	-20080.5	729.382	400.039
-1036.0	-20080.5	727.425	412.722
-1036.0	-20080.5	725.468	385.797
-1036.0	-20080.5	723.511	411.249
-1036.0	-20080.5	721.553	369.015
-1036.0	-20080.5	719.595	382.97
-1036.0	-20080.5	717.636	391.814
-1036.0	-20080.5	715.676	376.409
-1036.0	-20080.5	713.717	409.487
-1036.0	-20080.5	711.756	406.84
-1036.0	-20080.5	709.796	353.191
-1036.0	-20080.5	707.835	418.119
-1036.0	-20080.5	705.873	391.257
-1036.0	-20080.5	703.911	393.712
-1036.0	-20080.5	701.948	410.179
-1036.0	-20080.5	699.985	373.149
-1036.0	-20080.5	698.022	401.071
-1036.0	-20080.5	696.058	367.88
-1036.0	-20080.5	694.093	394.518
-1036.0	-20080.5	692.129	386.79
-1036.0	-20080.5	690.163	413.411
-1036.0	-20080.5	688.197	392.965
-1036.0	-20080.5	686.231	394.143
-1036.0	-20080.5	684.264	377.524
-1036.0	-20080.5	682.297	400.309
-1036.0	-20080.5	680.329	409.107
-1036.0	-20080.5	678.361	377.255
-1036.0	-20080.5	676.393	398.753
-1036.0	-20080.5	674.423	387.232
-1036.0	-20080.5	672.454	404.91
-1036.0	-20080.5	670.484	408.62
-1036.0	-20080.5	668.513	419.941
-1036.0	-20080.5	666.542	423.646
-1036.0	-20080.5	664.571	381.697
-1036.0	-20080.5	662.599	389.213
-1036.0	-20080.5	660.627	408.132
-1036.0	-20080.5	658.654	410.569
-1036.0	-20080.5	656.68	406.67
-1036.0	-20080.5	654.707	421.772
-1036.0	-20080.5	652.732	439.399
-1036.0	-20080.5	650.758	431.698
-1036.0	-20080.5	648.782	403.75
-1036.0	-20080.5	646.807	430.226
-1036.0	-20080.5	644.83	387.111
-1036.0	-20080.5	642.854	384.488
-1036.0	-20080.5	640.877	402.099
-1036.0	-20080.5	638.899	396.946
-1036.0	-20080.5	636.921	412.017
-1036.0	-20080.5	634.942	404.336
-1036.0	-20080.5	632.963	424.451
-1036.0	-20080.5	630.984	418.035
-1036.0	-20080.5	629.004	422.985
-1036.0	-20080.5	627.023	400.161
-1036.0	-20080.5	625.042	425.305
-1036.0	-20080.5	623.061	436.559
-1036.0	-20080.5	621.079	421.317
-1036.0	-20080.5	619.097	411.126
-1036.0	-20080.5	617.114	423.635
-1036.0	-20080.5	615.131	423.533
-1036.0	-20080.5	613.147	402.008
-1036.0	-20080.5	611.163	396.871
-1036.0	-20080.5	609.178	428.265
-1036.0	-20080.5	607.193	396.68
-1036.0	-20080.5	605.207	394.066
-1036.0	-20080.5	603.221	401.523
-1036.0	-20080.5	601.234	400.168
-1036.0	-20080.5	599.247	421.458
-1036.0	-20080.5	597.259	415.067
-1036.0	-20080.5	595.271	401.135
-1036.0	-20080.5	593.283	399.781
-1036.0	-20080.5	591.294	374.547
-1036.0	-20080.5	589.304	414.666
-1036.0	-20080.5	587.314	369.34
-1036.0	-20080.5	585.323	399.394
-1036.0	-20080.5	583.332	394.274
-1036.0	-20080.5	581.341	395.434
-1036.0	-20080.5	579.349	422.949
-1036.0	-20080.5	577.357	417.827
-1036.0	-20080.5	575.364	434.034
-1036.0	-20080.5	573.37	411.354
-1036.0	-20080.5	571.376	406.239
-1036.0	-20080.5	569.382	408.647
-1036.0	-20080.5	567.387	424.839
-1036.0	-20080.5	565.392	417.219
-1036.0	-20080.5	563.396	398.328
-1036.0	-20080.5	561.399	413.259
-1036.0	-20080.5	559.403	428.182
-1036.0	-20080.5	557.405	424.323
-1036.0	-20080.5	555.408	422.968
-1036.0	-20080.5	553.409	430.371
-1036.0	-20080.5	551.411	424.012
-1036.0	-20080.5	549.411	471.427
-1036.0	-20080.5	547.412	478.812
-1036.0	-20080.5	545.411	499.943
-1036.0	-20080.5	543.411	522.313
-1036.0	-20080.5	541.409	558.413
-1036.0	-20080.5	539.408	559.526
-1036.0	-20080.5	537.406	608.086
-1036.0	-20080.5	535.403	686.582
-1036.0	-20080.5	533.4	731.342
-1036.0	-20080.5	531.396	832.228
-1036.0	-20080.5	529.392	1044.08
-1036.0	-20080.5	527.387	1459.12
-1036.0	-20080.5	525.382	2492.36
-1036.0	-20080.5	523.376	5470.87
-1036.0	-20080.5	521.37	10711.0
-1036.0	-20080.5	519.364	10516.5
-1036.0	-20080.5	517.357	6073.43
-1036.0	-20080.5	515.349	3263.85
-1036.0	-20080.5	513.341	1981.98
-1036.0	-20080.5	511.332	1356.68
-1036.0	-20080.5	509.323	1060.19
-1036.0	-20080.5	507.314	894.469
-1036.0	-20080.5	505.304	788.53
-1036.0	-20080.5	503.293	732.382
-1036.0	-20080.5	501.282	629.022
-1036.0	-20080.5	499.27	610.224
-1036.0	-20080.5	497.258	597.648
-1036.0	-20080.5	495.246	541.602
-1036.0	-20080.5	493.233	524.081
-1036.0	-20080.5	491.219	518.985
-1036.0	-20080.5	489.205	476.653
-1036.0	-20080.5	487.191	498.873
-1036.0	-20080.5	485.176	452.845
-1036.0	-20080.5	483.16	480.021
-1036.0	-20080.5	481.144	471.221
-1036.0	-20080.5	479.128	466.145
-1036.0	-20080.5	477.111	437.523
-1036.0	-20080.5	475.093	465.914
-1036.0	-20080.5	473.075	441.022
-1036.0	-20080.5	471.056	414.904
-1036.0	-20080.5	469.037	454.423
-1036.0	-20080.5	467.018	424.601
-1036.0	-20080.5	464.998	454.197
-1036.0	-20080.5	462.977	414.491
-1036.0	-20080.5	460.956	452.734
-1036.0	-20080.5	458.935	425.415
-1036.0	-20080.5	456.913	435.2
-1036.0	-20080.5	454.89	411.606
-1036.0	-20080.5	452.867	436.219
-1036.0	-20080.5	450.843	454.641
-1036.0	-20080.5	448.819	440.941
-1036.0	-20080.5	446.795	409.961
-1036.0	-20080.5	444.77	449.363
-1036.0	-20080.5	442.744	439.377
-1036.0	-20080.5	440.718	451.606
-1036.0	-20080.5	438.691	449.025
-1036.0	-20080.5	436.664	453.846
-1036.0	-20080.5	434.637	464.829
-1036.0	-20080.5	432.608	473.341
-1036.0	-20080.5	430.58	460.899
-1036.0	-20080.5	428.551	454.623
-1036.0	-20080.5	426.521	453.277
-1036.0	-20080.5	424.491	443.312
-1036.0	-20080.5	422.46	444.432
-1036.0	-20080.5	420.429	423.396
-1036.0	-20080.5	418.397	445.439
-1036.0	-20080.5	416.365	451.478
-1036.0	-20080.5	414.332	432.916
-1036.0	-20080.5	412.299	454.939
-1036.0	-20080.5	410.265	459.741
-1036.0	-20080.5	408.231	449.794
-1036.0	-20080.5	406.196	452.137
-1036.0	-20080.5	404.161	469.22
-1036.0	-20080.5	402.125	466.645
-1036.0	-20080.5	400.089	426.013
-1036.0	-20080.5	398.052	434.497
-1036.0	-20080.5	396.015	454.02
-1036.0	-20080.5	393.977	455.132
-1036.0	-20080.5	391.938	432.941
-1036.0	-20080.5	389.899	452.449
-1036.0	-20080.5	387.86	453.56
-1036.0	-20080.5	385.82	433.837
-1036.0	-20080.5	383.78	463.132
-1036.0	-20080.5	381.739	474.038
-1036.0	-20080.5	379.697	451.875
-1036.0	-20080.5	377.655	417.48
-1036.0	-20080.5	375.613	456.541
-1036.0	-20080.5	373.57	487.017
-1036.0	-20080.5	371.526	472.212
-1036.0	-20080.5	369.482	447.631
-1036.0	-20080.5	367.437	459.744
-1036.0	-20080.5	365.392	487.743
-1036.0	-20080.5	363.346	437.512
-1036.0	-20080.5	361.3	449.618
-1036.0	-20080.5	359.254	465.382
-1036.0	-20080.5	357.206	442.061
-1036.0	-20080.5	355.159	461.482
-1036.0	-20080.5	353.11	461.364
-1036.0	-20080.5	351.062	450.263
-1036.0	-20080.5	349.012	439.169
-1036.0	-20080.5	346.962	452.472
-1036.0	-20080.5	344.912	458.452
-1036.0	-20080.5	342.861	453.458
-1036.0	-20080.5	340.81	470.403
-1036.0	-20080.5	338.758	445.915
-1036.0	-20080.5	336.705	472.597
-1036.0	-20080.5	334.652	466.387
-1036.0	-20080.5	332.599	463.832
-1036.0	-20080.5	330.545	500.225
-1036.0	-20080.5	328.49	489.145
-1036.0	-20080.5	326.435	475.638
-1036.0	-20080.5	324.379	477.947
-1036.0	-20080.5	322.323	477.824
-1036.0	-20080.5	320.266	502.011
-1036.0	-20080.5	318.209	486.083
-1036.0	-20080.5	316.151	470.164
-1036.0	-20080.5	314.093	497.977
-1036.0	-20080.5	312.034	492.991
-1036.0	-20080.5	309.975	525.64
-1036.0	-20080.5	307.915	498.804
-1036.0	-20080.5	305.854	526.581
-1036.0	-20080.5	303.793	528.87
-1036.0	-20080.5	301.732	529.945
-1036.0	-20080.5	299.67	540.719
-1036.0	-20080.5	297.607	526.033
-1036.0	-20080.5	295.544	498.026
-1036.0	-20080.5	293.48	512.434
-1036.0	-20080.5	291.416	488.078
-1036.0	-20080.5	289.351	494.004
-1036.0	-20080.5	287.286	475.718
-1036.0	-20080.5	285.22	497.377
-1036.0	-20080.5	283.154	493.617
-1036.0	-20080.5	281.087	491.069
-1036.0	-20080.5	279.019	487.313
-1036.0	-20080.5	276.951	466.634
-1036.0	-20080.5	274.883	496.726
-1036.0	-20080.5	272.814	513.512
-1036.0	-20080.5	270.744	480.762
-1036.0	-20080.5	268.674	456.483
-1036.0	-20080.5	266.603	480.51
-1036.0	-20080.5	264.532	480.383
-1036.0	-20080.5	262.46	464.57
-1036.0	-20080.5	260.388	481.337
-1036.0	-20080.5	258.315	492.064
-1036.0	-20080.5	256.241	495.552
-1036.0	-20080.5	254.167	473.724
-1036.0	-20080.5	252.093	473.599
-1036.0	-20080.5	250.018	473.474
-1036.0	-20080.5	247.942	475.757
-1036.0	-20080.5	245.866	491.285
-1036.0	-20080.5	243.789	456.245
-1036.0	-20080.5	241.712	476.583
-1036.0	-20080.5	239.634	478.863
-1036.0	-20080.5	237.556	467.91
-1036.0	-20080.5	235.477	466.584
-1036.0	-20080.5	233.397	455.64
-1036.0	-20080.5	231.317	467.538
-1036.0	-20080.5	229.237	467.413
-1036.0	-20080.5	227.155	466.087
-1036.0	-20080.5	225.074	474.37
-1036.0	-20080.5	222.991	453.833
-1036.0	-20080.5	220.909	433.307
-1036.0	-20080.5	218.825	449.991
-1036.0	-20080.5	216.741	409.082
-1036.0	-20080.5	214.657	434.159
-1036.0	-20080.5	212.572	450.829
-1036.0	-20080.5	210.486	437.523
-1036.0	-20080.5	208.4	454.183
-1036.0	-20080.5	206.313	445.675
-1036.0	-20080.5	204.226	446.753
-1036.0	-20080.5	202.138	422.685
-1036.0	-20080.5	200.05	430.951
-1036.0	-20080.5	197.961	445.196
-1036.0	-20080.5	195.871	436.701
-1036.0	-20080.5	193.781	412.661
-1036.0	-20080.5	191.691	420.921
-1036.0	-20080.5	189.599	433.957
-1036.0	-20080.5	187.508	454.158
-1036.0	-20080.5	185.415	445.671
-1036.0	-20080.5	183.322	419.272
-1036.0	-20080.5	181.229	433.488
-1036.0	-20080.5	179.135	427.402
-1036.0	-20080.5	177.04	443.996
-1036.0	-20080.5	174.945	480.865
-1036.0	-20080.5	172.849	446.141
-1036.0	-20080.5	170.753	455.56
-1036.0	-20080.5	168.656	453.052
-1036.0	-20080.5	166.558	449.353
-1036.0	-20080.5	164.46	444.464
-1036.0	-20080.5	162.362	422.9
-1036.0	-20080.5	160.263	435.886
-1036.0	-20080.5	158.163	423.86
-1036.0	-20080.5	156.063	453.502
-1036.0	-20080.5	153.962	460.518
-1036.0	-20080.5	151.86	460.392
-1036.0	-20080.5	149.758	445.994
-1036.0	-20080.5	147.656	412.581
-1036.0	-20080.5	145.552	446.939
-1036.0	-20080.5	143.449	446.816
-1036.0	-20080.5	141.344	443.13
-1036.0	-20080.5	139.239	443.008
-1036.0	-20080.5	137.134	473.758
-1036.0	-20080.5	135.028	455.822
-1036.0	-20080.5	132.921	469.937
-1036.0	-20080.5	130.814	474.553
-1036.0	-20080.5	128.706	460.189
-1036.0	-20080.5	126.598	448.205
-1036.0	-20080.5	124.489	417.261
-1036.0	-20080.5	122.379	446.773
-1036.0	-20080.5	120.269	454.942
-1036.0	-20080.5	118.158	428.759
-1036.0	-20080.5	116.047	441.665
-1036.0	-20080.5	113.935	449.829
-1036.0	-20080.5	111.822	428.403
-1036.0	-20080.5	109.709	437.748
-1036.0	-20080.5	107.596	445.906
-1036.0	-20080.5	105.481	432.775
-1036.0	-20080.5	103.367	466.936
-1036.0	-20080.5	101.251	431.353
-1036.0	-20080.5	99.1351	409.966
-1036.0	-20080.5	97.0184	416.938
-1036.0	-20080.5	94.9012	427.449
-1036.0	-20080.5	92.7834	424.969
-1036.0	-20080.5	90.665	397.707
-1036.0	-20080.5	88.546	402.315
-1036.0	-20080.5	86.4265	424.612
-1036.0	-20080.5	84.3063	405.626
-1036.0	-20080.5	82.1855	423.195
-1036.0	-20080.5	80.0641	391.257
-1036.0	-20080.5	77.9422	368.762
