-1036.0	-20050.5	1979.41	434.377
-1036.0	-20050.5	1977.72	454.988
-1036.0	-20050.5	1976.02	450.482
-1036.0	-20050.5	1974.33	447.455
-1036.0	-20050.5	1972.64	451.812
-1036.0	-20050.5	1970.94	434.022
-1036.0	-20050.5	1969.25	445.759
-1036.0	-20050.5	1967.56	444.21
-1036.0	-20050.5	1965.86	429.382
-1036.0	-20050.5	1964.17	448.49
-1036.0	-20050.5	1962.47	427.765
-1036.0	-20050.5	1960.78	399.673
-1036.0	-20050.5	1959.08	437.945
-1036.0	-20050.5	1957.39	440.821
-1036.0	-20050.5	1955.69	455.489
-1036.0	-20050.5	1953.99	445.096
-1036.0	-20050.5	1952.3	446.495
-1036.0	-20050.5	1950.6	433.161
-1036.0	-20050.5	1948.9	468.443
-1036.0	-20050.5	1947.21	410.923
-1036.0	-20050.5	1945.51	416.745
-1036.0	-20050.5	1943.81	428.454
-1036.0	-20050.5	1942.11	437.214
-1036.0	-20050.5	1940.41	440.084
-1036.0	-20050.5	1938.71	444.425
-1036.0	-20050.5	1937.01	451.707
-1036.0	-20050.5	1935.32	436.919
-1036.0	-20050.5	1933.62	428.02
-1036.0	-20050.5	1931.92	435.301
-1036.0	-20050.5	1930.22	439.638
-1036.0	-20050.5	1928.51	439.563
-1036.0	-20050.5	1926.81	440.958
-1036.0	-20050.5	1925.11	479.093
-1036.0	-20050.5	1923.41	437.869
-1036.0	-20050.5	1921.71	473.053
-1036.0	-20050.5	1920.01	437.719
-1036.0	-20050.5	1918.31	433.238
-1036.0	-20050.5	1916.6	453.721
-1036.0	-20050.5	1914.9	400.791
-1036.0	-20050.5	1913.2	397.787
-1036.0	-20050.5	1911.49	413.862
-1036.0	-20050.5	1909.79	441.67
-1036.0	-20050.5	1908.09	438.659
-1036.0	-20050.5	1906.38	460.586
-1036.0	-20050.5	1904.68	435.574
-1036.0	-20050.5	1902.97	434.032
-1036.0	-20050.5	1901.27	441.287
-1036.0	-20050.5	1899.56	432.416
-1036.0	-20050.5	1897.85	422.082
-1036.0	-20050.5	1896.15	429.334
-1036.0	-20050.5	1894.44	426.329
-1036.0	-20050.5	1892.74	446.762
-1036.0	-20050.5	1891.03	426.18
-1036.0	-20050.5	1889.32	440.748
-1036.0	-20050.5	1887.61	428.959
-1036.0	-20050.5	1885.91	456.695
-1036.0	-20050.5	1884.2	443.443
-1036.0	-20050.5	1882.49	411.174
-1036.0	-20050.5	1880.78	425.731
-1036.0	-20050.5	1879.07	438.821
-1036.0	-20050.5	1877.36	446.055
-1036.0	-20050.5	1875.65	432.816
-1036.0	-20050.5	1873.94	412.272
-1036.0	-20050.5	1872.23	429.74
-1036.0	-20050.5	1870.52	426.74
-1036.0	-20050.5	1868.81	432.509
-1036.0	-20050.5	1867.1	417.823
-1036.0	-20050.5	1865.39	406.063
-1036.0	-20050.5	1863.68	423.516
-1036.0	-20050.5	1861.96	433.661
-1036.0	-20050.5	1860.25	408.765
-1036.0	-20050.5	1858.54	405.773
-1036.0	-20050.5	1856.82	405.7
-1036.0	-20050.5	1855.11	440.646
-1036.0	-20050.5	1853.4	430.355
-1036.0	-20050.5	1851.68	424.443
-1036.0	-20050.5	1849.97	406.867
-1036.0	-20050.5	1848.25	435.954
-1036.0	-20050.5	1846.54	399.431
-1036.0	-20050.5	1844.82	459.117
-1036.0	-20050.5	1843.11	396.372
-1036.0	-20050.5	1841.39	393.387
-1036.0	-20050.5	1839.68	403.512
-1036.0	-20050.5	1837.96	426.742
-1036.0	-20050.5	1836.24	417.928
-1036.0	-20050.5	1834.53	412.028
-1036.0	-20050.5	1832.81	394.485
-1036.0	-20050.5	1831.09	451.174
-1036.0	-20050.5	1829.37	426.354
-1036.0	-20050.5	1827.65	419.002
-1036.0	-20050.5	1825.94	381.105
-1036.0	-20050.5	1824.22	394.125
-1036.0	-20050.5	1822.5	417.318
-1036.0	-20050.5	1820.78	417.241
-1036.0	-20050.5	1819.06	433.153
-1036.0	-20050.5	1817.34	417.088
-1036.0	-20050.5	1815.62	395.216
-1036.0	-20050.5	1813.9	430.009
-1036.0	-20050.5	1812.18	416.857
-1036.0	-20050.5	1810.45	410.971
-1036.0	-20050.5	1808.73	393.472
-1036.0	-20050.5	1807.01	393.399
-1036.0	-20050.5	1805.29	415.097
-1036.0	-20050.5	1803.56	426.629
-1036.0	-20050.5	1801.84	422.198
-1036.0	-20050.5	1800.12	410.515
-1036.0	-20050.5	1798.39	432.193
-1036.0	-20050.5	1796.67	442.263
-1036.0	-20050.5	1794.95	420.434
-1036.0	-20050.5	1793.22	436.3
-1036.0	-20050.5	1791.5	410.132
-1036.0	-20050.5	1789.77	420.198
-1036.0	-20050.5	1788.04	395.492
-1036.0	-20050.5	1786.32	422.938
-1036.0	-20050.5	1784.59	415.618
-1036.0	-20050.5	1782.87	421.332
-1036.0	-20050.5	1781.14	382.167
-1036.0	-20050.5	1779.41	400.911
-1036.0	-20050.5	1777.68	405.176
-1036.0	-20050.5	1775.96	436.929
-1036.0	-20050.5	1774.23	420.935
-1036.0	-20050.5	1772.5	391.931
-1036.0	-20050.5	1770.77	413.547
-1036.0	-20050.5	1769.04	399.012
-1036.0	-20050.5	1767.31	420.617
-1036.0	-20050.5	1765.58	404.641
-1036.0	-20050.5	1763.85	420.458
-1036.0	-20050.5	1762.12	418.934
-1036.0	-20050.5	1760.39	394.301
-1036.0	-20050.5	1758.66	423.107
-1036.0	-20050.5	1756.93	427.357
-1036.0	-20050.5	1755.19	408.511
-1036.0	-20050.5	1753.46	376.682
-1036.0	-20050.5	1751.73	398.254
-1036.0	-20050.5	1750.0	447.229
-1036.0	-20050.5	1748.26	393.775
-1036.0	-20050.5	1746.53	402.352
-1036.0	-20050.5	1744.8	421.019
-1036.0	-20050.5	1743.06	400.757
-1036.0	-20050.5	1741.33	415.093
-1036.0	-20050.5	1739.59	406.367
-1036.0	-20050.5	1737.86	407.73
-1036.0	-20050.5	1736.12	422.056
-1036.0	-20050.5	1734.39	401.812
-1036.0	-20050.5	1732.65	411.814
-1036.0	-20050.5	1730.91	384.382
-1036.0	-20050.5	1729.18	401.58
-1036.0	-20050.5	1727.44	388.551
-1036.0	-20050.5	1725.7	392.792
-1036.0	-20050.5	1723.96	398.47
-1036.0	-20050.5	1722.23	404.146
-1036.0	-20050.5	1720.49	388.25
-1036.0	-20050.5	1718.75	398.238
-1036.0	-20050.5	1717.01	413.973
-1036.0	-20050.5	1715.27	432.575
-1036.0	-20050.5	1713.53	395.133
-1036.0	-20050.5	1711.79	416.604
-1036.0	-20050.5	1710.05	416.523
-1036.0	-20050.5	1708.31	397.774
-1036.0	-20050.5	1706.57	423.54
-1036.0	-20050.5	1704.82	432.07
-1036.0	-20050.5	1703.08	383.19
-1036.0	-20050.5	1701.34	401.768
-1036.0	-20050.5	1699.6	428.947
-1036.0	-20050.5	1697.85	375.793
-1036.0	-20050.5	1696.11	418.741
-1036.0	-20050.5	1694.37	369.911
-1036.0	-20050.5	1692.62	384.173
-1036.0	-20050.5	1690.88	368.332
-1036.0	-20050.5	1689.13	402.65
-1036.0	-20050.5	1687.39	402.571
-1036.0	-20050.5	1685.64	418.248
-1036.0	-20050.5	1683.9	388.092
-1036.0	-20050.5	1682.15	396.606
-1036.0	-20050.5	1680.41	423.726
-1036.0	-20050.5	1678.66	370.687
-1036.0	-20050.5	1676.91	379.2
-1036.0	-20050.5	1675.16	393.432
-1036.0	-20050.5	1673.42	354.733
-1036.0	-20050.5	1671.67	416.157
-1036.0	-20050.5	1669.92	426.084
-1036.0	-20050.5	1668.17	404.556
-1036.0	-20050.5	1666.42	404.476
-1036.0	-20050.5	1664.67	410.111
-1036.0	-20050.5	1662.92	398.601
-1036.0	-20050.5	1661.17	389.951
-1036.0	-20050.5	1659.42	404.154
-1036.0	-20050.5	1657.67	384.084
-1036.0	-20050.5	1655.92	403.993
-1036.0	-20050.5	1654.17	415.331
-1036.0	-20050.5	1652.42	392.417
-1036.0	-20050.5	1650.66	396.618
-1036.0	-20050.5	1648.91	387.981
-1036.0	-20050.5	1647.16	399.312
-1036.0	-20050.5	1645.41	392.103
-1036.0	-20050.5	1643.65	382.046
-1036.0	-20050.5	1641.9	387.67
-1036.0	-20050.5	1640.14	390.442
-1036.0	-20050.5	1638.39	393.213
-1036.0	-20050.5	1636.63	374.617
-1036.0	-20050.5	1634.88	380.238
-1036.0	-20050.5	1633.12	377.314
-1036.0	-20050.5	1631.37	381.509
-1036.0	-20050.5	1629.61	385.702
-1036.0	-20050.5	1627.85	374.24
-1036.0	-20050.5	1626.09	396.928
-1036.0	-20050.5	1624.34	388.314
-1036.0	-20050.5	1622.58	402.456
-1036.0	-20050.5	1620.82	373.939
-1036.0	-20050.5	1619.06	351.118
-1036.0	-20050.5	1617.3	396.527
-1036.0	-20050.5	1615.54	396.447
-1036.0	-20050.5	1613.78	402.049
-1036.0	-20050.5	1612.02	377.822
-1036.0	-20050.5	1610.26	393.366
-1036.0	-20050.5	1608.5	401.805
-1036.0	-20050.5	1606.74	380.431
-1036.0	-20050.5	1604.98	374.676
-1036.0	-20050.5	1603.22	394.465
-1036.0	-20050.5	1601.46	398.641
-1036.0	-20050.5	1599.69	392.887
-1036.0	-20050.5	1597.93	388.552
-1036.0	-20050.5	1596.17	392.727
-1036.0	-20050.5	1594.4	384.142
-1036.0	-20050.5	1592.64	369.891
-1036.0	-20050.5	1590.88	393.903
-1036.0	-20050.5	1589.11	355.574
-1036.0	-20050.5	1587.35	414.987
-1036.0	-20050.5	1585.58	393.662
-1036.0	-20050.5	1583.81	390.75
-1036.0	-20050.5	1582.05	387.839
-1036.0	-20050.5	1580.28	397.666
-1036.0	-20050.5	1578.51	383.435
-1036.0	-20050.5	1576.75	381.942
-1036.0	-20050.5	1574.98	373.378
-1036.0	-20050.5	1573.21	366.231
-1036.0	-20050.5	1571.44	385.948
-1036.0	-20050.5	1569.67	397.176
-1036.0	-20050.5	1567.91	377.31
-1036.0	-20050.5	1566.14	367.343
-1036.0	-20050.5	1564.37	363.029
-1036.0	-20050.5	1562.6	382.727
-1036.0	-20050.5	1560.83	362.88
-1036.0	-20050.5	1559.05	375.51
-1036.0	-20050.5	1557.28	359.907
-1036.0	-20050.5	1555.51	373.944
-1036.0	-20050.5	1553.74	375.278
-1036.0	-20050.5	1551.97	373.79
-1036.0	-20050.5	1550.19	394.866
-1036.0	-20050.5	1548.42	396.194
-1036.0	-20050.5	1546.65	362.28
-1036.0	-20050.5	1544.87	393.211
-1036.0	-20050.5	1543.1	377.63
-1036.0	-20050.5	1541.32	380.369
-1036.0	-20050.5	1539.55	364.797
-1036.0	-20050.5	1537.77	360.497
-1036.0	-20050.5	1536.0	388.58
-1036.0	-20050.5	1534.22	381.461
-1036.0	-20050.5	1532.45	364.494
-1036.0	-20050.5	1530.67	360.197
-1036.0	-20050.5	1528.89	358.715
-1036.0	-20050.5	1527.11	355.828
-1036.0	-20050.5	1525.34	344.505
-1036.0	-20050.5	1523.56	385.202
-1036.0	-20050.5	1521.78	380.905
-1036.0	-20050.5	1520.0	366.773
-1036.0	-20050.5	1518.22	377.936
-1036.0	-20050.5	1516.44	386.286
-1036.0	-20050.5	1514.66	377.779
-1036.0	-20050.5	1512.88	356.638
-1036.0	-20050.5	1511.1	357.967
-1036.0	-20050.5	1509.32	397.191
-1036.0	-20050.5	1507.54	363.43
-1036.0	-20050.5	1505.76	363.354
-1036.0	-20050.5	1503.97	381.512
-1036.0	-20050.5	1502.19	368.811
-1036.0	-20050.5	1500.41	356.116
-1036.0	-20050.5	1498.62	361.648
-1036.0	-20050.5	1496.84	355.966
-1036.0	-20050.5	1495.06	360.095
-1036.0	-20050.5	1493.27	355.817
-1036.0	-20050.5	1491.49	366.946
-1036.0	-20050.5	1489.7	361.268
-1036.0	-20050.5	1487.91	404.591
-1036.0	-20050.5	1486.13	369.514
-1036.0	-20050.5	1484.34	354.043
-1036.0	-20050.5	1482.55	366.56
-1036.0	-20050.5	1480.77	359.489
-1036.0	-20050.5	1478.98	363.608
-1036.0	-20050.5	1477.19	376.115
-1036.0	-20050.5	1475.4	363.455
-1036.0	-20050.5	1473.61	364.776
-1036.0	-20050.5	1471.83	317.19
-1036.0	-20050.5	1470.04	356.239
-1036.0	-20050.5	1468.25	370.131
-1036.0	-20050.5	1466.46	361.674
-1036.0	-20050.5	1464.67	374.163
-1036.0	-20050.5	1462.87	329.417
-1036.0	-20050.5	1461.08	362.84
-1036.0	-20050.5	1459.29	385.087
-1036.0	-20050.5	1457.5	369.661
-1036.0	-20050.5	1455.71	376.556
-1036.0	-20050.5	1453.91	361.138
-1036.0	-20050.5	1452.12	373.608
-1036.0	-20050.5	1450.33	380.497
-1036.0	-20050.5	1448.53	369.269
-1036.0	-20050.5	1446.74	342.72
-1036.0	-20050.5	1444.94	342.647
-1036.0	-20050.5	1443.15	359.285
-1036.0	-20050.5	1441.35	363.385
-1036.0	-20050.5	1439.56	352.172
-1036.0	-20050.5	1437.76	382.714
-1036.0	-20050.5	1435.96	363.153
-1036.0	-20050.5	1434.17	368.64
-1036.0	-20050.5	1432.37	356.044
-1036.0	-20050.5	1430.57	346.235
-1036.0	-20050.5	1428.77	353.112
-1036.0	-20050.5	1426.97	362.766
-1036.0	-20050.5	1425.17	339.065
-1036.0	-20050.5	1423.37	365.389
-1036.0	-20050.5	1421.58	351.421
-1036.0	-20050.5	1419.77	356.9
-1036.0	-20050.5	1417.97	359.601
-1036.0	-20050.5	1416.17	391.451
-1036.0	-20050.5	1414.37	366.386
-1036.0	-20050.5	1412.57	369.083
-1036.0	-20050.5	1410.77	353.744
-1036.0	-20050.5	1408.97	356.442
-1036.0	-20050.5	1407.16	371.618
-1036.0	-20050.5	1405.36	342.426
-1036.0	-20050.5	1403.56	353.44
-1036.0	-20050.5	1401.75	369.993
-1036.0	-20050.5	1399.95	332.507
-1036.0	-20050.5	1398.14	360.138
-1036.0	-20050.5	1396.34	373.909
-1036.0	-20050.5	1394.53	368.291
-1036.0	-20050.5	1392.73	343.295
-1036.0	-20050.5	1390.92	359.828
-1036.0	-20050.5	1389.11	345.914
-1036.0	-20050.5	1387.3	348.607
-1036.0	-20050.5	1385.5	348.531
-1036.0	-20050.5	1383.69	377.494
-1036.0	-20050.5	1381.88	356.676
-1036.0	-20050.5	1380.07	346.924
-1036.0	-20050.5	1378.26	357.904
-1036.0	-20050.5	1376.45	352.3
-1036.0	-20050.5	1374.64	375.706
-1036.0	-20050.5	1372.83	370.101
-1036.0	-20050.5	1371.02	356.214
-1036.0	-20050.5	1369.21	349.235
-1036.0	-20050.5	1367.4	322.938
-1036.0	-20050.5	1365.59	339.426
-1036.0	-20050.5	1363.78	332.455
-1036.0	-20050.5	1361.96	328.245
-1036.0	-20050.5	1360.15	346.099
-1036.0	-20050.5	1358.34	330.86
-1036.0	-20050.5	1356.52	351.463
-1036.0	-20050.5	1354.71	344.496
-1036.0	-20050.5	1352.89	321.001
-1036.0	-20050.5	1351.08	342.97
-1036.0	-20050.5	1349.26	347.026
-1036.0	-20050.5	1347.45	349.705
-1036.0	-20050.5	1345.63	355.135
-1036.0	-20050.5	1343.81	363.315
-1036.0	-20050.5	1342.0	334.342
-1036.0	-20050.5	1340.18	361.781
-1036.0	-20050.5	1338.36	356.201
-1036.0	-20050.5	1336.54	364.374
-1036.0	-20050.5	1334.73	353.297
-1036.0	-20050.5	1332.91	353.22
-1036.0	-20050.5	1331.09	350.395
-1036.0	-20050.5	1329.27	332.459
-1036.0	-20050.5	1327.45	336.507
-1036.0	-20050.5	1325.63	354.285
-1036.0	-20050.5	1323.81	310.275
-1036.0	-20050.5	1321.98	352.758
-1036.0	-20050.5	1320.16	330.724
-1036.0	-20050.5	1318.34	353.976
-1036.0	-20050.5	1316.52	371.731
-1036.0	-20050.5	1314.7	371.65
-1036.0	-20050.5	1312.87	374.311
-1036.0	-20050.5	1311.05	356.409
-1036.0	-20050.5	1309.22	331.662
-1036.0	-20050.5	1307.4	334.33
-1036.0	-20050.5	1305.57	334.256
-1036.0	-20050.5	1303.75	343.771
-1036.0	-20050.5	1301.92	339.587
-1036.0	-20050.5	1300.1	366.893
-1036.0	-20050.5	1298.27	354.494
-1036.0	-20050.5	1296.44	366.732
-1036.0	-20050.5	1294.62	336.554
-1036.0	-20050.5	1292.79	355.629
-1036.0	-20050.5	1290.96	350.081
-1036.0	-20050.5	1289.13	350.004
-1036.0	-20050.5	1287.3	345.827
-1036.0	-20050.5	1285.47	327.985
-1036.0	-20050.5	1283.64	332.012
-1036.0	-20050.5	1281.81	321.011
-1036.0	-20050.5	1279.98	359.18
-1036.0	-20050.5	1278.15	335.889
-1036.0	-20050.5	1276.32	322.165
-1036.0	-20050.5	1274.49	335.742
-1036.0	-20050.5	1272.66	346.584
-1036.0	-20050.5	1270.82	327.409
-1036.0	-20050.5	1268.99	339.612
-1036.0	-20050.5	1267.16	335.446
-1036.0	-20050.5	1265.32	347.642
-1036.0	-20050.5	1263.49	346.203
-1036.0	-20050.5	1261.66	348.852
-1036.0	-20050.5	1259.82	346.05
-1036.0	-20050.5	1257.98	344.612
-1036.0	-20050.5	1256.15	343.174
-1036.0	-20050.5	1254.31	362.159
-1036.0	-20050.5	1252.48	317.16
-1036.0	-20050.5	1250.64	333.421
-1036.0	-20050.5	1248.8	364.641
-1036.0	-20050.5	1246.96	348.237
-1036.0	-20050.5	1245.13	320.96
-1036.0	-20050.5	1243.29	329.047
-1036.0	-20050.5	1241.45	348.006
-1036.0	-20050.5	1239.61	347.929
-1036.0	-20050.5	1237.77	353.287
-1036.0	-20050.5	1235.93	357.284
-1036.0	-20050.5	1234.09	353.131
-1036.0	-20050.5	1232.25	327.253
-1036.0	-20050.5	1230.41	343.471
-1036.0	-20050.5	1228.56	327.108
-1036.0	-20050.5	1226.72	348.747
-1036.0	-20050.5	1224.88	337.816
-1036.0	-20050.5	1223.04	335.029
-1036.0	-20050.5	1221.19	367.501
-1036.0	-20050.5	1219.35	348.438
-1036.0	-20050.5	1217.5	363.271
-1036.0	-20050.5	1215.66	357.77
-1036.0	-20050.5	1213.81	322.463
-1036.0	-20050.5	1211.97	364.384
-1036.0	-20050.5	1210.12	329.092
-1036.0	-20050.5	1208.28	339.85
-1036.0	-20050.5	1206.43	356.019
-1036.0	-20050.5	1204.58	303.158
-1036.0	-20050.5	1202.73	332.859
-1036.0	-20050.5	1200.89	328.726
-1036.0	-20050.5	1199.04	342.178
-1036.0	-20050.5	1197.19	329.932
-1036.0	-20050.5	1195.34	323.099
-1036.0	-20050.5	1193.49	331.137
-1036.0	-20050.5	1191.64	322.956
-1036.0	-20050.5	1189.79	314.778
-1036.0	-20050.5	1187.94	337.669
-1036.0	-20050.5	1186.09	340.295
-1036.0	-20050.5	1184.23	342.919
-1036.0	-20050.5	1182.38	327.995
-1036.0	-20050.5	1180.53	340.067
-1036.0	-20050.5	1178.68	319.754
-1036.0	-20050.5	1176.82	329.125
-1036.0	-20050.5	1174.97	350.628
-1036.0	-20050.5	1173.12	354.595
-1036.0	-20050.5	1171.26	345.08
-1036.0	-20050.5	1169.41	343.655
-1036.0	-20050.5	1167.55	353.01
-1036.0	-20050.5	1165.69	339.461
-1036.0	-20050.5	1163.84	358.239
-1036.0	-20050.5	1161.98	335.269
-1036.0	-20050.5	1160.12	308.271
-1036.0	-20050.5	1158.27	328.39
-1036.0	-20050.5	1156.41	309.479
-1036.0	-20050.5	1154.55	333.624
-1036.0	-20050.5	1152.69	363.139
-1036.0	-20050.5	1150.83	342.888
-1036.0	-20050.5	1148.97	350.877
-1036.0	-20050.5	1147.11	346.766
-1036.0	-20050.5	1145.25	323.845
-1036.0	-20050.5	1143.39	311.681
-1036.0	-20050.5	1141.53	329.072
-1036.0	-20050.5	1139.67	343.77
-1036.0	-20050.5	1137.81	359.804
-1036.0	-20050.5	1135.94	348.985
-1036.0	-20050.5	1134.08	332.803
-1036.0	-20050.5	1132.22	324.679
-1036.0	-20050.5	1130.35	336.678
-1036.0	-20050.5	1128.49	329.897
-1036.0	-20050.5	1126.62	324.46
-1036.0	-20050.5	1124.76	340.473
-1036.0	-20050.5	1122.89	343.076
-1036.0	-20050.5	1121.03	333.62
-1036.0	-20050.5	1119.16	352.299
-1036.0	-20050.5	1117.3	334.81
-1036.0	-20050.5	1115.43	346.785
-1036.0	-20050.5	1113.56	369.464
-1036.0	-20050.5	1111.69	333.245
-1036.0	-20050.5	1109.82	342.537
-1036.0	-20050.5	1107.96	361.188
-1036.0	-20050.5	1106.09	333.021
-1036.0	-20050.5	1104.22	334.283
-1036.0	-20050.5	1102.35	326.186
-1036.0	-20050.5	1100.48	323.44
-1036.0	-20050.5	1098.61	332.721
-1036.0	-20050.5	1096.73	356.692
-1036.0	-20050.5	1094.86	321.886
-1036.0	-20050.5	1092.99	355.196
-1036.0	-20050.5	1091.12	339.096
-1036.0	-20050.5	1089.24	317.664
-1036.0	-20050.5	1087.37	322.93
-1036.0	-20050.5	1085.5	328.193
-1036.0	-20050.5	1083.62	341.457
-1036.0	-20050.5	1081.75	350.715
-1036.0	-20050.5	1079.87	330.638
-1036.0	-20050.5	1078.0	345.225
-1036.0	-20050.5	1076.12	335.819
-1036.0	-20050.5	1074.24	349.066
-1036.0	-20050.5	1072.37	343.659
-1036.0	-20050.5	1070.49	332.928
-1036.0	-20050.5	1068.61	354.155
-1036.0	-20050.5	1066.73	324.79
-1036.0	-20050.5	1064.86	351.333
-1036.0	-20050.5	1062.98	347.262
-1036.0	-20050.5	1061.1	344.523
-1036.0	-20050.5	1059.22	375.033
-1036.0	-20050.5	1057.34	356.333
-1036.0	-20050.5	1055.46	417.401
-1036.0	-20050.5	1053.58	382.752
-1036.0	-20050.5	1051.69	350.777
-1036.0	-20050.5	1049.81	371.951
-1036.0	-20050.5	1047.93	342.649
-1036.0	-20050.5	1046.05	363.816
-1036.0	-20050.5	1044.16	333.201
-1036.0	-20050.5	1042.28	333.125
-1036.0	-20050.5	1040.4	350.299
-1036.0	-20050.5	1038.51	364.812
-1036.0	-20050.5	1036.63	360.751
-1036.0	-20050.5	1034.74	385.863
-1036.0	-20050.5	1032.86	359.261
-1036.0	-20050.5	1030.97	355.204
-1036.0	-20050.5	1029.08	381.625
-1036.0	-20050.5	1027.2	393.461
-1036.0	-20050.5	1025.31	378.802
-1036.0	-20050.5	1023.42	385.337
-1036.0	-20050.5	1021.53	391.869
-1036.0	-20050.5	1019.64	435.458
-1036.0	-20050.5	1017.75	420.803
-1036.0	-20050.5	1015.86	410.123
-1036.0	-20050.5	1013.97	398.125
-1036.0	-20050.5	1012.08	425.805
-1036.0	-20050.5	1010.19	430.996
-1036.0	-20050.5	1008.3	454.69
-1036.0	-20050.5	1006.41	440.05
-1036.0	-20050.5	1004.52	433.344
-1036.0	-20050.5	1002.62	457.021
-1036.0	-20050.5	1000.73	493.892
-1036.0	-20050.5	998.837	501.701
-1036.0	-20050.5	996.943	492.347
-1036.0	-20050.5	995.049	534.464
-1036.0	-20050.5	993.154	555.452
-1036.0	-20050.5	991.258	561.921
-1036.0	-20050.5	989.363	619.818
-1036.0	-20050.5	987.467	657.912
-1036.0	-20050.5	985.57	681.488
-1036.0	-20050.5	983.673	728.775
-1036.0	-20050.5	981.776	710.163
-1036.0	-20050.5	979.878	703.415
-1036.0	-20050.5	977.979	728.276
-1036.0	-20050.5	976.081	704.41
-1036.0	-20050.5	974.181	695.034
-1036.0	-20050.5	972.282	722.512
-1036.0	-20050.5	970.382	693.4
-1036.0	-20050.5	968.481	698.503
-1036.0	-20050.5	966.58	694.398
-1036.0	-20050.5	964.679	679.776
-1036.0	-20050.5	962.777	686.193
-1036.0	-20050.5	960.875	703.121
-1036.0	-20050.5	958.972	670.111
-1036.0	-20050.5	957.069	683.094
-1036.0	-20050.5	955.166	677.684
-1036.0	-20050.5	953.262	701.163
-1036.0	-20050.5	951.357	668.184
-1036.0	-20050.5	949.452	712.654
-1036.0	-20050.5	947.547	667.878
-1036.0	-20050.5	945.641	687.402
-1036.0	-20050.5	943.735	670.194
-1036.0	-20050.5	941.829	683.153
-1036.0	-20050.5	939.922	662.021
-1036.0	-20050.5	938.014	618.618
-1036.0	-20050.5	936.106	609.303
-1036.0	-20050.5	934.198	577.723
-1036.0	-20050.5	932.289	547.466
-1036.0	-20050.5	930.38	535.555
-1036.0	-20050.5	928.47	484.376
-1036.0	-20050.5	926.56	448.927
-1036.0	-20050.5	924.649	438.355
-1036.0	-20050.5	922.738	430.405
-1036.0	-20050.5	920.827	404.148
-1036.0	-20050.5	918.915	435.437
-1036.0	-20050.5	917.003	405.269
-1036.0	-20050.5	915.09	399.947
-1036.0	-20050.5	913.177	381.561
-1036.0	-20050.5	911.263	418.053
-1036.0	-20050.5	909.349	407.508
-1036.0	-20050.5	907.435	369.545
-1036.0	-20050.5	905.52	394.265
-1036.0	-20050.5	903.604	381.121
-1036.0	-20050.5	901.688	414.961
-1036.0	-20050.5	899.772	390.078
-1036.0	-20050.5	897.855	406.944
-1036.0	-20050.5	895.938	412.066
-1036.0	-20050.5	894.021	383.289
-1036.0	-20050.5	892.103	394.931
-1036.0	-20050.5	890.184	396.143
-1036.0	-20050.5	888.265	392.143
-1036.0	-20050.5	886.346	393.355
-1036.0	-20050.5	884.426	388.055
-1036.0	-20050.5	882.506	373.645
-1036.0	-20050.5	880.585	412.606
-1036.0	-20050.5	878.664	409.908
-1036.0	-20050.5	876.742	388.997
-1036.0	-20050.5	874.82	401.914
-1036.0	-20050.5	872.898	404.422
-1036.0	-20050.5	870.975	414.729
-1036.0	-20050.5	869.051	380.838
-1036.0	-20050.5	867.127	419.735
-1036.0	-20050.5	865.203	411.842
-1036.0	-20050.5	863.278	401.356
-1036.0	-20050.5	861.353	379.187
-1036.0	-20050.5	859.428	395.976
-1036.0	-20050.5	857.502	395.884
-1036.0	-20050.5	855.575	398.388
-1036.0	-20050.5	853.648	398.295
-1036.0	-20050.5	851.721	412.471
-1036.0	-20050.5	849.793	416.265
-1036.0	-20050.5	847.865	401.907
-1036.0	-20050.5	845.936	390.148
-1036.0	-20050.5	844.007	415.975
-1036.0	-20050.5	842.077	417.174
-1036.0	-20050.5	840.147	417.077
-1036.0	-20050.5	838.216	400.145
-1036.0	-20050.5	836.285	418.178
-1036.0	-20050.5	834.354	385.721
-1036.0	-20050.5	832.422	406.336
-1036.0	-20050.5	830.49	419.179
-1036.0	-20050.5	828.557	381.571
-1036.0	-20050.5	826.624	390.535
-1036.0	-20050.5	824.69	413.715
-1036.0	-20050.5	822.756	392.938
-1036.0	-20050.5	820.821	422.568
-1036.0	-20050.5	818.886	417.302
-1036.0	-20050.5	816.951	396.538
-1036.0	-20050.5	815.015	380.949
-1036.0	-20050.5	813.078	392.48
-1036.0	-20050.5	811.141	420.785
-1036.0	-20050.5	809.204	392.296
-1036.0	-20050.5	807.266	385.754
-1036.0	-20050.5	805.328	399.852
-1036.0	-20050.5	803.389	408.786
-1036.0	-20050.5	801.45	381.616
-1036.0	-20050.5	799.511	408.594
-1036.0	-20050.5	797.571	407.21
-1036.0	-20050.5	795.63	392.943
-1036.0	-20050.5	793.689	408.308
-1036.0	-20050.5	791.748	395.335
-1036.0	-20050.5	789.806	404.254
-1036.0	-20050.5	787.864	413.169
-1036.0	-20050.5	785.921	364.173
-1036.0	-20050.5	783.978	393.678
-1036.0	-20050.5	782.034	382.01
-1036.0	-20050.5	780.09	392.207
-1036.0	-20050.5	778.145	361.26
-1036.0	-20050.5	776.2	350.893
-1036.0	-20050.5	774.255	402.212
-1036.0	-20050.5	772.309	373.853
-1036.0	-20050.5	770.362	377.619
-1036.0	-20050.5	768.416	386.519
-1036.0	-20050.5	766.468	387.712
-1036.0	-20050.5	764.52	394.038
-1036.0	-20050.5	762.572	401.645
-1036.0	-20050.5	760.624	391.287
-1036.0	-20050.5	758.674	383.5
-1036.0	-20050.5	756.725	370.586
-1036.0	-20050.5	754.775	412.805
-1036.0	-20050.5	752.824	399.891
-1036.0	-20050.5	750.873	381.857
-1036.0	-20050.5	748.922	351.021
-1036.0	-20050.5	746.97	386.8
-1036.0	-20050.5	745.017	398.234
-1036.0	-20050.5	743.065	372.536
-1036.0	-20050.5	741.111	382.687
-1036.0	-20050.5	739.158	382.597
-1036.0	-20050.5	737.203	392.741
-1036.0	-20050.5	735.249	390.09
-1036.0	-20050.5	733.294	388.719
-1036.0	-20050.5	731.338	374.565
-1036.0	-20050.5	729.382	371.921
-1036.0	-20050.5	727.425	396.111
-1036.0	-20050.5	725.468	403.682
-1036.0	-20050.5	723.511	371.657
-1036.0	-20050.5	721.553	371.569
-1036.0	-20050.5	719.595	371.481
-1036.0	-20050.5	717.636	381.603
-1036.0	-20050.5	715.676	385.341
-1036.0	-20050.5	713.717	381.423
-1036.0	-20050.5	711.756	394.086
-1036.0	-20050.5	709.796	369.766
-1036.0	-20050.5	707.835	383.701
-1036.0	-20050.5	705.873	397.629
-1036.0	-20050.5	703.911	396.261
-1036.0	-20050.5	701.948	393.619
-1036.0	-20050.5	699.985	374.422
-1036.0	-20050.5	698.022	360.328
-1036.0	-20050.5	696.058	380.609
-1036.0	-20050.5	694.093	398.336
-1036.0	-20050.5	692.129	407.147
-1036.0	-20050.5	690.163	403.234
-1036.0	-20050.5	688.197	377.704
-1036.0	-20050.5	686.231	408.128
-1036.0	-20050.5	684.264	414.387
-1036.0	-20050.5	682.297	405.392
-1036.0	-20050.5	680.329	419.272
-1036.0	-20050.5	678.361	406.47
-1036.0	-20050.5	676.393	427.961
-1036.0	-20050.5	674.423	398.658
-1036.0	-20050.5	672.454	417.603
-1036.0	-20050.5	670.484	411.158
-1036.0	-20050.5	668.513	414.866
-1036.0	-20050.5	666.542	428.719
-1036.0	-20050.5	664.571	385.502
-1036.0	-20050.5	662.599	387.945
-1036.0	-20050.5	660.627	411.935
-1036.0	-20050.5	658.654	409.302
-1036.0	-20050.5	656.68	411.738
-1036.0	-20050.5	654.707	402.773
-1036.0	-20050.5	652.732	414.074
-1036.0	-20050.5	650.758	386.123
-1036.0	-20050.5	648.782	393.625
-1036.0	-20050.5	646.807	403.653
-1036.0	-20050.5	644.83	438.978
-1036.0	-20050.5	642.854	423.696
-1036.0	-20050.5	640.877	399.57
-1036.0	-20050.5	638.899	417.172
-1036.0	-20050.5	636.921	398.114
-1036.0	-20050.5	634.942	438.452
-1036.0	-20050.5	632.963	435.82
-1036.0	-20050.5	630.984	423.086
-1036.0	-20050.5	629.004	431.823
-1036.0	-20050.5	627.023	414.047
-1036.0	-20050.5	625.042	427.829
-1036.0	-20050.5	623.061	428.988
-1036.0	-20050.5	621.079	428.885
-1036.0	-20050.5	619.097	413.648
-1036.0	-20050.5	617.114	412.288
-1036.0	-20050.5	615.131	434.878
-1036.0	-20050.5	613.147	420.911
-1036.0	-20050.5	611.163	423.329
-1036.0	-20050.5	609.178	405.593
-1036.0	-20050.5	607.193	433.199
-1036.0	-20050.5	605.207	392.807
-1036.0	-20050.5	603.221	402.782
-1036.0	-20050.5	601.234	398.909
-1036.0	-20050.5	599.247	407.619
-1036.0	-20050.5	597.259	403.747
-1036.0	-20050.5	595.271	402.392
-1036.0	-20050.5	593.283	380.923
-1036.0	-20050.5	591.294	409.739
-1036.0	-20050.5	589.304	402.1
-1036.0	-20050.5	587.314	409.54
-1036.0	-20050.5	585.323	394.37
-1036.0	-20050.5	583.332	420.643
-1036.0	-20050.5	581.341	394.179
-1036.0	-20050.5	579.349	401.613
-1036.0	-20050.5	577.357	409.044
-1036.0	-20050.5	575.364	376.33
-1036.0	-20050.5	573.37	416.37
-1036.0	-20050.5	571.376	408.746
-1036.0	-20050.5	569.382	392.351
-1036.0	-20050.5	567.387	393.509
-1036.0	-20050.5	565.392	415.966
-1036.0	-20050.5	563.396	424.633
-1036.0	-20050.5	561.399	420.772
-1036.0	-20050.5	559.403	434.442
-1036.0	-20050.5	557.405	439.343
-1036.0	-20050.5	555.408	425.47
-1036.0	-20050.5	553.409	419.111
-1036.0	-20050.5	551.411	452.78
-1036.0	-20050.5	549.411	482.681
-1036.0	-20050.5	547.412	445.058
-1036.0	-20050.5	545.411	498.693
-1036.0	-20050.5	543.411	547.304
-1036.0	-20050.5	541.409	552.167
-1036.0	-20050.5	539.408	554.53
-1036.0	-20050.5	537.406	631.81
-1036.0	-20050.5	535.403	701.561
-1036.0	-20050.5	533.4	745.071
-1036.0	-20050.5	531.396	852.192
-1036.0	-20050.5	529.392	1071.53
-1036.0	-20050.5	527.387	1431.68
-1036.0	-20050.5	525.382	2580.88
-1036.0	-20050.5	523.376	5571.83
-1036.0	-20050.5	521.37	10959.0
-1036.0	-20050.5	519.364	10841.7
-1036.0	-20050.5	517.357	6250.31
-1036.0	-20050.5	515.349	3319.89
-1036.0	-20050.5	513.341	1959.57
-1036.0	-20050.5	511.332	1397.75
-1036.0	-20050.5	509.323	1055.21
-1036.0	-20050.5	507.314	890.737
-1036.0	-20050.5	505.304	818.38
-1036.0	-20050.5	503.293	721.191
-1036.0	-20050.5	501.282	629.022
-1036.0	-20050.5	499.27	605.253
-1036.0	-20050.5	497.258	571.556
-1036.0	-20050.5	495.246	568.93
-1036.0	-20050.5	493.233	525.323
-1036.0	-20050.5	491.219	518.985
-1036.0	-20050.5	489.205	497.755
-1036.0	-20050.5	487.191	485.222
-1036.0	-20050.5	485.176	475.177
-1036.0	-20050.5	483.16	455.213
-1036.0	-20050.5	481.144	461.301
-1036.0	-20050.5	479.128	448.789
-1036.0	-20050.5	477.111	461.072
-1036.0	-20050.5	475.093	473.349
-1036.0	-20050.5	473.075	469.515
-1036.0	-20050.5	471.056	433.481
-1036.0	-20050.5	469.037	443.279
-1036.0	-20050.5	467.018	438.218
-1036.0	-20050.5	464.998	419.545
-1036.0	-20050.5	462.977	429.339
-1036.0	-20050.5	460.956	419.336
-1036.0	-20050.5	458.935	429.125
-1036.0	-20050.5	456.913	436.436
-1036.0	-20050.5	454.89	428.911
-1036.0	-20050.5	452.867	428.804
-1036.0	-20050.5	450.843	462.054
-1036.0	-20050.5	448.819	444.647
-1036.0	-20050.5	446.795	423.544
-1036.0	-20050.5	444.77	433.314
-1036.0	-20050.5	442.744	477.637
-1036.0	-20050.5	440.718	447.904
-1036.0	-20050.5	438.691	460.128
-1036.0	-20050.5	436.664	487.145
-1036.0	-20050.5	434.637	452.499
-1036.0	-20050.5	432.608	451.153
-1036.0	-20050.5	430.58	433.787
-1036.0	-20050.5	428.551	470.64
-1036.0	-20050.5	426.521	453.277
-1036.0	-20050.5	424.491	445.775
-1036.0	-20050.5	422.46	430.89
-1036.0	-20050.5	420.429	439.397
-1036.0	-20050.5	418.397	441.747
-1036.0	-20050.5	416.365	451.478
-1036.0	-20050.5	414.332	463.663
-1036.0	-20050.5	412.299	459.857
-1036.0	-20050.5	410.265	464.658
-1036.0	-20050.5	408.231	458.396
-1036.0	-20050.5	406.196	420.193
-1036.0	-20050.5	404.161	434.827
-1036.0	-20050.5	402.125	448.225
-1036.0	-20050.5	400.089	446.884
-1036.0	-20050.5	398.052	425.905
-1036.0	-20050.5	396.015	450.339
-1036.0	-20050.5	393.977	457.586
-1036.0	-20050.5	391.938	468.508
-1036.0	-20050.5	389.899	435.283
-1036.0	-20050.5	387.86	458.464
-1036.0	-20050.5	385.82	454.671
-1036.0	-20050.5	383.78	461.907
-1036.0	-20050.5	381.739	443.416
-1036.0	-20050.5	379.697	460.447
-1036.0	-20050.5	377.655	461.555
-1036.0	-20050.5	375.613	462.661
-1036.0	-20050.5	373.57	501.701
-1036.0	-20050.5	371.526	435.512
-1036.0	-20050.5	369.482	456.193
-1036.0	-20050.5	367.437	453.631
-1036.0	-20050.5	365.392	455.96
-1036.0	-20050.5	363.346	463.176
-1036.0	-20050.5	361.3	448.396
-1036.0	-20050.5	359.254	465.382
-1036.0	-20050.5	357.206	466.484
-1036.0	-20050.5	355.159	474.911
-1036.0	-20050.5	353.11	451.599
-1036.0	-20050.5	351.062	494.191
-1036.0	-20050.5	349.012	459.907
-1036.0	-20050.5	346.962	476.864
-1036.0	-20050.5	344.912	481.618
-1036.0	-20050.5	342.861	460.772
-1036.0	-20050.5	340.81	464.31
-1036.0	-20050.5	338.758	478.811
-1036.0	-20050.5	336.705	461.635
-1036.0	-20050.5	334.652	477.346
-1036.0	-20050.5	332.599	474.789
-1036.0	-20050.5	330.545	468.581
-1036.0	-20050.5	328.49	484.278
-1036.0	-20050.5	326.435	495.101
-1036.0	-20050.5	324.379	493.757
-1036.0	-20050.5	322.323	488.766
-1036.0	-20050.5	320.266	505.657
-1036.0	-20050.5	318.209	499.451
-1036.0	-20050.5	316.151	477.453
-1036.0	-20050.5	314.093	507.694
-1036.0	-20050.5	312.034	499.063
-1036.0	-20050.5	309.975	514.715
-1036.0	-20050.5	307.915	541.281
-1036.0	-20050.5	305.854	537.501
-1036.0	-20050.5	303.793	514.314
-1036.0	-20050.5	301.732	532.371
-1036.0	-20050.5	299.67	535.869
-1036.0	-20050.5	297.607	493.308
-1036.0	-20050.5	295.544	494.391
-1036.0	-20050.5	293.48	497.896
-1036.0	-20050.5	291.416	483.233
-1036.0	-20050.5	289.351	491.583
-1036.0	-20050.5	287.286	487.823
-1036.0	-20050.5	285.22	448.97
-1036.0	-20050.5	283.154	487.568
-1036.0	-20050.5	281.087	483.812
-1036.0	-20050.5	279.019	493.359
-1036.0	-20050.5	276.951	493.23
-1036.0	-20050.5	274.883	484.64
-1036.0	-20050.5	272.814	482.097
-1036.0	-20050.5	270.744	465.059
-1036.0	-20050.5	268.674	481.844
-1036.0	-20050.5	266.603	502.241
-1036.0	-20050.5	264.532	511.765
-1036.0	-20050.5	262.46	454.917
-1036.0	-20050.5	260.388	488.575
-1036.0	-20050.5	258.315	471.562
-1036.0	-20050.5	256.241	491.935
-1036.0	-20050.5	254.167	468.902
-1036.0	-20050.5	252.093	471.189
-1036.0	-20050.5	250.018	472.269
-1036.0	-20050.5	247.942	472.144
-1036.0	-20050.5	245.866	500.918
-1036.0	-20050.5	243.789	456.245
-1036.0	-20050.5	241.712	478.99
-1036.0	-20050.5	239.634	454.8
-1036.0	-20050.5	237.556	466.707
-1036.0	-20050.5	235.477	450.951
-1036.0	-20050.5	233.397	477.28
-1036.0	-20050.5	231.317	453.115
-1036.0	-20050.5	229.237	478.227
-1036.0	-20050.5	227.155	476.899
-1036.0	-20050.5	225.074	451.552
-1036.0	-20050.5	222.991	441.827
-1036.0	-20050.5	220.909	428.506
-1036.0	-20050.5	218.825	448.791
-1036.0	-20050.5	216.741	445.072
-1036.0	-20050.5	214.657	424.564
-1036.0	-20050.5	212.572	424.451
-1036.0	-20050.5	210.486	429.132
-1036.0	-20050.5	208.4	439.802
-1036.0	-20050.5	206.313	455.259
-1036.0	-20050.5	204.226	452.741
-1036.0	-20050.5	202.138	433.461
-1036.0	-20050.5	200.05	438.133
-1036.0	-20050.5	197.961	451.18
-1036.0	-20050.5	195.871	439.094
-1036.0	-20050.5	193.781	425.818
-1036.0	-20050.5	191.691	437.662
-1036.0	-20050.5	189.599	432.762
-1036.0	-20050.5	187.508	423.084
-1036.0	-20050.5	185.415	444.476
-1036.0	-20050.5	183.322	446.745
-1036.0	-20050.5	181.229	475.285
-1036.0	-20050.5	179.135	430.983
-1036.0	-20050.5	177.04	455.931
-1036.0	-20050.5	174.945	440.296
-1036.0	-20050.5	172.849	430.633
-1036.0	-20050.5	170.753	418.59
-1036.0	-20050.5	168.656	423.246
-1036.0	-20050.5	166.558	473.191
-1036.0	-20050.5	164.46	440.889
-1036.0	-20050.5	162.362	472.934
-1036.0	-20050.5	160.263	433.504
-1036.0	-20050.5	158.163	422.67
-1036.0	-20050.5	156.063	459.454
-1036.0	-20050.5	153.962	471.228
-1036.0	-20050.5	151.86	436.599
-1036.0	-20050.5	149.758	447.184
-1036.0	-20050.5	147.656	430.415
-1036.0	-20050.5	145.552	456.448
-1036.0	-20050.5	143.449	480.09
-1036.0	-20050.5	141.344	468.078
-1036.0	-20050.5	139.239	459.636
-1036.0	-20050.5	137.134	445.261
-1036.0	-20050.5	135.028	464.131
-1036.0	-20050.5	132.921	466.377
-1036.0	-20050.5	130.814	465.062
-1036.0	-20050.5	128.706	444.771
-1036.0	-20050.5	126.598	449.391
-1036.0	-20050.5	124.489	457.565
-1036.0	-20050.5	122.379	439.662
-1036.0	-20050.5	120.269	445.464
-1036.0	-20050.5	118.158	447.71
-1036.0	-20050.5	116.047	439.297
-1036.0	-20050.5	113.935	441.543
-1036.0	-20050.5	111.822	441.42
-1036.0	-20050.5	109.709	461.411
-1036.0	-20050.5	107.596	438.81
-1036.0	-20050.5	105.481	418.586
-1036.0	-20050.5	103.367	410.195
-1036.0	-20050.5	101.251	424.262
-1036.0	-20050.5	99.1351	432.414
-1036.0	-20050.5	97.0184	427.569
-1036.0	-20050.5	94.9012	426.268
-1036.0	-20050.5	92.7834	406.081
-1036.0	-20050.5	90.665	431.931
-1036.0	-20050.5	88.546	404.674
-1036.0	-20050.5	86.4265	390.407
-1036.0	-20050.5	84.3063	397.372
-1036.0	-20050.5	82.1855	393.724
-1036.0	-20050.5	80.0641	404.22
-1036.0	-20050.5	77.9422	367.584
