-1000.0	-20048.5	1979.41	434.377
-1000.0	-20048.5	1977.72	410.671
-1000.0	-20048.5	1976.02	460.821
-1000.0	-20048.5	1974.33	444.502
-1000.0	-20048.5	1972.64	434.093
-1000.0	-20048.5	1970.94	442.88
-1000.0	-20048.5	1969.25	416.239
-1000.0	-20048.5	1967.56	454.541
-1000.0	-20048.5	1965.86	416.102
-1000.0	-20048.5	1964.17	447.014
-1000.0	-20048.5	1962.47	455.791
-1000.0	-20048.5	1960.78	414.421
-1000.0	-20048.5	1959.08	443.843
-1000.0	-20048.5	1957.39	471.782
-1000.0	-20048.5	1955.69	456.963
-1000.0	-20048.5	1953.99	443.622
-1000.0	-20048.5	1952.3	468.599
-1000.0	-20048.5	1950.6	442.001
-1000.0	-20048.5	1948.9	472.862
-1000.0	-20048.5	1947.21	463.946
-1000.0	-20048.5	1945.51	428.526
-1000.0	-20048.5	1943.81	443.177
-1000.0	-20048.5	1942.11	429.854
-1000.0	-20048.5	1940.41	419.478
-1000.0	-20048.5	1938.71	419.408
-1000.0	-20048.5	1937.01	426.694
-1000.0	-20048.5	1935.32	414.853
-1000.0	-20048.5	1933.62	441.258
-1000.0	-20048.5	1931.92	438.242
-1000.0	-20048.5	1930.22	426.405
-1000.0	-20048.5	1928.51	448.384
-1000.0	-20048.5	1926.81	460.066
-1000.0	-20048.5	1925.11	435.005
-1000.0	-20048.5	1923.41	442.277
-1000.0	-20048.5	1921.71	448.078
-1000.0	-20048.5	1920.01	445.064
-1000.0	-20048.5	1918.31	447.924
-1000.0	-20048.5	1916.6	424.354
-1000.0	-20048.5	1914.9	414.004
-1000.0	-20048.5	1913.2	418.337
-1000.0	-20048.5	1911.49	440.278
-1000.0	-20048.5	1909.79	422.594
-1000.0	-20048.5	1908.09	441.594
-1000.0	-20048.5	1906.38	440.05
-1000.0	-20048.5	1904.68	441.441
-1000.0	-20048.5	1902.97	403.24
-1000.0	-20048.5	1901.27	428.093
-1000.0	-20048.5	1899.56	433.882
-1000.0	-20048.5	1897.85	391.305
-1000.0	-20048.5	1896.15	432.265
-1000.0	-20048.5	1894.44	423.399
-1000.0	-20048.5	1892.74	423.325
-1000.0	-20048.5	1891.03	432.038
-1000.0	-20048.5	1889.32	423.177
-1000.0	-20048.5	1887.61	436.279
-1000.0	-20048.5	1885.91	456.695
-1000.0	-20048.5	1884.2	453.688
-1000.0	-20048.5	1882.49	430.196
-1000.0	-20048.5	1880.78	434.509
-1000.0	-20048.5	1879.07	431.507
-1000.0	-20048.5	1877.36	431.431
-1000.0	-20048.5	1875.65	424.043
-1000.0	-20048.5	1873.94	402.039
-1000.0	-20048.5	1872.23	425.355
-1000.0	-20048.5	1870.52	451.585
-1000.0	-20048.5	1868.81	435.432
-1000.0	-20048.5	1867.1	430.971
-1000.0	-20048.5	1865.39	406.063
-1000.0	-20048.5	1863.68	430.818
-1000.0	-20048.5	1861.96	430.741
-1000.0	-20048.5	1860.25	416.065
-1000.0	-20048.5	1858.54	420.369
-1000.0	-20048.5	1856.82	423.213
-1000.0	-20048.5	1855.11	411.464
-1000.0	-20048.5	1853.4	425.978
-1000.0	-20048.5	1851.68	398.189
-1000.0	-20048.5	1849.97	441.866
-1000.0	-20048.5	1848.25	443.245
-1000.0	-20048.5	1846.54	411.093
-1000.0	-20048.5	1844.82	419.764
-1000.0	-20048.5	1843.11	441.547
-1000.0	-20048.5	1841.39	410.87
-1000.0	-20048.5	1839.68	387.488
-1000.0	-20048.5	1837.96	409.265
-1000.0	-20048.5	1836.24	420.84
-1000.0	-20048.5	1834.53	419.308
-1000.0	-20048.5	1832.81	416.32
-1000.0	-20048.5	1831.09	433.709
-1000.0	-20048.5	1829.37	439.45
-1000.0	-20048.5	1827.65	410.272
-1000.0	-20048.5	1825.94	417.47
-1000.0	-20048.5	1824.22	402.851
-1000.0	-20048.5	1822.5	431.858
-1000.0	-20048.5	1820.78	408.518
-1000.0	-20048.5	1819.06	418.618
-1000.0	-20048.5	1817.34	414.181
-1000.0	-20048.5	1815.62	405.387
-1000.0	-20048.5	1813.9	416.934
-1000.0	-20048.5	1812.18	384.903
-1000.0	-20048.5	1810.45	409.519
-1000.0	-20048.5	1808.73	439.934
-1000.0	-20048.5	1807.01	394.851
-1000.0	-20048.5	1805.29	420.903
-1000.0	-20048.5	1803.56	387.449
-1000.0	-20048.5	1801.84	390.279
-1000.0	-20048.5	1800.12	420.669
-1000.0	-20048.5	1798.39	420.591
-1000.0	-20048.5	1796.67	395.862
-1000.0	-20048.5	1794.95	408.836
-1000.0	-20048.5	1793.22	371.072
-1000.0	-20048.5	1791.5	408.683
-1000.0	-20048.5	1789.77	407.158
-1000.0	-20048.5	1788.04	440.401
-1000.0	-20048.5	1786.32	417.144
-1000.0	-20048.5	1784.59	432.996
-1000.0	-20048.5	1782.87	393.822
-1000.0	-20048.5	1781.14	408.224
-1000.0	-20048.5	1779.41	399.463
-1000.0	-20048.5	1777.68	392.153
-1000.0	-20048.5	1775.96	390.632
-1000.0	-20048.5	1774.23	435.4
-1000.0	-20048.5	1772.5	390.485
-1000.0	-20048.5	1770.77	404.871
-1000.0	-20048.5	1769.04	390.337
-1000.0	-20048.5	1767.31	383.036
-1000.0	-20048.5	1765.58	387.299
-1000.0	-20048.5	1763.85	440.686
-1000.0	-20048.5	1762.12	407.377
-1000.0	-20048.5	1760.39	376.969
-1000.0	-20048.5	1758.66	415.886
-1000.0	-20048.5	1756.93	431.689
-1000.0	-20048.5	1755.19	412.841
-1000.0	-20048.5	1753.46	399.773
-1000.0	-20048.5	1751.73	424.227
-1000.0	-20048.5	1750.0	415.49
-1000.0	-20048.5	1748.26	395.217
-1000.0	-20048.5	1746.53	429.753
-1000.0	-20048.5	1744.8	397.95
-1000.0	-20048.5	1743.06	418.055
-1000.0	-20048.5	1741.33	381.943
-1000.0	-20048.5	1739.59	417.895
-1000.0	-20048.5	1737.86	413.493
-1000.0	-20048.5	1736.12	420.615
-1000.0	-20048.5	1734.39	417.654
-1000.0	-20048.5	1732.65	403.175
-1000.0	-20048.5	1730.91	401.657
-1000.0	-20048.5	1729.18	394.383
-1000.0	-20048.5	1727.44	402.941
-1000.0	-20048.5	1725.7	435.956
-1000.0	-20048.5	1723.96	422.925
-1000.0	-20048.5	1722.23	398.393
-1000.0	-20048.5	1720.49	405.505
-1000.0	-20048.5	1718.75	391.05
-1000.0	-20048.5	1717.01	411.098
-1000.0	-20048.5	1715.27	405.269
-1000.0	-20048.5	1713.53	383.638
-1000.0	-20048.5	1711.79	399.366
-1000.0	-20048.5	1710.05	387.798
-1000.0	-20048.5	1708.31	402.082
-1000.0	-20048.5	1706.57	413.49
-1000.0	-20048.5	1704.82	386.135
-1000.0	-20048.5	1703.08	401.847
-1000.0	-20048.5	1701.34	388.854
-1000.0	-20048.5	1699.6	385.909
-1000.0	-20048.5	1697.85	391.571
-1000.0	-20048.5	1696.11	385.758
-1000.0	-20048.5	1694.37	398.586
-1000.0	-20048.5	1692.62	387.04
-1000.0	-20048.5	1690.88	412.762
-1000.0	-20048.5	1689.13	394.053
-1000.0	-20048.5	1687.39	404.004
-1000.0	-20048.5	1685.64	395.33
-1000.0	-20048.5	1683.9	382.363
-1000.0	-20048.5	1682.15	415.219
-1000.0	-20048.5	1680.41	392.233
-1000.0	-20048.5	1678.66	409.331
-1000.0	-20048.5	1676.91	419.266
-1000.0	-20048.5	1675.16	367.68
-1000.0	-20048.5	1673.42	396.214
-1000.0	-20048.5	1671.67	380.405
-1000.0	-20048.5	1669.92	414.645
-1000.0	-20048.5	1668.17	393.12
-1000.0	-20048.5	1666.42	398.759
-1000.0	-20048.5	1664.67	388.677
-1000.0	-20048.5	1662.92	368.598
-1000.0	-20048.5	1661.17	398.521
-1000.0	-20048.5	1659.42	411.295
-1000.0	-20048.5	1657.67	378.373
-1000.0	-20048.5	1655.92	379.725
-1000.0	-20048.5	1654.17	391.068
-1000.0	-20048.5	1652.42	398.124
-1000.0	-20048.5	1650.66	409.458
-1000.0	-20048.5	1648.91	355.173
-1000.0	-20048.5	1647.16	400.738
-1000.0	-20048.5	1645.41	409.213
-1000.0	-20048.5	1643.65	384.897
-1000.0	-20048.5	1641.9	424.727
-1000.0	-20048.5	1640.14	374.768
-1000.0	-20048.5	1638.39	393.213
-1000.0	-20048.5	1636.63	383.164
-1000.0	-20048.5	1634.88	405.872
-1000.0	-20048.5	1633.12	380.162
-1000.0	-20048.5	1631.37	390.05
-1000.0	-20048.5	1629.61	380.009
-1000.0	-20048.5	1627.85	389.893
-1000.0	-20048.5	1626.09	364.206
-1000.0	-20048.5	1624.34	384.046
-1000.0	-20048.5	1622.58	401.034
-1000.0	-20048.5	1620.82	393.844
-1000.0	-20048.5	1619.06	375.285
-1000.0	-20048.5	1617.3	396.527
-1000.0	-20048.5	1615.54	397.868
-1000.0	-20048.5	1613.78	382.16
-1000.0	-20048.5	1612.02	393.446
-1000.0	-20048.5	1610.26	386.265
-1000.0	-20048.5	1608.5	374.829
-1000.0	-20048.5	1606.74	394.626
-1000.0	-20048.5	1604.98	386.03
-1000.0	-20048.5	1603.22	364.668
-1000.0	-20048.5	1601.46	360.338
-1000.0	-20048.5	1599.69	405.652
-1000.0	-20048.5	1597.93	391.389
-1000.0	-20048.5	1596.17	389.891
-1000.0	-20048.5	1594.4	360.044
-1000.0	-20048.5	1592.64	379.812
-1000.0	-20048.5	1590.88	409.489
-1000.0	-20048.5	1589.11	364.074
-1000.0	-20048.5	1587.35	388.077
-1000.0	-20048.5	1585.58	376.669
-1000.0	-20048.5	1583.81	344.03
-1000.0	-20048.5	1582.05	377.931
-1000.0	-20048.5	1580.28	369.362
-1000.0	-20048.5	1578.51	393.339
-1000.0	-20048.5	1576.75	398.917
-1000.0	-20048.5	1574.98	360.649
-1000.0	-20048.5	1573.21	371.887
-1000.0	-20048.5	1571.44	377.466
-1000.0	-20048.5	1569.67	363.254
-1000.0	-20048.5	1567.91	381.55
-1000.0	-20048.5	1566.14	395.6
-1000.0	-20048.5	1564.37	367.267
-1000.0	-20048.5	1562.6	388.376
-1000.0	-20048.5	1560.83	384.06
-1000.0	-20048.5	1559.05	406.567
-1000.0	-20048.5	1557.28	371.199
-1000.0	-20048.5	1555.51	386.644
-1000.0	-20048.5	1553.74	389.386
-1000.0	-20048.5	1551.97	382.253
-1000.0	-20048.5	1550.19	361.02
-1000.0	-20048.5	1548.42	380.685
-1000.0	-20048.5	1546.65	348.184
-1000.0	-20048.5	1544.87	367.843
-1000.0	-20048.5	1543.1	379.039
-1000.0	-20048.5	1541.32	366.282
-1000.0	-20048.5	1539.55	359.163
-1000.0	-20048.5	1537.77	340.782
-1000.0	-20048.5	1536.0	374.501
-1000.0	-20048.5	1534.22	387.092
-1000.0	-20048.5	1532.45	384.196
-1000.0	-20048.5	1530.67	370.046
-1000.0	-20048.5	1528.89	364.342
-1000.0	-20048.5	1527.11	371.299
-1000.0	-20048.5	1525.34	357.16
-1000.0	-20048.5	1523.56	368.332
-1000.0	-20048.5	1521.78	362.633
-1000.0	-20048.5	1520.0	359.747
-1000.0	-20048.5	1518.22	328.763
-1000.0	-20048.5	1516.44	368.025
-1000.0	-20048.5	1514.66	353.904
-1000.0	-20048.5	1512.88	387.528
-1000.0	-20048.5	1511.1	376.217
-1000.0	-20048.5	1509.32	366.314
-1000.0	-20048.5	1507.54	395.704
-1000.0	-20048.5	1505.76	357.743
-1000.0	-20048.5	1503.97	352.057
-1000.0	-20048.5	1502.19	353.386
-1000.0	-20048.5	1500.41	339.291
-1000.0	-20048.5	1498.62	357.443
-1000.0	-20048.5	1496.84	369.981
-1000.0	-20048.5	1495.06	365.699
-1000.0	-20048.5	1493.27	385.234
-1000.0	-20048.5	1491.49	355.742
-1000.0	-20048.5	1489.7	379.471
-1000.0	-20048.5	1487.91	358.392
-1000.0	-20048.5	1486.13	345.719
-1000.0	-20048.5	1484.34	391.826
-1000.0	-20048.5	1482.55	360.964
-1000.0	-20048.5	1480.77	372.078
-1000.0	-20048.5	1478.98	388.781
-1000.0	-20048.5	1477.19	339.762
-1000.0	-20048.5	1475.4	357.863
-1000.0	-20048.5	1473.61	343.812
-1000.0	-20048.5	1471.83	360.507
-1000.0	-20048.5	1470.04	373.004
-1000.0	-20048.5	1468.25	365.941
-1000.0	-20048.5	1466.46	351.899
-1000.0	-20048.5	1464.67	367.182
-1000.0	-20048.5	1462.87	367.104
-1000.0	-20048.5	1461.08	360.049
-1000.0	-20048.5	1459.29	355.787
-1000.0	-20048.5	1457.5	352.922
-1000.0	-20048.5	1455.71	359.82
-1000.0	-20048.5	1453.91	355.56
-1000.0	-20048.5	1452.12	326.21
-1000.0	-20048.5	1450.33	372.135
-1000.0	-20048.5	1448.53	372.055
-1000.0	-20048.5	1446.74	363.617
-1000.0	-20048.5	1444.94	351.004
-1000.0	-20048.5	1443.15	399.67
-1000.0	-20048.5	1441.35	371.739
-1000.0	-20048.5	1439.56	349.388
-1000.0	-20048.5	1437.76	364.622
-1000.0	-20048.5	1435.96	363.153
-1000.0	-20048.5	1434.17	342.209
-1000.0	-20048.5	1432.37	329.619
-1000.0	-20048.5	1430.57	376.826
-1000.0	-20048.5	1428.77	355.892
-1000.0	-20048.5	1426.97	346.087
-1000.0	-20048.5	1425.17	359.909
-1000.0	-20048.5	1423.37	366.778
-1000.0	-20048.5	1421.58	362.533
-1000.0	-20048.5	1419.77	355.512
-1000.0	-20048.5	1417.97	331.833
-1000.0	-20048.5	1416.17	402.556
-1000.0	-20048.5	1414.37	353.896
-1000.0	-20048.5	1412.57	352.432
-1000.0	-20048.5	1410.77	360.68
-1000.0	-20048.5	1408.97	356.442
-1000.0	-20048.5	1407.16	374.392
-1000.0	-20048.5	1405.36	354.903
-1000.0	-20048.5	1403.56	379.775
-1000.0	-20048.5	1401.75	349.207
-1000.0	-20048.5	1399.95	353.288
-1000.0	-20048.5	1398.14	335.206
-1000.0	-20048.5	1396.34	372.524
-1000.0	-20048.5	1394.53	355.83
-1000.0	-20048.5	1392.73	352.985
-1000.0	-20048.5	1390.92	373.668
-1000.0	-20048.5	1389.11	374.971
-1000.0	-20048.5	1387.3	322.323
-1000.0	-20048.5	1385.5	319.487
-1000.0	-20048.5	1383.69	352.605
-1000.0	-20048.5	1381.88	360.823
-1000.0	-20048.5	1380.07	375.949
-1000.0	-20048.5	1378.26	345.467
-1000.0	-20048.5	1376.45	346.774
-1000.0	-20048.5	1374.64	374.325
-1000.0	-20048.5	1372.83	360.434
-1000.0	-20048.5	1371.02	368.64
-1000.0	-20048.5	1369.21	342.333
-1000.0	-20048.5	1367.4	335.359
-1000.0	-20048.5	1365.59	357.363
-1000.0	-20048.5	1363.78	349.008
-1000.0	-20048.5	1361.96	324.108
-1000.0	-20048.5	1360.15	332.311
-1000.0	-20048.5	1358.34	322.589
-1000.0	-20048.5	1356.52	362.489
-1000.0	-20048.5	1354.71	338.985
-1000.0	-20048.5	1352.89	327.89
-1000.0	-20048.5	1351.08	337.46
-1000.0	-20048.5	1349.26	351.158
-1000.0	-20048.5	1347.45	346.951
-1000.0	-20048.5	1345.63	368.9
-1000.0	-20048.5	1343.81	348.177
-1000.0	-20048.5	1342.0	350.853
-1000.0	-20048.5	1340.18	341.147
-1000.0	-20048.5	1338.36	346.574
-1000.0	-20048.5	1336.54	349.249
-1000.0	-20048.5	1334.73	383.54
-1000.0	-20048.5	1332.91	360.092
-1000.0	-20048.5	1331.09	335.28
-1000.0	-20048.5	1329.27	347.571
-1000.0	-20048.5	1327.45	354.363
-1000.0	-20048.5	1325.63	358.405
-1000.0	-20048.5	1323.81	344.598
-1000.0	-20048.5	1321.98	354.131
-1000.0	-20048.5	1320.16	330.724
-1000.0	-20048.5	1318.34	351.232
-1000.0	-20048.5	1316.52	345.669
-1000.0	-20048.5	1314.7	320.908
-1000.0	-20048.5	1312.87	348.26
-1000.0	-20048.5	1311.05	357.78
-1000.0	-20048.5	1309.22	335.773
-1000.0	-20048.5	1307.4	345.291
-1000.0	-20048.5	1305.57	347.956
-1000.0	-20048.5	1303.75	338.292
-1000.0	-20048.5	1301.92	332.741
-1000.0	-20048.5	1300.1	342.251
-1000.0	-20048.5	1298.27	347.651
-1000.0	-20048.5	1296.44	333.891
-1000.0	-20048.5	1294.62	332.449
-1000.0	-20048.5	1292.79	336.48
-1000.0	-20048.5	1290.96	344.611
-1000.0	-20048.5	1289.13	337.7
-1000.0	-20048.5	1287.3	329.424
-1000.0	-20048.5	1285.47	341.651
-1000.0	-20048.5	1283.64	319.715
-1000.0	-20048.5	1281.81	349.697
-1000.0	-20048.5	1279.98	352.352
-1000.0	-20048.5	1278.15	345.447
-1000.0	-20048.5	1276.32	354.927
-1000.0	-20048.5	1274.49	334.377
-1000.0	-20048.5	1272.66	322.023
-1000.0	-20048.5	1270.82	345.144
-1000.0	-20048.5	1268.99	342.34
-1000.0	-20048.5	1267.16	354.537
-1000.0	-20048.5	1265.32	357.185
-1000.0	-20048.5	1263.49	350.292
-1000.0	-20048.5	1261.66	328.411
-1000.0	-20048.5	1259.82	355.587
-1000.0	-20048.5	1257.98	356.871
-1000.0	-20048.5	1256.15	370.41
-1000.0	-20048.5	1254.31	344.46
-1000.0	-20048.5	1252.48	334.855
-1000.0	-20048.5	1250.64	313.007
-1000.0	-20048.5	1248.8	340.15
-1000.0	-20048.5	1246.96	350.957
-1000.0	-20048.5	1245.13	334.56
-1000.0	-20048.5	1243.29	344.004
-1000.0	-20048.5	1241.45	337.131
-1000.0	-20048.5	1239.61	358.802
-1000.0	-20048.5	1237.77	341.058
-1000.0	-20048.5	1235.93	345.058
-1000.0	-20048.5	1234.09	334.116
-1000.0	-20048.5	1232.25	351.695
-1000.0	-20048.5	1230.41	359.762
-1000.0	-20048.5	1228.56	327.108
-1000.0	-20048.5	1226.72	344.676
-1000.0	-20048.5	1224.88	356.81
-1000.0	-20048.5	1223.04	343.167
-1000.0	-20048.5	1221.19	324.106
-1000.0	-20048.5	1219.35	334.88
-1000.0	-20048.5	1217.5	330.739
-1000.0	-20048.5	1215.66	344.218
-1000.0	-20048.5	1213.81	336.012
-1000.0	-20048.5	1211.97	331.874
-1000.0	-20048.5	1210.12	338.572
-1000.0	-20048.5	1208.28	347.974
-1000.0	-20048.5	1206.43	343.836
-1000.0	-20048.5	1204.58	358.647
-1000.0	-20048.5	1202.73	346.389
-1000.0	-20048.5	1200.89	327.373
-1000.0	-20048.5	1199.04	339.473
-1000.0	-20048.5	1197.19	342.102
-1000.0	-20048.5	1195.34	347.433
-1000.0	-20048.5	1193.49	348.708
-1000.0	-20048.5	1191.64	331.063
-1000.0	-20048.5	1189.79	329.639
-1000.0	-20048.5	1187.94	367.384
-1000.0	-20048.5	1186.09	344.346
-1000.0	-20048.5	1184.23	332.118
-1000.0	-20048.5	1182.38	333.394
-1000.0	-20048.5	1180.53	354.911
-1000.0	-20048.5	1178.68	342.69
-1000.0	-20048.5	1176.82	349.358
-1000.0	-20048.5	1174.97	325.006
-1000.0	-20048.5	1173.12	323.585
-1000.0	-20048.5	1171.26	338.34
-1000.0	-20048.5	1169.41	340.96
-1000.0	-20048.5	1167.55	369.178
-1000.0	-20048.5	1165.69	325.99
-1000.0	-20048.5	1163.84	342.078
-1000.0	-20048.5	1161.98	350.081
-1000.0	-20048.5	1160.12	329.81
-1000.0	-20048.5	1158.27	335.12
-1000.0	-20048.5	1156.41	336.39
-1000.0	-20048.5	1154.55	349.768
-1000.0	-20048.5	1152.69	367.174
-1000.0	-20048.5	1150.83	349.611
-1000.0	-20048.5	1148.97	337.434
-1000.0	-20048.5	1147.11	361.551
-1000.0	-20048.5	1145.25	344.001
-1000.0	-20048.5	1143.39	350.641
-1000.0	-20048.5	1141.53	343.847
-1000.0	-20048.5	1139.67	339.741
-1000.0	-20048.5	1137.81	349.063
-1000.0	-20048.5	1135.94	358.381
-1000.0	-20048.5	1134.08	330.119
-1000.0	-20048.5	1132.22	320.654
-1000.0	-20048.5	1130.35	340.702
-1000.0	-20048.5	1128.49	343.308
-1000.0	-20048.5	1126.62	332.505
-1000.0	-20048.5	1124.76	353.877
-1000.0	-20048.5	1122.89	332.355
-1000.0	-20048.5	1121.03	351.038
-1000.0	-20048.5	1119.16	340.243
-1000.0	-20048.5	1117.3	322.756
-1000.0	-20048.5	1115.43	338.751
-1000.0	-20048.5	1113.56	331.982
-1000.0	-20048.5	1111.69	350.644
-1000.0	-20048.5	1109.82	346.551
-1000.0	-20048.5	1107.96	341.122
-1000.0	-20048.5	1106.09	374.481
-1000.0	-20048.5	1104.22	330.271
-1000.0	-20048.5	1102.35	330.197
-1000.0	-20048.5	1100.48	344.824
-1000.0	-20048.5	1098.61	331.384
-1000.0	-20048.5	1096.73	358.028
-1000.0	-20048.5	1094.86	347.263
-1000.0	-20048.5	1092.99	340.508
-1000.0	-20048.5	1091.12	323.076
-1000.0	-20048.5	1089.24	352.367
-1000.0	-20048.5	1087.37	328.267
-1000.0	-20048.5	1085.5	353.542
-1000.0	-20048.5	1083.62	334.788
-1000.0	-20048.5	1081.75	342.714
-1000.0	-20048.5	1079.87	358.635
-1000.0	-20048.5	1078.0	353.222
-1000.0	-20048.5	1076.12	347.812
-1000.0	-20048.5	1074.24	327.749
-1000.0	-20048.5	1072.37	331.671
-1000.0	-20048.5	1070.49	360.894
-1000.0	-20048.5	1068.61	339.509
-1000.0	-20048.5	1066.73	307.486
-1000.0	-20048.5	1064.86	352.664
-1000.0	-20048.5	1062.98	355.245
-1000.0	-20048.5	1061.1	340.532
-1000.0	-20048.5	1059.22	344.445
-1000.0	-20048.5	1057.34	365.641
-1000.0	-20048.5	1055.46	425.376
-1000.0	-20048.5	1053.58	350.856
-1000.0	-20048.5	1051.69	332.175
-1000.0	-20048.5	1049.81	346.712
-1000.0	-20048.5	1047.93	358.586
-1000.0	-20048.5	1046.05	358.505
-1000.0	-20048.5	1044.16	326.564
-1000.0	-20048.5	1042.28	358.342
-1000.0	-20048.5	1040.4	371.53
-1000.0	-20048.5	1038.51	392.671
-1000.0	-20048.5	1036.63	360.751
-1000.0	-20048.5	1034.74	372.603
-1000.0	-20048.5	1032.86	373.844
-1000.0	-20048.5	1030.97	355.204
-1000.0	-20048.5	1029.08	390.9
-1000.0	-20048.5	1027.2	390.811
-1000.0	-20048.5	1025.31	410.59
-1000.0	-20048.5	1023.42	384.013
-1000.0	-20048.5	1021.53	406.431
-1000.0	-20048.5	1019.64	443.399
-1000.0	-20048.5	1017.75	424.772
-1000.0	-20048.5	1015.86	425.999
-1000.0	-20048.5	1013.97	436.483
-1000.0	-20048.5	1012.08	436.384
-1000.0	-20048.5	1010.19	450.827
-1000.0	-20048.5	1008.3	450.724
-1000.0	-20048.5	1006.41	436.086
-1000.0	-20048.5	1004.52	484.87
-1000.0	-20048.5	1002.62	455.7
-1000.0	-20048.5	1000.73	482.007
-1000.0	-20048.5	998.837	505.662
-1000.0	-20048.5	996.943	498.947
-1000.0	-20048.5	995.049	523.907
-1000.0	-20048.5	993.154	562.049
-1000.0	-20048.5	991.258	598.854
-1000.0	-20048.5	989.363	605.311
-1000.0	-20048.5	987.467	661.867
-1000.0	-20048.5	985.57	709.17
-1000.0	-20048.5	983.673	715.597
-1000.0	-20048.5	981.776	766.818
-1000.0	-20048.5	979.878	708.684
-1000.0	-20048.5	977.979	770.418
-1000.0	-20048.5	976.081	739.959
-1000.0	-20048.5	974.181	723.994
-1000.0	-20048.5	972.282	734.357
-1000.0	-20048.5	970.382	701.295
-1000.0	-20048.5	968.481	706.396
-1000.0	-20048.5	966.58	719.386
-1000.0	-20048.5	964.679	748.148
-1000.0	-20048.5	962.777	717.742
-1000.0	-20048.5	960.875	703.121
-1000.0	-20048.5	958.972	731.866
-1000.0	-20048.5	957.069	723.817
-1000.0	-20048.5	955.166	711.831
-1000.0	-20048.5	953.262	727.424
-1000.0	-20048.5	951.357	691.813
-1000.0	-20048.5	949.452	727.091
-1000.0	-20048.5	947.547	729.548
-1000.0	-20048.5	945.641	678.219
-1000.0	-20048.5	943.735	717.409
-1000.0	-20048.5	941.829	705.444
-1000.0	-20048.5	939.922	689.55
-1000.0	-20048.5	938.014	638.277
-1000.0	-20048.5	936.106	621.096
-1000.0	-20048.5	934.198	598.683
-1000.0	-20048.5	932.289	556.634
-1000.0	-20048.5	930.38	546.031
-1000.0	-20048.5	928.47	501.395
-1000.0	-20048.5	926.56	486.883
-1000.0	-20048.5	924.649	451.44
-1000.0	-20048.5	922.738	423.864
-1000.0	-20048.5	920.827	408.071
-1000.0	-20048.5	918.915	406.67
-1000.0	-20048.5	917.003	400.039
-1000.0	-20048.5	915.09	423.474
-1000.0	-20048.5	913.177	395.935
-1000.0	-20048.5	911.263	402.376
-1000.0	-20048.5	909.349	389.222
-1000.0	-20048.5	907.435	407.414
-1000.0	-20048.5	905.52	394.265
-1000.0	-20048.5	903.604	402.005
-1000.0	-20048.5	901.688	383.643
-1000.0	-20048.5	899.772	417.475
-1000.0	-20048.5	897.855	413.465
-1000.0	-20048.5	895.938	387.29
-1000.0	-20048.5	894.021	404.148
-1000.0	-20048.5	892.103	409.269
-1000.0	-20048.5	890.184	394.84
-1000.0	-20048.5	888.265	389.538
-1000.0	-20048.5	886.346	388.145
-1000.0	-20048.5	884.426	355.5
-1000.0	-20048.5	882.506	387.966
-1000.0	-20048.5	880.585	394.384
-1000.0	-20048.5	878.664	419.017
-1000.0	-20048.5	876.742	412.415
-1000.0	-20048.5	874.82	407.117
-1000.0	-20048.5	872.898	401.821
-1000.0	-20048.5	870.975	387.427
-1000.0	-20048.5	869.051	404.234
-1000.0	-20048.5	867.127	413.237
-1000.0	-20048.5	865.203	366.371
-1000.0	-20048.5	863.278	394.861
-1000.0	-20048.5	861.353	392.172
-1000.0	-20048.5	859.428	389.485
-1000.0	-20048.5	857.502	410.162
-1000.0	-20048.5	855.575	403.579
-1000.0	-20048.5	853.648	408.675
-1000.0	-20048.5	851.721	389.123
-1000.0	-20048.5	849.793	408.485
-1000.0	-20048.5	847.865	396.722
-1000.0	-20048.5	845.936	390.148
-1000.0	-20048.5	844.007	400.425
-1000.0	-20048.5	842.077	395.149
-1000.0	-20048.5	840.147	408.01
-1000.0	-20048.5	838.216	428.635
-1000.0	-20048.5	836.285	397.463
-1000.0	-20048.5	834.354	405.137
-1000.0	-20048.5	832.422	419.277
-1000.0	-20048.5	830.49	404.948
-1000.0	-20048.5	828.557	404.854
-1000.0	-20048.5	826.624	394.414
-1000.0	-20048.5	824.69	402.079
-1000.0	-20048.5	822.756	392.938
-1000.0	-20048.5	820.821	398.015
-1000.0	-20048.5	818.886	419.886
-1000.0	-20048.5	816.951	428.829
-1000.0	-20048.5	815.015	414.524
-1000.0	-20048.5	813.078	405.39
-1000.0	-20048.5	811.141	431.111
-1000.0	-20048.5	809.204	400.039
-1000.0	-20048.5	807.266	419.298
-1000.0	-20048.5	805.328	401.142
-1000.0	-20048.5	803.389	397.18
-1000.0	-20048.5	801.45	404.822
-1000.0	-20048.5	799.511	418.906
-1000.0	-20048.5	797.571	416.231
-1000.0	-20048.5	795.63	403.25
-1000.0	-20048.5	793.689	430.204
-1000.0	-20048.5	791.748	408.212
-1000.0	-20048.5	789.806	419.703
-1000.0	-20048.5	787.864	397.724
-1000.0	-20048.5	785.921	404.065
-1000.0	-20048.5	783.978	403.97
-1000.0	-20048.5	782.034	397.444
-1000.0	-20048.5	780.09	401.209
-1000.0	-20048.5	778.145	354.832
-1000.0	-20048.5	776.2	406.162
-1000.0	-20048.5	774.255	368.801
-1000.0	-20048.5	772.309	396.978
-1000.0	-20048.5	770.362	394.316
-1000.0	-20048.5	768.416	386.519
-1000.0	-20048.5	766.468	401.834
-1000.0	-20048.5	764.52	381.203
-1000.0	-20048.5	762.572	431.159
-1000.0	-20048.5	760.624	396.419
-1000.0	-20048.5	758.674	389.913
-1000.0	-20048.5	756.725	376.998
-1000.0	-20048.5	754.775	384.601
-1000.0	-20048.5	752.824	370.412
-1000.0	-20048.5	750.873	379.294
-1000.0	-20048.5	748.922	389.454
-1000.0	-20048.5	746.97	379.116
-1000.0	-20048.5	745.017	413.6
-1000.0	-20048.5	743.065	382.777
-1000.0	-20048.5	741.111	367.329
-1000.0	-20048.5	739.158	381.317
-1000.0	-20048.5	737.203	406.813
-1000.0	-20048.5	735.249	400.322
-1000.0	-20048.5	733.294	379.769
-1000.0	-20048.5	731.338	391.184
-1000.0	-20048.5	729.382	366.809
-1000.0	-20048.5	727.425	369.277
-1000.0	-20048.5	725.468	390.907
-1000.0	-20048.5	723.511	406.141
-1000.0	-20048.5	721.553	367.739
-1000.0	-20048.5	719.595	382.97
-1000.0	-20048.5	717.636	391.814
-1000.0	-20048.5	715.676	404.48
-1000.0	-20048.5	713.717	396.731
-1000.0	-20048.5	711.756	394.086
-1000.0	-20048.5	709.796	373.592
-1000.0	-20048.5	707.835	379.877
-1000.0	-20048.5	705.873	387.433
-1000.0	-20048.5	703.911	417.921
-1000.0	-20048.5	701.948	405.084
-1000.0	-20048.5	699.985	396.073
-1000.0	-20048.5	698.022	397.252
-1000.0	-20048.5	696.058	389.52
-1000.0	-20048.5	694.093	399.608
-1000.0	-20048.5	692.129	372.794
-1000.0	-20048.5	690.163	407.051
-1000.0	-20048.5	688.197	381.519
-1000.0	-20048.5	686.231	422.114
-1000.0	-20048.5	684.264	400.404
-1000.0	-20048.5	682.297	407.934
-1000.0	-20048.5	680.329	438.329
-1000.0	-20048.5	678.361	400.118
-1000.0	-20048.5	676.393	417.802
-1000.0	-20048.5	674.423	429.129
-1000.0	-20048.5	672.454	399.832
-1000.0	-20048.5	670.484	390.854
-1000.0	-20048.5	668.513	388.223
-1000.0	-20048.5	666.542	436.33
-1000.0	-20048.5	664.571	385.502
-1000.0	-20048.5	662.599	398.088
-1000.0	-20048.5	660.627	425.877
-1000.0	-20048.5	658.654	424.508
-1000.0	-20048.5	656.68	415.539
-1000.0	-20048.5	654.707	434.438
-1000.0	-20048.5	652.732	393.813
-1000.0	-20048.5	650.758	424.102
-1000.0	-20048.5	648.782	417.672
-1000.0	-20048.5	646.807	398.592
-1000.0	-20048.5	644.83	433.918
-1000.0	-20048.5	642.854	404.725
-1000.0	-20048.5	640.877	405.892
-1000.0	-20048.5	638.899	394.417
-1000.0	-20048.5	636.921	415.808
-1000.0	-20048.5	634.942	409.391
-1000.0	-20048.5	632.963	432.031
-1000.0	-20048.5	630.984	420.56
-1000.0	-20048.5	629.004	429.298
-1000.0	-20048.5	627.023	426.67
-1000.0	-20048.5	625.042	417.733
-1000.0	-20048.5	623.061	436.559
-1000.0	-20048.5	621.079	426.362
-1000.0	-20048.5	619.097	414.909
-1000.0	-20048.5	617.114	442.548
-1000.0	-20048.5	615.131	421.012
-1000.0	-20048.5	613.147	412.089
-1000.0	-20048.5	611.163	403.171
-1000.0	-20048.5	609.178	418.189
-1000.0	-20048.5	607.193	416.828
-1000.0	-20048.5	605.207	409.174
-1000.0	-20048.5	603.221	417.886
-1000.0	-20048.5	601.234	412.751
-1000.0	-20048.5	599.247	403.845
-1000.0	-20048.5	597.259	402.49
-1000.0	-20048.5	595.271	409.937
-1000.0	-20048.5	593.283	378.409
-1000.0	-20048.5	591.294	419.794
-1000.0	-20048.5	589.304	395.817
-1000.0	-20048.5	587.314	408.284
-1000.0	-20048.5	585.323	404.417
-1000.0	-20048.5	583.332	394.274
-1000.0	-20048.5	581.341	396.689
-1000.0	-20048.5	579.349	417.929
-1000.0	-20048.5	577.357	422.846
-1000.0	-20048.5	575.364	398.909
-1000.0	-20048.5	573.37	433.928
-1000.0	-20048.5	571.376	428.807
-1000.0	-20048.5	569.382	407.393
-1000.0	-20048.5	567.387	444.891
-1000.0	-20048.5	565.392	407.195
-1000.0	-20048.5	563.396	440.917
-1000.0	-20048.5	561.399	445.818
-1000.0	-20048.5	559.403	419.418
-1000.0	-20048.5	557.405	424.323
-1000.0	-20048.5	555.408	451.75
-1000.0	-20048.5	553.409	437.878
-1000.0	-20048.5	551.411	451.529
-1000.0	-20048.5	549.411	446.417
-1000.0	-20048.5	547.412	512.567
-1000.0	-20048.5	545.411	501.193
-1000.0	-20048.5	543.411	506.069
-1000.0	-20048.5	541.409	584.647
-1000.0	-20048.5	539.408	615.728
-1000.0	-20048.5	537.406	651.788
-1000.0	-20048.5	535.403	696.568
-1000.0	-20048.5	533.4	813.712
-1000.0	-20048.5	531.396	905.844
-1000.0	-20048.5	529.392	1115.19
-1000.0	-20048.5	527.387	1570.11
-1000.0	-20048.5	525.382	2799.07
-1000.0	-20048.5	523.376	6140.24
-1000.0	-20048.5	521.37	11812.6
-1000.0	-20048.5	519.364	11747.4
-1000.0	-20048.5	517.357	6751.03
-1000.0	-20048.5	515.349	3603.81
-1000.0	-20048.5	513.341	2187.4
-1000.0	-20048.5	511.332	1494.83
-1000.0	-20048.5	509.323	1118.67
-1000.0	-20048.5	507.314	946.719
-1000.0	-20048.5	505.304	865.642
-1000.0	-20048.5	503.293	739.842
-1000.0	-20048.5	501.282	684.962
-1000.0	-20048.5	499.27	636.323
-1000.0	-20048.5	497.258	605.103
-1000.0	-20048.5	495.246	592.532
-1000.0	-20048.5	493.233	536.5
-1000.0	-20048.5	491.219	543.817
-1000.0	-20048.5	489.205	522.581
-1000.0	-20048.5	487.191	505.078
-1000.0	-20048.5	485.176	487.583
-1000.0	-20048.5	483.16	465.136
-1000.0	-20048.5	481.144	468.741
-1000.0	-20048.5	479.128	474.824
-1000.0	-20048.5	477.111	484.621
-1000.0	-20048.5	475.093	452.284
-1000.0	-20048.5	473.075	467.037
-1000.0	-20048.5	471.056	452.059
-1000.0	-20048.5	469.037	443.279
-1000.0	-20048.5	467.018	455.548
-1000.0	-20048.5	464.998	441.821
-1000.0	-20048.5	462.977	424.39
-1000.0	-20048.5	460.956	416.862
-1000.0	-20048.5	458.935	416.758
-1000.0	-20048.5	456.913	437.673
-1000.0	-20048.5	454.89	404.19
-1000.0	-20048.5	452.867	439.926
-1000.0	-20048.5	450.843	437.345
-1000.0	-20048.5	448.819	438.471
-1000.0	-20048.5	446.795	453.179
-1000.0	-20048.5	444.77	458.004
-1000.0	-20048.5	442.744	448.016
-1000.0	-20048.5	440.718	438.033
-1000.0	-20048.5	438.691	477.398
-1000.0	-20048.5	436.664	474.812
-1000.0	-20048.5	434.637	459.897
-1000.0	-20048.5	432.608	475.807
-1000.0	-20048.5	430.58	449.808
-1000.0	-20048.5	428.551	452.159
-1000.0	-20048.5	426.521	455.741
-1000.0	-20048.5	424.491	426.072
-1000.0	-20048.5	422.46	451.818
-1000.0	-20048.5	420.429	468.936
-1000.0	-20048.5	418.397	451.591
-1000.0	-20048.5	416.365	437.946
-1000.0	-20048.5	414.332	437.835
-1000.0	-20048.5	412.299	457.398
-1000.0	-20048.5	410.265	463.429
-1000.0	-20048.5	408.231	482.975
-1000.0	-20048.5	406.196	464.424
-1000.0	-20048.5	404.161	466.763
-1000.0	-20048.5	402.125	475.241
-1000.0	-20048.5	400.089	446.884
-1000.0	-20048.5	398.052	439.407
-1000.0	-20048.5	396.015	457.702
-1000.0	-20048.5	393.977	440.411
-1000.0	-20048.5	391.938	461.149
-1000.0	-20048.5	389.899	472.068
-1000.0	-20048.5	387.86	498.916
-1000.0	-20048.5	385.82	459.573
-1000.0	-20048.5	383.78	463.132
-1000.0	-20048.5	381.739	454.44
-1000.0	-20048.5	379.697	466.57
-1000.0	-20048.5	377.655	423.602
-1000.0	-20048.5	375.613	456.541
-1000.0	-20048.5	373.57	476.004
-1000.0	-20048.5	371.526	467.319
-1000.0	-20048.5	369.482	452.523
-1000.0	-20048.5	367.437	456.076
-1000.0	-20048.5	365.392	464.517
-1000.0	-20048.5	363.346	458.288
-1000.0	-20048.5	361.3	475.276
-1000.0	-20048.5	359.254	443.396
-1000.0	-20048.5	357.206	462.821
-1000.0	-20048.5	355.159	462.703
-1000.0	-20048.5	353.11	478.451
-1000.0	-20048.5	351.062	503.953
-1000.0	-20048.5	349.012	459.907
-1000.0	-20048.5	346.962	473.205
-1000.0	-20048.5	344.912	470.645
-1000.0	-20048.5	342.861	502.217
-1000.0	-20048.5	340.81	483.808
-1000.0	-20048.5	338.758	499.522
-1000.0	-20048.5	336.705	483.559
-1000.0	-20048.5	334.652	491.959
-1000.0	-20048.5	332.599	497.919
-1000.0	-20048.5	330.545	480.752
-1000.0	-20048.5	328.49	504.963
-1000.0	-20048.5	326.435	493.885
-1000.0	-20048.5	324.379	485.244
-1000.0	-20048.5	322.323	493.63
-1000.0	-20048.5	320.266	486.209
-1000.0	-20048.5	318.209	487.299
-1000.0	-20048.5	316.151	509.041
-1000.0	-20048.5	314.093	507.694
-1000.0	-20048.5	312.034	511.205
-1000.0	-20048.5	309.975	519.57
-1000.0	-20048.5	307.915	543.708
-1000.0	-20048.5	305.854	553.274
-1000.0	-20048.5	303.793	548.278
-1000.0	-20048.5	301.732	532.371
-1000.0	-20048.5	299.67	526.17
-1000.0	-20048.5	297.607	515.125
-1000.0	-20048.5	295.544	519.838
-1000.0	-20048.5	293.48	503.954
-1000.0	-20048.5	291.416	524.411
-1000.0	-20048.5	289.351	537.593
-1000.0	-20048.5	287.286	516.874
-1000.0	-20048.5	285.22	494.956
-1000.0	-20048.5	283.154	496.037
-1000.0	-20048.5	281.087	506.793
-1000.0	-20048.5	279.019	510.288
-1000.0	-20048.5	276.951	493.23
-1000.0	-20048.5	274.883	513.646
-1000.0	-20048.5	272.814	517.136
-1000.0	-20048.5	270.744	456.603
-1000.0	-20048.5	268.674	468.56
-1000.0	-20048.5	266.603	499.827
-1000.0	-20048.5	264.532	506.937
-1000.0	-20048.5	262.46	481.464
-1000.0	-20048.5	260.388	492.194
-1000.0	-20048.5	258.315	475.18
-1000.0	-20048.5	256.241	494.346
-1000.0	-20048.5	254.167	477.34
-1000.0	-20048.5	252.093	502.521
-1000.0	-20048.5	250.018	491.545
-1000.0	-20048.5	247.942	473.348
-1000.0	-20048.5	245.866	491.285
-1000.0	-20048.5	243.789	474.302
-1000.0	-20048.5	241.712	469.362
-1000.0	-20048.5	239.634	484.879
-1000.0	-20048.5	237.556	496.779
-1000.0	-20048.5	235.477	460.571
-1000.0	-20048.5	233.397	474.875
-1000.0	-20048.5	231.317	469.941
-1000.0	-20048.5	229.237	491.445
-1000.0	-20048.5	227.155	480.503
-1000.0	-20048.5	225.074	452.753
-1000.0	-20048.5	222.991	461.037
-1000.0	-20048.5	220.909	462.114
-1000.0	-20048.5	218.825	475.19
-1000.0	-20048.5	216.741	459.468
-1000.0	-20048.5	214.657	455.747
-1000.0	-20048.5	212.572	442.436
-1000.0	-20048.5	210.486	437.523
-1000.0	-20048.5	208.4	444.596
-1000.0	-20048.5	206.313	430.1
-1000.0	-20048.5	204.226	449.148
-1000.0	-20048.5	202.138	487.345
-1000.0	-20048.5	200.05	448.907
-1000.0	-20048.5	197.961	464.344
-1000.0	-20048.5	195.871	448.666
-1000.0	-20048.5	193.781	422.23
-1000.0	-20048.5	191.691	434.074
-1000.0	-20048.5	189.599	439.935
-1000.0	-20048.5	187.508	449.377
-1000.0	-20048.5	185.415	450.451
-1000.0	-20048.5	183.322	456.301
-1000.0	-20048.5	181.229	431.1
-1000.0	-20048.5	179.135	413.076
-1000.0	-20048.5	177.04	439.221
-1000.0	-20048.5	174.945	465.353
-1000.0	-20048.5	172.849	465.227
-1000.0	-20048.5	170.753	463.908
-1000.0	-20048.5	168.656	455.436
-1000.0	-20048.5	166.558	441.009
-1000.0	-20048.5	164.46	423.016
-1000.0	-20048.5	162.362	480.081
-1000.0	-20048.5	160.263	444.222
-1000.0	-20048.5	158.163	467.913
-1000.0	-20048.5	156.063	473.737
-1000.0	-20048.5	153.962	443.859
-1000.0	-20048.5	151.86	463.961
-1000.0	-20048.5	149.758	440.048
-1000.0	-20048.5	147.656	472.03
-1000.0	-20048.5	145.552	479.033
-1000.0	-20048.5	143.449	448.005
-1000.0	-20048.5	141.344	487.086
-1000.0	-20048.5	139.239	435.882
-1000.0	-20048.5	137.134	463.071
-1000.0	-20048.5	135.028	446.326
-1000.0	-20048.5	132.921	469.937
-1000.0	-20048.5	130.814	456.757
-1000.0	-20048.5	128.706	457.817
-1000.0	-20048.5	126.598	448.205
-1000.0	-20048.5	124.489	431.486
-1000.0	-20048.5	122.379	443.217
-1000.0	-20048.5	120.269	462.051
-1000.0	-20048.5	118.158	457.185
-1000.0	-20048.5	116.047	444.033
-1000.0	-20048.5	113.935	443.91
-1000.0	-20048.5	111.822	466.272
-1000.0	-20048.5	109.709	451.946
-1000.0	-20048.5	107.596	424.616
-1000.0	-20048.5	105.481	420.951
-1000.0	-20048.5	103.367	431.473
-1000.0	-20048.5	101.251	440.807
-1000.0	-20048.5	99.1351	427.688
-1000.0	-20048.5	97.0184	420.482
-1000.0	-20048.5	94.9012	445.161
-1000.0	-20048.5	92.7834	449.759
-1000.0	-20048.5	90.665	413.048
-1000.0	-20048.5	88.546	401.135
-1000.0	-20048.5	86.4265	403.381
-1000.0	-20048.5	84.3063	387.939
-1000.0	-20048.5	82.1855	391.367
-1000.0	-20048.5	80.0641	380.651
-1000.0	-20048.5	77.9422	379.365
