-1034.0	-20040.5	1979.41	426.99
-1034.0	-20040.5	1977.72	440.215
-1034.0	-20040.5	1976.02	413.558
-1034.0	-20040.5	1974.33	451.886
-1034.0	-20040.5	1972.64	457.718
-1034.0	-20040.5	1970.94	442.88
-1034.0	-20040.5	1969.25	441.331
-1034.0	-20040.5	1967.56	432.404
-1034.0	-20040.5	1965.86	447.088
-1034.0	-20040.5	1964.17	408.657
-1034.0	-20040.5	1962.47	477.917
-1034.0	-20040.5	1960.78	433.593
-1034.0	-20040.5	1959.08	448.267
-1034.0	-20040.5	1957.39	482.102
-1034.0	-20040.5	1955.69	436.326
-1034.0	-20040.5	1953.99	455.413
-1034.0	-20040.5	1952.3	431.76
-1034.0	-20040.5	1950.6	459.681
-1034.0	-20040.5	1948.9	427.196
-1034.0	-20040.5	1947.21	446.272
-1034.0	-20040.5	1945.51	457.978
-1034.0	-20040.5	1943.81	429.926
-1034.0	-20040.5	1942.11	431.326
-1034.0	-20040.5	1940.41	413.591
-1034.0	-20040.5	1938.71	435.595
-1034.0	-20040.5	1937.01	444.35
-1034.0	-20040.5	1935.32	451.63
-1034.0	-20040.5	1933.62	420.666
-1034.0	-20040.5	1931.92	413.242
-1034.0	-20040.5	1930.22	424.934
-1034.0	-20040.5	1928.51	427.802
-1034.0	-20040.5	1926.81	426.26
-1034.0	-20040.5	1925.11	445.292
-1034.0	-20040.5	1923.41	414.359
-1034.0	-20040.5	1921.71	443.671
-1034.0	-20040.5	1920.01	409.811
-1034.0	-20040.5	1918.31	437.644
-1034.0	-20040.5	1916.6	452.253
-1034.0	-20040.5	1914.9	440.43
-1034.0	-20040.5	1913.2	433.015
-1034.0	-20040.5	1911.49	440.278
-1034.0	-20040.5	1909.79	456.343
-1034.0	-20040.5	1908.09	423.988
-1034.0	-20040.5	1906.38	435.65
-1034.0	-20040.5	1904.68	429.708
-1034.0	-20040.5	1902.97	420.835
-1034.0	-20040.5	1901.27	460.346
-1034.0	-20040.5	1899.56	406.031
-1034.0	-20040.5	1897.85	417.685
-1034.0	-20040.5	1896.15	405.89
-1034.0	-20040.5	1894.44	411.679
-1034.0	-20040.5	1892.74	429.185
-1034.0	-20040.5	1891.03	412.999
-1034.0	-20040.5	1889.32	458.32
-1034.0	-20040.5	1887.61	436.279
-1034.0	-20040.5	1885.91	427.42
-1034.0	-20040.5	1884.2	428.808
-1034.0	-20040.5	1882.49	412.637
-1034.0	-20040.5	1880.78	427.194
-1034.0	-20040.5	1879.07	416.879
-1034.0	-20040.5	1877.36	424.118
-1034.0	-20040.5	1875.65	391.874
-1034.0	-20040.5	1873.94	426.892
-1034.0	-20040.5	1872.23	423.893
-1034.0	-20040.5	1870.52	419.433
-1034.0	-20040.5	1868.81	423.742
-1034.0	-20040.5	1867.1	428.049
-1034.0	-20040.5	1865.39	429.434
-1034.0	-20040.5	1863.68	398.689
-1034.0	-20040.5	1861.96	420.52
-1034.0	-20040.5	1860.25	427.744
-1034.0	-20040.5	1858.54	408.692
-1034.0	-20040.5	1856.82	439.265
-1034.0	-20040.5	1855.11	415.841
-1034.0	-20040.5	1853.4	411.39
-1034.0	-20040.5	1851.68	425.902
-1034.0	-20040.5	1849.97	430.2
-1034.0	-20040.5	1848.25	451.993
-1034.0	-20040.5	1846.54	399.431
-1034.0	-20040.5	1844.82	427.052
-1034.0	-20040.5	1843.11	421.146
-1034.0	-20040.5	1841.39	426.897
-1034.0	-20040.5	1839.68	399.142
-1034.0	-20040.5	1837.96	397.613
-1034.0	-20040.5	1836.24	409.19
-1034.0	-20040.5	1834.53	422.219
-1034.0	-20040.5	1832.81	449.8
-1034.0	-20040.5	1831.09	414.789
-1034.0	-20040.5	1829.37	416.168
-1034.0	-20040.5	1827.65	424.821
-1034.0	-20040.5	1825.94	400.015
-1034.0	-20040.5	1824.22	410.122
-1034.0	-20040.5	1822.5	444.945
-1034.0	-20040.5	1820.78	423.056
-1034.0	-20040.5	1819.06	395.361
-1034.0	-20040.5	1817.34	385.116
-1034.0	-20040.5	1815.62	409.746
-1034.0	-20040.5	1813.9	437.272
-1034.0	-20040.5	1812.18	402.332
-1034.0	-20040.5	1810.45	428.398
-1034.0	-20040.5	1808.73	396.376
-1034.0	-20040.5	1807.01	420.981
-1034.0	-20040.5	1805.29	406.389
-1034.0	-20040.5	1803.56	430.983
-1034.0	-20040.5	1801.84	414.943
-1034.0	-20040.5	1800.12	406.163
-1034.0	-20040.5	1798.39	408.988
-1034.0	-20040.5	1796.67	419.062
-1034.0	-20040.5	1794.95	407.386
-1034.0	-20040.5	1793.22	424.704
-1034.0	-20040.5	1791.5	395.64
-1034.0	-20040.5	1789.77	397.015
-1034.0	-20040.5	1788.04	404.184
-1034.0	-20040.5	1786.32	398.315
-1034.0	-20040.5	1784.59	406.929
-1034.0	-20040.5	1782.87	425.675
-1034.0	-20040.5	1781.14	390.853
-1034.0	-20040.5	1779.41	422.621
-1034.0	-20040.5	1777.68	380.576
-1034.0	-20040.5	1775.96	419.568
-1034.0	-20040.5	1774.23	403.577
-1034.0	-20040.5	1772.5	412.179
-1034.0	-20040.5	1770.77	400.533
-1034.0	-20040.5	1769.04	414.914
-1034.0	-20040.5	1767.31	419.172
-1034.0	-20040.5	1765.58	398.86
-1034.0	-20040.5	1763.85	417.568
-1034.0	-20040.5	1762.12	405.932
-1034.0	-20040.5	1760.39	398.634
-1034.0	-20040.5	1758.66	434.659
-1034.0	-20040.5	1756.93	398.482
-1034.0	-20040.5	1755.19	398.406
-1034.0	-20040.5	1753.46	391.114
-1034.0	-20040.5	1751.73	378.053
-1034.0	-20040.5	1750.0	390.965
-1034.0	-20040.5	1748.26	406.756
-1034.0	-20040.5	1746.53	395.142
-1034.0	-20040.5	1744.8	390.74
-1034.0	-20040.5	1743.06	379.133
-1034.0	-20040.5	1741.33	397.797
-1034.0	-20040.5	1739.59	413.572
-1034.0	-20040.5	1737.86	401.967
-1034.0	-20040.5	1736.12	410.532
-1034.0	-20040.5	1734.39	390.291
-1034.0	-20040.5	1732.65	401.735
-1034.0	-20040.5	1730.91	382.942
-1034.0	-20040.5	1729.18	421.731
-1034.0	-20040.5	1727.44	404.38
-1034.0	-20040.5	1725.7	405.741
-1034.0	-20040.5	1723.96	398.47
-1034.0	-20040.5	1722.23	417.09
-1034.0	-20040.5	1720.49	421.323
-1034.0	-20040.5	1718.75	378.111
-1034.0	-20040.5	1717.01	444.158
-1034.0	-20040.5	1715.27	399.521
-1034.0	-20040.5	1713.53	375.017
-1034.0	-20040.5	1711.79	429.534
-1034.0	-20040.5	1710.05	405.033
-1034.0	-20040.5	1708.31	404.954
-1034.0	-20040.5	1706.57	433.59
-1034.0	-20040.5	1704.82	396.183
-1034.0	-20040.5	1703.08	361.662
-1034.0	-20040.5	1701.34	410.378
-1034.0	-20040.5	1699.6	391.647
-1034.0	-20040.5	1697.85	388.702
-1034.0	-20040.5	1696.11	398.664
-1034.0	-20040.5	1694.37	404.321
-1034.0	-20040.5	1692.62	384.173
-1034.0	-20040.5	1690.88	381.231
-1034.0	-20040.5	1689.13	376.858
-1034.0	-20040.5	1687.39	404.004
-1034.0	-20040.5	1685.64	391.033
-1034.0	-20040.5	1683.9	396.684
-1034.0	-20040.5	1682.15	390.879
-1034.0	-20040.5	1680.41	413.706
-1034.0	-20040.5	1678.66	403.606
-1034.0	-20040.5	1676.91	430.714
-1034.0	-20040.5	1675.16	374.833
-1034.0	-20040.5	1673.42	367.607
-1034.0	-20040.5	1671.67	381.835
-1034.0	-20040.5	1669.92	421.794
-1034.0	-20040.5	1668.17	387.402
-1034.0	-20040.5	1666.42	385.896
-1034.0	-20040.5	1664.67	391.535
-1034.0	-20040.5	1662.92	384.314
-1034.0	-20040.5	1661.17	389.951
-1034.0	-20040.5	1659.42	397.014
-1034.0	-20040.5	1657.67	374.09
-1034.0	-20040.5	1655.92	389.718
-1034.0	-20040.5	1654.17	411.049
-1034.0	-20040.5	1652.42	373.866
-1034.0	-20040.5	1650.66	399.472
-1034.0	-20040.5	1648.91	402.245
-1034.0	-20040.5	1647.16	396.46
-1034.0	-20040.5	1645.41	399.232
-1034.0	-20040.5	1643.65	402.003
-1034.0	-20040.5	1641.9	384.82
-1034.0	-20040.5	1640.14	384.742
-1034.0	-20040.5	1638.39	370.418
-1034.0	-20040.5	1636.63	376.042
-1034.0	-20040.5	1634.88	357.453
-1034.0	-20040.5	1633.12	385.857
-1034.0	-20040.5	1631.37	377.238
-1034.0	-20040.5	1629.61	407.051
-1034.0	-20040.5	1627.85	391.316
-1034.0	-20040.5	1626.09	377.01
-1034.0	-20040.5	1624.34	378.357
-1034.0	-20040.5	1622.58	401.034
-1034.0	-20040.5	1620.82	391.0
-1034.0	-20040.5	1619.06	373.863
-1034.0	-20040.5	1617.3	429.216
-1034.0	-20040.5	1615.54	386.5
-1034.0	-20040.5	1613.78	387.843
-1034.0	-20040.5	1612.02	372.14
-1034.0	-20040.5	1610.26	400.466
-1034.0	-20040.5	1608.5	391.866
-1034.0	-20040.5	1606.74	377.592
-1034.0	-20040.5	1604.98	376.096
-1034.0	-20040.5	1603.22	376.019
-1034.0	-20040.5	1601.46	375.943
-1034.0	-20040.5	1599.69	363.101
-1034.0	-20040.5	1597.93	398.479
-1034.0	-20040.5	1596.17	388.473
-1034.0	-20040.5	1594.4	368.549
-1034.0	-20040.5	1592.64	384.063
-1034.0	-20040.5	1590.88	392.486
-1034.0	-20040.5	1589.11	376.823
-1034.0	-20040.5	1587.35	380.995
-1034.0	-20040.5	1585.58	346.932
-1034.0	-20040.5	1583.81	380.839
-1034.0	-20040.5	1582.05	379.346
-1034.0	-20040.5	1580.28	358.041
-1034.0	-20040.5	1578.51	372.116
-1034.0	-20040.5	1576.75	384.771
-1034.0	-20040.5	1574.98	390.35
-1034.0	-20040.5	1573.21	397.339
-1034.0	-20040.5	1571.44	391.603
-1034.0	-20040.5	1569.67	374.561
-1034.0	-20040.5	1567.91	363.179
-1034.0	-20040.5	1566.14	394.187
-1034.0	-20040.5	1564.37	381.393
-1034.0	-20040.5	1562.6	382.727
-1034.0	-20040.5	1560.83	365.704
-1034.0	-20040.5	1559.05	395.274
-1034.0	-20040.5	1557.28	364.142
-1034.0	-20040.5	1555.51	397.933
-1034.0	-20040.5	1553.74	387.975
-1034.0	-20040.5	1551.97	372.379
-1034.0	-20040.5	1550.19	353.969
-1034.0	-20040.5	1548.42	377.865
-1034.0	-20040.5	1546.65	346.774
-1034.0	-20040.5	1544.87	359.387
-1034.0	-20040.5	1543.1	367.767
-1034.0	-20040.5	1541.32	401.501
-1034.0	-20040.5	1539.55	397.192
-1034.0	-20040.5	1537.77	368.946
-1034.0	-20040.5	1536.0	380.132
-1034.0	-20040.5	1534.22	375.831
-1034.0	-20040.5	1532.45	387.011
-1034.0	-20040.5	1530.67	363.011
-1034.0	-20040.5	1528.89	365.749
-1034.0	-20040.5	1527.11	348.796
-1034.0	-20040.5	1525.34	358.566
-1034.0	-20040.5	1523.56	371.144
-1034.0	-20040.5	1521.78	385.122
-1034.0	-20040.5	1520.0	373.8
-1034.0	-20040.5	1518.22	355.457
-1034.0	-20040.5	1516.44	379.262
-1034.0	-20040.5	1514.66	360.926
-1034.0	-20040.5	1512.88	348.214
-1034.0	-20040.5	1511.1	355.16
-1034.0	-20040.5	1509.32	401.401
-1034.0	-20040.5	1507.54	343.786
-1034.0	-20040.5	1505.76	366.16
-1034.0	-20040.5	1503.97	371.694
-1034.0	-20040.5	1502.19	353.386
-1034.0	-20040.5	1500.41	363.126
-1034.0	-20040.5	1498.62	353.237
-1034.0	-20040.5	1496.84	371.382
-1034.0	-20040.5	1495.06	375.507
-1034.0	-20040.5	1493.27	362.821
-1034.0	-20040.5	1491.49	373.949
-1034.0	-20040.5	1489.7	357.067
-1034.0	-20040.5	1487.91	391.991
-1034.0	-20040.5	1486.13	361.116
-1034.0	-20040.5	1484.34	358.241
-1034.0	-20040.5	1482.55	366.56
-1034.0	-20040.5	1480.77	349.697
-1034.0	-20040.5	1478.98	366.405
-1034.0	-20040.5	1477.19	360.735
-1034.0	-20040.5	1475.4	367.649
-1034.0	-20040.5	1473.61	375.957
-1034.0	-20040.5	1471.83	357.712
-1034.0	-20040.5	1470.04	366.018
-1034.0	-20040.5	1468.25	367.338
-1034.0	-20040.5	1466.46	378.431
-1034.0	-20040.5	1464.67	372.767
-1034.0	-20040.5	1462.87	378.271
-1034.0	-20040.5	1461.08	368.422
-1034.0	-20040.5	1459.29	364.158
-1034.0	-20040.5	1457.5	354.317
-1034.0	-20040.5	1455.71	358.425
-1034.0	-20040.5	1453.91	389.025
-1034.0	-20040.5	1452.12	372.214
-1034.0	-20040.5	1450.33	348.441
-1034.0	-20040.5	1448.53	391.564
-1034.0	-20040.5	1446.74	363.617
-1034.0	-20040.5	1444.94	364.933
-1034.0	-20040.5	1443.15	378.781
-1034.0	-20040.5	1441.35	345.286
-1034.0	-20040.5	1439.56	352.172
-1034.0	-20040.5	1437.76	363.23
-1034.0	-20040.5	1435.96	363.153
-1034.0	-20040.5	1434.17	353.338
-1034.0	-20040.5	1432.37	336.573
-1034.0	-20040.5	1430.57	368.483
-1034.0	-20040.5	1428.77	392.037
-1034.0	-20040.5	1426.97	373.885
-1034.0	-20040.5	1425.17	368.246
-1034.0	-20040.5	1423.37	368.168
-1034.0	-20040.5	1421.58	369.478
-1034.0	-20040.5	1419.77	354.123
-1034.0	-20040.5	1417.97	352.659
-1034.0	-20040.5	1416.17	345.643
-1034.0	-20040.5	1414.37	377.489
-1034.0	-20040.5	1412.57	345.495
-1034.0	-20040.5	1410.77	352.357
-1034.0	-20040.5	1408.97	361.99
-1034.0	-20040.5	1407.16	368.845
-1034.0	-20040.5	1405.36	318.858
-1034.0	-20040.5	1403.56	367.301
-1034.0	-20040.5	1401.75	340.893
-1034.0	-20040.5	1399.95	375.456
-1034.0	-20040.5	1398.14	357.368
-1034.0	-20040.5	1396.34	379.449
-1034.0	-20040.5	1394.53	365.522
-1034.0	-20040.5	1392.73	343.295
-1034.0	-20040.5	1390.92	351.525
-1034.0	-20040.5	1389.11	338.996
-1034.0	-20040.5	1387.3	359.673
-1034.0	-20040.5	1385.5	349.914
-1034.0	-20040.5	1383.69	398.236
-1034.0	-20040.5	1381.88	352.528
-1034.0	-20040.5	1380.07	353.835
-1034.0	-20040.5	1378.26	324.739
-1034.0	-20040.5	1376.45	373.024
-1034.0	-20040.5	1374.64	339.793
-1034.0	-20040.5	1372.83	350.767
-1034.0	-20040.5	1371.02	338.265
-1034.0	-20040.5	1369.21	336.812
-1034.0	-20040.5	1367.4	332.599
-1034.0	-20040.5	1365.59	347.704
-1034.0	-20040.5	1363.78	384.875
-1034.0	-20040.5	1361.96	343.416
-1034.0	-20040.5	1360.15	355.752
-1034.0	-20040.5	1358.34	346.024
-1034.0	-20040.5	1356.52	359.732
-1034.0	-20040.5	1354.71	351.386
-1034.0	-20040.5	1352.89	343.044
-1034.0	-20040.5	1351.08	334.705
-1034.0	-20040.5	1349.26	322.239
-1034.0	-20040.5	1347.45	348.328
-1034.0	-20040.5	1345.63	334.487
-1034.0	-20040.5	1343.81	341.296
-1034.0	-20040.5	1342.0	326.087
-1034.0	-20040.5	1340.18	341.147
-1034.0	-20040.5	1338.36	341.073
-1034.0	-20040.5	1336.54	331.374
-1034.0	-20040.5	1334.73	324.428
-1034.0	-20040.5	1332.91	369.713
-1034.0	-20040.5	1331.09	329.783
-1034.0	-20040.5	1329.27	336.581
-1034.0	-20040.5	1327.45	346.122
-1034.0	-20040.5	1325.63	315.836
-1034.0	-20040.5	1323.81	336.36
-1034.0	-20040.5	1321.98	311.58
-1034.0	-20040.5	1320.16	341.703
-1034.0	-20040.5	1318.34	330.652
-1034.0	-20040.5	1316.52	348.412
-1034.0	-20040.5	1314.7	338.736
-1034.0	-20040.5	1312.87	344.147
-1034.0	-20040.5	1311.05	333.105
-1034.0	-20040.5	1309.22	311.104
-1034.0	-20040.5	1307.4	353.512
-1034.0	-20040.5	1305.57	338.366
-1034.0	-20040.5	1303.75	321.857
-1034.0	-20040.5	1301.92	325.894
-1034.0	-20040.5	1300.1	334.037
-1034.0	-20040.5	1298.27	351.757
-1034.0	-20040.5	1296.44	337.996
-1034.0	-20040.5	1294.62	346.13
-1034.0	-20040.5	1292.79	358.365
-1034.0	-20040.5	1290.96	363.756
-1034.0	-20040.5	1289.13	356.84
-1034.0	-20040.5	1287.3	338.992
-1034.0	-20040.5	1285.47	340.285
-1034.0	-20040.5	1283.64	340.21
-1034.0	-20040.5	1281.81	337.403
-1034.0	-20040.5	1279.98	379.666
-1034.0	-20040.5	1278.15	335.889
-1034.0	-20040.5	1276.32	341.276
-1034.0	-20040.5	1274.49	339.836
-1034.0	-20040.5	1272.66	324.752
-1034.0	-20040.5	1270.82	336.958
-1034.0	-20040.5	1268.99	335.52
-1034.0	-20040.5	1267.16	314.992
-1034.0	-20040.5	1265.32	343.552
-1034.0	-20040.5	1263.49	332.573
-1034.0	-20040.5	1261.66	317.51
-1034.0	-20040.5	1259.82	339.238
-1034.0	-20040.5	1257.98	345.974
-1034.0	-20040.5	1256.15	367.686
-1034.0	-20040.5	1254.31	337.652
-1034.0	-20040.5	1252.48	349.829
-1034.0	-20040.5	1250.64	351.112
-1034.0	-20040.5	1248.8	317.02
-1034.0	-20040.5	1246.96	342.795
-1034.0	-20040.5	1245.13	330.48
-1034.0	-20040.5	1243.29	330.407
-1034.0	-20040.5	1241.45	335.771
-1034.0	-20040.5	1239.61	339.774
-1034.0	-20040.5	1237.77	358.722
-1034.0	-20040.5	1235.93	354.567
-1034.0	-20040.5	1234.09	334.116
-1034.0	-20040.5	1232.25	344.905
-1034.0	-20040.5	1230.41	340.756
-1034.0	-20040.5	1228.56	343.395
-1034.0	-20040.5	1226.72	355.532
-1034.0	-20040.5	1224.88	363.594
-1034.0	-20040.5	1223.04	309.257
-1034.0	-20040.5	1221.19	348.515
-1034.0	-20040.5	1219.35	359.284
-1034.0	-20040.5	1217.5	351.072
-1034.0	-20040.5	1215.66	334.732
-1034.0	-20040.5	1213.81	334.657
-1034.0	-20040.5	1211.97	333.229
-1034.0	-20040.5	1210.12	356.177
-1034.0	-20040.5	1208.28	354.744
-1034.0	-20040.5	1206.43	326.238
-1034.0	-20040.5	1204.58	323.459
-1034.0	-20040.5	1202.73	335.565
-1034.0	-20040.5	1200.89	331.432
-1034.0	-20040.5	1199.04	340.825
-1034.0	-20040.5	1197.19	343.454
-1034.0	-20040.5	1195.34	327.155
-1034.0	-20040.5	1193.49	358.169
-1034.0	-20040.5	1191.64	339.171
-1034.0	-20040.5	1189.79	343.148
-1034.0	-20040.5	1187.94	352.527
-1034.0	-20040.5	1186.09	341.645
-1034.0	-20040.5	1184.23	345.619
-1034.0	-20040.5	1182.38	327.995
-1034.0	-20040.5	1180.53	352.213
-1034.0	-20040.5	1178.68	341.341
-1034.0	-20040.5	1176.82	329.125
-1034.0	-20040.5	1174.97	322.308
-1034.0	-20040.5	1173.12	335.719
-1034.0	-20040.5	1171.26	331.6
-1034.0	-20040.5	1169.41	340.96
-1034.0	-20040.5	1167.55	326.063
-1034.0	-20040.5	1165.69	327.337
-1034.0	-20040.5	1163.84	335.344
-1034.0	-20040.5	1161.98	316.419
-1034.0	-20040.5	1160.12	315.002
-1034.0	-20040.5	1158.27	324.353
-1034.0	-20040.5	1156.41	339.081
-1034.0	-20040.5	1154.55	341.696
-1034.0	-20040.5	1152.69	338.93
-1034.0	-20040.5	1150.83	345.577
-1034.0	-20040.5	1148.97	362.976
-1034.0	-20040.5	1147.11	345.422
-1034.0	-20040.5	1145.25	329.22
-1034.0	-20040.5	1143.39	321.085
-1034.0	-20040.5	1141.53	335.788
-1034.0	-20040.5	1139.67	343.77
-1034.0	-20040.5	1137.81	341.008
-1034.0	-20040.5	1135.94	358.381
-1034.0	-20040.5	1134.08	344.881
-1034.0	-20040.5	1132.22	328.704
-1034.0	-20040.5	1130.35	350.091
-1034.0	-20040.5	1128.49	348.672
-1034.0	-20040.5	1126.62	357.979
-1034.0	-20040.5	1124.76	335.111
-1034.0	-20040.5	1122.89	344.416
-1034.0	-20040.5	1121.03	338.98
-1034.0	-20040.5	1119.16	341.583
-1034.0	-20040.5	1117.3	336.149
-1034.0	-20040.5	1115.43	325.362
-1034.0	-20040.5	1113.56	338.675
-1034.0	-20040.5	1111.69	350.644
-1034.0	-20040.5	1109.82	366.621
-1034.0	-20040.5	1107.96	315.705
-1034.0	-20040.5	1106.09	350.407
-1034.0	-20040.5	1104.22	338.294
-1034.0	-20040.5	1102.35	330.197
-1034.0	-20040.5	1100.48	316.757
-1034.0	-20040.5	1098.61	305.996
-1034.0	-20040.5	1096.73	374.059
-1034.0	-20040.5	1094.86	337.913
-1034.0	-20040.5	1092.99	339.172
-1034.0	-20040.5	1091.12	321.741
-1034.0	-20040.5	1089.24	331.011
-1034.0	-20040.5	1087.37	349.618
-1034.0	-20040.5	1085.5	325.525
-1034.0	-20040.5	1083.62	338.79
-1034.0	-20040.5	1081.75	322.711
-1034.0	-20040.5	1079.87	331.971
-1034.0	-20040.5	1078.0	345.225
-1034.0	-20040.5	1076.12	329.156
-1034.0	-20040.5	1074.24	359.724
-1034.0	-20040.5	1072.37	347.655
-1034.0	-20040.5	1070.49	327.601
-1034.0	-20040.5	1068.61	308.887
-1034.0	-20040.5	1066.73	368.717
-1034.0	-20040.5	1064.86	359.318
-1034.0	-20040.5	1062.98	348.593
-1034.0	-20040.5	1061.1	347.183
-1034.0	-20040.5	1059.22	341.785
-1034.0	-20040.5	1057.34	355.004
-1034.0	-20040.5	1055.46	390.815
-1034.0	-20040.5	1053.58	370.791
-1034.0	-20040.5	1051.69	324.203
-1034.0	-20040.5	1049.81	361.324
-1034.0	-20040.5	1047.93	339.993
-1034.0	-20040.5	1046.05	337.26
-1034.0	-20040.5	1044.16	337.184
-1034.0	-20040.5	1042.28	342.416
-1034.0	-20040.5	1040.4	392.76
-1034.0	-20040.5	1038.51	367.466
-1034.0	-20040.5	1036.63	364.73
-1034.0	-20040.5	1034.74	368.625
-1034.0	-20040.5	1032.86	368.541
-1034.0	-20040.5	1030.97	394.965
-1034.0	-20040.5	1029.08	382.95
-1034.0	-20040.5	1027.2	385.512
-1034.0	-20040.5	1025.31	382.776
-1034.0	-20040.5	1023.42	394.606
-1034.0	-20040.5	1021.53	413.051
-1034.0	-20040.5	1019.64	443.399
-1034.0	-20040.5	1017.75	418.156
-1034.0	-20040.5	1015.86	425.999
-1034.0	-20040.5	1013.97	419.288
-1034.0	-20040.5	1012.08	431.094
-1034.0	-20040.5	1010.19	429.674
-1034.0	-20040.5	1008.3	462.62
-1034.0	-20040.5	1006.41	445.336
-1034.0	-20040.5	1004.52	449.198
-1034.0	-20040.5	1002.62	462.304
-1034.0	-20040.5	1000.73	470.122
-1034.0	-20040.5	998.837	476.616
-1034.0	-20040.5	996.943	492.347
-1034.0	-20040.5	995.049	523.907
-1034.0	-20040.5	993.154	538.3
-1034.0	-20040.5	991.258	551.368
-1034.0	-20040.5	989.363	609.268
-1034.0	-20040.5	987.467	642.09
-1034.0	-20040.5	985.57	706.533
-1034.0	-20040.5	983.673	691.875
-1034.0	-20040.5	981.776	718.068
-1034.0	-20040.5	979.878	735.029
-1034.0	-20040.5	977.979	708.522
-1034.0	-20040.5	976.081	712.31
-1034.0	-20040.5	974.181	704.249
-1034.0	-20040.5	972.282	726.46
-1034.0	-20040.5	970.382	692.085
-1034.0	-20040.5	968.481	702.45
-1034.0	-20040.5	966.58	719.386
-1034.0	-20040.5	964.679	724.481
-1034.0	-20040.5	962.777	707.226
-1034.0	-20040.5	960.875	691.293
-1034.0	-20040.5	958.972	676.681
-1034.0	-20040.5	957.069	677.839
-1034.0	-20040.5	955.166	688.191
-1034.0	-20040.5	953.262	715.607
-1034.0	-20040.5	951.357	703.628
-1034.0	-20040.5	949.452	678.53
-1034.0	-20040.5	947.547	726.924
-1034.0	-20040.5	945.641	688.714
-1034.0	-20040.5	943.735	684.621
-1034.0	-20040.5	941.829	687.086
-1034.0	-20040.5	939.922	711.836
-1034.0	-20040.5	938.014	633.035
-1034.0	-20040.5	936.106	596.2
-1034.0	-20040.5	934.198	585.583
-1034.0	-20040.5	932.289	544.847
-1034.0	-20040.5	930.38	504.129
-1034.0	-20040.5	928.47	510.559
-1034.0	-20040.5	926.56	431.912
-1034.0	-20040.5	924.649	463.217
-1034.0	-20040.5	922.738	419.939
-1034.0	-20040.5	920.827	425.074
-1034.0	-20040.5	918.915	418.438
-1034.0	-20040.5	917.003	401.347
-1034.0	-20040.5	915.09	405.175
-1034.0	-20040.5	913.177	384.175
-1034.0	-20040.5	911.263	418.053
-1034.0	-20040.5	909.349	389.222
-1034.0	-20040.5	907.435	419.166
-1034.0	-20040.5	905.52	417.764
-1034.0	-20040.5	903.604	396.784
-1034.0	-20040.5	901.688	407.132
-1034.0	-20040.5	899.772	396.601
-1034.0	-20040.5	897.855	403.031
-1034.0	-20040.5	895.938	392.506
-1034.0	-20040.5	894.021	398.934
-1034.0	-20040.5	892.103	411.876
-1034.0	-20040.5	890.184	394.84
-1034.0	-20040.5	888.265	376.51
-1034.0	-20040.5	886.346	408.985
-1034.0	-20040.5	884.426	385.451
-1034.0	-20040.5	882.506	387.966
-1034.0	-20040.5	880.585	376.161
-1034.0	-20040.5	878.664	402.1
-1034.0	-20040.5	876.742	379.89
-1034.0	-20040.5	874.82	401.914
-1034.0	-20040.5	872.898	384.916
-1034.0	-20040.5	870.975	382.227
-1034.0	-20040.5	869.051	389.937
-1034.0	-20040.5	867.127	392.445
-1034.0	-20040.5	865.203	397.551
-1034.0	-20040.5	863.278	410.448
-1034.0	-20040.5	861.353	385.68
-1034.0	-20040.5	859.428	381.695
-1034.0	-20040.5	857.502	385.501
-1034.0	-20040.5	855.575	386.709
-1034.0	-20040.5	853.648	382.727
-1034.0	-20040.5	851.721	405.985
-1034.0	-20040.5	849.793	381.252
-1034.0	-20040.5	847.865	390.239
-1034.0	-20040.5	845.936	381.075
-1034.0	-20040.5	844.007	406.904
-1034.0	-20040.5	842.077	401.627
-1034.0	-20040.5	840.147	413.191
-1034.0	-20040.5	838.216	374.246
-1034.0	-20040.5	836.285	412.999
-1034.0	-20040.5	834.354	401.254
-1034.0	-20040.5	832.422	384.337
-1034.0	-20040.5	830.49	423.061
-1034.0	-20040.5	828.557	371.224
-1034.0	-20040.5	826.624	371.137
-1034.0	-20040.5	824.69	442.158
-1034.0	-20040.5	822.756	400.693
-1034.0	-20040.5	820.821	413.522
-1034.0	-20040.5	818.886	392.755
-1034.0	-20040.5	816.951	408.163
-1034.0	-20040.5	815.015	415.816
-1034.0	-20040.5	813.078	411.845
-1034.0	-20040.5	811.141	405.296
-1034.0	-20040.5	809.204	418.105
-1034.0	-20040.5	807.266	407.686
-1034.0	-20040.5	805.328	408.881
-1034.0	-20040.5	803.389	407.496
-1034.0	-20040.5	801.45	412.558
-1034.0	-20040.5	799.511	386.682
-1034.0	-20040.5	797.571	412.365
-1034.0	-20040.5	795.63	431.593
-1034.0	-20040.5	793.689	417.324
-1034.0	-20040.5	791.748	387.608
-1034.0	-20040.5	789.806	392.667
-1034.0	-20040.5	787.864	400.298
-1034.0	-20040.5	785.921	397.631
-1034.0	-20040.5	783.978	383.386
-1034.0	-20040.5	782.034	406.448
-1034.0	-20040.5	780.09	398.637
-1034.0	-20040.5	778.145	412.685
-1034.0	-20040.5	776.2	386.882
-1034.0	-20040.5	774.255	393.216
-1034.0	-20040.5	772.309	394.409
-1034.0	-20040.5	770.362	375.05
-1034.0	-20040.5	768.416	403.212
-1034.0	-20040.5	766.468	362.036
-1034.0	-20040.5	764.52	383.77
-1034.0	-20040.5	762.572	397.795
-1034.0	-20040.5	760.624	402.833
-1034.0	-20040.5	758.674	370.673
-1034.0	-20040.5	756.725	391.103
-1034.0	-20040.5	754.775	388.447
-1034.0	-20040.5	752.824	372.975
-1034.0	-20040.5	750.873	401.078
-1034.0	-20040.5	748.922	377.924
-1034.0	-20040.5	746.97	400.889
-1034.0	-20040.5	745.017	368.782
-1034.0	-20040.5	743.065	399.42
-1034.0	-20040.5	741.111	396.766
-1034.0	-20040.5	739.158	397.952
-1034.0	-20040.5	737.203	374.831
-1034.0	-20040.5	735.249	373.463
-1034.0	-20040.5	733.294	397.67
-1034.0	-20040.5	731.338	373.287
-1034.0	-20040.5	729.382	401.317
-1034.0	-20040.5	727.425	397.388
-1034.0	-20040.5	725.468	407.514
-1034.0	-20040.5	723.511	390.815
-1034.0	-20040.5	721.553	388.168
-1034.0	-20040.5	719.595	395.736
-1034.0	-20040.5	717.636	390.537
-1034.0	-20040.5	715.676	355.994
-1034.0	-20040.5	713.717	369.942
-1034.0	-20040.5	711.756	368.579
-1034.0	-20040.5	709.796	374.867
-1034.0	-20040.5	707.835	373.503
-1034.0	-20040.5	705.873	391.257
-1034.0	-20040.5	703.911	416.647
-1034.0	-20040.5	701.948	389.797
-1034.0	-20040.5	699.985	392.252
-1034.0	-20040.5	698.022	389.612
-1034.0	-20040.5	696.058	376.79
-1034.0	-20040.5	694.093	394.518
-1034.0	-20040.5	692.129	385.518
-1034.0	-20040.5	690.163	412.139
-1034.0	-20040.5	688.197	401.867
-1034.0	-20040.5	686.231	406.857
-1034.0	-20040.5	684.264	396.591
-1034.0	-20040.5	682.297	423.184
-1034.0	-20040.5	680.329	392.591
-1034.0	-20040.5	678.361	409.01
-1034.0	-20040.5	676.393	413.992
-1034.0	-20040.5	674.423	407.545
-1034.0	-20040.5	672.454	412.526
-1034.0	-20040.5	670.484	422.579
-1034.0	-20040.5	668.513	412.329
-1034.0	-20040.5	666.542	421.109
-1034.0	-20040.5	664.571	419.74
-1034.0	-20040.5	662.599	414.569
-1034.0	-20040.5	660.627	418.272
-1034.0	-20040.5	658.654	394.096
-1034.0	-20040.5	656.68	420.606
-1034.0	-20040.5	654.707	434.438
-1034.0	-20040.5	652.732	414.074
-1034.0	-20040.5	650.758	403.847
-1034.0	-20040.5	648.782	417.672
-1034.0	-20040.5	646.807	398.592
-1034.0	-20040.5	644.83	417.472
-1034.0	-20040.5	642.854	424.961
-1034.0	-20040.5	640.877	410.95
-1034.0	-20040.5	638.899	413.38
-1034.0	-20040.5	636.921	418.336
-1034.0	-20040.5	634.942	408.127
-1034.0	-20040.5	632.963	411.819
-1034.0	-20040.5	630.984	404.142
-1034.0	-20040.5	629.004	401.52
-1034.0	-20040.5	627.023	421.621
-1034.0	-20040.5	625.042	407.637
-1034.0	-20040.5	623.061	431.512
-1034.0	-20040.5	621.079	413.748
-1034.0	-20040.5	619.097	417.432
-1034.0	-20040.5	617.114	427.418
-1034.0	-20040.5	615.131	407.147
-1034.0	-20040.5	613.147	420.911
-1034.0	-20040.5	611.163	410.73
-1034.0	-20040.5	609.178	414.41
-1034.0	-20040.5	607.193	421.866
-1034.0	-20040.5	605.207	386.512
-1034.0	-20040.5	603.221	404.04
-1034.0	-20040.5	601.234	398.909
-1034.0	-20040.5	599.247	378.683
-1034.0	-20040.5	597.259	398.716
-1034.0	-20040.5	595.271	411.195
-1034.0	-20040.5	593.283	387.209
-1034.0	-20040.5	591.294	418.537
-1034.0	-20040.5	589.304	431.001
-1034.0	-20040.5	587.314	400.747
-1034.0	-20040.5	585.323	396.882
-1034.0	-20040.5	583.332	357.86
-1034.0	-20040.5	581.341	402.966
-1034.0	-20040.5	579.349	366.472
-1034.0	-20040.5	577.357	412.808
-1034.0	-20040.5	575.364	422.744
-1034.0	-20040.5	573.37	393.796
-1034.0	-20040.5	571.376	406.239
-1034.0	-20040.5	569.382	427.45
-1034.0	-20040.5	567.387	418.573
-1034.0	-20040.5	565.392	443.53
-1034.0	-20040.5	563.396	432.148
-1034.0	-20040.5	561.399	425.782
-1034.0	-20040.5	559.403	419.418
-1034.0	-20040.5	557.405	433.084
-1034.0	-20040.5	555.408	426.722
-1034.0	-20040.5	553.409	431.622
-1034.0	-20040.5	551.411	446.526
-1034.0	-20040.5	549.411	467.675
-1034.0	-20040.5	547.412	473.812
-1034.0	-20040.5	545.411	501.193
-1034.0	-20040.5	543.411	522.313
-1034.0	-20040.5	541.409	563.41
-1034.0	-20040.5	539.408	570.766
-1034.0	-20040.5	537.406	610.583
-1034.0	-20040.5	535.403	669.105
-1034.0	-20040.5	533.4	778.767
-1034.0	-20040.5	531.396	877.146
-1034.0	-20040.5	529.392	1070.28
-1034.0	-20040.5	527.387	1454.13
-1034.0	-20040.5	525.382	2550.96
-1034.0	-20040.5	523.376	5788.72
-1034.0	-20040.5	521.37	11299.2
-1034.0	-20040.5	519.364	11054.7
-1034.0	-20040.5	517.357	6330.02
-1034.0	-20040.5	515.349	3408.31
-1034.0	-20040.5	513.341	2035.52
-1034.0	-20040.5	511.332	1401.49
-1034.0	-20040.5	509.323	1131.12
-1034.0	-20040.5	507.314	868.344
-1034.0	-20040.5	505.304	791.018
-1034.0	-20040.5	503.293	718.704
-1034.0	-20040.5	501.282	689.935
-1034.0	-20040.5	499.27	626.381
-1034.0	-20040.5	497.258	583.981
-1034.0	-20040.5	495.246	546.57
-1034.0	-20040.5	493.233	547.677
-1034.0	-20040.5	491.219	538.851
-1034.0	-20040.5	489.205	502.72
-1034.0	-20040.5	487.191	501.355
-1034.0	-20040.5	485.176	514.878
-1034.0	-20040.5	483.16	470.098
-1034.0	-20040.5	481.144	466.261
-1034.0	-20040.5	479.128	464.906
-1034.0	-20040.5	477.111	477.185
-1034.0	-20040.5	475.093	428.74
-1034.0	-20040.5	473.075	442.261
-1034.0	-20040.5	471.056	437.197
-1034.0	-20040.5	469.037	449.471
-1034.0	-20040.5	467.018	443.169
-1034.0	-20040.5	464.998	428.208
-1034.0	-20040.5	462.977	440.474
-1034.0	-20040.5	460.956	421.81
-1034.0	-20040.5	458.935	432.835
-1034.0	-20040.5	456.913	403.054
-1034.0	-20040.5	454.89	441.272
-1034.0	-20040.5	452.867	431.276
-1034.0	-20040.5	450.843	444.758
-1034.0	-20040.5	448.819	412.533
-1034.0	-20040.5	446.795	455.649
-1034.0	-20040.5	444.77	444.425
-1034.0	-20040.5	442.744	482.574
-1034.0	-20040.5	440.718	446.67
-1034.0	-20040.5	438.691	460.128
-1034.0	-20040.5	436.664	448.913
-1034.0	-20040.5	434.637	458.664
-1034.0	-20040.5	432.608	458.549
-1034.0	-20040.5	430.58	455.97
-1034.0	-20040.5	428.551	458.319
-1034.0	-20040.5	426.521	452.046
-1034.0	-20040.5	424.491	463.015
-1034.0	-20040.5	422.46	441.97
-1034.0	-20040.5	420.429	439.397
-1034.0	-20040.5	418.397	445.439
-1034.0	-20040.5	416.365	434.255
-1034.0	-20040.5	414.332	425.537
-1034.0	-20040.5	412.299	464.775
-1034.0	-20040.5	410.265	444.99
-1034.0	-20040.5	408.231	433.817
-1034.0	-20040.5	406.196	436.165
-1034.0	-20040.5	404.161	452.023
-1034.0	-20040.5	402.125	450.681
-1034.0	-20040.5	400.089	451.795
-1034.0	-20040.5	398.052	441.861
-1034.0	-20040.5	396.015	424.57
-1034.0	-20040.5	393.977	473.534
-1034.0	-20040.5	391.938	452.564
-1034.0	-20040.5	389.899	451.223
-1034.0	-20040.5	387.86	429.044
-1034.0	-20040.5	385.82	447.318
-1034.0	-20040.5	383.78	458.231
-1034.0	-20040.5	381.739	439.741
-1034.0	-20040.5	379.697	453.1
-1034.0	-20040.5	377.655	448.088
-1034.0	-20040.5	375.613	449.197
-1034.0	-20040.5	373.57	452.754
-1034.0	-20040.5	371.526	451.415
-1034.0	-20040.5	369.482	475.761
-1034.0	-20040.5	367.437	475.64
-1034.0	-20040.5	365.392	475.518
-1034.0	-20040.5	363.346	452.177
-1034.0	-20040.5	361.3	459.392
-1034.0	-20040.5	359.254	473.933
-1034.0	-20040.5	357.206	448.167
-1034.0	-20040.5	355.159	461.482
-1034.0	-20040.5	353.11	465.025
-1034.0	-20040.5	351.062	445.382
-1034.0	-20040.5	349.012	470.886
-1034.0	-20040.5	346.962	451.252
-1034.0	-20040.5	344.912	488.934
-1034.0	-20040.5	342.861	477.838
-1034.0	-20040.5	340.81	475.278
-1034.0	-20040.5	338.758	469.064
-1034.0	-20040.5	336.705	467.725
-1034.0	-20040.5	334.652	472.476
-1034.0	-20040.5	332.599	440.701
-1034.0	-20040.5	330.545	473.449
-1034.0	-20040.5	328.49	470.894
-1034.0	-20040.5	326.435	478.071
-1034.0	-20040.5	324.379	503.487
-1034.0	-20040.5	322.323	487.551
-1034.0	-20040.5	320.266	486.209
-1034.0	-20040.5	318.209	467.855
-1034.0	-20040.5	316.151	490.817
-1034.0	-20040.5	314.093	502.836
-1034.0	-20040.5	312.034	491.777
-1034.0	-20040.5	309.975	542.636
-1034.0	-20040.5	307.915	542.495
-1034.0	-20040.5	305.854	556.914
-1034.0	-20040.5	303.793	537.361
-1034.0	-20040.5	301.732	542.072
-1034.0	-20040.5	299.67	552.842
-1034.0	-20040.5	297.607	524.821
-1034.0	-20040.5	295.544	528.32
-1034.0	-20040.5	293.48	490.628
-1034.0	-20040.5	291.416	534.1
-1034.0	-20040.5	289.351	485.529
-1034.0	-20040.5	287.286	512.033
-1034.0	-20040.5	285.22	516.739
-1034.0	-20040.5	283.154	496.037
-1034.0	-20040.5	281.087	485.021
-1034.0	-20040.5	279.019	476.43
-1034.0	-20040.5	276.951	476.305
-1034.0	-20040.5	274.883	478.597
-1034.0	-20040.5	272.814	485.722
-1034.0	-20040.5	270.744	469.891
-1034.0	-20040.5	268.674	486.674
-1034.0	-20040.5	266.603	479.302
-1034.0	-20040.5	264.532	485.211
-1034.0	-20040.5	262.46	485.084
-1034.0	-20040.5	260.388	483.75
-1034.0	-20040.5	258.315	476.386
-1034.0	-20040.5	256.241	508.815
-1034.0	-20040.5	254.167	501.448
-1034.0	-20040.5	252.093	504.931
-1034.0	-20040.5	250.018	471.064
-1034.0	-20040.5	247.942	485.393
-1034.0	-20040.5	245.866	482.856
-1034.0	-20040.5	243.789	453.837
-1034.0	-20040.5	241.712	466.955
-1034.0	-20040.5	239.634	460.815
-1034.0	-20040.5	237.556	449.867
-1034.0	-20040.5	235.477	450.951
-1034.0	-20040.5	233.397	464.055
-1034.0	-20040.5	231.317	487.97
-1034.0	-20040.5	229.237	446.986
-1034.0	-20040.5	227.155	492.515
-1034.0	-20040.5	225.074	459.959
-1034.0	-20040.5	222.991	455.034
-1034.0	-20040.5	220.909	456.112
-1034.0	-20040.5	218.825	459.591
-1034.0	-20040.5	216.741	454.669
-1034.0	-20040.5	214.657	447.352
-1034.0	-20040.5	212.572	453.227
-1034.0	-20040.5	210.486	443.516
-1034.0	-20040.5	208.4	413.438
-1034.0	-20040.5	206.313	450.467
-1034.0	-20040.5	204.226	437.171
-1034.0	-20040.5	202.138	463.396
-1034.0	-20040.5	200.05	432.148
-1034.0	-20040.5	197.961	428.441
-1034.0	-20040.5	195.871	418.754
-1034.0	-20040.5	193.781	424.622
-1034.0	-20040.5	191.691	431.683
-1034.0	-20040.5	189.599	455.476
-1034.0	-20040.5	187.508	441.011
-1034.0	-20040.5	185.415	427.749
-1034.0	-20040.5	183.322	439.578
-1034.0	-20040.5	181.229	458.566
-1034.0	-20040.5	179.135	453.667
-1034.0	-20040.5	177.04	463.092
-1034.0	-20040.5	174.945	459.387
-1034.0	-20040.5	172.849	428.247
-1034.0	-20040.5	170.753	440.057
-1034.0	-20040.5	168.656	457.821
-1034.0	-20040.5	166.558	438.626
-1034.0	-20040.5	164.46	451.614
-1034.0	-20040.5	162.362	462.212
-1034.0	-20040.5	160.263	439.458
-1034.0	-20040.5	158.163	452.435
-1034.0	-20040.5	156.063	470.166
-1034.0	-20040.5	153.962	443.859
-1034.0	-20040.5	151.86	441.358
-1034.0	-20040.5	149.758	454.32
-1034.0	-20040.5	147.656	486.298
-1034.0	-20040.5	145.552	446.939
-1034.0	-20040.5	143.449	462.265
-1034.0	-20040.5	141.344	457.386
-1034.0	-20040.5	139.239	437.07
-1034.0	-20040.5	137.134	452.385
-1034.0	-20040.5	135.028	468.879
-1034.0	-20040.5	132.921	450.95
-1034.0	-20040.5	130.814	455.571
-1034.0	-20040.5	128.706	461.376
-1034.0	-20040.5	126.598	452.948
-1034.0	-20040.5	124.489	468.233
-1034.0	-20040.5	122.379	442.032
-1034.0	-20040.5	120.269	459.681
-1034.0	-20040.5	118.158	459.554
-1034.0	-20040.5	116.047	468.899
-1034.0	-20040.5	113.935	417.868
-1034.0	-20040.5	111.822	448.521
-1034.0	-20040.5	109.709	456.678
-1034.0	-20040.5	107.596	426.982
-1034.0	-20040.5	105.481	425.681
-1034.0	-20040.5	103.367	436.201
-1034.0	-20040.5	101.251	445.534
-1034.0	-20040.5	99.1351	408.785
-1034.0	-20040.5	97.0184	422.844
-1034.0	-20040.5	94.9012	401.472
-1034.0	-20040.5	92.7834	408.442
-1034.0	-20040.5	90.665	398.887
-1034.0	-20040.5	88.546	416.472
-1034.0	-20040.5	86.4265	429.33
-1034.0	-20040.5	84.3063	392.656
-1034.0	-20040.5	82.1855	393.724
-1034.0	-20040.5	80.0641	390.078
-1034.0	-20040.5	77.9422	384.078
