-1032.0	-20060.5	1979.41	441.764
-1032.0	-20060.5	1977.72	429.875
-1032.0	-20060.5	1976.02	451.959
-1032.0	-20060.5	1974.33	441.548
-1032.0	-20060.5	1972.64	435.57
-1032.0	-20060.5	1970.94	441.404
-1032.0	-20060.5	1969.25	448.711
-1032.0	-20060.5	1967.56	450.113
-1032.0	-20060.5	1965.86	417.577
-1032.0	-20060.5	1964.17	448.49
-1032.0	-20060.5	1962.47	423.34
-1032.0	-20060.5	1960.78	436.543
-1032.0	-20060.5	1959.08	417.301
-1032.0	-20060.5	1957.39	470.308
-1032.0	-20060.5	1955.69	470.229
-1032.0	-20060.5	1953.99	459.834
-1032.0	-20060.5	1952.3	480.388
-1032.0	-20060.5	1950.6	440.528
-1032.0	-20060.5	1948.9	464.023
-1032.0	-20060.5	1947.21	441.853
-1032.0	-20060.5	1945.51	465.341
-1032.0	-20060.5	1943.81	444.65
-1032.0	-20060.5	1942.11	444.575
-1032.0	-20060.5	1940.41	416.535
-1032.0	-20060.5	1938.71	454.726
-1032.0	-20060.5	1937.01	431.108
-1032.0	-20060.5	1935.32	423.679
-1032.0	-20060.5	1933.62	436.845
-1032.0	-20060.5	1931.92	439.713
-1032.0	-20060.5	1930.22	433.756
-1032.0	-20060.5	1928.51	436.623
-1032.0	-20060.5	1926.81	438.018
-1032.0	-20060.5	1925.11	439.413
-1032.0	-20060.5	1923.41	427.584
-1032.0	-20060.5	1921.71	446.609
-1032.0	-20060.5	1920.01	450.939
-1032.0	-20060.5	1918.31	425.895
-1032.0	-20060.5	1916.6	446.379
-1032.0	-20060.5	1914.9	405.196
-1032.0	-20060.5	1913.2	408.062
-1032.0	-20060.5	1911.49	431.473
-1032.0	-20060.5	1909.79	426.996
-1032.0	-20060.5	1908.09	443.061
-1032.0	-20060.5	1906.38	434.183
-1032.0	-20060.5	1904.68	422.375
-1032.0	-20060.5	1902.97	422.302
-1032.0	-20060.5	1901.27	458.88
-1032.0	-20060.5	1899.56	422.155
-1032.0	-20060.5	1897.85	435.272
-1032.0	-20060.5	1896.15	397.098
-1032.0	-20060.5	1894.44	443.91
-1032.0	-20060.5	1892.74	405.748
-1032.0	-20060.5	1891.03	427.645
-1032.0	-20060.5	1889.32	445.141
-1032.0	-20060.5	1887.61	434.815
-1032.0	-20060.5	1885.91	425.956
-1032.0	-20060.5	1884.2	431.735
-1032.0	-20060.5	1882.49	436.049
-1032.0	-20060.5	1880.78	441.824
-1032.0	-20060.5	1879.07	419.805
-1032.0	-20060.5	1877.36	435.818
-1032.0	-20060.5	1875.65	400.648
-1032.0	-20060.5	1873.94	409.348
-1032.0	-20060.5	1872.23	428.278
-1032.0	-20060.5	1870.52	412.126
-1032.0	-20060.5	1868.81	429.587
-1032.0	-20060.5	1867.1	413.44
-1032.0	-20060.5	1865.39	410.445
-1032.0	-20060.5	1863.68	420.595
-1032.0	-20060.5	1861.96	429.281
-1032.0	-20060.5	1860.25	418.985
-1032.0	-20060.5	1858.54	429.127
-1032.0	-20060.5	1856.82	424.672
-1032.0	-20060.5	1855.11	453.777
-1032.0	-20060.5	1853.4	418.684
-1032.0	-20060.5	1851.68	408.399
-1032.0	-20060.5	1849.97	422.908
-1032.0	-20060.5	1848.25	424.29
-1032.0	-20060.5	1846.54	421.298
-1032.0	-20060.5	1844.82	440.169
-1032.0	-20060.5	1843.11	419.688
-1032.0	-20060.5	1841.39	399.214
-1032.0	-20060.5	1839.68	428.277
-1032.0	-20060.5	1837.96	404.895
-1032.0	-20060.5	1836.24	380.067
-1032.0	-20060.5	1834.53	388.733
-1032.0	-20060.5	1832.81	430.876
-1032.0	-20060.5	1831.09	440.986
-1032.0	-20060.5	1829.37	407.437
-1032.0	-20060.5	1827.65	402.998
-1032.0	-20060.5	1825.94	408.743
-1032.0	-20060.5	1824.22	417.394
-1032.0	-20060.5	1822.5	402.777
-1032.0	-20060.5	1820.78	446.317
-1032.0	-20060.5	1819.06	421.525
-1032.0	-20060.5	1817.34	389.476
-1032.0	-20060.5	1815.62	428.635
-1032.0	-20060.5	1813.9	411.123
-1032.0	-20060.5	1812.18	418.31
-1032.0	-20060.5	1810.45	455.989
-1032.0	-20060.5	1808.73	402.184
-1032.0	-20060.5	1807.01	410.819
-1032.0	-20060.5	1805.29	410.743
-1032.0	-20060.5	1803.56	416.472
-1032.0	-20060.5	1801.84	420.747
-1032.0	-20060.5	1800.12	420.669
-1032.0	-20060.5	1798.39	406.087
-1032.0	-20060.5	1796.67	397.312
-1032.0	-20060.5	1794.95	417.534
-1032.0	-20060.5	1793.22	404.411
-1032.0	-20060.5	1791.5	430.422
-1032.0	-20060.5	1789.77	414.403
-1032.0	-20060.5	1788.04	430.261
-1032.0	-20060.5	1786.32	424.386
-1032.0	-20060.5	1784.59	417.066
-1032.0	-20060.5	1782.87	405.405
-1032.0	-20060.5	1781.14	416.91
-1032.0	-20060.5	1779.41	425.515
-1032.0	-20060.5	1777.68	402.282
-1032.0	-20060.5	1775.96	400.76
-1032.0	-20060.5	1774.23	405.024
-1032.0	-20060.5	1772.5	396.27
-1032.0	-20060.5	1770.77	400.533
-1032.0	-20060.5	1769.04	399.012
-1032.0	-20060.5	1767.31	427.844
-1032.0	-20060.5	1765.58	423.428
-1032.0	-20060.5	1763.85	406.009
-1032.0	-20060.5	1762.12	413.155
-1032.0	-20060.5	1760.39	391.412
-1032.0	-20060.5	1758.66	420.219
-1032.0	-20060.5	1756.93	407.145
-1032.0	-20060.5	1755.19	408.511
-1032.0	-20060.5	1753.46	392.557
-1032.0	-20060.5	1751.73	415.57
-1032.0	-20060.5	1750.0	415.49
-1032.0	-20060.5	1748.26	406.756
-1032.0	-20060.5	1746.53	406.679
-1032.0	-20060.5	1744.8	399.392
-1032.0	-20060.5	1743.06	407.964
-1032.0	-20060.5	1741.33	405.004
-1032.0	-20060.5	1739.59	416.454
-1032.0	-20060.5	1737.86	427.9
-1032.0	-20060.5	1736.12	423.496
-1032.0	-20060.5	1734.39	407.573
-1032.0	-20060.5	1732.65	417.574
-1032.0	-20060.5	1730.91	411.735
-1032.0	-20060.5	1729.18	379.989
-1032.0	-20060.5	1727.44	378.477
-1032.0	-20060.5	1725.7	405.741
-1032.0	-20060.5	1723.96	402.786
-1032.0	-20060.5	1722.23	394.078
-1032.0	-20060.5	1720.49	406.943
-1032.0	-20060.5	1718.75	395.363
-1032.0	-20060.5	1717.01	411.098
-1032.0	-20060.5	1715.27	396.647
-1032.0	-20060.5	1713.53	396.57
-1032.0	-20060.5	1711.79	415.168
-1032.0	-20060.5	1710.05	403.597
-1032.0	-20060.5	1708.31	413.57
-1032.0	-20060.5	1706.57	370.418
-1032.0	-20060.5	1704.82	386.135
-1032.0	-20060.5	1703.08	413.328
-1032.0	-20060.5	1701.34	406.073
-1032.0	-20060.5	1699.6	400.255
-1032.0	-20060.5	1697.85	410.217
-1032.0	-20060.5	1696.11	372.851
-1032.0	-20060.5	1694.37	389.984
-1032.0	-20060.5	1692.62	398.508
-1032.0	-20060.5	1690.88	389.83
-1032.0	-20060.5	1689.13	379.723
-1032.0	-20060.5	1687.39	398.273
-1032.0	-20060.5	1685.64	392.465
-1032.0	-20060.5	1683.9	390.956
-1032.0	-20060.5	1682.15	388.015
-1032.0	-20060.5	1680.41	382.213
-1032.0	-20060.5	1678.66	399.312
-1032.0	-20060.5	1676.91	416.404
-1032.0	-20060.5	1675.16	366.249
-1032.0	-20060.5	1673.42	391.923
-1032.0	-20060.5	1671.67	398.996
-1032.0	-20060.5	1669.92	411.785
-1032.0	-20060.5	1668.17	373.107
-1032.0	-20060.5	1666.42	391.613
-1032.0	-20060.5	1664.67	380.103
-1032.0	-20060.5	1662.92	377.17
-1032.0	-20060.5	1661.17	374.239
-1032.0	-20060.5	1659.42	414.151
-1032.0	-20060.5	1657.67	384.084
-1032.0	-20060.5	1655.92	412.559
-1032.0	-20060.5	1654.17	408.195
-1032.0	-20060.5	1652.42	368.158
-1032.0	-20060.5	1650.66	389.485
-1032.0	-20060.5	1648.91	356.6
-1032.0	-20060.5	1647.16	377.92
-1032.0	-20060.5	1645.41	400.658
-1032.0	-20060.5	1643.65	403.429
-1032.0	-20060.5	1641.9	403.348
-1032.0	-20060.5	1640.14	391.867
-1032.0	-20060.5	1638.39	391.789
-1032.0	-20060.5	1636.63	395.983
-1032.0	-20060.5	1634.88	403.024
-1032.0	-20060.5	1633.12	387.281
-1032.0	-20060.5	1631.37	374.391
-1032.0	-20060.5	1629.61	367.2
-1032.0	-20060.5	1627.85	379.932
-1032.0	-20060.5	1626.09	377.01
-1032.0	-20060.5	1624.34	401.115
-1032.0	-20060.5	1622.58	385.391
-1032.0	-20060.5	1620.82	408.062
-1032.0	-20060.5	1619.06	393.764
-1032.0	-20060.5	1617.3	393.685
-1032.0	-20060.5	1615.54	379.396
-1032.0	-20060.5	1613.78	402.049
-1032.0	-20060.5	1612.02	373.56
-1032.0	-20060.5	1610.26	384.845
-1032.0	-20060.5	1608.5	383.348
-1032.0	-20060.5	1606.74	393.206
-1032.0	-20060.5	1604.98	363.323
-1032.0	-20060.5	1603.22	374.6
-1032.0	-20060.5	1601.46	374.524
-1032.0	-20060.5	1599.69	411.325
-1032.0	-20060.5	1597.93	371.536
-1032.0	-20060.5	1596.17	401.233
-1032.0	-20060.5	1594.4	369.967
-1032.0	-20060.5	1592.64	415.242
-1032.0	-20060.5	1590.88	364.148
-1032.0	-20060.5	1589.11	385.323
-1032.0	-20060.5	1587.35	371.081
-1032.0	-20060.5	1585.58	371.005
-1032.0	-20060.5	1583.81	376.592
-1032.0	-20060.5	1582.05	359.529
-1032.0	-20060.5	1580.28	397.666
-1032.0	-20060.5	1578.51	382.02
-1032.0	-20060.5	1576.75	377.698
-1032.0	-20060.5	1574.98	383.278
-1032.0	-20060.5	1573.21	367.645
-1032.0	-20060.5	1571.44	383.121
-1032.0	-20060.5	1569.67	387.282
-1032.0	-20060.5	1567.91	378.724
-1032.0	-20060.5	1566.14	356.04
-1032.0	-20060.5	1564.37	350.316
-1032.0	-20060.5	1562.6	381.314
-1032.0	-20060.5	1560.83	365.704
-1032.0	-20060.5	1559.05	379.745
-1032.0	-20060.5	1557.28	389.547
-1032.0	-20060.5	1555.51	395.111
-1032.0	-20060.5	1553.74	382.332
-1032.0	-20060.5	1551.97	359.684
-1032.0	-20060.5	1550.19	382.174
-1032.0	-20060.5	1548.42	372.225
-1032.0	-20060.5	1546.65	369.329
-1032.0	-20060.5	1544.87	366.433
-1032.0	-20060.5	1543.1	353.676
-1032.0	-20060.5	1541.32	370.508
-1032.0	-20060.5	1539.55	354.938
-1032.0	-20060.5	1537.77	364.721
-1032.0	-20060.5	1536.0	374.501
-1032.0	-20060.5	1534.22	377.238
-1032.0	-20060.5	1532.45	379.974
-1032.0	-20060.5	1530.67	382.709
-1032.0	-20060.5	1528.89	369.969
-1032.0	-20060.5	1527.11	361.454
-1032.0	-20060.5	1525.34	365.597
-1032.0	-20060.5	1523.56	341.621
-1032.0	-20060.5	1521.78	334.522
-1032.0	-20060.5	1520.0	370.989
-1032.0	-20060.5	1518.22	368.102
-1032.0	-20060.5	1516.44	337.122
-1032.0	-20060.5	1514.66	384.8
-1032.0	-20060.5	1512.88	384.72
-1032.0	-20060.5	1511.1	370.602
-1032.0	-20060.5	1509.32	395.787
-1032.0	-20060.5	1507.54	366.237
-1032.0	-20060.5	1505.76	373.175
-1032.0	-20060.5	1503.97	345.044
-1032.0	-20060.5	1502.19	360.397
-1032.0	-20060.5	1500.41	339.291
-1032.0	-20060.5	1498.62	367.255
-1032.0	-20060.5	1496.84	375.586
-1032.0	-20060.5	1495.06	348.886
-1032.0	-20060.5	1493.27	371.226
-1032.0	-20060.5	1491.49	358.543
-1032.0	-20060.5	1489.7	373.87
-1032.0	-20060.5	1487.91	331.793
-1032.0	-20060.5	1486.13	379.312
-1032.0	-20060.5	1484.34	363.838
-1032.0	-20060.5	1482.55	373.555
-1032.0	-20060.5	1480.77	370.679
-1032.0	-20060.5	1478.98	348.225
-1032.0	-20060.5	1477.19	350.948
-1032.0	-20060.5	1475.4	356.465
-1032.0	-20060.5	1473.61	348.004
-1032.0	-20060.5	1471.83	378.672
-1032.0	-20060.5	1470.04	352.048
-1032.0	-20060.5	1468.25	371.528
-1032.0	-20060.5	1466.46	346.314
-1032.0	-20060.5	1464.67	358.805
-1032.0	-20060.5	1462.87	357.334
-1032.0	-20060.5	1461.08	382.378
-1032.0	-20060.5	1459.29	378.111
-1032.0	-20060.5	1457.5	371.056
-1032.0	-20060.5	1455.71	370.977
-1032.0	-20060.5	1453.91	354.166
-1032.0	-20060.5	1452.12	394.519
-1032.0	-20060.5	1450.33	359.591
-1032.0	-20060.5	1448.53	376.236
-1032.0	-20060.5	1446.74	370.583
-1032.0	-20060.5	1444.94	371.897
-1032.0	-20060.5	1443.15	374.603
-1032.0	-20060.5	1441.35	359.208
-1032.0	-20060.5	1439.56	364.7
-1032.0	-20060.5	1437.76	339.572
-1032.0	-20060.5	1435.96	371.501
-1032.0	-20060.5	1434.17	338.036
-1032.0	-20060.5	1432.37	356.044
-1032.0	-20060.5	1430.57	350.406
-1032.0	-20060.5	1428.77	365.623
-1032.0	-20060.5	1426.97	347.477
-1032.0	-20060.5	1425.17	340.454
-1032.0	-20060.5	1423.37	351.496
-1032.0	-20060.5	1421.58	369.478
-1032.0	-20060.5	1419.77	352.734
-1032.0	-20060.5	1417.97	334.609
-1032.0	-20060.5	1416.17	355.36
-1032.0	-20060.5	1414.37	363.61
-1032.0	-20060.5	1412.57	363.532
-1032.0	-20060.5	1410.77	353.744
-1032.0	-20060.5	1408.97	334.251
-1032.0	-20060.5	1407.16	357.752
-1032.0	-20060.5	1405.36	338.267
-1032.0	-20060.5	1403.56	332.65
-1032.0	-20060.5	1401.75	364.45
-1032.0	-20060.5	1399.95	347.747
-1032.0	-20060.5	1398.14	362.909
-1032.0	-20060.5	1396.34	340.673
-1032.0	-20060.5	1394.53	340.6
-1032.0	-20060.5	1392.73	350.216
-1032.0	-20060.5	1390.92	359.828
-1032.0	-20060.5	1389.11	351.449
-1032.0	-20060.5	1387.3	341.69
-1032.0	-20060.5	1385.5	365.128
-1032.0	-20060.5	1383.69	387.174
-1032.0	-20060.5	1381.88	352.528
-1032.0	-20060.5	1380.07	375.949
-1032.0	-20060.5	1378.26	374.486
-1032.0	-20060.5	1376.45	341.248
-1032.0	-20060.5	1374.64	368.799
-1032.0	-20060.5	1372.83	353.529
-1032.0	-20060.5	1371.02	332.743
-1032.0	-20060.5	1369.21	367.18
-1032.0	-20060.5	1367.4	339.499
-1032.0	-20060.5	1365.59	364.262
-1032.0	-20060.5	1363.78	310.383
-1032.0	-20060.5	1361.96	328.245
-1032.0	-20060.5	1360.15	339.205
-1032.0	-20060.5	1358.34	341.889
-1032.0	-20060.5	1356.52	336.301
-1032.0	-20060.5	1354.71	361.032
-1032.0	-20060.5	1352.89	341.666
-1032.0	-20060.5	1351.08	323.686
-1032.0	-20060.5	1349.26	324.993
-1032.0	-20060.5	1347.45	334.56
-1032.0	-20060.5	1345.63	348.252
-1032.0	-20060.5	1343.81	349.553
-1032.0	-20060.5	1342.0	309.576
-1032.0	-20060.5	1340.18	337.02
-1032.0	-20060.5	1338.36	343.824
-1032.0	-20060.5	1336.54	372.624
-1032.0	-20060.5	1334.73	339.55
-1032.0	-20060.5	1332.91	379.333
-1032.0	-20060.5	1331.09	362.762
-1032.0	-20060.5	1329.27	350.319
-1032.0	-20060.5	1327.45	351.616
-1032.0	-20060.5	1325.63	355.659
-1032.0	-20060.5	1323.81	330.869
-1032.0	-20060.5	1321.98	344.523
-1032.0	-20060.5	1320.16	343.075
-1032.0	-20060.5	1318.34	360.836
-1032.0	-20060.5	1316.52	348.412
-1032.0	-20060.5	1314.7	356.565
-1032.0	-20060.5	1312.87	346.889
-1032.0	-20060.5	1311.05	341.33
-1032.0	-20060.5	1309.22	350.849
-1032.0	-20060.5	1307.4	356.253
-1032.0	-20060.5	1305.57	356.175
-1032.0	-20060.5	1303.75	332.814
-1032.0	-20060.5	1301.92	340.957
-1032.0	-20060.5	1300.1	332.668
-1032.0	-20060.5	1298.27	359.969
-1032.0	-20060.5	1296.44	339.364
-1032.0	-20060.5	1294.62	350.235
-1032.0	-20060.5	1292.79	354.261
-1032.0	-20060.5	1290.96	358.286
-1032.0	-20060.5	1289.13	328.129
-1032.0	-20060.5	1287.3	336.259
-1032.0	-20060.5	1285.47	374.45
-1032.0	-20060.5	1283.64	334.745
-1032.0	-20060.5	1281.81	337.403
-1032.0	-20060.5	1279.98	333.232
-1032.0	-20060.5	1278.15	341.351
-1032.0	-20060.5	1276.32	334.451
-1032.0	-20060.5	1274.49	343.931
-1032.0	-20060.5	1272.66	346.584
-1032.0	-20060.5	1270.82	330.137
-1032.0	-20060.5	1268.99	321.881
-1032.0	-20060.5	1267.16	331.356
-1032.0	-20060.5	1265.32	340.826
-1032.0	-20060.5	1263.49	359.833
-1032.0	-20060.5	1261.66	346.126
-1032.0	-20060.5	1259.82	339.238
-1032.0	-20060.5	1257.98	358.233
-1032.0	-20060.5	1256.15	351.345
-1032.0	-20060.5	1254.31	353.99
-1032.0	-20060.5	1252.48	337.578
-1032.0	-20060.5	1250.64	355.195
-1032.0	-20060.5	1248.8	333.347
-1032.0	-20060.5	1246.96	341.435
-1032.0	-20060.5	1245.13	323.68
-1032.0	-20060.5	1243.29	322.248
-1032.0	-20060.5	1241.45	319.458
-1032.0	-20060.5	1239.61	349.288
-1032.0	-20060.5	1237.77	366.875
-1032.0	-20060.5	1235.93	345.058
-1032.0	-20060.5	1234.09	354.489
-1032.0	-20060.5	1232.25	346.263
-1032.0	-20060.5	1230.41	342.114
-1032.0	-20060.5	1228.56	344.753
-1032.0	-20060.5	1226.72	331.106
-1032.0	-20060.5	1224.88	333.746
-1032.0	-20060.5	1223.04	330.96
-1032.0	-20060.5	1221.19	343.091
-1032.0	-20060.5	1219.35	351.15
-1032.0	-20060.5	1217.5	337.517
-1032.0	-20060.5	1215.66	361.835
-1032.0	-20060.5	1213.81	353.626
-1032.0	-20060.5	1211.97	341.356
-1032.0	-20060.5	1210.12	327.737
-1032.0	-20060.5	1208.28	331.727
-1032.0	-20060.5	1206.43	338.421
-1032.0	-20060.5	1204.58	324.812
-1032.0	-20060.5	1202.73	328.799
-1032.0	-20060.5	1200.89	311.14
-1032.0	-20060.5	1199.04	320.538
-1032.0	-20060.5	1197.19	343.454
-1032.0	-20060.5	1195.34	342.026
-1032.0	-20060.5	1193.49	333.84
-1032.0	-20060.5	1191.64	331.063
-1032.0	-20060.5	1189.79	322.884
-1032.0	-20060.5	1187.94	329.565
-1032.0	-20060.5	1186.09	318.689
-1032.0	-20060.5	1184.23	328.068
-1032.0	-20060.5	1182.38	337.444
-1032.0	-20060.5	1180.53	336.019
-1032.0	-20060.5	1178.68	352.134
-1032.0	-20060.5	1176.82	322.38
-1032.0	-20060.5	1174.97	331.748
-1032.0	-20060.5	1173.12	333.023
-1032.0	-20060.5	1171.26	345.08
-1032.0	-20060.5	1169.41	338.265
-1032.0	-20060.5	1167.55	334.147
-1032.0	-20060.5	1165.69	331.378
-1032.0	-20060.5	1163.84	329.957
-1032.0	-20060.5	1161.98	339.309
-1032.0	-20060.5	1160.12	302.887
-1032.0	-20060.5	1158.27	339.157
-1032.0	-20060.5	1156.41	345.809
-1032.0	-20060.5	1154.55	341.696
-1032.0	-20060.5	1152.69	352.379
-1032.0	-20060.5	1150.83	372.47
-1032.0	-20060.5	1148.97	344.155
-1032.0	-20060.5	1147.11	373.647
-1032.0	-20060.5	1145.25	365.501
-1032.0	-20060.5	1143.39	338.55
-1032.0	-20060.5	1141.53	335.788
-1032.0	-20060.5	1139.67	337.056
-1032.0	-20060.5	1137.81	334.295
-1032.0	-20060.5	1135.94	346.3
-1032.0	-20060.5	1134.08	335.487
-1032.0	-20060.5	1132.22	327.362
-1032.0	-20060.5	1130.35	342.043
-1032.0	-20060.5	1128.49	351.354
-1032.0	-20060.5	1126.62	329.823
-1032.0	-20060.5	1124.76	343.153
-1032.0	-20060.5	1122.89	335.035
-1032.0	-20060.5	1121.03	352.378
-1032.0	-20060.5	1119.16	332.206
-1032.0	-20060.5	1117.3	334.81
-1032.0	-20060.5	1115.43	357.496
-1032.0	-20060.5	1113.56	330.643
-1032.0	-20060.5	1111.69	339.937
-1032.0	-20060.5	1109.82	339.861
-1032.0	-20060.5	1107.96	331.758
-1032.0	-20060.5	1106.09	351.745
-1032.0	-20060.5	1104.22	322.249
-1032.0	-20060.5	1102.35	348.913
-1032.0	-20060.5	1100.48	316.757
-1032.0	-20060.5	1098.61	360.781
-1032.0	-20060.5	1096.73	370.052
-1032.0	-20060.5	1094.86	336.578
-1032.0	-20060.5	1092.99	312.466
-1032.0	-20060.5	1091.12	348.441
-1032.0	-20060.5	1089.24	323.003
-1032.0	-20060.5	1087.37	344.281
-1032.0	-20060.5	1085.5	336.198
-1032.0	-20060.5	1083.62	350.794
-1032.0	-20060.5	1081.75	336.046
-1032.0	-20060.5	1079.87	341.303
-1032.0	-20060.5	1078.0	338.56
-1032.0	-20060.5	1076.12	315.829
-1032.0	-20060.5	1074.24	339.74
-1032.0	-20060.5	1072.37	339.663
-1032.0	-20060.5	1070.49	351.572
-1032.0	-20060.5	1068.61	336.847
-1032.0	-20060.5	1066.73	330.115
-1032.0	-20060.5	1064.86	351.333
-1032.0	-20060.5	1062.98	341.94
-1032.0	-20060.5	1061.1	332.551
-1032.0	-20060.5	1059.22	335.136
-1032.0	-20060.5	1057.34	328.412
-1032.0	-20060.5	1055.46	389.485
-1032.0	-20060.5	1053.58	360.159
-1032.0	-20060.5	1051.69	361.406
-1032.0	-20060.5	1049.81	353.354
-1032.0	-20060.5	1047.93	346.633
-1032.0	-20060.5	1046.05	337.26
-1032.0	-20060.5	1044.16	317.271
-1032.0	-20060.5	1042.28	355.688
-1032.0	-20060.5	1040.4	348.973
-1032.0	-20060.5	1038.51	364.812
-1032.0	-20060.5	1036.63	384.624
-1032.0	-20060.5	1034.74	368.625
-1032.0	-20060.5	1032.86	380.472
-1032.0	-20060.5	1030.97	379.06
-1032.0	-20060.5	1029.08	378.974
-1032.0	-20060.5	1027.2	400.085
-1032.0	-20060.5	1025.31	393.371
-1032.0	-20060.5	1023.42	381.364
-1032.0	-20060.5	1021.53	419.67
-1032.0	-20060.5	1019.64	412.957
-1032.0	-20060.5	1017.75	412.863
-1032.0	-20060.5	1015.86	400.862
-1032.0	-20060.5	1013.97	410.03
-1032.0	-20060.5	1012.08	433.739
-1032.0	-20060.5	1010.19	458.76
-1032.0	-20060.5	1008.3	432.22
-1032.0	-20060.5	1006.41	447.979
-1032.0	-20060.5	1004.52	471.658
-1032.0	-20060.5	1002.62	450.416
-1032.0	-20060.5	1000.73	478.046
-1032.0	-20060.5	998.837	446.25
-1032.0	-20060.5	996.943	479.148
-1032.0	-20060.5	995.049	514.669
-1032.0	-20060.5	993.154	536.981
-1032.0	-20060.5	991.258	588.302
-1032.0	-20060.5	989.363	592.124
-1032.0	-20060.5	987.467	672.415
-1032.0	-20060.5	985.57	669.625
-1032.0	-20060.5	983.673	693.193
-1032.0	-20060.5	981.776	710.163
-1032.0	-20060.5	979.878	721.856
-1032.0	-20060.5	977.979	730.91
-1032.0	-20060.5	976.081	745.226
-1032.0	-20060.5	974.181	742.423
-1032.0	-20060.5	972.282	708.036
-1032.0	-20060.5	970.382	739.452
-1032.0	-20060.5	968.481	714.289
-1032.0	-20060.5	966.58	740.428
-1032.0	-20060.5	964.679	708.702
-1032.0	-20060.5	962.777	720.371
-1032.0	-20060.5	960.875	699.178
-1032.0	-20060.5	958.972	730.553
-1032.0	-20060.5	957.069	689.662
-1032.0	-20060.5	955.166	696.071
-1032.0	-20060.5	953.262	689.346
-1032.0	-20060.5	951.357	699.69
-1032.0	-20060.5	949.452	719.216
-1032.0	-20060.5	947.547	694.12
-1032.0	-20060.5	945.641	693.961
-1032.0	-20060.5	943.735	675.44
-1032.0	-20060.5	941.829	639.882
-1032.0	-20060.5	939.922	638.424
-1032.0	-20060.5	938.014	660.558
-1032.0	-20060.5	936.106	622.407
-1032.0	-20060.5	934.198	573.793
-1032.0	-20060.5	932.289	538.298
-1032.0	-20060.5	930.38	513.295
-1032.0	-20060.5	928.47	481.758
-1032.0	-20060.5	926.56	472.486
-1032.0	-20060.5	924.649	437.047
-1032.0	-20060.5	922.738	421.247
-1032.0	-20060.5	920.827	418.535
-1032.0	-20060.5	918.915	402.747
-1032.0	-20060.5	917.003	398.732
-1032.0	-20060.5	915.09	419.553
-1032.0	-20060.5	913.177	412.922
-1032.0	-20060.5	911.263	384.086
-1032.0	-20060.5	909.349	389.222
-1032.0	-20060.5	907.435	379.992
-1032.0	-20060.5	905.52	403.403
-1032.0	-20060.5	903.604	398.089
-1032.0	-20060.5	901.688	379.729
-1032.0	-20060.5	899.772	417.475
-1032.0	-20060.5	897.855	405.64
-1032.0	-20060.5	895.938	404.242
-1032.0	-20060.5	894.021	398.934
-1032.0	-20060.5	892.103	387.111
-1032.0	-20060.5	890.184	387.021
-1032.0	-20060.5	888.265	376.51
-1032.0	-20060.5	886.346	402.473
-1032.0	-20060.5	884.426	377.638
-1032.0	-20060.5	882.506	410.098
-1032.0	-20060.5	880.585	393.082
-1032.0	-20060.5	878.664	396.895
-1032.0	-20060.5	876.742	372.084
-1032.0	-20060.5	874.82	371.998
-1032.0	-20060.5	872.898	409.623
-1032.0	-20060.5	870.975	409.529
-1032.0	-20060.5	869.051	415.933
-1032.0	-20060.5	867.127	410.638
-1032.0	-20060.5	865.203	385.859
-1032.0	-20060.5	863.278	398.758
-1032.0	-20060.5	861.353	393.471
-1032.0	-20060.5	859.428	382.994
-1032.0	-20060.5	857.502	377.713
-1032.0	-20060.5	855.575	382.816
-1032.0	-20060.5	853.648	386.619
-1032.0	-20060.5	851.721	395.609
-1032.0	-20060.5	849.793	391.627
-1032.0	-20060.5	847.865	398.018
-1032.0	-20060.5	845.936	400.518
-1032.0	-20060.5	844.007	387.466
-1032.0	-20060.5	842.077	395.149
-1032.0	-20060.5	840.147	405.42
-1032.0	-20060.5	838.216	370.361
-1032.0	-20060.5	836.285	392.284
-1032.0	-20060.5	834.354	397.371
-1032.0	-20060.5	832.422	390.808
-1032.0	-20060.5	830.49	399.773
-1032.0	-20060.5	828.557	428.136
-1032.0	-20060.5	826.624	400.88
-1032.0	-20060.5	824.69	416.301
-1032.0	-20060.5	822.756	423.959
-1032.0	-20060.5	820.821	417.399
-1032.0	-20060.5	818.886	409.55
-1032.0	-20060.5	816.951	405.579
-1032.0	-20060.5	815.015	409.359
-1032.0	-20060.5	813.078	398.935
-1032.0	-20060.5	811.141	397.551
-1032.0	-20060.5	809.204	415.524
-1032.0	-20060.5	807.266	396.075
-1032.0	-20060.5	805.328	395.983
-1032.0	-20060.5	803.389	399.759
-1032.0	-20060.5	801.45	402.244
-1032.0	-20060.5	799.511	408.594
-1032.0	-20060.5	797.571	426.54
-1032.0	-20060.5	795.63	381.348
-1032.0	-20060.5	793.689	416.036
-1032.0	-20060.5	791.748	423.665
-1032.0	-20060.5	789.806	388.805
-1032.0	-20060.5	787.864	405.447
-1032.0	-20060.5	785.921	374.468
-1032.0	-20060.5	783.978	387.245
-1032.0	-20060.5	782.034	374.292
-1032.0	-20060.5	780.09	379.348
-1032.0	-20060.5	778.145	388.258
-1032.0	-20060.5	776.2	406.162
-1032.0	-20060.5	774.255	375.226
-1032.0	-20060.5	772.309	380.277
-1032.0	-20060.5	770.362	409.729
-1032.0	-20060.5	768.416	413.485
-1032.0	-20060.5	766.468	387.712
-1032.0	-20060.5	764.52	383.77
-1032.0	-20060.5	762.572	395.229
-1032.0	-20060.5	760.624	378.458
-1032.0	-20060.5	758.674	357.847
-1032.0	-20060.5	756.725	385.974
-1032.0	-20060.5	754.775	387.165
-1032.0	-20060.5	752.824	399.891
-1032.0	-20060.5	750.873	386.983
-1032.0	-20060.5	748.922	389.454
-1032.0	-20060.5	746.97	382.958
-1032.0	-20060.5	745.017	372.624
-1032.0	-20060.5	743.065	404.541
-1032.0	-20060.5	741.111	403.165
-1032.0	-20060.5	739.158	406.909
-1032.0	-20060.5	737.203	390.182
-1032.0	-20060.5	735.249	396.485
-1032.0	-20060.5	733.294	393.834
-1032.0	-20060.5	731.338	416.752
-1032.0	-20060.5	729.382	392.37
-1032.0	-20060.5	727.425	403.777
-1032.0	-20060.5	725.468	393.462
-1032.0	-20060.5	723.511	375.489
-1032.0	-20060.5	721.553	397.107
-1032.0	-20060.5	719.595	379.141
-1032.0	-20060.5	717.636	385.432
-1032.0	-20060.5	715.676	382.789
-1032.0	-20060.5	713.717	386.525
-1032.0	-20060.5	711.756	385.158
-1032.0	-20060.5	709.796	399.093
-1032.0	-20060.5	707.835	368.404
-1032.0	-20060.5	705.873	383.61
-1032.0	-20060.5	703.911	384.793
-1032.0	-20060.5	701.948	402.536
-1032.0	-20060.5	699.985	394.799
-1032.0	-20060.5	698.022	401.071
-1032.0	-20060.5	696.058	381.882
-1032.0	-20060.5	694.093	397.063
-1032.0	-20060.5	692.129	388.062
-1032.0	-20060.5	690.163	387.97
-1032.0	-20060.5	688.197	376.432
-1032.0	-20060.5	686.231	408.128
-1032.0	-20060.5	684.264	396.591
-1032.0	-20060.5	682.297	423.184
-1032.0	-20060.5	680.329	407.837
-1032.0	-20060.5	678.361	389.957
-1032.0	-20060.5	676.393	408.913
-1032.0	-20060.5	674.423	424.05
-1032.0	-20060.5	672.454	418.872
-1032.0	-20060.5	670.484	408.62
-1032.0	-20060.5	668.513	412.329
-1032.0	-20060.5	666.542	416.035
-1032.0	-20060.5	664.571	385.502
-1032.0	-20060.5	662.599	433.586
-1032.0	-20060.5	660.627	382.783
-1032.0	-20060.5	658.654	389.027
-1032.0	-20060.5	656.68	418.072
-1032.0	-20060.5	654.707	398.974
-1032.0	-20060.5	652.732	396.346
-1032.0	-20060.5	650.758	407.645
-1032.0	-20060.5	648.782	410.078
-1032.0	-20060.5	646.807	406.184
-1032.0	-20060.5	644.83	413.677
-1032.0	-20060.5	642.854	400.93
-1032.0	-20060.5	640.877	356.578
-1032.0	-20060.5	638.899	426.021
-1032.0	-20060.5	636.921	417.072
-1032.0	-20060.5	634.942	438.452
-1032.0	-20060.5	632.963	413.082
-1032.0	-20060.5	630.984	405.405
-1032.0	-20060.5	629.004	400.257
-1032.0	-20060.5	627.023	426.67
-1032.0	-20060.5	625.042	412.685
-1032.0	-20060.5	623.061	422.68
-1032.0	-20060.5	621.079	432.669
-1032.0	-20060.5	619.097	416.171
-1032.0	-20060.5	617.114	403.462
-1032.0	-20060.5	615.131	447.483
-1032.0	-20060.5	613.147	415.87
-1032.0	-20060.5	611.163	433.408
-1032.0	-20060.5	609.178	416.929
-1032.0	-20060.5	607.193	418.088
-1032.0	-20060.5	605.207	417.987
-1032.0	-20060.5	603.221	402.782
-1032.0	-20060.5	601.234	401.426
-1032.0	-20060.5	599.247	412.652
-1032.0	-20060.5	597.259	421.356
-1032.0	-20060.5	595.271	398.62
-1032.0	-20060.5	593.283	394.752
-1032.0	-20060.5	591.294	384.602
-1032.0	-20060.5	589.304	380.739
-1032.0	-20060.5	587.314	394.465
-1032.0	-20060.5	585.323	391.858
-1032.0	-20060.5	583.332	390.507
-1032.0	-20060.5	581.341	392.923
-1032.0	-20060.5	579.349	427.969
-1032.0	-20060.5	577.357	405.28
-1032.0	-20060.5	575.364	391.383
-1032.0	-20060.5	573.37	376.238
-1032.0	-20060.5	571.376	401.223
-1032.0	-20060.5	569.382	388.591
-1032.0	-20060.5	567.387	421.08
-1032.0	-20060.5	565.392	410.954
-1032.0	-20060.5	563.396	410.854
-1032.0	-20060.5	561.399	409.502
-1032.0	-20060.5	559.403	431.938
-1032.0	-20060.5	557.405	450.608
-1032.0	-20060.5	555.408	442.99
-1032.0	-20060.5	553.409	451.639
-1032.0	-20060.5	551.411	446.526
-1032.0	-20060.5	549.411	472.677
-1032.0	-20060.5	547.412	488.814
-1032.0	-20060.5	545.411	517.441
-1032.0	-20060.5	543.411	489.824
-1032.0	-20060.5	541.409	557.164
-1032.0	-20060.5	539.408	552.032
-1032.0	-20060.5	537.406	630.561
-1032.0	-20060.5	535.403	684.085
-1032.0	-20060.5	533.4	755.055
-1032.0	-20060.5	531.396	857.183
-1032.0	-20060.5	529.392	1088.99
-1032.0	-20060.5	527.387	1492.79
-1032.0	-20060.5	525.382	2594.59
-1032.0	-20060.5	523.376	5712.69
-1032.0	-20060.5	521.37	11325.4
-1032.0	-20060.5	519.364	11037.3
-1032.0	-20060.5	517.357	6433.41
-1032.0	-20060.5	515.349	3453.14
-1032.0	-20060.5	513.341	2015.6
-1032.0	-20060.5	511.332	1372.86
-1032.0	-20060.5	509.323	1072.63
-1032.0	-20060.5	507.314	888.248
-1032.0	-20060.5	505.304	788.53
-1032.0	-20060.5	503.293	722.434
-1032.0	-20060.5	501.282	642.696
-1032.0	-20060.5	499.27	635.081
-1032.0	-20060.5	497.258	602.618
-1032.0	-20060.5	495.246	549.055
-1032.0	-20060.5	493.233	526.565
-1032.0	-20060.5	491.219	505.328
-1032.0	-20060.5	489.205	495.273
-1032.0	-20060.5	487.191	517.488
-1032.0	-20060.5	485.176	482.621
-1032.0	-20060.5	483.16	465.136
-1032.0	-20060.5	481.144	499.743
-1032.0	-20060.5	479.128	466.145
-1032.0	-20060.5	477.111	449.917
-1032.0	-20060.5	475.093	438.653
-1032.0	-20060.5	473.075	449.694
-1032.0	-20060.5	471.056	426.05
-1032.0	-20060.5	469.037	429.659
-1032.0	-20060.5	467.018	436.98
-1032.0	-20060.5	464.998	439.346
-1032.0	-20060.5	462.977	429.339
-1032.0	-20060.5	460.956	409.44
-1032.0	-20060.5	458.935	420.468
-1032.0	-20060.5	456.913	429.018
-1032.0	-20060.5	454.89	414.078
-1032.0	-20060.5	452.867	452.283
-1032.0	-20060.5	450.843	455.877
-1032.0	-20060.5	448.819	445.882
-1032.0	-20060.5	446.795	412.43
-1032.0	-20060.5	444.77	443.19
-1032.0	-20060.5	442.744	454.187
-1032.0	-20060.5	440.718	445.436
-1032.0	-20060.5	438.691	460.128
-1032.0	-20060.5	436.664	439.047
-1032.0	-20060.5	434.637	438.937
-1032.0	-20060.5	432.608	446.223
-1032.0	-20060.5	430.58	435.02
-1032.0	-20060.5	428.551	460.783
-1032.0	-20060.5	426.521	437.265
-1032.0	-20060.5	424.491	445.775
-1032.0	-20060.5	422.46	425.965
-1032.0	-20060.5	420.429	443.089
-1032.0	-20060.5	418.397	431.903
-1032.0	-20060.5	416.365	440.406
-1032.0	-20060.5	414.332	453.824
-1032.0	-20060.5	412.299	438.955
-1032.0	-20060.5	410.265	415.488
-1032.0	-20060.5	408.231	468.228
-1032.0	-20060.5	406.196	426.336
-1032.0	-20060.5	404.161	475.361
-1032.0	-20060.5	402.125	465.417
-1032.0	-20060.5	400.089	443.201
-1032.0	-20060.5	398.052	449.226
-1032.0	-20060.5	396.015	441.75
-1032.0	-20060.5	393.977	464.946
-1032.0	-20060.5	391.938	420.676
-1032.0	-20060.5	389.899	445.092
-1032.0	-20060.5	387.86	446.205
-1032.0	-20060.5	385.82	454.671
-1032.0	-20060.5	383.78	464.357
-1032.0	-20060.5	381.739	451.99
-1032.0	-20060.5	379.697	472.693
-1032.0	-20060.5	377.655	478.695
-1032.0	-20060.5	375.613	476.125
-1032.0	-20060.5	373.57	446.636
-1032.0	-20060.5	371.526	456.309
-1032.0	-20060.5	369.482	458.639
-1032.0	-20060.5	367.437	489.09
-1032.0	-20060.5	365.392	455.96
-1032.0	-20060.5	363.346	463.176
-1032.0	-20060.5	361.3	449.618
-1032.0	-20060.5	359.254	444.617
-1032.0	-20060.5	357.206	445.725
-1032.0	-20060.5	355.159	438.285
-1032.0	-20060.5	353.11	467.466
-1032.0	-20060.5	351.062	440.501
-1032.0	-20060.5	349.012	453.808
-1032.0	-20060.5	346.962	439.056
-1032.0	-20060.5	344.912	487.715
-1032.0	-20060.5	342.861	465.648
-1032.0	-20060.5	340.81	477.715
-1032.0	-20060.5	338.758	473.937
-1032.0	-20060.5	336.705	468.943
-1032.0	-20060.5	334.652	470.04
-1032.0	-20060.5	332.599	465.049
-1032.0	-20060.5	330.545	457.627
-1032.0	-20060.5	328.49	492.796
-1032.0	-20060.5	326.435	506.05
-1032.0	-20060.5	324.379	485.244
-1032.0	-20060.5	322.323	489.982
-1032.0	-20060.5	320.266	481.347
-1032.0	-20060.5	318.209	506.742
-1032.0	-20060.5	316.151	502.966
-1032.0	-20060.5	314.093	517.411
-1032.0	-20060.5	312.034	499.063
-1032.0	-20060.5	309.975	529.282
-1032.0	-20060.5	307.915	509.727
-1032.0	-20060.5	305.854	547.207
-1032.0	-20060.5	303.793	531.296
-1032.0	-20060.5	301.732	523.882
-1032.0	-20060.5	299.67	541.931
-1032.0	-20060.5	297.607	549.062
-1032.0	-20060.5	295.544	536.802
-1032.0	-20060.5	293.48	535.451
-1032.0	-20060.5	291.416	518.355
-1032.0	-20060.5	289.351	477.053
-1032.0	-20060.5	287.286	485.402
-1032.0	-20060.5	285.22	492.536
-1032.0	-20060.5	283.154	477.889
-1032.0	-20060.5	281.087	515.26
-1032.0	-20060.5	279.019	495.777
-1032.0	-20060.5	276.951	496.856
-1032.0	-20060.5	274.883	478.597
-1032.0	-20060.5	272.814	476.055
-1032.0	-20060.5	270.744	478.346
-1032.0	-20060.5	268.674	490.297
-1032.0	-20060.5	266.603	487.754
-1032.0	-20060.5	264.532	485.211
-1032.0	-20060.5	262.46	480.257
-1032.0	-20060.5	260.388	488.575
-1032.0	-20060.5	258.315	489.652
-1032.0	-20060.5	256.241	482.289
-1032.0	-20060.5	254.167	456.848
-1032.0	-20060.5	252.093	491.675
-1032.0	-20060.5	250.018	477.088
-1032.0	-20060.5	247.942	481.78
-1032.0	-20060.5	245.866	498.51
-1032.0	-20060.5	243.789	494.766
-1032.0	-20060.5	241.712	468.159
-1032.0	-20060.5	239.634	469.238
-1032.0	-20060.5	237.556	502.793
-1032.0	-20060.5	235.477	458.166
-1032.0	-20060.5	233.397	480.886
-1032.0	-20060.5	231.317	489.172
-1032.0	-20060.5	229.237	461.405
-1032.0	-20060.5	227.155	466.087
-1032.0	-20060.5	225.074	445.547
-1032.0	-20060.5	222.991	464.638
-1032.0	-20060.5	220.909	432.107
-1032.0	-20060.5	218.825	434.391
-1032.0	-20060.5	216.741	434.275
-1032.0	-20060.5	214.657	419.767
-1032.0	-20060.5	212.572	436.441
-1032.0	-20060.5	210.486	443.516
-1032.0	-20060.5	208.4	431.414
-1032.0	-20060.5	206.313	452.863
-1032.0	-20060.5	204.226	449.148
-1032.0	-20060.5	202.138	446.633
-1032.0	-20060.5	200.05	448.907
-1032.0	-20060.5	197.961	404.506
-1032.0	-20060.5	195.871	431.915
-1032.0	-20060.5	193.781	431.799
-1032.0	-20060.5	191.691	413.746
-1032.0	-20060.5	189.599	444.716
-1032.0	-20060.5	187.508	425.474
-1032.0	-20060.5	185.415	428.944
-1032.0	-20060.5	183.322	450.329
-1032.0	-20060.5	181.229	445.43
-1032.0	-20060.5	179.135	446.504
-1032.0	-20060.5	177.04	438.028
-1032.0	-20060.5	174.945	457.001
-1032.0	-20060.5	172.849	466.42
-1032.0	-20060.5	170.753	453.175
-1032.0	-20060.5	168.656	436.36
-1032.0	-20060.5	166.558	445.777
-1032.0	-20060.5	164.46	468.296
-1032.0	-20060.5	162.362	447.917
-1032.0	-20060.5	160.263	475.187
-1032.0	-20060.5	158.163	451.245
-1032.0	-20060.5	156.063	438.028
-1032.0	-20060.5	153.962	440.289
-1032.0	-20060.5	151.86	463.961
-1032.0	-20060.5	149.758	468.592
-1032.0	-20060.5	147.656	433.982
-1032.0	-20060.5	145.552	462.392
-1032.0	-20060.5	143.449	455.135
-1032.0	-20060.5	141.344	430.062
-1032.0	-20060.5	139.239	437.07
-1032.0	-20060.5	137.134	451.198
-1032.0	-20060.5	135.028	465.318
-1032.0	-20060.5	132.921	458.07
-1032.0	-20060.5	130.814	442.521
-1032.0	-20060.5	128.706	460.189
-1032.0	-20060.5	126.598	455.32
-1032.0	-20060.5	124.489	454.008
-1032.0	-20060.5	122.379	459.808
-1032.0	-20060.5	120.269	443.095
-1032.0	-20060.5	118.158	477.32
-1032.0	-20060.5	116.047	471.268
-1032.0	-20060.5	113.935	432.073
-1032.0	-20060.5	111.822	446.154
-1032.0	-20060.5	109.709	455.495
-1032.0	-20060.5	107.596	462.465
-1032.0	-20060.5	105.481	422.133
-1032.0	-20060.5	103.367	429.108
-1032.0	-20060.5	101.251	406.535
-1032.0	-20060.5	99.1351	418.236
-1032.0	-20060.5	97.0184	409.852
-1032.0	-20060.5	94.9012	418.003
-1032.0	-20060.5	92.7834	409.623
-1032.0	-20060.5	90.665	389.446
-1032.0	-20060.5	88.546	382.258
-1032.0	-20060.5	86.4265	398.663
-1032.0	-20060.5	84.3063	398.552
-1032.0	-20060.5	82.1855	391.367
-1032.0	-20060.5	80.0641	357.081
-1032.0	-20060.5	77.9422	355.802
