-1028.0	-20074.5	1979.41	458.017
-1028.0	-20074.5	1977.72	447.601
-1028.0	-20074.5	1976.02	454.913
-1028.0	-20074.5	1974.33	445.979
-1028.0	-20074.5	1972.64	425.234
-1028.0	-20074.5	1970.94	460.595
-1028.0	-20074.5	1969.25	413.287
-1028.0	-20074.5	1967.56	438.307
-1028.0	-20074.5	1965.86	447.088
-1028.0	-20074.5	1964.17	429.311
-1028.0	-20074.5	1962.47	426.29
-1028.0	-20074.5	1960.78	415.896
-1028.0	-20074.5	1959.08	442.369
-1028.0	-20074.5	1957.39	464.41
-1028.0	-20074.5	1955.69	468.755
-1028.0	-20074.5	1953.99	448.044
-1028.0	-20074.5	1952.3	458.284
-1028.0	-20074.5	1950.6	403.694
-1028.0	-20074.5	1948.9	431.615
-1028.0	-20074.5	1947.21	456.582
-1028.0	-20074.5	1945.51	444.724
-1028.0	-20074.5	1943.81	428.454
-1028.0	-20074.5	1942.11	446.047
-1028.0	-20074.5	1940.41	443.028
-1028.0	-20074.5	1938.71	444.425
-1028.0	-20074.5	1937.01	416.394
-1028.0	-20074.5	1935.32	406.026
-1028.0	-20074.5	1933.62	433.904
-1028.0	-20074.5	1931.92	436.771
-1028.0	-20074.5	1930.22	430.816
-1028.0	-20074.5	1928.51	432.213
-1028.0	-20074.5	1926.81	468.886
-1028.0	-20074.5	1925.11	429.126
-1028.0	-20074.5	1923.41	437.869
-1028.0	-20074.5	1921.71	443.671
-1028.0	-20074.5	1920.01	445.064
-1028.0	-20074.5	1918.31	440.581
-1028.0	-20074.5	1916.6	427.291
-1028.0	-20074.5	1914.9	437.494
-1028.0	-20074.5	1913.2	438.886
-1028.0	-20074.5	1911.49	419.732
-1028.0	-20074.5	1909.79	446.072
-1028.0	-20074.5	1908.09	415.186
-1028.0	-20074.5	1906.38	435.65
-1028.0	-20074.5	1904.68	434.108
-1028.0	-20074.5	1902.97	420.835
-1028.0	-20074.5	1901.27	448.618
-1028.0	-20074.5	1899.56	414.826
-1028.0	-20074.5	1897.85	407.426
-1028.0	-20074.5	1896.15	420.543
-1028.0	-20074.5	1894.44	430.725
-1028.0	-20074.5	1892.74	424.79
-1028.0	-20074.5	1891.03	434.968
-1028.0	-20074.5	1889.32	431.963
-1028.0	-20074.5	1887.61	437.743
-1028.0	-20074.5	1885.91	414.246
-1028.0	-20074.5	1884.2	437.589
-1028.0	-20074.5	1882.49	427.269
-1028.0	-20074.5	1880.78	438.898
-1028.0	-20074.5	1879.07	453.448
-1028.0	-20074.5	1877.36	432.893
-1028.0	-20074.5	1875.65	434.279
-1028.0	-20074.5	1873.94	422.506
-1028.0	-20074.5	1872.23	445.818
-1028.0	-20074.5	1870.52	409.203
-1028.0	-20074.5	1868.81	457.349
-1028.0	-20074.5	1867.1	441.198
-1028.0	-20074.5	1865.39	407.524
-1028.0	-20074.5	1863.68	429.357
-1028.0	-20074.5	1861.96	432.201
-1028.0	-20074.5	1860.25	426.284
-1028.0	-20074.5	1858.54	446.642
-1028.0	-20074.5	1856.82	437.806
-1028.0	-20074.5	1855.11	412.923
-1028.0	-20074.5	1853.4	420.143
-1028.0	-20074.5	1851.68	405.482
-1028.0	-20074.5	1849.97	473.949
-1028.0	-20074.5	1848.25	408.252
-1028.0	-20074.5	1846.54	412.551
-1028.0	-20074.5	1844.82	435.797
-1028.0	-20074.5	1843.11	431.346
-1028.0	-20074.5	1841.39	429.811
-1028.0	-20074.5	1839.68	409.339
-1028.0	-20074.5	1837.96	420.917
-1028.0	-20074.5	1836.24	416.471
-1028.0	-20074.5	1834.53	406.204
-1028.0	-20074.5	1832.81	403.219
-1028.0	-20074.5	1831.09	440.986
-1028.0	-20074.5	1829.37	427.809
-1028.0	-20074.5	1827.65	435.005
-1028.0	-20074.5	1825.94	433.471
-1028.0	-20074.5	1824.22	411.577
-1028.0	-20074.5	1822.5	398.415
-1028.0	-20074.5	1820.78	433.233
-1028.0	-20074.5	1819.06	415.711
-1028.0	-20074.5	1817.34	433.074
-1028.0	-20074.5	1815.62	411.199
-1028.0	-20074.5	1813.9	406.765
-1028.0	-20074.5	1812.18	422.667
-1028.0	-20074.5	1810.45	441.467
-1028.0	-20074.5	1808.73	406.54
-1028.0	-20074.5	1807.01	409.368
-1028.0	-20074.5	1805.29	400.584
-1028.0	-20074.5	1803.56	399.058
-1028.0	-20074.5	1801.84	410.591
-1028.0	-20074.5	1800.12	409.064
-1028.0	-20074.5	1798.39	408.988
-1028.0	-20074.5	1796.67	404.562
-1028.0	-20074.5	1794.95	410.285
-1028.0	-20074.5	1793.22	389.916
-1028.0	-20074.5	1791.5	424.625
-1028.0	-20074.5	1789.77	399.913
-1028.0	-20074.5	1788.04	438.953
-1028.0	-20074.5	1786.32	427.283
-1028.0	-20074.5	1784.59	430.099
-1028.0	-20074.5	1782.87	425.675
-1028.0	-20074.5	1781.14	429.938
-1028.0	-20074.5	1779.41	392.227
-1028.0	-20074.5	1777.68	413.859
-1028.0	-20074.5	1775.96	389.185
-1028.0	-20074.5	1774.23	387.666
-1028.0	-20074.5	1772.5	416.517
-1028.0	-20074.5	1770.77	416.439
-1028.0	-20074.5	1769.04	420.697
-1028.0	-20074.5	1767.31	407.609
-1028.0	-20074.5	1765.58	390.19
-1028.0	-20074.5	1763.85	408.899
-1028.0	-20074.5	1762.12	404.488
-1028.0	-20074.5	1760.39	417.41
-1028.0	-20074.5	1758.66	404.334
-1028.0	-20074.5	1756.93	381.157
-1028.0	-20074.5	1755.19	402.737
-1028.0	-20074.5	1753.46	412.762
-1028.0	-20074.5	1751.73	401.14
-1028.0	-20074.5	1750.0	408.277
-1028.0	-20074.5	1748.26	428.392
-1028.0	-20074.5	1746.53	408.121
-1028.0	-20074.5	1744.8	387.857
-1028.0	-20074.5	1743.06	416.614
-1028.0	-20074.5	1741.33	425.182
-1028.0	-20074.5	1739.59	394.839
-1028.0	-20074.5	1737.86	419.256
-1028.0	-20074.5	1736.12	406.211
-1028.0	-20074.5	1734.39	416.214
-1028.0	-20074.5	1732.65	427.653
-1028.0	-20074.5	1730.91	393.019
-1028.0	-20074.5	1729.18	411.655
-1028.0	-20074.5	1727.44	389.99
-1028.0	-20074.5	1725.7	401.425
-1028.0	-20074.5	1723.96	398.47
-1028.0	-20074.5	1722.23	444.417
-1028.0	-20074.5	1720.49	424.199
-1028.0	-20074.5	1718.75	416.928
-1028.0	-20074.5	1717.01	445.596
-1028.0	-20074.5	1715.27	406.707
-1028.0	-20074.5	1713.53	367.833
-1028.0	-20074.5	1711.79	416.604
-1028.0	-20074.5	1710.05	370.562
-1028.0	-20074.5	1708.31	427.93
-1028.0	-20074.5	1706.57	389.082
-1028.0	-20074.5	1704.82	396.183
-1028.0	-20074.5	1703.08	403.282
-1028.0	-20074.5	1701.34	387.419
-1028.0	-20074.5	1699.6	395.951
-1028.0	-20074.5	1697.85	415.954
-1028.0	-20074.5	1696.11	402.966
-1028.0	-20074.5	1694.37	385.682
-1028.0	-20074.5	1692.62	395.641
-1028.0	-20074.5	1690.88	364.033
-1028.0	-20074.5	1689.13	386.888
-1028.0	-20074.5	1687.39	399.706
-1028.0	-20074.5	1685.64	428.274
-1028.0	-20074.5	1683.9	396.684
-1028.0	-20074.5	1682.15	393.742
-1028.0	-20074.5	1680.41	405.117
-1028.0	-20074.5	1678.66	405.037
-1028.0	-20074.5	1676.91	390.647
-1028.0	-20074.5	1675.16	390.57
-1028.0	-20074.5	1673.42	401.936
-1028.0	-20074.5	1671.67	391.846
-1028.0	-20074.5	1669.92	423.224
-1028.0	-20074.5	1668.17	415.992
-1028.0	-20074.5	1666.42	384.466
-1028.0	-20074.5	1664.67	422.972
-1028.0	-20074.5	1662.92	365.741
-1028.0	-20074.5	1661.17	372.81
-1028.0	-20074.5	1659.42	412.723
-1028.0	-20074.5	1657.67	378.373
-1028.0	-20074.5	1655.92	388.29
-1028.0	-20074.5	1654.17	391.068
-1028.0	-20074.5	1652.42	415.248
-1028.0	-20074.5	1650.66	376.645
-1028.0	-20074.5	1648.91	377.996
-1028.0	-20074.5	1647.16	413.573
-1028.0	-20074.5	1645.41	416.342
-1028.0	-20074.5	1643.65	393.45
-1028.0	-20074.5	1641.9	427.577
-1028.0	-20074.5	1640.14	398.992
-1028.0	-20074.5	1638.39	391.789
-1028.0	-20074.5	1636.63	373.193
-1028.0	-20074.5	1634.88	384.511
-1028.0	-20074.5	1633.12	378.738
-1028.0	-20074.5	1631.37	381.509
-1028.0	-20074.5	1629.61	408.474
-1028.0	-20074.5	1627.85	392.739
-1028.0	-20074.5	1626.09	392.66
-1028.0	-20074.5	1624.34	399.693
-1028.0	-20074.5	1622.58	391.079
-1028.0	-20074.5	1620.82	373.939
-1028.0	-20074.5	1619.06	390.921
-1028.0	-20074.5	1617.3	399.37
-1028.0	-20074.5	1615.54	386.5
-1028.0	-20074.5	1613.78	396.367
-1028.0	-20074.5	1612.02	394.866
-1028.0	-20074.5	1610.26	413.247
-1028.0	-20074.5	1608.5	386.187
-1028.0	-20074.5	1606.74	405.982
-1028.0	-20074.5	1604.98	383.192
-1028.0	-20074.5	1603.22	420.006
-1028.0	-20074.5	1601.46	411.409
-1028.0	-20074.5	1599.69	392.887
-1028.0	-20074.5	1597.93	382.88
-1028.0	-20074.5	1596.17	379.967
-1028.0	-20074.5	1594.4	357.209
-1028.0	-20074.5	1592.64	408.156
-1028.0	-20074.5	1590.88	406.656
-1028.0	-20074.5	1589.11	361.24
-1028.0	-20074.5	1587.35	388.077
-1028.0	-20074.5	1585.58	376.669
-1028.0	-20074.5	1583.81	378.008
-1028.0	-20074.5	1582.05	370.853
-1028.0	-20074.5	1580.28	400.496
-1028.0	-20074.5	1578.51	400.414
-1028.0	-20074.5	1576.75	367.796
-1028.0	-20074.5	1574.98	371.963
-1028.0	-20074.5	1573.21	393.097
-1028.0	-20074.5	1571.44	395.844
-1028.0	-20074.5	1569.67	364.667
-1028.0	-20074.5	1567.91	367.418
-1028.0	-20074.5	1566.14	371.581
-1028.0	-20074.5	1564.37	375.743
-1028.0	-20074.5	1562.6	391.2
-1028.0	-20074.5	1560.83	406.651
-1028.0	-20074.5	1559.05	386.804
-1028.0	-20074.5	1557.28	395.192
-1028.0	-20074.5	1555.51	354.189
-1028.0	-20074.5	1553.74	382.332
-1028.0	-20074.5	1551.97	380.842
-1028.0	-20074.5	1550.19	369.482
-1028.0	-20074.5	1548.42	377.865
-1028.0	-20074.5	1546.65	386.244
-1028.0	-20074.5	1544.87	372.071
-1028.0	-20074.5	1543.1	401.584
-1028.0	-20074.5	1541.32	378.961
-1028.0	-20074.5	1539.55	380.29
-1028.0	-20074.5	1537.77	364.721
-1028.0	-20074.5	1536.0	380.132
-1028.0	-20074.5	1534.22	385.684
-1028.0	-20074.5	1532.45	387.011
-1028.0	-20074.5	1530.67	341.906
-1028.0	-20074.5	1528.89	372.783
-1028.0	-20074.5	1527.11	353.015
-1028.0	-20074.5	1525.34	376.846
-1028.0	-20074.5	1523.56	348.65
-1028.0	-20074.5	1521.78	366.85
-1028.0	-20074.5	1520.0	396.284
-1028.0	-20074.5	1518.22	363.887
-1028.0	-20074.5	1516.44	368.025
-1028.0	-20074.5	1514.66	359.522
-1028.0	-20074.5	1512.88	376.296
-1028.0	-20074.5	1511.1	359.371
-1028.0	-20074.5	1509.32	397.191
-1028.0	-20074.5	1507.54	367.64
-1028.0	-20074.5	1505.76	371.772
-1028.0	-20074.5	1503.97	370.291
-1028.0	-20074.5	1502.19	357.593
-1028.0	-20074.5	1500.41	356.116
-1028.0	-20074.5	1498.62	372.862
-1028.0	-20074.5	1496.84	351.762
-1028.0	-20074.5	1495.06	351.688
-1028.0	-20074.5	1493.27	375.428
-1028.0	-20074.5	1491.49	344.537
-1028.0	-20074.5	1489.7	329.062
-1028.0	-20074.5	1487.91	351.392
-1028.0	-20074.5	1486.13	359.716
-1028.0	-20074.5	1484.34	363.838
-1028.0	-20074.5	1482.55	359.565
-1028.0	-20074.5	1480.77	365.084
-1028.0	-20074.5	1478.98	377.593
-1028.0	-20074.5	1477.19	346.753
-1028.0	-20074.5	1475.4	387.219
-1028.0	-20074.5	1473.61	361.98
-1028.0	-20074.5	1471.83	352.123
-1028.0	-20074.5	1470.04	354.842
-1028.0	-20074.5	1468.25	354.767
-1028.0	-20074.5	1466.46	360.278
-1028.0	-20074.5	1464.67	365.786
-1028.0	-20074.5	1462.87	376.875
-1028.0	-20074.5	1461.08	365.631
-1028.0	-20074.5	1459.29	354.392
-1028.0	-20074.5	1457.5	347.342
-1028.0	-20074.5	1455.71	393.292
-1028.0	-20074.5	1453.91	343.011
-1028.0	-20074.5	1452.12	380.578
-1028.0	-20074.5	1450.33	352.622
-1028.0	-20074.5	1448.53	384.597
-1028.0	-20074.5	1446.74	339.933
-1028.0	-20074.5	1444.94	331.504
-1028.0	-20074.5	1443.15	359.285
-1028.0	-20074.5	1441.35	367.562
-1028.0	-20074.5	1439.56	391.147
-1028.0	-20074.5	1437.76	398.023
-1028.0	-20074.5	1435.96	353.413
-1028.0	-20074.5	1434.17	354.729
-1028.0	-20074.5	1432.37	349.09
-1028.0	-20074.5	1430.57	382.388
-1028.0	-20074.5	1428.77	314.186
-1028.0	-20074.5	1426.97	336.357
-1028.0	-20074.5	1425.17	358.519
-1028.0	-20074.5	1423.37	355.664
-1028.0	-20074.5	1421.58	359.755
-1028.0	-20074.5	1419.77	349.957
-1028.0	-20074.5	1417.97	367.931
-1028.0	-20074.5	1416.17	348.419
-1028.0	-20074.5	1414.37	392.755
-1028.0	-20074.5	1412.57	363.532
-1028.0	-20074.5	1410.77	353.744
-1028.0	-20074.5	1408.97	353.668
-1028.0	-20074.5	1407.16	363.299
-1028.0	-20074.5	1405.36	354.903
-1028.0	-20074.5	1403.56	372.845
-1028.0	-20074.5	1401.75	346.436
-1028.0	-20074.5	1399.95	338.049
-1028.0	-20074.5	1398.14	339.361
-1028.0	-20074.5	1396.34	361.446
-1028.0	-20074.5	1394.53	369.675
-1028.0	-20074.5	1392.73	354.369
-1028.0	-20074.5	1390.92	358.444
-1028.0	-20074.5	1389.11	376.355
-1028.0	-20074.5	1387.3	358.29
-1028.0	-20074.5	1385.5	327.785
-1028.0	-20074.5	1383.69	352.605
-1028.0	-20074.5	1381.88	349.764
-1028.0	-20074.5	1380.07	370.421
-1028.0	-20074.5	1378.26	362.049
-1028.0	-20074.5	1376.45	335.721
-1028.0	-20074.5	1374.64	360.512
-1028.0	-20074.5	1372.83	354.91
-1028.0	-20074.5	1371.02	342.407
-1028.0	-20074.5	1369.21	358.898
-1028.0	-20074.5	1367.4	356.06
-1028.0	-20074.5	1365.59	386.338
-1028.0	-20074.5	1363.78	369.701
-1028.0	-20074.5	1361.96	346.174
-1028.0	-20074.5	1360.15	369.54
-1028.0	-20074.5	1358.34	354.296
-1028.0	-20074.5	1356.52	339.058
-1028.0	-20074.5	1354.71	361.032
-1028.0	-20074.5	1352.89	363.709
-1028.0	-20074.5	1351.08	374.65
-1028.0	-20074.5	1349.26	336.01
-1028.0	-20074.5	1347.45	348.328
-1028.0	-20074.5	1345.63	353.758
-1028.0	-20074.5	1343.81	316.524
-1028.0	-20074.5	1342.0	339.846
-1028.0	-20074.5	1340.18	332.894
-1028.0	-20074.5	1338.36	346.574
-1028.0	-20074.5	1336.54	354.749
-1028.0	-20074.5	1334.73	336.801
-1028.0	-20074.5	1332.91	355.969
-1028.0	-20074.5	1331.09	349.021
-1028.0	-20074.5	1329.27	340.702
-1028.0	-20074.5	1327.45	337.881
-1028.0	-20074.5	1325.63	354.285
-1028.0	-20074.5	1323.81	352.835
-1028.0	-20074.5	1321.98	358.249
-1028.0	-20074.5	1320.16	333.469
-1028.0	-20074.5	1318.34	327.908
-1028.0	-20074.5	1316.52	363.501
-1028.0	-20074.5	1314.7	353.822
-1028.0	-20074.5	1312.87	341.405
-1028.0	-20074.5	1311.05	356.409
-1028.0	-20074.5	1309.22	331.662
-1028.0	-20074.5	1307.4	312.406
-1028.0	-20074.5	1305.57	330.147
-1028.0	-20074.5	1303.75	315.009
-1028.0	-20074.5	1301.92	332.741
-1028.0	-20074.5	1300.1	329.93
-1028.0	-20074.5	1298.27	351.757
-1028.0	-20074.5	1296.44	361.259
-1028.0	-20074.5	1294.62	352.971
-1028.0	-20074.5	1292.79	340.583
-1028.0	-20074.5	1290.96	359.654
-1028.0	-20074.5	1289.13	340.434
-1028.0	-20074.5	1287.3	354.028
-1028.0	-20074.5	1285.47	336.185
-1028.0	-20074.5	1283.64	332.012
-1028.0	-20074.5	1281.81	374.285
-1028.0	-20074.5	1279.98	350.986
-1028.0	-20074.5	1278.15	327.697
-1028.0	-20074.5	1276.32	335.816
-1028.0	-20074.5	1274.49	335.742
-1028.0	-20074.5	1272.66	328.845
-1028.0	-20074.5	1270.82	338.323
-1028.0	-20074.5	1268.99	357.343
-1028.0	-20074.5	1267.16	324.538
-1028.0	-20074.5	1265.32	349.006
-1028.0	-20074.5	1263.49	318.943
-1028.0	-20074.5	1261.66	354.303
-1028.0	-20074.5	1259.82	351.5
-1028.0	-20074.5	1257.98	343.25
-1028.0	-20074.5	1256.15	329.556
-1028.0	-20074.5	1254.31	344.46
-1028.0	-20074.5	1252.48	340.3
-1028.0	-20074.5	1250.64	342.947
-1028.0	-20074.5	1248.8	355.117
-1028.0	-20074.5	1246.96	341.435
-1028.0	-20074.5	1245.13	337.28
-1028.0	-20074.5	1243.29	361.68
-1028.0	-20074.5	1241.45	343.928
-1028.0	-20074.5	1239.61	356.083
-1028.0	-20074.5	1237.77	354.646
-1028.0	-20074.5	1235.93	340.983
-1028.0	-20074.5	1234.09	357.205
-1028.0	-20074.5	1232.25	367.99
-1028.0	-20074.5	1230.41	346.187
-1028.0	-20074.5	1228.56	318.964
-1028.0	-20074.5	1226.72	325.678
-1028.0	-20074.5	1224.88	317.466
-1028.0	-20074.5	1223.04	318.752
-1028.0	-20074.5	1221.19	325.462
-1028.0	-20074.5	1219.35	368.775
-1028.0	-20074.5	1217.5	314.474
-1028.0	-20074.5	1215.66	365.901
-1028.0	-20074.5	1213.81	334.657
-1028.0	-20074.5	1211.97	349.484
-1028.0	-20074.5	1210.12	353.469
-1028.0	-20074.5	1208.28	361.514
-1028.0	-20074.5	1206.43	328.946
-1028.0	-20074.5	1204.58	324.812
-1028.0	-20074.5	1202.73	355.861
-1028.0	-20074.5	1200.89	339.549
-1028.0	-20074.5	1199.04	336.768
-1028.0	-20074.5	1197.19	356.976
-1028.0	-20074.5	1195.34	314.988
-1028.0	-20074.5	1193.49	346.004
-1028.0	-20074.5	1191.64	355.386
-1028.0	-20074.5	1189.79	324.235
-1028.0	-20074.5	1187.94	325.513
-1028.0	-20074.5	1186.09	353.799
-1028.0	-20074.5	1184.23	309.167
-1028.0	-20074.5	1182.38	353.641
-1028.0	-20074.5	1180.53	353.562
-1028.0	-20074.5	1178.68	333.246
-1028.0	-20074.5	1176.82	341.264
-1028.0	-20074.5	1174.97	330.4
-1028.0	-20074.5	1173.12	339.764
-1028.0	-20074.5	1171.26	343.732
-1028.0	-20074.5	1169.41	336.917
-1028.0	-20074.5	1167.55	324.715
-1028.0	-20074.5	1165.69	338.114
-1028.0	-20074.5	1163.84	352.852
-1028.0	-20074.5	1161.98	335.269
-1028.0	-20074.5	1160.12	320.387
-1028.0	-20074.5	1158.27	314.932
-1028.0	-20074.5	1156.41	340.427
-1028.0	-20074.5	1154.55	339.005
-1028.0	-20074.5	1152.69	338.93
-1028.0	-20074.5	1150.83	352.3
-1028.0	-20074.5	1148.97	353.566
-1028.0	-20074.5	1147.11	350.799
-1028.0	-20074.5	1145.25	335.939
-1028.0	-20074.5	1143.39	337.207
-1028.0	-20074.5	1141.53	349.22
-1028.0	-20074.5	1139.67	357.199
-1028.0	-20074.5	1137.81	342.35
-1028.0	-20074.5	1135.94	343.616
-1028.0	-20074.5	1134.08	332.803
-1028.0	-20074.5	1132.22	352.853
-1028.0	-20074.5	1130.35	343.385
-1028.0	-20074.5	1128.49	332.579
-1028.0	-20074.5	1126.62	363.342
-1028.0	-20074.5	1124.76	360.579
-1028.0	-20074.5	1122.89	340.396
-1028.0	-20074.5	1121.03	329.601
-1028.0	-20074.5	1119.16	340.243
-1028.0	-20074.5	1117.3	333.47
-1028.0	-20074.5	1115.43	354.818
-1028.0	-20074.5	1113.56	357.416
-1028.0	-20074.5	1111.69	333.245
-1028.0	-20074.5	1109.82	357.255
-1028.0	-20074.5	1107.96	347.811
-1028.0	-20074.5	1106.09	350.407
-1028.0	-20074.5	1104.22	358.351
-1028.0	-20074.5	1102.35	339.555
-1028.0	-20074.5	1100.48	355.517
-1028.0	-20074.5	1098.61	367.463
-1028.0	-20074.5	1096.73	356.692
-1028.0	-20074.5	1094.86	357.948
-1028.0	-20074.5	1092.99	333.831
-1028.0	-20074.5	1091.12	345.771
-1028.0	-20074.5	1089.24	314.994
-1028.0	-20074.5	1087.37	354.956
-1028.0	-20074.5	1085.5	337.532
-1028.0	-20074.5	1083.62	338.79
-1028.0	-20074.5	1081.75	337.38
-1028.0	-20074.5	1079.87	339.97
-1028.0	-20074.5	1078.0	349.224
-1028.0	-20074.5	1076.12	326.49
-1028.0	-20074.5	1074.24	335.743
-1028.0	-20074.5	1072.37	344.991
-1028.0	-20074.5	1070.49	362.225
-1028.0	-20074.5	1068.61	358.149
-1028.0	-20074.5	1066.73	340.764
-1028.0	-20074.5	1064.86	331.371
-1028.0	-20074.5	1062.98	365.889
-1028.0	-20074.5	1061.1	357.825
-1028.0	-20074.5	1059.22	329.816
-1028.0	-20074.5	1057.34	353.674
-1028.0	-20074.5	1055.46	412.083
-1028.0	-20074.5	1053.58	357.501
-1028.0	-20074.5	1051.69	348.119
-1028.0	-20074.5	1049.81	345.383
-1028.0	-20074.5	1047.93	333.352
-1028.0	-20074.5	1046.05	353.194
-1028.0	-20074.5	1044.16	334.529
-1028.0	-20074.5	1042.28	351.706
-1028.0	-20074.5	1040.4	334.377
-1028.0	-20074.5	1038.51	360.833
-1028.0	-20074.5	1036.63	359.425
-1028.0	-20074.5	1034.74	380.559
-1028.0	-20074.5	1032.86	363.238
-1028.0	-20074.5	1030.97	384.362
-1028.0	-20074.5	1029.08	373.674
-1028.0	-20074.5	1027.2	418.632
-1028.0	-20074.5	1025.31	398.669
-1028.0	-20074.5	1023.42	403.875
-1028.0	-20074.5	1021.53	422.318
-1028.0	-20074.5	1019.64	415.604
-1028.0	-20074.5	1017.75	406.246
-1028.0	-20074.5	1015.86	418.061
-1028.0	-20074.5	1013.97	404.739
-1028.0	-20074.5	1012.08	420.515
-1028.0	-20074.5	1010.19	437.606
-1028.0	-20074.5	1008.3	419.002
-1028.0	-20074.5	1006.41	437.407
-1028.0	-20074.5	1004.52	455.804
-1028.0	-20074.5	1002.62	479.476
-1028.0	-20074.5	1000.73	483.328
-1028.0	-20074.5	998.837	495.1
-1028.0	-20074.5	996.943	520.067
-1028.0	-20074.5	995.049	531.825
-1028.0	-20074.5	993.154	522.468
-1028.0	-20074.5	991.258	577.749
-1028.0	-20074.5	989.363	607.949
-1028.0	-20074.5	987.467	631.542
-1028.0	-20074.5	985.57	689.397
-1028.0	-20074.5	983.673	693.193
-1028.0	-20074.5	981.776	737.832
-1028.0	-20074.5	979.878	760.057
-1028.0	-20074.5	977.979	750.664
-1028.0	-20074.5	976.081	688.61
-1028.0	-20074.5	974.181	733.208
-1028.0	-20074.5	972.282	722.512
-1028.0	-20074.5	970.382	690.769
-1028.0	-20074.5	968.481	709.027
-1028.0	-20074.5	966.58	732.537
-1028.0	-20074.5	964.679	746.833
-1028.0	-20074.5	962.777	700.653
-1028.0	-20074.5	960.875	720.206
-1028.0	-20074.5	958.972	727.925
-1028.0	-20074.5	957.069	681.78
-1028.0	-20074.5	955.166	697.384
-1028.0	-20074.5	953.262	693.285
-1028.0	-20074.5	951.357	703.628
-1028.0	-20074.5	949.452	744.152
-1028.0	-20074.5	947.547	721.675
-1028.0	-20074.5	945.641	651.982
-1028.0	-20074.5	943.735	706.917
-1028.0	-20074.5	941.829	710.688
-1028.0	-20074.5	939.922	672.508
-1028.0	-20074.5	938.014	656.626
-1028.0	-20074.5	936.106	590.959
-1028.0	-20074.5	934.198	592.133
-1028.0	-20074.5	932.289	577.59
-1028.0	-20074.5	930.38	515.914
-1028.0	-20074.5	928.47	500.086
-1028.0	-20074.5	926.56	454.162
-1028.0	-20074.5	924.649	450.132
-1028.0	-20074.5	922.738	430.405
-1028.0	-20074.5	920.827	417.227
-1028.0	-20074.5	918.915	421.054
-1028.0	-20074.5	917.003	403.961
-1028.0	-20074.5	915.09	415.632
-1028.0	-20074.5	913.177	399.855
-1028.0	-20074.5	911.263	425.891
-1028.0	-20074.5	909.349	400.977
-1028.0	-20074.5	907.435	393.05
-1028.0	-20074.5	905.52	399.487
-1028.0	-20074.5	903.604	394.174
-1028.0	-20074.5	901.688	391.473
-1028.0	-20074.5	899.772	374.423
-1028.0	-20074.5	897.855	375.64
-1028.0	-20074.5	895.938	417.282
-1028.0	-20074.5	894.021	398.934
-1028.0	-20074.5	892.103	396.235
-1028.0	-20074.5	890.184	393.537
-1028.0	-20074.5	888.265	392.143
-1028.0	-20074.5	886.346	393.355
-1028.0	-20074.5	884.426	390.66
-1028.0	-20074.5	882.506	402.286
-1028.0	-20074.5	880.585	417.812
-1028.0	-20074.5	878.664	395.594
-1028.0	-20074.5	876.742	409.813
-1028.0	-20074.5	874.82	403.215
-1028.0	-20074.5	872.898	391.418
-1028.0	-20074.5	870.975	362.725
-1028.0	-20074.5	869.051	383.438
-1028.0	-20074.5	867.127	419.735
-1028.0	-20074.5	865.203	397.551
-1028.0	-20074.5	863.278	403.953
-1028.0	-20074.5	861.353	398.665
-1028.0	-20074.5	859.428	376.502
-1028.0	-20074.5	857.502	398.48
-1028.0	-20074.5	855.575	407.472
-1028.0	-20074.5	853.648	398.295
-1028.0	-20074.5	851.721	393.015
-1028.0	-20074.5	849.793	392.923
-1028.0	-20074.5	847.865	386.35
-1028.0	-20074.5	845.936	372.002
-1028.0	-20074.5	844.007	391.354
-1028.0	-20074.5	842.077	392.558
-1028.0	-20074.5	840.147	401.534
-1028.0	-20074.5	838.216	409.21
-1028.0	-20074.5	836.285	407.82
-1028.0	-20074.5	834.354	392.193
-1028.0	-20074.5	832.422	416.689
-1028.0	-20074.5	830.49	416.592
-1028.0	-20074.5	828.557	368.637
-1028.0	-20074.5	826.624	397.0
-1028.0	-20074.5	824.69	413.715
-1028.0	-20074.5	822.756	417.496
-1028.0	-20074.5	820.821	412.23
-1028.0	-20074.5	818.886	405.674
-1028.0	-20074.5	816.951	419.788
-1028.0	-20074.5	815.015	430.021
-1028.0	-20074.5	813.078	419.592
-1028.0	-20074.5	811.141	402.714
-1028.0	-20074.5	809.204	400.039
-1028.0	-20074.5	807.266	408.977
-1028.0	-20074.5	805.328	397.272
-1028.0	-20074.5	803.389	428.129
-1028.0	-20074.5	801.45	416.425
-1028.0	-20074.5	799.511	413.75
-1028.0	-20074.5	797.571	391.746
-1028.0	-20074.5	795.63	404.538
-1028.0	-20074.5	793.689	391.563
-1028.0	-20074.5	791.748	394.047
-1028.0	-20074.5	789.806	396.53
-1028.0	-20074.5	787.864	397.724
-1028.0	-20074.5	785.921	416.933
-1028.0	-20074.5	783.978	412.976
-1028.0	-20074.5	782.034	424.455
-1028.0	-20074.5	780.09	405.067
-1028.0	-20074.5	778.145	419.113
-1028.0	-20074.5	776.2	392.023
-1028.0	-20074.5	774.255	379.081
-1028.0	-20074.5	772.309	402.117
-1028.0	-20074.5	770.362	386.61
-1028.0	-20074.5	768.416	412.201
-1028.0	-20074.5	766.468	380.009
-1028.0	-20074.5	764.52	370.935
-1028.0	-20074.5	762.572	388.813
-1028.0	-20074.5	760.624	414.38
-1028.0	-20074.5	758.674	397.608
-1028.0	-20074.5	756.725	388.538
-1028.0	-20074.5	754.775	407.677
-1028.0	-20074.5	752.824	408.863
-1028.0	-20074.5	750.873	402.36
-1028.0	-20074.5	748.922	385.61
-1028.0	-20074.5	746.97	386.8
-1028.0	-20074.5	745.017	391.831
-1028.0	-20074.5	743.065	393.019
-1028.0	-20074.5	741.111	382.687
-1028.0	-20074.5	739.158	392.834
-1028.0	-20074.5	737.203	391.462
-1028.0	-20074.5	735.249	419.507
-1028.0	-20074.5	733.294	400.228
-1028.0	-20074.5	731.338	393.741
-1028.0	-20074.5	729.382	377.033
-1028.0	-20074.5	727.425	401.222
-1028.0	-20074.5	725.468	379.41
-1028.0	-20074.5	723.511	378.043
-1028.0	-20074.5	721.553	389.445
-1028.0	-20074.5	719.595	400.842
-1028.0	-20074.5	717.636	384.156
-1028.0	-20074.5	715.676	390.445
-1028.0	-20074.5	713.717	373.769
-1028.0	-20074.5	711.756	386.434
-1028.0	-20074.5	709.796	392.718
-1028.0	-20074.5	707.835	382.426
-1028.0	-20074.5	705.873	392.531
-1028.0	-20074.5	703.911	388.616
-1028.0	-20074.5	701.948	371.963
-1028.0	-20074.5	699.985	402.44
-1028.0	-20074.5	698.022	381.973
-1028.0	-20074.5	696.058	365.334
-1028.0	-20074.5	694.093	400.881
-1028.0	-20074.5	692.129	379.156
-1028.0	-20074.5	690.163	375.25
-1028.0	-20074.5	688.197	387.878
-1028.0	-20074.5	686.231	425.928
-1028.0	-20074.5	684.264	392.778
-1028.0	-20074.5	682.297	382.518
-1028.0	-20074.5	680.329	405.296
-1028.0	-20074.5	678.361	403.929
-1028.0	-20074.5	676.393	421.612
-1028.0	-20074.5	674.423	418.972
-1028.0	-20074.5	672.454	423.949
-1028.0	-20074.5	670.484	413.696
-1028.0	-20074.5	668.513	422.478
-1028.0	-20074.5	666.542	417.304
-1028.0	-20074.5	664.571	401.987
-1028.0	-20074.5	662.599	408.23
-1028.0	-20074.5	660.627	423.342
-1028.0	-20074.5	658.654	415.638
-1028.0	-20074.5	656.68	428.208
-1028.0	-20074.5	654.707	434.438
-1028.0	-20074.5	652.732	419.139
-1028.0	-20074.5	650.758	426.634
-1028.0	-20074.5	648.782	424.001
-1028.0	-20074.5	646.807	394.796
-1028.0	-20074.5	644.83	407.352
-1028.0	-20074.5	642.854	411.048
-1028.0	-20074.5	640.877	404.628
-1028.0	-20074.5	638.899	385.568
-1028.0	-20074.5	636.921	408.225
-1028.0	-20074.5	634.942	394.228
-1028.0	-20074.5	632.963	425.715
-1028.0	-20074.5	630.984	400.353
-1028.0	-20074.5	629.004	419.197
-1028.0	-20074.5	627.023	402.686
-1028.0	-20074.5	625.042	406.375
-1028.0	-20074.5	623.061	416.371
-1028.0	-20074.5	621.079	437.715
-1028.0	-20074.5	619.097	427.521
-1028.0	-20074.5	617.114	397.158
-1028.0	-20074.5	615.131	423.533
-1028.0	-20074.5	613.147	405.788
-1028.0	-20074.5	611.163	435.928
-1028.0	-20074.5	609.178	432.044
-1028.0	-20074.5	607.193	433.199
-1028.0	-20074.5	605.207	414.21
-1028.0	-20074.5	603.221	407.816
-1028.0	-20074.5	601.234	402.684
-1028.0	-20074.5	599.247	391.264
-1028.0	-20074.5	597.259	430.161
-1028.0	-20074.5	595.271	414.967
-1028.0	-20074.5	593.283	418.638
-1028.0	-20074.5	591.294	392.143
-1028.0	-20074.5	589.304	427.232
-1028.0	-20074.5	587.314	420.847
-1028.0	-20074.5	585.323	409.441
-1028.0	-20074.5	583.332	399.297
-1028.0	-20074.5	581.341	409.243
-1028.0	-20074.5	579.349	405.378
-1028.0	-20074.5	577.357	390.223
-1028.0	-20074.5	575.364	425.253
-1028.0	-20074.5	573.37	412.608
-1028.0	-20074.5	571.376	427.554
-1028.0	-20074.5	569.382	422.436
-1028.0	-20074.5	567.387	417.32
-1028.0	-20074.5	565.392	419.724
-1028.0	-20074.5	563.396	414.612
-1028.0	-20074.5	561.399	445.818
-1028.0	-20074.5	559.403	456.978
-1028.0	-20074.5	557.405	440.594
-1028.0	-20074.5	555.408	459.258
-1028.0	-20074.5	553.409	455.393
-1028.0	-20074.5	551.411	426.514
-1028.0	-20074.5	549.411	460.172
-1028.0	-20074.5	547.412	481.313
-1028.0	-20074.5	545.411	496.193
-1028.0	-20074.5	543.411	512.316
-1028.0	-20074.5	541.409	570.906
-1028.0	-20074.5	539.408	568.268
-1028.0	-20074.5	537.406	605.588
-1028.0	-20074.5	535.403	694.072
-1028.0	-20074.5	533.4	782.511
-1028.0	-20074.5	531.396	915.825
-1028.0	-20074.5	529.392	1113.94
-1028.0	-20074.5	527.387	1512.74
-1028.0	-20074.5	525.382	2641.97
-1028.0	-20074.5	523.376	5768.78
-1028.0	-20074.5	521.37	11375.2
-1028.0	-20074.5	519.364	11322.6
-1028.0	-20074.5	517.357	6485.72
-1028.0	-20074.5	515.349	3455.63
-1028.0	-20074.5	513.341	2107.72
-1028.0	-20074.5	511.332	1416.42
-1028.0	-20074.5	509.323	1129.87
-1028.0	-20074.5	507.314	934.278
-1028.0	-20074.5	505.304	786.043
-1028.0	-20074.5	503.293	721.191
-1028.0	-20074.5	501.282	686.205
-1028.0	-20074.5	499.27	631.352
-1028.0	-20074.5	497.258	597.648
-1028.0	-20074.5	495.246	580.11
-1028.0	-20074.5	493.233	542.71
-1028.0	-20074.5	491.219	510.294
-1028.0	-20074.5	489.205	513.892
-1028.0	-20074.5	487.191	496.391
-1028.0	-20074.5	485.176	493.787
-1028.0	-20074.5	483.16	449.011
-1028.0	-20074.5	481.144	479.902
-1028.0	-20074.5	479.128	481.022
-1028.0	-20074.5	477.111	440.002
-1028.0	-20074.5	475.093	460.958
-1028.0	-20074.5	473.075	458.366
-1028.0	-20074.5	471.056	459.49
-1028.0	-20074.5	469.037	413.562
-1028.0	-20074.5	467.018	453.072
-1028.0	-20074.5	464.998	467.811
-1028.0	-20074.5	462.977	438.0
-1028.0	-20074.5	460.956	427.995
-1028.0	-20074.5	458.935	429.125
-1028.0	-20074.5	456.913	435.2
-1028.0	-20074.5	454.89	441.272
-1028.0	-20074.5	452.867	422.625
-1028.0	-20074.5	450.843	423.755
-1028.0	-20074.5	448.819	450.822
-1028.0	-20074.5	446.795	428.483
-1028.0	-20074.5	444.77	449.363
-1028.0	-20074.5	442.744	440.611
-1028.0	-20074.5	440.718	441.735
-1028.0	-20074.5	438.691	457.661
-1028.0	-20074.5	436.664	441.513
-1028.0	-20074.5	434.637	441.403
-1028.0	-20074.5	432.608	448.688
-1028.0	-20074.5	430.58	448.576
-1028.0	-20074.5	428.551	474.336
-1028.0	-20074.5	426.521	448.35
-1028.0	-20074.5	424.491	463.015
-1028.0	-20074.5	422.46	445.663
-1028.0	-20074.5	420.429	432.012
-1028.0	-20074.5	418.397	439.286
-1028.0	-20074.5	416.365	445.327
-1028.0	-20074.5	414.332	442.755
-1028.0	-20074.5	412.299	469.694
-1028.0	-20074.5	410.265	478.18
-1028.0	-20074.5	408.231	451.023
-1028.0	-20074.5	406.196	453.366
-1028.0	-20074.5	404.161	445.882
-1028.0	-20074.5	402.125	454.365
-1028.0	-20074.5	400.089	453.023
-1028.0	-20074.5	398.052	449.226
-1028.0	-20074.5	396.015	455.248
-1028.0	-20074.5	393.977	463.72
-1028.0	-20074.5	391.938	457.47
-1028.0	-20074.5	389.899	448.771
-1028.0	-20074.5	387.86	478.077
-1028.0	-20074.5	385.82	459.573
-1028.0	-20074.5	383.78	471.708
-1028.0	-20074.5	381.739	470.364
-1028.0	-20074.5	379.697	454.324
-1028.0	-20074.5	377.655	452.985
-1028.0	-20074.5	375.613	450.421
-1028.0	-20074.5	373.57	458.872
-1028.0	-20074.5	371.526	451.415
-1028.0	-20074.5	369.482	474.538
-1028.0	-20074.5	367.437	468.303
-1028.0	-20074.5	365.392	470.629
-1028.0	-20074.5	363.346	443.622
-1028.0	-20074.5	361.3	510.707
-1028.0	-20074.5	359.254	469.047
-1028.0	-20074.5	357.206	454.273
-1028.0	-20074.5	355.159	473.69
-1028.0	-20074.5	353.11	465.025
-1028.0	-20074.5	351.062	489.31
-1028.0	-20074.5	349.012	505.044
-1028.0	-20074.5	346.962	482.962
-1028.0	-20074.5	344.912	497.469
-1028.0	-20074.5	342.861	480.276
-1028.0	-20074.5	340.81	482.59
-1028.0	-20074.5	338.758	449.57
-1028.0	-20074.5	336.705	473.815
-1028.0	-20074.5	334.652	500.483
-1028.0	-20074.5	332.599	507.659
-1028.0	-20074.5	330.545	457.627
-1028.0	-20074.5	328.49	487.928
-1028.0	-20074.5	326.435	499.967
-1028.0	-20074.5	324.379	493.757
-1028.0	-20074.5	322.323	488.766
-1028.0	-20074.5	320.266	476.485
-1028.0	-20074.5	318.209	510.388
-1028.0	-20074.5	316.151	533.338
-1028.0	-20074.5	314.093	538.059
-1028.0	-20074.5	312.034	522.134
-1028.0	-20074.5	309.975	526.854
-1028.0	-20074.5	307.915	532.786
-1028.0	-20074.5	305.854	542.354
-1028.0	-20074.5	303.793	511.888
-1028.0	-20074.5	301.732	536.009
-1028.0	-20074.5	299.67	554.055
-1028.0	-20074.5	297.607	528.457
-1028.0	-20074.5	295.544	496.814
-1028.0	-20074.5	293.48	519.702
-1028.0	-20074.5	291.416	536.522
-1028.0	-20074.5	289.351	497.637
-1028.0	-20074.5	287.286	481.771
-1028.0	-20074.5	285.22	481.645
-1028.0	-20074.5	283.154	476.679
-1028.0	-20074.5	281.087	466.878
-1028.0	-20074.5	279.019	481.267
-1028.0	-20074.5	276.951	493.23
-1028.0	-20074.5	274.883	483.432
-1028.0	-20074.5	272.814	484.513
-1028.0	-20074.5	270.744	474.723
-1028.0	-20074.5	268.674	472.183
-1028.0	-20074.5	266.603	492.583
-1028.0	-20074.5	264.532	492.453
-1028.0	-20074.5	262.46	474.224
-1028.0	-20074.5	260.388	476.511
-1028.0	-20074.5	258.315	486.034
-1028.0	-20074.5	256.241	482.289
-1028.0	-20074.5	254.167	458.054
-1028.0	-20074.5	252.093	467.573
-1028.0	-20074.5	250.018	506.002
-1028.0	-20074.5	247.942	468.531
-1028.0	-20074.5	245.866	464.794
-1028.0	-20074.5	243.789	486.34
-1028.0	-20074.5	241.712	464.548
-1028.0	-20074.5	239.634	482.473
-1028.0	-20074.5	237.556	487.156
-1028.0	-20074.5	235.477	470.191
-1028.0	-20074.5	233.397	470.066
-1028.0	-20074.5	231.317	493.979
-1028.0	-20074.5	229.237	474.623
-1028.0	-20074.5	227.155	472.094
-1028.0	-20074.5	225.074	468.365
-1028.0	-20074.5	222.991	445.429
-1028.0	-20074.5	220.909	466.915
-1028.0	-20074.5	218.825	455.991
-1028.0	-20074.5	216.741	436.674
-1028.0	-20074.5	214.657	432.96
-1028.0	-20074.5	212.572	434.043
-1028.0	-20074.5	210.486	468.689
-1028.0	-20074.5	208.4	452.984
-1028.0	-20074.5	206.313	434.892
-1028.0	-20074.5	204.226	422.798
-1028.0	-20074.5	202.138	462.199
-1028.0	-20074.5	200.05	476.44
-1028.0	-20074.5	197.961	439.212
-1028.0	-20074.5	195.871	437.898
-1028.0	-20074.5	193.781	432.995
-1028.0	-20074.5	191.691	429.291
-1028.0	-20074.5	189.599	439.935
-1028.0	-20074.5	187.508	435.035
-1028.0	-20074.5	185.415	442.087
-1028.0	-20074.5	183.322	427.633
-1028.0	-20074.5	181.229	444.236
-1028.0	-20074.5	179.135	447.697
-1028.0	-20074.5	177.04	488.156
-1028.0	-20074.5	174.945	474.899
-1028.0	-20074.5	172.849	455.684
-1028.0	-20074.5	170.753	437.672
-1028.0	-20074.5	168.656	451.86
-1028.0	-20074.5	166.558	450.545
-1028.0	-20074.5	164.46	445.656
-1028.0	-20074.5	162.362	445.534
-1028.0	-20074.5	160.263	457.323
-1028.0	-20074.5	158.163	473.866
-1028.0	-20074.5	156.063	440.409
-1028.0	-20074.5	153.962	461.708
-1028.0	-20074.5	151.86	442.548
-1028.0	-20074.5	149.758	450.752
-1028.0	-20074.5	147.656	423.281
-1028.0	-20074.5	145.552	443.373
-1028.0	-20074.5	143.449	467.018
-1028.0	-20074.5	141.344	446.694
-1028.0	-20074.5	139.239	458.448
-1028.0	-20074.5	137.134	432.2
-1028.0	-20074.5	135.028	467.692
-1028.0	-20074.5	132.921	475.87
-1028.0	-20074.5	130.814	441.334
-1028.0	-20074.5	128.706	448.329
-1028.0	-20074.5	126.598	467.177
-1028.0	-20074.5	124.489	461.121
-1028.0	-20074.5	122.379	450.328
-1028.0	-20074.5	120.269	467.974
-1028.0	-20074.5	118.158	459.554
-1028.0	-20074.5	116.047	460.611
-1028.0	-20074.5	113.935	448.645
-1028.0	-20074.5	111.822	441.42
-1028.0	-20074.5	109.709	459.044
-1028.0	-20074.5	107.596	455.368
-1028.0	-20074.5	105.481	448.147
-1028.0	-20074.5	103.367	405.466
-1028.0	-20074.5	101.251	415.989
-1028.0	-20074.5	99.1351	421.781
-1028.0	-20074.5	97.0184	428.75
-1028.0	-20074.5	94.9012	396.748
-1028.0	-20074.5	92.7834	429.691
-1028.0	-20074.5	90.665	409.508
-1028.0	-20074.5	88.546	407.034
-1028.0	-20074.5	86.4265	391.587
-1028.0	-20074.5	84.3063	396.193
-1028.0	-20074.5	82.1855	391.367
-1028.0	-20074.5	80.0641	375.937
-1028.0	-20074.5	77.9422	399.394
