-1022.0	-20042.5	1979.41	424.035
-1022.0	-20042.5	1977.72	459.419
-1022.0	-20042.5	1976.02	446.051
-1022.0	-20042.5	1974.33	438.595
-1022.0	-20042.5	1972.64	453.288
-1022.0	-20042.5	1970.94	423.688
-1022.0	-20042.5	1969.25	457.567
-1022.0	-20042.5	1967.56	479.629
-1022.0	-20042.5	1965.86	445.613
-1022.0	-20042.5	1964.17	457.341
-1022.0	-20042.5	1962.47	464.641
-1022.0	-20042.5	1960.78	436.543
-1022.0	-20042.5	1959.08	455.64
-1022.0	-20042.5	1957.39	473.256
-1022.0	-20042.5	1955.69	440.748
-1022.0	-20042.5	1953.99	458.361
-1022.0	-20042.5	1952.3	421.445
-1022.0	-20042.5	1950.6	444.948
-1022.0	-20042.5	1948.9	428.669
-1022.0	-20042.5	1947.21	422.706
-1022.0	-20042.5	1945.51	444.724
-1022.0	-20042.5	1943.81	452.011
-1022.0	-20042.5	1942.11	468.128
-1022.0	-20042.5	1940.41	412.119
-1022.0	-20042.5	1938.71	397.334
-1022.0	-20042.5	1937.01	450.235
-1022.0	-20042.5	1935.32	433.977
-1022.0	-20042.5	1933.62	436.845
-1022.0	-20042.5	1931.92	457.36
-1022.0	-20042.5	1930.22	420.523
-1022.0	-20042.5	1928.51	429.272
-1022.0	-20042.5	1926.81	458.597
-1022.0	-20042.5	1925.11	455.579
-1022.0	-20042.5	1923.41	434.93
-1022.0	-20042.5	1921.71	442.202
-1022.0	-20042.5	1920.01	445.064
-1022.0	-20042.5	1918.31	431.77
-1022.0	-20042.5	1916.6	421.417
-1022.0	-20042.5	1914.9	415.472
-1022.0	-20042.5	1913.2	427.144
-1022.0	-20042.5	1911.49	415.329
-1022.0	-20042.5	1909.79	454.876
-1022.0	-20042.5	1908.09	437.192
-1022.0	-20042.5	1906.38	422.448
-1022.0	-20042.5	1904.68	450.24
-1022.0	-20042.5	1902.97	442.83
-1022.0	-20042.5	1901.27	425.161
-1022.0	-20042.5	1899.56	438.279
-1022.0	-20042.5	1897.85	404.495
-1022.0	-20042.5	1896.15	414.681
-1022.0	-20042.5	1894.44	401.424
-1022.0	-20042.5	1892.74	426.255
-1022.0	-20042.5	1891.03	430.574
-1022.0	-20042.5	1889.32	414.391
-1022.0	-20042.5	1887.61	449.455
-1022.0	-20042.5	1885.91	427.42
-1022.0	-20042.5	1884.2	461.005
-1022.0	-20042.5	1882.49	446.292
-1022.0	-20042.5	1880.78	440.361
-1022.0	-20042.5	1879.07	392.013
-1022.0	-20042.5	1877.36	444.593
-1022.0	-20042.5	1875.65	429.892
-1022.0	-20042.5	1873.94	448.821
-1022.0	-20042.5	1872.23	435.586
-1022.0	-20042.5	1870.52	423.818
-1022.0	-20042.5	1868.81	426.665
-1022.0	-20042.5	1867.1	409.058
-1022.0	-20042.5	1865.39	404.603
-1022.0	-20042.5	1863.68	445.422
-1022.0	-20042.5	1861.96	407.378
-1022.0	-20042.5	1860.25	389.787
-1022.0	-20042.5	1858.54	413.071
-1022.0	-20042.5	1856.82	411.538
-1022.0	-20042.5	1855.11	421.677
-1022.0	-20042.5	1853.4	447.861
-1022.0	-20042.5	1851.68	422.984
-1022.0	-20042.5	1849.97	425.825
-1022.0	-20042.5	1848.25	459.283
-1022.0	-20042.5	1846.54	412.551
-1022.0	-20042.5	1844.82	424.137
-1022.0	-20042.5	1843.11	386.172
-1022.0	-20042.5	1841.39	399.214
-1022.0	-20042.5	1839.68	438.474
-1022.0	-20042.5	1837.96	418.004
-1022.0	-20042.5	1836.24	404.822
-1022.0	-20042.5	1834.53	394.557
-1022.0	-20042.5	1832.81	410.497
-1022.0	-20042.5	1831.09	435.164
-1022.0	-20042.5	1829.37	432.174
-1022.0	-20042.5	1827.65	407.363
-1022.0	-20042.5	1825.94	394.197
-1022.0	-20042.5	1824.22	398.488
-1022.0	-20042.5	1822.5	392.598
-1022.0	-20042.5	1820.78	424.51
-1022.0	-20042.5	1819.06	422.978
-1022.0	-20042.5	1817.34	422.901
-1022.0	-20042.5	1815.62	432.994
-1022.0	-20042.5	1813.9	419.839
-1022.0	-20042.5	1812.18	415.405
-1022.0	-20042.5	1810.45	410.971
-1022.0	-20042.5	1808.73	390.568
-1022.0	-20042.5	1807.01	389.044
-1022.0	-20042.5	1805.29	404.938
-1022.0	-20042.5	1803.56	415.02
-1022.0	-20042.5	1801.84	429.452
-1022.0	-20042.5	1800.12	397.459
-1022.0	-20042.5	1798.39	404.637
-1022.0	-20042.5	1796.67	381.361
-1022.0	-20042.5	1794.95	398.687
-1022.0	-20042.5	1793.22	404.411
-1022.0	-20042.5	1791.5	397.089
-1022.0	-20042.5	1789.77	423.096
-1022.0	-20042.5	1788.04	437.504
-1022.0	-20042.5	1786.32	386.728
-1022.0	-20042.5	1784.59	419.962
-1022.0	-20042.5	1782.87	402.509
-1022.0	-20042.5	1781.14	389.405
-1022.0	-20042.5	1779.41	416.831
-1022.0	-20042.5	1777.68	415.306
-1022.0	-20042.5	1775.96	409.44
-1022.0	-20042.5	1774.23	381.88
-1022.0	-20042.5	1772.5	409.286
-1022.0	-20042.5	1770.77	409.209
-1022.0	-20042.5	1769.04	416.36
-1022.0	-20042.5	1767.31	375.809
-1022.0	-20042.5	1765.58	420.538
-1022.0	-20042.5	1763.85	414.678
-1022.0	-20042.5	1762.12	388.597
-1022.0	-20042.5	1760.39	402.966
-1022.0	-20042.5	1758.66	418.774
-1022.0	-20042.5	1756.93	392.707
-1022.0	-20042.5	1755.19	405.624
-1022.0	-20042.5	1753.46	398.33
-1022.0	-20042.5	1751.73	396.811
-1022.0	-20042.5	1750.0	412.605
-1022.0	-20042.5	1748.26	399.544
-1022.0	-20042.5	1746.53	413.889
-1022.0	-20042.5	1744.8	361.904
-1022.0	-20042.5	1743.06	412.289
-1022.0	-20042.5	1741.33	407.886
-1022.0	-20042.5	1739.59	438.069
-1022.0	-20042.5	1737.86	445.189
-1022.0	-20042.5	1736.12	407.651
-1022.0	-20042.5	1734.39	416.214
-1022.0	-20042.5	1732.65	417.574
-1022.0	-20042.5	1730.91	424.691
-1022.0	-20042.5	1729.18	392.944
-1022.0	-20042.5	1727.44	374.16
-1022.0	-20042.5	1725.7	418.69
-1022.0	-20042.5	1723.96	415.732
-1022.0	-20042.5	1722.23	424.281
-1022.0	-20042.5	1720.49	379.622
-1022.0	-20042.5	1718.75	416.928
-1022.0	-20042.5	1717.01	406.786
-1022.0	-20042.5	1715.27	389.461
-1022.0	-20042.5	1713.53	386.512
-1022.0	-20042.5	1711.79	418.041
-1022.0	-20042.5	1710.05	380.616
-1022.0	-20042.5	1708.31	396.338
-1022.0	-20042.5	1706.57	368.982
-1022.0	-20042.5	1704.82	400.49
-1022.0	-20042.5	1703.08	398.976
-1022.0	-20042.5	1701.34	390.289
-1022.0	-20042.5	1699.6	390.213
-1022.0	-20042.5	1697.85	427.429
-1022.0	-20042.5	1696.11	358.511
-1022.0	-20042.5	1694.37	381.381
-1022.0	-20042.5	1692.62	405.675
-1022.0	-20042.5	1690.88	391.264
-1022.0	-20042.5	1689.13	379.723
-1022.0	-20042.5	1687.39	393.975
-1022.0	-20042.5	1685.64	401.059
-1022.0	-20042.5	1683.9	390.956
-1022.0	-20042.5	1682.15	396.606
-1022.0	-20042.5	1680.41	418.0
-1022.0	-20042.5	1678.66	412.193
-1022.0	-20042.5	1676.91	397.802
-1022.0	-20042.5	1675.16	394.862
-1022.0	-20042.5	1673.42	397.645
-1022.0	-20042.5	1671.67	404.717
-1022.0	-20042.5	1669.92	398.917
-1022.0	-20042.5	1668.17	401.697
-1022.0	-20042.5	1666.42	403.047
-1022.0	-20042.5	1664.67	391.535
-1022.0	-20042.5	1662.92	400.029
-1022.0	-20042.5	1661.17	392.808
-1022.0	-20042.5	1659.42	404.154
-1022.0	-20042.5	1657.67	398.363
-1022.0	-20042.5	1655.92	408.276
-1022.0	-20042.5	1654.17	385.359
-1022.0	-20042.5	1652.42	363.877
-1022.0	-20042.5	1650.66	365.231
-1022.0	-20042.5	1648.91	392.26
-1022.0	-20042.5	1647.16	419.277
-1022.0	-20042.5	1645.41	424.897
-1022.0	-20042.5	1643.65	402.003
-1022.0	-20042.5	1641.9	391.946
-1022.0	-20042.5	1640.14	377.617
-1022.0	-20042.5	1638.39	397.487
-1022.0	-20042.5	1636.63	400.256
-1022.0	-20042.5	1634.88	395.904
-1022.0	-20042.5	1633.12	391.553
-1022.0	-20042.5	1631.37	371.544
-1022.0	-20042.5	1629.61	387.125
-1022.0	-20042.5	1627.85	385.624
-1022.0	-20042.5	1626.09	409.732
-1022.0	-20042.5	1624.34	375.512
-1022.0	-20042.5	1622.58	383.969
-1022.0	-20042.5	1620.82	399.531
-1022.0	-20042.5	1619.06	392.343
-1022.0	-20042.5	1617.3	422.11
-1022.0	-20042.5	1615.54	369.449
-1022.0	-20042.5	1613.78	424.78
-1022.0	-20042.5	1612.02	396.286
-1022.0	-20042.5	1610.26	400.466
-1022.0	-20042.5	1608.5	389.027
-1022.0	-20042.5	1606.74	370.494
-1022.0	-20042.5	1604.98	370.419
-1022.0	-20042.5	1603.22	401.56
-1022.0	-20042.5	1601.46	383.036
-1022.0	-20042.5	1599.69	395.723
-1022.0	-20042.5	1597.93	395.643
-1022.0	-20042.5	1596.17	398.398
-1022.0	-20042.5	1594.4	401.152
-1022.0	-20042.5	1592.64	388.315
-1022.0	-20042.5	1590.88	354.23
-1022.0	-20042.5	1589.11	364.074
-1022.0	-20042.5	1587.35	380.995
-1022.0	-20042.5	1585.58	385.166
-1022.0	-20042.5	1583.81	362.435
-1022.0	-20042.5	1582.05	390.67
-1022.0	-20042.5	1580.28	372.192
-1022.0	-20042.5	1578.51	384.85
-1022.0	-20042.5	1576.75	400.332
-1022.0	-20042.5	1574.98	373.378
-1022.0	-20042.5	1573.21	371.887
-1022.0	-20042.5	1571.44	366.156
-1022.0	-20042.5	1569.67	363.254
-1022.0	-20042.5	1567.91	398.508
-1022.0	-20042.5	1566.14	363.104
-1022.0	-20042.5	1564.37	336.191
-1022.0	-20042.5	1562.6	374.253
-1022.0	-20042.5	1560.83	364.292
-1022.0	-20042.5	1559.05	372.687
-1022.0	-20042.5	1557.28	365.553
-1022.0	-20042.5	1555.51	347.133
-1022.0	-20042.5	1553.74	376.689
-1022.0	-20042.5	1551.97	389.305
-1022.0	-20042.5	1550.19	353.969
-1022.0	-20042.5	1548.42	367.995
-1022.0	-20042.5	1546.65	377.787
-1022.0	-20042.5	1544.87	369.252
-1022.0	-20042.5	1543.1	371.994
-1022.0	-20042.5	1541.32	387.413
-1022.0	-20042.5	1539.55	387.333
-1022.0	-20042.5	1537.77	380.211
-1022.0	-20042.5	1536.0	374.501
-1022.0	-20042.5	1534.22	363.162
-1022.0	-20042.5	1532.45	356.05
-1022.0	-20042.5	1530.67	379.895
-1022.0	-20042.5	1528.89	379.816
-1022.0	-20042.5	1527.11	392.395
-1022.0	-20042.5	1525.34	371.221
-1022.0	-20042.5	1523.56	351.462
-1022.0	-20042.5	1521.78	379.5
-1022.0	-20042.5	1520.0	370.989
-1022.0	-20042.5	1518.22	358.267
-1022.0	-20042.5	1516.44	355.383
-1022.0	-20042.5	1514.66	373.565
-1022.0	-20042.5	1512.88	362.255
-1022.0	-20042.5	1511.1	348.141
-1022.0	-20042.5	1509.32	356.489
-1022.0	-20042.5	1507.54	392.898
-1022.0	-20042.5	1505.76	384.398
-1022.0	-20042.5	1503.97	347.849
-1022.0	-20042.5	1502.19	370.214
-1022.0	-20042.5	1500.41	379.95
-1022.0	-20042.5	1498.62	346.229
-1022.0	-20042.5	1496.84	372.783
-1022.0	-20042.5	1495.06	361.496
-1022.0	-20042.5	1493.27	392.239
-1022.0	-20042.5	1491.49	352.941
-1022.0	-20042.5	1489.7	362.668
-1022.0	-20042.5	1487.91	376.592
-1022.0	-20042.5	1486.13	372.313
-1022.0	-20042.5	1484.34	347.046
-1022.0	-20042.5	1482.55	362.363
-1022.0	-20042.5	1480.77	344.102
-1022.0	-20042.5	1478.98	373.398
-1022.0	-20042.5	1477.19	363.532
-1022.0	-20042.5	1475.4	364.853
-1022.0	-20042.5	1473.61	354.992
-1022.0	-20042.5	1471.83	371.685
-1022.0	-20042.5	1470.04	399.547
-1022.0	-20042.5	1468.25	361.751
-1022.0	-20042.5	1466.46	374.242
-1022.0	-20042.5	1464.67	369.975
-1022.0	-20042.5	1462.87	368.5
-1022.0	-20042.5	1461.08	362.84
-1022.0	-20042.5	1459.29	355.787
-1022.0	-20042.5	1457.5	359.896
-1022.0	-20042.5	1455.71	364.004
-1022.0	-20042.5	1453.91	377.87
-1022.0	-20042.5	1452.12	356.879
-1022.0	-20042.5	1450.33	372.135
-1022.0	-20042.5	1448.53	363.695
-1022.0	-20042.5	1446.74	346.899
-1022.0	-20042.5	1444.94	373.29
-1022.0	-20042.5	1443.15	343.967
-1022.0	-20042.5	1441.35	338.324
-1022.0	-20042.5	1439.56	378.62
-1022.0	-20042.5	1437.76	374.364
-1022.0	-20042.5	1435.96	372.893
-1022.0	-20042.5	1434.17	385.333
-1022.0	-20042.5	1432.37	369.952
-1022.0	-20042.5	1430.57	385.169
-1022.0	-20042.5	1428.77	361.453
-1022.0	-20042.5	1426.97	364.155
-1022.0	-20042.5	1425.17	358.519
-1022.0	-20042.5	1423.37	358.443
-1022.0	-20042.5	1421.58	356.977
-1022.0	-20042.5	1419.77	349.957
-1022.0	-20042.5	1417.97	351.27
-1022.0	-20042.5	1416.17	363.688
-1022.0	-20042.5	1414.37	380.264
-1022.0	-20042.5	1412.57	362.145
-1022.0	-20042.5	1410.77	363.455
-1022.0	-20042.5	1408.97	349.507
-1022.0	-20042.5	1407.16	350.819
-1022.0	-20042.5	1405.36	371.539
-1022.0	-20042.5	1403.56	363.143
-1022.0	-20042.5	1401.75	351.979
-1022.0	-20042.5	1399.95	351.903
-1022.0	-20042.5	1398.14	344.902
-1022.0	-20042.5	1396.34	362.831
-1022.0	-20042.5	1394.53	389.059
-1022.0	-20042.5	1392.73	332.221
-1022.0	-20042.5	1390.92	348.757
-1022.0	-20042.5	1389.11	334.845
-1022.0	-20042.5	1387.3	338.923
-1022.0	-20042.5	1385.5	347.148
-1022.0	-20042.5	1383.69	359.518
-1022.0	-20042.5	1381.88	378.795
-1022.0	-20042.5	1380.07	373.185
-1022.0	-20042.5	1378.26	346.849
-1022.0	-20042.5	1376.45	370.261
-1022.0	-20042.5	1374.64	368.799
-1022.0	-20042.5	1372.83	359.053
-1022.0	-20042.5	1371.02	371.401
-1022.0	-20042.5	1369.21	372.701
-1022.0	-20042.5	1367.4	353.3
-1022.0	-20042.5	1365.59	355.983
-1022.0	-20042.5	1363.78	350.388
-1022.0	-20042.5	1361.96	353.07
-1022.0	-20042.5	1360.15	344.721
-1022.0	-20042.5	1358.34	351.539
-1022.0	-20042.5	1356.52	336.301
-1022.0	-20042.5	1354.71	351.386
-1022.0	-20042.5	1352.89	366.465
-1022.0	-20042.5	1351.08	358.121
-1022.0	-20042.5	1349.26	341.518
-1022.0	-20042.5	1347.45	356.589
-1022.0	-20042.5	1345.63	351.005
-1022.0	-20042.5	1343.81	350.929
-1022.0	-20042.5	1342.0	345.349
-1022.0	-20042.5	1340.18	349.401
-1022.0	-20042.5	1338.36	357.577
-1022.0	-20042.5	1336.54	324.499
-1022.0	-20042.5	1334.73	357.421
-1022.0	-20042.5	1332.91	354.594
-1022.0	-20042.5	1331.09	344.898
-1022.0	-20042.5	1329.27	347.571
-1022.0	-20042.5	1327.45	354.363
-1022.0	-20042.5	1325.63	358.405
-1022.0	-20042.5	1323.81	351.462
-1022.0	-20042.5	1321.98	354.131
-1022.0	-20042.5	1320.16	358.171
-1022.0	-20042.5	1318.34	334.768
-1022.0	-20042.5	1316.52	320.978
-1022.0	-20042.5	1314.7	330.508
-1022.0	-20042.5	1312.87	341.405
-1022.0	-20042.5	1311.05	338.588
-1022.0	-20042.5	1309.22	338.514
-1022.0	-20042.5	1307.4	346.661
-1022.0	-20042.5	1305.57	342.476
-1022.0	-20042.5	1303.75	316.378
-1022.0	-20042.5	1301.92	325.894
-1022.0	-20042.5	1300.1	331.299
-1022.0	-20042.5	1298.27	355.863
-1022.0	-20042.5	1296.44	357.154
-1022.0	-20042.5	1294.62	332.449
-1022.0	-20042.5	1292.79	351.526
-1022.0	-20042.5	1290.96	363.756
-1022.0	-20042.5	1289.13	350.004
-1022.0	-20042.5	1287.3	329.424
-1022.0	-20042.5	1285.47	345.751
-1022.0	-20042.5	1283.64	366.17
-1022.0	-20042.5	1281.81	338.769
-1022.0	-20042.5	1279.98	344.158
-1022.0	-20042.5	1278.15	337.255
-1022.0	-20042.5	1276.32	348.102
-1022.0	-20042.5	1274.49	352.119
-1022.0	-20042.5	1272.66	362.958
-1022.0	-20042.5	1270.82	331.501
-1022.0	-20042.5	1268.99	340.976
-1022.0	-20042.5	1267.16	329.992
-1022.0	-20042.5	1265.32	344.916
-1022.0	-20042.5	1263.49	327.121
-1022.0	-20042.5	1261.66	336.587
-1022.0	-20042.5	1259.82	358.312
-1022.0	-20042.5	1257.98	369.13
-1022.0	-20042.5	1256.15	363.601
-1022.0	-20042.5	1254.31	339.014
-1022.0	-20042.5	1252.48	332.133
-1022.0	-20042.5	1250.64	334.781
-1022.0	-20042.5	1248.8	340.15
-1022.0	-20042.5	1246.96	337.354
-1022.0	-20042.5	1245.13	333.2
-1022.0	-20042.5	1243.29	339.925
-1022.0	-20042.5	1241.45	318.099
-1022.0	-20042.5	1239.61	330.261
-1022.0	-20042.5	1237.77	353.287
-1022.0	-20042.5	1235.93	364.077
-1022.0	-20042.5	1234.09	344.982
-1022.0	-20042.5	1232.25	350.337
-1022.0	-20042.5	1230.41	350.259
-1022.0	-20042.5	1228.56	335.252
-1022.0	-20042.5	1226.72	359.603
-1022.0	-20042.5	1224.88	352.74
-1022.0	-20042.5	1223.04	317.396
-1022.0	-20042.5	1221.19	333.598
-1022.0	-20042.5	1219.35	337.592
-1022.0	-20042.5	1217.5	356.494
-1022.0	-20042.5	1215.66	322.535
-1022.0	-20042.5	1213.81	321.109
-1022.0	-20042.5	1211.97	357.611
-1022.0	-20042.5	1210.12	353.469
-1022.0	-20042.5	1208.28	352.036
-1022.0	-20042.5	1206.43	324.884
-1022.0	-20042.5	1204.58	342.406
-1022.0	-20042.5	1202.73	303.091
-1022.0	-20042.5	1200.89	335.49
-1022.0	-20042.5	1199.04	346.235
-1022.0	-20042.5	1197.19	359.68
-1022.0	-20042.5	1195.34	348.785
-1022.0	-20042.5	1193.49	341.95
-1022.0	-20042.5	1191.64	325.658
-1022.0	-20042.5	1189.79	333.692
-1022.0	-20042.5	1187.94	340.371
-1022.0	-20042.5	1186.09	364.602
-1022.0	-20042.5	1184.23	328.068
-1022.0	-20042.5	1182.38	357.69
-1022.0	-20042.5	1180.53	356.261
-1022.0	-20042.5	1178.68	325.151
-1022.0	-20042.5	1176.82	318.334
-1022.0	-20042.5	1174.97	347.931
-1022.0	-20042.5	1173.12	334.371
-1022.0	-20042.5	1171.26	342.384
-1022.0	-20042.5	1169.41	351.741
-1022.0	-20042.5	1167.55	343.579
-1022.0	-20042.5	1165.69	344.849
-1022.0	-20042.5	1163.84	320.53
-1022.0	-20042.5	1161.98	333.923
-1022.0	-20042.5	1160.12	325.771
-1022.0	-20042.5	1158.27	331.082
-1022.0	-20042.5	1156.41	329.662
-1022.0	-20042.5	1154.55	337.66
-1022.0	-20042.5	1152.69	333.55
-1022.0	-20042.5	1150.83	344.232
-1022.0	-20042.5	1148.97	328.023
-1022.0	-20042.5	1147.11	340.046
-1022.0	-20042.5	1145.25	325.189
-1022.0	-20042.5	1143.39	351.985
-1022.0	-20042.5	1141.53	341.161
-1022.0	-20042.5	1139.67	334.37
-1022.0	-20042.5	1137.81	358.461
-1022.0	-20042.5	1135.94	366.434
-1022.0	-20042.5	1134.08	331.461
-1022.0	-20042.5	1132.22	326.02
-1022.0	-20042.5	1130.35	352.774
-1022.0	-20042.5	1128.49	344.649
-1022.0	-20042.5	1126.62	321.779
-1022.0	-20042.5	1124.76	352.536
-1022.0	-20042.5	1122.89	318.954
-1022.0	-20042.5	1121.03	337.64
-1022.0	-20042.5	1119.16	340.243
-1022.0	-20042.5	1117.3	337.488
-1022.0	-20042.5	1115.43	318.667
-1022.0	-20042.5	1113.56	327.966
-1022.0	-20042.5	1111.69	345.29
-1022.0	-20042.5	1109.82	346.551
-1022.0	-20042.5	1107.96	350.486
-1022.0	-20042.5	1106.09	324.996
-1022.0	-20042.5	1104.22	354.34
-1022.0	-20042.5	1102.35	339.555
-1022.0	-20042.5	1100.48	346.161
-1022.0	-20042.5	1098.61	332.721
-1022.0	-20042.5	1096.73	343.333
-1022.0	-20042.5	1094.86	303.187
-1022.0	-20042.5	1092.99	325.819
-1022.0	-20042.5	1091.12	328.416
-1022.0	-20042.5	1089.24	318.998
-1022.0	-20042.5	1087.37	338.943
-1022.0	-20042.5	1085.5	328.193
-1022.0	-20042.5	1083.62	336.122
-1022.0	-20042.5	1081.75	321.378
-1022.0	-20042.5	1079.87	337.304
-1022.0	-20042.5	1078.0	306.57
-1022.0	-20042.5	1076.12	346.48
-1022.0	-20042.5	1074.24	317.09
-1022.0	-20042.5	1072.37	350.319
-1022.0	-20042.5	1070.49	331.596
-1022.0	-20042.5	1068.61	344.835
-1022.0	-20042.5	1066.73	354.075
-1022.0	-20042.5	1064.86	342.017
-1022.0	-20042.5	1062.98	344.601
-1022.0	-20042.5	1061.1	380.439
-1022.0	-20042.5	1059.22	331.146
-1022.0	-20042.5	1057.34	345.697
-1022.0	-20042.5	1055.46	412.083
-1022.0	-20042.5	1053.58	357.501
-1022.0	-20042.5	1051.69	356.091
-1022.0	-20042.5	1049.81	340.07
-1022.0	-20042.5	1047.93	338.665
-1022.0	-20042.5	1046.05	358.505
-1022.0	-20042.5	1044.16	346.476
-1022.0	-20042.5	1042.28	350.379
-1022.0	-20042.5	1040.4	358.261
-1022.0	-20042.5	1038.51	371.445
-1022.0	-20042.5	1036.63	368.709
-1022.0	-20042.5	1034.74	393.819
-1022.0	-20042.5	1032.86	400.358
-1022.0	-20042.5	1030.97	353.878
-1022.0	-20042.5	1029.08	406.801
-1022.0	-20042.5	1027.2	393.461
-1022.0	-20042.5	1025.31	398.669
-1022.0	-20042.5	1023.42	411.821
-1022.0	-20042.5	1021.53	427.613
-1022.0	-20042.5	1019.64	420.898
-1022.0	-20042.5	1017.75	406.246
-1022.0	-20042.5	1015.86	418.061
-1022.0	-20042.5	1013.97	406.062
-1022.0	-20042.5	1012.08	425.805
-1022.0	-20042.5	1010.19	436.284
-1022.0	-20042.5	1008.3	442.794
-1022.0	-20042.5	1006.41	483.659
-1022.0	-20042.5	1004.52	458.446
-1022.0	-20042.5	1002.62	466.267
-1022.0	-20042.5	1000.73	468.802
-1022.0	-20042.5	998.837	473.976
-1022.0	-20042.5	996.943	504.227
-1022.0	-20042.5	995.049	505.432
-1022.0	-20042.5	993.154	575.243
-1022.0	-20042.5	991.258	560.602
-1022.0	-20042.5	989.363	619.818
-1022.0	-20042.5	987.467	656.593
-1022.0	-20042.5	985.57	674.897
-1022.0	-20042.5	983.673	714.279
-1022.0	-20042.5	981.776	720.704
-1022.0	-20042.5	979.878	771.912
-1022.0	-20042.5	977.979	783.588
-1022.0	-20042.5	976.081	763.659
-1022.0	-20042.5	974.181	751.637
-1022.0	-20042.5	972.282	727.776
-1022.0	-20042.5	970.382	736.82
-1022.0	-20042.5	968.481	761.645
-1022.0	-20042.5	966.58	727.277
-1022.0	-20042.5	964.679	715.277
-1022.0	-20042.5	962.777	717.742
-1022.0	-20042.5	960.875	738.605
-1022.0	-20042.5	958.972	701.646
-1022.0	-20042.5	957.069	717.249
-1022.0	-20042.5	955.166	732.844
-1022.0	-20042.5	953.262	699.85
-1022.0	-20042.5	951.357	695.752
-1022.0	-20042.5	949.452	696.904
-1022.0	-20042.5	947.547	722.987
-1022.0	-20042.5	945.641	714.95
-1022.0	-20042.5	943.735	700.359
-1022.0	-20042.5	941.829	692.331
-1022.0	-20042.5	939.922	697.416
-1022.0	-20042.5	938.014	674.975
-1022.0	-20042.5	936.106	636.82
-1022.0	-20042.5	934.198	613.093
-1022.0	-20042.5	932.289	547.466
-1022.0	-20042.5	930.38	553.887
-1022.0	-20042.5	928.47	497.468
-1022.0	-20042.5	926.56	485.574
-1022.0	-20042.5	924.649	443.589
-1022.0	-20042.5	922.738	414.706
-1022.0	-20042.5	920.827	447.309
-1022.0	-20042.5	918.915	411.9
-1022.0	-20042.5	917.003	422.264
-1022.0	-20042.5	915.09	416.939
-1022.0	-20042.5	913.177	411.616
-1022.0	-20042.5	911.263	404.989
-1022.0	-20042.5	909.349	410.12
-1022.0	-20042.5	907.435	403.496
-1022.0	-20042.5	905.52	416.458
-1022.0	-20042.5	903.604	388.953
-1022.0	-20042.5	901.688	364.07
-1022.0	-20042.5	899.772	405.733
-1022.0	-20042.5	897.855	399.118
-1022.0	-20042.5	895.938	412.066
-1022.0	-20042.5	894.021	397.63
-1022.0	-20042.5	892.103	447.067
-1022.0	-20042.5	890.184	401.356
-1022.0	-20042.5	888.265	410.382
-1022.0	-20042.5	886.346	394.658
-1022.0	-20042.5	884.426	421.912
-1022.0	-20042.5	882.506	406.192
-1022.0	-20042.5	880.585	406.098
-1022.0	-20042.5	878.664	406.004
-1022.0	-20042.5	876.742	394.201
-1022.0	-20042.5	874.82	377.201
-1022.0	-20042.5	872.898	392.718
-1022.0	-20042.5	870.975	397.828
-1022.0	-20042.5	869.051	404.234
-1022.0	-20042.5	867.127	410.638
-1022.0	-20042.5	865.203	398.85
-1022.0	-20042.5	863.278	398.758
-1022.0	-20042.5	861.353	372.694
-1022.0	-20042.5	859.428	411.556
-1022.0	-20042.5	857.502	399.778
-1022.0	-20042.5	855.575	408.769
-1022.0	-20042.5	853.648	421.648
-1022.0	-20042.5	851.721	409.877
-1022.0	-20042.5	849.793	400.704
-1022.0	-20042.5	847.865	366.903
-1022.0	-20042.5	845.936	390.148
-1022.0	-20042.5	844.007	392.65
-1022.0	-20042.5	842.077	386.08
-1022.0	-20042.5	840.147	401.534
-1022.0	-20042.5	838.216	416.98
-1022.0	-20042.5	836.285	383.222
-1022.0	-20042.5	834.354	384.427
-1022.0	-20042.5	832.422	414.101
-1022.0	-20042.5	830.49	406.242
-1022.0	-20042.5	828.557	398.386
-1022.0	-20042.5	826.624	400.88
-1022.0	-20042.5	824.69	429.229
-1022.0	-20042.5	822.756	407.156
-1022.0	-20042.5	820.821	421.276
-1022.0	-20042.5	818.886	416.01
-1022.0	-20042.5	816.951	423.663
-1022.0	-20042.5	815.015	417.107
-1022.0	-20042.5	813.078	393.771
-1022.0	-20042.5	811.141	419.494
-1022.0	-20042.5	809.204	403.91
-1022.0	-20042.5	807.266	385.754
-1022.0	-20042.5	805.328	403.722
-1022.0	-20042.5	803.389	406.206
-1022.0	-20042.5	801.45	417.715
-1022.0	-20042.5	799.511	395.705
-1022.0	-20042.5	797.571	416.231
-1022.0	-20042.5	795.63	398.097
-1022.0	-20042.5	793.689	401.867
-1022.0	-20042.5	791.748	422.377
-1022.0	-20042.5	789.806	414.554
-1022.0	-20042.5	787.864	411.882
-1022.0	-20042.5	785.921	401.491
-1022.0	-20042.5	783.978	414.262
-1022.0	-20042.5	782.034	393.586
-1022.0	-20042.5	780.09	392.207
-1022.0	-20042.5	778.145	421.685
-1022.0	-20042.5	776.2	399.735
-1022.0	-20042.5	774.255	388.076
-1022.0	-20042.5	772.309	381.562
-1022.0	-20042.5	770.362	393.032
-1022.0	-20042.5	768.416	372.394
-1022.0	-20042.5	766.468	381.293
-1022.0	-20042.5	764.52	400.456
-1022.0	-20042.5	762.572	410.627
-1022.0	-20042.5	760.624	395.136
-1022.0	-20042.5	758.674	391.195
-1022.0	-20042.5	756.725	396.232
-1022.0	-20042.5	754.775	379.473
-1022.0	-20042.5	752.824	381.947
-1022.0	-20042.5	750.873	388.264
-1022.0	-20042.5	748.922	385.61
-1022.0	-20042.5	746.97	373.992
-1022.0	-20042.5	745.017	373.904
-1022.0	-20042.5	743.065	371.256
-1022.0	-20042.5	741.111	376.288
-1022.0	-20042.5	739.158	395.393
-1022.0	-20042.5	737.203	391.462
-1022.0	-20042.5	735.249	367.069
-1022.0	-20042.5	733.294	361.867
-1022.0	-20042.5	731.338	382.236
-1022.0	-20042.5	729.382	384.702
-1022.0	-20042.5	727.425	394.833
-1022.0	-20042.5	725.468	384.52
-1022.0	-20042.5	723.511	394.646
-1022.0	-20042.5	721.553	391.999
-1022.0	-20042.5	719.595	385.524
-1022.0	-20042.5	717.636	402.024
-1022.0	-20042.5	715.676	387.893
-1022.0	-20042.5	713.717	396.731
-1022.0	-20042.5	711.756	374.956
-1022.0	-20042.5	709.796	373.592
-1022.0	-20042.5	707.835	359.481
-1022.0	-20042.5	705.873	391.257
-1022.0	-20042.5	703.911	370.778
-1022.0	-20042.5	701.948	374.511
-1022.0	-20042.5	699.985	397.346
-1022.0	-20042.5	698.022	407.438
-1022.0	-20042.5	696.058	388.247
-1022.0	-20042.5	694.093	390.7
-1022.0	-20042.5	692.129	371.522
-1022.0	-20042.5	690.163	400.69
-1022.0	-20042.5	688.197	394.236
-1022.0	-20042.5	686.231	400.5
-1022.0	-20042.5	684.264	406.76
-1022.0	-20042.5	682.297	393.955
-1022.0	-20042.5	680.329	418.001
-1022.0	-20042.5	678.361	410.28
-1022.0	-20042.5	676.393	411.452
-1022.0	-20042.5	674.423	426.59
-1022.0	-20042.5	672.454	407.448
-1022.0	-20042.5	670.484	406.082
-1022.0	-20042.5	668.513	440.24
-1022.0	-20042.5	666.542	412.23
-1022.0	-20042.5	664.571	417.204
-1022.0	-20042.5	662.599	398.088
-1022.0	-20042.5	660.627	429.68
-1022.0	-20042.5	658.654	408.035
-1022.0	-20042.5	656.68	419.339
-1022.0	-20042.5	654.707	401.507
-1022.0	-20042.5	652.732	397.612
-1022.0	-20042.5	650.758	400.049
-1022.0	-20042.5	648.782	416.407
-1022.0	-20042.5	646.807	379.611
-1022.0	-20042.5	644.83	404.822
-1022.0	-20042.5	642.854	430.02
-1022.0	-20042.5	640.877	393.247
-1022.0	-20042.5	638.899	407.059
-1022.0	-20042.5	636.921	425.919
-1022.0	-20042.5	634.942	438.452
-1022.0	-20042.5	632.963	416.872
-1022.0	-20042.5	630.984	410.457
-1022.0	-20042.5	629.004	412.884
-1022.0	-20042.5	627.023	406.473
-1022.0	-20042.5	625.042	406.375
-1022.0	-20042.5	623.061	432.773
-1022.0	-20042.5	621.079	445.284
-1022.0	-20042.5	619.097	431.304
-1022.0	-20042.5	617.114	427.418
-1022.0	-20042.5	615.131	410.928
-1022.0	-20042.5	613.147	423.431
-1022.0	-20042.5	611.163	434.668
-1022.0	-20042.5	609.178	399.295
-1022.0	-20042.5	607.193	420.606
-1022.0	-20042.5	605.207	382.735
-1022.0	-20042.5	603.221	414.11
-1022.0	-20042.5	601.234	403.943
-1022.0	-20042.5	599.247	396.297
-1022.0	-20042.5	597.259	416.325
-1022.0	-20042.5	595.271	407.422
-1022.0	-20042.5	593.283	404.809
-1022.0	-20042.5	591.294	408.482
-1022.0	-20042.5	589.304	413.409
-1022.0	-20042.5	587.314	422.103
-1022.0	-20042.5	585.323	415.721
-1022.0	-20042.5	583.332	389.252
-1022.0	-20042.5	581.341	400.455
-1022.0	-20042.5	579.349	400.358
-1022.0	-20042.5	577.357	397.752
-1022.0	-20042.5	575.364	397.655
-1022.0	-20042.5	573.37	408.846
-1022.0	-20042.5	571.376	387.431
-1022.0	-20042.5	569.382	408.647
-1022.0	-20042.5	567.387	412.307
-1022.0	-20042.5	565.392	418.471
-1022.0	-20042.5	563.396	428.39
-1022.0	-20042.5	561.399	455.837
-1022.0	-20042.5	559.403	461.986
-1022.0	-20042.5	557.405	453.111
-1022.0	-20042.5	555.408	431.727
-1022.0	-20042.5	553.409	437.878
-1022.0	-20042.5	551.411	447.777
-1022.0	-20042.5	549.411	478.929
-1022.0	-20042.5	547.412	503.816
-1022.0	-20042.5	545.411	491.194
-1022.0	-20042.5	543.411	542.306
-1022.0	-20042.5	541.409	577.152
-1022.0	-20042.5	539.408	606.985
-1022.0	-20042.5	537.406	643.047
-1022.0	-20042.5	535.403	680.34
-1022.0	-20042.5	533.4	791.247
-1022.0	-20042.5	531.396	938.284
-1022.0	-20042.5	529.392	1105.21
-1022.0	-20042.5	527.387	1629.97
-1022.0	-20042.5	525.382	2666.91
-1022.0	-20042.5	523.376	6006.86
-1022.0	-20042.5	521.37	11655.6
-1022.0	-20042.5	519.364	11397.3
-1022.0	-20042.5	517.357	6560.45
-1022.0	-20042.5	515.349	3484.27
-1022.0	-20042.5	513.341	2168.73
-1022.0	-20042.5	511.332	1446.29
-1022.0	-20042.5	509.323	1103.74
-1022.0	-20042.5	507.314	945.475
-1022.0	-20042.5	505.304	828.33
-1022.0	-20042.5	503.293	768.441
-1022.0	-20042.5	501.282	663.829
-1022.0	-20042.5	499.27	611.467
-1022.0	-20042.5	497.258	596.406
-1022.0	-20042.5	495.246	573.899
-1022.0	-20042.5	493.233	543.952
-1022.0	-20042.5	491.219	546.3
-1022.0	-20042.5	489.205	491.549
-1022.0	-20042.5	487.191	496.391
-1022.0	-20042.5	485.176	509.916
-1022.0	-20042.5	483.16	468.857
-1022.0	-20042.5	481.144	457.581
-1022.0	-20042.5	479.128	476.063
-1022.0	-20042.5	477.111	438.762
-1022.0	-20042.5	475.093	446.088
-1022.0	-20042.5	473.075	443.5
-1022.0	-20042.5	471.056	429.766
-1022.0	-20042.5	469.037	429.659
-1022.0	-20042.5	467.018	448.121
-1022.0	-20042.5	464.998	440.584
-1022.0	-20042.5	462.977	418.203
-1022.0	-20042.5	460.956	425.521
-1022.0	-20042.5	458.935	429.125
-1022.0	-20042.5	456.913	447.563
-1022.0	-20042.5	454.89	467.229
-1022.0	-20042.5	452.867	420.154
-1022.0	-20042.5	450.843	441.051
-1022.0	-20042.5	448.819	458.233
-1022.0	-20042.5	446.795	428.483
-1022.0	-20042.5	444.77	440.721
-1022.0	-20042.5	442.744	451.719
-1022.0	-20042.5	440.718	484.921
-1022.0	-20042.5	438.691	451.493
-1022.0	-20042.5	436.664	473.579
-1022.0	-20042.5	434.637	475.926
-1022.0	-20042.5	432.608	453.619
-1022.0	-20042.5	430.58	460.899
-1022.0	-20042.5	428.551	457.087
-1022.0	-20042.5	426.521	465.595
-1022.0	-20042.5	424.491	450.701
-1022.0	-20042.5	422.46	433.352
-1022.0	-20042.5	420.429	424.627
-1022.0	-20042.5	418.397	455.283
-1022.0	-20042.5	416.365	435.485
-1022.0	-20042.5	414.332	434.146
-1022.0	-20042.5	412.299	467.234
-1022.0	-20042.5	410.265	425.322
-1022.0	-20042.5	408.231	455.938
-1022.0	-20042.5	406.196	444.766
-1022.0	-20042.5	404.161	466.763
-1022.0	-20042.5	402.125	464.189
-1022.0	-20042.5	400.089	419.875
-1022.0	-20042.5	398.052	443.089
-1022.0	-20042.5	396.015	451.566
-1022.0	-20042.5	393.977	439.184
-1022.0	-20042.5	391.938	448.885
-1022.0	-20042.5	389.899	474.52
-1022.0	-20042.5	387.86	470.722
-1022.0	-20042.5	385.82	452.22
-1022.0	-20042.5	383.78	434.952
-1022.0	-20042.5	381.739	458.115
-1022.0	-20042.5	379.697	476.367
-1022.0	-20042.5	377.655	457.882
-1022.0	-20042.5	375.613	421.046
-1022.0	-20042.5	373.57	451.53
-1022.0	-20042.5	371.526	453.862
-1022.0	-20042.5	369.482	459.862
-1022.0	-20042.5	367.437	467.081
-1022.0	-20042.5	365.392	460.849
-1022.0	-20042.5	363.346	461.954
-1022.0	-20042.5	361.3	489.937
-1022.0	-20042.5	359.254	471.49
-1022.0	-20042.5	357.206	462.821
-1022.0	-20042.5	355.159	479.794
-1022.0	-20042.5	353.11	471.128
-1022.0	-20042.5	351.062	469.787
-1022.0	-20042.5	349.012	464.787
-1022.0	-20042.5	346.962	463.448
-1022.0	-20042.5	344.912	465.768
-1022.0	-20042.5	342.861	464.429
-1022.0	-20042.5	340.81	486.246
-1022.0	-20042.5	338.758	466.627
-1022.0	-20042.5	336.705	473.815
-1022.0	-20042.5	334.652	479.782
-1022.0	-20042.5	332.599	486.963
-1022.0	-20042.5	330.545	460.061
-1022.0	-20042.5	328.49	484.278
-1022.0	-20042.5	326.435	479.287
-1022.0	-20042.5	324.379	499.838
-1022.0	-20042.5	322.323	494.846
-1022.0	-20042.5	320.266	492.287
-1022.0	-20042.5	318.209	495.805
-1022.0	-20042.5	316.151	515.115
-1022.0	-20042.5	314.093	510.123
-1022.0	-20042.5	312.034	543.991
-1022.0	-20042.5	309.975	520.784
-1022.0	-20042.5	307.915	564.34
-1022.0	-20042.5	305.854	539.927
-1022.0	-20042.5	303.793	573.751
-1022.0	-20042.5	301.732	582.091
-1022.0	-20042.5	299.67	558.904
-1022.0	-20042.5	297.607	529.669
-1022.0	-20042.5	295.544	514.991
-1022.0	-20042.5	293.48	540.296
-1022.0	-20042.5	291.416	518.355
-1022.0	-20042.5	289.351	542.436
-1022.0	-20042.5	287.286	491.454
-1022.0	-20042.5	285.22	482.855
-1022.0	-20042.5	283.154	509.345
-1022.0	-20042.5	281.087	483.812
-1022.0	-20042.5	279.019	488.522
-1022.0	-20042.5	276.951	485.976
-1022.0	-20042.5	274.883	502.769
-1022.0	-20042.5	272.814	471.222
-1022.0	-20042.5	270.744	460.227
-1022.0	-20042.5	268.674	468.56
-1022.0	-20042.5	266.603	463.607
-1022.0	-20042.5	264.532	493.66
-1022.0	-20042.5	262.46	483.877
-1022.0	-20042.5	260.388	476.511
-1022.0	-20042.5	258.315	504.125
-1022.0	-20042.5	256.241	490.729
-1022.0	-20042.5	254.167	491.805
-1022.0	-20042.5	252.093	469.983
-1022.0	-20042.5	250.018	478.293
-1022.0	-20042.5	247.942	472.144
-1022.0	-20042.5	245.866	481.652
-1022.0	-20042.5	243.789	473.098
-1022.0	-20042.5	241.712	466.955
-1022.0	-20042.5	239.634	474.05
-1022.0	-20042.5	237.556	481.142
-1022.0	-20042.5	235.477	460.571
-1022.0	-20042.5	233.397	509.739
-1022.0	-20042.5	231.317	512.008
-1022.0	-20042.5	229.237	478.227
-1022.0	-20042.5	227.155	486.509
-1022.0	-20042.5	225.074	437.141
-1022.0	-20042.5	222.991	470.642
-1022.0	-20042.5	220.909	451.311
-1022.0	-20042.5	218.825	453.591
-1022.0	-20042.5	216.741	455.869
-1022.0	-20042.5	214.657	456.946
-1022.0	-20042.5	212.572	454.426
-1022.0	-20042.5	210.486	437.523
-1022.0	-20042.5	208.4	433.81
-1022.0	-20042.5	206.313	455.259
-1022.0	-20042.5	204.226	449.148
-1022.0	-20042.5	202.138	433.461
-1022.0	-20042.5	200.05	462.075
-1022.0	-20042.5	197.961	423.654
-1022.0	-20042.5	195.871	463.023
-1022.0	-20042.5	193.781	444.956
-1022.0	-20042.5	191.691	437.662
-1022.0	-20042.5	189.599	456.671
-1022.0	-20042.5	187.508	443.401
-1022.0	-20042.5	185.415	431.333
-1022.0	-20042.5	183.322	457.496
-1022.0	-20042.5	181.229	454.984
-1022.0	-20042.5	179.135	459.636
-1022.0	-20042.5	177.04	451.157
-1022.0	-20042.5	174.945	459.387
-1022.0	-20042.5	172.849	446.141
-1022.0	-20042.5	170.753	462.715
-1022.0	-20042.5	168.656	461.397
-1022.0	-20042.5	166.558	454.121
-1022.0	-20042.5	164.46	452.805
-1022.0	-20042.5	162.362	447.917
-1022.0	-20042.5	160.263	445.413
-1022.0	-20042.5	158.163	457.198
-1022.0	-20042.5	156.063	459.454
-1022.0	-20042.5	153.962	467.658
-1022.0	-20042.5	151.86	461.582
-1022.0	-20042.5	149.758	447.184
-1022.0	-20042.5	147.656	449.439
-1022.0	-20042.5	145.552	487.354
-1022.0	-20042.5	143.449	453.946
-1022.0	-20042.5	141.344	464.514
-1022.0	-20042.5	139.239	452.51
-1022.0	-20042.5	137.134	482.069
-1022.0	-20042.5	135.028	457.009
-1022.0	-20042.5	132.921	477.057
-1022.0	-20042.5	130.814	461.503
-1022.0	-20042.5	128.706	483.911
-1022.0	-20042.5	126.598	455.32
-1022.0	-20042.5	124.489	467.048
-1022.0	-20042.5	122.379	462.179
-1022.0	-20042.5	120.269	466.79
-1022.0	-20042.5	118.158	465.476
-1022.0	-20042.5	116.047	454.69
-1022.0	-20042.5	113.935	460.483
-1022.0	-20042.5	111.822	443.787
-1022.0	-20042.5	109.709	460.227
-1022.0	-20042.5	107.596	413.971
-1022.0	-20042.5	105.481	410.309
-1022.0	-20042.5	103.367	433.837
-1022.0	-20042.5	101.251	419.535
-1022.0	-20042.5	99.1351	440.684
-1022.0	-20042.5	97.0184	440.561
-1022.0	-20042.5	94.9012	426.268
-1022.0	-20042.5	92.7834	429.691
-1022.0	-20042.5	90.665	401.247
-1022.0	-20042.5	88.546	402.315
-1022.0	-20042.5	86.4265	409.279
-1022.0	-20042.5	84.3063	379.685
-1022.0	-20042.5	82.1855	405.513
-1022.0	-20042.5	80.0641	398.328
-1022.0	-20042.5	77.9422	379.365
