-31630.0	7844.0	1311.89	2039.68
-31630.0	7844.0	1310.78	2159.72
-31630.0	7844.0	1309.68	2050.38
-31630.0	7844.0	1308.58	2149.95
-31630.0	7844.0	1307.48	2183.65
-31630.0	7844.0	1306.38	2110.68
-31630.0	7844.0	1305.28	2058.15
-31630.0	7844.0	1304.18	2141.77
-31630.0	7844.0	1303.07	2164.11
-31630.0	7844.0	1301.97	2077.57
-31630.0	7844.0	1300.87	2131.67
-31630.0	7844.0	1299.77	2040.63
-31630.0	7844.0	1298.66	2053.9
-31630.0	7844.0	1297.56	2203.17
-31630.0	7844.0	1296.46	2094.04
-31630.0	7844.0	1295.35	2021.19
-31630.0	7844.0	1294.25	2052.59
-31630.0	7844.0	1293.15	2038.66
-31630.0	7844.0	1292.04	2094.96
-31630.0	7844.0	1290.94	2115.0
-31630.0	7844.0	1289.83	2026.36
-31630.0	7844.0	1288.73	2073.57
-31630.0	7844.0	1287.63	2145.67
-31630.0	7844.0	1286.52	2088.75
-31630.0	7844.0	1285.42	2061.26
-31630.0	7844.0	1284.31	2140.1
-31630.0	7844.0	1283.21	2128.45
-31630.0	7844.0	1282.1	2130.37
-31630.0	7844.0	1280.99	2005.66
-31630.0	7844.0	1279.89	2043.77
-31630.0	7844.0	1278.78	2070.56
-31630.0	7844.0	1277.68	2092.83
-31630.0	7844.0	1276.57	2074.41
-31630.0	7844.0	1275.46	2110.23
-31630.0	7844.0	1274.36	2134.74
-31630.0	7844.0	1273.25	2073.41
-31630.0	7844.0	1272.14	2086.62
-31630.0	7844.0	1271.04	2070.48
-31630.0	7844.0	1269.93	2099.49
-31630.0	7844.0	1268.82	2047.24
-31630.0	7844.0	1267.71	1992.74
-31630.0	7844.0	1266.61	2044.32
-31630.0	7844.0	1265.5	2093.62
-31630.0	7844.0	1264.39	2068.46
-31630.0	7844.0	1263.28	1977.92
-31630.0	7844.0	1262.17	2033.97
-31630.0	7844.0	1261.06	2060.69
-31630.0	7844.0	1259.95	2033.31
-31630.0	7844.0	1258.84	2028.47
-31630.0	7844.0	1257.74	2059.69
-31630.0	7844.0	1256.63	2111.17
-31630.0	7844.0	1255.52	2077.04
-31630.0	7844.0	1254.41	2063.18
-31630.0	7844.0	1253.3	2083.12
-31630.0	7844.0	1252.19	2087.28
-31630.0	7844.0	1251.08	2050.92
-31630.0	7844.0	1249.96	2111.36
-31630.0	7844.0	1248.85	2126.77
-31630.0	7844.0	1247.74	2007.16
-31630.0	7844.0	1246.63	2069.83
-31630.0	7844.0	1245.52	2078.49
-31630.0	7844.0	1244.41	1997.18
-31630.0	7844.0	1243.3	2008.1
-31630.0	7844.0	1242.18	2037.0
-31630.0	7844.0	1241.07	2056.89
-31630.0	7844.0	1239.96	2031.83
-31630.0	7844.0	1238.85	2036.0
-31630.0	7844.0	1237.74	2008.7
-31630.0	7844.0	1236.62	2026.34
-31630.0	7844.0	1235.51	1947.39
-31630.0	7844.0	1234.4	1998.73
-31630.0	7844.0	1233.28	2072.5
-31630.0	7844.0	1232.17	2076.65
-31630.0	7844.0	1231.06	2024.68
-31630.0	7844.0	1229.94	1934.57
-31630.0	7844.0	1228.83	1945.48
-31630.0	7844.0	1227.71	2039.38
-31630.0	7844.0	1226.6	1940.35
-31630.0	7844.0	1225.48	2007.31
-31630.0	7844.0	1224.37	2060.8
-31630.0	7844.0	1223.25	1973.02
-31630.0	7844.0	1222.14	2030.98
-31630.0	7844.0	1221.02	1938.75
-31630.0	7844.0	1219.91	2028.07
-31630.0	7844.0	1218.79	1922.43
-31630.0	7844.0	1217.68	1975.87
-31630.0	7844.0	1216.56	1944.19
-31630.0	7844.0	1215.44	2035.69
-31630.0	7844.0	1214.33	1950.26
-31630.0	7844.0	1213.21	1990.24
-31630.0	7844.0	1212.09	1951.86
-31630.0	7844.0	1210.98	1967.2
-31630.0	7844.0	1209.86	1982.54
-31630.0	7844.0	1208.74	1979.97
-31630.0	7844.0	1207.62	2002.01
-31630.0	7844.0	1206.51	2001.68
-31630.0	7844.0	1205.39	1938.74
-31630.0	7844.0	1204.27	2032.32
-31630.0	7844.0	1203.15	1964.92
-31630.0	7844.0	1202.03	2027.17
-31630.0	7844.0	1200.91	2011.19
-31630.0	7844.0	1199.8	1943.83
-31630.0	7844.0	1198.68	1959.14
-31630.0	7844.0	1197.56	1992.32
-31630.0	7844.0	1196.44	1994.22
-31630.0	7844.0	1195.32	1962.63
-31630.0	7844.0	1194.2	1975.7
-31630.0	7844.0	1193.08	1984.3
-31630.0	7844.0	1191.96	2001.82
-31630.0	7844.0	1190.84	2039.42
-31630.0	7844.0	1189.72	1969.92
-31630.0	7844.0	1188.6	1949.52
-31630.0	7844.0	1187.48	1991.56
-31630.0	7844.0	1186.35	1991.23
-31630.0	7844.0	1185.23	1977.52
-31630.0	7844.0	1184.11	1943.76
-31630.0	7844.0	1182.99	2023.66
-31630.0	7844.0	1181.87	1958.7
-31630.0	7844.0	1180.75	2022.99
-31630.0	7844.0	1179.62	2011.51
-31630.0	7844.0	1178.5	1930.99
-31630.0	7844.0	1177.38	1946.26
-31630.0	7844.0	1176.26	2126.27
-31630.0	7844.0	1175.13	1972.32
-31630.0	7844.0	1174.01	1945.28
-31630.0	7844.0	1172.89	2025.06
-31630.0	7844.0	1171.76	2082.57
-31630.0	7844.0	1170.64	2053.3
-31630.0	7844.0	1169.51	1937.3
-31630.0	7844.0	1168.39	2017.03
-31630.0	7844.0	1167.27	1987.79
-31630.0	7844.0	1166.14	1971.89
-31630.0	7844.0	1165.02	1967.11
-31630.0	7844.0	1163.89	1995.67
-31630.0	7844.0	1162.77	1999.78
-31630.0	7844.0	1161.64	1983.89
-31630.0	7844.0	1160.52	1963.57
-31630.0	7844.0	1159.39	1923.26
-31630.0	7844.0	1158.26	1929.6
-31630.0	7844.0	1157.14	1856.01
-31630.0	7844.0	1156.01	2013.29
-31630.0	7844.0	1154.88	2004.08
-31630.0	7844.0	1153.76	1974.89
-31630.0	7844.0	1152.63	1899.12
-31630.0	7844.0	1151.5	1958.7
-31630.0	7844.0	1150.38	1902.92
-31630.0	7844.0	1149.25	1955.81
-31630.0	7844.0	1148.12	1979.87
-31630.0	7844.0	1146.99	1972.89
-31630.0	7844.0	1145.87	1979.2
-31630.0	7844.0	1144.74	1983.3
-31630.0	7844.0	1143.61	1945.29
-31630.0	7844.0	1142.48	1940.53
-31630.0	7844.0	1141.35	1942.42
-31630.0	7844.0	1140.22	1917.73
-31630.0	7844.0	1139.09	1948.4
-31630.0	7844.0	1137.97	1945.86
-31630.0	7844.0	1136.84	1961.02
-31630.0	7844.0	1135.71	1960.69
-31630.0	7844.0	1134.58	1966.99
-31630.0	7844.0	1133.45	1889.23
-31630.0	7844.0	1132.32	1882.27
-31630.0	7844.0	1131.19	1910.7
-31630.0	7844.0	1130.05	1928.06
-31630.0	7844.0	1128.92	1910.05
-31630.0	7844.0	1127.79	1896.46
-31630.0	7844.0	1126.66	1942.54
-31630.0	7844.0	1125.53	1917.91
-31630.0	7844.0	1124.4	1908.74
-31630.0	7844.0	1123.27	1915.04
-31630.0	7844.0	1122.13	1894.84
-31630.0	7844.0	1121.0	1890.1
-31630.0	7844.0	1119.87	1894.19
-31630.0	7844.0	1118.74	1898.28
-31630.0	7844.0	1117.6	1924.44
-31630.0	7844.0	1116.47	1915.28
-31630.0	7844.0	1115.34	1959.08
-31630.0	7844.0	1114.2	1921.24
-31630.0	7844.0	1113.07	1881.21
-31630.0	7844.0	1111.94	1969.09
-31630.0	7844.0	1110.8	1986.39
-31630.0	7844.0	1109.67	1944.17
-31630.0	7844.0	1108.54	1908.57
-31630.0	7844.0	1107.4	1912.65
-31630.0	7844.0	1106.27	1848.43
-31630.0	7844.0	1105.13	1951.64
-31630.0	7844.0	1104.0	1968.93
-31630.0	7844.0	1102.86	1913.54
-31630.0	7844.0	1101.72	1886.79
-31630.0	7844.0	1100.59	1855.65
-31630.0	7844.0	1099.45	1980.77
-31630.0	7844.0	1098.32	1962.83
-31630.0	7844.0	1097.18	1905.29
-31630.0	7844.0	1096.04	1964.35
-31630.0	7844.0	1094.91	1968.41
-31630.0	7844.0	1093.77	2036.24
-31630.0	7844.0	1092.63	1958.94
-31630.0	7844.0	1091.5	1905.84
-31630.0	7844.0	1090.36	1901.11
-31630.0	7844.0	1089.22	1834.86
-31630.0	7844.0	1088.08	1913.64
-31630.0	7844.0	1086.95	1864.98
-31630.0	7844.0	1085.81	2053.54
-31630.0	7844.0	1084.67	1998.28
-31630.0	7844.0	1083.53	1910.12
-31630.0	7844.0	1082.39	1852.71
-31630.0	7844.0	1081.25	1837.03
-31630.0	7844.0	1080.11	1874.01
-31630.0	7844.0	1078.97	1913.18
-31630.0	7844.0	1077.83	1921.62
-31630.0	7844.0	1076.69	1908.13
-31630.0	7844.0	1075.55	1953.84
-31630.0	7844.0	1074.41	1929.39
-31630.0	7844.0	1073.27	1900.55
-31630.0	7844.0	1072.13	1928.71
-31630.0	7844.0	1070.99	1897.7
-31630.0	7844.0	1069.85	1866.7
-31630.0	7844.0	1068.71	1859.8
-31630.0	7844.0	1067.57	1887.95
-31630.0	7844.0	1066.43	1942.36
-31630.0	7844.0	1065.28	1928.89
-31630.0	7844.0	1064.14	1911.04
-31630.0	7844.0	1063.0	1904.14
-31630.0	7844.0	1061.86	1862.23
-31630.0	7844.0	1060.71	1947.23
-31630.0	7844.0	1059.57	1896.57
-31630.0	7844.0	1058.43	1817.51
-31630.0	7844.0	1057.29	1994.31
-31630.0	7844.0	1056.14	1913.07
-31630.0	7844.0	1055.0	1908.36
-31630.0	7844.0	1053.85	1897.1
-31630.0	7844.0	1052.71	1868.36
-31630.0	7844.0	1051.57	1905.17
-31630.0	7844.0	1050.42	1920.13
-31630.0	7844.0	1049.28	1932.9
-31630.0	7844.0	1048.13	1947.84
-31630.0	7844.0	1046.99	1873.27
-31630.0	7844.0	1045.84	1840.2
-31630.0	7844.0	1044.7	1909.71
-31630.0	7844.0	1043.55	1942.11
-31630.0	7844.0	1042.4	1941.77
-31630.0	7844.0	1041.26	1910.89
-31630.0	7844.0	1040.11	1871.29
-31630.0	7844.0	1038.97	1905.85
-31630.0	7844.0	1037.82	1946.94
-31630.0	7844.0	1036.67	1935.7
-31630.0	7844.0	1035.53	1961.51
-31630.0	7844.0	1034.38	1956.8
-31630.0	7844.0	1033.23	1925.96
-31630.0	7844.0	1032.08	1984.43
-31630.0	7844.0	1030.94	1960.12
-31630.0	7844.0	1029.79	2005.5
-31630.0	7844.0	1028.64	1979.02
-31630.0	7844.0	1027.49	2013.5
-31630.0	7844.0	1026.34	2030.55
-31630.0	7844.0	1025.19	2023.67
-31630.0	7844.0	1024.04	2036.36
-31630.0	7844.0	1022.89	1992.5
-31630.0	7844.0	1021.74	1957.35
-31630.0	7844.0	1020.59	2039.63
-31630.0	7844.0	1019.45	2006.65
-31630.0	7844.0	1018.29	2073.68
-31630.0	7844.0	1017.14	2084.18
-31630.0	7844.0	1015.99	2072.94
-31630.0	7844.0	1014.84	2146.44
-31630.0	7844.0	1013.69	2030.94
-31630.0	7844.0	1012.54	2091.38
-31630.0	7844.0	1011.39	2082.33
-31630.0	7844.0	1010.24	2112.35
-31630.0	7844.0	1009.09	2116.31
-31630.0	7844.0	1007.93	2022.62
-31630.0	7844.0	1006.78	2156.78
-31630.0	7844.0	1005.63	2152.06
-31630.0	7844.0	1004.48	2203.73
-31630.0	7844.0	1003.32	2181.65
-31630.0	7844.0	1002.17	2142.23
-31630.0	7844.0	1001.02	2128.84
-31630.0	7844.0	999.865	2176.15
-31630.0	7844.0	998.711	2216.93
-31630.0	7844.0	997.558	2255.54
-31630.0	7844.0	996.403	2198.81
-31630.0	7844.0	995.249	2170.26
-31630.0	7844.0	994.095	2241.33
-31630.0	7844.0	992.94	2325.37
-31630.0	7844.0	991.785	2359.59
-31630.0	7844.0	990.63	2302.89
-31630.0	7844.0	989.475	2380.38
-31630.0	7844.0	988.319	2349.67
-31630.0	7844.0	987.164	2435.77
-31630.0	7844.0	986.008	2437.5
-31630.0	7844.0	984.852	2389.49
-31630.0	7844.0	983.695	2475.54
-31630.0	7844.0	982.539	2520.49
-31630.0	7844.0	981.382	2530.84
-31630.0	7844.0	980.225	2487.17
-31630.0	7844.0	979.068	2465.11
-31630.0	7844.0	977.911	2497.07
-31630.0	7844.0	976.753	2546.3
-31630.0	7844.0	975.595	2509.13
-31630.0	7844.0	974.437	2582.08
-31630.0	7844.0	973.279	2499.59
-31630.0	7844.0	972.121	2570.36
-31630.0	7844.0	970.962	2608.73
-31630.0	7844.0	969.803	2573.74
-31630.0	7844.0	968.644	2653.08
-31630.0	7844.0	967.485	2643.98
-31630.0	7844.0	966.326	2537.85
-31630.0	7844.0	965.166	2606.37
-31630.0	7844.0	964.006	2556.33
-31630.0	7844.0	962.846	2616.2
-31630.0	7844.0	961.686	2617.88
-31630.0	7844.0	960.525	2589.4
-31630.0	7844.0	959.365	2614.78
-31630.0	7844.0	958.204	2588.47
-31630.0	7844.0	957.043	2598.76
-31630.0	7844.0	955.881	2589.68
-31630.0	7844.0	954.72	2488.05
-31630.0	7844.0	953.558	2623.17
-31630.0	7844.0	952.396	2601.18
-31630.0	7844.0	951.234	2605.0
-31630.0	7844.0	950.071	2438.92
-31630.0	7844.0	948.909	2612.66
-31630.0	7844.0	947.746	2575.63
-31630.0	7844.0	946.583	2583.76
-31630.0	7844.0	945.42	2649.92
-31630.0	7844.0	944.256	2651.58
-31630.0	7844.0	943.092	2625.32
-31630.0	7844.0	941.929	2547.51
-31630.0	7844.0	940.765	2585.7
-31630.0	7844.0	939.6	2529.4
-31630.0	7844.0	938.436	2528.94
-31630.0	7844.0	937.271	2543.5
-31630.0	7844.0	936.106	2506.56
-31630.0	7844.0	934.941	2443.87
-31630.0	7844.0	933.775	2419.83
-31630.0	7844.0	932.61	2290.7
-31630.0	7844.0	931.444	2436.1
-31630.0	7844.0	930.278	2384.19
-31630.0	7844.0	929.112	2306.59
-31630.0	7844.0	927.945	2261.15
-31630.0	7844.0	926.779	2277.88
-31630.0	7844.0	925.612	2339.6
-31630.0	7844.0	924.445	2319.89
-31630.0	7844.0	923.278	2242.36
-31630.0	7844.0	922.11	2207.69
-31630.0	7844.0	920.942	2051.0
-31630.0	7844.0	919.774	2234.7
-31630.0	7844.0	918.606	2208.61
-31630.0	7844.0	917.438	2238.16
-31630.0	7844.0	916.269	2150.04
-31630.0	7844.0	915.1	2098.3
-31630.0	7844.0	913.931	2127.86
-31630.0	7844.0	912.762	2041.94
-31630.0	7844.0	911.593	2009.5
-31630.0	7844.0	910.423	2083.93
-31630.0	7844.0	909.253	2017.3
-31630.0	7844.0	908.083	2066.07
-31630.0	7844.0	906.913	2055.01
-31630.0	7844.0	905.742	2088.8
-31630.0	7844.0	904.572	2109.77
-31630.0	7844.0	903.401	2011.17
-31630.0	7844.0	902.229	2047.09
-31630.0	7844.0	901.058	2102.2
-31630.0	7844.0	899.886	2012.19
-31630.0	7844.0	898.715	1941.41
-31630.0	7844.0	897.543	2005.04
-31630.0	7844.0	896.37	2017.47
-31630.0	7844.0	895.198	2000.04
-31630.0	7844.0	894.025	2010.32
-31630.0	7844.0	892.852	2014.21
-31630.0	7844.0	891.679	2118.26
-31630.0	7844.0	890.506	2034.77
-31630.0	7844.0	889.332	2062.09
-31630.0	7844.0	888.158	1980.77
-31630.0	7844.0	886.984	1980.4
-31630.0	7844.0	885.81	1950.23
-31630.0	7844.0	884.636	2041.4
-31630.0	7844.0	883.461	2047.4
-31630.0	7844.0	882.286	2019.36
-31630.0	7844.0	881.111	2080.68
-31630.0	7844.0	879.936	1984.57
-31630.0	7844.0	878.76	1977.82
-31630.0	7844.0	877.584	2000.84
-31630.0	7844.0	876.408	1940.94
-31630.0	7844.0	875.232	1974.59
-31630.0	7844.0	874.056	1997.6
-31630.0	7844.0	872.879	1918.61
-31630.0	7844.0	871.702	1969.24
-31630.0	7844.0	870.525	2007.1
-31630.0	7844.0	869.348	1957.88
-31630.0	7844.0	868.17	1915.05
-31630.0	7844.0	866.993	1899.84
-31630.0	7844.0	865.815	1931.31
-31630.0	7844.0	864.637	1973.39
-31630.0	7844.0	863.458	2002.72
-31630.0	7844.0	862.28	1928.11
-31630.0	7844.0	861.101	1927.75
-31630.0	7844.0	859.922	1891.34
-31630.0	7844.0	858.742	1876.14
-31630.0	7844.0	857.563	1981.77
-31630.0	7844.0	856.383	1913.58
-31630.0	7844.0	855.203	1887.8
-31630.0	7844.0	854.023	1978.53
-31630.0	7844.0	852.843	1963.34
-31630.0	7844.0	851.662	1960.85
-31630.0	7844.0	850.481	1871.56
-31630.0	7844.0	849.3	1847.92
-31630.0	7844.0	848.119	1841.23
-31630.0	7844.0	846.937	2010.16
-31630.0	7844.0	845.756	1971.7
-31630.0	7844.0	844.574	1893.07
-31630.0	7844.0	843.392	1924.43
-31630.0	7844.0	842.209	1898.69
-31630.0	7844.0	841.027	1936.39
-31630.0	7844.0	839.844	1910.66
-31630.0	7844.0	838.661	1855.36
-31630.0	7844.0	837.477	1945.85
-31630.0	7844.0	836.294	1985.62
-31630.0	7844.0	835.11	1924.0
-31630.0	7844.0	833.926	2008.1
-31630.0	7844.0	832.742	2009.83
-31630.0	7844.0	831.558	1971.45
-31630.0	7844.0	830.373	1922.54
-31630.0	7844.0	829.188	1932.73
-31630.0	7844.0	828.003	1930.25
-31630.0	7844.0	826.818	1917.23
-31630.0	7844.0	825.632	1923.19
-31630.0	7844.0	824.446	1937.59
-31630.0	7844.0	823.26	1935.11
-31630.0	7844.0	822.074	1951.61
-31630.0	7844.0	820.888	1959.66
-31630.0	7844.0	819.701	1982.47
-31630.0	7844.0	818.514	1963.13
-31630.0	7844.0	817.327	1977.5
-31630.0	7844.0	816.14	1918.17
-31630.0	7844.0	814.952	1873.59
-31630.0	7844.0	813.765	1902.7
-31630.0	7844.0	812.577	1893.92
-31630.0	7844.0	811.388	1918.81
-31630.0	7844.0	810.2	1857.44
-31630.0	7844.0	809.011	1930.7
-31630.0	7844.0	807.822	1963.97
-31630.0	7844.0	806.633	1875.3
-31630.0	7844.0	805.444	1872.84
-31630.0	7844.0	804.254	1876.69
-31630.0	7844.0	803.064	1880.53
-31630.0	7844.0	801.874	1920.09
-31630.0	7844.0	800.684	1875.61
-31630.0	7844.0	799.493	1845.85
-31630.0	7844.0	798.303	1946.28
-31630.0	7844.0	797.112	1918.62
-31630.0	7844.0	795.921	1918.25
-31630.0	7844.0	794.729	1934.67
-31630.0	7844.0	793.538	1896.54
-31630.0	7844.0	792.346	1826.95
-31630.0	7844.0	791.154	1893.71
-31630.0	7844.0	789.961	1853.51
-31630.0	7844.0	788.769	1853.15
-31630.0	7844.0	787.576	1928.25
-31630.0	7844.0	786.383	1867.11
-31630.0	7844.0	785.19	1868.85
-31630.0	7844.0	783.996	1851.73
-31630.0	7844.0	782.802	1847.19
-31630.0	7844.0	781.608	1827.99
-31630.0	7844.0	780.414	1854.85
-31630.0	7844.0	779.22	1816.82
-31630.0	7844.0	778.025	1862.51
-31630.0	7844.0	776.83	1860.06
-31630.0	7844.0	775.635	1815.77
-31630.0	7844.0	774.44	1901.17
-31630.0	7844.0	773.244	1827.62
-31630.0	7844.0	772.049	1923.43
-31630.0	7844.0	770.853	1937.7
-31630.0	7844.0	769.656	1870.45
-31630.0	7844.0	768.46	1893.07
-31630.0	7844.0	767.263	1913.59
-31630.0	7844.0	766.066	1844.3
-31630.0	7844.0	764.869	1869.0
-31630.0	7844.0	763.672	1893.69
-31630.0	7844.0	762.474	1868.28
-31630.0	7844.0	761.276	1865.83
-31630.0	7844.0	760.078	1846.69
-31630.0	7844.0	758.88	1902.66
-31630.0	7844.0	757.681	1841.8
-31630.0	7844.0	756.483	1851.87
-31630.0	7844.0	755.284	1878.62
-31630.0	7844.0	754.084	1865.75
-31630.0	7844.0	752.885	1796.61
-31630.0	7844.0	751.685	1865.02
-31630.0	7844.0	750.485	1802.16
-31630.0	7844.0	749.285	1887.21
-31630.0	7844.0	748.085	1838.95
-31630.0	7844.0	746.884	1828.18
-31630.0	7844.0	745.683	1848.64
-31630.0	7844.0	744.482	1885.75
-31630.0	7844.0	743.281	1862.49
-31630.0	7844.0	742.079	1841.32
-31630.0	7844.0	740.877	1874.25
-31630.0	7844.0	739.675	1815.65
-31630.0	7844.0	738.473	1821.53
-31630.0	7844.0	737.27	1814.94
-31630.0	7844.0	736.068	1814.59
-31630.0	7844.0	734.865	1799.68
-31630.0	7844.0	733.661	1795.18
-31630.0	7844.0	732.458	1776.13
-31630.0	7844.0	731.254	1779.94
-31630.0	7844.0	730.05	1829.43
-31630.0	7844.0	728.846	1824.92
-31630.0	7844.0	727.642	1845.32
-31630.0	7844.0	726.437	1768.17
-31630.0	7844.0	725.232	1857.05
-31630.0	7844.0	724.027	1750.88
-31630.0	7844.0	722.822	1794.1
-31630.0	7844.0	721.616	1797.89
-31630.0	7844.0	720.41	1780.96
-31630.0	7844.0	719.204	1853.16
-31630.0	7844.0	717.998	1854.87
-31630.0	7844.0	716.791	1833.78
-31630.0	7844.0	715.585	1816.85
-31630.0	7844.0	714.378	2062.97
-31630.0	7844.0	713.17	1876.19
-31630.0	7844.0	711.963	1840.63
-31630.0	7844.0	710.755	1821.64
-31630.0	7844.0	709.547	1868.88
-31630.0	7844.0	708.339	1899.55
-31630.0	7844.0	707.131	1849.53
-31630.0	7844.0	705.922	1809.86
-31630.0	7844.0	704.713	1902.57
-31630.0	7844.0	703.504	1877.38
-31630.0	7844.0	702.295	1889.42
-31630.0	7844.0	701.085	1882.84
-31630.0	7844.0	699.875	1888.67
-31630.0	7844.0	698.665	1809.79
-31630.0	7844.0	697.455	1875.53
-31630.0	7844.0	696.244	1947.44
-31630.0	7844.0	695.034	1866.54
-31630.0	7844.0	693.822	1882.68
-31630.0	7844.0	692.611	1857.54
-31630.0	7844.0	691.4	1929.4
-31630.0	7844.0	690.188	1871.25
-31630.0	7844.0	688.976	1895.64
-31630.0	7844.0	687.764	1874.64
-31630.0	7844.0	686.551	1899.01
-31630.0	7844.0	685.339	1911.0
-31630.0	7844.0	684.126	2005.44
-31630.0	7844.0	682.912	1990.61
-31630.0	7844.0	681.699	1984.04
-31630.0	7844.0	680.485	1905.37
-31630.0	7844.0	679.271	1929.71
-31630.0	7844.0	678.057	1984.92
-31630.0	7844.0	676.843	1910.42
-31630.0	7844.0	675.628	1877.11
-31630.0	7844.0	674.413	1961.1
-31630.0	7844.0	673.198	1971.0
-31630.0	7844.0	671.983	1962.38
-31630.0	7844.0	670.767	1947.6
-31630.0	7844.0	669.551	1938.99
-31630.0	7844.0	668.335	1911.88
-31630.0	7844.0	667.119	1991.66
-31630.0	7844.0	665.902	2009.75
-31630.0	7844.0	664.686	2007.3
-31630.0	7844.0	663.469	2043.88
-31630.0	7844.0	662.251	2033.2
-31630.0	7844.0	661.034	1993.78
-31630.0	7844.0	659.816	1937.96
-31630.0	7844.0	658.598	1931.41
-31630.0	7844.0	657.38	1949.5
-31630.0	7844.0	656.161	1967.57
-31630.0	7844.0	654.942	1952.82
-31630.0	7844.0	653.723	1995.5
-31630.0	7844.0	652.504	1900.78
-31630.0	7844.0	651.285	2013.16
-31630.0	7844.0	650.065	1943.07
-31630.0	7844.0	648.845	2000.06
-31630.0	7844.0	647.625	1952.54
-31630.0	7844.0	646.404	2001.31
-31630.0	7844.0	645.184	1957.9
-31630.0	7844.0	643.963	2094.7
-31630.0	7844.0	642.742	1993.97
-31630.0	7844.0	641.52	1948.54
-31630.0	7844.0	640.298	2003.4
-31630.0	7844.0	639.076	1912.98
-31630.0	7844.0	637.854	2072.15
-31630.0	7844.0	636.632	2032.87
-31630.0	7844.0	635.409	2003.84
-31630.0	7844.0	634.186	2036.15
-31630.0	7844.0	632.963	2023.48
-31630.0	7844.0	631.74	2037.38
-31630.0	7844.0	630.516	2012.45
-31630.0	7844.0	629.292	2032.47
-31630.0	7844.0	628.068	2025.94
-31630.0	7844.0	626.844	2007.16
-31630.0	7844.0	625.619	2008.79
-31630.0	7844.0	624.394	2032.88
-31630.0	7844.0	623.169	2110.02
-31630.0	7844.0	621.944	2136.12
-31630.0	7844.0	620.718	2019.42
-31630.0	7844.0	619.492	2082.23
-31630.0	7844.0	618.266	2039.0
-31630.0	7844.0	617.04	2083.44
-31630.0	7844.0	615.813	2085.05
-31630.0	7844.0	614.587	2084.63
-31630.0	7844.0	613.36	2084.21
-31630.0	7844.0	612.132	2034.91
-31630.0	7844.0	610.905	2001.91
-31630.0	7844.0	609.677	2023.91
-31630.0	7844.0	608.449	2025.53
-31630.0	7844.0	607.22	2035.3
-31630.0	7844.0	605.992	1973.84
-31630.0	7844.0	604.763	1995.83
-31630.0	7844.0	603.534	2044.24
-31630.0	7844.0	602.305	2037.73
-31630.0	7844.0	601.075	2033.25
-31630.0	7844.0	599.845	1973.89
-31630.0	7844.0	598.615	1987.71
-31630.0	7844.0	597.385	1987.31
-31630.0	7844.0	596.154	2043.79
-31630.0	7844.0	594.924	2008.85
-31630.0	7844.0	593.693	2024.69
-31630.0	7844.0	592.461	1963.37
-31630.0	7844.0	591.23	2038.08
-31630.0	7844.0	589.998	1952.43
-31630.0	7844.0	588.766	2035.23
-31630.0	7844.0	587.534	1994.24
-31630.0	7844.0	586.301	2003.98
-31630.0	7844.0	585.068	2017.76
-31630.0	7844.0	583.835	2007.22
-31630.0	7844.0	582.602	1976.4
-31630.0	7844.0	581.368	1909.12
-31630.0	7844.0	580.134	2056.65
-31630.0	7844.0	578.9	2007.61
-31630.0	7844.0	577.666	1974.8
-31630.0	7844.0	576.432	2014.9
-31630.0	7844.0	575.197	1969.95
-31630.0	7844.0	573.962	1941.21
-31630.0	7844.0	572.726	1940.81
-31630.0	7844.0	571.491	2080.03
-31630.0	7844.0	570.255	1935.98
-31630.0	7844.0	569.019	1974.01
-31630.0	7844.0	567.783	2032.25
-31630.0	7844.0	566.546	2054.08
-31630.0	7844.0	565.309	2061.74
-31630.0	7844.0	564.072	2051.22
-31630.0	7844.0	562.835	2105.36
-31630.0	7844.0	561.597	2007.96
-31630.0	7844.0	560.359	2051.99
-31630.0	7844.0	559.121	2095.99
-31630.0	7844.0	557.883	2105.66
-31630.0	7844.0	556.644	2210.19
-31630.0	7844.0	555.406	2185.52
-31630.0	7844.0	554.167	2160.86
-31630.0	7844.0	552.927	2180.59
-31630.0	7844.0	551.688	2220.48
-31630.0	7844.0	550.448	2248.26
-31630.0	7844.0	549.208	2251.83
-31630.0	7844.0	547.967	2265.48
-31630.0	7844.0	546.727	2287.18
-31630.0	7844.0	545.486	2288.73
-31630.0	7844.0	544.245	2382.93
-31630.0	7844.0	543.003	2477.1
-31630.0	7844.0	541.762	2514.85
-31630.0	7844.0	540.52	2568.68
-31630.0	7844.0	539.278	2499.73
-31630.0	7844.0	538.035	2722.57
-31630.0	7844.0	536.793	2798.47
-31630.0	7844.0	535.55	2918.58
-31630.0	7844.0	534.307	2998.42
-31630.0	7844.0	533.063	3263.2
-31630.0	7844.0	531.82	3373.09
-31630.0	7844.0	530.576	3679.9
-31630.0	7844.0	529.331	4123.21
-31630.0	7844.0	528.087	4821.48
-31630.0	7844.0	526.842	5790.61
-31630.0	7844.0	525.597	7442.11
-31630.0	7844.0	524.352	10301.6
-31630.0	7844.0	523.107	15129.0
-31630.0	7844.0	521.861	20658.9
-31630.0	7844.0	520.615	22542.7
-31630.0	7844.0	519.369	19860.0
-31630.0	7844.0	518.122	15954.9
-31630.0	7844.0	516.876	12953.8
-31630.0	7844.0	515.629	10661.6
-31630.0	7844.0	514.381	9079.97
-31630.0	7844.0	513.134	7859.67
-31630.0	7844.0	511.886	7323.09
-31630.0	7844.0	510.638	6818.79
-31630.0	7844.0	509.39	6438.86
-31630.0	7844.0	508.141	6135.18
-31630.0	7844.0	506.892	5961.75
-31630.0	7844.0	505.643	5826.41
-31630.0	7844.0	504.394	5709.15
-31630.0	7844.0	503.145	5577.92
-31630.0	7844.0	501.895	5516.76
-31630.0	7844.0	500.645	5449.63
-31630.0	7844.0	499.394	5500.49
-31630.0	7844.0	498.144	5391.4
-31630.0	7844.0	496.893	5508.21
-31630.0	7844.0	495.642	5321.24
-31630.0	7844.0	494.39	5298.16
-31630.0	7844.0	493.139	5215.17
-31630.0	7844.0	491.887	5046.35
-31630.0	7844.0	490.635	5125.16
-31630.0	7844.0	489.382	5132.09
-31630.0	7844.0	488.13	5025.25
-31630.0	7844.0	486.877	5014.23
-31630.0	7844.0	485.623	5102.97
-31630.0	7844.0	484.37	4960.3
-31630.0	7844.0	483.116	4879.51
-31630.0	7844.0	481.862	4900.43
-31630.0	7844.0	480.608	4885.46
-31630.0	7844.0	479.354	4902.38
-31630.0	7844.0	478.099	4883.43
-31630.0	7844.0	476.844	4744.97
-31630.0	7844.0	475.588	4702.16
-31630.0	7844.0	474.333	4731.05
-31630.0	7844.0	473.077	4584.74
-31630.0	7844.0	471.821	4613.65
-31630.0	7844.0	470.565	4511.2
-31630.0	7844.0	469.308	4468.48
-31630.0	7844.0	468.051	4451.64
-31630.0	7844.0	466.794	4395.03
-31630.0	7844.0	465.537	4445.81
-31630.0	7844.0	464.279	4262.0
-31630.0	7844.0	463.021	4157.77
-31630.0	7844.0	461.763	4290.04
-31630.0	7844.0	460.505	4299.08
-31630.0	7844.0	459.246	4214.76
-31630.0	7844.0	457.987	4209.91
-31630.0	7844.0	456.728	4060.13
-31630.0	7844.0	455.469	4047.37
-31630.0	7844.0	454.209	4014.78
-31630.0	7844.0	452.949	3922.67
-31630.0	7844.0	451.689	3852.42
-31630.0	7844.0	450.428	3895.25
-31630.0	7844.0	449.167	3759.6
-31630.0	7844.0	447.906	3788.55
-31630.0	7844.0	446.645	3783.8
-31630.0	7844.0	445.383	3737.43
-31630.0	7844.0	444.122	3647.49
-31630.0	7844.0	442.86	3516.0
-31630.0	7844.0	441.597	3491.5
-31630.0	7844.0	440.335	3500.67
-31630.0	7844.0	439.072	3478.16
-31630.0	7844.0	437.809	3437.85
-31630.0	7844.0	436.545	3458.9
-31630.0	7844.0	435.281	3410.69
-31630.0	7844.0	434.018	3374.38
-31630.0	7844.0	432.753	3288.64
-31630.0	7844.0	431.489	3218.75
-31630.0	7844.0	430.224	3338.65
-31630.0	7844.0	428.959	3268.79
-31630.0	7844.0	427.694	3216.73
-31630.0	7844.0	426.428	3227.91
-31630.0	7844.0	425.163	3292.41
-31630.0	7844.0	423.896	3121.9
-31630.0	7844.0	422.63	3123.22
-31630.0	7844.0	421.364	3162.04
-31630.0	7844.0	420.097	3098.23
-31630.0	7844.0	418.83	3066.01
-31630.0	7844.0	417.562	3057.48
-31630.0	7844.0	416.295	3123.89
-31630.0	7844.0	415.027	3071.97
-31630.0	7844.0	413.758	3089.07
-31630.0	7844.0	412.49	2985.93
-31630.0	7844.0	411.221	2957.72
-31630.0	7844.0	409.952	2945.28
-31630.0	7844.0	408.683	2948.6
-31630.0	7844.0	407.414	2918.44
-31630.0	7844.0	406.144	2998.55
-31630.0	7844.0	404.874	2966.42
-31630.0	7844.0	403.603	3007.13
-31630.0	7844.0	402.333	2992.72
-31630.0	7844.0	401.062	2966.52
-31630.0	7844.0	399.791	2971.79
-31630.0	7844.0	398.519	2969.2
-31630.0	7844.0	397.248	2891.91
-31630.0	7844.0	395.976	2901.13
-31630.0	7844.0	394.704	2959.47
-31630.0	7844.0	393.431	2939.2
-31630.0	7844.0	392.159	2936.61
-31630.0	7844.0	390.886	2957.6
-31630.0	7844.0	389.612	3006.06
-31630.0	7844.0	388.339	2952.43
-31630.0	7844.0	387.065	2922.36
-31630.0	7844.0	385.791	2986.5
-31630.0	7844.0	384.517	2970.18
-31630.0	7844.0	383.242	2885.21
-31630.0	7844.0	381.967	2890.49
-31630.0	7844.0	380.692	2966.34
-31630.0	7844.0	379.417	2852.02
-31630.0	7844.0	378.141	2908.25
-31630.0	7844.0	376.865	2907.64
-31630.0	7844.0	375.589	2973.63
-31630.0	7844.0	374.312	2833.95
-31630.0	7844.0	373.035	2917.55
-31630.0	7844.0	371.758	2822.96
-31630.0	7844.0	370.481	2861.51
-31630.0	7844.0	369.204	2876.56
-31630.0	7844.0	367.926	2862.26
-31630.0	7844.0	366.648	2810.8
-31630.0	7844.0	365.369	2835.63
-31630.0	7844.0	364.091	2829.16
-31630.0	7844.0	362.812	2846.15
-31630.0	7844.0	361.532	2872.91
-31630.0	7844.0	360.253	2841.04
-31630.0	7844.0	358.973	2852.16
-31630.0	7844.0	357.693	2843.75
-31630.0	7844.0	356.413	2905.63
-31630.0	7844.0	355.132	2854.26
-31630.0	7844.0	353.852	2816.57
-31630.0	7844.0	352.571	2837.44
-31630.0	7844.0	351.289	2778.3
-31630.0	7844.0	350.008	2830.38
-31630.0	7844.0	348.726	2825.88
-31630.0	7844.0	347.444	2809.68
-31630.0	7844.0	346.161	2885.11
-31630.0	7844.0	344.878	2833.83
-31630.0	7844.0	343.595	2807.9
-31630.0	7844.0	342.312	2926.14
-31630.0	7844.0	341.029	2913.83
-31630.0	7844.0	339.745	2856.74
-31630.0	7844.0	338.461	2904.81
-31630.0	7844.0	337.176	2906.14
-31630.0	7844.0	335.892	2821.84
-31630.0	7844.0	334.607	2930.2
-31630.0	7844.0	333.322	2888.72
-31630.0	7844.0	332.036	3018.42
-31630.0	7844.0	330.75	3027.5
-31630.0	7844.0	329.464	3009.36
-31630.0	7844.0	328.178	2983.45
-31630.0	7844.0	326.892	2969.22
-31630.0	7844.0	325.605	2953.04
-31630.0	7844.0	324.318	2977.66
-31630.0	7844.0	323.03	3013.93
-31630.0	7844.0	321.743	2953.1
-31630.0	7844.0	320.455	3109.7
-31630.0	7844.0	319.167	3012.01
-31630.0	7844.0	317.878	2984.2
-31630.0	7844.0	316.59	3034.0
-31630.0	7844.0	315.301	3023.66
-31630.0	7844.0	314.011	3069.55
-31630.0	7844.0	312.722	3142.57
-31630.0	7844.0	311.432	3068.25
-31630.0	7844.0	310.142	3036.59
-31630.0	7844.0	308.851	3185.12
-31630.0	7844.0	307.561	3190.26
-31630.0	7844.0	306.27	3121.8
-31630.0	7844.0	304.979	3157.92
-31630.0	7844.0	303.687	3207.57
-31630.0	7844.0	302.395	3197.21
-31630.0	7844.0	301.103	3231.36
-31630.0	7844.0	299.811	3137.81
-31630.0	7844.0	298.519	3084.92
-31630.0	7844.0	297.226	3175.15
-31630.0	7844.0	295.933	3087.48
-31630.0	7844.0	294.639	3057.82
-31630.0	7844.0	293.345	2966.34
-31630.0	7844.0	292.052	2983.1
-31630.0	7844.0	290.757	2924.51
-31630.0	7844.0	289.463	3001.14
-31630.0	7844.0	288.168	3012.08
-31630.0	7844.0	286.873	2968.97
-31630.0	7844.0	285.578	2962.55
-31630.0	7844.0	284.282	3064.18
-31630.0	7844.0	282.986	2969.0
-31630.0	7844.0	281.69	2912.43
-31630.0	7844.0	280.393	2875.17
-31630.0	7844.0	279.097	2884.19
-31630.0	7844.0	277.8	2937.55
-31630.0	7844.0	276.502	2881.03
-31630.0	7844.0	275.205	2826.47
-31630.0	7844.0	273.907	2818.16
-31630.0	7844.0	272.609	2827.19
-31630.0	7844.0	271.311	2803.48
-31630.0	7844.0	270.012	2779.78
-31630.0	7844.0	268.713	2784.96
-31630.0	7844.0	267.414	2759.35
-31630.0	7844.0	266.114	2733.75
-31630.0	7844.0	264.814	2804.33
-31630.0	7844.0	263.514	2669.12
-31630.0	7844.0	262.214	2612.79
-31630.0	7844.0	260.913	2704.5
-31630.0	7844.0	259.613	2675.09
-31630.0	7844.0	258.311	2724.47
-31630.0	7844.0	257.01	2600.95
-31630.0	7844.0	255.708	2600.39
-31630.0	7844.0	254.406	2592.15
-31630.0	7844.0	253.104	2566.64
-31630.0	7844.0	251.801	2600.64
-31630.0	7844.0	250.499	2611.6
-31630.0	7844.0	249.195	2574.59
-31630.0	7844.0	247.892	2522.25
-31630.0	7844.0	246.588	2535.13
-31630.0	7844.0	245.284	2553.76
-31630.0	7844.0	243.98	2580.05
-31630.0	7844.0	242.676	2556.5
-31630.0	7844.0	241.371	2554.03
-31630.0	7844.0	240.066	2610.95
-31630.0	7844.0	238.76	2533.78
-31630.0	7844.0	237.455	2514.09
-31630.0	7844.0	236.149	2435.06
-31630.0	7844.0	234.843	2407.75
-31630.0	7844.0	233.536	2411.06
-31630.0	7844.0	232.229	2490.89
-31630.0	7844.0	230.922	2528.61
-31630.0	7844.0	229.615	2478.35
-31630.0	7844.0	228.307	2443.4
-31630.0	7844.0	227.0	2442.88
-31630.0	7844.0	225.691	2478.66
-31630.0	7844.0	224.383	2321.46
-31630.0	7844.0	223.074	2280.84
-31630.0	7844.0	221.765	2347.2
-31630.0	7844.0	220.456	2371.51
-31630.0	7844.0	219.146	2388.19
-31630.0	7844.0	217.836	2341.87
-31630.0	7844.0	216.526	2385.25
-31630.0	7844.0	215.216	2295.07
-31630.0	7844.0	213.905	2361.34
-31630.0	7844.0	212.594	2353.2
-31630.0	7844.0	211.283	2356.51
-31630.0	7844.0	209.971	2376.97
-31630.0	7844.0	208.66	2374.55
-31630.0	7844.0	207.348	2370.23
-31630.0	7844.0	206.035	2362.1
-31630.0	7844.0	204.722	2447.3
-31630.0	7844.0	203.409	2564.83
-31630.0	7844.0	202.096	2604.25
-31630.0	7844.0	200.783	2639.85
-31630.0	7844.0	199.469	2677.34
-31630.0	7844.0	198.155	2745.26
-31630.0	7844.0	196.84	2778.9
-31630.0	7844.0	195.526	2761.19
-31630.0	7844.0	194.211	2720.67
-31630.0	7844.0	192.896	2733.39
-31630.0	7844.0	191.58	2996.96
-31630.0	7844.0	190.264	2876.61
-31630.0	7844.0	188.948	2902.59
-31630.0	7844.0	187.632	2898.17
-31630.0	7844.0	186.315	2905.14
-31630.0	7844.0	184.998	2948.17
-31630.0	7844.0	183.681	2913.38
-31630.0	7844.0	182.364	2958.29
-31630.0	7844.0	181.046	3033.54
-31630.0	7844.0	179.728	2930.46
-31630.0	7844.0	178.41	2988.62
-31630.0	7844.0	177.091	3012.62
-31630.0	7844.0	175.772	3057.46
-31630.0	7844.0	174.453	2990.47
-31630.0	7844.0	173.133	3039.09
-31630.0	7844.0	171.814	2989.19
-31630.0	7844.0	170.494	3102.17
-31630.0	7844.0	169.173	2976.54
-31630.0	7844.0	167.853	2915.32
-31630.0	7844.0	166.532	2975.25
-31630.0	7844.0	165.211	2925.41
-31630.0	7844.0	163.889	3030.73
-31630.0	7844.0	162.567	3056.55
-31630.0	7844.0	161.245	3071.02
-31630.0	7844.0	159.923	3068.47
-31630.0	7844.0	158.6	3160.43
-31630.0	7844.0	157.278	3133.29
-31630.0	7844.0	155.954	3115.61
-31630.0	7844.0	154.631	3252.83
-31630.0	7844.0	153.307	3199.25
-31630.0	7844.0	151.983	3192.9
-31630.0	7844.0	150.659	3139.35
-31630.0	7844.0	149.334	3157.55
-31630.0	7844.0	148.009	3145.54
-31630.0	7844.0	146.684	3254.28
-31630.0	7844.0	145.359	3136.64
-31630.0	7844.0	144.033	3169.91
-31630.0	7844.0	142.707	3180.54
-31630.0	7844.0	141.381	3096.91
-31630.0	7844.0	140.054	3086.82
-31630.0	7844.0	138.727	3167.17
-31630.0	7844.0	137.4	3145.77
-31630.0	7844.0	136.072	3082.94
-31630.0	7844.0	134.745	3118.05
-31630.0	7844.0	133.417	3094.79
-31630.0	7844.0	132.088	3154.35
-31630.0	7844.0	130.76	3153.66
-31630.0	7844.0	129.431	3168.03
-31630.0	7844.0	128.102	3157.95
-31630.0	7844.0	126.772	3145.98
-31630.0	7844.0	125.442	3105.82
-31630.0	7844.0	124.112	3028.09
-31630.0	7844.0	122.782	3091.33
-31630.0	7844.0	121.451	3045.57
-31630.0	7844.0	120.12	3020.49
-31630.0	7844.0	118.789	3002.94
-31630.0	7844.0	117.458	2976.0
-31630.0	7844.0	116.126	2926.55
-31630.0	7844.0	114.794	2880.88
-31630.0	7844.0	113.462	2908.4
-31630.0	7844.0	112.129	2889.01
-31630.0	7844.0	110.796	2779.6
-31630.0	7844.0	109.463	2696.5
-31630.0	7844.0	108.129	2688.41
-31630.0	7844.0	106.796	2599.74
-31630.0	7844.0	105.461	2565.45
-31630.0	7844.0	104.127	2574.26
-31630.0	7844.0	102.792	2421.98
-31630.0	7844.0	101.457	2299.73
-31630.0	7844.0	100.122	2267.4
-31630.0	7844.0	98.7867	2205.14
-31630.0	7844.0	97.4509	2185.94
-31630.0	7844.0	96.1148	2050.75
-31630.0	7844.0	94.7784	2087.72
-31630.0	7844.0	93.4418	1950.74
-31630.0	7844.0	92.1048	1884.87
-31630.0	7844.0	90.7676	1906.9
-31630.0	7844.0	89.43	1844.8
-31630.0	7844.0	88.0922	1803.29
-31630.0	7844.0	86.7541	1832.8
-31630.0	7844.0	85.4157	1789.44
