-31630.0	7842.0	1311.89	1994.26
-31630.0	7842.0	1310.78	2118.84
-31630.0	7842.0	1309.68	2039.03
-31630.0	7842.0	1308.58	2059.14
-31630.0	7842.0	1307.48	2133.72
-31630.0	7842.0	1306.38	2149.26
-31630.0	7842.0	1305.28	2160.26
-31630.0	7842.0	1304.18	2096.39
-31630.0	7842.0	1303.07	2100.59
-31630.0	7842.0	1301.97	2134.28
-31630.0	7842.0	1300.87	2097.65
-31630.0	7842.0	1299.77	2115.45
-31630.0	7842.0	1298.66	2149.12
-31630.0	7842.0	1297.56	2094.37
-31630.0	7842.0	1296.46	2089.51
-31630.0	7842.0	1295.35	2039.32
-31630.0	7842.0	1294.25	2059.38
-31630.0	7842.0	1293.15	2072.64
-31630.0	7842.0	1292.04	2126.66
-31630.0	7842.0	1290.94	2099.15
-31630.0	7842.0	1289.83	2121.45
-31630.0	7842.0	1288.73	2048.67
-31630.0	7842.0	1287.63	2037.02
-31630.0	7842.0	1286.52	1989.17
-31630.0	7842.0	1285.42	1982.07
-31630.0	7842.0	1284.31	2058.66
-31630.0	7842.0	1283.21	2117.14
-31630.0	7842.0	1282.1	2223.09
-31630.0	7842.0	1280.99	2044.1
-31630.0	7842.0	1279.89	2131.94
-31630.0	7842.0	1278.78	2093.17
-31630.0	7842.0	1277.68	2063.45
-31630.0	7842.0	1276.57	2085.71
-31630.0	7842.0	1275.46	2071.82
-31630.0	7842.0	1274.36	2051.15
-31630.0	7842.0	1273.25	2064.37
-31630.0	7842.0	1272.14	2109.2
-31630.0	7842.0	1271.04	2084.03
-31630.0	7842.0	1269.93	2126.58
-31630.0	7842.0	1268.82	2038.21
-31630.0	7842.0	1267.71	2064.96
-31630.0	7842.0	1266.61	2051.08
-31630.0	7842.0	1265.5	2019.17
-31630.0	7842.0	1264.39	2115.83
-31630.0	7842.0	1263.28	2036.55
-31630.0	7842.0	1262.17	2040.73
-31630.0	7842.0	1261.06	2126.07
-31630.0	7842.0	1259.95	2046.83
-31630.0	7842.0	1258.84	1942.82
-31630.0	7842.0	1257.74	2001.1
-31630.0	7842.0	1256.63	2014.29
-31630.0	7842.0	1255.52	2117.59
-31630.0	7842.0	1254.41	2081.2
-31630.0	7842.0	1253.3	2051.59
-31630.0	7842.0	1252.19	2046.75
-31630.0	7842.0	1251.08	2050.92
-31630.0	7842.0	1249.96	2043.83
-31630.0	7842.0	1248.85	2043.5
-31630.0	7842.0	1247.74	2074.67
-31630.0	7842.0	1246.63	2013.58
-31630.0	7842.0	1245.52	2062.74
-31630.0	7842.0	1244.41	2051.16
-31630.0	7842.0	1243.3	1992.36
-31630.0	7842.0	1242.18	2072.97
-31630.0	7842.0	1241.07	1996.2
-31630.0	7842.0	1239.96	2009.36
-31630.0	7842.0	1238.85	2042.74
-31630.0	7842.0	1237.74	2024.43
-31630.0	7842.0	1236.62	2019.6
-31630.0	7842.0	1235.51	1994.56
-31630.0	7842.0	1234.4	1980.76
-31630.0	7842.0	1233.28	1987.17
-31630.0	7842.0	1232.17	1991.34
-31630.0	7842.0	1231.06	2006.72
-31630.0	7842.0	1229.94	1995.17
-31630.0	7842.0	1228.83	1954.45
-31630.0	7842.0	1227.71	1974.32
-31630.0	7842.0	1226.6	1974.0
-31630.0	7842.0	1225.48	1973.67
-31630.0	7842.0	1224.37	1995.77
-31630.0	7842.0	1223.25	2006.65
-31630.0	7842.0	1222.14	2022.01
-31630.0	7842.0	1221.02	1974.61
-31630.0	7842.0	1219.91	1996.7
-31630.0	7842.0	1218.79	1953.79
-31630.0	7842.0	1217.68	2020.68
-31630.0	7842.0	1216.56	1955.39
-31630.0	7842.0	1215.44	2082.72
-31630.0	7842.0	1214.33	2004.0
-31630.0	7842.0	1213.21	2055.16
-31630.0	7842.0	1212.09	2050.35
-31630.0	7842.0	1210.98	1947.06
-31630.0	7842.0	1209.86	1973.59
-31630.0	7842.0	1208.74	1964.31
-31630.0	7842.0	1207.62	2019.91
-31630.0	7842.0	1206.51	1939.06
-31630.0	7842.0	1205.39	2001.35
-31630.0	7842.0	1204.27	1916.06
-31630.0	7842.0	1203.15	1987.27
-31630.0	7842.0	1202.03	2071.87
-31630.0	7842.0	1200.91	2093.88
-31630.0	7842.0	1199.8	1946.06
-31630.0	7842.0	1198.68	1952.44
-31630.0	7842.0	1197.56	2016.89
-31630.0	7842.0	1196.44	1907.13
-31630.0	7842.0	1195.32	1884.48
-31630.0	7842.0	1194.2	1913.19
-31630.0	7842.0	1193.08	1973.14
-31630.0	7842.0	1191.96	1925.94
-31630.0	7842.0	1190.84	1939.01
-31630.0	7842.0	1189.72	2003.38
-31630.0	7842.0	1188.6	1962.9
-31630.0	7842.0	1187.48	2054.01
-31630.0	7842.0	1186.35	2013.53
-31630.0	7842.0	1185.23	1932.93
-31630.0	7842.0	1184.11	1981.65
-31630.0	7842.0	1182.99	1956.8
-31630.0	7842.0	1181.87	2014.41
-31630.0	7842.0	1180.75	1945.01
-31630.0	7842.0	1179.62	1982.55
-31630.0	7842.0	1178.5	1988.9
-31630.0	7842.0	1177.38	2008.61
-31630.0	7842.0	1176.26	2079.52
-31630.0	7842.0	1175.13	2030.2
-31630.0	7842.0	1174.01	1891.86
-31630.0	7842.0	1172.89	1918.25
-31630.0	7842.0	1171.76	2000.25
-31630.0	7842.0	1170.64	2015.49
-31630.0	7842.0	1169.51	1883.92
-31630.0	7842.0	1168.39	1954.76
-31630.0	7842.0	1167.27	1945.54
-31630.0	7842.0	1166.14	1918.54
-31630.0	7842.0	1165.02	1911.55
-31630.0	7842.0	1163.89	1917.89
-31630.0	7842.0	1162.77	1988.67
-31630.0	7842.0	1161.64	1950.57
-31630.0	7842.0	1160.52	1914.7
-31630.0	7842.0	1159.39	1996.55
-31630.0	7842.0	1158.26	1954.02
-31630.0	7842.0	1157.14	1909.29
-31630.0	7842.0	1156.01	1986.66
-31630.0	7842.0	1154.88	2015.17
-31630.0	7842.0	1153.76	1992.64
-31630.0	7842.0	1152.63	1934.62
-31630.0	7842.0	1151.5	1889.93
-31630.0	7842.0	1150.38	1967.24
-31630.0	7842.0	1149.25	1922.55
-31630.0	7842.0	1148.12	1955.48
-31630.0	7842.0	1146.99	1990.62
-31630.0	7842.0	1145.87	1945.96
-31630.0	7842.0	1144.74	1954.49
-31630.0	7842.0	1143.61	1940.86
-31630.0	7842.0	1142.48	1902.88
-31630.0	7842.0	1141.35	1975.64
-31630.0	7842.0	1140.22	1939.88
-31630.0	7842.0	1139.09	1915.19
-31630.0	7842.0	1137.97	1965.78
-31630.0	7842.0	1136.84	1925.61
-31630.0	7842.0	1135.71	1920.85
-31630.0	7842.0	1134.58	1951.5
-31630.0	7842.0	1133.45	1966.65
-31630.0	7842.0	1132.32	1937.57
-31630.0	7842.0	1131.19	1961.56
-31630.0	7842.0	1130.05	1985.55
-31630.0	7842.0	1128.92	1879.1
-31630.0	7842.0	1127.79	1925.19
-31630.0	7842.0	1126.66	1938.12
-31630.0	7842.0	1125.53	1913.49
-31630.0	7842.0	1124.4	1963.97
-31630.0	7842.0	1123.27	1941.55
-31630.0	7842.0	1122.13	1872.75
-31630.0	7842.0	1121.0	1969.59
-31630.0	7842.0	1119.87	1861.07
-31630.0	7842.0	1118.74	1885.04
-31630.0	7842.0	1117.6	1902.37
-31630.0	7842.0	1116.47	1906.46
-31630.0	7842.0	1115.34	1954.66
-31630.0	7842.0	1114.2	1905.8
-31630.0	7842.0	1113.07	1923.12
-31630.0	7842.0	1111.94	1986.73
-31630.0	7842.0	1110.8	2012.85
-31630.0	7842.0	1109.67	1979.44
-31630.0	7842.0	1108.54	1928.41
-31630.0	7842.0	1107.4	1910.45
-31630.0	7842.0	1106.27	1830.81
-31630.0	7842.0	1105.13	1898.78
-31630.0	7842.0	1104.0	1938.09
-31630.0	7842.0	1102.86	1926.75
-31630.0	7842.0	1101.72	1957.24
-31630.0	7842.0	1100.59	1893.07
-31630.0	7842.0	1099.45	1903.74
-31630.0	7842.0	1098.32	1938.62
-31630.0	7842.0	1097.18	1988.89
-31630.0	7842.0	1096.04	2003.95
-31630.0	7842.0	1094.91	2016.8
-31630.0	7842.0	1093.77	1965.87
-31630.0	7842.0	1092.63	2022.69
-31630.0	7842.0	1091.5	1916.83
-31630.0	7842.0	1090.36	1942.87
-31630.0	7842.0	1089.22	1909.57
-31630.0	7842.0	1088.08	1898.26
-31630.0	7842.0	1086.95	1924.29
-31630.0	7842.0	1085.81	1851.48
-31630.0	7842.0	1084.67	1888.49
-31630.0	7842.0	1083.53	1896.94
-31630.0	7842.0	1082.39	1890.03
-31630.0	7842.0	1081.25	1876.53
-31630.0	7842.0	1080.11	1889.37
-31630.0	7842.0	1078.97	1970.22
-31630.0	7842.0	1077.83	1908.46
-31630.0	7842.0	1076.69	1877.42
-31630.0	7842.0	1075.55	1866.13
-31630.0	7842.0	1074.41	1852.65
-31630.0	7842.0	1073.27	1856.71
-31630.0	7842.0	1072.13	1849.81
-31630.0	7842.0	1070.99	1913.04
-31630.0	7842.0	1069.85	1971.86
-31630.0	7842.0	1068.71	1901.42
-31630.0	7842.0	1067.57	1914.23
-31630.0	7842.0	1066.43	1874.48
-31630.0	7842.0	1065.28	1924.51
-31630.0	7842.0	1064.14	1967.95
-31630.0	7842.0	1063.0	1895.38
-31630.0	7842.0	1061.86	1873.17
-31630.0	7842.0	1060.71	1936.29
-31630.0	7842.0	1059.57	1920.64
-31630.0	7842.0	1058.43	1870.0
-31630.0	7842.0	1057.29	1895.91
-31630.0	7842.0	1056.14	1945.87
-31630.0	7842.0	1055.0	1917.11
-31630.0	7842.0	1053.85	1853.39
-31630.0	7842.0	1052.71	1853.06
-31630.0	7842.0	1051.57	1857.11
-31630.0	7842.0	1050.42	1952.9
-31630.0	7842.0	1049.28	1847.72
-31630.0	7842.0	1048.13	1947.84
-31630.0	7842.0	1046.99	1892.92
-31630.0	7842.0	1045.84	1785.62
-31630.0	7842.0	1044.7	1861.7
-31630.0	7842.0	1043.55	1944.29
-31630.0	7842.0	1042.4	1847.95
-31630.0	7842.0	1041.26	1895.62
-31630.0	7842.0	1040.11	1919.27
-31630.0	7842.0	1038.97	1916.75
-31630.0	7842.0	1037.82	2025.43
-31630.0	7842.0	1036.67	2003.27
-31630.0	7842.0	1035.53	1974.58
-31630.0	7842.0	1034.38	1882.71
-31630.0	7842.0	1033.23	1928.13
-31630.0	7842.0	1032.08	1980.07
-31630.0	7842.0	1030.94	1940.52
-31630.0	7842.0	1029.79	1938.0
-31630.0	7842.0	1028.64	1987.73
-31630.0	7842.0	1027.49	1974.32
-31630.0	7842.0	1026.34	1995.73
-31630.0	7842.0	1025.19	2073.71
-31630.0	7842.0	1024.04	1962.39
-31630.0	7842.0	1022.89	2012.07
-31630.0	7842.0	1021.74	2050.86
-31630.0	7842.0	1020.59	2011.36
-31630.0	7842.0	1019.45	1978.39
-31630.0	7842.0	1018.29	1945.43
-31630.0	7842.0	1017.14	2095.05
-31630.0	7842.0	1015.99	2081.64
-31630.0	7842.0	1014.84	2055.2
-31630.0	7842.0	1013.69	2065.69
-31630.0	7842.0	1012.54	2065.32
-31630.0	7842.0	1011.39	2082.33
-31630.0	7842.0	1010.24	2147.08
-31630.0	7842.0	1009.09	2127.17
-31630.0	7842.0	1007.93	2135.47
-31630.0	7842.0	1006.78	2176.31
-31630.0	7842.0	1005.63	2186.77
-31630.0	7842.0	1004.48	2149.51
-31630.0	7842.0	1003.32	2179.48
-31630.0	7842.0	1002.17	2118.38
-31630.0	7842.0	1001.02	2178.71
-31630.0	7842.0	999.865	2217.33
-31630.0	7842.0	998.711	2245.11
-31630.0	7842.0	997.558	2162.37
-31630.0	7842.0	996.403	2200.98
-31630.0	7842.0	995.249	2352.2
-31630.0	7842.0	994.095	2306.3
-31630.0	7842.0	992.94	2284.23
-31630.0	7842.0	991.785	2340.11
-31630.0	7842.0	990.63	2292.07
-31630.0	7842.0	989.475	2406.35
-31630.0	7842.0	988.319	2345.34
-31630.0	7842.0	987.164	2455.24
-31630.0	7842.0	986.008	2379.1
-31630.0	7842.0	984.852	2337.59
-31630.0	7842.0	983.695	2453.92
-31630.0	7842.0	982.539	2570.21
-31630.0	7842.0	981.382	2478.97
-31630.0	7842.0	980.225	2459.08
-31630.0	7842.0	979.068	2432.71
-31630.0	7842.0	977.911	2473.31
-31630.0	7842.0	976.753	2442.63
-31630.0	7842.0	975.595	2476.74
-31630.0	7842.0	974.437	2510.83
-31630.0	7842.0	973.279	2572.98
-31630.0	7842.0	972.121	2481.87
-31630.0	7842.0	970.962	2468.48
-31630.0	7842.0	969.803	2567.27
-31630.0	7842.0	968.644	2644.46
-31630.0	7842.0	967.485	2495.17
-31630.0	7842.0	966.326	2544.31
-31630.0	7842.0	965.166	2530.92
-31630.0	7842.0	964.006	2592.97
-31630.0	7842.0	962.846	2601.12
-31630.0	7842.0	961.686	2477.83
-31630.0	7842.0	960.525	2539.86
-31630.0	7842.0	959.365	2582.47
-31630.0	7842.0	958.204	2588.47
-31630.0	7842.0	957.043	2631.06
-31630.0	7842.0	955.881	2581.07
-31630.0	7842.0	954.72	2625.8
-31630.0	7842.0	953.558	2629.62
-31630.0	7842.0	952.396	2553.84
-31630.0	7842.0	951.234	2628.67
-31630.0	7842.0	950.071	2583.02
-31630.0	7842.0	948.909	2621.26
-31630.0	7842.0	947.746	2637.98
-31630.0	7842.0	946.583	2588.06
-31630.0	7842.0	945.42	2566.1
-31630.0	7842.0	944.256	2621.5
-31630.0	7842.0	943.092	2621.02
-31630.0	7842.0	941.929	2624.84
-31630.0	7842.0	940.765	2654.42
-31630.0	7842.0	939.6	2555.17
-31630.0	7842.0	938.436	2582.61
-31630.0	7842.0	937.271	2552.09
-31630.0	7842.0	936.106	2607.42
-31630.0	7842.0	934.941	2533.99
-31630.0	7842.0	933.775	2469.17
-31630.0	7842.0	932.61	2417.24
-31630.0	7842.0	931.444	2406.08
-31630.0	7842.0	930.278	2294.14
-31630.0	7842.0	929.112	2313.02
-31630.0	7842.0	927.945	2241.86
-31630.0	7842.0	926.779	2301.45
-31630.0	7842.0	925.612	2191.76
-31630.0	7842.0	924.445	2208.5
-31630.0	7842.0	923.278	2265.92
-31630.0	7842.0	922.11	2164.86
-31630.0	7842.0	920.942	2213.71
-31630.0	7842.0	919.774	2264.67
-31630.0	7842.0	918.606	2200.05
-31630.0	7842.0	917.438	2199.65
-31630.0	7842.0	916.269	2124.36
-31630.0	7842.0	915.1	2104.72
-31630.0	7842.0	913.931	2074.39
-31630.0	7842.0	912.762	2009.87
-31630.0	7842.0	911.593	2050.11
-31630.0	7842.0	910.423	2126.68
-31630.0	7842.0	909.253	2096.37
-31630.0	7842.0	908.083	2151.54
-31630.0	7842.0	906.913	2168.23
-31630.0	7842.0	905.742	2071.72
-31630.0	7842.0	904.572	2028.63
-31630.0	7842.0	903.401	2092.3
-31630.0	7842.0	902.229	2096.18
-31630.0	7842.0	901.058	2063.78
-31630.0	7842.0	899.886	2103.94
-31630.0	7842.0	898.715	2007.55
-31630.0	7842.0	897.543	2064.77
-31630.0	7842.0	896.37	2017.47
-31630.0	7842.0	895.198	2017.09
-31630.0	7842.0	894.025	1999.67
-31630.0	7842.0	892.852	1992.9
-31630.0	7842.0	891.679	2052.2
-31630.0	7842.0	890.506	2043.3
-31630.0	7842.0	889.332	2074.87
-31630.0	7842.0	888.158	2042.54
-31630.0	7842.0	886.984	2057.06
-31630.0	7842.0	885.81	1984.29
-31630.0	7842.0	884.636	2037.14
-31630.0	7842.0	883.461	2023.99
-31630.0	7842.0	882.286	1942.75
-31630.0	7842.0	881.111	1972.18
-31630.0	7842.0	879.936	2022.86
-31630.0	7842.0	878.76	1965.06
-31630.0	7842.0	877.584	1966.82
-31630.0	7842.0	876.408	2081.25
-31630.0	7842.0	875.232	2048.98
-31630.0	7842.0	874.056	1984.85
-31630.0	7842.0	872.879	1931.36
-31630.0	7842.0	871.702	1979.86
-31630.0	7842.0	870.525	1981.61
-31630.0	7842.0	869.348	1979.12
-31630.0	7842.0	868.17	1966.01
-31630.0	7842.0	866.993	1933.8
-31630.0	7842.0	865.815	2003.47
-31630.0	7842.0	864.637	2003.1
-31630.0	7842.0	863.458	1877.55
-31630.0	7842.0	862.28	1949.32
-31630.0	7842.0	861.101	1898.06
-31630.0	7842.0	859.922	1978.27
-31630.0	7842.0	858.742	1965.18
-31630.0	7842.0	857.563	1975.41
-31630.0	7842.0	856.383	1902.99
-31630.0	7842.0	855.203	1896.28
-31630.0	7842.0	854.023	1963.71
-31630.0	7842.0	852.843	1944.28
-31630.0	7842.0	851.662	1935.44
-31630.0	7842.0	850.481	1899.08
-31630.0	7842.0	849.3	1843.69
-31630.0	7842.0	848.119	1887.79
-31630.0	7842.0	846.937	2012.27
-31630.0	7842.0	845.756	1969.58
-31630.0	7842.0	844.574	1931.14
-31630.0	7842.0	843.392	1922.32
-31630.0	7842.0	842.209	1943.1
-31630.0	7842.0	841.027	1957.53
-31630.0	7842.0	839.844	1931.79
-31630.0	7842.0	838.661	1948.34
-31630.0	7842.0	837.477	1928.95
-31630.0	7842.0	836.294	2008.86
-31630.0	7842.0	835.11	1909.22
-31630.0	7842.0	833.926	1993.32
-31630.0	7842.0	832.742	1946.49
-31630.0	7842.0	831.558	1914.46
-31630.0	7842.0	830.373	1937.32
-31630.0	7842.0	829.188	1882.09
-31630.0	7842.0	828.003	1852.2
-31630.0	7842.0	826.818	1881.38
-31630.0	7842.0	825.632	1961.15
-31630.0	7842.0	824.446	1922.83
-31630.0	7842.0	823.26	1960.41
-31630.0	7842.0	822.074	1953.71
-31630.0	7842.0	820.888	1892.23
-31630.0	7842.0	819.701	1927.69
-31630.0	7842.0	818.514	1950.49
-31630.0	7842.0	817.327	1935.38
-31630.0	7842.0	816.14	2002.39
-31630.0	7842.0	814.952	1934.64
-31630.0	7842.0	813.765	1875.34
-31630.0	7842.0	812.577	1938.12
-31630.0	7842.0	811.388	1918.81
-31630.0	7842.0	810.2	1832.2
-31630.0	7842.0	809.011	1926.49
-31630.0	7842.0	807.822	1919.82
-31630.0	7842.0	806.633	1923.66
-31630.0	7842.0	805.444	1866.54
-31630.0	7842.0	804.254	1904.01
-31630.0	7842.0	803.064	1964.58
-31630.0	7842.0	801.874	1917.98
-31630.0	7842.0	800.684	1877.71
-31630.0	7842.0	799.493	1910.95
-31630.0	7842.0	798.303	1946.28
-31630.0	7842.0	797.112	1962.7
-31630.0	7842.0	795.921	2002.2
-31630.0	7842.0	794.729	1901.1
-31630.0	7842.0	793.538	1917.51
-31630.0	7842.0	792.346	1875.2
-31630.0	7842.0	791.154	1860.16
-31630.0	7842.0	789.961	1884.96
-31630.0	7842.0	788.769	1855.25
-31630.0	7842.0	787.576	1865.37
-31630.0	7842.0	786.383	1852.44
-31630.0	7842.0	785.19	1805.99
-31630.0	7842.0	783.996	1807.74
-31630.0	7842.0	782.802	1819.96
-31630.0	7842.0	781.608	1924.31
-31630.0	7842.0	780.414	1873.69
-31630.0	7842.0	779.22	1883.8
-31630.0	7842.0	778.025	1824.84
-31630.0	7842.0	776.83	1878.89
-31630.0	7842.0	775.635	1811.58
-31630.0	7842.0	774.44	1907.44
-31630.0	7842.0	773.244	1842.25
-31630.0	7842.0	772.049	1927.62
-31630.0	7842.0	770.853	1916.79
-31630.0	7842.0	769.656	1895.52
-31630.0	7842.0	768.46	1897.25
-31630.0	7842.0	767.263	1846.74
-31630.0	7842.0	766.066	1856.83
-31630.0	7842.0	764.869	1902.41
-31630.0	7842.0	763.672	1845.67
-31630.0	7842.0	762.474	1895.42
-31630.0	7842.0	761.276	1897.14
-31630.0	7842.0	760.078	1898.86
-31630.0	7842.0	758.88	1902.66
-31630.0	7842.0	757.681	1902.29
-31630.0	7842.0	756.483	1926.95
-31630.0	7842.0	755.284	1924.49
-31630.0	7842.0	754.084	1901.19
-31630.0	7842.0	752.885	1836.21
-31630.0	7842.0	751.685	1854.6
-31630.0	7842.0	750.485	1937.58
-31630.0	7842.0	749.285	1853.88
-31630.0	7842.0	748.085	1863.94
-31630.0	7842.0	746.884	1896.89
-31630.0	7842.0	745.683	1827.82
-31630.0	7842.0	744.482	1889.91
-31630.0	7842.0	743.281	1902.03
-31630.0	7842.0	742.079	1826.76
-31630.0	7842.0	740.877	1895.05
-31630.0	7842.0	739.675	1809.41
-31630.0	7842.0	738.473	1852.72
-31630.0	7842.0	737.27	1825.33
-31630.0	7842.0	736.068	1773.01
-31630.0	7842.0	734.865	1822.54
-31630.0	7842.0	733.661	1811.8
-31630.0	7842.0	732.458	1805.21
-31630.0	7842.0	731.254	1823.55
-31630.0	7842.0	730.05	1814.89
-31630.0	7842.0	728.846	1768.86
-31630.0	7842.0	727.642	1795.5
-31630.0	7842.0	726.437	1828.36
-31630.0	7842.0	725.232	1871.57
-31630.0	7842.0	724.027	1854.61
-31630.0	7842.0	722.822	1771.28
-31630.0	7842.0	721.616	1806.19
-31630.0	7842.0	720.41	1785.1
-31630.0	7842.0	719.204	1838.65
-31630.0	7842.0	717.998	1830.0
-31630.0	7842.0	716.791	1825.5
-31630.0	7842.0	715.585	1862.43
-31630.0	7842.0	714.378	2174.82
-31630.0	7842.0	713.17	1944.53
-31630.0	7842.0	711.963	1931.73
-31630.0	7842.0	710.755	1852.69
-31630.0	7842.0	709.547	1786.09
-31630.0	7842.0	708.339	1897.48
-31630.0	7842.0	707.131	1884.7
-31630.0	7842.0	705.922	1880.19
-31630.0	7842.0	704.713	1875.68
-31630.0	7842.0	703.504	1900.12
-31630.0	7842.0	702.295	1850.14
-31630.0	7842.0	701.085	1855.97
-31630.0	7842.0	699.875	1832.88
-31630.0	7842.0	698.665	1820.12
-31630.0	7842.0	697.455	1885.86
-31630.0	7842.0	696.244	1926.79
-31630.0	7842.0	695.034	1918.15
-31630.0	7842.0	693.822	1888.88
-31630.0	7842.0	692.611	1836.9
-31630.0	7842.0	691.4	1989.24
-31630.0	7842.0	690.188	1885.69
-31630.0	7842.0	688.976	1852.32
-31630.0	7842.0	687.764	1868.45
-31630.0	7842.0	686.551	1915.5
-31630.0	7842.0	685.339	1960.48
-31630.0	7842.0	684.126	1960.09
-31630.0	7842.0	682.912	1957.64
-31630.0	7842.0	681.699	1961.38
-31630.0	7842.0	680.485	1872.41
-31630.0	7842.0	679.271	1909.11
-31630.0	7842.0	678.057	1989.04
-31630.0	7842.0	676.843	1963.94
-31630.0	7842.0	675.628	2021.18
-31630.0	7842.0	674.413	1965.22
-31630.0	7842.0	673.198	1973.06
-31630.0	7842.0	671.983	1935.64
-31630.0	7842.0	670.767	1966.11
-31630.0	7842.0	669.551	1906.09
-31630.0	7842.0	668.335	1864.59
-31630.0	7842.0	667.119	2018.38
-31630.0	7842.0	665.902	1944.0
-31630.0	7842.0	664.686	1992.92
-31630.0	7842.0	663.469	1996.63
-31630.0	7842.0	662.251	1938.73
-31630.0	7842.0	661.034	1989.68
-31630.0	7842.0	659.816	1966.7
-31630.0	7842.0	658.598	2075.09
-31630.0	7842.0	657.38	1967.97
-31630.0	7842.0	656.161	1963.47
-31630.0	7842.0	654.942	2024.62
-31630.0	7842.0	653.723	1972.94
-31630.0	7842.0	652.504	1995.1
-31630.0	7842.0	651.285	2062.36
-31630.0	7842.0	650.065	1971.76
-31630.0	7842.0	648.845	1934.48
-31630.0	7842.0	647.625	1907.46
-31630.0	7842.0	646.404	2015.65
-31630.0	7842.0	645.184	2070.54
-31630.0	7842.0	643.963	2057.84
-31630.0	7842.0	642.742	2012.39
-31630.0	7842.0	641.52	2003.8
-31630.0	7842.0	640.298	1974.75
-31630.0	7842.0	639.076	1996.86
-31630.0	7842.0	637.854	1994.42
-31630.0	7842.0	636.632	2045.15
-31630.0	7842.0	635.409	2036.56
-31630.0	7842.0	634.186	2074.99
-31630.0	7842.0	632.963	1966.25
-31630.0	7842.0	631.74	2023.07
-31630.0	7842.0	630.516	2061.49
-31630.0	7842.0	629.292	2028.39
-31630.0	7842.0	628.068	2025.94
-31630.0	7842.0	626.844	1994.9
-31630.0	7842.0	625.619	2037.37
-31630.0	7842.0	624.394	2041.05
-31630.0	7842.0	623.169	2036.56
-31630.0	7842.0	621.944	1995.34
-31630.0	7842.0	620.718	2013.3
-31630.0	7842.0	619.492	1937.44
-31630.0	7842.0	618.266	2047.15
-31630.0	7842.0	617.04	2085.47
-31630.0	7842.0	615.813	2005.57
-31630.0	7842.0	614.587	2082.6
-31630.0	7842.0	613.36	2082.18
-31630.0	7842.0	612.132	2049.17
-31630.0	7842.0	610.905	2005.99
-31630.0	7842.0	609.677	2023.91
-31630.0	7842.0	608.449	2019.43
-31630.0	7842.0	607.22	2055.66
-31630.0	7842.0	605.992	2006.4
-31630.0	7842.0	604.763	1981.58
-31630.0	7842.0	603.534	1954.74
-31630.0	7842.0	602.305	1976.72
-31630.0	7842.0	601.075	2016.98
-31630.0	7842.0	599.845	2004.38
-31630.0	7842.0	598.615	2040.56
-31630.0	7842.0	597.385	1932.45
-31630.0	7842.0	596.154	1999.1
-31630.0	7842.0	594.924	2088.07
-31630.0	7842.0	593.693	2004.38
-31630.0	7842.0	592.461	2040.52
-31630.0	7842.0	591.23	2044.17
-31630.0	7842.0	589.998	1980.84
-31630.0	7842.0	588.766	2039.28
-31630.0	7842.0	587.534	2014.53
-31630.0	7842.0	586.301	1993.83
-31630.0	7842.0	585.068	2090.77
-31630.0	7842.0	583.835	2043.71
-31630.0	7842.0	582.602	2065.6
-31630.0	7842.0	581.368	2026.67
-31630.0	7842.0	580.134	2008.02
-31630.0	7842.0	578.9	2068.39
-31630.0	7842.0	577.666	1984.93
-31630.0	7842.0	576.432	1962.25
-31630.0	7842.0	575.197	1996.27
-31630.0	7842.0	573.962	1959.43
-31630.0	7842.0	572.726	1967.12
-31630.0	7842.0	571.491	2017.31
-31630.0	7842.0	570.255	2024.99
-31630.0	7842.0	569.019	2060.98
-31630.0	7842.0	567.783	2005.97
-31630.0	7842.0	566.546	2104.62
-31630.0	7842.0	565.309	2057.7
-31630.0	7842.0	564.072	2012.82
-31630.0	7842.0	562.835	2002.31
-31630.0	7842.0	561.597	2056.44
-31630.0	7842.0	560.359	2047.95
-31630.0	7842.0	559.121	2130.32
-31630.0	7842.0	557.883	2006.73
-31630.0	7842.0	556.644	2056.78
-31630.0	7842.0	555.406	2133.05
-31630.0	7842.0	554.167	2213.32
-31630.0	7842.0	552.927	2172.52
-31630.0	7842.0	551.688	2166.03
-31630.0	7842.0	550.448	2232.13
-31630.0	7842.0	549.208	2261.91
-31630.0	7842.0	547.967	2317.88
-31630.0	7842.0	546.727	2333.53
-31630.0	7842.0	545.486	2347.15
-31630.0	7842.0	544.245	2366.82
-31630.0	7842.0	543.003	2404.6
-31630.0	7842.0	541.762	2512.83
-31630.0	7842.0	540.52	2435.82
-31630.0	7842.0	539.278	2592.31
-31630.0	7842.0	538.035	2702.45
-31630.0	7842.0	536.793	2826.63
-31630.0	7842.0	535.55	2956.79
-31630.0	7842.0	534.307	3040.65
-31630.0	7842.0	533.063	3100.34
-31630.0	7842.0	531.82	3439.43
-31630.0	7842.0	530.576	3792.44
-31630.0	7842.0	529.331	4183.49
-31630.0	7842.0	528.087	4686.88
-31630.0	7842.0	526.842	5764.5
-31630.0	7842.0	525.597	7393.91
-31630.0	7842.0	524.352	10159.0
-31630.0	7842.0	523.107	14831.9
-31630.0	7842.0	521.861	20191.3
-31630.0	7842.0	520.615	22241.7
-31630.0	7842.0	519.369	19318.4
-31630.0	7842.0	518.122	15593.9
-31630.0	7842.0	516.876	12729.2
-31630.0	7842.0	515.629	10587.5
-31630.0	7842.0	514.381	9168.16
-31630.0	7842.0	513.134	8026.0
-31630.0	7842.0	511.886	7118.73
-31630.0	7842.0	510.638	6744.67
-31630.0	7842.0	509.39	6436.86
-31630.0	7842.0	508.141	6125.17
-31630.0	7842.0	506.892	5921.71
-31630.0	7842.0	505.643	5716.33
-31630.0	7842.0	504.394	5665.12
-31630.0	7842.0	503.145	5597.93
-31630.0	7842.0	501.895	5384.75
-31630.0	7842.0	500.645	5355.64
-31630.0	7842.0	499.394	5460.5
-31630.0	7842.0	498.144	5447.38
-31630.0	7842.0	496.893	5452.25
-31630.0	7842.0	495.642	5397.17
-31630.0	7842.0	494.39	5266.2
-31630.0	7842.0	493.139	5205.18
-31630.0	7842.0	491.887	5152.19
-31630.0	7842.0	490.635	5153.12
-31630.0	7842.0	489.382	5096.16
-31630.0	7842.0	488.13	4977.35
-31630.0	7842.0	486.877	4992.29
-31630.0	7842.0	485.623	5049.1
-31630.0	7842.0	484.37	4878.53
-31630.0	7842.0	483.116	4967.25
-31630.0	7842.0	481.862	4846.6
-31630.0	7842.0	480.608	4795.76
-31630.0	7842.0	479.354	4746.94
-31630.0	7842.0	478.099	4753.92
-31630.0	7842.0	476.844	4812.7
-31630.0	7842.0	475.588	4734.03
-31630.0	7842.0	474.333	4735.03
-31630.0	7842.0	473.077	4550.9
-31630.0	7842.0	471.821	4559.91
-31630.0	7842.0	470.565	4612.69
-31630.0	7842.0	469.308	4542.1
-31630.0	7842.0	468.051	4467.55
-31630.0	7842.0	466.794	4402.99
-31630.0	7842.0	465.537	4433.88
-31630.0	7842.0	464.279	4303.75
-31630.0	7842.0	463.021	4279.0
-31630.0	7842.0	461.763	4226.45
-31630.0	7842.0	460.505	4191.8
-31630.0	7842.0	459.246	4312.08
-31630.0	7842.0	457.987	4090.76
-31630.0	7842.0	456.728	4101.82
-31630.0	7842.0	455.469	4003.7
-31630.0	7842.0	454.209	3961.19
-31630.0	7842.0	452.949	3912.75
-31630.0	7842.0	451.689	3900.03
-31630.0	7842.0	450.428	3833.77
-31630.0	7842.0	449.167	3719.94
-31630.0	7842.0	447.906	3691.41
-31630.0	7842.0	446.645	3740.19
-31630.0	7842.0	445.383	3703.74
-31630.0	7842.0	444.122	3673.25
-31630.0	7842.0	442.86	3537.78
-31630.0	7842.0	441.597	3594.48
-31630.0	7842.0	440.335	3558.09
-31630.0	7842.0	439.072	3527.65
-31630.0	7842.0	437.809	3465.56
-31630.0	7842.0	436.545	3518.26
-31630.0	7842.0	435.281	3416.63
-31630.0	7842.0	434.018	3404.05
-31630.0	7842.0	432.753	3286.66
-31630.0	7842.0	431.489	3321.56
-31630.0	7842.0	430.224	3348.54
-31630.0	7842.0	428.959	3334.0
-31630.0	7842.0	427.694	3216.73
-31630.0	7842.0	426.428	3158.77
-31630.0	7842.0	425.163	3227.23
-31630.0	7842.0	423.896	3281.84
-31630.0	7842.0	422.63	3054.12
-31630.0	7842.0	421.364	3112.7
-31630.0	7842.0	420.097	3125.86
-31630.0	7842.0	418.83	3121.26
-31630.0	7842.0	417.562	3051.56
-31630.0	7842.0	416.295	3096.28
-31630.0	7842.0	415.027	3032.53
-31630.0	7842.0	413.758	3025.98
-31630.0	7842.0	412.49	3001.7
-31630.0	7842.0	411.221	2953.78
-31630.0	7842.0	409.952	3081.21
-31630.0	7842.0	408.683	3051.02
-31630.0	7842.0	407.414	2977.52
-31630.0	7842.0	406.144	2990.67
-31630.0	7842.0	404.874	2942.8
-31630.0	7842.0	403.603	2981.54
-31630.0	7842.0	402.333	3028.14
-31630.0	7842.0	401.062	3057.01
-31630.0	7842.0	399.791	3042.6
-31630.0	7842.0	398.519	2925.94
-31630.0	7842.0	397.248	3013.8
-31630.0	7842.0	395.976	2936.51
-31630.0	7842.0	394.704	2965.36
-31630.0	7842.0	393.431	3009.93
-31630.0	7842.0	392.159	2954.29
-31630.0	7842.0	390.886	3040.08
-31630.0	7842.0	389.612	2953.05
-31630.0	7842.0	388.339	2921.02
-31630.0	7842.0	387.065	2896.85
-31630.0	7842.0	385.791	2929.6
-31630.0	7842.0	384.517	2944.67
-31630.0	7842.0	383.242	2930.32
-31630.0	7842.0	381.967	2880.68
-31630.0	7842.0	380.692	2968.3
-31630.0	7842.0	379.417	2932.39
-31630.0	7842.0	378.141	2872.98
-31630.0	7842.0	376.865	2854.74
-31630.0	7842.0	375.589	2860.01
-31630.0	7842.0	374.312	2855.49
-31630.0	7842.0	373.035	2935.17
-31630.0	7842.0	371.758	2848.41
-31630.0	7842.0	370.481	2845.85
-31630.0	7842.0	369.204	2841.34
-31630.0	7842.0	367.926	2864.21
-31630.0	7842.0	366.648	2830.36
-31630.0	7842.0	365.369	2812.16
-31630.0	7842.0	364.091	2876.08
-31630.0	7842.0	362.812	2928.26
-31630.0	7842.0	361.532	2912.0
-31630.0	7842.0	360.253	2874.26
-31630.0	7842.0	358.973	2897.09
-31630.0	7842.0	357.693	2845.7
-31630.0	7842.0	356.413	2864.62
-31630.0	7842.0	355.132	2803.5
-31630.0	7842.0	353.852	2880.98
-31630.0	7842.0	352.571	2823.78
-31630.0	7842.0	351.289	2920.73
-31630.0	7842.0	350.008	2838.18
-31630.0	7842.0	348.726	2862.94
-31630.0	7842.0	347.444	2959.82
-31630.0	7842.0	346.161	2889.01
-31630.0	7842.0	344.878	2866.96
-31630.0	7842.0	343.595	2887.79
-31630.0	7842.0	342.312	2937.83
-31630.0	7842.0	341.029	2882.67
-31630.0	7842.0	339.745	2905.42
-31630.0	7842.0	338.461	2893.13
-31630.0	7842.0	337.176	3001.52
-31630.0	7842.0	335.892	2926.93
-31630.0	7842.0	334.607	2914.63
-31630.0	7842.0	333.322	2968.48
-31630.0	7842.0	332.036	2958.13
-31630.0	7842.0	330.75	2959.44
-31630.0	7842.0	329.464	2956.87
-31630.0	7842.0	328.178	2969.85
-31630.0	7842.0	326.892	2971.16
-31630.0	7842.0	325.605	2962.76
-31630.0	7842.0	324.318	3033.99
-31630.0	7842.0	323.03	3043.06
-31630.0	7842.0	321.743	2960.87
-31630.0	7842.0	320.455	3016.53
-31630.0	7842.0	319.167	3052.76
-31630.0	7842.0	317.878	2999.72
-31630.0	7842.0	316.59	3030.12
-31630.0	7842.0	315.301	2955.78
-31630.0	7842.0	314.011	3057.92
-31630.0	7842.0	312.722	3090.23
-31630.0	7842.0	311.432	3035.3
-31630.0	7842.0	310.142	3077.28
-31630.0	7842.0	308.851	3202.56
-31630.0	7842.0	307.561	3234.81
-31630.0	7842.0	306.27	3129.54
-31630.0	7842.0	304.979	3134.68
-31630.0	7842.0	303.687	3134.02
-31630.0	7842.0	302.395	3137.22
-31630.0	7842.0	301.103	3136.55
-31630.0	7842.0	299.811	3135.88
-31630.0	7842.0	298.519	3158.42
-31630.0	7842.0	297.226	3117.14
-31630.0	7842.0	295.933	3112.61
-31630.0	7842.0	294.639	3100.35
-31630.0	7842.0	293.345	3041.71
-31630.0	7842.0	292.052	3172.44
-31630.0	7842.0	290.757	3007.57
-31630.0	7842.0	289.463	2981.83
-31630.0	7842.0	288.168	3014.01
-31630.0	7842.0	286.873	2916.85
-31630.0	7842.0	285.578	2977.99
-31630.0	7842.0	284.282	2971.56
-31630.0	7842.0	282.986	2959.35
-31630.0	7842.0	281.69	2933.65
-31630.0	7842.0	280.393	2944.59
-31630.0	7842.0	279.097	2909.26
-31630.0	7842.0	277.8	2872.01
-31630.0	7842.0	276.502	2869.47
-31630.0	7842.0	275.205	2878.49
-31630.0	7842.0	273.907	2831.65
-31630.0	7842.0	272.609	2807.93
-31630.0	7842.0	271.311	2822.73
-31630.0	7842.0	270.012	2795.18
-31630.0	7842.0	268.713	2752.24
-31630.0	7842.0	267.414	2815.15
-31630.0	7842.0	266.114	2762.6
-31630.0	7842.0	264.814	2817.79
-31630.0	7842.0	263.514	2742.19
-31630.0	7842.0	262.214	2718.53
-31630.0	7842.0	260.913	2729.48
-31630.0	7842.0	259.613	2648.19
-31630.0	7842.0	258.311	2664.91
-31630.0	7842.0	257.01	2681.63
-31630.0	7842.0	255.708	2661.85
-31630.0	7842.0	254.406	2644.0
-31630.0	7842.0	253.104	2585.84
-31630.0	7842.0	251.801	2531.55
-31630.0	7842.0	250.499	2569.38
-31630.0	7842.0	249.195	2603.36
-31630.0	7842.0	247.892	2616.23
-31630.0	7842.0	246.588	2542.8
-31630.0	7842.0	245.284	2551.84
-31630.0	7842.0	243.98	2551.29
-31630.0	7842.0	242.676	2506.67
-31630.0	7842.0	241.371	2485.06
-31630.0	7842.0	240.066	2482.61
-31630.0	7842.0	238.76	2585.49
-31630.0	7842.0	237.455	2561.96
-31630.0	7842.0	236.149	2459.95
-31630.0	7842.0	234.843	2470.91
-31630.0	7842.0	233.536	2424.45
-31630.0	7842.0	232.229	2439.24
-31630.0	7842.0	230.922	2436.8
-31630.0	7842.0	229.615	2491.73
-31630.0	7842.0	228.307	2458.7
-31630.0	7842.0	227.0	2452.43
-31630.0	7842.0	225.691	2438.53
-31630.0	7842.0	224.383	2302.35
-31630.0	7842.0	223.074	2334.33
-31630.0	7842.0	221.765	2349.11
-31630.0	7842.0	220.456	2379.15
-31630.0	7842.0	219.146	2401.55
-31630.0	7842.0	217.836	2334.23
-31630.0	7842.0	216.526	2389.07
-31630.0	7842.0	215.216	2358.03
-31630.0	7842.0	213.905	2344.17
-31630.0	7842.0	212.594	2374.18
-31630.0	7842.0	211.283	2291.69
-31630.0	7842.0	209.971	2367.44
-31630.0	7842.0	208.66	2397.42
-31630.0	7842.0	207.348	2450.26
-31630.0	7842.0	206.035	2497.35
-31630.0	7842.0	204.722	2489.2
-31630.0	7842.0	203.409	2488.66
-31630.0	7842.0	202.096	2549.05
-31630.0	7842.0	200.783	2637.95
-31630.0	7842.0	199.469	2707.79
-31630.0	7842.0	198.155	2711.01
-31630.0	7842.0	196.84	2655.27
-31630.0	7842.0	195.526	2725.06
-31630.0	7842.0	194.211	2785.31
-31630.0	7842.0	192.896	2740.99
-31630.0	7842.0	191.58	2915.24
-31630.0	7842.0	190.264	2910.81
-31630.0	7842.0	188.948	2967.18
-31630.0	7842.0	187.632	2898.17
-31630.0	7842.0	186.315	2935.52
-31630.0	7842.0	184.998	2843.76
-31630.0	7842.0	183.681	2996.89
-31630.0	7842.0	182.364	2988.65
-31630.0	7842.0	181.046	3033.54
-31630.0	7842.0	179.728	2934.25
-31630.0	7842.0	178.41	2899.49
-31630.0	7842.0	177.091	2997.45
-31630.0	7842.0	175.772	3017.66
-31630.0	7842.0	174.453	2990.47
-31630.0	7842.0	173.133	2923.52
-31630.0	7842.0	171.814	3027.07
-31630.0	7842.0	170.494	3071.87
-31630.0	7842.0	169.173	3124.23
-31630.0	7842.0	167.853	3004.29
-31630.0	7842.0	166.532	2975.25
-31630.0	7842.0	165.211	3008.67
-31630.0	7842.0	163.889	3019.38
-31630.0	7842.0	162.567	3009.27
-31630.0	7842.0	161.245	3019.96
-31630.0	7842.0	159.923	3023.09
-31630.0	7842.0	158.6	3060.25
-31630.0	7842.0	157.278	3104.94
-31630.0	7842.0	155.954	3070.26
-31630.0	7842.0	154.631	3116.83
-31630.0	7842.0	153.307	3155.81
-31630.0	7842.0	151.983	3115.48
-31630.0	7842.0	150.659	3180.88
-31630.0	7842.0	149.334	3136.79
-31630.0	7842.0	148.009	3177.62
-31630.0	7842.0	146.684	3218.44
-31630.0	7842.0	145.359	3081.94
-31630.0	7842.0	144.033	3169.91
-31630.0	7842.0	142.707	3123.98
-31630.0	7842.0	141.381	3198.7
-31630.0	7842.0	140.054	3179.16
-31630.0	7842.0	138.727	3165.29
-31630.0	7842.0	137.4	3091.14
-31630.0	7842.0	136.072	3288.22
-31630.0	7842.0	134.745	3214.08
-31630.0	7842.0	133.417	3151.26
-31630.0	7842.0	132.088	3259.74
-31630.0	7842.0	130.76	3174.36
-31630.0	7842.0	129.431	3173.68
-31630.0	7842.0	128.102	3099.64
-31630.0	7842.0	126.772	3076.41
-31630.0	7842.0	125.442	3081.38
-31630.0	7842.0	124.112	3020.57
-31630.0	7842.0	122.782	3029.31
-31630.0	7842.0	121.451	2964.78
-31630.0	7842.0	120.12	2969.77
-31630.0	7842.0	118.789	2969.13
-31630.0	7842.0	117.458	3013.55
-31630.0	7842.0	116.126	2932.18
-31630.0	7842.0	114.794	2880.88
-31630.0	7842.0	113.462	2887.76
-31630.0	7842.0	112.129	2909.65
-31630.0	7842.0	110.796	2864.0
-31630.0	7842.0	109.463	2749.0
-31630.0	7842.0	108.129	2690.29
-31630.0	7842.0	106.796	2618.48
-31630.0	7842.0	105.461	2552.33
-31630.0	7842.0	104.127	2523.67
-31630.0	7842.0	102.792	2425.72
-31630.0	7842.0	101.457	2419.58
-31630.0	7842.0	100.122	2248.68
-31630.0	7842.0	98.7867	2163.95
-31630.0	7842.0	97.4509	2182.2
-31630.0	7842.0	96.1148	2011.46
-31630.0	7842.0	94.7784	2018.51
-31630.0	7842.0	93.4418	1948.87
-31630.0	7842.0	92.1048	1868.04
-31630.0	7842.0	90.7676	1910.64
-31630.0	7842.0	89.43	1940.13
-31630.0	7842.0	88.0922	1816.38
-31630.0	7842.0	86.7541	1817.85
-31630.0	7842.0	85.4157	1796.91
