-31630.0	7806.0	1311.89	2028.33
-31630.0	7806.0	1310.78	2157.45
-31630.0	7806.0	1309.68	2052.66
-31630.0	7806.0	1308.58	2093.19
-31630.0	7806.0	1307.48	2076.97
-31630.0	7806.0	1306.38	2090.25
-31630.0	7806.0	1305.28	2089.92
-31630.0	7806.0	1304.18	2051.01
-31630.0	7806.0	1303.07	2062.03
-31630.0	7806.0	1301.97	2063.97
-31630.0	7806.0	1300.87	2059.1
-31630.0	7806.0	1299.77	2006.62
-31630.0	7806.0	1298.66	2044.84
-31630.0	7806.0	1297.56	2092.11
-31630.0	7806.0	1296.46	2046.45
-31630.0	7806.0	1295.35	2061.98
-31630.0	7806.0	1294.25	2102.43
-31630.0	7806.0	1293.15	2113.42
-31630.0	7806.0	1292.04	2115.34
-31630.0	7806.0	1290.94	2094.62
-31630.0	7806.0	1289.83	2062.59
-31630.0	7806.0	1288.73	2026.03
-31630.0	7806.0	1287.63	2025.71
-31630.0	7806.0	1286.52	2048.01
-31630.0	7806.0	1285.42	2009.22
-31630.0	7806.0	1284.31	2072.24
-31630.0	7806.0	1283.21	2085.47
-31630.0	7806.0	1282.1	1990.15
-31630.0	7806.0	1280.99	2096.11
-31630.0	7806.0	1279.89	2075.42
-31630.0	7806.0	1278.78	2059.26
-31630.0	7806.0	1277.68	2022.77
-31630.0	7806.0	1276.57	2011.14
-31630.0	7806.0	1275.46	1990.48
-31630.0	7806.0	1274.36	2021.79
-31630.0	7806.0	1273.25	2114.06
-31630.0	7806.0	1272.14	2082.1
-31630.0	7806.0	1271.04	2032.09
-31630.0	7806.0	1269.93	2081.43
-31630.0	7806.0	1268.82	2013.38
-31630.0	7806.0	1267.71	2010.8
-31630.0	7806.0	1266.61	1949.55
-31630.0	7806.0	1265.5	2062.03
-31630.0	7806.0	1264.39	2048.16
-31630.0	7806.0	1263.28	2038.81
-31630.0	7806.0	1262.17	2049.75
-31630.0	7806.0	1261.06	2085.49
-31630.0	7806.0	1259.95	2073.88
-31630.0	7806.0	1258.84	2048.75
-31630.0	7806.0	1257.74	2039.4
-31630.0	7806.0	1256.63	2057.1
-31630.0	7806.0	1255.52	2011.71
-31630.0	7806.0	1254.41	2051.92
-31630.0	7806.0	1253.3	2033.57
-31630.0	7806.0	1252.19	2021.98
-31630.0	7806.0	1251.08	2046.42
-31630.0	7806.0	1249.96	2111.36
-31630.0	7806.0	1248.85	2093.01
-31630.0	7806.0	1247.74	2112.92
-31630.0	7806.0	1246.63	2054.08
-31630.0	7806.0	1245.52	1993.01
-31630.0	7806.0	1244.41	2021.92
-31630.0	7806.0	1243.3	1994.6
-31630.0	7806.0	1242.18	2070.72
-31630.0	7806.0	1241.07	2029.92
-31630.0	7806.0	1239.96	2009.36
-31630.0	7806.0	1238.85	1941.61
-31630.0	7806.0	1237.74	2022.18
-31630.0	7806.0	1236.62	1952.21
-31630.0	7806.0	1235.51	2008.04
-31630.0	7806.0	1234.4	2018.94
-31630.0	7806.0	1233.28	2050.04
-31630.0	7806.0	1232.17	1962.15
-31630.0	7806.0	1231.06	2089.77
-31630.0	7806.0	1229.94	2035.57
-31630.0	7806.0	1228.83	2026.26
-31630.0	7806.0	1227.71	2048.36
-31630.0	7806.0	1226.6	2048.02
-31630.0	7806.0	1225.48	2000.59
-31630.0	7806.0	1224.37	2015.95
-31630.0	7806.0	1223.25	1975.26
-31630.0	7806.0	1222.14	2039.95
-31630.0	7806.0	1221.02	2005.99
-31630.0	7806.0	1219.91	1978.77
-31630.0	7806.0	1218.79	1985.16
-31630.0	7806.0	1217.68	1953.47
-31630.0	7806.0	1216.56	2002.43
-31630.0	7806.0	1215.44	2082.72
-31630.0	7806.0	1214.33	1921.16
-31630.0	7806.0	1213.21	2026.06
-31630.0	7806.0	1212.09	1958.57
-31630.0	7806.0	1210.98	1960.49
-31630.0	7806.0	1209.86	1973.59
-31630.0	7806.0	1208.74	1982.21
-31630.0	7806.0	1207.62	1963.99
-31630.0	7806.0	1206.51	1981.55
-31630.0	7806.0	1205.39	1943.21
-31630.0	7806.0	1204.27	1998.78
-31630.0	7806.0	1203.15	1955.98
-31630.0	7806.0	1202.03	1982.47
-31630.0	7806.0	1200.91	2053.65
-31630.0	7806.0	1199.8	2019.8
-31630.0	7806.0	1198.68	1952.44
-31630.0	7806.0	1197.56	1916.38
-31630.0	7806.0	1196.44	1922.76
-31630.0	7806.0	1195.32	1978.26
-31630.0	7806.0	1194.2	1922.12
-31630.0	7806.0	1193.08	2013.32
-31630.0	7806.0	1191.96	1954.96
-31630.0	7806.0	1190.84	1976.94
-31630.0	7806.0	1189.72	1976.61
-31630.0	7806.0	1188.6	1936.13
-31630.0	7806.0	1187.48	1996.02
-31630.0	7806.0	1186.35	2031.37
-31630.0	7806.0	1185.23	1910.64
-31630.0	7806.0	1184.11	1890.26
-31630.0	7806.0	1182.99	1965.72
-31630.0	7806.0	1181.87	1958.7
-31630.0	7806.0	1180.75	1889.31
-31630.0	7806.0	1179.62	1938.0
-31630.0	7806.0	1178.5	1948.81
-31630.0	7806.0	1177.38	1901.72
-31630.0	7806.0	1176.26	2026.08
-31630.0	7806.0	1175.13	1898.86
-31630.0	7806.0	1174.01	1925.25
-31630.0	7806.0	1172.89	1960.53
-31630.0	7806.0	1171.76	1998.02
-31630.0	7806.0	1170.64	1950.97
-31630.0	7806.0	1169.51	1977.33
-31630.0	7806.0	1168.39	1945.87
-31630.0	7806.0	1167.27	1898.85
-31630.0	7806.0	1166.14	1911.87
-31630.0	7806.0	1165.02	1947.11
-31630.0	7806.0	1163.89	1846.78
-31630.0	7806.0	1162.77	1902.01
-31630.0	7806.0	1161.64	1915.02
-31630.0	7806.0	1160.52	1959.12
-31630.0	7806.0	1159.39	1969.9
-31630.0	7806.0	1158.26	1860.76
-31630.0	7806.0	1157.14	1851.57
-31630.0	7806.0	1156.01	1953.36
-31630.0	7806.0	1154.88	1935.28
-31630.0	7806.0	1153.76	2017.05
-31630.0	7806.0	1152.63	1919.09
-31630.0	7806.0	1151.5	1918.77
-31630.0	7806.0	1150.38	1896.26
-31630.0	7806.0	1149.25	1884.86
-31630.0	7806.0	1148.12	1866.8
-31630.0	7806.0	1146.99	1944.07
-31630.0	7806.0	1145.87	1979.2
-31630.0	7806.0	1144.74	1950.06
-31630.0	7806.0	1143.61	1927.57
-31630.0	7806.0	1142.48	1880.72
-31630.0	7806.0	1141.35	1935.78
-31630.0	7806.0	1140.22	1904.44
-31630.0	7806.0	1139.09	1919.62
-31630.0	7806.0	1137.97	1976.85
-31630.0	7806.0	1136.84	1903.47
-31630.0	7806.0	1135.71	1945.19
-31630.0	7806.0	1134.58	1969.2
-31630.0	7806.0	1133.45	1931.26
-31630.0	7806.0	1132.32	1906.6
-31630.0	7806.0	1131.19	1954.93
-31630.0	7806.0	1130.05	1903.74
-31630.0	7806.0	1128.92	1903.41
-31630.0	7806.0	1127.79	1953.93
-31630.0	7806.0	1126.66	1924.86
-31630.0	7806.0	1125.53	1886.97
-31630.0	7806.0	1124.4	1955.13
-31630.0	7806.0	1123.27	1906.21
-31630.0	7806.0	1122.13	1919.13
-31630.0	7806.0	1121.0	1905.55
-31630.0	7806.0	1119.87	1856.66
-31630.0	7806.0	1118.74	1940.22
-31630.0	7806.0	1117.6	1970.78
-31630.0	7806.0	1116.47	1888.8
-31630.0	7806.0	1115.34	1910.54
-31630.0	7806.0	1114.2	1866.1
-31630.0	7806.0	1113.07	1927.53
-31630.0	7806.0	1111.94	1889.71
-31630.0	7806.0	1110.8	1909.23
-31630.0	7806.0	1109.67	1908.9
-31630.0	7806.0	1108.54	1838.05
-31630.0	7806.0	1107.4	1831.12
-31630.0	7806.0	1106.27	1837.42
-31630.0	7806.0	1105.13	1837.1
-31630.0	7806.0	1104.0	1938.09
-31630.0	7806.0	1102.86	1783.62
-31630.0	7806.0	1101.72	1866.97
-31630.0	7806.0	1100.59	1849.04
-31630.0	7806.0	1099.45	1905.94
-31630.0	7806.0	1098.32	1945.22
-31630.0	7806.0	1097.18	1828.28
-31630.0	7806.0	1096.04	1933.55
-31630.0	7806.0	1094.91	1915.63
-31630.0	7806.0	1093.77	1917.49
-31630.0	7806.0	1092.63	1952.34
-31630.0	7806.0	1091.5	1965.19
-31630.0	7806.0	1090.36	1885.73
-31630.0	7806.0	1089.22	1845.85
-31630.0	7806.0	1088.08	1803.79
-31630.0	7806.0	1086.95	1878.16
-31630.0	7806.0	1085.81	1901.99
-31630.0	7806.0	1084.67	1963.15
-31630.0	7806.0	1083.53	1892.55
-31630.0	7806.0	1082.39	1914.17
-31630.0	7806.0	1081.25	1841.41
-31630.0	7806.0	1080.11	1913.51
-31630.0	7806.0	1078.97	1957.06
-31630.0	7806.0	1077.83	1899.68
-31630.0	7806.0	1076.69	1835.75
-31630.0	7806.0	1075.55	1842.01
-31630.0	7806.0	1074.41	1863.61
-31630.0	7806.0	1073.27	1880.82
-31630.0	7806.0	1072.13	1854.2
-31630.0	7806.0	1070.99	1943.72
-31630.0	7806.0	1069.85	1868.89
-31630.0	7806.0	1068.71	1927.71
-31630.0	7806.0	1067.57	1870.42
-31630.0	7806.0	1066.43	1861.34
-31630.0	7806.0	1065.28	1841.31
-31630.0	7806.0	1064.14	1943.87
-31630.0	7806.0	1063.0	1908.51
-31630.0	7806.0	1061.86	1930.06
-31630.0	7806.0	1060.71	1982.23
-31630.0	7806.0	1059.57	1916.26
-31630.0	7806.0	1058.43	1863.44
-31630.0	7806.0	1057.29	1911.22
-31630.0	7806.0	1056.14	1849.66
-31630.0	7806.0	1055.0	1936.78
-31630.0	7806.0	1053.85	1912.4
-31630.0	7806.0	1052.71	1883.66
-31630.0	7806.0	1051.57	1887.69
-31630.0	7806.0	1050.42	1815.28
-31630.0	7806.0	1049.28	1880.48
-31630.0	7806.0	1048.13	1875.78
-31630.0	7806.0	1046.99	1851.44
-31630.0	7806.0	1045.84	1855.48
-31630.0	7806.0	1044.7	1922.81
-31630.0	7806.0	1043.55	1863.55
-31630.0	7806.0	1042.4	1882.86
-31630.0	7806.0	1041.26	1856.35
-31630.0	7806.0	1040.11	1849.48
-31630.0	7806.0	1038.97	1949.46
-31630.0	7806.0	1037.82	1984.0
-31630.0	7806.0	1036.67	1872.48
-31630.0	7806.0	1035.53	1950.61
-31630.0	7806.0	1034.38	1874.0
-31630.0	7806.0	1033.23	1947.74
-31630.0	7806.0	1032.08	1949.58
-31630.0	7806.0	1030.94	1914.39
-31630.0	7806.0	1029.79	1990.26
-31630.0	7806.0	1028.64	2002.97
-31630.0	7806.0	1027.49	1946.02
-31630.0	7806.0	1026.34	1904.32
-31630.0	7806.0	1025.19	1927.92
-31630.0	7806.0	1024.04	1958.04
-31630.0	7806.0	1022.89	1979.44
-31630.0	7806.0	1021.74	1957.35
-31630.0	7806.0	1020.59	1952.65
-31630.0	7806.0	1019.45	1952.3
-31630.0	7806.0	1018.29	1988.91
-31630.0	7806.0	1017.14	1916.84
-31630.0	7806.0	1015.99	1992.55
-31630.0	7806.0	1014.84	2022.61
-31630.0	7806.0	1013.69	1954.91
-31630.0	7806.0	1012.54	1993.66
-31630.0	7806.0	1011.39	2064.95
-31630.0	7806.0	1010.24	1992.94
-31630.0	7806.0	1009.09	1986.08
-31630.0	7806.0	1007.93	2013.94
-31630.0	7806.0	1006.78	2048.29
-31630.0	7806.0	1005.63	2091.32
-31630.0	7806.0	1004.48	2062.75
-31630.0	7806.0	1003.32	2023.34
-31630.0	7806.0	1002.17	1986.12
-31630.0	7806.0	1001.02	2115.84
-31630.0	7806.0	999.865	2095.95
-31630.0	7806.0	998.711	2130.25
-31630.0	7806.0	997.558	2108.2
-31630.0	7806.0	996.403	2086.16
-31630.0	7806.0	995.249	2168.09
-31630.0	7806.0	994.095	2193.69
-31630.0	7806.0	992.94	2182.47
-31630.0	7806.0	991.785	2268.67
-31630.0	7806.0	990.63	2229.31
-31630.0	7806.0	989.475	2248.38
-31630.0	7806.0	988.319	2295.58
-31630.0	7806.0	987.164	2260.55
-31630.0	7806.0	986.008	2318.54
-31630.0	7806.0	984.852	2277.04
-31630.0	7806.0	983.695	2382.57
-31630.0	7806.0	982.539	2347.56
-31630.0	7806.0	981.382	2368.75
-31630.0	7806.0	980.225	2424.5
-31630.0	7806.0	979.068	2311.72
-31630.0	7806.0	977.911	2268.1
-31630.0	7806.0	976.753	2416.71
-31630.0	7806.0	975.595	2345.02
-31630.0	7806.0	974.437	2368.34
-31630.0	7806.0	973.279	2363.6
-31630.0	7806.0	972.121	2406.34
-31630.0	7806.0	970.962	2408.06
-31630.0	7806.0	969.803	2368.79
-31630.0	7806.0	968.644	2383.46
-31630.0	7806.0	967.485	2316.18
-31630.0	7806.0	966.326	2458.07
-31630.0	7806.0	965.166	2453.31
-31630.0	7806.0	964.006	2489.51
-31630.0	7806.0	962.846	2357.6
-31630.0	7806.0	961.686	2395.96
-31630.0	7806.0	960.525	2369.67
-31630.0	7806.0	959.365	2500.63
-31630.0	7806.0	958.204	2388.19
-31630.0	7806.0	957.043	2428.67
-31630.0	7806.0	955.881	2486.35
-31630.0	7806.0	954.72	2367.52
-31630.0	7806.0	953.558	2451.02
-31630.0	7806.0	952.396	2293.51
-31630.0	7806.0	951.234	2432.92
-31630.0	7806.0	950.071	2337.84
-31630.0	7806.0	948.909	2419.13
-31630.0	7806.0	947.746	2459.54
-31630.0	7806.0	946.583	2441.89
-31630.0	7806.0	945.42	2432.85
-31630.0	7806.0	944.256	2410.92
-31630.0	7806.0	943.092	2346.03
-31630.0	7806.0	941.929	2384.26
-31630.0	7806.0	940.765	2446.11
-31630.0	7806.0	939.6	2318.98
-31630.0	7806.0	938.436	2440.92
-31630.0	7806.0	937.271	2315.98
-31630.0	7806.0	936.106	2285.52
-31630.0	7806.0	934.941	2381.65
-31630.0	7806.0	933.775	2288.97
-31630.0	7806.0	932.61	2234.93
-31630.0	7806.0	931.444	2279.55
-31630.0	7806.0	930.278	2261.98
-31630.0	7806.0	929.112	2182.25
-31630.0	7806.0	927.945	2166.85
-31630.0	7806.0	926.779	2063.59
-31630.0	7806.0	925.612	2112.49
-31630.0	7806.0	924.445	2199.93
-31630.0	7806.0	923.278	2083.88
-31630.0	7806.0	922.11	2092.06
-31630.0	7806.0	920.942	2091.67
-31630.0	7806.0	919.774	2144.8
-31630.0	7806.0	918.606	2114.45
-31630.0	7806.0	917.438	2052.0
-31630.0	7806.0	916.269	2040.93
-31630.0	7806.0	915.1	2006.33
-31630.0	7806.0	913.931	2067.98
-31630.0	7806.0	912.762	2033.39
-31630.0	7806.0	911.593	2035.15
-31630.0	7806.0	910.423	1925.77
-31630.0	7806.0	909.253	1970.29
-31630.0	7806.0	908.083	1967.79
-31630.0	7806.0	906.913	1986.65
-31630.0	7806.0	905.742	1988.42
-31630.0	7806.0	904.572	1926.13
-31630.0	7806.0	903.401	1972.74
-31630.0	7806.0	902.229	2032.14
-31630.0	7806.0	901.058	1984.82
-31630.0	7806.0	899.886	1924.7
-31630.0	7806.0	898.715	1975.55
-31630.0	7806.0	897.543	1951.72
-31630.0	7806.0	896.37	1972.68
-31630.0	7806.0	895.198	1993.64
-31630.0	7806.0	894.025	2035.91
-31630.0	7806.0	892.852	1971.59
-31630.0	7806.0	891.679	1975.48
-31630.0	7806.0	890.506	1975.11
-31630.0	7806.0	889.332	1964.1
-31630.0	7806.0	888.158	1974.38
-31630.0	7806.0	886.984	1967.63
-31630.0	7806.0	885.81	1871.45
-31630.0	7806.0	884.636	1888.13
-31630.0	7806.0	883.461	1958.01
-31630.0	7806.0	882.286	1929.99
-31630.0	7806.0	881.111	1918.99
-31630.0	7806.0	879.936	1888.85
-31630.0	7806.0	878.76	1897.01
-31630.0	7806.0	877.584	1939.18
-31630.0	7806.0	876.408	1936.69
-31630.0	7806.0	875.232	1844.93
-31630.0	7806.0	874.056	1914.72
-31630.0	7806.0	872.879	1907.99
-31630.0	7806.0	871.702	1916.13
-31630.0	7806.0	870.525	1996.48
-31630.0	7806.0	869.348	1964.25
-31630.0	7806.0	868.17	1895.94
-31630.0	7806.0	866.993	1969.89
-31630.0	7806.0	865.815	1971.64
-31630.0	7806.0	864.637	1956.42
-31630.0	7806.0	863.458	1869.07
-31630.0	7806.0	862.28	1798.72
-31630.0	7806.0	861.101	1870.49
-31630.0	7806.0	859.922	1819.25
-31630.0	7806.0	858.742	1842.23
-31630.0	7806.0	857.563	1890.63
-31630.0	7806.0	856.383	1879.68
-31630.0	7806.0	855.203	1822.12
-31630.0	7806.0	854.023	1914.98
-31630.0	7806.0	852.843	1910.39
-31630.0	7806.0	851.662	1886.74
-31630.0	7806.0	850.481	1772.05
-31630.0	7806.0	849.3	1841.57
-31630.0	7806.0	848.119	1856.04
-31630.0	7806.0	846.937	1830.3
-31630.0	7806.0	845.756	1887.08
-31630.0	7806.0	844.574	1890.95
-31630.0	7806.0	843.392	1924.43
-31630.0	7806.0	842.209	1869.09
-31630.0	7806.0	841.027	1915.25
-31630.0	7806.0	839.844	1878.96
-31630.0	7806.0	838.661	1872.26
-31630.0	7806.0	837.477	1835.99
-31630.0	7806.0	836.294	1922.25
-31630.0	7806.0	835.11	1883.87
-31630.0	7806.0	833.926	1934.19
-31630.0	7806.0	832.742	1851.49
-31630.0	7806.0	831.558	1937.68
-31630.0	7806.0	830.373	1852.9
-31630.0	7806.0	829.188	1917.96
-31630.0	7806.0	828.003	1828.99
-31630.0	7806.0	826.818	1820.21
-31630.0	7806.0	825.632	1821.97
-31630.0	7806.0	824.446	1874.34
-31630.0	7806.0	823.26	1817.07
-31630.0	7806.0	822.074	1905.24
-31630.0	7806.0	820.888	1854.31
-31630.0	7806.0	819.701	1940.33
-31630.0	7806.0	818.514	1944.17
-31630.0	7806.0	817.327	1844.82
-31630.0	7806.0	816.14	1873.95
-31630.0	7806.0	814.952	1917.8
-31630.0	7806.0	813.765	1883.76
-31630.0	7806.0	812.577	1906.55
-31630.0	7806.0	811.388	1840.96
-31630.0	7806.0	810.2	1813.27
-31630.0	7806.0	809.011	1819.23
-31630.0	7806.0	807.822	1814.68
-31630.0	7806.0	806.633	1835.36
-31630.0	7806.0	805.444	1872.84
-31630.0	7806.0	804.254	1916.62
-31630.0	7806.0	803.064	1830.1
-31630.0	7806.0	801.874	1825.55
-31630.0	7806.0	800.684	1810.5
-31630.0	7806.0	799.493	1875.25
-31630.0	7806.0	798.303	1872.79
-31630.0	7806.0	797.112	1874.53
-31630.0	7806.0	795.921	1859.48
-31630.0	7806.0	794.729	1878.01
-31630.0	7806.0	793.538	1833.6
-31630.0	7806.0	792.346	1856.32
-31630.0	7806.0	791.154	1889.52
-31630.0	7806.0	789.961	1914.32
-31630.0	7806.0	788.769	1913.95
-31630.0	7806.0	787.576	1831.84
-31630.0	7806.0	786.383	1865.02
-31630.0	7806.0	785.19	1793.42
-31630.0	7806.0	783.996	1753.28
-31630.0	7806.0	782.802	1780.17
-31630.0	7806.0	781.608	1786.11
-31630.0	7806.0	780.414	1844.38
-31630.0	7806.0	779.22	1825.19
-31630.0	7806.0	778.025	1806.0
-31630.0	7806.0	776.83	1828.67
-31630.0	7806.0	775.635	1849.24
-31630.0	7806.0	774.44	1834.24
-31630.0	7806.0	773.244	1766.97
-31630.0	7806.0	772.049	1860.71
-31630.0	7806.0	770.853	1843.63
-31630.0	7806.0	769.656	1851.64
-31630.0	7806.0	768.46	1909.78
-31630.0	7806.0	767.263	1869.72
-31630.0	7806.0	766.066	1861.01
-31630.0	7806.0	764.869	1860.65
-31630.0	7806.0	763.672	1818.53
-31630.0	7806.0	762.474	1862.02
-31630.0	7806.0	761.276	1826.18
-31630.0	7806.0	760.078	1840.43
-31630.0	7806.0	758.88	1842.16
-31630.0	7806.0	757.681	1866.83
-31630.0	7806.0	756.483	1812.25
-31630.0	7806.0	755.284	1893.21
-31630.0	7806.0	754.084	1899.1
-31630.0	7806.0	752.885	1754.92
-31630.0	7806.0	751.685	1823.35
-31630.0	7806.0	750.485	1829.24
-31630.0	7806.0	749.285	1745.57
-31630.0	7806.0	748.085	1809.79
-31630.0	7806.0	746.884	1769.88
-31630.0	7806.0	745.683	1752.88
-31630.0	7806.0	744.482	1862.85
-31630.0	7806.0	743.281	1800.06
-31630.0	7806.0	742.079	1818.43
-31630.0	7806.0	740.877	1840.96
-31630.0	7806.0	739.675	1703.34
-31630.0	7806.0	738.473	1817.37
-31630.0	7806.0	737.27	1831.57
-31630.0	7806.0	736.068	1743.91
-31630.0	7806.0	734.865	1795.53
-31630.0	7806.0	733.661	1853.36
-31630.0	7806.0	732.458	1765.74
-31630.0	7806.0	731.254	1723.86
-31630.0	7806.0	730.05	1740.14
-31630.0	7806.0	728.846	1816.61
-31630.0	7806.0	727.642	1832.87
-31630.0	7806.0	726.437	1832.51
-31630.0	7806.0	725.232	1830.07
-31630.0	7806.0	724.027	1819.34
-31630.0	7806.0	722.822	1829.36
-31630.0	7806.0	721.616	1826.93
-31630.0	7806.0	720.41	1855.59
-31630.0	7806.0	719.204	1819.99
-31630.0	7806.0	717.998	1774.04
-31630.0	7806.0	716.791	1757.12
-31630.0	7806.0	715.585	1794.06
-31630.0	7806.0	714.378	2021.55
-31630.0	7806.0	713.17	1896.9
-31630.0	7806.0	711.963	1894.46
-31630.0	7806.0	710.755	1844.41
-31630.0	7806.0	709.547	1813.0
-31630.0	7806.0	708.339	1767.12
-31630.0	7806.0	707.131	1888.83
-31630.0	7806.0	705.922	1816.07
-31630.0	7806.0	704.713	1836.39
-31630.0	7806.0	703.504	1883.58
-31630.0	7806.0	702.295	1810.86
-31630.0	7806.0	701.085	1874.58
-31630.0	7806.0	699.875	1849.41
-31630.0	7806.0	698.665	1855.24
-31630.0	7806.0	697.455	1780.52
-31630.0	7806.0	696.244	1871.03
-31630.0	7806.0	695.034	1895.44
-31630.0	7806.0	693.822	1839.33
-31630.0	7806.0	692.611	1847.22
-31630.0	7806.0	691.4	1824.16
-31630.0	7806.0	690.188	1799.04
-31630.0	7806.0	688.976	1844.07
-31630.0	7806.0	687.764	1823.08
-31630.0	7806.0	686.551	1866.02
-31630.0	7806.0	685.339	1925.43
-31630.0	7806.0	684.126	1844.67
-31630.0	7806.0	682.912	1910.25
-31630.0	7806.0	681.699	1860.42
-31630.0	7806.0	680.485	1913.61
-31630.0	7806.0	679.271	1849.39
-31630.0	7806.0	678.057	1945.8
-31630.0	7806.0	676.843	1865.13
-31630.0	7806.0	675.628	1912.1
-31630.0	7806.0	674.413	1991.97
-31630.0	7806.0	673.198	1973.06
-31630.0	7806.0	671.983	1894.5
-31630.0	7806.0	670.767	1900.3
-31630.0	7806.0	669.551	1897.86
-31630.0	7806.0	668.335	1971.49
-31630.0	7806.0	667.119	1948.49
-31630.0	7806.0	665.902	1904.95
-31630.0	7806.0	664.686	1881.97
-31630.0	7806.0	663.469	1955.55
-31630.0	7806.0	662.251	1838.1
-31630.0	7806.0	661.034	1932.18
-31630.0	7806.0	659.816	1948.22
-31630.0	7806.0	658.598	1923.2
-31630.0	7806.0	657.38	1861.26
-31630.0	7806.0	656.161	1893.71
-31630.0	7806.0	654.942	1920.0
-31630.0	7806.0	653.723	1890.91
-31630.0	7806.0	652.504	1888.48
-31630.0	7806.0	651.285	1900.4
-31630.0	7806.0	650.065	1906.17
-31630.0	7806.0	648.845	1922.19
-31630.0	7806.0	647.625	1889.02
-31630.0	7806.0	646.404	1911.18
-31630.0	7806.0	645.184	1976.33
-31630.0	7806.0	643.963	2012.79
-31630.0	7806.0	642.742	1963.26
-31630.0	7806.0	641.52	1899.42
-31630.0	7806.0	640.298	1942.01
-31630.0	7806.0	639.076	1937.53
-31630.0	7806.0	637.854	2002.6
-31630.0	7806.0	636.632	1910.17
-31630.0	7806.0	635.409	1983.39
-31630.0	7806.0	634.186	1929.84
-31630.0	7806.0	632.963	1941.72
-31630.0	7806.0	631.74	1924.98
-31630.0	7806.0	630.516	1957.29
-31630.0	7806.0	629.292	1952.81
-31630.0	7806.0	628.068	1938.12
-31630.0	7806.0	626.844	1943.86
-31630.0	7806.0	625.619	1931.22
-31630.0	7806.0	624.394	1985.94
-31630.0	7806.0	623.169	2016.15
-31630.0	7806.0	621.944	2027.99
-31630.0	7806.0	620.718	1956.18
-31630.0	7806.0	619.492	1955.79
-31630.0	7806.0	618.266	2008.41
-31630.0	7806.0	617.04	1973.35
-31630.0	7806.0	615.813	1938.31
-31630.0	7806.0	614.587	2043.88
-31630.0	7806.0	613.36	1951.79
-31630.0	7806.0	612.132	1953.43
-31630.0	7806.0	610.905	2010.06
-31630.0	7806.0	609.677	1985.22
-31630.0	7806.0	608.449	1980.75
-31630.0	7806.0	607.22	1968.14
-31630.0	7806.0	605.992	1935.18
-31630.0	7806.0	604.763	1888.0
-31630.0	7806.0	603.534	1964.91
-31630.0	7806.0	602.305	1921.81
-31630.0	7806.0	601.075	1972.25
-31630.0	7806.0	599.845	1939.33
-31630.0	7806.0	598.615	1912.51
-31630.0	7806.0	597.385	1958.86
-31630.0	7806.0	596.154	1897.52
-31630.0	7806.0	594.924	1962.13
-31630.0	7806.0	593.693	1963.77
-31630.0	7806.0	592.461	1939.0
-31630.0	7806.0	591.23	1904.1
-31630.0	7806.0	589.998	1913.87
-31630.0	7806.0	588.766	1945.94
-31630.0	7806.0	587.534	1937.43
-31630.0	7806.0	586.301	1870.11
-31630.0	7806.0	585.068	1967.07
-31630.0	7806.0	583.835	1960.59
-31630.0	7806.0	582.602	2008.84
-31630.0	7806.0	581.368	1929.39
-31630.0	7806.0	580.134	1920.89
-31630.0	7806.0	578.9	1985.33
-31630.0	7806.0	577.666	1976.83
-31630.0	7806.0	576.432	1970.35
-31630.0	7806.0	575.197	1937.55
-31630.0	7806.0	573.962	1933.11
-31630.0	7806.0	572.726	1971.17
-31630.0	7806.0	571.491	2015.28
-31630.0	7806.0	570.255	1976.44
-31630.0	7806.0	569.019	1874.91
-31630.0	7806.0	567.783	1898.79
-31630.0	7806.0	566.546	1981.3
-31630.0	7806.0	565.309	1997.06
-31630.0	7806.0	564.072	1992.61
-31630.0	7806.0	562.835	1945.74
-31630.0	7806.0	561.597	2038.26
-31630.0	7806.0	560.359	1989.38
-31630.0	7806.0	559.121	2027.34
-31630.0	7806.0	557.883	2004.71
-31630.0	7806.0	556.644	2076.97
-31630.0	7806.0	555.406	2028.11
-31630.0	7806.0	554.167	2051.91
-31630.0	7806.0	552.927	2085.78
-31630.0	7806.0	551.688	2123.68
-31630.0	7806.0	550.448	2143.41
-31630.0	7806.0	549.208	2177.24
-31630.0	7806.0	547.967	2233.23
-31630.0	7806.0	546.727	2204.56
-31630.0	7806.0	545.486	2234.33
-31630.0	7806.0	544.245	2227.83
-31630.0	7806.0	543.003	2388.49
-31630.0	7806.0	541.762	2353.77
-31630.0	7806.0	540.52	2369.39
-31630.0	7806.0	539.278	2378.97
-31630.0	7806.0	538.035	2462.99
-31630.0	7806.0	536.793	2532.9
-31630.0	7806.0	535.55	2669.16
-31630.0	7806.0	534.307	2777.21
-31630.0	7806.0	533.063	2965.63
-31630.0	7806.0	531.82	3085.64
-31630.0	7806.0	530.576	3336.23
-31630.0	7806.0	529.331	3624.89
-31630.0	7806.0	528.087	4130.4
-31630.0	7806.0	526.842	4842.58
-31630.0	7806.0	525.597	6209.12
-31630.0	7806.0	524.352	8424.36
-31630.0	7806.0	523.107	12190.3
-31630.0	7806.0	521.861	16508.6
-31630.0	7806.0	520.615	18006.1
-31630.0	7806.0	519.369	15731.5
-31630.0	7806.0	518.122	12844.2
-31630.0	7806.0	516.876	10537.5
-31630.0	7806.0	515.629	8584.64
-31630.0	7806.0	514.381	7398.27
-31630.0	7806.0	513.134	6667.29
-31630.0	7806.0	511.886	6016.76
-31630.0	7806.0	510.638	5670.97
-31630.0	7806.0	509.39	5363.38
-31630.0	7806.0	508.141	5192.07
-31630.0	7806.0	506.892	4934.76
-31630.0	7806.0	505.643	4841.67
-31630.0	7806.0	504.394	4940.72
-31630.0	7806.0	503.145	4925.7
-31630.0	7806.0	501.895	4742.66
-31630.0	7806.0	500.645	4767.68
-31630.0	7806.0	499.394	4786.69
-31630.0	7806.0	498.144	4767.7
-31630.0	7806.0	496.893	4796.7
-31630.0	7806.0	495.642	4703.79
-31630.0	7806.0	494.39	4672.85
-31630.0	7806.0	493.139	4566.02
-31630.0	7806.0	491.887	4437.27
-31630.0	7806.0	490.635	4558.14
-31630.0	7806.0	489.382	4587.14
-31630.0	7806.0	488.13	4408.57
-31630.0	7806.0	486.877	4301.91
-31630.0	7806.0	485.623	4269.1
-31630.0	7806.0	484.37	4322.06
-31630.0	7806.0	483.116	4384.98
-31630.0	7806.0	481.862	4248.5
-31630.0	7806.0	480.608	4213.73
-31630.0	7806.0	479.354	4330.44
-31630.0	7806.0	478.099	4243.86
-31630.0	7806.0	476.844	4195.17
-31630.0	7806.0	475.588	4210.24
-31630.0	7806.0	474.333	4105.82
-31630.0	7806.0	473.077	4106.96
-31630.0	7806.0	471.821	4050.38
-31630.0	7806.0	470.565	4133.11
-31630.0	7806.0	469.308	4002.93
-31630.0	7806.0	468.051	4000.11
-31630.0	7806.0	466.794	4025.13
-31630.0	7806.0	465.537	4028.27
-31630.0	7806.0	464.279	3949.91
-31630.0	7806.0	463.021	3911.32
-31630.0	7806.0	461.763	3854.87
-31630.0	7806.0	460.505	3705.07
-31630.0	7806.0	459.246	3755.94
-31630.0	7806.0	457.987	3699.56
-31630.0	7806.0	456.728	3526.06
-31630.0	7806.0	455.469	3600.75
-31630.0	7806.0	454.209	3600.0
-31630.0	7806.0	452.949	3539.73
-31630.0	7806.0	451.689	3515.18
-31630.0	7806.0	450.428	3558.08
-31630.0	7806.0	449.167	3464.15
-31630.0	7806.0	447.906	3465.41
-31630.0	7806.0	446.645	3472.61
-31630.0	7806.0	445.383	3418.38
-31630.0	7806.0	444.122	3253.22
-31630.0	7806.0	442.86	3179.25
-31630.0	7806.0	441.597	3243.94
-31630.0	7806.0	440.335	3239.3
-31630.0	7806.0	439.072	3292.08
-31630.0	7806.0	437.809	3172.64
-31630.0	7806.0	436.545	3128.44
-31630.0	7806.0	435.281	3131.74
-31630.0	7806.0	434.018	3065.82
-31630.0	7806.0	432.753	3075.06
-31630.0	7806.0	431.489	3034.88
-31630.0	7806.0	430.224	3050.06
-31630.0	7806.0	428.959	3071.16
-31630.0	7806.0	427.694	2967.77
-31630.0	7806.0	426.428	2963.19
-31630.0	7806.0	425.163	3002.08
-31630.0	7806.0	423.896	2900.74
-31630.0	7806.0	422.63	2817.21
-31630.0	7806.0	421.364	2952.82
-31630.0	7806.0	420.097	2837.74
-31630.0	7806.0	418.83	2856.88
-31630.0	7806.0	417.562	2801.04
-31630.0	7806.0	416.295	2901.04
-31630.0	7806.0	415.027	2835.36
-31630.0	7806.0	413.758	2781.54
-31630.0	7806.0	412.49	2830.23
-31630.0	7806.0	411.221	2865.1
-31630.0	7806.0	409.952	2844.8
-31630.0	7806.0	408.683	2733.9
-31630.0	7806.0	407.414	2804.22
-31630.0	7806.0	406.144	2770.16
-31630.0	7806.0	404.874	2736.12
-31630.0	7806.0	403.603	2776.87
-31630.0	7806.0	402.333	2768.41
-31630.0	7806.0	401.062	2805.21
-31630.0	7806.0	399.791	2745.62
-31630.0	7806.0	398.519	2774.53
-31630.0	7806.0	397.248	2785.75
-31630.0	7806.0	395.976	2706.54
-31630.0	7806.0	394.704	2727.58
-31630.0	7806.0	393.431	2673.96
-31630.0	7806.0	392.159	2742.15
-31630.0	7806.0	390.886	2808.34
-31630.0	7806.0	389.612	2740.99
-31630.0	7806.0	388.339	2665.82
-31630.0	7806.0	387.065	2800.68
-31630.0	7806.0	385.791	2772.62
-31630.0	7806.0	384.517	2787.73
-31630.0	7806.0	383.242	2775.37
-31630.0	7806.0	381.967	2725.76
-31630.0	7806.0	380.692	2766.36
-31630.0	7806.0	379.417	2746.18
-31630.0	7806.0	378.141	2853.38
-31630.0	7806.0	376.865	2801.84
-31630.0	7806.0	375.589	2722.89
-31630.0	7806.0	374.312	2775.19
-31630.0	7806.0	373.035	2708.03
-31630.0	7806.0	371.758	2674.18
-31630.0	7806.0	370.481	2671.66
-31630.0	7806.0	369.204	2645.65
-31630.0	7806.0	367.926	2709.66
-31630.0	7806.0	366.648	2650.4
-31630.0	7806.0	365.369	2704.6
-31630.0	7806.0	364.091	2705.98
-31630.0	7806.0	362.812	2678.04
-31630.0	7806.0	361.532	2697.02
-31630.0	7806.0	360.253	2575.31
-31630.0	7806.0	358.973	2688.07
-31630.0	7806.0	357.693	2667.97
-31630.0	7806.0	356.413	2759.18
-31630.0	7806.0	355.132	2633.65
-31630.0	7806.0	353.852	2752.15
-31630.0	7806.0	352.571	2693.03
-31630.0	7806.0	351.289	2645.63
-31630.0	7806.0	350.008	2689.94
-31630.0	7806.0	348.726	2671.81
-31630.0	7806.0	347.444	2696.59
-31630.0	7806.0	346.161	2672.63
-31630.0	7806.0	344.878	2617.49
-31630.0	7806.0	343.595	2624.73
-31630.0	7806.0	342.312	2754.7
-31630.0	7806.0	341.029	2773.59
-31630.0	7806.0	339.745	2704.85
-31630.0	7806.0	338.461	2754.89
-31630.0	7806.0	337.176	2785.45
-31630.0	7806.0	335.892	2720.64
-31630.0	7806.0	334.607	2780.38
-31630.0	7806.0	333.322	2836.2
-31630.0	7806.0	332.036	2775.31
-31630.0	7806.0	330.75	2768.89
-31630.0	7806.0	329.464	2750.8
-31630.0	7806.0	328.178	2765.77
-31630.0	7806.0	326.892	2763.24
-31630.0	7806.0	325.605	2731.56
-31630.0	7806.0	324.318	2746.52
-31630.0	7806.0	323.03	2784.78
-31630.0	7806.0	321.743	2856.02
-31630.0	7806.0	320.455	2839.89
-31630.0	7806.0	319.167	2854.81
-31630.0	7806.0	317.878	2852.26
-31630.0	7806.0	316.59	2818.67
-31630.0	7806.0	315.301	2874.32
-31630.0	7806.0	314.011	2798.08
-31630.0	7806.0	312.722	2832.38
-31630.0	7806.0	311.432	2851.16
-31630.0	7806.0	310.142	2749.79
-31630.0	7806.0	308.851	2973.94
-31630.0	7806.0	307.561	2913.26
-31630.0	7806.0	306.27	2930.07
-31630.0	7806.0	304.979	2929.45
-31630.0	7806.0	303.687	2940.44
-31630.0	7806.0	302.395	2856.59
-31630.0	7806.0	301.103	2958.53
-31630.0	7806.0	299.811	2955.97
-31630.0	7806.0	298.519	2922.46
-31630.0	7806.0	297.226	2954.71
-31630.0	7806.0	295.933	2944.41
-31630.0	7806.0	294.639	2854.87
-31630.0	7806.0	293.345	2890.98
-31630.0	7806.0	292.052	2903.89
-31630.0	7806.0	290.757	2872.36
-31630.0	7806.0	289.463	2813.81
-31630.0	7806.0	288.168	2793.9
-31630.0	7806.0	286.873	2826.12
-31630.0	7806.0	285.578	2790.78
-31630.0	7806.0	284.282	2822.98
-31630.0	7806.0	282.986	2791.51
-31630.0	7806.0	281.69	2785.13
-31630.0	7806.0	280.393	2780.68
-31630.0	7806.0	279.097	2776.23
-31630.0	7806.0	277.8	2665.77
-31630.0	7806.0	276.502	2757.7
-31630.0	7806.0	275.205	2799.5
-31630.0	7806.0	273.907	2681.39
-31630.0	7806.0	272.609	2638.45
-31630.0	7806.0	271.311	2662.92
-31630.0	7806.0	270.012	2729.73
-31630.0	7806.0	268.713	2684.88
-31630.0	7806.0	267.414	2649.66
-31630.0	7806.0	266.114	2595.23
-31630.0	7806.0	264.814	2608.14
-31630.0	7806.0	263.514	2582.58
-31630.0	7806.0	262.214	2524.35
-31630.0	7806.0	260.913	2560.33
-31630.0	7806.0	259.613	2540.57
-31630.0	7806.0	258.311	2530.42
-31630.0	7806.0	257.01	2504.9
-31630.0	7806.0	255.708	2542.78
-31630.0	7806.0	254.406	2467.35
-31630.0	7806.0	253.104	2535.93
-31630.0	7806.0	251.801	2487.4
-31630.0	7806.0	250.499	2421.63
-31630.0	7806.0	249.195	2405.76
-31630.0	7806.0	247.892	2439.77
-31630.0	7806.0	246.588	2414.32
-31630.0	7806.0	245.284	2452.14
-31630.0	7806.0	243.98	2428.62
-31630.0	7806.0	242.676	2443.43
-31630.0	7806.0	241.371	2439.07
-31630.0	7806.0	240.066	2440.46
-31630.0	7806.0	238.76	2411.21
-31630.0	7806.0	237.455	2401.12
-31630.0	7806.0	236.149	2360.4
-31630.0	7806.0	234.843	2359.9
-31630.0	7806.0	233.536	2301.99
-31630.0	7806.0	232.229	2402.89
-31630.0	7806.0	230.922	2371.77
-31630.0	7806.0	229.615	2390.38
-31630.0	7806.0	228.307	2384.13
-31630.0	7806.0	227.0	2309.07
-31630.0	7806.0	225.691	2342.98
-31630.0	7806.0	224.383	2248.85
-31630.0	7806.0	223.074	2284.66
-31630.0	7806.0	221.765	2276.53
-31630.0	7806.0	220.456	2268.41
-31630.0	7806.0	219.146	2287.01
-31630.0	7806.0	217.836	2345.68
-31630.0	7806.0	216.526	2310.83
-31630.0	7806.0	215.216	2235.93
-31630.0	7806.0	213.905	2224.01
-31630.0	7806.0	212.594	2240.69
-31630.0	7806.0	211.283	2326.01
-31630.0	7806.0	209.971	2279.76
-31630.0	7806.0	208.66	2281.17
-31630.0	7806.0	207.348	2297.83
-31630.0	7806.0	206.035	2272.57
-31630.0	7806.0	204.722	2323.51
-31630.0	7806.0	203.409	2490.57
-31630.0	7806.0	202.096	2474.8
-31630.0	7806.0	200.783	2483.79
-31630.0	7806.0	199.469	2555.56
-31630.0	7806.0	198.155	2648.23
-31630.0	7806.0	196.84	2613.42
-31630.0	7806.0	195.526	2616.67
-31630.0	7806.0	194.211	2682.65
-31630.0	7806.0	192.896	2699.18
-31630.0	7806.0	191.58	2856.33
-31630.0	7806.0	190.264	2823.41
-31630.0	7806.0	188.948	2741.12
-31630.0	7806.0	187.632	2786.11
-31630.0	7806.0	186.315	2741.84
-31630.0	7806.0	184.998	2688.1
-31630.0	7806.0	183.681	2744.46
-31630.0	7806.0	182.364	2815.97
-31630.0	7806.0	181.046	2872.28
-31630.0	7806.0	179.728	2746.48
-31630.0	7806.0	178.41	2787.61
-31630.0	7806.0	177.091	2821.13
-31630.0	7806.0	175.772	2776.93
-31630.0	7806.0	174.453	2835.08
-31630.0	7806.0	173.133	2813.62
-31630.0	7806.0	171.814	2811.12
-31630.0	7806.0	170.494	2804.84
-31630.0	7806.0	169.173	2838.31
-31630.0	7806.0	167.853	2871.78
-31630.0	7806.0	166.532	2916.58
-31630.0	7806.0	165.211	2855.4
-31630.0	7806.0	163.889	2888.84
-31630.0	7806.0	162.567	2910.91
-31630.0	7806.0	161.245	2863.01
-31630.0	7806.0	159.923	2902.1
-31630.0	7806.0	158.6	2856.1
-31630.0	7806.0	157.278	2944.31
-31630.0	7806.0	155.954	2911.55
-31630.0	7806.0	154.631	3041.27
-31630.0	7806.0	153.307	2982.06
-31630.0	7806.0	151.983	3032.4
-31630.0	7806.0	150.659	2875.06
-31630.0	7806.0	149.334	2946.16
-31630.0	7806.0	148.009	3024.78
-31630.0	7806.0	146.684	3010.92
-31630.0	7806.0	145.359	2942.37
-31630.0	7806.0	144.033	2904.02
-31630.0	7806.0	142.707	3035.37
-31630.0	7806.0	141.381	2961.2
-31630.0	7806.0	140.054	2898.37
-31630.0	7806.0	138.727	2939.2
-31630.0	7806.0	137.4	2949.86
-31630.0	7806.0	136.072	2983.13
-31630.0	7806.0	134.745	2963.65
-31630.0	7806.0	133.417	2998.78
-31630.0	7806.0	132.088	2969.9
-31630.0	7806.0	130.76	2922.22
-31630.0	7806.0	129.431	2914.06
-31630.0	7806.0	128.102	2956.7
-31630.0	7806.0	126.772	2937.25
-31630.0	7806.0	125.442	2846.38
-31630.0	7806.0	124.112	2872.08
-31630.0	7806.0	122.782	2803.8
-31630.0	7806.0	121.451	2883.99
-31630.0	7806.0	120.12	2828.89
-31630.0	7806.0	118.789	2822.65
-31630.0	7806.0	117.458	2825.79
-31630.0	7806.0	116.126	2795.15
-31630.0	7806.0	114.794	2760.76
-31630.0	7806.0	113.462	2698.24
-31630.0	7806.0	112.129	2737.06
-31630.0	7806.0	110.796	2655.82
-31630.0	7806.0	109.463	2675.87
-31630.0	7806.0	108.129	2604.05
-31630.0	7806.0	106.796	2509.77
-31630.0	7806.0	105.461	2595.43
-31630.0	7806.0	104.127	2437.49
-31630.0	7806.0	102.792	2393.88
-31630.0	7806.0	101.457	2266.02
-31630.0	7806.0	100.122	2205.61
-31630.0	7806.0	98.7867	2216.37
-31630.0	7806.0	97.4509	2127.93
-31630.0	7806.0	96.1148	2009.59
-31630.0	7806.0	94.7784	1968.0
-31630.0	7806.0	93.4418	1941.39
-31630.0	7806.0	92.1048	1931.62
-31630.0	7806.0	90.7676	1873.25
-31630.0	7806.0	89.43	1912.09
-31630.0	7806.0	88.0922	1792.08
-31630.0	7806.0	86.7541	1814.11
-31630.0	7806.0	85.4157	1783.84
