-31626.0	7812.0	1311.89	1980.63
-31626.0	7812.0	1310.78	2146.09
-31626.0	7812.0	1309.68	2073.09
-31626.0	7812.0	1308.58	2011.46
-31626.0	7812.0	1307.48	2083.78
-31626.0	7812.0	1306.38	2156.07
-31626.0	7812.0	1305.28	2085.38
-31626.0	7812.0	1304.18	2107.73
-31626.0	7812.0	1303.07	2075.64
-31626.0	7812.0	1301.97	1957.36
-31626.0	7812.0	1300.87	2129.4
-31626.0	7812.0	1299.77	2124.52
-31626.0	7812.0	1298.66	2069.77
-31626.0	7812.0	1297.56	2164.64
-31626.0	7812.0	1296.46	2064.58
-31626.0	7812.0	1295.35	2061.98
-31626.0	7812.0	1294.25	2122.82
-31626.0	7812.0	1293.15	2068.11
-31626.0	7812.0	1292.04	2051.93
-31626.0	7812.0	1290.94	2033.48
-31626.0	7812.0	1289.83	1992.4
-31626.0	7812.0	1288.73	2046.41
-31626.0	7812.0	1287.63	2050.61
-31626.0	7812.0	1286.52	2020.86
-31626.0	7812.0	1285.42	2072.57
-31626.0	7812.0	1284.31	2017.94
-31626.0	7812.0	1283.21	2096.78
-31626.0	7812.0	1282.1	2148.46
-31626.0	7812.0	1280.99	2111.93
-31626.0	7812.0	1279.89	2023.42
-31626.0	7812.0	1278.78	2023.1
-31626.0	7812.0	1277.68	2081.53
-31626.0	7812.0	1276.57	2004.36
-31626.0	7812.0	1275.46	2103.45
-31626.0	7812.0	1274.36	2042.12
-31626.0	7812.0	1273.25	2095.99
-31626.0	7812.0	1272.14	2016.62
-31626.0	7812.0	1271.04	2041.13
-31626.0	7812.0	1269.93	2034.02
-31626.0	7812.0	1268.82	1995.32
-31626.0	7812.0	1267.71	1949.86
-31626.0	7812.0	1266.61	1999.19
-31626.0	7812.0	1265.5	1992.09
-31626.0	7812.0	1264.39	2018.84
-31626.0	7812.0	1263.28	1975.66
-31626.0	7812.0	1262.17	2018.18
-31626.0	7812.0	1261.06	1995.31
-31626.0	7812.0	1259.95	2026.54
-31626.0	7812.0	1258.84	2026.21
-31626.0	7812.0	1257.74	1962.79
-31626.0	7812.0	1256.63	2111.17
-31626.0	7812.0	1255.52	1993.69
-31626.0	7812.0	1254.41	2013.63
-31626.0	7812.0	1253.3	2004.3
-31626.0	7812.0	1252.19	2012.98
-31626.0	7812.0	1251.08	2066.68
-31626.0	7812.0	1249.96	2097.85
-31626.0	7812.0	1248.85	2039.0
-31626.0	7812.0	1247.74	2056.66
-31626.0	7812.0	1246.63	2031.58
-31626.0	7812.0	1245.52	1993.01
-31626.0	7812.0	1244.41	2006.18
-31626.0	7812.0	1243.3	1936.14
-31626.0	7812.0	1242.18	2048.24
-31626.0	7812.0	1241.07	1973.72
-31626.0	7812.0	1239.96	1964.41
-31626.0	7812.0	1238.85	2000.04
-31626.0	7812.0	1237.74	1963.76
-31626.0	7812.0	1236.62	2053.3
-31626.0	7812.0	1235.51	1945.15
-31626.0	7812.0	1234.4	1976.27
-31626.0	7812.0	1233.28	2009.63
-31626.0	7812.0	1232.17	1948.68
-31626.0	7812.0	1231.06	1988.76
-31626.0	7812.0	1229.94	1997.41
-31626.0	7812.0	1228.83	2017.28
-31626.0	7812.0	1227.71	1985.54
-31626.0	7812.0	1226.6	2052.51
-31626.0	7812.0	1225.48	1946.76
-31626.0	7812.0	1224.37	2000.26
-31626.0	7812.0	1223.25	1948.36
-31626.0	7812.0	1222.14	1988.39
-31626.0	7812.0	1221.02	2005.99
-31626.0	7812.0	1219.91	1983.25
-31626.0	7812.0	1218.79	1996.37
-31626.0	7812.0	1217.68	2074.44
-31626.0	7812.0	1216.56	1975.55
-31626.0	7812.0	1215.44	2076.0
-31626.0	7812.0	1214.33	1892.05
-31626.0	7812.0	1213.21	1976.81
-31626.0	7812.0	1212.09	1978.72
-31626.0	7812.0	1210.98	1926.92
-31626.0	7812.0	1209.86	1982.54
-31626.0	7812.0	1208.74	1975.5
-31626.0	7812.0	1207.62	1970.7
-31626.0	7812.0	1206.51	1921.17
-31626.0	7812.0	1205.39	1999.11
-31626.0	7812.0	1204.27	1940.65
-31626.0	7812.0	1203.15	1987.27
-31626.0	7812.0	1202.03	2065.17
-31626.0	7812.0	1200.91	1982.14
-31626.0	7812.0	1199.8	1934.89
-31626.0	7812.0	1198.68	1898.83
-31626.0	7812.0	1197.56	1972.22
-31626.0	7812.0	1196.44	1911.6
-31626.0	7812.0	1195.32	1951.47
-31626.0	7812.0	1194.2	1977.93
-31626.0	7812.0	1193.08	1879.39
-31626.0	7812.0	1191.96	1954.96
-31626.0	7812.0	1190.84	1997.02
-31626.0	7812.0	1189.72	1963.23
-31626.0	7812.0	1188.6	2014.2
-31626.0	7812.0	1187.48	2013.87
-31626.0	7812.0	1186.35	1989.0
-31626.0	7812.0	1185.23	1979.75
-31626.0	7812.0	1184.11	1908.09
-31626.0	7812.0	1182.99	1905.54
-31626.0	7812.0	1181.87	1889.63
-31626.0	7812.0	1180.75	1893.76
-31626.0	7812.0	1179.62	1951.37
-31626.0	7812.0	1178.5	1930.99
-31626.0	7812.0	1177.38	2048.69
-31626.0	7812.0	1176.26	2019.4
-31626.0	7812.0	1175.13	1947.83
-31626.0	7812.0	1174.01	1862.93
-31626.0	7812.0	1172.89	1938.28
-31626.0	7812.0	1171.76	2006.92
-31626.0	7812.0	1170.64	2024.38
-31626.0	7812.0	1169.51	1917.28
-31626.0	7812.0	1168.39	1997.02
-31626.0	7812.0	1167.27	1949.99
-31626.0	7812.0	1166.14	1887.41
-31626.0	7812.0	1165.02	1871.54
-31626.0	7812.0	1163.89	1886.78
-31626.0	7812.0	1162.77	1899.79
-31626.0	7812.0	1161.64	1926.13
-31626.0	7812.0	1160.52	1868.05
-31626.0	7812.0	1159.39	1901.05
-31626.0	7812.0	1158.26	1889.63
-31626.0	7812.0	1157.14	1922.61
-31626.0	7812.0	1156.01	1948.92
-31626.0	7812.0	1154.88	1941.93
-31626.0	7812.0	1153.76	1972.67
-31626.0	7812.0	1152.63	1921.31
-31626.0	7812.0	1151.5	1969.79
-31626.0	7812.0	1150.38	1947.27
-31626.0	7812.0	1149.25	1935.86
-31626.0	7812.0	1148.12	1984.31
-31626.0	7812.0	1146.99	2019.44
-31626.0	7812.0	1145.87	1919.36
-31626.0	7812.0	1144.74	1983.3
-31626.0	7812.0	1143.61	1865.53
-31626.0	7812.0	1142.48	1891.8
-31626.0	7812.0	1141.35	1906.98
-31626.0	7812.0	1140.22	1924.37
-31626.0	7812.0	1139.09	1893.05
-31626.0	7812.0	1137.97	1943.64
-31626.0	7812.0	1136.84	1934.46
-31626.0	7812.0	1135.71	1905.36
-31626.0	7812.0	1134.58	1916.1
-31626.0	7812.0	1133.45	1902.5
-31626.0	7812.0	1132.32	1915.45
-31626.0	7812.0	1131.19	1959.35
-31626.0	7812.0	1130.05	1886.05
-31626.0	7812.0	1128.92	1989.63
-31626.0	7812.0	1127.79	1907.51
-31626.0	7812.0	1126.66	1898.34
-31626.0	7812.0	1125.53	1937.79
-31626.0	7812.0	1124.4	1844.67
-31626.0	7812.0	1123.27	1857.61
-31626.0	7812.0	1122.13	1934.59
-31626.0	7812.0	1121.0	1868.02
-31626.0	7812.0	1119.87	1936.14
-31626.0	7812.0	1118.74	1858.55
-31626.0	7812.0	1117.6	1937.68
-31626.0	7812.0	1116.47	1895.42
-31626.0	7812.0	1115.34	1928.19
-31626.0	7812.0	1114.2	1879.33
-31626.0	7812.0	1113.07	1989.28
-31626.0	7812.0	1111.94	1911.76
-31626.0	7812.0	1110.8	1891.59
-31626.0	7812.0	1109.67	1856.0
-31626.0	7812.0	1108.54	1904.17
-31626.0	7812.0	1107.4	1901.63
-31626.0	7812.0	1106.27	1837.42
-31626.0	7812.0	1105.13	1874.55
-31626.0	7812.0	1104.0	1898.45
-31626.0	7812.0	1102.86	1887.11
-31626.0	7812.0	1101.72	1900.0
-31626.0	7812.0	1100.59	1824.83
-31626.0	7812.0	1099.45	1901.54
-31626.0	7812.0	1098.32	1844.0
-31626.0	7812.0	1097.18	1843.68
-31626.0	7812.0	1096.04	1902.76
-31626.0	7812.0	1094.91	1909.03
-31626.0	7812.0	1093.77	1873.51
-31626.0	7812.0	1092.63	1967.73
-31626.0	7812.0	1091.5	1958.6
-31626.0	7812.0	1090.36	1920.89
-31626.0	7812.0	1089.22	1870.02
-31626.0	7812.0	1088.08	1858.71
-31626.0	7812.0	1086.95	1836.42
-31626.0	7812.0	1085.81	1851.48
-31626.0	7812.0	1084.67	1868.72
-31626.0	7812.0	1083.53	1813.51
-31626.0	7812.0	1082.39	1892.22
-31626.0	7812.0	1081.25	1843.61
-31626.0	7812.0	1080.11	1891.57
-31626.0	7812.0	1078.97	1910.98
-31626.0	7812.0	1077.83	1917.23
-31626.0	7812.0	1076.69	1868.65
-31626.0	7812.0	1075.55	1923.14
-31626.0	7812.0	1074.41	1848.26
-31626.0	7812.0	1073.27	1799.72
-31626.0	7812.0	1072.13	1834.47
-31626.0	7812.0	1070.99	1913.04
-31626.0	7812.0	1069.85	1868.89
-31626.0	7812.0	1068.71	1921.13
-31626.0	7812.0	1067.57	1863.85
-31626.0	7812.0	1066.43	1883.24
-31626.0	7812.0	1065.28	1891.67
-31626.0	7812.0	1064.14	1860.69
-31626.0	7812.0	1063.0	1818.78
-31626.0	7812.0	1061.86	1831.59
-31626.0	7812.0	1060.71	1872.84
-31626.0	7812.0	1059.57	1957.83
-31626.0	7812.0	1058.43	1909.37
-31626.0	7812.0	1057.29	1860.92
-31626.0	7812.0	1056.14	1897.76
-31626.0	7812.0	1055.0	1788.13
-31626.0	7812.0	1053.85	1838.09
-31626.0	7812.0	1052.71	1877.1
-31626.0	7812.0	1051.57	1802.49
-31626.0	7812.0	1050.42	1834.94
-31626.0	7812.0	1049.28	1838.98
-31626.0	7812.0	1048.13	1860.5
-31626.0	7812.0	1046.99	1831.79
-31626.0	7812.0	1045.84	1881.67
-31626.0	7812.0	1044.7	1907.53
-31626.0	7812.0	1043.55	1878.83
-31626.0	7812.0	1042.4	1909.04
-31626.0	7812.0	1041.26	1939.24
-31626.0	7812.0	1040.11	1936.72
-31626.0	7812.0	1038.97	1829.53
-31626.0	7812.0	1037.82	1912.05
-31626.0	7812.0	1036.67	1894.28
-31626.0	7812.0	1035.53	1887.41
-31626.0	7812.0	1034.38	1860.92
-31626.0	7812.0	1033.23	1901.99
-31626.0	7812.0	1032.08	1884.23
-31626.0	7812.0	1030.94	1873.0
-31626.0	7812.0	1029.79	1911.87
-31626.0	7812.0	1028.64	1891.94
-31626.0	7812.0	1027.49	1880.72
-31626.0	7812.0	1026.34	1860.8
-31626.0	7812.0	1025.19	1858.29
-31626.0	7812.0	1024.04	1894.95
-31626.0	7812.0	1022.89	1892.44
-31626.0	7812.0	1021.74	1842.08
-31626.0	7812.0	1020.59	1937.43
-31626.0	7812.0	1019.45	1919.69
-31626.0	7812.0	1018.29	1945.43
-31626.0	7812.0	1017.14	1884.24
-31626.0	7812.0	1015.99	1896.94
-31626.0	7812.0	1014.84	1900.95
-31626.0	7812.0	1013.69	1976.63
-31626.0	7812.0	1012.54	1961.08
-31626.0	7812.0	1011.39	2041.07
-31626.0	7812.0	1010.24	1943.01
-31626.0	7812.0	1009.09	1929.64
-31626.0	7812.0	1007.93	1972.7
-31626.0	7812.0	1006.78	1939.8
-31626.0	7812.0	1005.63	1911.26
-31626.0	7812.0	1004.48	1980.32
-31626.0	7812.0	1003.32	1893.22
-31626.0	7812.0	1002.17	1925.41
-31626.0	7812.0	1001.02	1970.59
-31626.0	7812.0	999.865	2011.42
-31626.0	7812.0	998.711	1956.88
-31626.0	7812.0	997.558	1947.87
-31626.0	7812.0	996.403	1951.85
-31626.0	7812.0	995.249	1970.99
-31626.0	7812.0	994.095	2003.12
-31626.0	7812.0	992.94	2007.1
-31626.0	7812.0	991.785	2006.74
-31626.0	7812.0	990.63	2008.54
-31626.0	7812.0	989.475	2060.11
-31626.0	7812.0	988.319	2044.6
-31626.0	7812.0	987.164	2130.76
-31626.0	7812.0	986.008	2121.73
-31626.0	7812.0	984.852	2114.86
-31626.0	7812.0	983.695	2088.53
-31626.0	7812.0	982.539	2079.51
-31626.0	7812.0	981.382	2096.43
-31626.0	7812.0	980.225	2137.11
-31626.0	7812.0	979.068	2110.8
-31626.0	7812.0	977.911	2047.77
-31626.0	7812.0	976.753	2114.35
-31626.0	7812.0	975.595	2081.58
-31626.0	7812.0	974.437	2204.27
-31626.0	7812.0	973.279	2139.11
-31626.0	7812.0	972.121	2117.14
-31626.0	7812.0	970.962	2086.55
-31626.0	7812.0	969.803	2077.55
-31626.0	7812.0	968.644	2057.76
-31626.0	7812.0	967.485	2003.47
-31626.0	7812.0	966.326	2065.64
-31626.0	7812.0	965.166	2117.0
-31626.0	7812.0	964.006	2092.91
-31626.0	7812.0	962.846	2152.87
-31626.0	7812.0	961.686	2064.14
-31626.0	7812.0	960.525	2098.24
-31626.0	7812.0	959.365	2134.47
-31626.0	7812.0	958.204	2166.39
-31626.0	7812.0	957.043	2178.91
-31626.0	7812.0	955.881	2182.82
-31626.0	7812.0	954.72	2096.33
-31626.0	7812.0	953.558	1999.12
-31626.0	7812.0	952.396	2151.51
-31626.0	7812.0	951.234	2080.13
-31626.0	7812.0	950.071	2096.96
-31626.0	7812.0	948.909	2143.88
-31626.0	7812.0	947.746	2156.39
-31626.0	7812.0	946.583	2100.11
-31626.0	7812.0	945.42	2095.43
-31626.0	7812.0	944.256	2101.5
-31626.0	7812.0	943.092	2079.63
-31626.0	7812.0	941.929	2081.4
-31626.0	7812.0	940.765	2070.28
-31626.0	7812.0	939.6	2033.4
-31626.0	7812.0	938.436	2078.11
-31626.0	7812.0	937.271	2039.1
-31626.0	7812.0	936.106	2103.1
-31626.0	7812.0	934.941	2102.72
-31626.0	7812.0	933.775	2010.09
-31626.0	7812.0	932.61	2039.75
-31626.0	7812.0	931.444	2030.8
-31626.0	7812.0	930.278	2021.85
-31626.0	7812.0	929.112	1995.75
-31626.0	7812.0	927.945	1973.96
-31626.0	7812.0	926.779	1958.59
-31626.0	7812.0	925.612	1983.94
-31626.0	7812.0	924.445	1962.16
-31626.0	7812.0	923.278	1972.51
-31626.0	7812.0	922.11	1890.77
-31626.0	7812.0	920.942	1819.78
-31626.0	7812.0	919.774	2042.06
-31626.0	7812.0	918.606	1881.17
-31626.0	7812.0	917.438	1915.06
-31626.0	7812.0	916.269	1908.29
-31626.0	7812.0	915.1	1895.11
-31626.0	7812.0	913.931	1903.31
-31626.0	7812.0	912.762	1855.92
-31626.0	7812.0	911.593	1898.33
-31626.0	7812.0	910.423	1891.57
-31626.0	7812.0	909.253	1912.59
-31626.0	7812.0	908.083	1822.5
-31626.0	7812.0	906.913	1937.52
-31626.0	7812.0	905.742	1841.05
-31626.0	7812.0	904.572	1868.47
-31626.0	7812.0	903.401	1831.83
-31626.0	7812.0	902.229	1891.26
-31626.0	7812.0	901.058	1848.23
-31626.0	7812.0	899.886	1803.07
-31626.0	7812.0	898.715	1804.87
-31626.0	7812.0	897.543	1864.26
-31626.0	7812.0	896.37	1802.07
-31626.0	7812.0	895.198	1887.03
-31626.0	7812.0	894.025	1867.49
-31626.0	7812.0	892.852	1815.99
-31626.0	7812.0	891.679	1868.93
-31626.0	7812.0	890.506	1828.1
-31626.0	7812.0	889.332	1787.29
-31626.0	7812.0	888.158	1814.64
-31626.0	7812.0	886.984	1824.95
-31626.0	7812.0	885.81	1816.1
-31626.0	7812.0	884.636	1826.4
-31626.0	7812.0	883.461	1921.83
-31626.0	7812.0	882.286	1789.55
-31626.0	7812.0	881.111	1831.76
-31626.0	7812.0	879.936	1742.08
-31626.0	7812.0	878.76	1882.12
-31626.0	7812.0	877.584	1822.23
-31626.0	7812.0	876.408	1845.28
-31626.0	7812.0	875.232	1874.69
-31626.0	7812.0	874.056	1865.84
-31626.0	7812.0	872.879	1829.37
-31626.0	7812.0	871.702	1790.79
-31626.0	7812.0	870.525	1866.92
-31626.0	7812.0	869.348	1819.85
-31626.0	7812.0	868.17	1770.68
-31626.0	7812.0	866.993	1810.68
-31626.0	7812.0	865.815	1861.28
-31626.0	7812.0	864.637	1725.13
-31626.0	7812.0	863.458	1788.45
-31626.0	7812.0	862.28	1707.51
-31626.0	7812.0	861.101	1779.3
-31626.0	7812.0	859.922	1795.92
-31626.0	7812.0	858.742	1897.34
-31626.0	7812.0	857.563	1767.7
-31626.0	7812.0	856.383	1822.46
-31626.0	7812.0	855.203	1836.95
-31626.0	7812.0	854.023	1743.4
-31626.0	7812.0	852.843	1804.49
-31626.0	7812.0	851.662	1808.39
-31626.0	7812.0	850.481	1727.59
-31626.0	7812.0	849.3	1706.1
-31626.0	7812.0	848.119	1750.22
-31626.0	7812.0	846.937	1773.17
-31626.0	7812.0	845.756	1777.07
-31626.0	7812.0	844.574	1774.62
-31626.0	7812.0	843.392	1814.46
-31626.0	7812.0	842.209	1769.72
-31626.0	7812.0	841.027	1839.15
-31626.0	7812.0	839.844	1838.8
-31626.0	7812.0	838.661	1764.49
-31626.0	7812.0	837.477	1762.04
-31626.0	7812.0	836.294	1822.97
-31626.0	7812.0	835.11	1814.18
-31626.0	7812.0	833.926	1811.72
-31626.0	7812.0	832.742	1762.82
-31626.0	7812.0	831.558	1773.04
-31626.0	7812.0	830.373	1810.69
-31626.0	7812.0	829.188	1736.5
-31626.0	7812.0	828.003	1769.93
-31626.0	7812.0	826.818	1735.84
-31626.0	7812.0	825.632	1752.38
-31626.0	7812.0	824.446	1785.79
-31626.0	7812.0	823.26	1789.66
-31626.0	7812.0	822.074	1801.97
-31626.0	7812.0	820.888	1856.41
-31626.0	7812.0	819.701	1801.28
-31626.0	7812.0	818.514	1760.92
-31626.0	7812.0	817.327	1741.63
-31626.0	7812.0	816.14	1852.9
-31626.0	7812.0	814.952	1793.6
-31626.0	7812.0	813.765	1801.68
-31626.0	7812.0	812.577	1748.72
-31626.0	7812.0	811.388	1723.14
-31626.0	7812.0	810.2	1697.57
-31626.0	7812.0	809.011	1730.9
-31626.0	7812.0	807.822	1825.19
-31626.0	7812.0	806.633	1723.93
-31626.0	7812.0	805.444	1704.68
-31626.0	7812.0	804.254	1777.91
-31626.0	7812.0	803.064	1830.1
-31626.0	7812.0	801.874	1766.73
-31626.0	7812.0	800.684	1726.49
-31626.0	7812.0	799.493	1805.95
-31626.0	7812.0	798.303	1862.3
-31626.0	7812.0	797.112	1855.64
-31626.0	7812.0	795.921	1828.0
-31626.0	7812.0	794.729	1905.29
-31626.0	7812.0	793.538	1791.64
-31626.0	7812.0	792.346	1852.12
-31626.0	7812.0	791.154	1801.44
-31626.0	7812.0	789.961	1822.06
-31626.0	7812.0	788.769	1846.87
-31626.0	7812.0	787.576	1777.35
-31626.0	7812.0	786.383	1777.0
-31626.0	7812.0	785.19	1703.33
-31626.0	7812.0	783.996	1795.17
-31626.0	7812.0	782.802	1740.38
-31626.0	7812.0	781.608	1733.76
-31626.0	7812.0	780.414	1752.27
-31626.0	7812.0	779.22	1733.09
-31626.0	7812.0	778.025	1778.8
-31626.0	7812.0	776.83	1707.32
-31626.0	7812.0	775.635	1767.66
-31626.0	7812.0	774.44	1761.04
-31626.0	7812.0	773.244	1796.25
-31626.0	7812.0	772.049	1785.45
-31626.0	7812.0	770.853	1737.03
-31626.0	7812.0	769.656	1770.13
-31626.0	7812.0	768.46	1811.58
-31626.0	7812.0	767.263	1765.27
-31626.0	7812.0	766.066	1733.6
-31626.0	7812.0	764.869	1766.68
-31626.0	7812.0	763.672	1764.25
-31626.0	7812.0	762.474	1711.72
-31626.0	7812.0	761.276	1748.95
-31626.0	7812.0	760.078	1767.4
-31626.0	7812.0	758.88	1794.18
-31626.0	7812.0	757.681	1793.83
-31626.0	7812.0	756.483	1822.68
-31626.0	7812.0	755.284	1782.71
-31626.0	7812.0	754.084	1824.05
-31626.0	7812.0	752.885	1719.49
-31626.0	7812.0	751.685	1773.34
-31626.0	7812.0	750.485	1791.74
-31626.0	7812.0	749.285	1730.99
-31626.0	7812.0	748.085	1730.65
-31626.0	7812.0	746.884	1746.97
-31626.0	7812.0	745.683	1721.65
-31626.0	7812.0	744.482	1771.27
-31626.0	7812.0	743.281	1800.06
-31626.0	7812.0	742.079	1770.58
-31626.0	7812.0	740.877	1799.36
-31626.0	7812.0	739.675	1724.14
-31626.0	7812.0	738.473	1809.05
-31626.0	7812.0	737.27	1758.81
-31626.0	7812.0	736.068	1743.91
-31626.0	7812.0	734.865	1810.08
-31626.0	7812.0	733.661	1778.56
-31626.0	7812.0	732.458	1726.28
-31626.0	7812.0	731.254	1784.09
-31626.0	7812.0	730.05	1746.37
-31626.0	7812.0	728.846	1739.8
-31626.0	7812.0	727.642	1704.17
-31626.0	7812.0	726.437	1739.12
-31626.0	7812.0	725.232	1813.47
-31626.0	7812.0	724.027	1730.14
-31626.0	7812.0	722.822	1723.58
-31626.0	7812.0	721.616	1723.24
-31626.0	7812.0	720.41	1671.07
-31626.0	7812.0	719.204	1755.73
-31626.0	7812.0	717.998	1745.03
-31626.0	7812.0	716.791	1750.9
-31626.0	7812.0	715.585	1779.56
-31626.0	7812.0	714.378	1951.13
-31626.0	7812.0	713.17	1843.06
-31626.0	7812.0	711.963	1770.23
-31626.0	7812.0	710.755	1742.97
-31626.0	7812.0	709.547	1773.68
-31626.0	7812.0	708.339	1814.71
-31626.0	7812.0	707.131	1760.57
-31626.0	7812.0	705.922	1797.45
-31626.0	7812.0	704.713	1766.08
-31626.0	7812.0	703.504	1802.95
-31626.0	7812.0	702.295	1715.77
-31626.0	7812.0	701.085	1694.77
-31626.0	7812.0	699.875	1746.09
-31626.0	7812.0	698.665	1826.32
-31626.0	7812.0	697.455	1809.44
-31626.0	7812.0	696.244	1800.82
-31626.0	7812.0	695.034	1792.2
-31626.0	7812.0	693.822	1760.89
-31626.0	7812.0	692.611	1795.63
-31626.0	7812.0	691.4	1886.07
-31626.0	7812.0	690.188	1852.68
-31626.0	7812.0	688.976	1782.19
-31626.0	7812.0	687.764	1765.34
-31626.0	7812.0	686.551	1775.3
-31626.0	7812.0	685.339	1853.28
-31626.0	7812.0	684.126	1885.89
-31626.0	7812.0	682.912	1895.82
-31626.0	7812.0	681.699	1821.28
-31626.0	7812.0	680.485	1734.4
-31626.0	7812.0	679.271	1775.25
-31626.0	7812.0	678.057	1861.38
-31626.0	7812.0	676.843	1801.31
-31626.0	7812.0	675.628	1798.89
-31626.0	7812.0	674.413	1880.85
-31626.0	7812.0	673.198	1826.98
-31626.0	7812.0	671.983	1822.51
-31626.0	7812.0	670.767	1830.37
-31626.0	7812.0	669.551	1838.23
-31626.0	7812.0	668.335	1821.42
-31626.0	7812.0	667.119	1839.56
-31626.0	7812.0	665.902	1855.63
-31626.0	7812.0	664.686	1787.46
-31626.0	7812.0	663.469	1842.57
-31626.0	7812.0	662.251	1786.75
-31626.0	7812.0	661.034	1850.05
-31626.0	7812.0	659.816	1853.79
-31626.0	7812.0	658.598	1810.32
-31626.0	7812.0	657.38	1801.75
-31626.0	7812.0	656.161	1928.59
-31626.0	7812.0	654.942	1858.46
-31626.0	7812.0	653.723	1866.3
-31626.0	7812.0	652.504	1855.67
-31626.0	7812.0	651.285	1884.0
-31626.0	7812.0	650.065	1861.08
-31626.0	7812.0	648.845	1895.55
-31626.0	7812.0	647.625	1839.85
-31626.0	7812.0	646.404	1806.71
-31626.0	7812.0	645.184	1875.98
-31626.0	7812.0	643.963	1848.99
-31626.0	7812.0	642.742	1842.47
-31626.0	7812.0	641.52	1844.15
-31626.0	7812.0	640.298	1929.73
-31626.0	7812.0	639.076	1904.79
-31626.0	7812.0	637.854	1843.05
-31626.0	7812.0	636.632	1867.22
-31626.0	7812.0	635.409	1856.62
-31626.0	7812.0	634.186	1860.34
-31626.0	7812.0	632.963	1868.14
-31626.0	7812.0	631.74	1775.81
-31626.0	7812.0	630.516	1928.68
-31626.0	7812.0	629.292	1854.76
-31626.0	7812.0	628.068	1876.85
-31626.0	7812.0	626.844	1819.3
-31626.0	7812.0	625.619	1874.06
-31626.0	7812.0	624.394	1918.58
-31626.0	7812.0	623.169	1881.47
-31626.0	7812.0	621.944	1874.97
-31626.0	7812.0	620.718	1901.11
-31626.0	7812.0	619.492	1839.54
-31626.0	7812.0	618.266	1822.86
-31626.0	7812.0	617.04	1857.15
-31626.0	7812.0	615.813	1871.05
-31626.0	7812.0	614.587	1860.48
-31626.0	7812.0	613.36	1853.99
-31626.0	7812.0	612.132	1869.92
-31626.0	7812.0	610.905	1898.05
-31626.0	7812.0	609.677	1875.27
-31626.0	7812.0	608.449	1821.96
-31626.0	7812.0	607.22	1939.64
-31626.0	7812.0	605.992	1794.77
-31626.0	7812.0	604.763	1869.69
-31626.0	7812.0	603.534	1924.23
-31626.0	7812.0	602.305	1925.88
-31626.0	7812.0	601.075	1927.52
-31626.0	7812.0	599.845	1839.72
-31626.0	7812.0	598.615	1845.44
-31626.0	7812.0	597.385	1855.23
-31626.0	7812.0	596.154	1915.8
-31626.0	7812.0	594.924	1901.2
-31626.0	7812.0	593.693	1886.6
-31626.0	7812.0	592.461	1884.18
-31626.0	7812.0	591.23	1831.02
-31626.0	7812.0	589.998	1812.39
-31626.0	7812.0	588.766	1905.36
-31626.0	7812.0	587.534	1913.09
-31626.0	7812.0	586.301	1884.31
-31626.0	7812.0	585.068	1857.56
-31626.0	7812.0	583.835	1879.49
-31626.0	7812.0	582.602	1899.38
-31626.0	7812.0	581.368	1939.52
-31626.0	7812.0	580.134	1916.84
-31626.0	7812.0	578.9	1871.88
-31626.0	7812.0	577.666	1883.66
-31626.0	7812.0	576.432	1867.07
-31626.0	7812.0	575.197	1878.84
-31626.0	7812.0	573.962	1864.29
-31626.0	7812.0	572.726	1849.74
-31626.0	7812.0	571.491	1863.53
-31626.0	7812.0	570.255	1853.04
-31626.0	7812.0	569.019	1929.52
-31626.0	7812.0	567.783	1878.57
-31626.0	7812.0	566.546	1862.01
-31626.0	7812.0	565.309	1904.08
-31626.0	7812.0	564.072	1915.82
-31626.0	7812.0	562.835	1915.43
-31626.0	7812.0	561.597	1933.22
-31626.0	7812.0	560.359	1936.86
-31626.0	7812.0	559.121	1995.03
-31626.0	7812.0	557.883	1958.28
-31626.0	7812.0	556.644	1961.92
-31626.0	7812.0	555.406	1941.34
-31626.0	7812.0	554.167	1946.99
-31626.0	7812.0	552.927	1976.85
-31626.0	7812.0	551.688	2028.89
-31626.0	7812.0	550.448	2010.32
-31626.0	7812.0	549.208	2062.33
-31626.0	7812.0	547.967	2067.95
-31626.0	7812.0	546.727	2071.56
-31626.0	7812.0	545.486	2107.4
-31626.0	7812.0	544.245	2113.01
-31626.0	7812.0	543.003	2233.42
-31626.0	7812.0	541.762	2198.73
-31626.0	7812.0	540.52	2238.54
-31626.0	7812.0	539.278	2219.97
-31626.0	7812.0	538.035	2233.6
-31626.0	7812.0	536.793	2275.39
-31626.0	7812.0	535.55	2395.61
-31626.0	7812.0	534.307	2479.58
-31626.0	7812.0	533.063	2539.39
-31626.0	7812.0	531.82	2627.31
-31626.0	7812.0	530.576	2799.62
-31626.0	7812.0	529.331	2965.82
-31626.0	7812.0	528.087	3242.44
-31626.0	7812.0	526.842	3703.74
-31626.0	7812.0	525.597	4361.64
-31626.0	7812.0	524.352	5402.75
-31626.0	7812.0	523.107	7268.43
-31626.0	7812.0	521.861	9460.46
-31626.0	7812.0	520.615	10172.8
-31626.0	7812.0	519.369	8792.56
-31626.0	7812.0	518.122	7106.01
-31626.0	7812.0	516.876	6005.68
-31626.0	7812.0	515.629	5090.24
-31626.0	7812.0	514.381	4664.26
-31626.0	7812.0	513.134	4284.54
-31626.0	7812.0	511.886	3985.12
-31626.0	7812.0	510.638	3810.03
-31626.0	7812.0	509.39	3697.09
-31626.0	7812.0	508.141	3706.34
-31626.0	7812.0	506.892	3473.35
-31626.0	7812.0	505.643	3502.65
-31626.0	7812.0	504.394	3533.95
-31626.0	7812.0	503.145	3441.19
-31626.0	7812.0	501.895	3446.48
-31626.0	7812.0	500.645	3429.77
-31626.0	7812.0	499.394	3391.07
-31626.0	7812.0	498.144	3492.32
-31626.0	7812.0	496.893	3477.61
-31626.0	7812.0	495.642	3394.96
-31626.0	7812.0	494.39	3362.29
-31626.0	7812.0	493.139	3395.55
-31626.0	7812.0	491.887	3354.91
-31626.0	7812.0	490.635	3374.18
-31626.0	7812.0	489.382	3345.54
-31626.0	7812.0	488.13	3356.82
-31626.0	7812.0	486.877	3296.27
-31626.0	7812.0	485.623	3317.53
-31626.0	7812.0	484.37	3223.1
-31626.0	7812.0	483.116	3316.15
-31626.0	7812.0	481.862	3347.36
-31626.0	7812.0	480.608	3235.05
-31626.0	7812.0	479.354	3192.53
-31626.0	7812.0	478.099	3275.55
-31626.0	7812.0	476.844	3312.71
-31626.0	7812.0	475.588	3379.74
-31626.0	7812.0	474.333	3183.9
-31626.0	7812.0	473.077	3284.77
-31626.0	7812.0	471.821	3178.6
-31626.0	7812.0	470.565	3189.88
-31626.0	7812.0	469.308	3081.78
-31626.0	7812.0	468.051	3132.86
-31626.0	7812.0	466.794	3171.98
-31626.0	7812.0	465.537	3221.03
-31626.0	7812.0	464.279	3085.18
-31626.0	7812.0	463.021	3018.95
-31626.0	7812.0	461.763	3131.59
-31626.0	7812.0	460.505	3103.12
-31626.0	7812.0	459.246	3066.72
-31626.0	7812.0	457.987	2968.78
-31626.0	7812.0	456.728	3005.89
-31626.0	7812.0	455.469	2979.45
-31626.0	7812.0	454.209	2955.02
-31626.0	7812.0	452.949	2966.31
-31626.0	7812.0	451.689	2896.26
-31626.0	7812.0	450.428	2895.65
-31626.0	7812.0	449.167	2922.81
-31626.0	7812.0	447.906	2858.76
-31626.0	7812.0	446.645	2879.97
-31626.0	7812.0	445.383	2831.81
-31626.0	7812.0	444.122	2714.32
-31626.0	7812.0	442.86	2761.29
-31626.0	7812.0	441.597	2762.7
-31626.0	7812.0	440.335	2732.42
-31626.0	7812.0	439.072	2785.3
-31626.0	7812.0	437.809	2739.2
-31626.0	7812.0	436.545	2766.33
-31626.0	7812.0	435.281	2793.44
-31626.0	7812.0	434.018	2713.74
-31626.0	7812.0	432.753	2711.2
-31626.0	7812.0	431.489	2568.28
-31626.0	7812.0	430.224	2638.9
-31626.0	7812.0	428.959	2693.68
-31626.0	7812.0	427.694	2614.09
-31626.0	7812.0	426.428	2540.45
-31626.0	7812.0	425.163	2648.54
-31626.0	7812.0	423.896	2681.56
-31626.0	7812.0	422.63	2523.06
-31626.0	7812.0	421.364	2631.09
-31626.0	7812.0	420.097	2610.8
-31626.0	7812.0	418.83	2612.23
-31626.0	7812.0	417.562	2576.17
-31626.0	7812.0	416.295	2593.38
-31626.0	7812.0	415.027	2510.02
-31626.0	7812.0	413.758	2505.55
-31626.0	7812.0	412.49	2534.59
-31626.0	7812.0	411.221	2514.35
-31626.0	7812.0	409.952	2525.65
-31626.0	7812.0	408.683	2542.84
-31626.0	7812.0	407.414	2550.19
-31626.0	7812.0	406.144	2561.46
-31626.0	7812.0	404.874	2490.06
-31626.0	7812.0	403.603	2436.4
-31626.0	7812.0	402.333	2524.43
-31626.0	7812.0	401.062	2636.03
-31626.0	7812.0	399.791	2501.74
-31626.0	7812.0	398.519	2542.5
-31626.0	7812.0	397.248	2504.62
-31626.0	7812.0	395.976	2500.16
-31626.0	7812.0	394.704	2499.63
-31626.0	7812.0	393.431	2512.86
-31626.0	7812.0	392.159	2475.01
-31626.0	7812.0	390.886	2590.35
-31626.0	7812.0	389.612	2446.48
-31626.0	7812.0	388.339	2440.07
-31626.0	7812.0	387.065	2492.55
-31626.0	7812.0	385.791	2533.23
-31626.0	7812.0	384.517	2414.99
-31626.0	7812.0	383.242	2451.74
-31626.0	7812.0	381.967	2474.76
-31626.0	7812.0	380.692	2507.57
-31626.0	7812.0	379.417	2499.2
-31626.0	7812.0	378.141	2498.67
-31626.0	7812.0	376.865	2482.47
-31626.0	7812.0	375.589	2456.48
-31626.0	7812.0	374.312	2475.54
-31626.0	7812.0	373.035	2555.3
-31626.0	7812.0	371.758	2470.58
-31626.0	7812.0	370.481	2499.42
-31626.0	7812.0	369.204	2549.77
-31626.0	7812.0	367.926	2445.54
-31626.0	7812.0	366.648	2425.46
-31626.0	7812.0	365.369	2417.13
-31626.0	7812.0	364.091	2522.2
-31626.0	7812.0	362.812	2431.74
-31626.0	7812.0	361.532	2456.63
-31626.0	7812.0	360.253	2467.84
-31626.0	7812.0	358.973	2420.43
-31626.0	7812.0	357.693	2451.17
-31626.0	7812.0	356.413	2442.84
-31626.0	7812.0	355.132	2448.18
-31626.0	7812.0	353.852	2529.64
-31626.0	7812.0	352.571	2519.35
-31626.0	7812.0	351.289	2470.04
-31626.0	7812.0	350.008	2432.45
-31626.0	7812.0	348.726	2453.39
-31626.0	7812.0	347.444	2437.27
-31626.0	7812.0	346.161	2337.33
-31626.0	7812.0	344.878	2414.8
-31626.0	7812.0	343.595	2455.2
-31626.0	7812.0	342.312	2534.56
-31626.0	7812.0	341.029	2491.17
-31626.0	7812.0	339.745	2426.38
-31626.0	7812.0	338.461	2513.48
-31626.0	7812.0	337.176	2542.14
-31626.0	7812.0	335.892	2459.86
-31626.0	7812.0	334.607	2507.98
-31626.0	7812.0	333.322	2515.23
-31626.0	7812.0	332.036	2514.7
-31626.0	7812.0	330.75	2586.11
-31626.0	7812.0	329.464	2533.07
-31626.0	7812.0	328.178	2515.04
-31626.0	7812.0	326.892	2483.41
-31626.0	7812.0	325.605	2409.06
-31626.0	7812.0	324.318	2462.93
-31626.0	7812.0	323.03	2516.79
-31626.0	7812.0	321.743	2506.54
-31626.0	7812.0	320.455	2601.13
-31626.0	7812.0	319.167	2542.35
-31626.0	7812.0	317.878	2584.5
-31626.0	7812.0	316.59	2535.45
-31626.0	7812.0	315.301	2459.27
-31626.0	7812.0	314.011	2528.55
-31626.0	7812.0	312.722	2444.65
-31626.0	7812.0	311.432	2513.91
-31626.0	7812.0	310.142	2445.55
-31626.0	7812.0	308.851	2512.84
-31626.0	7812.0	307.561	2638.21
-31626.0	7812.0	306.27	2618.28
-31626.0	7812.0	304.979	2608.04
-31626.0	7812.0	303.687	2692.66
-31626.0	7812.0	302.395	2572.09
-31626.0	7812.0	301.103	2608.31
-31626.0	7812.0	299.811	2565.19
-31626.0	7812.0	298.519	2551.11
-31626.0	7812.0	297.226	2558.3
-31626.0	7812.0	295.933	2521.02
-31626.0	7812.0	294.639	2545.61
-31626.0	7812.0	293.345	2492.89
-31626.0	7812.0	292.052	2544.52
-31626.0	7812.0	290.757	2559.43
-31626.0	7812.0	289.463	2489.36
-31626.0	7812.0	288.168	2552.55
-31626.0	7812.0	286.873	2548.14
-31626.0	7812.0	285.578	2522.51
-31626.0	7812.0	284.282	2587.57
-31626.0	7812.0	282.986	2556.16
-31626.0	7812.0	281.69	2549.82
-31626.0	7812.0	280.393	2481.79
-31626.0	7812.0	279.097	2444.62
-31626.0	7812.0	277.8	2465.3
-31626.0	7812.0	276.502	2503.32
-31626.0	7812.0	275.205	2541.32
-31626.0	7812.0	273.907	2523.44
-31626.0	7812.0	272.609	2457.42
-31626.0	7812.0	271.311	2483.85
-31626.0	7812.0	270.012	2462.14
-31626.0	7812.0	268.713	2382.71
-31626.0	7812.0	267.414	2445.7
-31626.0	7812.0	266.114	2420.16
-31626.0	7812.0	264.814	2413.88
-31626.0	7812.0	263.514	2382.59
-31626.0	7812.0	262.214	2378.24
-31626.0	7812.0	260.913	2475.76
-31626.0	7812.0	259.613	2390.67
-31626.0	7812.0	258.311	2296.01
-31626.0	7812.0	257.01	2366.59
-31626.0	7812.0	255.708	2319.99
-31626.0	7812.0	254.406	2332.94
-31626.0	7812.0	253.104	2376.59
-31626.0	7812.0	251.801	2310.83
-31626.0	7812.0	250.499	2350.63
-31626.0	7812.0	249.195	2327.1
-31626.0	7812.0	247.892	2267.14
-31626.0	7812.0	246.588	2329.94
-31626.0	7812.0	245.284	2306.43
-31626.0	7812.0	243.98	2282.94
-31626.0	7812.0	242.676	2276.7
-31626.0	7812.0	241.371	2318.36
-31626.0	7812.0	240.066	2256.57
-31626.0	7812.0	238.76	2280.98
-31626.0	7812.0	237.455	2240.28
-31626.0	7812.0	236.149	2232.14
-31626.0	7812.0	234.843	2291.0
-31626.0	7812.0	233.536	2240.75
-31626.0	7812.0	232.229	2276.62
-31626.0	7812.0	230.922	2230.23
-31626.0	7812.0	229.615	2229.75
-31626.0	7812.0	228.307	2175.74
-31626.0	7812.0	227.0	2284.22
-31626.0	7812.0	225.691	2251.24
-31626.0	7812.0	224.383	2159.05
-31626.0	7812.0	223.074	2250.28
-31626.0	7812.0	221.765	2169.58
-31626.0	7812.0	220.456	2193.94
-31626.0	7812.0	219.146	2227.83
-31626.0	7812.0	217.836	2231.17
-31626.0	7812.0	216.526	2253.59
-31626.0	7812.0	215.216	2163.44
-31626.0	7812.0	213.905	2203.03
-31626.0	7812.0	212.594	2164.41
-31626.0	7812.0	211.283	2213.52
-31626.0	7812.0	209.971	2222.57
-31626.0	7812.0	208.66	2233.53
-31626.0	7812.0	207.348	2242.58
-31626.0	7812.0	206.035	2226.85
-31626.0	7812.0	204.722	2273.99
-31626.0	7812.0	203.409	2292.54
-31626.0	7812.0	202.096	2290.14
-31626.0	7812.0	200.783	2356.27
-31626.0	7812.0	199.469	2302.48
-31626.0	7812.0	198.155	2416.13
-31626.0	7812.0	196.84	2392.79
-31626.0	7812.0	195.526	2373.25
-31626.0	7812.0	194.211	2406.97
-31626.0	7812.0	192.896	2452.07
-31626.0	7812.0	191.58	2755.61
-31626.0	7812.0	190.264	2608.71
-31626.0	7812.0	188.948	2642.34
-31626.0	7812.0	187.632	2495.54
-31626.0	7812.0	186.315	2525.38
-31626.0	7812.0	184.998	2615.96
-31626.0	7812.0	183.681	2628.68
-31626.0	7812.0	182.364	2592.06
-31626.0	7812.0	181.046	2642.73
-31626.0	7812.0	179.728	2642.16
-31626.0	7812.0	178.41	2582.8
-31626.0	7812.0	177.091	2612.58
-31626.0	7812.0	175.772	2638.55
-31626.0	7812.0	174.453	2600.08
-31626.0	7812.0	173.133	2603.31
-31626.0	7812.0	171.814	2672.84
-31626.0	7812.0	170.494	2649.54
-31626.0	7812.0	169.173	2652.75
-31626.0	7812.0	167.853	2714.65
-31626.0	7812.0	166.532	2723.53
-31626.0	7812.0	165.211	2690.78
-31626.0	7812.0	163.889	2709.11
-31626.0	7812.0	162.567	2604.5
-31626.0	7812.0	161.245	2651.22
-31626.0	7812.0	159.923	2699.8
-31626.0	7812.0	158.6	2757.81
-31626.0	7812.0	157.278	2715.64
-31626.0	7812.0	155.954	2624.37
-31626.0	7812.0	154.631	2752.25
-31626.0	7812.0	153.307	2778.1
-31626.0	7812.0	151.983	2854.91
-31626.0	7812.0	150.659	2775.01
-31626.0	7812.0	149.334	2853.68
-31626.0	7812.0	148.009	2749.28
-31626.0	7812.0	146.684	2822.27
-31626.0	7812.0	145.359	2744.33
-31626.0	7812.0	144.033	2700.36
-31626.0	7812.0	142.707	2682.81
-31626.0	7812.0	141.381	2772.71
-31626.0	7812.0	140.054	2781.53
-31626.0	7812.0	138.727	2756.44
-31626.0	7812.0	137.4	2723.82
-31626.0	7812.0	136.072	2766.55
-31626.0	7812.0	134.745	2715.11
-31626.0	7812.0	133.417	2808.65
-31626.0	7812.0	132.088	2779.81
-31626.0	7812.0	130.76	2777.33
-31626.0	7812.0	129.431	2827.53
-31626.0	7812.0	128.102	2796.82
-31626.0	7812.0	126.772	2758.61
-31626.0	7812.0	125.442	2727.93
-31626.0	7812.0	124.112	2770.58
-31626.0	7812.0	122.782	2730.51
-31626.0	7812.0	121.451	2656.65
-31626.0	7812.0	120.12	2657.96
-31626.0	7812.0	118.789	2666.77
-31626.0	7812.0	117.458	2698.11
-31626.0	7812.0	116.126	2693.78
-31626.0	7812.0	114.794	2648.15
-31626.0	7812.0	113.462	2604.42
-31626.0	7812.0	112.129	2583.23
-31626.0	7812.0	110.796	2541.41
-31626.0	7812.0	109.463	2503.35
-31626.0	7812.0	108.129	2545.93
-31626.0	7812.0	106.796	2492.9
-31626.0	7812.0	105.461	2479.24
-31626.0	7812.0	104.127	2437.49
-31626.0	7812.0	102.792	2296.48
-31626.0	7812.0	101.457	2245.42
-31626.0	7812.0	100.122	2166.29
-31626.0	7812.0	98.7867	2034.79
-31626.0	7812.0	97.4509	2058.68
-31626.0	7812.0	96.1148	2030.17
-31626.0	7812.0	94.7784	2029.73
-31626.0	7812.0	93.4418	1978.79
-31626.0	7812.0	92.1048	1957.8
-31626.0	7812.0	90.7676	1912.51
-31626.0	7812.0	89.43	1820.51
-31626.0	7812.0	88.0922	1773.4
-31626.0	7812.0	86.7541	1817.85
-31626.0	7812.0	85.4157	1744.61
