-31612.0	7836.0	1311.89	2089.65
-31612.0	7836.0	1310.78	2134.74
-31612.0	7836.0	1309.68	2079.9
-31612.0	7836.0	1308.58	2025.08
-31612.0	7836.0	1307.48	2061.08
-31612.0	7836.0	1306.38	2074.37
-31612.0	7836.0	1305.28	1987.81
-31612.0	7836.0	1304.18	2071.43
-31612.0	7836.0	1303.07	2055.22
-31612.0	7836.0	1301.97	2027.68
-31612.0	7836.0	1300.87	2131.67
-31612.0	7836.0	1299.77	2049.7
-31612.0	7836.0	1298.66	2130.98
-31612.0	7836.0	1297.56	2087.57
-31612.0	7836.0	1296.46	2066.84
-31612.0	7836.0	1295.35	2109.56
-31612.0	7836.0	1294.25	2059.38
-31612.0	7836.0	1293.15	2081.7
-31612.0	7836.0	1292.04	2110.81
-31612.0	7836.0	1290.94	2167.08
-31612.0	7836.0	1289.83	2144.09
-31612.0	7836.0	1288.73	2059.99
-31612.0	7836.0	1287.63	2068.71
-31612.0	7836.0	1286.52	2032.17
-31612.0	7836.0	1285.42	2054.47
-31612.0	7836.0	1284.31	2051.88
-31612.0	7836.0	1283.21	2148.81
-31612.0	7836.0	1282.1	2112.28
-31612.0	7836.0	1280.99	2078.02
-31612.0	7836.0	1279.89	1944.29
-31612.0	7836.0	1278.78	2081.87
-31612.0	7836.0	1277.68	2092.83
-31612.0	7836.0	1276.57	2083.45
-31612.0	7836.0	1275.46	2022.11
-31612.0	7836.0	1274.36	2123.44
-31612.0	7836.0	1273.25	2172.79
-31612.0	7836.0	1272.14	2152.11
-31612.0	7836.0	1271.04	2056.93
-31612.0	7836.0	1269.93	2052.08
-31612.0	7836.0	1268.82	2090.12
-31612.0	7836.0	1267.71	2055.93
-31612.0	7836.0	1266.61	2102.98
-31612.0	7836.0	1265.5	1978.56
-31612.0	7836.0	1264.39	2012.07
-31612.0	7836.0	1263.28	2018.51
-31612.0	7836.0	1262.17	2052.01
-31612.0	7836.0	1261.06	2092.26
-31612.0	7836.0	1259.95	2006.26
-31612.0	7836.0	1258.84	2051.01
-31612.0	7836.0	1257.74	1987.57
-31612.0	7836.0	1256.63	2131.45
-31612.0	7836.0	1255.52	2101.82
-31612.0	7836.0	1254.41	2031.65
-31612.0	7836.0	1253.3	2170.94
-31612.0	7836.0	1252.19	2055.76
-31612.0	7836.0	1251.08	2080.19
-31612.0	7836.0	1249.96	2073.09
-31612.0	7836.0	1248.85	2063.75
-31612.0	7836.0	1247.74	2009.41
-31612.0	7836.0	1246.63	2000.08
-31612.0	7836.0	1245.52	2060.49
-31612.0	7836.0	1244.41	2055.66
-31612.0	7836.0	1243.3	1996.85
-31612.0	7836.0	1242.18	2054.98
-31612.0	7836.0	1241.07	2065.89
-31612.0	7836.0	1239.96	2056.56
-31612.0	7836.0	1238.85	1959.59
-31612.0	7836.0	1237.74	2035.66
-31612.0	7836.0	1236.62	1990.4
-31612.0	7836.0	1235.51	2046.22
-31612.0	7836.0	1234.4	2023.43
-31612.0	7836.0	1233.28	2068.01
-31612.0	7836.0	1232.17	2009.3
-31612.0	7836.0	1231.06	2004.48
-31612.0	7836.0	1229.94	2071.48
-31612.0	7836.0	1228.83	1997.09
-31612.0	7836.0	1227.71	1996.76
-31612.0	7836.0	1226.6	2079.43
-31612.0	7836.0	1225.48	2007.31
-31612.0	7836.0	1224.37	1944.19
-31612.0	7836.0	1223.25	1993.2
-31612.0	7836.0	1222.14	2039.95
-31612.0	7836.0	1221.02	1947.72
-31612.0	7836.0	1219.91	2034.79
-31612.0	7836.0	1218.79	1987.4
-31612.0	7836.0	1217.68	2058.76
-31612.0	7836.0	1216.56	2065.14
-31612.0	7836.0	1215.44	2053.6
-31612.0	7836.0	1214.33	2024.16
-31612.0	7836.0	1213.21	2023.82
-31612.0	7836.0	1212.09	2003.34
-31612.0	7836.0	1210.98	1953.77
-31612.0	7836.0	1209.86	2020.58
-31612.0	7836.0	1208.74	2031.43
-31612.0	7836.0	1207.62	1990.83
-31612.0	7836.0	1206.51	1925.64
-31612.0	7836.0	1205.39	2032.65
-31612.0	7836.0	1204.27	1916.06
-31612.0	7836.0	1203.15	2036.45
-31612.0	7836.0	1202.03	2091.99
-31612.0	7836.0	1200.91	1944.15
-31612.0	7836.0	1199.8	1959.47
-31612.0	7836.0	1198.68	1836.28
-31612.0	7836.0	1197.56	1990.09
-31612.0	7836.0	1196.44	1907.13
-31612.0	7836.0	1195.32	1967.1
-31612.0	7836.0	1194.2	1924.35
-31612.0	7836.0	1193.08	1982.07
-31612.0	7836.0	1191.96	1948.26
-31612.0	7836.0	1190.84	1963.56
-31612.0	7836.0	1189.72	2023.46
-31612.0	7836.0	1188.6	1980.74
-31612.0	7836.0	1187.48	2000.49
-31612.0	7836.0	1186.35	1995.69
-31612.0	7836.0	1185.23	1984.21
-31612.0	7836.0	1184.11	2003.94
-31612.0	7836.0	1182.99	1979.09
-31612.0	7836.0	1181.87	1940.88
-31612.0	7836.0	1180.75	2005.16
-31612.0	7836.0	1179.62	2033.79
-31612.0	7836.0	1178.5	2020.08
-31612.0	7836.0	1177.38	1959.62
-31612.0	7836.0	1176.26	2050.57
-31612.0	7836.0	1175.13	1965.64
-31612.0	7836.0	1174.01	2003.15
-31612.0	7836.0	1172.89	1980.56
-31612.0	7836.0	1171.76	1991.35
-31612.0	7836.0	1170.64	1970.99
-31612.0	7836.0	1169.51	1981.78
-31612.0	7836.0	1168.39	1954.76
-31612.0	7836.0	1167.27	2014.47
-31612.0	7836.0	1166.14	1989.68
-31612.0	7836.0	1165.02	1967.11
-31612.0	7836.0	1163.89	1902.33
-31612.0	7836.0	1162.77	2013.11
-31612.0	7836.0	1161.64	1979.45
-31612.0	7836.0	1160.52	1988.0
-31612.0	7836.0	1159.39	1927.7
-31612.0	7836.0	1158.26	1980.67
-31612.0	7836.0	1157.14	1898.19
-31612.0	7836.0	1156.01	1999.98
-31612.0	7836.0	1154.88	1964.13
-31612.0	7836.0	1153.76	1957.14
-31612.0	7836.0	1152.63	1905.78
-31612.0	7836.0	1151.5	1914.33
-31612.0	7836.0	1150.38	1916.22
-31612.0	7836.0	1149.25	1933.64
-31612.0	7836.0	1148.12	1973.22
-31612.0	7836.0	1146.99	1972.89
-31612.0	7836.0	1145.87	1937.09
-31612.0	7836.0	1144.74	2014.32
-31612.0	7836.0	1143.61	1936.43
-31612.0	7836.0	1142.48	1936.1
-31612.0	7836.0	1141.35	1937.99
-31612.0	7836.0	1140.22	1911.09
-31612.0	7836.0	1139.09	1952.83
-31612.0	7836.0	1137.97	2005.63
-31612.0	7836.0	1136.84	1996.43
-31612.0	7836.0	1135.71	1980.6
-31612.0	7836.0	1134.58	1898.4
-31612.0	7836.0	1133.45	1942.32
-31612.0	7836.0	1132.32	1919.87
-31612.0	7836.0	1131.19	1961.56
-31612.0	7836.0	1130.05	1903.74
-31612.0	7836.0	1128.92	1943.21
-31612.0	7836.0	1127.79	1916.35
-31612.0	7836.0	1126.66	1966.85
-31612.0	7836.0	1125.53	1944.42
-31612.0	7836.0	1124.4	1919.79
-31612.0	7836.0	1123.27	1954.8
-31612.0	7836.0	1122.13	1958.88
-31612.0	7836.0	1121.0	1956.34
-31612.0	7836.0	1119.87	1909.64
-31612.0	7836.0	1118.74	1964.5
-31612.0	7836.0	1117.6	1851.61
-31612.0	7836.0	1116.47	1917.49
-31612.0	7836.0	1115.34	1937.01
-31612.0	7836.0	1114.2	1888.15
-31612.0	7836.0	1113.07	1934.14
-31612.0	7836.0	1111.94	1955.86
-31612.0	7836.0	1110.8	1900.41
-31612.0	7836.0	1109.67	1908.9
-31612.0	7836.0	1108.54	1924.0
-31612.0	7836.0	1107.4	1888.41
-31612.0	7836.0	1106.27	1890.29
-31612.0	7836.0	1105.13	1872.34
-31612.0	7836.0	1104.0	1964.52
-31612.0	7836.0	1102.86	1873.9
-31612.0	7836.0	1101.72	1948.43
-31612.0	7836.0	1100.59	1860.05
-31612.0	7836.0	1099.45	1976.37
-31612.0	7836.0	1098.32	1962.83
-31612.0	7836.0	1097.18	1977.89
-31612.0	7836.0	1096.04	1962.15
-31612.0	7836.0	1094.91	1891.43
-31612.0	7836.0	1093.77	1921.89
-31612.0	7836.0	1092.63	2064.47
-31612.0	7836.0	1091.5	1910.24
-31612.0	7836.0	1090.36	1975.84
-31612.0	7836.0	1089.22	1927.15
-31612.0	7836.0	1088.08	1929.02
-31612.0	7836.0	1086.95	1891.34
-31612.0	7836.0	1085.81	1858.07
-31612.0	7836.0	1084.67	1976.32
-31612.0	7836.0	1083.53	1936.46
-31612.0	7836.0	1082.39	1848.32
-31612.0	7836.0	1081.25	1900.67
-31612.0	7836.0	1080.11	1953.01
-31612.0	7836.0	1078.97	1895.63
-31612.0	7836.0	1077.83	1882.13
-31612.0	7836.0	1076.69	1908.13
-31612.0	7836.0	1075.55	1894.64
-31612.0	7836.0	1074.41	1929.39
-31612.0	7836.0	1073.27	1959.74
-31612.0	7836.0	1072.13	1946.25
-31612.0	7836.0	1070.99	1882.36
-31612.0	7836.0	1069.85	1897.37
-31612.0	7836.0	1068.71	1897.04
-31612.0	7836.0	1067.57	1898.9
-31612.0	7836.0	1066.43	1959.88
-31612.0	7836.0	1065.28	1876.34
-31612.0	7836.0	1064.14	1838.8
-31612.0	7836.0	1063.0	1880.06
-31612.0	7836.0	1061.86	1901.62
-31612.0	7836.0	1060.71	1931.91
-31612.0	7836.0	1059.57	1977.51
-31612.0	7836.0	1058.43	1894.06
-31612.0	7836.0	1057.29	1950.58
-31612.0	7836.0	1056.14	1897.76
-31612.0	7836.0	1055.0	1879.94
-31612.0	7836.0	1053.85	1925.51
-31612.0	7836.0	1052.71	1837.77
-31612.0	7836.0	1051.57	1913.91
-31612.0	7836.0	1050.42	1922.31
-31612.0	7836.0	1049.28	1943.82
-31612.0	7836.0	1048.13	1906.35
-31612.0	7836.0	1046.99	1910.38
-31612.0	7836.0	1045.84	1953.71
-31612.0	7836.0	1044.7	1944.63
-31612.0	7836.0	1043.55	1946.47
-31612.0	7836.0	1042.4	1909.04
-31612.0	7836.0	1041.26	1947.97
-31612.0	7836.0	1040.11	1951.99
-31612.0	7836.0	1038.97	2001.8
-31612.0	7836.0	1037.82	1946.94
-31612.0	7836.0	1036.67	2001.09
-31612.0	7836.0	1035.53	1994.2
-31612.0	7836.0	1034.38	2026.53
-31612.0	7836.0	1033.23	1993.49
-31612.0	7836.0	1032.08	1990.96
-31612.0	7836.0	1030.94	2003.68
-31612.0	7836.0	1029.79	2088.25
-31612.0	7836.0	1028.64	2018.21
-31612.0	7836.0	1027.49	2078.8
-31612.0	7836.0	1026.34	2010.97
-31612.0	7836.0	1025.19	1993.2
-31612.0	7836.0	1024.04	2051.59
-31612.0	7836.0	1022.89	1992.5
-31612.0	7836.0	1021.74	2068.26
-31612.0	7836.0	1020.59	2035.28
-31612.0	7836.0	1019.45	1997.96
-31612.0	7836.0	1018.29	2034.55
-31612.0	7836.0	1017.14	2064.62
-31612.0	7836.0	1015.99	2099.02
-31612.0	7836.0	1014.84	2122.54
-31612.0	7836.0	1013.69	2167.78
-31612.0	7836.0	1012.54	2063.15
-31612.0	7836.0	1011.39	2095.35
-31612.0	7836.0	1010.24	2097.15
-31612.0	7836.0	1009.09	2079.41
-31612.0	7836.0	1007.93	2115.94
-31612.0	7836.0	1006.78	2145.94
-31612.0	7836.0	1005.63	2245.35
-31612.0	7836.0	1004.48	2229.76
-31612.0	7836.0	1003.32	2166.47
-31612.0	7836.0	1002.17	2231.13
-31612.0	7836.0	1001.02	2215.56
-31612.0	7836.0	999.865	2195.66
-31612.0	7836.0	998.711	2262.44
-31612.0	7836.0	997.558	2262.04
-31612.0	7836.0	996.403	2326.62
-31612.0	7836.0	995.249	2285.05
-31612.0	7836.0	994.095	2293.31
-31612.0	7836.0	992.94	2284.23
-31612.0	7836.0	991.785	2405.05
-31612.0	7836.0	990.63	2380.81
-31612.0	7836.0	989.475	2488.58
-31612.0	7836.0	988.319	2449.19
-31612.0	7836.0	987.164	2401.16
-31612.0	7836.0	986.008	2452.64
-31612.0	7836.0	984.852	2571.13
-31612.0	7836.0	983.695	2488.51
-31612.0	7836.0	982.539	2550.75
-31612.0	7836.0	981.382	2574.07
-31612.0	7836.0	980.225	2567.12
-31612.0	7836.0	979.068	2592.58
-31612.0	7836.0	977.911	2557.55
-31612.0	7836.0	976.753	2624.04
-31612.0	7836.0	975.595	2593.34
-31612.0	7836.0	974.437	2623.1
-31612.0	7836.0	973.279	2655.0
-31612.0	7836.0	972.121	2710.64
-31612.0	7836.0	970.962	2621.68
-31612.0	7836.0	969.803	2597.47
-31612.0	7836.0	968.644	2730.74
-31612.0	7836.0	967.485	2609.47
-31612.0	7836.0	966.326	2684.47
-31612.0	7836.0	965.166	2638.71
-31612.0	7836.0	964.006	2681.34
-31612.0	7836.0	962.846	2685.16
-31612.0	7836.0	961.686	2714.84
-31612.0	7836.0	960.525	2722.97
-31612.0	7836.0	959.365	2642.78
-31612.0	7836.0	958.204	2704.75
-31612.0	7836.0	957.043	2702.11
-31612.0	7836.0	955.881	2660.72
-31612.0	7836.0	954.72	2720.5
-31612.0	7836.0	953.558	2737.22
-31612.0	7836.0	952.396	2663.57
-31612.0	7836.0	951.234	2768.49
-31612.0	7836.0	950.071	2697.01
-31612.0	7836.0	948.909	2662.12
-31612.0	7836.0	947.746	2644.43
-31612.0	7836.0	946.583	2798.72
-31612.0	7836.0	945.42	2770.27
-31612.0	7836.0	944.256	2698.85
-31612.0	7836.0	943.092	2659.69
-31612.0	7836.0	941.929	2738.68
-31612.0	7836.0	940.765	2725.3
-31612.0	7836.0	939.6	2604.55
-31612.0	7836.0	938.436	2745.77
-31612.0	7836.0	937.271	2498.43
-31612.0	7836.0	936.106	2607.42
-31612.0	7836.0	934.941	2606.94
-31612.0	7836.0	933.775	2582.87
-31612.0	7836.0	932.61	2560.95
-31612.0	7836.0	931.444	2448.97
-31612.0	7836.0	930.278	2495.69
-31612.0	7836.0	929.112	2321.59
-31612.0	7836.0	927.945	2376.89
-31612.0	7836.0	926.779	2329.31
-31612.0	7836.0	925.612	2324.6
-31612.0	7836.0	924.445	2341.31
-31612.0	7836.0	923.278	2287.34
-31612.0	7836.0	922.11	2233.38
-31612.0	7836.0	920.942	2162.32
-31612.0	7836.0	919.774	2241.12
-31612.0	7836.0	918.606	2187.21
-31612.0	7836.0	917.438	2251.0
-31612.0	7836.0	916.269	2235.61
-31612.0	7836.0	915.1	2209.53
-31612.0	7836.0	913.931	2256.17
-31612.0	7836.0	912.762	2153.12
-31612.0	7836.0	911.593	2161.28
-31612.0	7836.0	910.423	2156.6
-31612.0	7836.0	909.253	2064.32
-31612.0	7836.0	908.083	2119.49
-31612.0	7836.0	906.913	2151.14
-31612.0	7836.0	905.742	2116.57
-31612.0	7836.0	904.572	2099.09
-31612.0	7836.0	903.401	2130.73
-31612.0	7836.0	902.229	2102.59
-31612.0	7836.0	901.058	2059.51
-31612.0	7836.0	899.886	2106.08
-31612.0	7836.0	898.715	2009.68
-31612.0	7836.0	897.543	2051.97
-31612.0	7836.0	896.37	2092.11
-31612.0	7836.0	895.198	2064.0
-31612.0	7836.0	894.025	2018.85
-31612.0	7836.0	892.852	2129.31
-31612.0	7836.0	891.679	2094.82
-31612.0	7836.0	890.506	2032.64
-31612.0	7836.0	889.332	2000.31
-31612.0	7836.0	888.158	1989.29
-31612.0	7836.0	886.984	2144.37
-31612.0	7836.0	885.81	2033.26
-31612.0	7836.0	884.636	1994.57
-31612.0	7836.0	883.461	2058.04
-31612.0	7836.0	882.286	2000.21
-31612.0	7836.0	881.111	2072.17
-31612.0	7836.0	879.936	2046.26
-31612.0	7836.0	878.76	1986.33
-31612.0	7836.0	877.584	1975.33
-31612.0	7836.0	876.408	1996.22
-31612.0	7836.0	875.232	2031.98
-31612.0	7836.0	874.056	2044.35
-31612.0	7836.0	872.879	1999.35
-31612.0	7836.0	871.702	1975.61
-31612.0	7836.0	870.525	1987.98
-31612.0	7836.0	869.348	2015.22
-31612.0	7836.0	868.17	2019.09
-31612.0	7836.0	866.993	1974.13
-31612.0	7836.0	865.815	2058.65
-31612.0	7836.0	864.637	1958.54
-31612.0	7836.0	863.458	1966.66
-31612.0	7836.0	862.28	1832.66
-31612.0	7836.0	861.101	1982.89
-31612.0	7836.0	859.922	2005.84
-31612.0	7836.0	858.742	1965.18
-31612.0	7836.0	857.563	1962.69
-31612.0	7836.0	856.383	2030.14
-31612.0	7836.0	855.203	2000.09
-31612.0	7836.0	854.023	2006.07
-31612.0	7836.0	852.843	1952.75
-31612.0	7836.0	851.662	1950.26
-31612.0	7836.0	850.481	1928.72
-31612.0	7836.0	849.3	1951.65
-31612.0	7836.0	848.119	1951.28
-31612.0	7836.0	846.937	2046.13
-31612.0	7836.0	845.756	1910.35
-31612.0	7836.0	844.574	1935.37
-31612.0	7836.0	843.392	1973.07
-31612.0	7836.0	842.209	1915.61
-31612.0	7836.0	841.027	1949.07
-31612.0	7836.0	839.844	1988.86
-31612.0	7836.0	838.661	1925.09
-31612.0	7836.0	837.477	1981.77
-31612.0	7836.0	836.294	1966.61
-31612.0	7836.0	835.11	1900.77
-31612.0	7836.0	833.926	1974.31
-31612.0	7836.0	832.742	1988.72
-31612.0	7836.0	831.558	1984.12
-31612.0	7836.0	830.373	1939.43
-31612.0	7836.0	829.188	1939.06
-31612.0	7836.0	828.003	1930.25
-31612.0	7836.0	826.818	1980.51
-31612.0	7836.0	825.632	1912.65
-31612.0	7836.0	824.446	2021.92
-31612.0	7836.0	823.26	1956.19
-31612.0	7836.0	822.074	1928.42
-31612.0	7836.0	820.888	1915.41
-31612.0	7836.0	819.701	1927.69
-31612.0	7836.0	818.514	1990.51
-31612.0	7836.0	817.327	1969.08
-31612.0	7836.0	816.14	2067.66
-31612.0	7836.0	814.952	1978.85
-31612.0	7836.0	813.765	1936.38
-31612.0	7836.0	812.577	1965.47
-31612.0	7836.0	811.388	1927.23
-31612.0	7836.0	810.2	1931.07
-31612.0	7836.0	809.011	1976.97
-31612.0	7836.0	807.822	1982.9
-31612.0	7836.0	806.633	1929.96
-31612.0	7836.0	805.444	1900.17
-31612.0	7836.0	804.254	1904.01
-31612.0	7836.0	803.064	1909.95
-31612.0	7836.0	801.874	1934.79
-31612.0	7836.0	800.684	1892.41
-31612.0	7836.0	799.493	1986.55
-31612.0	7836.0	798.303	2013.46
-31612.0	7836.0	797.112	1975.29
-31612.0	7836.0	795.921	1909.85
-31612.0	7836.0	794.729	2006.01
-31612.0	7836.0	793.538	1953.18
-31612.0	7836.0	792.346	1877.29
-31612.0	7836.0	791.154	1908.39
-31612.0	7836.0	789.961	1968.83
-31612.0	7836.0	788.769	1832.19
-31612.0	7836.0	787.576	1928.25
-31612.0	7836.0	786.383	1839.87
-31612.0	7836.0	785.19	1875.13
-31612.0	7836.0	783.996	1922.95
-31612.0	7836.0	782.802	1863.94
-31612.0	7836.0	781.608	1901.27
-31612.0	7836.0	780.414	1886.25
-31612.0	7836.0	779.22	1929.85
-31612.0	7836.0	778.025	1829.02
-31612.0	7836.0	776.83	1853.78
-31612.0	7836.0	775.635	1899.44
-31612.0	7836.0	774.44	1936.73
-31612.0	7836.0	773.244	1963.54
-31612.0	7836.0	772.049	1965.25
-31612.0	7836.0	770.853	1833.18
-31612.0	7836.0	769.656	1951.95
-31612.0	7836.0	768.46	1897.25
-31612.0	7836.0	767.263	1976.27
-31612.0	7836.0	766.066	1927.85
-31612.0	7836.0	764.869	1935.83
-31612.0	7836.0	763.672	1914.57
-31612.0	7836.0	762.474	1910.03
-31612.0	7836.0	761.276	1861.66
-31612.0	7836.0	760.078	1842.52
-31612.0	7836.0	758.88	1902.66
-31612.0	7836.0	757.681	1948.18
-31612.0	7836.0	756.483	1899.84
-31612.0	7836.0	755.284	1901.55
-31612.0	7836.0	754.084	1880.34
-31612.0	7836.0	752.885	1834.12
-31612.0	7836.0	751.685	1860.86
-31612.0	7836.0	750.485	1829.24
-31612.0	7836.0	749.285	1828.89
-31612.0	7836.0	748.085	1913.92
-31612.0	7836.0	746.884	1932.29
-31612.0	7836.0	745.683	1871.54
-31612.0	7836.0	744.482	1921.13
-31612.0	7836.0	743.281	1870.81
-31612.0	7836.0	742.079	1920.38
-31612.0	7836.0	740.877	1834.72
-31612.0	7836.0	739.675	1813.57
-31612.0	7836.0	738.473	1838.17
-31612.0	7836.0	737.27	1844.04
-31612.0	7836.0	736.068	1829.14
-31612.0	7836.0	734.865	1891.12
-31612.0	7836.0	733.661	1907.38
-31612.0	7836.0	732.458	1830.14
-31612.0	7836.0	731.254	1881.71
-31612.0	7836.0	730.05	1848.12
-31612.0	7836.0	728.846	1831.15
-31612.0	7836.0	727.642	1774.74
-31612.0	7836.0	726.437	1805.53
-31612.0	7836.0	725.232	1857.05
-31612.0	7836.0	724.027	1883.65
-31612.0	7836.0	722.822	1910.25
-31612.0	7836.0	721.616	1851.81
-31612.0	7836.0	720.41	1882.55
-31612.0	7836.0	719.204	1927.78
-31612.0	7836.0	717.998	1869.38
-31612.0	7836.0	716.791	1862.79
-31612.0	7836.0	715.585	1862.43
-31612.0	7836.0	714.378	2033.98
-31612.0	7836.0	713.17	1923.82
-31612.0	7836.0	711.963	1900.67
-31612.0	7836.0	710.755	1858.9
-31612.0	7836.0	709.547	1893.72
-31612.0	7836.0	708.339	1849.89
-31612.0	7836.0	707.131	1793.67
-31612.0	7836.0	705.922	1834.68
-31612.0	7836.0	704.713	1850.87
-31612.0	7836.0	703.504	1864.98
-31612.0	7836.0	702.295	1808.79
-31612.0	7836.0	701.085	1911.78
-31612.0	7836.0	699.875	1913.47
-31612.0	7836.0	698.665	1859.38
-31612.0	7836.0	697.455	1892.06
-31612.0	7836.0	696.244	2038.31
-31612.0	7836.0	695.034	1928.48
-31612.0	7836.0	693.822	1979.71
-31612.0	7836.0	692.611	1985.51
-31612.0	7836.0	691.4	1914.96
-31612.0	7836.0	690.188	1885.69
-31612.0	7836.0	688.976	1918.32
-31612.0	7836.0	687.764	1845.77
-31612.0	7836.0	686.551	1837.15
-31612.0	7836.0	685.339	1954.29
-31612.0	7836.0	684.126	1995.13
-31612.0	7836.0	682.912	1998.86
-31612.0	7836.0	681.699	1905.75
-31612.0	7836.0	680.485	1975.41
-31612.0	7836.0	679.271	1915.29
-31612.0	7836.0	678.057	1999.33
-31612.0	7836.0	676.843	1939.24
-31612.0	7836.0	675.628	1973.84
-31612.0	7836.0	674.413	1940.53
-31612.0	7836.0	673.198	1954.54
-31612.0	7836.0	671.983	1985.01
-31612.0	7836.0	670.767	1945.54
-31612.0	7836.0	669.551	1980.11
-31612.0	7836.0	668.335	2047.56
-31612.0	7836.0	667.119	2047.15
-31612.0	7836.0	665.902	1983.04
-31612.0	7836.0	664.686	1947.72
-31612.0	7836.0	663.469	2070.58
-31612.0	7836.0	662.251	1967.48
-31612.0	7836.0	661.034	1981.46
-31612.0	7836.0	659.816	1923.59
-31612.0	7836.0	658.598	1919.1
-31612.0	7836.0	657.38	1941.29
-31612.0	7836.0	656.161	1981.94
-31612.0	7836.0	654.942	2043.08
-31612.0	7836.0	653.723	2005.76
-31612.0	7836.0	652.504	2007.41
-31612.0	7836.0	651.285	2068.51
-31612.0	7836.0	650.065	2016.85
-31612.0	7836.0	648.845	1965.22
-31612.0	7836.0	647.625	1932.05
-31612.0	7836.0	646.404	2056.62
-31612.0	7836.0	645.184	2066.44
-31612.0	7836.0	643.963	2162.27
-31612.0	7836.0	642.742	2030.82
-31612.0	7836.0	641.52	1979.24
-31612.0	7836.0	640.298	2079.12
-31612.0	7836.0	639.076	2029.6
-31612.0	7836.0	637.854	2010.78
-31612.0	7836.0	636.632	2026.74
-31612.0	7836.0	635.409	1960.9
-31612.0	7836.0	634.186	2142.45
-31612.0	7836.0	632.963	2115.45
-31612.0	7836.0	631.74	2023.07
-31612.0	7836.0	630.516	2059.44
-31612.0	7836.0	629.292	2110.1
-31612.0	7836.0	628.068	2040.24
-31612.0	7836.0	626.844	2082.7
-31612.0	7836.0	625.619	2008.79
-31612.0	7836.0	624.394	2012.47
-31612.0	7836.0	623.169	2059.0
-31612.0	7836.0	621.944	2127.96
-31612.0	7836.0	620.718	2056.14
-31612.0	7836.0	619.492	2141.38
-31612.0	7836.0	618.266	2049.19
-31612.0	7836.0	617.04	2034.51
-31612.0	7836.0	615.813	2019.83
-31612.0	7836.0	614.587	2058.14
-31612.0	7836.0	613.36	2082.18
-31612.0	7836.0	612.132	2063.42
-31612.0	7836.0	610.905	2065.05
-31612.0	7836.0	609.677	2027.98
-31612.0	7836.0	608.449	2049.96
-31612.0	7836.0	607.22	2029.2
-31612.0	7836.0	605.992	2077.62
-31612.0	7836.0	604.763	2046.69
-31612.0	7836.0	603.534	1973.05
-31612.0	7836.0	602.305	2054.0
-31612.0	7836.0	601.075	2037.32
-31612.0	7836.0	599.845	2004.38
-31612.0	7836.0	598.615	2097.46
-31612.0	7836.0	597.385	2050.3
-31612.0	7836.0	596.154	2017.38
-31612.0	7836.0	594.924	2075.88
-31612.0	7836.0	593.693	2030.78
-31612.0	7836.0	592.461	2046.61
-31612.0	7836.0	591.23	2084.77
-31612.0	7836.0	589.998	2013.31
-31612.0	7836.0	588.766	1998.7
-31612.0	7836.0	587.534	2097.7
-31612.0	7836.0	586.301	2074.97
-31612.0	7836.0	585.068	2074.55
-31612.0	7836.0	583.835	2027.49
-31612.0	7836.0	582.602	2087.89
-31612.0	7836.0	581.368	2018.56
-31612.0	7836.0	580.134	2026.26
-31612.0	7836.0	578.9	2058.26
-31612.0	7836.0	577.666	2011.26
-31612.0	7836.0	576.432	1976.42
-31612.0	7836.0	575.197	1951.73
-31612.0	7836.0	573.962	2058.61
-31612.0	7836.0	572.726	1969.15
-31612.0	7836.0	571.491	2061.82
-31612.0	7836.0	570.255	2067.47
-31612.0	7836.0	569.019	2069.07
-31612.0	7836.0	567.783	2020.12
-31612.0	7836.0	566.546	2100.58
-31612.0	7836.0	565.309	2041.53
-31612.0	7836.0	564.072	2061.32
-31612.0	7836.0	562.835	2085.15
-31612.0	7836.0	561.597	2098.87
-31612.0	7836.0	560.359	2177.21
-31612.0	7836.0	559.121	2156.57
-31612.0	7836.0	557.883	2182.37
-31612.0	7836.0	556.644	2187.98
-31612.0	7836.0	555.406	2139.1
-31612.0	7836.0	554.167	2215.34
-31612.0	7836.0	552.927	2174.54
-31612.0	7836.0	551.688	2252.75
-31612.0	7836.0	550.448	2268.42
-31612.0	7836.0	549.208	2342.55
-31612.0	7836.0	547.967	2331.99
-31612.0	7836.0	546.727	2371.82
-31612.0	7836.0	545.486	2341.11
-31612.0	7836.0	544.245	2372.86
-31612.0	7836.0	543.003	2428.76
-31612.0	7836.0	541.762	2520.89
-31612.0	7836.0	540.52	2612.97
-31612.0	7836.0	539.278	2604.39
-31612.0	7836.0	538.035	2720.56
-31612.0	7836.0	536.793	2917.16
-31612.0	7836.0	535.55	2942.71
-31612.0	7836.0	534.307	3119.08
-31612.0	7836.0	533.063	3233.04
-31612.0	7836.0	531.82	3545.97
-31612.0	7836.0	530.576	3947.2
-31612.0	7836.0	529.331	4300.03
-31612.0	7836.0	528.087	5118.8
-31612.0	7836.0	526.842	6164.2
-31612.0	7836.0	525.597	7853.77
-31612.0	7836.0	524.352	10998.2
-31612.0	7836.0	523.107	16130.6
-31612.0	7836.0	521.861	22252.3
-31612.0	7836.0	520.615	24517.1
-31612.0	7836.0	519.369	21567.1
-31612.0	7836.0	518.122	17308.7
-31612.0	7836.0	516.876	13904.3
-31612.0	7836.0	515.629	11537.7
-31612.0	7836.0	514.381	9889.75
-31612.0	7836.0	513.134	8811.57
-31612.0	7836.0	511.886	7856.04
-31612.0	7836.0	510.638	7223.43
-31612.0	7836.0	509.39	6703.22
-31612.0	7836.0	508.141	6527.64
-31612.0	7836.0	506.892	6195.97
-31612.0	7836.0	505.643	6112.63
-31612.0	7836.0	504.394	6223.43
-31612.0	7836.0	503.145	5936.05
-31612.0	7836.0	501.895	5730.79
-31612.0	7836.0	500.645	5941.6
-31612.0	7836.0	499.394	5766.42
-31612.0	7836.0	498.144	5763.23
-31612.0	7836.0	496.893	5808.0
-31612.0	7836.0	495.642	5738.86
-31612.0	7836.0	494.39	5679.74
-31612.0	7836.0	493.139	5592.68
-31612.0	7836.0	491.887	5515.63
-31612.0	7836.0	490.635	5420.65
-31612.0	7836.0	489.382	5349.67
-31612.0	7836.0	488.13	5404.44
-31612.0	7836.0	486.877	5323.51
-31612.0	7836.0	485.623	5260.56
-31612.0	7836.0	484.37	5269.45
-31612.0	7836.0	483.116	5270.35
-31612.0	7836.0	481.862	5223.4
-31612.0	7836.0	480.608	5078.8
-31612.0	7836.0	479.354	5085.72
-31612.0	7836.0	478.099	4981.06
-31612.0	7836.0	476.844	5067.67
-31612.0	7836.0	475.588	5024.8
-31612.0	7836.0	474.333	4973.98
-31612.0	7836.0	473.077	4855.49
-31612.0	7836.0	471.821	4868.41
-31612.0	7836.0	470.565	4793.77
-31612.0	7836.0	469.308	4681.36
-31612.0	7836.0	468.051	4714.2
-31612.0	7836.0	466.794	4729.13
-31612.0	7836.0	465.537	4736.1
-31612.0	7836.0	464.279	4663.55
-31612.0	7836.0	463.021	4511.54
-31612.0	7836.0	461.763	4474.83
-31612.0	7836.0	460.505	4463.97
-31612.0	7836.0	459.246	4345.85
-31612.0	7836.0	457.987	4344.95
-31612.0	7836.0	456.728	4300.36
-31612.0	7836.0	455.469	4239.92
-31612.0	7836.0	454.209	4123.93
-31612.0	7836.0	452.949	4111.16
-31612.0	7836.0	451.689	4078.57
-31612.0	7836.0	450.428	4030.12
-31612.0	7836.0	449.167	3940.04
-31612.0	7836.0	447.906	3812.34
-31612.0	7836.0	446.645	3871.01
-31612.0	7836.0	445.383	3838.49
-31612.0	7836.0	444.122	3716.84
-31612.0	7836.0	442.86	3664.56
-31612.0	7836.0	441.597	3744.99
-31612.0	7836.0	440.335	3797.67
-31612.0	7836.0	439.072	3713.73
-31612.0	7836.0	437.809	3566.5
-31612.0	7836.0	436.545	3593.45
-31612.0	7836.0	435.281	3570.94
-31612.0	7836.0	434.018	3455.47
-31612.0	7836.0	432.753	3583.29
-31612.0	7836.0	431.489	3325.51
-31612.0	7836.0	430.224	3407.84
-31612.0	7836.0	428.959	3438.75
-31612.0	7836.0	427.694	3349.11
-31612.0	7836.0	426.428	3360.26
-31612.0	7836.0	425.163	3363.51
-31612.0	7836.0	423.896	3254.2
-31612.0	7836.0	422.63	3231.8
-31612.0	7836.0	421.364	3337.71
-31612.0	7836.0	420.097	3192.95
-31612.0	7836.0	418.83	3267.26
-31612.0	7836.0	417.562	3165.97
-31612.0	7836.0	416.295	3185.03
-31612.0	7836.0	415.027	3160.7
-31612.0	7836.0	413.758	3144.26
-31612.0	7836.0	412.49	3129.81
-31612.0	7836.0	411.221	3180.38
-31612.0	7836.0	409.952	3093.03
-31612.0	7836.0	408.683	3062.84
-31612.0	7836.0	407.414	3113.39
-31612.0	7836.0	406.144	3095.02
-31612.0	7836.0	404.874	3114.05
-31612.0	7836.0	403.603	3038.61
-31612.0	7836.0	402.333	3034.04
-31612.0	7836.0	401.062	3141.6
-31612.0	7836.0	399.791	3158.64
-31612.0	7836.0	398.519	3142.24
-31612.0	7836.0	397.248	3060.98
-31612.0	7836.0	395.976	3078.02
-31612.0	7836.0	394.704	3014.49
-31612.0	7836.0	393.431	3021.72
-31612.0	7836.0	392.159	3013.22
-31612.0	7836.0	390.886	3038.12
-31612.0	7836.0	389.612	3033.55
-31612.0	7836.0	388.339	3052.54
-31612.0	7836.0	387.065	3089.19
-31612.0	7836.0	385.791	3063.03
-31612.0	7836.0	384.517	2981.95
-31612.0	7836.0	383.242	2975.44
-31612.0	7836.0	381.967	2998.34
-31612.0	7836.0	380.692	2983.98
-31612.0	7836.0	379.417	3024.52
-31612.0	7836.0	378.141	3035.64
-31612.0	7836.0	376.865	3007.57
-31612.0	7836.0	375.589	2916.82
-31612.0	7836.0	374.312	2898.58
-31612.0	7836.0	373.035	2964.54
-31612.0	7836.0	371.758	2958.04
-31612.0	7836.0	370.481	2867.38
-31612.0	7836.0	369.204	2941.14
-31612.0	7836.0	367.926	2999.21
-31612.0	7836.0	366.648	2945.76
-31612.0	7836.0	365.369	2937.32
-31612.0	7836.0	364.091	2874.13
-31612.0	7836.0	362.812	2941.94
-31612.0	7836.0	361.532	2888.55
-31612.0	7836.0	360.253	2932.88
-31612.0	7836.0	358.973	2973.28
-31612.0	7836.0	357.693	2955.07
-31612.0	7836.0	356.413	2882.2
-31612.0	7836.0	355.132	2926.49
-31612.0	7836.0	353.852	2908.3
-31612.0	7836.0	352.571	2895.98
-31612.0	7836.0	351.289	2936.34
-31612.0	7836.0	350.008	2867.44
-31612.0	7836.0	348.726	2931.19
-31612.0	7836.0	347.444	2975.42
-31612.0	7836.0	346.161	2939.7
-31612.0	7836.0	344.878	2944.92
-31612.0	7836.0	343.595	2895.58
-31612.0	7836.0	342.312	2920.29
-31612.0	7836.0	341.029	3026.8
-31612.0	7836.0	339.745	2975.53
-31612.0	7836.0	338.461	3037.2
-31612.0	7836.0	337.176	2987.89
-31612.0	7836.0	335.892	2979.47
-31612.0	7836.0	334.607	3068.34
-31612.0	7836.0	333.322	3001.55
-31612.0	7836.0	332.036	3006.75
-31612.0	7836.0	330.75	3052.78
-31612.0	7836.0	329.464	2982.14
-31612.0	7836.0	328.178	3100.07
-31612.0	7836.0	326.892	3064.43
-31612.0	7836.0	325.605	3040.47
-31612.0	7836.0	324.318	3105.86
-31612.0	7836.0	323.03	3076.07
-31612.0	7836.0	321.743	3100.66
-31612.0	7836.0	320.455	3115.53
-31612.0	7836.0	319.167	3134.27
-31612.0	7836.0	317.878	3143.31
-31612.0	7836.0	316.59	3160.1
-31612.0	7836.0	315.301	3138.09
-31612.0	7836.0	314.011	3141.3
-31612.0	7836.0	312.722	3196.85
-31612.0	7836.0	311.432	3163.22
-31612.0	7836.0	310.142	3110.23
-31612.0	7836.0	308.851	3210.31
-31612.0	7836.0	307.561	3290.98
-31612.0	7836.0	306.27	3234.12
-31612.0	7836.0	304.979	3322.49
-31612.0	7836.0	303.687	3360.5
-31612.0	7836.0	302.395	3253.34
-31612.0	7836.0	301.103	3225.56
-31612.0	7836.0	299.811	3269.36
-31612.0	7836.0	298.519	3191.3
-31612.0	7836.0	297.226	3209.96
-31612.0	7836.0	295.933	3153.21
-31612.0	7836.0	294.639	3204.72
-31612.0	7836.0	293.345	3080.36
-31612.0	7836.0	292.052	3155.05
-31612.0	7836.0	290.757	3061.66
-31612.0	7836.0	289.463	3082.25
-31612.0	7836.0	288.168	3056.49
-31612.0	7836.0	286.873	3107.96
-31612.0	7836.0	285.578	3115.02
-31612.0	7836.0	284.282	3033.31
-31612.0	7836.0	282.986	3036.52
-31612.0	7836.0	281.69	3024.3
-31612.0	7836.0	280.393	3021.72
-31612.0	7836.0	279.097	2957.46
-31612.0	7836.0	277.8	2931.77
-31612.0	7836.0	276.502	3048.69
-31612.0	7836.0	275.205	2994.09
-31612.0	7836.0	273.907	2897.14
-31612.0	7836.0	272.609	2829.11
-31612.0	7836.0	271.311	2859.32
-31612.0	7836.0	270.012	2887.58
-31612.0	7836.0	268.713	2858.09
-31612.0	7836.0	267.414	2776.66
-31612.0	7836.0	266.114	2854.95
-31612.0	7836.0	264.814	2806.25
-31612.0	7836.0	263.514	2767.19
-31612.0	7836.0	262.214	2689.69
-31612.0	7836.0	260.913	2731.41
-31612.0	7836.0	259.613	2711.6
-31612.0	7836.0	258.311	2701.42
-31612.0	7836.0	257.01	2589.42
-31612.0	7836.0	255.708	2621.52
-31612.0	7836.0	254.406	2684.32
-31612.0	7836.0	253.104	2635.75
-31612.0	7836.0	251.801	2625.59
-31612.0	7836.0	250.499	2673.0
-31612.0	7836.0	249.195	2664.75
-31612.0	7836.0	247.892	2671.85
-31612.0	7836.0	246.588	2615.67
-31612.0	7836.0	245.284	2687.96
-31612.0	7836.0	243.98	2589.63
-31612.0	7836.0	242.676	2543.08
-31612.0	7836.0	241.371	2544.45
-31612.0	7836.0	240.066	2566.89
-31612.0	7836.0	238.76	2572.09
-31612.0	7836.0	237.455	2535.15
-31612.0	7836.0	236.149	2559.5
-31612.0	7836.0	234.843	2514.93
-31612.0	7836.0	233.536	2474.2
-31612.0	7836.0	232.229	2479.41
-31612.0	7836.0	230.922	2480.79
-31612.0	7836.0	229.615	2434.36
-31612.0	7836.0	228.307	2546.64
-31612.0	7836.0	227.0	2419.94
-31612.0	7836.0	225.691	2469.11
-31612.0	7836.0	224.383	2352.03
-31612.0	7836.0	223.074	2301.85
-31612.0	7836.0	221.765	2362.48
-31612.0	7836.0	220.456	2426.89
-31612.0	7836.0	219.146	2424.46
-31612.0	7836.0	217.836	2450.66
-31612.0	7836.0	216.526	2366.17
-31612.0	7836.0	215.216	2392.37
-31612.0	7836.0	213.905	2302.21
-31612.0	7836.0	212.594	2301.71
-31612.0	7836.0	211.283	2366.04
-31612.0	7836.0	209.971	2375.07
-31612.0	7836.0	208.66	2391.71
-31612.0	7836.0	207.348	2446.45
-31612.0	7836.0	206.035	2424.97
-31612.0	7836.0	204.722	2531.1
-31612.0	7836.0	203.409	2555.31
-31612.0	7836.0	202.096	2644.23
-31612.0	7836.0	200.783	2639.85
-31612.0	7836.0	199.469	2658.32
-31612.0	7836.0	198.155	2739.55
-31612.0	7836.0	196.84	2778.9
-31612.0	7836.0	195.526	2812.53
-31612.0	7836.0	194.211	2792.92
-31612.0	7836.0	192.896	2824.63
-31612.0	7836.0	191.58	3044.47
-31612.0	7836.0	190.264	2952.61
-31612.0	7836.0	188.948	2957.68
-31612.0	7836.0	187.632	2928.55
-31612.0	7836.0	186.315	2945.01
-31612.0	7836.0	184.998	3007.02
-31612.0	7836.0	183.681	2962.72
-31612.0	7836.0	182.364	2973.47
-31612.0	7836.0	181.046	3080.97
-31612.0	7836.0	179.728	3030.99
-31612.0	7836.0	178.41	2992.41
-31612.0	7836.0	177.091	3029.68
-31612.0	7836.0	175.772	3118.12
-31612.0	7836.0	174.453	3096.6
-31612.0	7836.0	173.133	3063.72
-31612.0	7836.0	171.814	3044.12
-31612.0	7836.0	170.494	3094.6
-31612.0	7836.0	169.173	3122.33
-31612.0	7836.0	167.853	3148.16
-31612.0	7836.0	166.532	3153.16
-31612.0	7836.0	165.211	3074.9
-31612.0	7836.0	163.889	3159.37
-31612.0	7836.0	162.567	3124.64
-31612.0	7836.0	161.245	3139.1
-31612.0	7836.0	159.923	3144.09
-31612.0	7836.0	158.6	3186.89
-31612.0	7836.0	157.278	3174.86
-31612.0	7836.0	155.954	3147.73
-31612.0	7836.0	154.631	3271.72
-31612.0	7836.0	153.307	3303.12
-31612.0	7836.0	151.983	3219.33
-31612.0	7836.0	150.659	3330.01
-31612.0	7836.0	149.334	3293.44
-31612.0	7836.0	148.009	3204.04
-31612.0	7836.0	146.684	3295.79
-31612.0	7836.0	145.359	3191.34
-31612.0	7836.0	144.033	3232.14
-31612.0	7836.0	142.707	3180.54
-31612.0	7836.0	141.381	3202.47
-31612.0	7836.0	140.054	3275.27
-31612.0	7836.0	138.727	3223.7
-31612.0	7836.0	137.4	3183.44
-31612.0	7836.0	136.072	3271.27
-31612.0	7836.0	134.745	3214.08
-31612.0	7836.0	133.417	3241.62
-31612.0	7836.0	132.088	3207.04
-31612.0	7836.0	130.76	3245.87
-31612.0	7836.0	129.431	3241.4
-31612.0	7836.0	128.102	3238.82
-31612.0	7836.0	126.772	3161.02
-31612.0	7836.0	125.442	3164.1
-31612.0	7836.0	124.112	3035.6
-31612.0	7836.0	122.782	3177.77
-31612.0	7836.0	121.451	3088.78
-31612.0	7836.0	120.12	3084.36
-31612.0	7836.0	118.789	3059.28
-31612.0	7836.0	117.458	3069.88
-31612.0	7836.0	116.126	2996.01
-31612.0	7836.0	114.794	2961.58
-31612.0	7836.0	113.462	2953.43
-31612.0	7836.0	112.129	2943.41
-31612.0	7836.0	110.796	2837.75
-31612.0	7836.0	109.463	2803.38
-31612.0	7836.0	108.129	2669.67
-31612.0	7836.0	106.796	2657.84
-31612.0	7836.0	105.461	2619.79
-31612.0	7836.0	104.127	2463.72
-31612.0	7836.0	102.792	2455.69
-31612.0	7836.0	101.457	2372.76
-31612.0	7836.0	100.122	2224.34
-31612.0	7836.0	98.7867	2197.65
-31612.0	7836.0	97.4509	2184.07
-31612.0	7836.0	96.1148	2058.24
-31612.0	7836.0	94.7784	2016.64
-31612.0	7836.0	93.4418	1941.39
-31612.0	7836.0	92.1048	1935.36
-31612.0	7836.0	90.7676	1873.25
-31612.0	7836.0	89.43	1852.28
-31612.0	7836.0	88.0922	1831.33
-31612.0	7836.0	86.7541	1857.09
-31612.0	7836.0	85.4157	1783.84
