-31646.0	7802.0	1311.89	2019.24
-31646.0	7802.0	1310.78	2132.47
-31646.0	7802.0	1309.68	2141.21
-31646.0	7802.0	1308.58	2002.38
-31646.0	7802.0	1307.48	2074.7
-31646.0	7802.0	1306.38	2058.48
-31646.0	7802.0	1305.28	2123.96
-31646.0	7802.0	1304.18	2130.42
-31646.0	7802.0	1303.07	2066.56
-31646.0	7802.0	1301.97	2127.47
-31646.0	7802.0	1300.87	2127.13
-31646.0	7802.0	1299.77	2024.76
-31646.0	7802.0	1298.66	2035.77
-31646.0	7802.0	1297.56	2103.44
-31646.0	7802.0	1296.46	2091.77
-31646.0	7802.0	1295.35	2027.99
-31646.0	7802.0	1294.25	2070.71
-31646.0	7802.0	1293.15	2145.13
-31646.0	7802.0	1292.04	2113.08
-31646.0	7802.0	1290.94	2162.55
-31646.0	7802.0	1289.83	2159.94
-31646.0	7802.0	1288.73	2032.83
-31646.0	7802.0	1287.63	2059.66
-31646.0	7802.0	1286.52	2077.43
-31646.0	7802.0	1285.42	2045.42
-31646.0	7802.0	1284.31	2054.14
-31646.0	7802.0	1283.21	2076.43
-31646.0	7802.0	1282.1	2024.08
-31646.0	7802.0	1280.99	2130.02
-31646.0	7802.0	1279.89	2041.51
-31646.0	7802.0	1278.78	2023.1
-31646.0	7802.0	1277.68	2083.79
-31646.0	7802.0	1276.57	2049.56
-31646.0	7802.0	1275.46	2051.49
-31646.0	7802.0	1274.36	2148.29
-31646.0	7802.0	1273.25	2111.8
-31646.0	7802.0	1272.14	2079.85
-31646.0	7802.0	1271.04	2095.31
-31646.0	7802.0	1269.93	2140.13
-31646.0	7802.0	1268.82	2044.98
-31646.0	7802.0	1267.71	2067.21
-31646.0	7802.0	1266.61	2130.06
-31646.0	7802.0	1265.5	2084.59
-31646.0	7802.0	1264.39	2057.19
-31646.0	7802.0	1263.28	1993.7
-31646.0	7802.0	1262.17	2000.14
-31646.0	7802.0	1261.06	2090.0
-31646.0	7802.0	1259.95	2096.42
-31646.0	7802.0	1258.84	1967.61
-31646.0	7802.0	1257.74	2034.9
-31646.0	7802.0	1256.63	2131.45
-31646.0	7802.0	1255.52	2070.28
-31646.0	7802.0	1254.41	2087.96
-31646.0	7802.0	1253.3	2044.83
-31646.0	7802.0	1252.19	1992.71
-31646.0	7802.0	1251.08	2001.39
-31646.0	7802.0	1249.96	2109.11
-31646.0	7802.0	1248.85	2054.75
-31646.0	7802.0	1247.74	2079.17
-31646.0	7802.0	1246.63	2128.32
-31646.0	7802.0	1245.52	1995.26
-31646.0	7802.0	1244.41	2028.67
-31646.0	7802.0	1243.3	1947.38
-31646.0	7802.0	1242.18	2037.0
-31646.0	7802.0	1241.07	2047.9
-31646.0	7802.0	1239.96	2011.61
-31646.0	7802.0	1238.85	2011.28
-31646.0	7802.0	1237.74	1972.75
-31646.0	7802.0	1236.62	2017.36
-31646.0	7802.0	1235.51	2052.96
-31646.0	7802.0	1234.4	2045.89
-31646.0	7802.0	1233.28	1993.91
-31646.0	7802.0	1232.17	1953.17
-31646.0	7802.0	1231.06	1941.63
-31646.0	7802.0	1229.94	1957.02
-31646.0	7802.0	1228.83	1976.89
-31646.0	7802.0	1227.71	2005.73
-31646.0	7802.0	1226.6	2005.4
-31646.0	7802.0	1225.48	1987.13
-31646.0	7802.0	1224.37	1953.16
-31646.0	7802.0	1223.25	1977.51
-31646.0	7802.0	1222.14	1968.21
-31646.0	7802.0	1221.02	1994.78
-31646.0	7802.0	1219.91	2012.38
-31646.0	7802.0	1218.79	1978.44
-31646.0	7802.0	1217.68	1993.8
-31646.0	7802.0	1216.56	1988.99
-31646.0	7802.0	1215.44	2011.05
-31646.0	7802.0	1214.33	1945.79
-31646.0	7802.0	1213.21	1994.72
-31646.0	7802.0	1212.09	2012.29
-31646.0	7802.0	1210.98	1969.44
-31646.0	7802.0	1209.86	1942.26
-31646.0	7802.0	1208.74	2029.19
-31646.0	7802.0	1207.62	2055.7
-31646.0	7802.0	1206.51	1988.26
-31646.0	7802.0	1205.39	2046.07
-31646.0	7802.0	1204.27	2007.72
-31646.0	7802.0	1203.15	2025.27
-31646.0	7802.0	1202.03	2083.05
-31646.0	7802.0	1200.91	2011.19
-31646.0	7802.0	1199.8	1961.7
-31646.0	7802.0	1198.68	1999.35
-31646.0	7802.0	1197.56	1929.78
-31646.0	7802.0	1196.44	1954.03
-31646.0	7802.0	1195.32	1987.19
-31646.0	7802.0	1194.2	2002.49
-31646.0	7802.0	1193.08	1915.1
-31646.0	7802.0	1191.96	1957.19
-31646.0	7802.0	1190.84	2077.35
-31646.0	7802.0	1189.72	1983.31
-31646.0	7802.0	1188.6	2040.97
-31646.0	7802.0	1187.48	2056.24
-31646.0	7802.0	1186.35	2055.9
-31646.0	7802.0	1185.23	2024.34
-31646.0	7802.0	1184.11	1937.07
-31646.0	7802.0	1182.99	1938.97
-31646.0	7802.0	1181.87	1945.33
-31646.0	7802.0	1180.75	1913.82
-31646.0	7802.0	1179.62	1993.69
-31646.0	7802.0	1178.5	1924.31
-31646.0	7802.0	1177.38	1946.26
-31646.0	7802.0	1176.26	2110.69
-31646.0	7802.0	1175.13	1958.96
-31646.0	7802.0	1174.01	1983.12
-31646.0	7802.0	1172.89	2033.97
-31646.0	7802.0	1171.76	1984.67
-31646.0	7802.0	1170.64	2044.41
-31646.0	7802.0	1169.51	1939.52
-31646.0	7802.0	1168.39	2019.26
-31646.0	7802.0	1167.27	1934.42
-31646.0	7802.0	1166.14	1965.22
-31646.0	7802.0	1165.02	2013.79
-31646.0	7802.0	1163.89	1977.89
-31646.0	7802.0	1162.77	1988.67
-31646.0	7802.0	1161.64	1997.22
-31646.0	7802.0	1160.52	2016.88
-31646.0	7802.0	1159.39	1958.79
-31646.0	7802.0	1158.26	1976.23
-31646.0	7802.0	1157.14	1844.91
-31646.0	7802.0	1156.01	1977.78
-31646.0	7802.0	1154.88	1948.59
-31646.0	7802.0	1153.76	1992.64
-31646.0	7802.0	1152.63	1932.4
-31646.0	7802.0	1151.5	1954.26
-31646.0	7802.0	1150.38	1938.4
-31646.0	7802.0	1149.25	1984.64
-31646.0	7802.0	1148.12	1979.87
-31646.0	7802.0	1146.99	1939.64
-31646.0	7802.0	1145.87	1972.55
-31646.0	7802.0	1144.74	1938.98
-31646.0	7802.0	1143.61	1969.67
-31646.0	7802.0	1142.48	1975.98
-31646.0	7802.0	1141.35	1993.36
-31646.0	7802.0	1140.22	2019.6
-31646.0	7802.0	1139.09	2014.82
-31646.0	7802.0	1137.97	1976.85
-31646.0	7802.0	1136.84	1998.65
-31646.0	7802.0	1135.71	1978.39
-31646.0	7802.0	1134.58	1980.26
-31646.0	7802.0	1133.45	1944.53
-31646.0	7802.0	1132.32	1902.18
-31646.0	7802.0	1131.19	1950.5
-31646.0	7802.0	1130.05	1959.02
-31646.0	7802.0	1128.92	1947.63
-31646.0	7802.0	1127.79	1942.87
-31646.0	7802.0	1126.66	1924.86
-31646.0	7802.0	1125.53	1968.73
-31646.0	7802.0	1124.4	1961.76
-31646.0	7802.0	1123.27	1987.93
-31646.0	7802.0	1122.13	1870.54
-31646.0	7802.0	1121.0	1982.84
-31646.0	7802.0	1119.87	1940.55
-31646.0	7802.0	1118.74	1918.15
-31646.0	7802.0	1117.6	1992.85
-31646.0	7802.0	1116.47	2003.54
-31646.0	7802.0	1115.34	1970.11
-31646.0	7802.0	1114.2	1991.83
-31646.0	7802.0	1113.07	1940.76
-31646.0	7802.0	1111.94	1982.32
-31646.0	7802.0	1110.8	1951.12
-31646.0	7802.0	1109.67	1997.07
-31646.0	7802.0	1108.54	1915.18
-31646.0	7802.0	1107.4	1910.45
-31646.0	7802.0	1106.27	1947.57
-31646.0	7802.0	1105.13	1923.01
-31646.0	7802.0	1104.0	1957.91
-31646.0	7802.0	1102.86	1939.96
-31646.0	7802.0	1101.72	1961.64
-31646.0	7802.0	1100.59	1937.09
-31646.0	7802.0	1099.45	1916.95
-31646.0	7802.0	1098.32	2004.64
-31646.0	7802.0	1097.18	1969.09
-31646.0	7802.0	1096.04	1979.75
-31646.0	7802.0	1094.91	1977.21
-31646.0	7802.0	1093.77	1904.3
-31646.0	7802.0	1092.63	2022.69
-31646.0	7802.0	1091.5	2035.53
-31646.0	7802.0	1090.36	2006.61
-31646.0	7802.0	1089.22	1929.35
-31646.0	7802.0	1088.08	1933.41
-31646.0	7802.0	1086.95	1983.6
-31646.0	7802.0	1085.81	1983.26
-31646.0	7802.0	1084.67	1985.11
-31646.0	7802.0	1083.53	2008.91
-31646.0	7802.0	1082.39	1936.13
-31646.0	7802.0	1081.25	1898.48
-31646.0	7802.0	1080.11	1944.23
-31646.0	7802.0	1078.97	1998.74
-31646.0	7802.0	1077.83	1969.88
-31646.0	7802.0	1076.69	1995.86
-31646.0	7802.0	1075.55	1958.23
-31646.0	7802.0	1074.41	1925.0
-31646.0	7802.0	1073.27	1918.09
-31646.0	7802.0	1072.13	1895.84
-31646.0	7802.0	1070.99	1954.67
-31646.0	7802.0	1069.85	1899.56
-31646.0	7802.0	1068.71	1923.32
-31646.0	7802.0	1067.57	1990.89
-31646.0	7802.0	1066.43	1865.72
-31646.0	7802.0	1065.28	1922.32
-31646.0	7802.0	1064.14	2022.68
-31646.0	7802.0	1063.0	1904.14
-31646.0	7802.0	1061.86	1954.13
-31646.0	7802.0	1060.71	1975.67
-31646.0	7802.0	1059.57	1992.83
-31646.0	7802.0	1058.43	1887.49
-31646.0	7802.0	1057.29	1911.22
-31646.0	7802.0	1056.14	1902.14
-31646.0	7802.0	1055.0	2002.36
-31646.0	7802.0	1053.85	1997.64
-31646.0	7802.0	1052.71	1929.55
-31646.0	7802.0	1051.57	1922.65
-31646.0	7802.0	1050.42	1944.16
-31646.0	7802.0	1049.28	1900.14
-31646.0	7802.0	1048.13	1976.23
-31646.0	7802.0	1046.99	1964.97
-31646.0	7802.0	1045.84	1975.54
-31646.0	7802.0	1044.7	1977.37
-31646.0	7802.0	1043.55	1942.11
-31646.0	7802.0	1042.4	2011.58
-31646.0	7802.0	1041.26	2011.23
-31646.0	7802.0	1040.11	1965.07
-31646.0	7802.0	1038.97	2045.41
-31646.0	7802.0	1037.82	2088.65
-31646.0	7802.0	1036.67	2018.53
-31646.0	7802.0	1035.53	2009.46
-31646.0	7802.0	1034.38	1976.41
-31646.0	7802.0	1033.23	2037.07
-31646.0	7802.0	1032.08	2084.63
-31646.0	7802.0	1030.94	1986.26
-31646.0	7802.0	1029.79	2022.92
-31646.0	7802.0	1028.64	2142.31
-31646.0	7802.0	1027.49	2011.32
-31646.0	7802.0	1026.34	2041.44
-31646.0	7802.0	1025.19	2060.66
-31646.0	7802.0	1024.04	2060.29
-31646.0	7802.0	1022.89	2099.08
-31646.0	7802.0	1021.74	2085.66
-31646.0	7802.0	1020.59	2102.69
-31646.0	7802.0	1019.45	2050.13
-31646.0	7802.0	1018.29	2145.41
-31646.0	7802.0	1017.14	2045.06
-31646.0	7802.0	1015.99	2083.81
-31646.0	7802.0	1014.84	2076.92
-31646.0	7802.0	1013.69	2148.23
-31646.0	7802.0	1012.54	2199.97
-31646.0	7802.0	1011.39	2243.01
-31646.0	7802.0	1010.24	2121.03
-31646.0	7802.0	1009.09	2140.19
-31646.0	7802.0	1007.93	2168.02
-31646.0	7802.0	1006.78	2219.71
-31646.0	7802.0	1005.63	2258.36
-31646.0	7802.0	1004.48	2225.42
-31646.0	7802.0	1003.32	2266.23
-31646.0	7802.0	1002.17	2179.1
-31646.0	7802.0	1001.02	2245.91
-31646.0	7802.0	999.865	2312.7
-31646.0	7802.0	998.711	2281.95
-31646.0	7802.0	997.558	2259.87
-31646.0	7802.0	996.403	2268.13
-31646.0	7802.0	995.249	2371.69
-31646.0	7802.0	994.095	2401.58
-31646.0	7802.0	992.94	2420.64
-31646.0	7802.0	991.785	2389.9
-31646.0	7802.0	990.63	2389.47
-31646.0	7802.0	989.475	2408.52
-31646.0	7802.0	988.319	2490.3
-31646.0	7802.0	987.164	2589.36
-31646.0	7802.0	986.008	2582.41
-31646.0	7802.0	984.852	2536.53
-31646.0	7802.0	983.695	2626.88
-31646.0	7802.0	982.539	2559.4
-31646.0	7802.0	981.382	2630.26
-31646.0	7802.0	980.225	2612.5
-31646.0	7802.0	979.068	2622.83
-31646.0	7802.0	977.911	2674.2
-31646.0	7802.0	976.753	2652.12
-31646.0	7802.0	975.595	2662.44
-31646.0	7802.0	974.437	2724.57
-31646.0	7802.0	973.279	2650.69
-31646.0	7802.0	972.121	2665.31
-31646.0	7802.0	970.962	2666.99
-31646.0	7802.0	969.803	2657.88
-31646.0	7802.0	968.644	2689.75
-31646.0	7802.0	967.485	2691.42
-31646.0	7802.0	966.326	2678.0
-31646.0	7802.0	965.166	2720.63
-31646.0	7802.0	964.006	2659.79
-31646.0	7802.0	962.846	2741.2
-31646.0	7802.0	961.686	2762.25
-31646.0	7802.0	960.525	2776.82
-31646.0	7802.0	959.365	2718.17
-31646.0	7802.0	958.204	2715.52
-31646.0	7802.0	957.043	2753.78
-31646.0	7802.0	955.881	2716.69
-31646.0	7802.0	954.72	2709.74
-31646.0	7802.0	953.558	2739.37
-31646.0	7802.0	952.396	2721.66
-31646.0	7802.0	951.234	2734.07
-31646.0	7802.0	950.071	2759.38
-31646.0	7802.0	948.909	2675.02
-31646.0	7802.0	947.746	2685.28
-31646.0	7802.0	946.583	2717.03
-31646.0	7802.0	945.42	2722.99
-31646.0	7802.0	944.256	2761.17
-31646.0	7802.0	943.092	2728.44
-31646.0	7802.0	941.929	2697.87
-31646.0	7802.0	940.765	2761.8
-31646.0	7802.0	939.6	2808.54
-31646.0	7802.0	938.436	2659.9
-31646.0	7802.0	937.271	2678.73
-31646.0	7802.0	936.106	2637.46
-31646.0	7802.0	934.941	2643.42
-31646.0	7802.0	933.775	2589.3
-31646.0	7802.0	932.61	2548.08
-31646.0	7802.0	931.444	2509.01
-31646.0	7802.0	930.278	2510.69
-31646.0	7802.0	929.112	2405.19
-31646.0	7802.0	927.945	2374.75
-31646.0	7802.0	926.779	2329.31
-31646.0	7802.0	925.612	2401.73
-31646.0	7802.0	924.445	2373.44
-31646.0	7802.0	923.278	2235.94
-31646.0	7802.0	922.11	2224.82
-31646.0	7802.0	920.942	2222.27
-31646.0	7802.0	919.774	2337.45
-31646.0	7802.0	918.606	2272.81
-31646.0	7802.0	917.438	2210.34
-31646.0	7802.0	916.269	2271.98
-31646.0	7802.0	915.1	2203.11
-31646.0	7802.0	913.931	2236.92
-31646.0	7802.0	912.762	2142.43
-31646.0	7802.0	911.593	2221.14
-31646.0	7802.0	910.423	2156.6
-31646.0	7802.0	909.253	2149.8
-31646.0	7802.0	908.083	2207.09
-31646.0	7802.0	906.913	2178.91
-31646.0	7802.0	905.742	2174.23
-31646.0	7802.0	904.572	2045.71
-31646.0	7802.0	903.401	2073.09
-31646.0	7802.0	902.229	2083.38
-31646.0	7802.0	901.058	2191.83
-31646.0	7802.0	899.886	2180.76
-31646.0	7802.0	898.715	2135.55
-31646.0	7802.0	897.543	2126.63
-31646.0	7802.0	896.37	2149.69
-31646.0	7802.0	895.198	2138.63
-31646.0	7802.0	894.025	2084.94
-31646.0	7802.0	892.852	2133.57
-31646.0	7802.0	891.679	2126.79
-31646.0	7802.0	890.506	2122.13
-31646.0	7802.0	889.332	2028.0
-31646.0	7802.0	888.158	2104.3
-31646.0	7802.0	886.984	2112.43
-31646.0	7802.0	885.81	2056.68
-31646.0	7802.0	884.636	2052.04
-31646.0	7802.0	883.461	2111.25
-31646.0	7802.0	882.286	2068.3
-31646.0	7802.0	881.111	2046.64
-31646.0	7802.0	879.936	2050.51
-31646.0	7802.0	878.76	2054.38
-31646.0	7802.0	877.584	2056.13
-31646.0	7802.0	876.408	2023.85
-31646.0	7802.0	875.232	2068.11
-31646.0	7802.0	874.056	2054.98
-31646.0	7802.0	872.879	1986.6
-31646.0	7802.0	871.702	2007.47
-31646.0	7802.0	870.525	2015.59
-31646.0	7802.0	869.348	2110.77
-31646.0	7802.0	868.17	1959.64
-31646.0	7802.0	866.993	1991.11
-31646.0	7802.0	865.815	2001.35
-31646.0	7802.0	864.637	1986.12
-31646.0	7802.0	863.458	2015.45
-31646.0	7802.0	862.28	1976.89
-31646.0	7802.0	861.101	1908.66
-31646.0	7802.0	859.922	1967.67
-31646.0	7802.0	858.742	2060.58
-31646.0	7802.0	857.563	2100.46
-31646.0	7802.0	856.383	2064.04
-31646.0	7802.0	855.203	2038.23
-31646.0	7802.0	854.023	2018.78
-31646.0	7802.0	852.843	2005.7
-31646.0	7802.0	851.662	2024.38
-31646.0	7802.0	850.481	2007.06
-31646.0	7802.0	849.3	2015.15
-31646.0	7802.0	848.119	1961.86
-31646.0	7802.0	846.937	2008.04
-31646.0	7802.0	845.756	1986.51
-31646.0	7802.0	844.574	2005.17
-31646.0	7802.0	843.392	2015.36
-31646.0	7802.0	842.209	2042.47
-31646.0	7802.0	841.027	2001.92
-31646.0	7802.0	839.844	1957.16
-31646.0	7802.0	838.661	1965.24
-31646.0	7802.0	837.477	1939.52
-31646.0	7802.0	836.294	2006.74
-31646.0	7802.0	835.11	1945.12
-31646.0	7802.0	833.926	2039.77
-31646.0	7802.0	832.742	2018.27
-31646.0	7802.0	831.558	1958.79
-31646.0	7802.0	830.373	2023.84
-31646.0	7802.0	829.188	1945.39
-31646.0	7802.0	828.003	1932.36
-31646.0	7802.0	826.818	1955.2
-31646.0	7802.0	825.632	1969.59
-31646.0	7802.0	824.446	1924.94
-31646.0	7802.0	823.26	1935.11
-31646.0	7802.0	822.074	1979.0
-31646.0	7802.0	820.888	1932.27
-31646.0	7802.0	819.701	2003.53
-31646.0	7802.0	818.514	1958.92
-31646.0	7802.0	817.327	1985.92
-31646.0	7802.0	816.14	1966.6
-31646.0	7802.0	814.952	1947.27
-31646.0	7802.0	813.765	1995.31
-31646.0	7802.0	812.577	2049.65
-31646.0	7802.0	811.388	1952.47
-31646.0	7802.0	810.2	1882.68
-31646.0	7802.0	809.011	1941.21
-31646.0	7802.0	807.822	1913.51
-31646.0	7802.0	806.633	1950.99
-31646.0	7802.0	805.444	1935.9
-31646.0	7802.0	804.254	1962.85
-31646.0	7802.0	803.064	1966.68
-31646.0	7802.0	801.874	1955.8
-31646.0	7802.0	800.684	1959.62
-31646.0	7802.0	799.493	1950.85
-31646.0	7802.0	798.303	1990.37
-31646.0	7802.0	797.112	1977.39
-31646.0	7802.0	795.921	1962.32
-31646.0	7802.0	794.729	1989.23
-31646.0	7802.0	793.538	1993.04
-31646.0	7802.0	792.346	1963.29
-31646.0	7802.0	791.154	1994.37
-31646.0	7802.0	789.961	1922.7
-31646.0	7802.0	788.769	1968.45
-31646.0	7802.0	787.576	1882.14
-31646.0	7802.0	786.383	1900.64
-31646.0	7802.0	785.19	1829.04
-31646.0	7802.0	783.996	1899.91
-31646.0	7802.0	782.802	1966.56
-31646.0	7802.0	781.608	1897.09
-31646.0	7802.0	780.414	1917.66
-31646.0	7802.0	779.22	1957.06
-31646.0	7802.0	778.025	1889.71
-31646.0	7802.0	776.83	1897.72
-31646.0	7802.0	775.635	1918.27
-31646.0	7802.0	774.44	1901.17
-31646.0	7802.0	773.244	1909.17
-31646.0	7802.0	772.049	1927.62
-31646.0	7802.0	770.853	1946.06
-31646.0	7802.0	769.656	1926.87
-31646.0	7802.0	768.46	1936.95
-31646.0	7802.0	767.263	1882.26
-31646.0	7802.0	766.066	1923.67
-31646.0	7802.0	764.869	1954.62
-31646.0	7802.0	763.672	1849.85
-31646.0	7802.0	762.474	1893.33
-31646.0	7802.0	761.276	1907.57
-31646.0	7802.0	760.078	1894.68
-31646.0	7802.0	758.88	1950.64
-31646.0	7802.0	757.681	1848.06
-31646.0	7802.0	756.483	1916.52
-31646.0	7802.0	755.284	1947.43
-31646.0	7802.0	754.084	1969.98
-31646.0	7802.0	752.885	1909.15
-31646.0	7802.0	751.685	1833.77
-31646.0	7802.0	750.485	1831.33
-31646.0	7802.0	749.285	1849.72
-31646.0	7802.0	748.085	1899.34
-31646.0	7802.0	746.884	1859.41
-31646.0	7802.0	745.683	1827.82
-31646.0	7802.0	744.482	1887.83
-31646.0	7802.0	743.281	1868.73
-31646.0	7802.0	742.079	1847.56
-31646.0	7802.0	740.877	1928.33
-31646.0	7802.0	739.675	1821.89
-31646.0	7802.0	738.473	1883.91
-31646.0	7802.0	737.27	1844.04
-31646.0	7802.0	736.068	1804.19
-31646.0	7802.0	734.865	1795.53
-31646.0	7802.0	733.661	1853.36
-31646.0	7802.0	732.458	1898.7
-31646.0	7802.0	731.254	1865.09
-31646.0	7802.0	730.05	1858.5
-31646.0	7802.0	728.846	1876.82
-31646.0	7802.0	727.642	1791.35
-31646.0	7802.0	726.437	1863.64
-31646.0	7802.0	725.232	1875.72
-31646.0	7802.0	724.027	1848.39
-31646.0	7802.0	722.822	1804.47
-31646.0	7802.0	721.616	1928.54
-31646.0	7802.0	720.41	1803.76
-31646.0	7802.0	719.204	1824.14
-31646.0	7802.0	717.998	1869.38
-31646.0	7802.0	716.791	1748.83
-31646.0	7802.0	715.585	1870.71
-31646.0	7802.0	714.378	2096.11
-31646.0	7802.0	713.17	1896.9
-31646.0	7802.0	711.963	1946.22
-31646.0	7802.0	710.755	1881.67
-31646.0	7802.0	709.547	1790.23
-31646.0	7802.0	708.339	1785.74
-31646.0	7802.0	707.131	1878.49
-31646.0	7802.0	705.922	1873.98
-31646.0	7802.0	704.713	1906.7
-31646.0	7802.0	703.504	1916.67
-31646.0	7802.0	702.295	1901.82
-31646.0	7802.0	701.085	1862.17
-31646.0	7802.0	699.875	1878.34
-31646.0	7802.0	698.665	1894.5
-31646.0	7802.0	697.455	1912.71
-31646.0	7802.0	696.244	1914.4
-31646.0	7802.0	695.034	1866.54
-31646.0	7802.0	693.822	1886.81
-31646.0	7802.0	692.611	1894.69
-31646.0	7802.0	691.4	1941.78
-31646.0	7802.0	690.188	1869.19
-31646.0	7802.0	688.976	1957.52
-31646.0	7802.0	687.764	1917.95
-31646.0	7802.0	686.551	1967.05
-31646.0	7802.0	685.339	1991.4
-31646.0	7802.0	684.126	1941.54
-31646.0	7802.0	682.912	1910.25
-31646.0	7802.0	681.699	1936.65
-31646.0	7802.0	680.485	1998.07
-31646.0	7802.0	679.271	1983.25
-31646.0	7802.0	678.057	2007.57
-31646.0	7802.0	676.843	1914.53
-31646.0	7802.0	675.628	1973.84
-31646.0	7802.0	674.413	1965.22
-31646.0	7802.0	673.198	1956.6
-31646.0	7802.0	671.983	1993.24
-31646.0	7802.0	670.767	1990.79
-31646.0	7802.0	669.551	1971.88
-31646.0	7802.0	668.335	1961.21
-31646.0	7802.0	667.119	1971.1
-31646.0	7802.0	665.902	2011.81
-31646.0	7802.0	664.686	1960.05
-31646.0	7802.0	663.469	1945.28
-31646.0	7802.0	662.251	1946.94
-31646.0	7802.0	661.034	2008.16
-31646.0	7802.0	659.816	1985.17
-31646.0	7802.0	658.598	2013.51
-31646.0	7802.0	657.38	1967.97
-31646.0	7802.0	656.161	2035.28
-31646.0	7802.0	654.942	2026.67
-31646.0	7802.0	653.723	2026.27
-31646.0	7802.0	652.504	1933.59
-31646.0	7802.0	651.285	1959.86
-31646.0	7802.0	650.065	1965.61
-31646.0	7802.0	648.845	1948.83
-31646.0	7802.0	647.625	1948.44
-31646.0	7802.0	646.404	2036.13
-31646.0	7802.0	645.184	2056.2
-31646.0	7802.0	643.963	1961.6
-31646.0	7802.0	642.742	2022.63
-31646.0	7802.0	641.52	1934.21
-31646.0	7802.0	640.298	2099.58
-31646.0	7802.0	639.076	2005.05
-31646.0	7802.0	637.854	2051.69
-31646.0	7802.0	636.632	2053.33
-31646.0	7802.0	635.409	2003.84
-31646.0	7802.0	634.186	2032.06
-31646.0	7802.0	632.963	2050.05
-31646.0	7802.0	631.74	1994.46
-31646.0	7802.0	630.516	2063.53
-31646.0	7802.0	629.292	1999.79
-31646.0	7802.0	628.068	2048.4
-31646.0	7802.0	626.844	2066.37
-31646.0	7802.0	625.619	2016.96
-31646.0	7802.0	624.394	2010.43
-31646.0	7802.0	623.169	2054.92
-31646.0	7802.0	621.944	2140.2
-31646.0	7802.0	620.718	2064.29
-31646.0	7802.0	619.492	2055.72
-31646.0	7802.0	618.266	2096.09
-31646.0	7802.0	617.04	2061.01
-31646.0	7802.0	615.813	2050.4
-31646.0	7802.0	614.587	2037.77
-31646.0	7802.0	613.36	2029.21
-31646.0	7802.0	612.132	2069.54
-31646.0	7802.0	610.905	2016.17
-31646.0	7802.0	609.677	2074.81
-31646.0	7802.0	608.449	2072.36
-31646.0	7802.0	607.22	2045.48
-31646.0	7802.0	605.992	2032.86
-31646.0	7802.0	604.763	2010.07
-31646.0	7802.0	603.534	1989.32
-31646.0	7802.0	602.305	2005.19
-31646.0	7802.0	601.075	2031.22
-31646.0	7802.0	599.845	1996.25
-31646.0	7802.0	598.615	1973.49
-31646.0	7802.0	597.385	2025.92
-31646.0	7802.0	596.154	2021.45
-31646.0	7802.0	594.924	1974.32
-31646.0	7802.0	593.693	2045.0
-31646.0	7802.0	592.461	1995.86
-31646.0	7802.0	591.23	2001.54
-31646.0	7802.0	589.998	2021.43
-31646.0	7802.0	588.766	1976.38
-31646.0	7802.0	587.534	2018.58
-31646.0	7802.0	586.301	2062.8
-31646.0	7802.0	585.068	2054.27
-31646.0	7802.0	583.835	2029.52
-31646.0	7802.0	582.602	1970.32
-31646.0	7802.0	581.368	1984.11
-31646.0	7802.0	580.134	2018.15
-31646.0	7802.0	578.9	2029.9
-31646.0	7802.0	577.666	1986.95
-31646.0	7802.0	576.432	2065.52
-31646.0	7802.0	575.197	2018.54
-31646.0	7802.0	573.962	2050.52
-31646.0	7802.0	572.726	2039.98
-31646.0	7802.0	571.491	2019.33
-31646.0	7802.0	570.255	1925.86
-31646.0	7802.0	569.019	2034.69
-31646.0	7802.0	567.783	1989.79
-31646.0	7802.0	566.546	2013.64
-31646.0	7802.0	565.309	1980.89
-31646.0	7802.0	564.072	2073.45
-31646.0	7802.0	562.835	2036.66
-31646.0	7802.0	561.597	2177.65
-31646.0	7802.0	560.359	2215.58
-31646.0	7802.0	559.121	2106.09
-31646.0	7802.0	557.883	2099.6
-31646.0	7802.0	556.644	2135.5
-31646.0	7802.0	555.406	2116.91
-31646.0	7802.0	554.167	2132.61
-31646.0	7802.0	552.927	2158.4
-31646.0	7802.0	551.688	2264.85
-31646.0	7802.0	550.448	2274.47
-31646.0	7802.0	549.208	2265.94
-31646.0	7802.0	547.967	2301.76
-31646.0	7802.0	546.727	2283.15
-31646.0	7802.0	545.486	2318.95
-31646.0	7802.0	544.245	2411.13
-31646.0	7802.0	543.003	2487.17
-31646.0	7802.0	541.762	2563.17
-31646.0	7802.0	540.52	2596.87
-31646.0	7802.0	539.278	2600.36
-31646.0	7802.0	538.035	2742.7
-31646.0	7802.0	536.793	2762.25
-31646.0	7802.0	535.55	2934.67
-31646.0	7802.0	534.307	3024.56
-31646.0	7802.0	533.063	3251.14
-31646.0	7802.0	531.82	3578.13
-31646.0	7802.0	530.576	3798.47
-31646.0	7802.0	529.331	4324.15
-31646.0	7802.0	528.087	4994.25
-31646.0	7802.0	526.842	6122.02
-31646.0	7802.0	525.597	7924.06
-31646.0	7802.0	524.352	11036.4
-31646.0	7802.0	523.107	16281.2
-31646.0	7802.0	521.861	22443.0
-31646.0	7802.0	520.615	24438.8
-31646.0	7802.0	519.369	21809.9
-31646.0	7802.0	518.122	17391.0
-31646.0	7802.0	516.876	13870.2
-31646.0	7802.0	515.629	11668.1
-31646.0	7802.0	514.381	9917.81
-31646.0	7802.0	513.134	8591.13
-31646.0	7802.0	511.886	7906.13
-31646.0	7802.0	510.638	7235.45
-31646.0	7802.0	509.39	6849.43
-31646.0	7802.0	508.141	6549.66
-31646.0	7802.0	506.892	6169.95
-31646.0	7802.0	505.643	6164.67
-31646.0	7802.0	504.394	6025.32
-31646.0	7802.0	503.145	5980.06
-31646.0	7802.0	501.895	5798.8
-31646.0	7802.0	500.645	5707.61
-31646.0	7802.0	499.394	5836.4
-31646.0	7802.0	498.144	5777.22
-31646.0	7802.0	496.893	5768.03
-31646.0	7802.0	495.642	5680.91
-31646.0	7802.0	494.39	5623.8
-31646.0	7802.0	493.139	5470.84
-31646.0	7802.0	491.887	5357.87
-31646.0	7802.0	490.635	5382.72
-31646.0	7802.0	489.382	5355.66
-31646.0	7802.0	488.13	5186.91
-31646.0	7802.0	486.877	5221.75
-31646.0	7802.0	485.623	5160.82
-31646.0	7802.0	484.37	5111.88
-31646.0	7802.0	483.116	5224.48
-31646.0	7802.0	481.862	5071.88
-31646.0	7802.0	480.608	4971.17
-31646.0	7802.0	479.354	4972.13
-31646.0	7802.0	478.099	5038.84
-31646.0	7802.0	476.844	4986.0
-31646.0	7802.0	475.588	4839.58
-31646.0	7802.0	474.333	4979.95
-31646.0	7802.0	473.077	4879.38
-31646.0	7802.0	471.821	4884.33
-31646.0	7802.0	470.565	4829.59
-31646.0	7802.0	469.308	4756.96
-31646.0	7802.0	468.051	4690.33
-31646.0	7802.0	466.794	4635.66
-31646.0	7802.0	465.537	4672.48
-31646.0	7802.0	464.279	4470.73
-31646.0	7802.0	463.021	4481.73
-31646.0	7802.0	461.763	4472.84
-31646.0	7802.0	460.505	4392.45
-31646.0	7802.0	459.246	4373.66
-31646.0	7802.0	457.987	4225.8
-31646.0	7802.0	456.728	4177.27
-31646.0	7802.0	455.469	4243.89
-31646.0	7802.0	454.209	4070.34
-31646.0	7802.0	452.949	3986.16
-31646.0	7802.0	451.689	3907.96
-31646.0	7802.0	450.428	3946.82
-31646.0	7802.0	449.167	3995.57
-31646.0	7802.0	447.906	3812.34
-31646.0	7802.0	446.645	3779.83
-31646.0	7802.0	445.383	3729.5
-31646.0	7802.0	444.122	3778.26
-31646.0	7802.0	442.86	3650.69
-31646.0	7802.0	441.597	3653.89
-31646.0	7802.0	440.335	3566.01
-31646.0	7802.0	439.072	3604.85
-31646.0	7802.0	437.809	3588.27
-31646.0	7802.0	436.545	3561.79
-31646.0	7802.0	435.281	3574.9
-31646.0	7802.0	434.018	3437.67
-31646.0	7802.0	432.753	3462.66
-31646.0	7802.0	431.489	3392.74
-31646.0	7802.0	430.224	3376.21
-31646.0	7802.0	428.959	3458.51
-31646.0	7802.0	427.694	3303.67
-31646.0	7802.0	426.428	3301.0
-31646.0	7802.0	425.163	3262.78
-31646.0	7802.0	423.896	3260.12
-31646.0	7802.0	422.63	3225.88
-31646.0	7802.0	421.364	3256.78
-31646.0	7802.0	420.097	3133.75
-31646.0	7802.0	418.83	3219.9
-31646.0	7802.0	417.562	3152.16
-31646.0	7802.0	416.295	3135.72
-31646.0	7802.0	415.027	3101.55
-31646.0	7802.0	413.758	3175.8
-31646.0	7802.0	412.49	3151.49
-31646.0	7802.0	411.221	3024.71
-31646.0	7802.0	409.952	3053.63
-31646.0	7802.0	408.683	3033.29
-31646.0	7802.0	407.414	3030.69
-31646.0	7802.0	406.144	3018.24
-31646.0	7802.0	404.874	3084.53
-31646.0	7802.0	403.603	3044.52
-31646.0	7802.0	402.333	3053.72
-31646.0	7802.0	401.062	3033.4
-31646.0	7802.0	399.791	3030.8
-31646.0	7802.0	398.519	3041.96
-31646.0	7802.0	397.248	3031.49
-31646.0	7802.0	395.976	3026.92
-31646.0	7802.0	394.704	3022.35
-31646.0	7802.0	393.431	2978.49
-31646.0	7802.0	392.159	2950.36
-31646.0	7802.0	390.886	3053.83
-31646.0	7802.0	389.612	2972.68
-31646.0	7802.0	388.339	2991.69
-31646.0	7802.0	387.065	2932.18
-31646.0	7802.0	385.791	2951.18
-31646.0	7802.0	384.517	2944.67
-31646.0	7802.0	383.242	2898.94
-31646.0	7802.0	381.967	3088.55
-31646.0	7802.0	380.692	2960.46
-31646.0	7802.0	379.417	3002.96
-31646.0	7802.0	378.141	2961.17
-31646.0	7802.0	376.865	2987.97
-31646.0	7802.0	375.589	2897.23
-31646.0	7802.0	374.312	2908.37
-31646.0	7802.0	373.035	2937.13
-31646.0	7802.0	371.758	2909.1
-31646.0	7802.0	370.481	2886.96
-31646.0	7802.0	369.204	2915.7
-31646.0	7802.0	367.926	2899.43
-31646.0	7802.0	366.648	2924.25
-31646.0	7802.0	365.369	2964.7
-31646.0	7802.0	364.091	2840.89
-31646.0	7802.0	362.812	2906.75
-31646.0	7802.0	361.532	2947.18
-31646.0	7802.0	360.253	2846.9
-31646.0	7802.0	358.973	2801.37
-31646.0	7802.0	357.693	2800.78
-31646.0	7802.0	356.413	2895.87
-31646.0	7802.0	355.132	2908.92
-31646.0	7802.0	353.852	2855.6
-31646.0	7802.0	352.571	2895.98
-31646.0	7802.0	351.289	2844.64
-31646.0	7802.0	350.008	2752.36
-31646.0	7802.0	348.726	2837.58
-31646.0	7802.0	347.444	2905.22
-31646.0	7802.0	346.161	2988.43
-31646.0	7802.0	344.878	2935.18
-31646.0	7802.0	343.595	2983.27
-31646.0	7802.0	342.312	2883.28
-31646.0	7802.0	341.029	2886.56
-31646.0	7802.0	339.745	2926.85
-31646.0	7802.0	338.461	3039.15
-31646.0	7802.0	337.176	2999.57
-31646.0	7802.0	335.892	3039.8
-31646.0	7802.0	334.607	2908.8
-31646.0	7802.0	333.322	3009.33
-31646.0	7802.0	332.036	2985.35
-31646.0	7802.0	330.75	2984.72
-31646.0	7802.0	329.464	2993.81
-31646.0	7802.0	328.178	2997.06
-31646.0	7802.0	326.892	3021.68
-31646.0	7802.0	325.605	2920.01
-31646.0	7802.0	324.318	2971.84
-31646.0	7802.0	323.03	3111.03
-31646.0	7802.0	321.743	3102.6
-31646.0	7802.0	320.455	3156.29
-31646.0	7802.0	319.167	3155.62
-31646.0	7802.0	317.878	3137.49
-31646.0	7802.0	316.59	3090.26
-31646.0	7802.0	315.301	3112.88
-31646.0	7802.0	314.011	3214.98
-31646.0	7802.0	312.722	3148.39
-31646.0	7802.0	311.432	3134.15
-31646.0	7802.0	310.142	3137.36
-31646.0	7802.0	308.851	3202.56
-31646.0	7802.0	307.561	3120.52
-31646.0	7802.0	306.27	3187.64
-31646.0	7802.0	304.979	3250.85
-31646.0	7802.0	303.687	3352.76
-31646.0	7802.0	302.395	3216.57
-31646.0	7802.0	301.103	3229.43
-31646.0	7802.0	299.811	3079.78
-31646.0	7802.0	298.519	3160.36
-31646.0	7802.0	297.226	3266.04
-31646.0	7802.0	295.933	3050.74
-31646.0	7802.0	294.639	3123.54
-31646.0	7802.0	293.345	3057.17
-31646.0	7802.0	292.052	3079.7
-31646.0	7802.0	290.757	3158.24
-31646.0	7802.0	289.463	3051.35
-31646.0	7802.0	288.168	3087.39
-31646.0	7802.0	286.873	3040.4
-31646.0	7802.0	285.578	3043.61
-31646.0	7802.0	284.282	3044.89
-31646.0	7802.0	282.986	3017.23
-31646.0	7802.0	281.69	3020.44
-31646.0	7802.0	280.393	3015.94
-31646.0	7802.0	279.097	2905.4
-31646.0	7802.0	277.8	3024.29
-31646.0	7802.0	276.502	2996.66
-31646.0	7802.0	275.205	2915.1
-31646.0	7802.0	273.907	2956.85
-31646.0	7802.0	272.609	2807.93
-31646.0	7802.0	271.311	2868.94
-31646.0	7802.0	270.012	2870.25
-31646.0	7802.0	268.713	2831.15
-31646.0	7802.0	267.414	2819.0
-31646.0	7802.0	266.114	2870.34
-31646.0	7802.0	264.814	2802.4
-31646.0	7802.0	263.514	2767.19
-31646.0	7802.0	262.214	2733.91
-31646.0	7802.0	260.913	2696.81
-31646.0	7802.0	259.613	2661.64
-31646.0	7802.0	258.311	2755.21
-31646.0	7802.0	257.01	2647.05
-31646.0	7802.0	255.708	2646.48
-31646.0	7802.0	254.406	2630.56
-31646.0	7802.0	253.104	2605.04
-31646.0	7802.0	251.801	2633.27
-31646.0	7802.0	250.499	2628.87
-31646.0	7802.0	249.195	2643.65
-31646.0	7802.0	247.892	2581.71
-31646.0	7802.0	246.588	2554.31
-31646.0	7802.0	245.284	2549.92
-31646.0	7802.0	243.98	2495.71
-31646.0	7802.0	242.676	2487.5
-31646.0	7802.0	241.371	2460.15
-31646.0	7802.0	240.066	2511.34
-31646.0	7802.0	238.76	2499.31
-31646.0	7802.0	237.455	2473.88
-31646.0	7802.0	236.149	2515.47
-31646.0	7802.0	234.843	2470.91
-31646.0	7802.0	233.536	2416.8
-31646.0	7802.0	232.229	2446.89
-31646.0	7802.0	230.922	2461.67
-31646.0	7802.0	229.615	2426.72
-31646.0	7802.0	228.307	2473.99
-31646.0	7802.0	227.0	2423.76
-31646.0	7802.0	225.691	2383.11
-31646.0	7802.0	224.383	2340.56
-31646.0	7802.0	223.074	2347.7
-31646.0	7802.0	221.765	2394.94
-31646.0	7802.0	220.456	2424.98
-31646.0	7802.0	219.146	2317.55
-31646.0	7802.0	217.836	2324.69
-31646.0	7802.0	216.526	2364.26
-31646.0	7802.0	215.216	2302.7
-31646.0	7802.0	213.905	2302.21
-31646.0	7802.0	212.594	2353.2
-31646.0	7802.0	211.283	2324.1
-31646.0	7802.0	209.971	2417.0
-31646.0	7802.0	208.66	2374.55
-31646.0	7802.0	207.348	2431.2
-31646.0	7802.0	206.035	2457.35
-31646.0	7802.0	204.722	2454.92
-31646.0	7802.0	203.409	2568.63
-31646.0	7802.0	202.096	2566.18
-31646.0	7802.0	200.783	2649.37
-31646.0	7802.0	199.469	2688.76
-31646.0	7802.0	198.155	2690.09
-31646.0	7802.0	196.84	2723.74
-31646.0	7802.0	195.526	2793.52
-31646.0	7802.0	194.211	2743.48
-31646.0	7802.0	192.896	2769.51
-31646.0	7802.0	191.58	3055.87
-31646.0	7802.0	190.264	2880.41
-31646.0	7802.0	188.948	2931.08
-31646.0	7802.0	187.632	2892.47
-31646.0	7802.0	186.315	2943.11
-31646.0	7802.0	184.998	2970.95
-31646.0	7802.0	183.681	2896.29
-31646.0	7802.0	182.364	2869.1
-31646.0	7802.0	181.046	3065.79
-31646.0	7802.0	179.728	2941.84
-31646.0	7802.0	178.41	2865.35
-31646.0	7802.0	177.091	2987.97
-31646.0	7802.0	175.772	2991.12
-31646.0	7802.0	174.453	2956.36
-31646.0	7802.0	173.133	3022.04
-31646.0	7802.0	171.814	3008.13
-31646.0	7802.0	170.494	3035.89
-31646.0	7802.0	169.173	3039.02
-31646.0	7802.0	167.853	3038.37
-31646.0	7802.0	166.532	3062.32
-31646.0	7802.0	165.211	3118.42
-31646.0	7802.0	163.889	3025.05
-31646.0	7802.0	162.567	3120.86
-31646.0	7802.0	161.245	3033.2
-31646.0	7802.0	159.923	3045.78
-31646.0	7802.0	158.6	3139.64
-31646.0	7802.0	157.278	3110.61
-31646.0	7802.0	155.954	3106.16
-31646.0	7802.0	154.631	3277.39
-31646.0	7802.0	153.307	3216.25
-31646.0	7802.0	151.983	3198.56
-31646.0	7802.0	150.659	3205.42
-31646.0	7802.0	149.334	3146.22
-31646.0	7802.0	148.009	3183.28
-31646.0	7802.0	146.684	3284.47
-31646.0	7802.0	145.359	3181.91
-31646.0	7802.0	144.033	3169.91
-31646.0	7802.0	142.707	3229.55
-31646.0	7802.0	141.381	3170.43
-31646.0	7802.0	140.054	3160.32
-31646.0	7802.0	138.727	3214.28
-31646.0	7802.0	137.4	3181.56
-31646.0	7802.0	136.072	3152.62
-31646.0	7802.0	134.745	3212.19
-31646.0	7802.0	133.417	3187.03
-31646.0	7802.0	132.088	3222.1
-31646.0	7802.0	130.76	3217.64
-31646.0	7802.0	129.431	3186.85
-31646.0	7802.0	128.102	3236.94
-31646.0	7802.0	126.772	3187.35
-31646.0	7802.0	125.442	3233.66
-31646.0	7802.0	124.112	3028.09
-31646.0	7802.0	122.782	3019.92
-31646.0	7802.0	121.451	3015.51
-31646.0	7802.0	120.12	3003.58
-31646.0	7802.0	118.789	3001.06
-31646.0	7802.0	117.458	2955.35
-31646.0	7802.0	116.126	2971.6
-31646.0	7802.0	114.794	2955.95
-31646.0	7802.0	113.462	2876.5
-31646.0	7802.0	112.129	2834.61
-31646.0	7802.0	110.796	2775.85
-31646.0	7802.0	109.463	2726.5
-31646.0	7802.0	108.129	2739.03
-31646.0	7802.0	106.796	2607.24
-31646.0	7802.0	105.461	2610.42
-31646.0	7802.0	104.127	2465.59
-31646.0	7802.0	102.792	2423.85
-31646.0	7802.0	101.457	2275.38
-31646.0	7802.0	100.122	2130.72
-31646.0	7802.0	98.7867	2134.0
-31646.0	7802.0	97.4509	2120.44
-31646.0	7802.0	96.1148	2043.27
-31646.0	7802.0	94.7784	2012.89
-31646.0	7802.0	93.4418	1986.27
-31646.0	7802.0	92.1048	1828.77
-31646.0	7802.0	90.7676	1886.33
-31646.0	7802.0	89.43	1842.94
-31646.0	7802.0	88.0922	1792.08
-31646.0	7802.0	86.7541	1746.86
-31646.0	7802.0	85.4157	1731.54
