-31646.0	7808.0	1311.89	2069.21
-31646.0	7808.0	1310.78	2200.6
-31646.0	7808.0	1309.68	2123.05
-31646.0	7808.0	1308.58	1993.3
-31646.0	7808.0	1307.48	2031.57
-31646.0	7808.0	1306.38	2087.98
-31646.0	7808.0	1305.28	2055.88
-31646.0	7808.0	1304.18	2078.24
-31646.0	7808.0	1303.07	2057.49
-31646.0	7808.0	1301.97	2057.16
-31646.0	7808.0	1300.87	2104.45
-31646.0	7808.0	1299.77	2133.59
-31646.0	7808.0	1298.66	2051.64
-31646.0	7808.0	1297.56	2173.71
-31646.0	7808.0	1296.46	2091.77
-31646.0	7808.0	1295.35	2059.71
-31646.0	7808.0	1294.25	2147.74
-31646.0	7808.0	1293.15	2034.13
-31646.0	7808.0	1292.04	2088.16
-31646.0	7808.0	1290.94	2071.98
-31646.0	7808.0	1289.83	2092.02
-31646.0	7808.0	1288.73	2082.63
-31646.0	7808.0	1287.63	2107.19
-31646.0	7808.0	1286.52	2106.85
-31646.0	7808.0	1285.42	2047.68
-31646.0	7808.0	1284.31	2069.97
-31646.0	7808.0	1283.21	2076.43
-31646.0	7808.0	1282.1	1987.89
-31646.0	7808.0	1280.99	2023.75
-31646.0	7808.0	1279.89	2012.12
-31646.0	7808.0	1278.78	1984.67
-31646.0	7808.0	1277.68	2070.23
-31646.0	7808.0	1276.57	2090.23
-31646.0	7808.0	1275.46	2083.12
-31646.0	7808.0	1274.36	2105.37
-31646.0	7808.0	1273.25	2098.25
-31646.0	7808.0	1272.14	2106.95
-31646.0	7808.0	1271.04	2117.89
-31646.0	7808.0	1269.93	2002.42
-31646.0	7808.0	1268.82	1986.29
-31646.0	7808.0	1267.71	1963.4
-31646.0	7808.0	1266.61	2019.49
-31646.0	7808.0	1265.5	1978.56
-31646.0	7808.0	1264.39	1955.68
-31646.0	7808.0	1263.28	2070.38
-31646.0	7808.0	1262.17	1975.34
-31646.0	7808.0	1261.06	2065.2
-31646.0	7808.0	1259.95	2089.66
-31646.0	7808.0	1258.84	1942.82
-31646.0	7808.0	1257.74	2077.71
-31646.0	7808.0	1256.63	2032.31
-31646.0	7808.0	1255.52	1989.18
-31646.0	7808.0	1254.41	2139.77
-31646.0	7808.0	1253.3	2074.11
-31646.0	7808.0	1252.19	2069.27
-31646.0	7808.0	1251.08	2010.4
-31646.0	7808.0	1249.96	2131.62
-31646.0	7808.0	1248.85	2002.99
-31646.0	7808.0	1247.74	2061.17
-31646.0	7808.0	1246.63	2038.33
-31646.0	7808.0	1245.52	2013.25
-31646.0	7808.0	1244.41	1994.93
-31646.0	7808.0	1243.3	2012.59
-31646.0	7808.0	1242.18	2072.97
-31646.0	7808.0	1241.07	2063.64
-31646.0	7808.0	1239.96	2011.61
-31646.0	7808.0	1238.85	1982.06
-31646.0	7808.0	1237.74	2064.87
-31646.0	7808.0	1236.62	2010.62
-31646.0	7808.0	1235.51	2104.62
-31646.0	7808.0	1234.4	1987.5
-31646.0	7808.0	1233.28	2070.25
-31646.0	7808.0	1232.17	2020.52
-31646.0	7808.0	1231.06	1995.5
-31646.0	7808.0	1229.94	1981.7
-31646.0	7808.0	1228.83	1974.65
-31646.0	7808.0	1227.71	2007.97
-31646.0	7808.0	1226.6	1989.7
-31646.0	7808.0	1225.48	1969.19
-31646.0	7808.0	1224.37	2004.74
-31646.0	7808.0	1223.25	2040.28
-31646.0	7808.0	1222.14	2082.54
-31646.0	7808.0	1221.02	2012.71
-31646.0	7808.0	1219.91	1996.7
-31646.0	7808.0	1218.79	1971.72
-31646.0	7808.0	1217.68	1953.47
-31646.0	7808.0	1216.56	2053.94
-31646.0	7808.0	1215.44	2004.33
-31646.0	7808.0	1214.33	1954.74
-31646.0	7808.0	1213.21	1999.19
-31646.0	7808.0	1212.09	2021.25
-31646.0	7808.0	1210.98	2050.01
-31646.0	7808.0	1209.86	1984.78
-31646.0	7808.0	1208.74	1982.21
-31646.0	7808.0	1207.62	1972.93
-31646.0	7808.0	1206.51	1952.48
-31646.0	7808.0	1205.39	1983.46
-31646.0	7808.0	1204.27	1960.77
-31646.0	7808.0	1203.15	1935.86
-31646.0	7808.0	1202.03	1957.89
-31646.0	7808.0	1200.91	1997.79
-31646.0	7808.0	1199.8	1968.41
-31646.0	7808.0	1198.68	1968.08
-31646.0	7808.0	1197.56	1929.78
-31646.0	7808.0	1196.44	1942.86
-31646.0	7808.0	1195.32	1964.86
-31646.0	7808.0	1194.2	1955.61
-31646.0	7808.0	1193.08	1964.21
-31646.0	7808.0	1191.96	1928.18
-31646.0	7808.0	1190.84	1941.24
-31646.0	7808.0	1189.72	1954.3
-31646.0	7808.0	1188.6	1994.13
-31646.0	7808.0	1187.48	2011.64
-31646.0	7808.0	1186.35	2031.37
-31646.0	7808.0	1185.23	1959.69
-31646.0	7808.0	1184.11	1885.8
-31646.0	7808.0	1182.99	1967.95
-31646.0	7808.0	1181.87	1969.85
-31646.0	7808.0	1180.75	1947.24
-31646.0	7808.0	1179.62	1915.72
-31646.0	7808.0	1178.5	2006.72
-31646.0	7808.0	1177.38	2021.97
-31646.0	7808.0	1176.26	2039.44
-31646.0	7808.0	1175.13	2039.1
-31646.0	7808.0	1174.01	1951.96
-31646.0	7808.0	1172.89	2000.59
-31646.0	7808.0	1171.76	1991.35
-31646.0	7808.0	1170.64	1953.2
-31646.0	7808.0	1169.51	1919.5
-31646.0	7808.0	1168.39	1970.33
-31646.0	7808.0	1167.27	2007.8
-31646.0	7808.0	1166.14	1940.77
-31646.0	7808.0	1165.02	1931.55
-31646.0	7808.0	1163.89	1915.67
-31646.0	7808.0	1162.77	2004.22
-31646.0	7808.0	1161.64	2021.66
-31646.0	7808.0	1160.52	2021.32
-31646.0	7808.0	1159.39	2023.2
-31646.0	7808.0	1158.26	1931.82
-31646.0	7808.0	1157.14	1922.61
-31646.0	7808.0	1156.01	2024.39
-31646.0	7808.0	1154.88	2012.95
-31646.0	7808.0	1153.76	2025.93
-31646.0	7808.0	1152.63	1954.59
-31646.0	7808.0	1151.5	1976.44
-31646.0	7808.0	1150.38	1891.83
-31646.0	7808.0	1149.25	1964.68
-31646.0	7808.0	1148.12	2010.91
-31646.0	7808.0	1146.99	1937.42
-31646.0	7808.0	1145.87	1914.93
-31646.0	7808.0	1144.74	1972.22
-31646.0	7808.0	1143.61	1920.92
-31646.0	7808.0	1142.48	1880.72
-31646.0	7808.0	1141.35	1944.63
-31646.0	7808.0	1140.22	2015.17
-31646.0	7808.0	1139.09	1955.04
-31646.0	7808.0	1137.97	1948.07
-31646.0	7808.0	1136.84	1987.58
-31646.0	7808.0	1135.71	1909.79
-31646.0	7808.0	1134.58	1909.46
-31646.0	7808.0	1133.45	1898.08
-31646.0	7808.0	1132.32	1913.24
-31646.0	7808.0	1131.19	1893.01
-31646.0	7808.0	1130.05	1936.9
-31646.0	7808.0	1128.92	1969.73
-31646.0	7808.0	1127.79	1896.46
-31646.0	7808.0	1126.66	1958.01
-31646.0	7808.0	1125.53	1891.39
-31646.0	7808.0	1124.4	1957.34
-31646.0	7808.0	1123.27	1970.26
-31646.0	7808.0	1122.13	1952.26
-31646.0	7808.0	1121.0	1956.34
-31646.0	7808.0	1119.87	1949.38
-31646.0	7808.0	1118.74	1920.35
-31646.0	7808.0	1117.6	1886.92
-31646.0	7808.0	1116.47	1862.32
-31646.0	7808.0	1115.34	1952.46
-31646.0	7808.0	1114.2	1861.69
-31646.0	7808.0	1113.07	1947.38
-31646.0	7808.0	1111.94	1973.5
-31646.0	7808.0	1110.8	1926.87
-31646.0	7808.0	1109.67	2032.34
-31646.0	7808.0	1108.54	1963.67
-31646.0	7808.0	1107.4	1939.09
-31646.0	7808.0	1106.27	2004.85
-31646.0	7808.0	1105.13	1914.2
-31646.0	7808.0	1104.0	1940.3
-31646.0	7808.0	1102.86	1891.52
-31646.0	7808.0	1101.72	1895.59
-31646.0	7808.0	1100.59	1882.06
-31646.0	7808.0	1099.45	1914.75
-31646.0	7808.0	1098.32	1932.02
-31646.0	7808.0	1097.18	1991.09
-31646.0	7808.0	1096.04	2030.34
-31646.0	7808.0	1094.91	1867.24
-31646.0	7808.0	1093.77	1961.47
-31646.0	7808.0	1092.63	1985.32
-31646.0	7808.0	1091.5	2002.56
-31646.0	7808.0	1090.36	2002.21
-31646.0	7808.0	1089.22	1843.65
-31646.0	7808.0	1088.08	1816.97
-31646.0	7808.0	1086.95	1944.06
-31646.0	7808.0	1085.81	1853.67
-31646.0	7808.0	1084.67	1949.97
-31646.0	7808.0	1083.53	1945.24
-31646.0	7808.0	1082.39	1901.0
-31646.0	7808.0	1081.25	1951.15
-31646.0	7808.0	1080.11	1963.98
-31646.0	7808.0	1078.97	1985.58
-31646.0	7808.0	1077.83	1886.52
-31646.0	7808.0	1076.69	1962.96
-31646.0	7808.0	1075.55	1883.67
-31646.0	7808.0	1074.41	1914.04
-31646.0	7808.0	1073.27	1850.13
-31646.0	7808.0	1072.13	1843.24
-31646.0	7808.0	1070.99	1897.7
-31646.0	7808.0	1069.85	1875.46
-31646.0	7808.0	1068.71	1921.13
-31646.0	7808.0	1067.57	1912.04
-31646.0	7808.0	1066.43	1835.06
-31646.0	7808.0	1065.28	1913.56
-31646.0	7808.0	1064.14	1941.68
-31646.0	7808.0	1063.0	1877.87
-31646.0	7808.0	1061.86	1881.92
-31646.0	7808.0	1060.71	2006.3
-31646.0	7808.0	1059.57	2001.58
-31646.0	7808.0	1058.43	1942.17
-31646.0	7808.0	1057.29	1933.09
-31646.0	7808.0	1056.14	1919.63
-31646.0	7808.0	1055.0	1941.15
-31646.0	7808.0	1053.85	1921.14
-31646.0	7808.0	1052.71	1955.77
-31646.0	7808.0	1051.57	1887.69
-31646.0	7808.0	1050.42	1920.13
-31646.0	7808.0	1049.28	1915.42
-31646.0	7808.0	1048.13	1934.74
-31646.0	7808.0	1046.99	1999.9
-31646.0	7808.0	1045.84	1890.4
-31646.0	7808.0	1044.7	1953.36
-31646.0	7808.0	1043.55	2092.68
-31646.0	7808.0	1042.4	1948.31
-31646.0	7808.0	1041.26	1963.24
-31646.0	7808.0	1040.11	1995.61
-31646.0	7808.0	1038.97	1923.3
-31646.0	7808.0	1037.82	2018.89
-31646.0	7808.0	1036.67	1944.42
-31646.0	7808.0	1035.53	1994.2
-31646.0	7808.0	1034.38	1950.27
-31646.0	7808.0	1033.23	2056.68
-31646.0	7808.0	1032.08	2038.89
-31646.0	7808.0	1030.94	2060.31
-31646.0	7808.0	1029.79	2042.52
-31646.0	7808.0	1028.64	1979.02
-31646.0	7808.0	1027.49	2009.15
-31646.0	7808.0	1026.34	2047.97
-31646.0	7808.0	1025.19	2051.95
-31646.0	7808.0	1024.04	2058.12
-31646.0	7808.0	1022.89	2005.55
-31646.0	7808.0	1021.74	2111.76
-31646.0	7808.0	1020.59	2126.6
-31646.0	7808.0	1019.45	2067.53
-31646.0	7808.0	1018.29	2106.29
-31646.0	7808.0	1017.14	2129.82
-31646.0	7808.0	1015.99	2153.34
-31646.0	7808.0	1014.84	2107.34
-31646.0	7808.0	1013.69	2100.44
-31646.0	7808.0	1012.54	2130.47
-31646.0	7808.0	1011.39	2110.55
-31646.0	7808.0	1010.24	2136.23
-31646.0	7808.0	1009.09	2209.65
-31646.0	7808.0	1007.93	2228.79
-31646.0	7808.0	1006.78	2252.26
-31646.0	7808.0	1005.63	2236.67
-31646.0	7808.0	1004.48	2188.55
-31646.0	7808.0	1003.32	2238.04
-31646.0	7808.0	1002.17	2246.31
-31646.0	7808.0	1001.02	2313.11
-31646.0	7808.0	999.865	2267.18
-31646.0	7808.0	998.711	2292.78
-31646.0	7808.0	997.558	2266.37
-31646.0	7808.0	996.403	2263.8
-31646.0	7808.0	995.249	2298.05
-31646.0	7808.0	994.095	2399.42
-31646.0	7808.0	992.94	2420.64
-31646.0	7808.0	991.785	2387.73
-31646.0	7808.0	990.63	2382.98
-31646.0	7808.0	989.475	2497.24
-31646.0	7808.0	988.319	2503.28
-31646.0	7808.0	987.164	2427.12
-31646.0	7808.0	986.008	2569.43
-31646.0	7808.0	984.852	2532.21
-31646.0	7808.0	983.695	2624.72
-31646.0	7808.0	982.539	2596.15
-31646.0	7808.0	981.382	2667.0
-31646.0	7808.0	980.225	2714.06
-31646.0	7808.0	979.068	2624.99
-31646.0	7808.0	977.911	2600.76
-31646.0	7808.0	976.753	2697.47
-31646.0	7808.0	975.595	2586.86
-31646.0	7808.0	974.437	2659.8
-31646.0	7808.0	973.279	2696.02
-31646.0	7808.0	972.121	2613.52
-31646.0	7808.0	970.962	2712.3
-31646.0	7808.0	969.803	2683.77
-31646.0	7808.0	968.644	2603.47
-31646.0	7808.0	967.485	2641.82
-31646.0	7808.0	966.326	2693.09
-31646.0	7808.0	965.166	2630.09
-31646.0	7808.0	964.006	2657.63
-31646.0	7808.0	962.846	2708.87
-31646.0	7808.0	961.686	2693.3
-31646.0	7808.0	960.525	2729.43
-31646.0	7808.0	959.365	2675.09
-31646.0	7808.0	958.204	2808.12
-31646.0	7808.0	957.043	2829.14
-31646.0	7808.0	955.881	2723.14
-31646.0	7808.0	954.72	2726.95
-31646.0	7808.0	953.558	2803.93
-31646.0	7808.0	952.396	2760.39
-31646.0	7808.0	951.234	2742.68
-31646.0	7808.0	950.071	2712.07
-31646.0	7808.0	948.909	2715.87
-31646.0	7808.0	947.746	2831.48
-31646.0	7808.0	946.583	2749.28
-31646.0	7808.0	945.42	2753.07
-31646.0	7808.0	944.256	2789.1
-31646.0	7808.0	943.092	2683.32
-31646.0	7808.0	941.929	2723.64
-31646.0	7808.0	940.765	2770.39
-31646.0	7808.0	939.6	2604.55
-31646.0	7808.0	938.436	2651.31
-31646.0	7808.0	937.271	2622.92
-31646.0	7808.0	936.106	2568.79
-31646.0	7808.0	934.941	2613.38
-31646.0	7808.0	933.775	2582.87
-31646.0	7808.0	932.61	2554.51
-31646.0	7808.0	931.444	2433.95
-31646.0	7808.0	930.278	2386.34
-31646.0	7808.0	929.112	2381.61
-31646.0	7808.0	927.945	2421.9
-31646.0	7808.0	926.779	2382.88
-31646.0	7808.0	925.612	2328.88
-31646.0	7808.0	924.445	2379.87
-31646.0	7808.0	923.278	2355.87
-31646.0	7808.0	922.11	2293.34
-31646.0	7808.0	920.942	2277.93
-31646.0	7808.0	919.774	2322.46
-31646.0	7808.0	918.606	2292.08
-31646.0	7808.0	917.438	2212.48
-31646.0	7808.0	916.269	2227.05
-31646.0	7808.0	915.1	2149.64
-31646.0	7808.0	913.931	2288.25
-31646.0	7808.0	912.762	2161.68
-31646.0	7808.0	911.593	2129.21
-31646.0	7808.0	910.423	2186.53
-31646.0	7808.0	909.253	2169.03
-31646.0	7808.0	908.083	2153.67
-31646.0	7808.0	906.913	2181.04
-31646.0	7808.0	905.742	2142.2
-31646.0	7808.0	904.572	2116.18
-31646.0	7808.0	903.401	2102.98
-31646.0	7808.0	902.229	2145.28
-31646.0	7808.0	901.058	2144.88
-31646.0	7808.0	899.886	2089.01
-31646.0	7808.0	898.715	2077.95
-31646.0	7808.0	897.543	2075.43
-31646.0	7808.0	896.37	2109.17
-31646.0	7808.0	895.198	2145.03
-31646.0	7808.0	894.025	2097.73
-31646.0	7808.0	892.852	2129.31
-31646.0	7808.0	891.679	2124.65
-31646.0	7808.0	890.506	2075.26
-31646.0	7808.0	889.332	2025.87
-31646.0	7808.0	888.158	2055.32
-31646.0	7808.0	886.984	2084.75
-31646.0	7808.0	885.81	1994.94
-31646.0	7808.0	884.636	2020.11
-31646.0	7808.0	883.461	2109.12
-31646.0	7808.0	882.286	1981.06
-31646.0	7808.0	881.111	2029.62
-31646.0	7808.0	879.936	2050.51
-31646.0	7808.0	878.76	2060.76
-31646.0	7808.0	877.584	2079.52
-31646.0	7808.0	876.408	2070.62
-31646.0	7808.0	875.232	2044.73
-31646.0	7808.0	874.056	2103.85
-31646.0	7808.0	872.879	2088.59
-31646.0	7808.0	871.702	1969.24
-31646.0	7808.0	870.525	2085.68
-31646.0	7808.0	869.348	2049.19
-31646.0	7808.0	868.17	1974.5
-31646.0	7808.0	866.993	2008.09
-31646.0	7808.0	865.815	1948.29
-31646.0	7808.0	864.637	2047.66
-31646.0	7808.0	863.458	2066.37
-31646.0	7808.0	862.28	1979.02
-31646.0	7808.0	861.101	1887.45
-31646.0	7808.0	859.922	1997.36
-31646.0	7808.0	858.742	1977.9
-31646.0	7808.0	857.563	1998.73
-31646.0	7808.0	856.383	1964.44
-31646.0	7808.0	855.203	1989.5
-31646.0	7808.0	854.023	1974.3
-31646.0	7808.0	852.843	2007.81
-31646.0	7808.0	851.662	1967.2
-31646.0	7808.0	850.481	1994.36
-31646.0	7808.0	849.3	1974.93
-31646.0	7808.0	848.119	2006.3
-31646.0	7808.0	846.937	1999.58
-31646.0	7808.0	845.756	2056.32
-31646.0	7808.0	844.574	2051.7
-31646.0	7808.0	843.392	1985.76
-31646.0	7808.0	842.209	1974.81
-31646.0	7808.0	841.027	1959.64
-31646.0	7808.0	839.844	1971.95
-31646.0	7808.0	838.661	2026.52
-31646.0	7808.0	837.477	1973.32
-31646.0	7808.0	836.294	2006.74
-31646.0	7808.0	835.11	2010.59
-31646.0	7808.0	833.926	2014.43
-31646.0	7808.0	832.742	2020.38
-31646.0	7808.0	831.558	1952.46
-31646.0	7808.0	830.373	1964.75
-31646.0	7808.0	829.188	1955.94
-31646.0	7808.0	828.003	1959.79
-31646.0	7808.0	826.818	1923.56
-31646.0	7808.0	825.632	1986.46
-31646.0	7808.0	824.446	1996.62
-31646.0	7808.0	823.26	1964.62
-31646.0	7808.0	822.074	1981.11
-31646.0	7808.0	820.888	1982.84
-31646.0	7808.0	819.701	2020.39
-31646.0	7808.0	818.514	1977.88
-31646.0	7808.0	817.327	1973.29
-31646.0	7808.0	816.14	1916.06
-31646.0	7808.0	814.952	2008.32
-31646.0	7808.0	813.765	1967.95
-31646.0	7808.0	812.577	1896.03
-31646.0	7808.0	811.388	1916.71
-31646.0	7808.0	810.2	1924.76
-31646.0	7808.0	809.011	1987.48
-31646.0	7808.0	807.822	2003.93
-31646.0	7808.0	806.633	1854.28
-31646.0	7808.0	805.444	1969.53
-31646.0	7808.0	804.254	1914.51
-31646.0	7808.0	803.064	1956.17
-31646.0	7808.0	801.874	1960.0
-31646.0	7808.0	800.684	1896.61
-31646.0	7808.0	799.493	1866.85
-31646.0	7808.0	798.303	1996.67
-31646.0	7808.0	797.112	1994.19
-31646.0	7808.0	795.921	1968.62
-31646.0	7808.0	794.729	1972.44
-31646.0	7808.0	793.538	1928.0
-31646.0	7808.0	792.346	1883.59
-31646.0	7808.0	791.154	1937.75
-31646.0	7808.0	789.961	1943.67
-31646.0	7808.0	788.769	1943.3
-31646.0	7808.0	787.576	1928.25
-31646.0	7808.0	786.383	1915.31
-31646.0	7808.0	785.19	1845.8
-31646.0	7808.0	783.996	1992.08
-31646.0	7808.0	782.802	1937.24
-31646.0	7808.0	781.608	1880.33
-31646.0	7808.0	780.414	1955.34
-31646.0	7808.0	779.22	1965.43
-31646.0	7808.0	778.025	1935.75
-31646.0	7808.0	776.83	1966.76
-31646.0	7808.0	775.635	1918.27
-31646.0	7808.0	774.44	1886.53
-31646.0	7808.0	773.244	1898.71
-31646.0	7808.0	772.049	1898.35
-31646.0	7808.0	770.853	1897.98
-31646.0	7808.0	769.656	1849.55
-31646.0	7808.0	768.46	1880.53
-31646.0	7808.0	767.263	1921.95
-31646.0	7808.0	766.066	1906.96
-31646.0	7808.0	764.869	1904.5
-31646.0	7808.0	763.672	1858.2
-31646.0	7808.0	762.474	1907.94
-31646.0	7808.0	761.276	1899.22
-31646.0	7808.0	760.078	1838.34
-31646.0	7808.0	758.88	1973.59
-31646.0	7808.0	757.681	1925.24
-31646.0	7808.0	756.483	1933.2
-31646.0	7808.0	755.284	1866.11
-31646.0	7808.0	754.084	1855.32
-31646.0	7808.0	752.885	1784.1
-31646.0	7808.0	751.685	1933.79
-31646.0	7808.0	750.485	1831.33
-31646.0	7808.0	749.285	1843.47
-31646.0	7808.0	748.085	1841.03
-31646.0	7808.0	746.884	1857.33
-31646.0	7808.0	745.683	1890.28
-31646.0	7808.0	744.482	1912.8
-31646.0	7808.0	743.281	1816.71
-31646.0	7808.0	742.079	1903.74
-31646.0	7808.0	740.877	1915.85
-31646.0	7808.0	739.675	1842.68
-31646.0	7808.0	738.473	1894.31
-31646.0	7808.0	737.27	1846.12
-31646.0	7808.0	736.068	1745.99
-31646.0	7808.0	734.865	1832.94
-31646.0	7808.0	733.661	1768.17
-31646.0	7808.0	732.458	1909.08
-31646.0	7808.0	731.254	1894.17
-31646.0	7808.0	730.05	1912.49
-31646.0	7808.0	728.846	1876.82
-31646.0	7808.0	727.642	1857.77
-31646.0	7808.0	726.437	1776.47
-31646.0	7808.0	725.232	1890.25
-31646.0	7808.0	724.027	1867.06
-31646.0	7808.0	722.822	1831.43
-31646.0	7808.0	721.616	1824.85
-31646.0	7808.0	720.41	1894.99
-31646.0	7808.0	719.204	1859.38
-31646.0	7808.0	717.998	1827.93
-31646.0	7808.0	716.791	1927.03
-31646.0	7808.0	715.585	1941.15
-31646.0	7808.0	714.378	2096.11
-31646.0	7808.0	713.17	1911.4
-31646.0	7808.0	711.963	1853.05
-31646.0	7808.0	710.755	1813.36
-31646.0	7808.0	709.547	1841.97
-31646.0	7808.0	708.339	1926.45
-31646.0	7808.0	707.131	1886.76
-31646.0	7808.0	705.922	1871.91
-31646.0	7808.0	704.713	1881.89
-31646.0	7808.0	703.504	1920.8
-31646.0	7808.0	702.295	1912.15
-31646.0	7808.0	701.085	1847.71
-31646.0	7808.0	699.875	1832.88
-31646.0	7808.0	698.665	1859.38
-31646.0	7808.0	697.455	1894.12
-31646.0	7808.0	696.244	1885.49
-31646.0	7808.0	695.034	1930.54
-31646.0	7808.0	693.822	1911.58
-31646.0	7808.0	692.611	1929.78
-31646.0	7808.0	691.4	1917.02
-31646.0	7808.0	690.188	1916.64
-31646.0	7808.0	688.976	1885.32
-31646.0	7808.0	687.764	1839.58
-31646.0	7808.0	686.551	1934.06
-31646.0	7808.0	685.339	1989.34
-31646.0	7808.0	684.126	1966.27
-31646.0	7808.0	682.912	1889.64
-31646.0	7808.0	681.699	1907.81
-31646.0	7808.0	680.485	1930.09
-31646.0	7808.0	679.271	1935.89
-31646.0	7808.0	678.057	2001.39
-31646.0	7808.0	676.843	1984.53
-31646.0	7808.0	675.628	1924.44
-31646.0	7808.0	674.413	1948.76
-31646.0	7808.0	673.198	2008.04
-31646.0	7808.0	671.983	1972.67
-31646.0	7808.0	670.767	1933.2
-31646.0	7808.0	669.551	1920.48
-31646.0	7808.0	668.335	1971.49
-31646.0	7808.0	667.119	1987.54
-31646.0	7808.0	665.902	1962.49
-31646.0	7808.0	664.686	1982.65
-31646.0	7808.0	663.469	2056.2
-31646.0	7808.0	662.251	1899.71
-31646.0	7808.0	661.034	2012.26
-31646.0	7808.0	659.816	1958.49
-31646.0	7808.0	658.598	1968.36
-31646.0	7808.0	657.38	2021.32
-31646.0	7808.0	656.161	2002.45
-31646.0	7808.0	654.942	1924.11
-31646.0	7808.0	653.723	1985.25
-31646.0	7808.0	652.504	1964.35
-31646.0	7808.0	651.285	1994.71
-31646.0	7808.0	650.065	2000.46
-31646.0	7808.0	648.845	2002.11
-31646.0	7808.0	647.625	1956.63
-31646.0	7808.0	646.404	2052.52
-31646.0	7808.0	645.184	2078.73
-31646.0	7808.0	643.963	2094.7
-31646.0	7808.0	642.742	2024.67
-31646.0	7808.0	641.52	1999.71
-31646.0	7808.0	640.298	2027.96
-31646.0	7808.0	639.076	2025.51
-31646.0	7808.0	637.854	2059.87
-31646.0	7808.0	636.632	2077.87
-31646.0	7808.0	635.409	2020.2
-31646.0	7808.0	634.186	2027.97
-31646.0	7808.0	632.963	1998.95
-31646.0	7808.0	631.74	2072.12
-31646.0	7808.0	630.516	2020.62
-31646.0	7808.0	629.292	2007.96
-31646.0	7808.0	628.068	2070.87
-31646.0	7808.0	626.844	2037.78
-31646.0	7808.0	625.619	2033.29
-31646.0	7808.0	624.394	2075.75
-31646.0	7808.0	623.169	2061.04
-31646.0	7808.0	621.944	2107.55
-31646.0	7808.0	620.718	2084.69
-31646.0	7808.0	619.492	2082.23
-31646.0	7808.0	618.266	2155.22
-31646.0	7808.0	617.04	2054.89
-31646.0	7808.0	615.813	2040.21
-31646.0	7808.0	614.587	2076.48
-31646.0	7808.0	613.36	1992.53
-31646.0	7808.0	612.132	2057.31
-31646.0	7808.0	610.905	2005.99
-31646.0	7808.0	609.677	2054.45
-31646.0	7808.0	608.449	2070.32
-31646.0	7808.0	607.22	2124.86
-31646.0	7808.0	605.992	2065.41
-31646.0	7808.0	604.763	1969.38
-31646.0	7808.0	603.534	2042.21
-31646.0	7808.0	602.305	2031.63
-31646.0	7808.0	601.075	2061.71
-31646.0	7808.0	599.845	1994.21
-31646.0	7808.0	598.615	2075.11
-31646.0	7808.0	597.385	2032.02
-31646.0	7808.0	596.154	2051.92
-31646.0	7808.0	594.924	2006.82
-31646.0	7808.0	593.693	2030.78
-31646.0	7808.0	592.461	2022.25
-31646.0	7808.0	591.23	1991.39
-31646.0	7808.0	589.998	2009.25
-31646.0	7808.0	588.766	1984.5
-31646.0	7808.0	587.534	2006.41
-31646.0	7808.0	586.301	1989.78
-31646.0	7808.0	585.068	2040.07
-31646.0	7808.0	583.835	2017.36
-31646.0	7808.0	582.602	1992.62
-31646.0	7808.0	581.368	1965.87
-31646.0	7808.0	580.134	2062.73
-31646.0	7808.0	578.9	2033.95
-31646.0	7808.0	577.666	2055.82
-31646.0	7808.0	576.432	1996.67
-31646.0	7808.0	575.197	2020.56
-31646.0	7808.0	573.962	2008.01
-31646.0	7808.0	572.726	1910.46
-31646.0	7808.0	571.491	2055.75
-31646.0	7808.0	570.255	1994.64
-31646.0	7808.0	569.019	2024.58
-31646.0	7808.0	567.783	2018.1
-31646.0	7808.0	566.546	2118.77
-31646.0	7808.0	565.309	2055.68
-31646.0	7808.0	564.072	2063.35
-31646.0	7808.0	562.835	2060.9
-31646.0	7808.0	561.597	2036.24
-31646.0	7808.0	560.359	2112.58
-31646.0	7808.0	559.121	2083.88
-31646.0	7808.0	557.883	2158.15
-31646.0	7808.0	556.644	2173.85
-31646.0	7808.0	555.406	2143.14
-31646.0	7808.0	554.167	2118.49
-31646.0	7808.0	552.927	2176.56
-31646.0	7808.0	551.688	2258.8
-31646.0	7808.0	550.448	2258.34
-31646.0	7808.0	549.208	2294.16
-31646.0	7808.0	547.967	2313.85
-31646.0	7808.0	546.727	2371.82
-31646.0	7808.0	545.486	2367.3
-31646.0	7808.0	544.245	2395.02
-31646.0	7808.0	543.003	2497.24
-31646.0	7808.0	541.762	2547.06
-31646.0	7808.0	540.52	2598.88
-31646.0	7808.0	539.278	2640.61
-31646.0	7808.0	538.035	2730.62
-31646.0	7808.0	536.793	2878.94
-31646.0	7808.0	535.55	3087.54
-31646.0	7808.0	534.307	3229.69
-31646.0	7808.0	533.063	3331.56
-31646.0	7808.0	531.82	3612.31
-31646.0	7808.0	530.576	3929.11
-31646.0	7808.0	529.331	4464.8
-31646.0	7808.0	528.087	5056.53
-31646.0	7808.0	526.842	6160.18
-31646.0	7808.0	525.597	8239.33
-31646.0	7808.0	524.352	11379.7
-31646.0	7808.0	523.107	16620.4
-31646.0	7808.0	521.861	22818.3
-31646.0	7808.0	520.615	25349.8
-31646.0	7808.0	519.369	22010.5
-31646.0	7808.0	518.122	17798.1
-31646.0	7808.0	516.876	14325.4
-31646.0	7808.0	515.629	11854.5
-31646.0	7808.0	514.381	9945.87
-31646.0	7808.0	513.134	8791.53
-31646.0	7808.0	511.886	8044.38
-31646.0	7808.0	510.638	7317.58
-31646.0	7808.0	509.39	6941.55
-31646.0	7808.0	508.141	6533.64
-31646.0	7808.0	506.892	6372.14
-31646.0	7808.0	505.643	6102.62
-31646.0	7808.0	504.394	6127.38
-31646.0	7808.0	503.145	5976.06
-31646.0	7808.0	501.895	5918.82
-31646.0	7808.0	500.645	5853.6
-31646.0	7808.0	499.394	5728.43
-31646.0	7808.0	498.144	5801.21
-31646.0	7808.0	496.893	5766.03
-31646.0	7808.0	495.642	5700.9
-31646.0	7808.0	494.39	5685.73
-31646.0	7808.0	493.139	5542.74
-31646.0	7808.0	491.887	5453.73
-31646.0	7808.0	490.635	5446.61
-31646.0	7808.0	489.382	5451.47
-31646.0	7808.0	488.13	5370.51
-31646.0	7808.0	486.877	5399.33
-31646.0	7808.0	485.623	5244.6
-31646.0	7808.0	484.37	5209.61
-31646.0	7808.0	483.116	5278.32
-31646.0	7808.0	481.862	5097.8
-31646.0	7808.0	480.608	5186.44
-31646.0	7808.0	479.354	5099.67
-31646.0	7808.0	478.099	5116.54
-31646.0	7808.0	476.844	5031.82
-31646.0	7808.0	475.588	4913.27
-31646.0	7808.0	474.333	5017.78
-31646.0	7808.0	473.077	4863.45
-31646.0	7808.0	471.821	4920.16
-31646.0	7808.0	470.565	4921.13
-31646.0	7808.0	469.308	4808.69
-31646.0	7808.0	468.051	4750.01
-31646.0	7808.0	466.794	4653.56
-31646.0	7808.0	465.537	4688.38
-31646.0	7808.0	464.279	4599.94
-31646.0	7808.0	463.021	4447.94
-31646.0	7808.0	461.763	4514.57
-31646.0	7808.0	460.505	4489.79
-31646.0	7808.0	459.246	4371.67
-31646.0	7808.0	457.987	4257.57
-31646.0	7808.0	456.728	4306.32
-31646.0	7808.0	455.469	4247.86
-31646.0	7808.0	454.209	4133.85
-31646.0	7808.0	452.949	4136.96
-31646.0	7808.0	451.689	4106.34
-31646.0	7808.0	450.428	4034.08
-31646.0	7808.0	449.167	3872.63
-31646.0	7808.0	447.906	3871.82
-31646.0	7808.0	446.645	3835.33
-31646.0	7808.0	445.383	3846.42
-31646.0	7808.0	444.122	3714.86
-31646.0	7808.0	442.86	3761.62
-31646.0	7808.0	441.597	3737.07
-31646.0	7808.0	440.335	3672.93
-31646.0	7808.0	439.072	3650.38
-31646.0	7808.0	437.809	3629.83
-31646.0	7808.0	436.545	3587.52
-31646.0	7808.0	435.281	3594.68
-31646.0	7808.0	434.018	3516.79
-31646.0	7808.0	432.753	3421.13
-31646.0	7808.0	431.489	3463.91
-31646.0	7808.0	430.224	3376.21
-31646.0	7808.0	428.959	3422.94
-31646.0	7808.0	427.694	3333.3
-31646.0	7808.0	426.428	3306.93
-31646.0	7808.0	425.163	3187.73
-31646.0	7808.0	423.896	3254.2
-31646.0	7808.0	422.63	3210.08
-31646.0	7808.0	421.364	3300.21
-31646.0	7808.0	420.097	3289.65
-31646.0	7808.0	418.83	3192.28
-31646.0	7808.0	417.562	3085.09
-31646.0	7808.0	416.295	3200.8
-31646.0	7808.0	415.027	3152.81
-31646.0	7808.0	413.758	3163.98
-31646.0	7808.0	412.49	3151.49
-31646.0	7808.0	411.221	3109.45
-31646.0	7808.0	409.952	3055.6
-31646.0	7808.0	408.683	3094.35
-31646.0	7808.0	407.414	3058.25
-31646.0	7808.0	406.144	3089.11
-31646.0	7808.0	404.874	3100.28
-31646.0	7808.0	403.603	3054.36
-31646.0	7808.0	402.333	3140.29
-31646.0	7808.0	401.062	3053.07
-31646.0	7808.0	399.791	3129.14
-31646.0	7808.0	398.519	3122.58
-31646.0	7808.0	397.248	3100.3
-31646.0	7808.0	395.976	3022.99
-31646.0	7808.0	394.704	2979.12
-31646.0	7808.0	393.431	3015.82
-31646.0	7808.0	392.159	3001.44
-31646.0	7808.0	390.886	3014.55
-31646.0	7808.0	389.612	3043.37
-31646.0	7808.0	388.339	3036.84
-31646.0	7808.0	387.065	3020.5
-31646.0	7808.0	385.791	3094.42
-31646.0	7808.0	384.517	3007.45
-31646.0	7808.0	383.242	2969.55
-31646.0	7808.0	381.967	3019.91
-31646.0	7808.0	380.692	2983.98
-31646.0	7808.0	379.417	3008.84
-31646.0	7808.0	378.141	3057.19
-31646.0	7808.0	376.865	3066.35
-31646.0	7808.0	375.589	2991.26
-31646.0	7808.0	374.312	3055.26
-31646.0	7808.0	373.035	2941.04
-31646.0	7808.0	371.758	2901.27
-31646.0	7808.0	370.481	2953.5
-31646.0	7808.0	369.204	2966.58
-31646.0	7808.0	367.926	3012.9
-31646.0	7808.0	366.648	2963.37
-31646.0	7808.0	365.369	2962.74
-31646.0	7808.0	364.091	3026.63
-31646.0	7808.0	362.812	2965.4
-31646.0	7808.0	361.532	3019.49
-31646.0	7808.0	360.253	2854.72
-31646.0	7808.0	358.973	2918.58
-31646.0	7808.0	357.693	2906.25
-31646.0	7808.0	356.413	2925.16
-31646.0	7808.0	355.132	2947.97
-31646.0	7808.0	353.852	2894.64
-31646.0	7808.0	352.571	2927.2
-31646.0	7808.0	351.289	2924.63
-31646.0	7808.0	350.008	2966.93
-31646.0	7808.0	348.726	2954.6
-31646.0	7808.0	347.444	3002.72
-31646.0	7808.0	346.161	2957.24
-31646.0	7808.0	344.878	2974.16
-31646.0	7808.0	343.595	2963.78
-31646.0	7808.0	342.312	3004.07
-31646.0	7808.0	341.029	2935.26
-31646.0	7808.0	339.745	2996.95
-31646.0	7808.0	338.461	2998.26
-31646.0	7808.0	337.176	3081.32
-31646.0	7808.0	335.892	3006.72
-31646.0	7808.0	334.607	2980.79
-31646.0	7808.0	333.322	2935.41
-31646.0	7808.0	332.036	3057.31
-31646.0	7808.0	330.75	3054.72
-31646.0	7808.0	329.464	3038.52
-31646.0	7808.0	328.178	3096.18
-31646.0	7808.0	326.892	3072.2
-31646.0	7808.0	325.605	3052.12
-31646.0	7808.0	324.318	3026.22
-31646.0	7808.0	323.03	3097.43
-31646.0	7808.0	321.743	3110.37
-31646.0	7808.0	320.455	3228.11
-31646.0	7808.0	319.167	3103.22
-31646.0	7808.0	317.878	3160.77
-31646.0	7808.0	316.59	3136.82
-31646.0	7808.0	315.301	3157.48
-31646.0	7808.0	314.011	3156.81
-31646.0	7808.0	312.722	3165.83
-31646.0	7808.0	311.432	3108.95
-31646.0	7808.0	310.142	3127.67
-31646.0	7808.0	308.851	3192.87
-31646.0	7808.0	307.561	3289.04
-31646.0	7808.0	306.27	3317.39
-31646.0	7808.0	304.979	3299.26
-31646.0	7808.0	303.687	3379.86
-31646.0	7808.0	302.395	3326.88
-31646.0	7808.0	301.103	3326.17
-31646.0	7808.0	299.811	3290.64
-31646.0	7808.0	298.519	3200.97
-31646.0	7808.0	297.226	3223.49
-31646.0	7808.0	295.933	3106.81
-31646.0	7808.0	294.639	3173.8
-31646.0	7808.0	293.345	3146.06
-31646.0	7808.0	292.052	3180.17
-31646.0	7808.0	290.757	3082.91
-31646.0	7808.0	289.463	3084.18
-31646.0	7808.0	288.168	3124.07
-31646.0	7808.0	286.873	3146.57
-31646.0	7808.0	285.578	3101.51
-31646.0	7808.0	284.282	3125.93
-31646.0	7808.0	282.986	3084.75
-31646.0	7808.0	281.69	2999.22
-31646.0	7808.0	280.393	3010.15
-31646.0	7808.0	279.097	3024.93
-31646.0	7808.0	277.8	2929.84
-31646.0	7808.0	276.502	3046.77
-31646.0	7808.0	275.205	2928.59
-31646.0	7808.0	273.907	2979.97
-31646.0	7808.0	272.609	2840.67
-31646.0	7808.0	271.311	2878.57
-31646.0	7808.0	270.012	2874.11
-31646.0	7808.0	268.713	2838.85
-31646.0	7808.0	267.414	2836.32
-31646.0	7808.0	266.114	2791.46
-31646.0	7808.0	264.814	2781.25
-31646.0	7808.0	263.514	2736.42
-31646.0	7808.0	262.214	2733.91
-31646.0	7808.0	260.913	2779.46
-31646.0	7808.0	259.613	2763.49
-31646.0	7808.0	258.311	2712.94
-31646.0	7808.0	257.01	2648.97
-31646.0	7808.0	255.708	2682.97
-31646.0	7808.0	254.406	2670.88
-31646.0	7808.0	253.104	2631.91
-31646.0	7808.0	251.801	2711.96
-31646.0	7808.0	250.499	2669.16
-31646.0	7808.0	249.195	2641.73
-31646.0	7808.0	247.892	2616.23
-31646.0	7808.0	246.588	2594.58
-31646.0	7808.0	245.284	2542.25
-31646.0	7808.0	243.98	2532.13
-31646.0	7808.0	242.676	2489.42
-31646.0	7808.0	241.371	2559.78
-31646.0	7808.0	240.066	2609.04
-31646.0	7808.0	238.76	2552.94
-31646.0	7808.0	237.455	2523.67
-31646.0	7808.0	236.149	2567.16
-31646.0	7808.0	234.843	2495.79
-31646.0	7808.0	233.536	2412.97
-31646.0	7808.0	232.229	2446.89
-31646.0	7808.0	230.922	2427.24
-31646.0	7808.0	229.615	2451.58
-31646.0	7808.0	228.307	2477.82
-31646.0	7808.0	227.0	2433.32
-31646.0	7808.0	225.691	2499.68
-31646.0	7808.0	224.383	2338.65
-31646.0	7808.0	223.074	2349.61
-31646.0	7808.0	221.765	2383.48
-31646.0	7808.0	220.456	2327.6
-31646.0	7808.0	219.146	2361.46
-31646.0	7808.0	217.836	2410.58
-31646.0	7808.0	216.526	2373.8
-31646.0	7808.0	215.216	2430.53
-31646.0	7808.0	213.905	2353.71
-31646.0	7808.0	212.594	2385.62
-31646.0	7808.0	211.283	2392.73
-31646.0	7808.0	209.971	2401.75
-31646.0	7808.0	208.66	2426.01
-31646.0	7808.0	207.348	2450.26
-31646.0	7808.0	206.035	2487.83
-31646.0	7808.0	204.722	2620.61
-31646.0	7808.0	203.409	2545.79
-31646.0	7808.0	202.096	2596.64
-31646.0	7808.0	200.783	2677.92
-31646.0	7808.0	199.469	2717.3
-31646.0	7808.0	198.155	2741.45
-31646.0	7808.0	196.84	2737.06
-31646.0	7808.0	195.526	2848.67
-31646.0	7808.0	194.211	2863.26
-31646.0	7808.0	192.896	2889.26
-31646.0	7808.0	191.58	3097.68
-31646.0	7808.0	190.264	2992.51
-31646.0	7808.0	188.948	2931.08
-31646.0	7808.0	187.632	2900.07
-31646.0	7808.0	186.315	2958.3
-31646.0	7808.0	184.998	2923.5
-31646.0	7808.0	183.681	2996.89
-31646.0	7808.0	182.364	3020.91
-31646.0	7808.0	181.046	3031.64
-31646.0	7808.0	179.728	2996.85
-31646.0	7808.0	178.41	2954.48
-31646.0	7808.0	177.091	3050.54
-31646.0	7808.0	175.772	3074.52
-31646.0	7808.0	174.453	3060.59
-31646.0	7808.0	173.133	3120.56
-31646.0	7808.0	171.814	3125.57
-31646.0	7808.0	170.494	3069.98
-31646.0	7808.0	169.173	3131.8
-31646.0	7808.0	167.853	3027.01
-31646.0	7808.0	166.532	3139.91
-31646.0	7808.0	165.211	3122.21
-31646.0	7808.0	163.889	3187.75
-31646.0	7808.0	162.567	3183.28
-31646.0	7808.0	161.245	3095.61
-31646.0	7808.0	159.923	3119.52
-31646.0	7808.0	158.6	3217.13
-31646.0	7808.0	157.278	3220.22
-31646.0	7808.0	155.954	3162.84
-31646.0	7808.0	154.631	3307.61
-31646.0	7808.0	153.307	3227.58
-31646.0	7808.0	151.983	3225.0
-31646.0	7808.0	150.659	3250.73
-31646.0	7808.0	149.334	3221.72
-31646.0	7808.0	148.009	3275.74
-31646.0	7808.0	146.684	3284.47
-31646.0	7808.0	145.359	3221.52
-31646.0	7808.0	144.033	3120.88
-31646.0	7808.0	142.707	3172.99
-31646.0	7808.0	141.381	3172.31
-31646.0	7808.0	140.054	3230.05
-31646.0	7808.0	138.727	3133.26
-31646.0	7808.0	137.4	3209.81
-31646.0	7808.0	136.072	3211.0
-31646.0	7808.0	134.745	3187.72
-31646.0	7808.0	133.417	3237.86
-31646.0	7808.0	132.088	3182.58
-31646.0	7808.0	130.76	3247.75
-31646.0	7808.0	129.431	3198.13
-31646.0	7808.0	128.102	3163.59
-31646.0	7808.0	126.772	3215.56
-31646.0	7808.0	125.442	3107.7
-31646.0	7808.0	124.112	3105.15
-31646.0	7808.0	122.782	3061.26
-31646.0	7808.0	121.451	3045.57
-31646.0	7808.0	120.12	3003.58
-31646.0	7808.0	118.789	2965.37
-31646.0	7808.0	117.458	3002.29
-31646.0	7808.0	116.126	3054.2
-31646.0	7808.0	114.794	2935.3
-31646.0	7808.0	113.462	2990.96
-31646.0	7808.0	112.129	2905.89
-31646.0	7808.0	110.796	2858.38
-31646.0	7808.0	109.463	2777.13
-31646.0	7808.0	108.129	2712.79
-31646.0	7808.0	106.796	2652.22
-31646.0	7808.0	105.461	2589.81
-31646.0	7808.0	104.127	2501.19
-31646.0	7808.0	102.792	2392.01
-31646.0	7808.0	101.457	2376.51
-31646.0	7808.0	100.122	2198.12
-31646.0	7808.0	98.7867	2169.57
-31646.0	7808.0	97.4509	2131.67
-31646.0	7808.0	96.1148	2101.27
-31646.0	7808.0	94.7784	2025.99
-31646.0	7808.0	93.4418	1922.68
-31646.0	7808.0	92.1048	1905.44
-31646.0	7808.0	90.7676	1912.51
-31646.0	7808.0	89.43	1807.42
-31646.0	7808.0	88.0922	1732.28
-31646.0	7808.0	86.7541	1774.88
-31646.0	7808.0	85.4157	1767.03
