-31610.0	7822.0	1311.89	2014.7
-31610.0	7822.0	1310.78	2055.25
-31610.0	7822.0	1309.68	2082.17
-31610.0	7822.0	1308.58	2136.33
-31610.0	7822.0	1307.48	2115.56
-31610.0	7822.0	1306.38	2131.1
-31610.0	7822.0	1305.28	2078.57
-31610.0	7822.0	1304.18	2073.7
-31610.0	7822.0	1303.07	2073.37
-31610.0	7822.0	1301.97	2113.86
-31610.0	7822.0	1300.87	2099.92
-31610.0	7822.0	1299.77	2142.66
-31610.0	7822.0	1298.66	2130.98
-31610.0	7822.0	1297.56	2153.31
-31610.0	7822.0	1296.46	2039.65
-31610.0	7822.0	1295.35	2100.5
-31610.0	7822.0	1294.25	2063.91
-31610.0	7822.0	1293.15	2138.33
-31610.0	7822.0	1292.04	2101.75
-31610.0	7822.0	1290.94	2180.67
-31610.0	7822.0	1289.83	2089.76
-31610.0	7822.0	1288.73	2125.64
-31610.0	7822.0	1287.63	2057.4
-31610.0	7822.0	1286.52	2057.06
-31610.0	7822.0	1285.42	2058.99
-31610.0	7822.0	1284.31	2020.2
-31610.0	7822.0	1283.21	2058.33
-31610.0	7822.0	1282.1	2098.71
-31610.0	7822.0	1280.99	2035.05
-31610.0	7822.0	1279.89	2061.86
-31610.0	7822.0	1278.78	2052.48
-31610.0	7822.0	1277.68	2029.55
-31610.0	7822.0	1276.57	2074.41
-31610.0	7822.0	1275.46	2094.41
-31610.0	7822.0	1274.36	2080.52
-31610.0	7822.0	1273.25	2053.08
-31610.0	7822.0	1272.14	2154.37
-31610.0	7822.0	1271.04	2099.83
-31610.0	7822.0	1269.93	2018.22
-31610.0	7822.0	1268.82	2054.01
-31610.0	7822.0	1267.71	2078.5
-31610.0	7822.0	1266.61	2053.34
-31610.0	7822.0	1265.5	2025.93
-31610.0	7822.0	1264.39	2007.56
-31610.0	7822.0	1263.28	1948.6
-31610.0	7822.0	1262.17	2015.93
-31610.0	7822.0	1261.06	2069.71
-31610.0	7822.0	1259.95	1994.98
-31610.0	7822.0	1258.84	1956.34
-31610.0	7822.0	1257.74	2003.35
-31610.0	7822.0	1256.63	2052.59
-31610.0	7822.0	1255.52	2034.23
-31610.0	7822.0	1254.41	2045.17
-31610.0	7822.0	1253.3	2078.61
-31610.0	7822.0	1252.19	2026.49
-31610.0	7822.0	1251.08	2041.91
-31610.0	7822.0	1249.96	2082.1
-31610.0	7822.0	1248.85	2043.5
-31610.0	7822.0	1247.74	2029.66
-31610.0	7822.0	1246.63	2085.58
-31610.0	7822.0	1245.52	2011.0
-31610.0	7822.0	1244.41	2010.67
-31610.0	7822.0	1243.3	1981.11
-31610.0	7822.0	1242.18	2010.02
-31610.0	7822.0	1241.07	2068.13
-31610.0	7822.0	1239.96	2092.52
-31610.0	7822.0	1238.85	2029.25
-31610.0	7822.0	1237.74	1995.22
-31610.0	7822.0	1236.62	2026.34
-31610.0	7822.0	1235.51	2093.39
-31610.0	7822.0	1234.4	2023.43
-31610.0	7822.0	1233.28	1962.47
-31610.0	7822.0	1232.17	2027.26
-31610.0	7822.0	1231.06	2038.15
-31610.0	7822.0	1229.94	1997.41
-31610.0	7822.0	1228.83	2032.99
-31610.0	7822.0	1227.71	1972.08
-31610.0	7822.0	1226.6	1947.08
-31610.0	7822.0	1225.48	1955.73
-31610.0	7822.0	1224.37	2000.26
-31610.0	7822.0	1223.25	1973.02
-31610.0	7822.0	1222.14	2089.26
-31610.0	7822.0	1221.02	2113.57
-31610.0	7822.0	1219.91	2061.68
-31610.0	7822.0	1218.79	2014.29
-31610.0	7822.0	1217.68	2029.64
-31610.0	7822.0	1216.56	1977.79
-31610.0	7822.0	1215.44	2067.04
-31610.0	7822.0	1214.33	1945.79
-31610.0	7822.0	1213.21	2001.43
-31610.0	7822.0	1212.09	2045.87
-31610.0	7822.0	1210.98	1971.68
-31610.0	7822.0	1209.86	1995.96
-31610.0	7822.0	1208.74	1995.63
-31610.0	7822.0	1207.62	1997.54
-31610.0	7822.0	1206.51	1925.64
-31610.0	7822.0	1205.39	1972.28
-31610.0	7822.0	1204.27	1994.31
-31610.0	7822.0	1203.15	1998.45
-31610.0	7822.0	1202.03	2069.64
-31610.0	7822.0	1200.91	1966.5
-31610.0	7822.0	1199.8	1948.3
-31610.0	7822.0	1198.68	1876.49
-31610.0	7822.0	1197.56	1963.29
-31610.0	7822.0	1196.44	1967.43
-31610.0	7822.0	1195.32	1980.49
-31610.0	7822.0	1194.2	1973.47
-31610.0	7822.0	1193.08	1950.82
-31610.0	7822.0	1191.96	1930.41
-31610.0	7822.0	1190.84	2010.41
-31610.0	7822.0	1189.72	1976.61
-31610.0	7822.0	1188.6	1931.67
-31610.0	7822.0	1187.48	1973.72
-31610.0	7822.0	1186.35	1977.85
-31610.0	7822.0	1185.23	2051.09
-31610.0	7822.0	1184.11	1930.38
-31610.0	7822.0	1182.99	1934.52
-31610.0	7822.0	1181.87	1952.02
-31610.0	7822.0	1180.75	1949.46
-31610.0	7822.0	1179.62	1975.87
-31610.0	7822.0	1178.5	1937.67
-31610.0	7822.0	1177.38	1979.66
-31610.0	7822.0	1176.26	1981.55
-31610.0	7822.0	1175.13	1983.45
-31610.0	7822.0	1174.01	2020.95
-31610.0	7822.0	1172.89	1936.05
-31610.0	7822.0	1171.76	1924.6
-31610.0	7822.0	1170.64	1962.1
-31610.0	7822.0	1169.51	1986.23
-31610.0	7822.0	1168.39	2012.58
-31610.0	7822.0	1167.27	1998.9
-31610.0	7822.0	1166.14	1934.1
-31610.0	7822.0	1165.02	1971.56
-31610.0	7822.0	1163.89	1951.23
-31610.0	7822.0	1162.77	1977.56
-31610.0	7822.0	1161.64	1908.36
-31610.0	7822.0	1160.52	1919.14
-31610.0	7822.0	1159.39	1941.03
-31610.0	7822.0	1158.26	1920.71
-31610.0	7822.0	1157.14	1982.55
-31610.0	7822.0	1156.01	2008.86
-31610.0	7822.0	1154.88	1933.06
-31610.0	7822.0	1153.76	2021.49
-31610.0	7822.0	1152.63	1863.63
-31610.0	7822.0	1151.5	1912.11
-31610.0	7822.0	1150.38	1942.84
-31610.0	7822.0	1149.25	1982.42
-31610.0	7822.0	1148.12	2033.08
-31610.0	7822.0	1146.99	2010.57
-31610.0	7822.0	1145.87	1945.96
-31610.0	7822.0	1144.74	1965.57
-31610.0	7822.0	1143.61	1932.0
-31610.0	7822.0	1142.48	1909.52
-31610.0	7822.0	1141.35	1900.34
-31610.0	7822.0	1140.22	1931.02
-31610.0	7822.0	1139.09	1950.62
-31610.0	7822.0	1137.97	1901.58
-31610.0	7822.0	1136.84	1958.81
-31610.0	7822.0	1135.71	1965.11
-31610.0	7822.0	1134.58	1936.01
-31610.0	7822.0	1133.45	1860.47
-31610.0	7822.0	1132.32	1913.24
-31610.0	7822.0	1131.19	1910.7
-31610.0	7822.0	1130.05	1917.0
-31610.0	7822.0	1128.92	1965.31
-31610.0	7822.0	1127.79	1885.41
-31610.0	7822.0	1126.66	1931.49
-31610.0	7822.0	1125.53	1951.05
-31610.0	7822.0	1124.4	1904.32
-31610.0	7822.0	1123.27	1928.29
-31610.0	7822.0	1122.13	1972.13
-31610.0	7822.0	1121.0	2007.12
-31610.0	7822.0	1119.87	1891.98
-31610.0	7822.0	1118.74	1951.25
-31610.0	7822.0	1117.6	1933.26
-31610.0	7822.0	1116.47	1994.72
-31610.0	7822.0	1115.34	1884.07
-31610.0	7822.0	1114.2	1899.18
-31610.0	7822.0	1113.07	1892.24
-31610.0	7822.0	1111.94	1936.02
-31610.0	7822.0	1110.8	1893.8
-31610.0	7822.0	1109.67	1911.11
-31610.0	7822.0	1108.54	1866.7
-31610.0	7822.0	1107.4	1861.97
-31610.0	7822.0	1106.27	1912.32
-31610.0	7822.0	1105.13	1898.78
-31610.0	7822.0	1104.0	1887.44
-31610.0	7822.0	1102.86	1913.54
-31610.0	7822.0	1101.72	1902.2
-31610.0	7822.0	1100.59	1857.85
-31610.0	7822.0	1099.45	1941.16
-31610.0	7822.0	1098.32	1885.81
-31610.0	7822.0	1097.18	1936.09
-31610.0	7822.0	1096.04	1966.55
-31610.0	7822.0	1094.91	1889.23
-31610.0	7822.0	1093.77	1941.68
-31610.0	7822.0	1092.63	1956.74
-31610.0	7822.0	1091.5	1910.24
-31610.0	7822.0	1090.36	1984.63
-31610.0	7822.0	1089.22	1911.77
-31610.0	7822.0	1088.08	1887.27
-31610.0	7822.0	1086.95	1882.55
-31610.0	7822.0	1085.81	1853.67
-31610.0	7822.0	1084.67	1941.19
-31610.0	7822.0	1083.53	1993.55
-31610.0	7822.0	1082.39	1896.61
-31610.0	7822.0	1081.25	1867.75
-31610.0	7822.0	1080.11	1880.59
-31610.0	7822.0	1078.97	1954.86
-31610.0	7822.0	1077.83	1976.46
-31610.0	7822.0	1076.69	1989.28
-31610.0	7822.0	1075.55	1907.79
-31610.0	7822.0	1074.41	1883.34
-31610.0	7822.0	1073.27	1854.52
-31610.0	7822.0	1072.13	1917.76
-31610.0	7822.0	1070.99	1858.26
-31610.0	7822.0	1069.85	1914.9
-31610.0	7822.0	1068.71	1859.8
-31610.0	7822.0	1067.57	1896.71
-31610.0	7822.0	1066.43	1896.38
-31610.0	7822.0	1065.28	1896.04
-31610.0	7822.0	1064.14	1957.01
-31610.0	7822.0	1063.0	1893.19
-31610.0	7822.0	1061.86	1943.19
-31610.0	7822.0	1060.71	1966.92
-31610.0	7822.0	1059.57	1951.26
-31610.0	7822.0	1058.43	1926.86
-31610.0	7822.0	1057.29	1882.79
-31610.0	7822.0	1056.14	1943.68
-31610.0	7822.0	1055.0	1853.71
-31610.0	7822.0	1053.85	1921.14
-31610.0	7822.0	1052.71	1920.8
-31610.0	7822.0	1051.57	1981.64
-31610.0	7822.0	1050.42	1937.61
-31610.0	7822.0	1049.28	1959.11
-31610.0	7822.0	1048.13	1939.11
-31610.0	7822.0	1046.99	1982.43
-31610.0	7822.0	1045.84	1942.79
-31610.0	7822.0	1044.7	2014.47
-31610.0	7822.0	1043.55	1981.39
-31610.0	7822.0	1042.4	1902.49
-31610.0	7822.0	1041.26	1937.06
-31610.0	7822.0	1040.11	1954.17
-31610.0	7822.0	1038.97	2001.8
-31610.0	7822.0	1037.82	2042.87
-31610.0	7822.0	1036.67	1948.77
-31610.0	7822.0	1035.53	2015.99
-31610.0	7822.0	1034.38	1860.92
-31610.0	7822.0	1033.23	1986.96
-31610.0	7822.0	1032.08	1919.08
-31610.0	7822.0	1030.94	1942.7
-31610.0	7822.0	1029.79	1942.35
-31610.0	7822.0	1028.64	1996.44
-31610.0	7822.0	1027.49	1961.26
-31610.0	7822.0	1026.34	1971.79
-31610.0	7822.0	1025.19	2082.42
-31610.0	7822.0	1024.04	2090.75
-31610.0	7822.0	1022.89	2009.9
-31610.0	7822.0	1021.74	2053.04
-31610.0	7822.0	1020.59	2120.08
-31610.0	7822.0	1019.45	2097.96
-31610.0	7822.0	1018.29	2023.69
-31610.0	7822.0	1017.14	2118.95
-31610.0	7822.0	1015.99	2066.43
-31610.0	7822.0	1014.84	2079.09
-31610.0	7822.0	1013.69	2104.79
-31610.0	7822.0	1012.54	2132.65
-31610.0	7822.0	1011.39	2171.35
-31610.0	7822.0	1010.24	2157.94
-31610.0	7822.0	1009.09	2072.9
-31610.0	7822.0	1007.93	2187.55
-31610.0	7822.0	1006.78	2208.86
-31610.0	7822.0	1005.63	2175.92
-31610.0	7822.0	1004.48	2173.37
-31610.0	7822.0	1003.32	2166.47
-31610.0	7822.0	1002.17	2161.75
-31610.0	7822.0	1001.02	2297.94
-31610.0	7822.0	999.865	2273.69
-31610.0	7822.0	998.711	2199.6
-31610.0	7822.0	997.558	2264.2
-31610.0	7822.0	996.403	2265.97
-31610.0	7822.0	995.249	2246.07
-31610.0	7822.0	994.095	2395.09
-31610.0	7822.0	992.94	2357.85
-31610.0	7822.0	991.785	2387.73
-31610.0	7822.0	990.63	2389.47
-31610.0	7822.0	989.475	2534.03
-31610.0	7822.0	988.319	2485.97
-31610.0	7822.0	987.164	2500.67
-31610.0	7822.0	986.008	2459.13
-31610.0	7822.0	984.852	2486.8
-31610.0	7822.0	983.695	2568.51
-31610.0	7822.0	982.539	2559.4
-31610.0	7822.0	981.382	2565.42
-31610.0	7822.0	980.225	2521.74
-31610.0	7822.0	979.068	2601.23
-31610.0	7822.0	977.911	2579.16
-31610.0	7822.0	976.753	2559.25
-31610.0	7822.0	975.595	2558.79
-31610.0	7822.0	974.437	2582.08
-31610.0	7822.0	973.279	2685.22
-31610.0	7822.0	972.121	2714.95
-31610.0	7822.0	970.962	2658.36
-31610.0	7822.0	969.803	2610.42
-31610.0	7822.0	968.644	2618.57
-31610.0	7822.0	967.485	2641.82
-31610.0	7822.0	966.326	2665.06
-31610.0	7822.0	965.166	2653.8
-31610.0	7822.0	964.006	2696.43
-31610.0	7822.0	962.846	2609.74
-31610.0	7822.0	961.686	2753.63
-31610.0	7822.0	960.525	2641.11
-31610.0	7822.0	959.365	2651.4
-31610.0	7822.0	958.204	2713.37
-31610.0	7822.0	957.043	2687.04
-31610.0	7822.0	955.881	2645.65
-31610.0	7822.0	954.72	2709.74
-31610.0	7822.0	953.558	2653.29
-31610.0	7822.0	952.396	2611.93
-31610.0	7822.0	951.234	2693.2
-31610.0	7822.0	950.071	2692.71
-31610.0	7822.0	948.909	2685.77
-31610.0	7822.0	947.746	2702.48
-31610.0	7822.0	946.583	2717.03
-31610.0	7822.0	945.42	2686.45
-31610.0	7822.0	944.256	2739.68
-31610.0	7822.0	943.092	2782.15
-31610.0	7822.0	941.929	2745.12
-31610.0	7822.0	940.765	2733.89
-31610.0	7822.0	939.6	2735.53
-31610.0	7822.0	938.436	2687.8
-31610.0	7822.0	937.271	2622.92
-31610.0	7822.0	936.106	2616.0
-31610.0	7822.0	934.941	2694.91
-31610.0	7822.0	933.775	2580.72
-31610.0	7822.0	932.61	2541.64
-31610.0	7822.0	931.444	2448.97
-31610.0	7822.0	930.278	2463.52
-31610.0	7822.0	929.112	2383.76
-31610.0	7822.0	927.945	2389.75
-31610.0	7822.0	926.779	2280.03
-31610.0	7822.0	925.612	2309.6
-31610.0	7822.0	924.445	2242.77
-31610.0	7822.0	923.278	2255.21
-31610.0	7822.0	922.11	2196.98
-31610.0	7822.0	920.942	2222.27
-31610.0	7822.0	919.774	2260.39
-31610.0	7822.0	918.606	2187.21
-31610.0	7822.0	917.438	2218.9
-31610.0	7822.0	916.269	2162.87
-31610.0	7822.0	915.1	2160.33
-31610.0	7822.0	913.931	2215.54
-31610.0	7822.0	912.762	2123.19
-31610.0	7822.0	911.593	2180.52
-31610.0	7822.0	910.423	2113.86
-31610.0	7822.0	909.253	2136.97
-31610.0	7822.0	908.083	2132.31
-31610.0	7822.0	906.913	2174.64
-31610.0	7822.0	905.742	2061.04
-31610.0	7822.0	904.572	2088.42
-31610.0	7822.0	903.401	2098.71
-31610.0	7822.0	902.229	2138.87
-31610.0	7822.0	901.058	2181.16
-31610.0	7822.0	899.886	2063.4
-31610.0	7822.0	898.715	2092.89
-31610.0	7822.0	897.543	2030.64
-31610.0	7822.0	896.37	2057.99
-31610.0	7822.0	895.198	2125.84
-31610.0	7822.0	894.025	2148.89
-31610.0	7822.0	892.852	2118.65
-31610.0	7822.0	891.679	2088.43
-31610.0	7822.0	890.506	2041.16
-31610.0	7822.0	889.332	2132.39
-31610.0	7822.0	888.158	2057.45
-31610.0	7822.0	886.984	2033.64
-31610.0	7822.0	885.81	2088.62
-31610.0	7822.0	884.636	1998.82
-31610.0	7822.0	883.461	2092.1
-31610.0	7822.0	882.286	2023.61
-31610.0	7822.0	881.111	2055.15
-31610.0	7822.0	879.936	2022.86
-31610.0	7822.0	878.76	2007.6
-31610.0	7822.0	877.584	2060.38
-31610.0	7822.0	876.408	1998.34
-31610.0	7822.0	875.232	2057.48
-31610.0	7822.0	874.056	2042.22
-31610.0	7822.0	872.879	1995.1
-31610.0	7822.0	871.702	2028.72
-31610.0	7822.0	870.525	2102.67
-31610.0	7822.0	869.348	2057.69
-31610.0	7822.0	868.17	1974.5
-31610.0	7822.0	866.993	1980.5
-31610.0	7822.0	865.815	2016.21
-31610.0	7822.0	864.637	1960.66
-31610.0	7822.0	863.458	1953.93
-31610.0	7822.0	862.28	1945.08
-31610.0	7822.0	861.101	1968.04
-31610.0	7822.0	859.922	1946.47
-31610.0	7822.0	858.742	2028.78
-31610.0	7822.0	857.563	1996.61
-31610.0	7822.0	856.383	2017.42
-31610.0	7822.0	855.203	2004.33
-31610.0	7822.0	854.023	2029.37
-31610.0	7822.0	852.843	1944.28
-31610.0	7822.0	851.662	2045.55
-31610.0	7822.0	850.481	1952.01
-31610.0	7822.0	849.3	1886.03
-31610.0	7822.0	848.119	2004.19
-31610.0	7822.0	846.937	2018.62
-31610.0	7822.0	845.756	1999.2
-31610.0	7822.0	844.574	1971.33
-31610.0	7822.0	843.392	1987.87
-31610.0	7822.0	842.209	1974.81
-31610.0	7822.0	841.027	1987.12
-31610.0	7822.0	839.844	1955.04
-31610.0	7822.0	838.661	1927.2
-31610.0	7822.0	837.477	1947.97
-31610.0	7822.0	836.294	1989.85
-31610.0	7822.0	835.11	1964.13
-31610.0	7822.0	833.926	1984.87
-31610.0	7822.0	832.742	2022.5
-31610.0	7822.0	831.558	2066.44
-31610.0	7822.0	830.373	1960.53
-31610.0	7822.0	829.188	1985.48
-31610.0	7822.0	828.003	1999.87
-31610.0	7822.0	826.818	1917.23
-31610.0	7822.0	825.632	1929.52
-31610.0	7822.0	824.446	1943.91
-31610.0	7822.0	823.26	1951.98
-31610.0	7822.0	822.074	1970.57
-31610.0	7822.0	820.888	1906.98
-31610.0	7822.0	819.701	2016.17
-31610.0	7822.0	818.514	1912.58
-31610.0	7822.0	817.327	1945.91
-31610.0	7822.0	816.14	2017.13
-31610.0	7822.0	814.952	1959.91
-31610.0	7822.0	813.765	1978.48
-31610.0	7822.0	812.577	1952.85
-31610.0	7822.0	811.388	1897.77
-31610.0	7822.0	810.2	1901.62
-31610.0	7822.0	809.011	1890.74
-31610.0	7822.0	807.822	1955.56
-31610.0	7822.0	806.633	1938.37
-31610.0	7822.0	805.444	1935.9
-31610.0	7822.0	804.254	1920.82
-31610.0	7822.0	803.064	1937.26
-31610.0	7822.0	801.874	1945.29
-31610.0	7822.0	800.684	1926.02
-31610.0	7822.0	799.493	1994.95
-31610.0	7822.0	798.303	2007.16
-31610.0	7822.0	797.112	2017.28
-31610.0	7822.0	795.921	1899.36
-31610.0	7822.0	794.729	1993.42
-31610.0	7822.0	793.538	1980.45
-31610.0	7822.0	792.346	1912.95
-31610.0	7822.0	791.154	1900.0
-31610.0	7822.0	789.961	1853.51
-31610.0	7822.0	788.769	1928.62
-31610.0	7822.0	787.576	1896.81
-31610.0	7822.0	786.383	1923.69
-31610.0	7822.0	785.19	1898.18
-31610.0	7822.0	783.996	1881.06
-31610.0	7822.0	782.802	1853.47
-31610.0	7822.0	781.608	1899.18
-31610.0	7822.0	780.414	1831.82
-31610.0	7822.0	779.22	1904.73
-31610.0	7822.0	778.025	1881.34
-31610.0	7822.0	776.83	1843.32
-31610.0	7822.0	775.635	1953.83
-31610.0	7822.0	774.44	1940.91
-31610.0	7822.0	773.244	1869.44
-31610.0	7822.0	772.049	1902.53
-31610.0	7822.0	770.853	1918.88
-31610.0	7822.0	769.656	1949.86
-31610.0	7822.0	768.46	1905.61
-31610.0	7822.0	767.263	1938.66
-31610.0	7822.0	766.066	1781.64
-31610.0	7822.0	764.869	1917.03
-31610.0	7822.0	763.672	1891.61
-31610.0	7822.0	762.474	1928.81
-31610.0	7822.0	761.276	1840.79
-31610.0	7822.0	760.078	1925.98
-31610.0	7822.0	758.88	1973.59
-31610.0	7822.0	757.681	1906.46
-31610.0	7822.0	756.483	1878.98
-31610.0	7822.0	755.284	1843.17
-31610.0	7822.0	754.084	1922.03
-31610.0	7822.0	752.885	1815.36
-31610.0	7822.0	751.685	1869.19
-31610.0	7822.0	750.485	1831.33
-31610.0	7822.0	749.285	1862.22
-31610.0	7822.0	748.085	1897.26
-31610.0	7822.0	746.884	1861.49
-31610.0	7822.0	745.683	1790.35
-31610.0	7822.0	744.482	1910.72
-31610.0	7822.0	743.281	1874.97
-31610.0	7822.0	742.079	1887.09
-31610.0	7822.0	740.877	1892.97
-31610.0	7822.0	739.675	1803.17
-31610.0	7822.0	738.473	1858.96
-31610.0	7822.0	737.27	1779.6
-31610.0	7822.0	736.068	1858.24
-31610.0	7822.0	734.865	1886.97
-31610.0	7822.0	733.661	1801.41
-31610.0	7822.0	732.458	1863.38
-31610.0	7822.0	731.254	1782.02
-31610.0	7822.0	730.05	1875.11
-31610.0	7822.0	728.846	1808.31
-31610.0	7822.0	727.642	1820.41
-31610.0	7822.0	726.437	1795.15
-31610.0	7822.0	725.232	1852.9
-31610.0	7822.0	724.027	1821.42
-31610.0	7822.0	722.822	1862.54
-31610.0	7822.0	721.616	1814.48
-31610.0	7822.0	720.41	1853.52
-31610.0	7822.0	719.204	1878.03
-31610.0	7822.0	717.998	1925.33
-31610.0	7822.0	716.791	1875.23
-31610.0	7822.0	715.585	1862.43
-31610.0	7822.0	714.378	2110.61
-31610.0	7822.0	713.17	1948.67
-31610.0	7822.0	711.963	1882.04
-31610.0	7822.0	710.755	1927.21
-31610.0	7822.0	709.547	1862.67
-31610.0	7822.0	708.339	1887.14
-31610.0	7822.0	707.131	1868.15
-31610.0	7822.0	705.922	1820.2
-31610.0	7822.0	704.713	1842.59
-31610.0	7822.0	703.504	1910.46
-31610.0	7822.0	702.295	1957.63
-31610.0	7822.0	701.085	1901.44
-31610.0	7822.0	699.875	1919.67
-31610.0	7822.0	698.665	1882.1
-31610.0	7822.0	697.455	1834.22
-31610.0	7822.0	696.244	1932.99
-31610.0	7822.0	695.034	1957.38
-31610.0	7822.0	693.822	1963.19
-31610.0	7822.0	692.611	1975.19
-31610.0	7822.0	691.4	1950.04
-31610.0	7822.0	690.188	1920.77
-31610.0	7822.0	688.976	1910.07
-31610.0	7822.0	687.764	1872.58
-31610.0	7822.0	686.551	1973.24
-31610.0	7822.0	685.339	1991.4
-31610.0	7822.0	684.126	2007.5
-31610.0	7822.0	682.912	1924.67
-31610.0	7822.0	681.699	2008.76
-31610.0	7822.0	680.485	1930.09
-31610.0	7822.0	679.271	2003.85
-31610.0	7822.0	678.057	1986.98
-31610.0	7822.0	676.843	1984.53
-31610.0	7822.0	675.628	1967.67
-31610.0	7822.0	674.413	2006.38
-31610.0	7822.0	673.198	2032.72
-31610.0	7822.0	671.983	1997.35
-31610.0	7822.0	670.767	2036.03
-31610.0	7822.0	669.551	1941.04
-31610.0	7822.0	668.335	1969.44
-31610.0	7822.0	667.119	2040.98
-31610.0	7822.0	665.902	2028.25
-31610.0	7822.0	664.686	1990.86
-31610.0	7822.0	663.469	2017.17
-31610.0	7822.0	662.251	2037.31
-31610.0	7822.0	661.034	2022.53
-31610.0	7822.0	659.816	1991.33
-31610.0	7822.0	658.598	2009.41
-31610.0	7822.0	657.38	1949.5
-31610.0	7822.0	656.161	1973.73
-31610.0	7822.0	654.942	2002.05
-31610.0	7822.0	653.723	2026.27
-31610.0	7822.0	652.504	2009.46
-31610.0	7822.0	651.285	2045.96
-31610.0	7822.0	650.065	1961.51
-31610.0	7822.0	648.845	1981.61
-31610.0	7822.0	647.625	1968.93
-31610.0	7822.0	646.404	2040.23
-31610.0	7822.0	645.184	2050.06
-31610.0	7822.0	643.963	2100.84
-31610.0	7822.0	642.742	2034.91
-31610.0	7822.0	641.52	2104.09
-31610.0	7822.0	640.298	2103.67
-31610.0	7822.0	639.076	2086.88
-31610.0	7822.0	637.854	2059.87
-31610.0	7822.0	636.632	2043.1
-31610.0	7822.0	635.409	2101.99
-31610.0	7822.0	634.186	2027.97
-31610.0	7822.0	632.963	2039.83
-31610.0	7822.0	631.74	2049.64
-31610.0	7822.0	630.516	2049.23
-31610.0	7822.0	629.292	2059.03
-31610.0	7822.0	628.068	2085.17
-31610.0	7822.0	626.844	2052.08
-31610.0	7822.0	625.619	1978.17
-31610.0	7822.0	624.394	2030.84
-31610.0	7822.0	623.169	2083.49
-31610.0	7822.0	621.944	2062.67
-31610.0	7822.0	620.718	2058.18
-31610.0	7822.0	619.492	2021.05
-31610.0	7822.0	618.266	2032.88
-31610.0	7822.0	617.04	2014.12
-31610.0	7822.0	615.813	2062.63
-31610.0	7822.0	614.587	2068.33
-31610.0	7822.0	613.36	2076.06
-31610.0	7822.0	612.132	2069.54
-31610.0	7822.0	610.905	2063.01
-31610.0	7822.0	609.677	2084.99
-31610.0	7822.0	608.449	2127.32
-31610.0	7822.0	607.22	2080.08
-31610.0	7822.0	605.992	2020.65
-31610.0	7822.0	604.763	2097.55
-31610.0	7822.0	603.534	2056.44
-31610.0	7822.0	602.305	2045.86
-31610.0	7822.0	601.075	2084.08
-31610.0	7822.0	599.845	2006.41
-31610.0	7822.0	598.615	1981.62
-31610.0	7822.0	597.385	2048.27
-31610.0	7822.0	596.154	2068.17
-31610.0	7822.0	594.924	2075.88
-31610.0	7822.0	593.693	2083.58
-31610.0	7822.0	592.461	2014.13
-31610.0	7822.0	591.23	2046.2
-31610.0	7822.0	589.998	2013.31
-31610.0	7822.0	588.766	2031.17
-31610.0	7822.0	587.534	2038.87
-31610.0	7822.0	586.301	1999.92
-31610.0	7822.0	585.068	2031.96
-31610.0	7822.0	583.835	2053.85
-31610.0	7822.0	582.602	2035.19
-31610.0	7822.0	581.368	2006.4
-31610.0	7822.0	580.134	2030.31
-31610.0	7822.0	578.9	2076.49
-31610.0	7822.0	577.666	2023.41
-31610.0	7822.0	576.432	2106.03
-31610.0	7822.0	575.197	2065.1
-31610.0	7822.0	573.962	2030.27
-31610.0	7822.0	572.726	2037.96
-31610.0	7822.0	571.491	2041.59
-31610.0	7822.0	570.255	2027.01
-31610.0	7822.0	569.019	2065.03
-31610.0	7822.0	567.783	2056.52
-31610.0	7822.0	566.546	2064.19
-31610.0	7822.0	565.309	2112.28
-31610.0	7822.0	564.072	2063.35
-31610.0	7822.0	562.835	2030.6
-31610.0	7822.0	561.597	2064.52
-31610.0	7822.0	560.359	2100.46
-31610.0	7822.0	559.121	2152.53
-31610.0	7822.0	557.883	2135.94
-31610.0	7822.0	556.644	2109.26
-31610.0	7822.0	555.406	2169.37
-31610.0	7822.0	554.167	2179.02
-31610.0	7822.0	552.927	2267.33
-31610.0	7822.0	551.688	2303.17
-31610.0	7822.0	550.448	2288.58
-31610.0	7822.0	549.208	2223.61
-31610.0	7822.0	547.967	2348.11
-31610.0	7822.0	546.727	2337.56
-31610.0	7822.0	545.486	2393.49
-31610.0	7822.0	544.245	2445.38
-31610.0	7822.0	543.003	2481.12
-31610.0	7822.0	541.762	2543.03
-31610.0	7822.0	540.52	2590.83
-31610.0	7822.0	539.278	2590.3
-31610.0	7822.0	538.035	2784.95
-31610.0	7822.0	536.793	2812.55
-31610.0	7822.0	535.55	2926.62
-31610.0	7822.0	534.307	3109.03
-31610.0	7822.0	533.063	3339.61
-31610.0	7822.0	531.82	3578.13
-31610.0	7822.0	530.576	3852.74
-31610.0	7822.0	529.331	4338.21
-31610.0	7822.0	528.087	5112.78
-31610.0	7822.0	526.842	6196.33
-31610.0	7822.0	525.597	8012.41
-31610.0	7822.0	524.352	11114.7
-31610.0	7822.0	523.107	16317.3
-31610.0	7822.0	521.861	22258.4
-31610.0	7822.0	520.615	24555.2
-31610.0	7822.0	519.369	21601.2
-31610.0	7822.0	518.122	17306.7
-31610.0	7822.0	516.876	14108.8
-31610.0	7822.0	515.629	11742.2
-31610.0	7822.0	514.381	10002.0
-31610.0	7822.0	513.134	8753.45
-31610.0	7822.0	511.886	7946.21
-31610.0	7822.0	510.638	7405.72
-31610.0	7822.0	509.39	6871.46
-31610.0	7822.0	508.141	6605.73
-31610.0	7822.0	506.892	6312.08
-31610.0	7822.0	505.643	6264.75
-31610.0	7822.0	504.394	6219.43
-31610.0	7822.0	503.145	6056.09
-31610.0	7822.0	501.895	5916.82
-31610.0	7822.0	500.645	5917.6
-31610.0	7822.0	499.394	5934.37
-31610.0	7822.0	498.144	5855.18
-31610.0	7822.0	496.893	5953.9
-31610.0	7822.0	495.642	5682.91
-31610.0	7822.0	494.39	5783.62
-31610.0	7822.0	493.139	5664.58
-31610.0	7822.0	491.887	5463.71
-31610.0	7822.0	490.635	5416.66
-31610.0	7822.0	489.382	5487.4
-31610.0	7822.0	488.13	5474.29
-31610.0	7822.0	486.877	5425.27
-31610.0	7822.0	485.623	5340.36
-31610.0	7822.0	484.37	5283.41
-31610.0	7822.0	483.116	5330.17
-31610.0	7822.0	481.862	5315.11
-31610.0	7822.0	480.608	5194.41
-31610.0	7822.0	479.354	5159.46
-31610.0	7822.0	478.099	5080.68
-31610.0	7822.0	476.844	5147.36
-31610.0	7822.0	475.588	5114.42
-31610.0	7822.0	474.333	4983.93
-31610.0	7822.0	473.077	5006.79
-31610.0	7822.0	471.821	4993.8
-31610.0	7822.0	470.565	4899.24
-31610.0	7822.0	469.308	4862.41
-31610.0	7822.0	468.051	4935.0
-31610.0	7822.0	466.794	4878.29
-31610.0	7822.0	465.537	4841.48
-31610.0	7822.0	464.279	4639.7
-31610.0	7822.0	463.021	4604.95
-31610.0	7822.0	461.763	4538.42
-31610.0	7822.0	460.505	4432.18
-31610.0	7822.0	459.246	4536.53
-31610.0	7822.0	457.987	4400.55
-31610.0	7822.0	456.728	4363.89
-31610.0	7822.0	455.469	4224.04
-31610.0	7822.0	454.209	4260.86
-31610.0	7822.0	452.949	4220.29
-31610.0	7822.0	451.689	4102.37
-31610.0	7822.0	450.428	4147.13
-31610.0	7822.0	449.167	3997.55
-31610.0	7822.0	447.906	3978.87
-31610.0	7822.0	446.645	3938.4
-31610.0	7822.0	445.383	3925.69
-31610.0	7822.0	444.122	3895.15
-31610.0	7822.0	442.86	3811.14
-31610.0	7822.0	441.597	3778.66
-31610.0	7822.0	440.335	3651.15
-31610.0	7822.0	439.072	3656.32
-31610.0	7822.0	437.809	3714.93
-31610.0	7822.0	436.545	3625.11
-31610.0	7822.0	435.281	3517.52
-31610.0	7822.0	434.018	3522.72
-31610.0	7822.0	432.753	3656.46
-31610.0	7822.0	431.489	3465.89
-31610.0	7822.0	430.224	3411.79
-31610.0	7822.0	428.959	3426.89
-31610.0	7822.0	427.694	3461.74
-31610.0	7822.0	426.428	3441.26
-31610.0	7822.0	425.163	3468.19
-31610.0	7822.0	423.896	3350.96
-31610.0	7822.0	422.63	3210.08
-31610.0	7822.0	421.364	3343.63
-31610.0	7822.0	420.097	3240.31
-31610.0	7822.0	418.83	3310.66
-31610.0	7822.0	417.562	3165.97
-31610.0	7822.0	416.295	3218.55
-31610.0	7822.0	415.027	3150.84
-31610.0	7822.0	413.758	3195.52
-31610.0	7822.0	412.49	3246.09
-31610.0	7822.0	411.221	3079.89
-31610.0	7822.0	409.952	3043.78
-31610.0	7822.0	408.683	3060.87
-31610.0	7822.0	407.414	3138.99
-31610.0	7822.0	406.144	3091.08
-31610.0	7822.0	404.874	3139.64
-31610.0	7822.0	403.603	3117.34
-31610.0	7822.0	402.333	3118.65
-31610.0	7822.0	401.062	3161.27
-31610.0	7822.0	399.791	3154.7
-31610.0	7822.0	398.519	3112.75
-31610.0	7822.0	397.248	3141.58
-31610.0	7822.0	395.976	3117.33
-31610.0	7822.0	394.704	3028.25
-31610.0	7822.0	393.431	3000.1
-31610.0	7822.0	392.159	3076.08
-31610.0	7822.0	390.886	3148.1
-31610.0	7822.0	389.612	3129.76
-31610.0	7822.0	388.339	3005.43
-31610.0	7822.0	387.065	3030.31
-31610.0	7822.0	385.791	3151.33
-31610.0	7822.0	384.517	3017.26
-31610.0	7822.0	383.242	3051.93
-31610.0	7822.0	381.967	3049.33
-31610.0	7822.0	380.692	3068.29
-31610.0	7822.0	379.417	3038.24
-31610.0	7822.0	378.141	2957.25
-31610.0	7822.0	376.865	3072.22
-31610.0	7822.0	375.589	2952.08
-31610.0	7822.0	374.312	2996.5
-31610.0	7822.0	373.035	2923.42
-31610.0	7822.0	371.758	2930.63
-31610.0	7822.0	370.481	2992.65
-31610.0	7822.0	369.204	2982.23
-31610.0	7822.0	367.926	2979.64
-31610.0	7822.0	366.648	2947.72
-31610.0	7822.0	365.369	2954.92
-31610.0	7822.0	364.091	2999.26
-31610.0	7822.0	362.812	2938.03
-31610.0	7822.0	361.532	2962.81
-31610.0	7822.0	360.253	2891.85
-31610.0	7822.0	358.973	2856.07
-31610.0	7822.0	357.693	2939.45
-31610.0	7822.0	356.413	2903.68
-31610.0	7822.0	355.132	2910.87
-31610.0	7822.0	353.852	3000.04
-31610.0	7822.0	352.571	2970.14
-31610.0	7822.0	351.289	2920.73
-31610.0	7822.0	350.008	2867.44
-31610.0	7822.0	348.726	2940.94
-31610.0	7822.0	347.444	2938.37
-31610.0	7822.0	346.161	3000.13
-31610.0	7822.0	344.878	2981.95
-31610.0	7822.0	343.595	2883.89
-31610.0	7822.0	342.312	3064.46
-31610.0	7822.0	341.029	3009.27
-31610.0	7822.0	339.745	2995.0
-31610.0	7822.0	338.461	2996.31
-31610.0	7822.0	337.176	3028.77
-31610.0	7822.0	335.892	2989.2
-31610.0	7822.0	334.607	3155.9
-31610.0	7822.0	333.322	3048.24
-31610.0	7822.0	332.036	3123.44
-31610.0	7822.0	330.75	3015.83
-31610.0	7822.0	329.464	2987.97
-31610.0	7822.0	328.178	3072.86
-31610.0	7822.0	326.892	3050.83
-31610.0	7822.0	325.605	3114.29
-31610.0	7822.0	324.318	3127.23
-31610.0	7822.0	323.03	3081.9
-31610.0	7822.0	321.743	3145.31
-31610.0	7822.0	320.455	3169.88
-31610.0	7822.0	319.167	3289.53
-31610.0	7822.0	317.878	3209.28
-31610.0	7822.0	316.59	3148.46
-31610.0	7822.0	315.301	3200.15
-31610.0	7822.0	314.011	3174.26
-31610.0	7822.0	312.722	3204.61
-31610.0	7822.0	311.432	3260.13
-31610.0	7822.0	310.142	3236.19
-31610.0	7822.0	308.851	3268.43
-31610.0	7822.0	307.561	3240.62
-31610.0	7822.0	306.27	3278.66
-31610.0	7822.0	304.979	3318.62
-31610.0	7822.0	303.687	3374.05
-31610.0	7822.0	302.395	3311.4
-31610.0	7822.0	301.103	3382.29
-31610.0	7822.0	299.811	3211.33
-31610.0	7822.0	298.519	3274.47
-31610.0	7822.0	297.226	3264.1
-31610.0	7822.0	295.933	3139.67
-31610.0	7822.0	294.639	3210.52
-31610.0	7822.0	293.345	3204.04
-31610.0	7822.0	292.052	3216.88
-31610.0	7822.0	290.757	3144.72
-31610.0	7822.0	289.463	3142.12
-31610.0	7822.0	288.168	3126.0
-31610.0	7822.0	286.873	3084.8
-31610.0	7822.0	285.578	3089.93
-31610.0	7822.0	284.282	3071.9
-31610.0	7822.0	282.986	3028.8
-31610.0	7822.0	281.69	3020.44
-31610.0	7822.0	280.393	3044.86
-31610.0	7822.0	279.097	2982.52
-31610.0	7822.0	277.8	3012.72
-31610.0	7822.0	276.502	3073.75
-31610.0	7822.0	275.205	3022.99
-31610.0	7822.0	273.907	2972.26
-31610.0	7822.0	272.609	2940.81
-31610.0	7822.0	271.311	2936.33
-31610.0	7822.0	270.012	2906.83
-31610.0	7822.0	268.713	2919.68
-31610.0	7822.0	267.414	2907.51
-31610.0	7822.0	266.114	2858.79
-31610.0	7822.0	264.814	2779.32
-31610.0	7822.0	263.514	2826.8
-31610.0	7822.0	262.214	2772.37
-31610.0	7822.0	260.913	2860.19
-31610.0	7822.0	259.613	2778.87
-31610.0	7822.0	258.311	2785.96
-31610.0	7822.0	257.01	2721.97
-31610.0	7822.0	255.708	2669.53
-31610.0	7822.0	254.406	2680.48
-31610.0	7822.0	253.104	2749.01
-31610.0	7822.0	251.801	2756.1
-31610.0	7822.0	250.499	2663.41
-31610.0	7822.0	249.195	2647.49
-31610.0	7822.0	247.892	2650.76
-31610.0	7822.0	246.588	2600.33
-31610.0	7822.0	245.284	2540.34
-31610.0	7822.0	243.98	2564.71
-31610.0	7822.0	242.676	2589.07
-31610.0	7822.0	241.371	2617.26
-31610.0	7822.0	240.066	2603.29
-31610.0	7822.0	238.76	2558.68
-31610.0	7822.0	237.455	2565.79
-31610.0	7822.0	236.149	2592.04
-31610.0	7822.0	234.843	2532.15
-31610.0	7822.0	233.536	2460.81
-31610.0	7822.0	232.229	2469.85
-31610.0	7822.0	230.922	2532.44
-31610.0	7822.0	229.615	2512.77
-31610.0	7822.0	228.307	2556.2
-31610.0	7822.0	227.0	2513.6
-31610.0	7822.0	225.691	2488.22
-31610.0	7822.0	224.383	2415.08
-31610.0	7822.0	223.074	2324.78
-31610.0	7822.0	221.765	2326.19
-31610.0	7822.0	220.456	2457.44
-31610.0	7822.0	219.146	2470.27
-31610.0	7822.0	217.836	2437.3
-31610.0	7822.0	216.526	2427.23
-31610.0	7822.0	215.216	2337.04
-31610.0	7822.0	213.905	2395.67
-31610.0	7822.0	212.594	2345.58
-31610.0	7822.0	211.283	2442.31
-31610.0	7822.0	209.971	2436.06
-31610.0	7822.0	208.66	2406.95
-31610.0	7822.0	207.348	2459.78
-31610.0	7822.0	206.035	2390.68
-31610.0	7822.0	204.722	2597.76
-31610.0	7822.0	203.409	2610.53
-31610.0	7822.0	202.096	2571.89
-31610.0	7822.0	200.783	2649.37
-31610.0	7822.0	199.469	2757.26
-31610.0	7822.0	198.155	2796.62
-31610.0	7822.0	196.84	2763.69
-31610.0	7822.0	195.526	2812.53
-31610.0	7822.0	194.211	2838.55
-31610.0	7822.0	192.896	2902.56
-31610.0	7822.0	191.58	3084.38
-31610.0	7822.0	190.264	3051.42
-31610.0	7822.0	188.948	2969.08
-31610.0	7822.0	187.632	2945.65
-31610.0	7822.0	186.315	2912.73
-31610.0	7822.0	184.998	3052.58
-31610.0	7822.0	183.681	2977.91
-31610.0	7822.0	182.364	3102.5
-31610.0	7822.0	181.046	3073.38
-31610.0	7822.0	179.728	3053.75
-31610.0	7822.0	178.41	3041.71
-31610.0	7822.0	177.091	3096.04
-31610.0	7822.0	175.772	3085.9
-31610.0	7822.0	174.453	3113.66
-31610.0	7822.0	173.133	3071.3
-31610.0	7822.0	171.814	3072.53
-31610.0	7822.0	170.494	3183.61
-31610.0	7822.0	169.173	3211.33
-31610.0	7822.0	167.853	3080.01
-31610.0	7822.0	166.532	3162.63
-31610.0	7822.0	165.211	3201.68
-31610.0	7822.0	163.889	3270.99
-31610.0	7822.0	162.567	3105.73
-31610.0	7822.0	161.245	3106.95
-31610.0	7822.0	159.923	3166.78
-31610.0	7822.0	158.6	3179.33
-31610.0	7822.0	157.278	3150.3
-31610.0	7822.0	155.954	3249.76
-31610.0	7822.0	154.631	3315.17
-31610.0	7822.0	153.307	3367.33
-31610.0	7822.0	151.983	3359.06
-31610.0	7822.0	150.659	3339.45
-31610.0	7822.0	149.334	3297.21
-31610.0	7822.0	148.009	3322.92
-31610.0	7822.0	146.684	3329.75
-31610.0	7822.0	145.359	3312.05
-31610.0	7822.0	144.033	3254.77
-31610.0	7822.0	142.707	3299.31
-31610.0	7822.0	141.381	3259.02
-31610.0	7822.0	140.054	3235.7
-31610.0	7822.0	138.727	3323.55
-31610.0	7822.0	137.4	3249.37
-31610.0	7822.0	136.072	3226.07
-31610.0	7822.0	134.745	3212.19
-31610.0	7822.0	133.417	3249.15
-31610.0	7822.0	132.088	3299.27
-31610.0	7822.0	130.76	3247.75
-31610.0	7822.0	129.431	3256.45
-31610.0	7822.0	128.102	3233.18
-31610.0	7822.0	126.772	3241.88
-31610.0	7822.0	125.442	3237.42
-31610.0	7822.0	124.112	3169.06
-31610.0	7822.0	122.782	3198.44
-31610.0	7822.0	121.451	3120.72
-31610.0	7822.0	120.12	3035.52
-31610.0	7822.0	118.789	3098.71
-31610.0	7822.0	117.458	3000.41
-31610.0	7822.0	116.126	3046.69
-31610.0	7822.0	114.794	2984.1
-31610.0	7822.0	113.462	2927.16
-31610.0	7822.0	112.129	2898.39
-31610.0	7822.0	110.796	2931.53
-31610.0	7822.0	109.463	2799.63
-31610.0	7822.0	108.129	2862.77
-31610.0	7822.0	106.796	2719.7
-31610.0	7822.0	105.461	2601.05
-31610.0	7822.0	104.127	2484.33
-31610.0	7822.0	102.792	2444.46
-31610.0	7822.0	101.457	2393.36
-31610.0	7822.0	100.122	2295.49
-31610.0	7822.0	98.7867	2141.49
-31610.0	7822.0	97.4509	2225.25
-31610.0	7822.0	96.1148	2121.85
-31610.0	7822.0	94.7784	2052.18
-31610.0	7822.0	93.4418	1971.31
-31610.0	7822.0	92.1048	1927.88
-31610.0	7822.0	90.7676	1916.24
-31610.0	7822.0	89.43	1899.01
-31610.0	7822.0	88.0922	1823.85
-31610.0	7822.0	86.7541	1898.19
-31610.0	7822.0	85.4157	1800.65
