-31604.0	7842.0	1311.89	1991.98
-31604.0	7842.0	1310.78	2114.3
-31604.0	7842.0	1309.68	2113.96
-31604.0	7842.0	1308.58	2009.19
-31604.0	7842.0	1307.48	2113.29
-31604.0	7842.0	1306.38	2076.64
-31604.0	7842.0	1305.28	2087.65
-31604.0	7842.0	1304.18	2094.12
-31604.0	7842.0	1303.07	2086.98
-31604.0	7842.0	1301.97	2041.28
-31604.0	7842.0	1300.87	2059.1
-31604.0	7842.0	1299.77	2092.78
-31604.0	7842.0	1298.66	2069.77
-31604.0	7842.0	1297.56	2137.44
-31604.0	7842.0	1296.46	2021.52
-31604.0	7842.0	1295.35	2061.98
-31604.0	7842.0	1294.25	2093.37
-31604.0	7842.0	1293.15	2056.79
-31604.0	7842.0	1292.04	2124.4
-31604.0	7842.0	1290.94	2062.92
-31604.0	7842.0	1289.83	2094.28
-31604.0	7842.0	1288.73	2003.4
-31604.0	7842.0	1287.63	2066.45
-31604.0	7842.0	1286.52	2075.17
-31604.0	7842.0	1285.42	2054.47
-31604.0	7842.0	1284.31	2144.63
-31604.0	7842.0	1283.21	2058.33
-31604.0	7842.0	1282.1	2073.83
-31604.0	7842.0	1280.99	2080.28
-31604.0	7842.0	1279.89	2048.29
-31604.0	7842.0	1278.78	2032.14
-31604.0	7842.0	1277.68	2067.97
-31604.0	7842.0	1276.57	1972.73
-31604.0	7842.0	1275.46	2046.97
-31604.0	7842.0	1274.36	2087.3
-31604.0	7842.0	1273.25	2030.49
-31604.0	7842.0	1272.14	2120.5
-31604.0	7842.0	1271.04	2104.35
-31604.0	7842.0	1269.93	2049.83
-31604.0	7842.0	1268.82	2004.35
-31604.0	7842.0	1267.71	2085.27
-31604.0	7842.0	1266.61	2053.34
-31604.0	7842.0	1265.5	2032.7
-31604.0	7842.0	1264.39	2012.07
-31604.0	7842.0	1263.28	1991.45
-31604.0	7842.0	1262.17	2070.05
-31604.0	7842.0	1261.06	2033.64
-31604.0	7842.0	1259.95	2022.03
-31604.0	7842.0	1258.84	1990.15
-31604.0	7842.0	1257.74	2003.35
-31604.0	7842.0	1256.63	1973.73
-31604.0	7842.0	1255.52	2065.77
-31604.0	7842.0	1254.41	2056.43
-31604.0	7842.0	1253.3	2044.83
-31604.0	7842.0	1252.19	1990.46
-31604.0	7842.0	1251.08	2030.66
-31604.0	7842.0	1249.96	2028.07
-31604.0	7842.0	1248.85	2057.0
-31604.0	7842.0	1247.74	2002.66
-31604.0	7842.0	1246.63	2000.08
-31604.0	7842.0	1245.52	2006.5
-31604.0	7842.0	1244.41	2021.92
-31604.0	7842.0	1243.3	1996.85
-31604.0	7842.0	1242.18	2115.69
-31604.0	7842.0	1241.07	2041.16
-31604.0	7842.0	1239.96	2054.31
-31604.0	7842.0	1238.85	2036.0
-31604.0	7842.0	1237.74	2008.7
-31604.0	7842.0	1236.62	1985.9
-31604.0	7842.0	1235.51	1999.06
-31604.0	7842.0	1234.4	1958.3
-31604.0	7842.0	1233.28	2059.03
-31604.0	7842.0	1232.17	2058.69
-31604.0	7842.0	1231.06	2042.64
-31604.0	7842.0	1229.94	1983.95
-31604.0	7842.0	1228.83	1920.79
-31604.0	7842.0	1227.71	2086.5
-31604.0	7842.0	1226.6	2048.02
-31604.0	7842.0	1225.48	2081.33
-31604.0	7842.0	1224.37	2024.92
-31604.0	7842.0	1223.25	2022.35
-31604.0	7842.0	1222.14	2093.75
-31604.0	7842.0	1221.02	2019.44
-31604.0	7842.0	1219.91	2007.9
-31604.0	7842.0	1218.79	1940.35
-31604.0	7842.0	1217.68	1973.63
-31604.0	7842.0	1216.56	1944.19
-31604.0	7842.0	1215.44	2049.12
-31604.0	7842.0	1214.33	2039.83
-31604.0	7842.0	1213.21	1999.19
-31604.0	7842.0	1212.09	1998.86
-31604.0	7842.0	1210.98	2016.44
-31604.0	7842.0	1209.86	2058.62
-31604.0	7842.0	1208.74	2022.48
-31604.0	7842.0	1207.62	1946.09
-31604.0	7842.0	1206.51	1970.37
-31604.0	7842.0	1205.39	2023.71
-31604.0	7842.0	1204.27	1980.89
-31604.0	7842.0	1203.15	1917.97
-31604.0	7842.0	1202.03	2016.0
-31604.0	7842.0	1200.91	1986.61
-31604.0	7842.0	1199.8	1941.6
-31604.0	7842.0	1198.68	1965.85
-31604.0	7842.0	1197.56	1996.79
-31604.0	7842.0	1196.44	1936.16
-31604.0	7842.0	1195.32	1935.84
-31604.0	7842.0	1194.2	1995.79
-31604.0	7842.0	1193.08	1957.51
-31604.0	7842.0	1191.96	2010.75
-31604.0	7842.0	1190.84	1965.79
-31604.0	7842.0	1189.72	1994.46
-31604.0	7842.0	1188.6	1991.9
-31604.0	7842.0	1187.48	1913.51
-31604.0	7842.0	1186.35	2017.99
-31604.0	7842.0	1185.23	2046.64
-31604.0	7842.0	1184.11	1961.59
-31604.0	7842.0	1182.99	1974.63
-31604.0	7842.0	1181.87	1960.93
-31604.0	7842.0	1180.75	1909.36
-31604.0	7842.0	1179.62	1911.27
-31604.0	7842.0	1178.5	1939.9
-31604.0	7842.0	1177.38	1959.62
-31604.0	7842.0	1176.26	1972.65
-31604.0	7842.0	1175.13	1974.54
-31604.0	7842.0	1174.01	1974.21
-31604.0	7842.0	1172.89	1971.66
-31604.0	7842.0	1171.76	2011.37
-31604.0	7842.0	1170.64	1926.5
-31604.0	7842.0	1169.51	1970.66
-31604.0	7842.0	1168.39	1956.99
-31604.0	7842.0	1167.27	1929.98
-31604.0	7842.0	1166.14	1916.31
-31604.0	7842.0	1165.02	1918.21
-31604.0	7842.0	1163.89	1917.89
-31604.0	7842.0	1162.77	1953.12
-31604.0	7842.0	1161.64	1999.44
-31604.0	7842.0	1160.52	2014.65
-31604.0	7842.0	1159.39	1972.12
-31604.0	7842.0	1158.26	1922.94
-31604.0	7842.0	1157.14	1927.05
-31604.0	7842.0	1156.01	2044.37
-31604.0	7842.0	1154.88	1973.01
-31604.0	7842.0	1153.76	1959.36
-31604.0	7842.0	1152.63	1934.62
-31604.0	7842.0	1151.5	1936.51
-31604.0	7842.0	1150.38	1914.01
-31604.0	7842.0	1149.25	1951.38
-31604.0	7842.0	1148.12	1982.09
-31604.0	7842.0	1146.99	1999.49
-31604.0	7842.0	1145.87	1968.12
-31604.0	7842.0	1144.74	1936.76
-31604.0	7842.0	1143.61	1989.61
-31604.0	7842.0	1142.48	1898.45
-31604.0	7842.0	1141.35	1929.13
-31604.0	7842.0	1140.22	1939.88
-31604.0	7842.0	1139.09	1855.41
-31604.0	7842.0	1137.97	1967.99
-31604.0	7842.0	1136.84	1925.61
-31604.0	7842.0	1135.71	1905.36
-31604.0	7842.0	1134.58	1874.06
-31604.0	7842.0	1133.45	1946.74
-31604.0	7842.0	1132.32	1933.14
-31604.0	7842.0	1131.19	1974.83
-31604.0	7842.0	1130.05	1936.9
-31604.0	7842.0	1128.92	1976.37
-31604.0	7842.0	1127.79	1942.87
-31604.0	7842.0	1126.66	1971.27
-31604.0	7842.0	1125.53	1942.21
-31604.0	7842.0	1124.4	1913.16
-31604.0	7842.0	1123.27	1901.79
-31604.0	7842.0	1122.13	1958.88
-31604.0	7842.0	1121.0	1993.88
-31604.0	7842.0	1119.87	1900.81
-31604.0	7842.0	1118.74	1922.56
-31604.0	7842.0	1117.6	1886.92
-31604.0	7842.0	1116.47	1932.93
-31604.0	7842.0	1115.34	1925.98
-31604.0	7842.0	1114.2	1896.98
-31604.0	7842.0	1113.07	1901.06
-31604.0	7842.0	1111.94	1896.33
-31604.0	7842.0	1110.8	1966.55
-31604.0	7842.0	1109.67	1900.08
-31604.0	7842.0	1108.54	1824.82
-31604.0	7842.0	1107.4	1877.4
-31604.0	7842.0	1106.27	1883.68
-31604.0	7842.0	1105.13	1883.36
-31604.0	7842.0	1104.0	1898.45
-31604.0	7842.0	1102.86	1871.7
-31604.0	7842.0	1101.72	1933.02
-31604.0	7842.0	1100.59	1906.27
-31604.0	7842.0	1099.45	1883.94
-31604.0	7842.0	1098.32	1903.42
-31604.0	7842.0	1097.18	1966.89
-31604.0	7842.0	1096.04	1933.55
-31604.0	7842.0	1094.91	1898.03
-31604.0	7842.0	1093.77	2009.85
-31604.0	7842.0	1092.63	1963.33
-31604.0	7842.0	1091.5	1919.03
-31604.0	7842.0	1090.36	1918.7
-31604.0	7842.0	1089.22	1892.0
-31604.0	7842.0	1088.08	1893.86
-31604.0	7842.0	1086.95	1889.14
-31604.0	7842.0	1085.81	1842.69
-31604.0	7842.0	1084.67	1877.51
-31604.0	7842.0	1083.53	1883.77
-31604.0	7842.0	1082.39	1839.54
-31604.0	7842.0	1081.25	1848.0
-31604.0	7842.0	1080.11	1845.48
-31604.0	7842.0	1078.97	1873.69
-31604.0	7842.0	1077.83	1864.58
-31604.0	7842.0	1076.69	1991.47
-31604.0	7842.0	1075.55	1918.76
-31604.0	7842.0	1074.41	1872.38
-31604.0	7842.0	1073.27	1940.01
-31604.0	7842.0	1072.13	1946.25
-31604.0	7842.0	1070.99	1871.4
-31604.0	7842.0	1069.85	1906.13
-31604.0	7842.0	1068.71	1925.52
-31604.0	7842.0	1067.57	1912.04
-31604.0	7842.0	1066.43	1909.51
-31604.0	7842.0	1065.28	1957.35
-31604.0	7842.0	1064.14	1915.41
-31604.0	7842.0	1063.0	1941.34
-31604.0	7842.0	1061.86	1916.93
-31604.0	7842.0	1060.71	1966.92
-31604.0	7842.0	1059.57	1955.64
-31604.0	7842.0	1058.43	1900.62
-31604.0	7842.0	1057.29	1948.39
-31604.0	7842.0	1056.14	1860.6
-31604.0	7842.0	1055.0	1886.5
-31604.0	7842.0	1053.85	1908.03
-31604.0	7842.0	1052.71	1933.92
-31604.0	7842.0	1051.57	1986.01
-31604.0	7842.0	1050.42	1891.73
-31604.0	7842.0	1049.28	1902.32
-31604.0	7842.0	1048.13	1919.46
-31604.0	7842.0	1046.99	1949.68
-31604.0	7842.0	1045.84	1936.24
-31604.0	7842.0	1044.7	1914.08
-31604.0	7842.0	1043.55	1968.29
-31604.0	7842.0	1042.4	1959.22
-31604.0	7842.0	1041.26	1985.05
-31604.0	7842.0	1040.11	1967.25
-31604.0	7842.0	1038.97	1899.31
-31604.0	7842.0	1037.82	1949.12
-31604.0	7842.0	1036.67	1966.21
-31604.0	7842.0	1035.53	1978.94
-31604.0	7842.0	1034.38	2006.92
-31604.0	7842.0	1033.23	1943.39
-31604.0	7842.0	1032.08	2012.75
-31604.0	7842.0	1030.94	1936.16
-31604.0	7842.0	1029.79	1961.95
-31604.0	7842.0	1028.64	2007.32
-31604.0	7842.0	1027.49	1967.79
-31604.0	7842.0	1026.34	2039.26
-31604.0	7842.0	1025.19	2045.43
-31604.0	7842.0	1024.04	2049.41
-31604.0	7842.0	1022.89	2083.85
-31604.0	7842.0	1021.74	2044.34
-31604.0	7842.0	1020.59	2126.6
-31604.0	7842.0	1019.45	2030.57
-31604.0	7842.0	1018.29	2030.21
-31604.0	7842.0	1017.14	2025.5
-31604.0	7842.0	1015.99	2046.87
-31604.0	7842.0	1014.84	2055.2
-31604.0	7842.0	1013.69	2041.8
-31604.0	7842.0	1012.54	2167.39
-31604.0	7842.0	1011.39	2156.15
-31604.0	7842.0	1010.24	2079.78
-31604.0	7842.0	1009.09	2079.41
-31604.0	7842.0	1007.93	2124.62
-31604.0	7842.0	1006.78	2169.8
-31604.0	7842.0	1005.63	2158.57
-31604.0	7842.0	1004.48	2238.44
-31604.0	7842.0	1003.32	2240.21
-31604.0	7842.0	1002.17	2189.94
-31604.0	7842.0	1001.02	2239.41
-31604.0	7842.0	999.865	2232.5
-31604.0	7842.0	998.711	2245.11
-31604.0	7842.0	997.558	2318.37
-31604.0	7842.0	996.403	2309.29
-31604.0	7842.0	995.249	2321.87
-31604.0	7842.0	994.095	2358.27
-31604.0	7842.0	992.94	2390.33
-31604.0	7842.0	991.785	2450.51
-31604.0	7842.0	990.63	2400.29
-31604.0	7842.0	989.475	2438.81
-31604.0	7842.0	988.319	2390.78
-31604.0	7842.0	987.164	2472.55
-31604.0	7842.0	986.008	2385.59
-31604.0	7842.0	984.852	2547.34
-31604.0	7842.0	983.695	2587.97
-31604.0	7842.0	982.539	2574.53
-31604.0	7842.0	981.382	2600.0
-31604.0	7842.0	980.225	2644.91
-31604.0	7842.0	979.068	2612.03
-31604.0	7842.0	977.911	2602.92
-31604.0	7842.0	976.753	2662.92
-31604.0	7842.0	975.595	2578.23
-31604.0	7842.0	974.437	2586.4
-31604.0	7842.0	973.279	2717.6
-31604.0	7842.0	972.121	2686.9
-31604.0	7842.0	970.962	2613.05
-31604.0	7842.0	969.803	2787.32
-31604.0	7842.0	968.644	2661.71
-31604.0	7842.0	967.485	2682.8
-31604.0	7842.0	966.326	2725.44
-31604.0	7842.0	965.166	2591.28
-31604.0	7842.0	964.006	2685.65
-31604.0	7842.0	962.846	2754.13
-31604.0	7842.0	961.686	2725.62
-31604.0	7842.0	960.525	2638.95
-31604.0	7842.0	959.365	2698.78
-31604.0	7842.0	958.204	2672.45
-31604.0	7842.0	957.043	2723.64
-31604.0	7842.0	955.881	2764.05
-31604.0	7842.0	954.72	2670.99
-31604.0	7842.0	953.558	2717.85
-31604.0	7842.0	952.396	2730.27
-31604.0	7842.0	951.234	2697.5
-31604.0	7842.0	950.071	2712.07
-31604.0	7842.0	948.909	2685.77
-31604.0	7842.0	947.746	2655.18
-31604.0	7842.0	946.583	2676.19
-31604.0	7842.0	945.42	2735.88
-31604.0	7842.0	944.256	2731.09
-31604.0	7842.0	943.092	2655.39
-31604.0	7842.0	941.929	2742.98
-31604.0	7842.0	940.765	2755.36
-31604.0	7842.0	939.6	2739.83
-31604.0	7842.0	938.436	2627.69
-31604.0	7842.0	937.271	2562.82
-31604.0	7842.0	936.106	2521.58
-31604.0	7842.0	934.941	2667.02
-31604.0	7842.0	933.775	2548.54
-31604.0	7842.0	932.61	2552.37
-31604.0	7842.0	931.444	2410.37
-31604.0	7842.0	930.278	2416.36
-31604.0	7842.0	929.112	2328.02
-31604.0	7842.0	927.945	2340.46
-31604.0	7842.0	926.779	2252.17
-31604.0	7842.0	925.612	2333.17
-31604.0	7842.0	924.445	2339.17
-31604.0	7842.0	923.278	2280.91
-31604.0	7842.0	922.11	2271.93
-31604.0	7842.0	920.942	2265.09
-31604.0	7842.0	919.774	2378.12
-31604.0	7842.0	918.606	2268.53
-31604.0	7842.0	917.438	2278.82
-31604.0	7842.0	916.269	2248.45
-31604.0	7842.0	915.1	2145.36
-31604.0	7842.0	913.931	2224.09
-31604.0	7842.0	912.762	2131.74
-31604.0	7842.0	911.593	2176.24
-31604.0	7842.0	910.423	2047.6
-31604.0	7842.0	909.253	2173.3
-31604.0	7842.0	908.083	2157.95
-31604.0	7842.0	906.913	2067.83
-31604.0	7842.0	905.742	2210.54
-31604.0	7842.0	904.572	2073.47
-31604.0	7842.0	903.401	2188.38
-31604.0	7842.0	902.229	2044.95
-31604.0	7842.0	901.058	2078.72
-31604.0	7842.0	899.886	1986.58
-31604.0	7842.0	898.715	2005.42
-31604.0	7842.0	897.543	2066.9
-31604.0	7842.0	896.37	2096.38
-31604.0	7842.0	895.198	2087.46
-31604.0	7842.0	894.025	2070.02
-31604.0	7842.0	892.852	2031.27
-31604.0	7842.0	891.679	2047.94
-31604.0	7842.0	890.506	2009.21
-31604.0	7842.0	889.332	2087.65
-31604.0	7842.0	888.158	2055.32
-31604.0	7842.0	886.984	2071.97
-31604.0	7842.0	885.81	2050.29
-31604.0	7842.0	884.636	2105.26
-31604.0	7842.0	883.461	2045.27
-31604.0	7842.0	882.286	2002.34
-31604.0	7842.0	881.111	2036.0
-31604.0	7842.0	879.936	2033.5
-31604.0	7842.0	878.76	1982.08
-31604.0	7842.0	877.584	2019.98
-31604.0	7842.0	876.408	1974.96
-31604.0	7842.0	875.232	1997.97
-31604.0	7842.0	874.056	2016.72
-31604.0	7842.0	872.879	2009.97
-31604.0	7842.0	871.702	1975.61
-31604.0	7842.0	870.525	2085.68
-31604.0	7842.0	869.348	2051.32
-31604.0	7842.0	868.17	1997.85
-31604.0	7842.0	866.993	1955.03
-31604.0	7842.0	865.815	2018.33
-31604.0	7842.0	864.637	2032.81
-31604.0	7842.0	863.458	2043.03
-31604.0	7842.0	862.28	1881.44
-31604.0	7842.0	861.101	2006.21
-31604.0	7842.0	859.922	1965.55
-31604.0	7842.0	858.742	1918.54
-31604.0	7842.0	857.563	1962.69
-31604.0	7842.0	856.383	1949.61
-31604.0	7842.0	855.203	1945.01
-31604.0	7842.0	854.023	1963.71
-31604.0	7842.0	852.843	2012.05
-31604.0	7842.0	851.662	2003.2
-31604.0	7842.0	850.481	1941.43
-31604.0	7842.0	849.3	1930.48
-31604.0	7842.0	848.119	1889.9
-31604.0	7842.0	846.937	2054.59
-31604.0	7842.0	845.756	1997.08
-31604.0	7842.0	844.574	1954.4
-31604.0	7842.0	843.392	2036.51
-31604.0	7842.0	842.209	1981.15
-31604.0	7842.0	841.027	1923.7
-31604.0	7842.0	839.844	1840.91
-31604.0	7842.0	838.661	1880.71
-31604.0	7842.0	837.477	1979.66
-31604.0	7842.0	836.294	1913.8
-31604.0	7842.0	835.11	1985.25
-31604.0	7842.0	833.926	2033.44
-31604.0	7842.0	832.742	1959.16
-31604.0	7842.0	831.558	1960.9
-31604.0	7842.0	830.373	2002.74
-31604.0	7842.0	829.188	1993.92
-31604.0	7842.0	828.003	1896.5
-31604.0	7842.0	826.818	1832.86
-31604.0	7842.0	825.632	1918.98
-31604.0	7842.0	824.446	1943.91
-31604.0	7842.0	823.26	1970.95
-31604.0	7842.0	822.074	1966.36
-31604.0	7842.0	820.888	1993.38
-31604.0	7842.0	819.701	1862.38
-31604.0	7842.0	818.514	1889.41
-31604.0	7842.0	817.327	1973.29
-31604.0	7842.0	816.14	2017.13
-31604.0	7842.0	814.952	2004.11
-31604.0	7842.0	813.765	1930.07
-31604.0	7842.0	812.577	1925.49
-31604.0	7842.0	811.388	1931.43
-31604.0	7842.0	810.2	1846.92
-31604.0	7842.0	809.011	1962.25
-31604.0	7842.0	807.822	1978.69
-31604.0	7842.0	806.633	1858.48
-31604.0	7842.0	805.444	1940.1
-31604.0	7842.0	804.254	1960.75
-31604.0	7842.0	803.064	1926.76
-31604.0	7842.0	801.874	1884.37
-31604.0	7842.0	800.684	1808.4
-31604.0	7842.0	799.493	1871.05
-31604.0	7842.0	798.303	1925.28
-31604.0	7842.0	797.112	1952.2
-31604.0	7842.0	795.921	1922.45
-31604.0	7842.0	794.729	1896.9
-31604.0	7842.0	793.538	1951.08
-31604.0	7842.0	792.346	1919.24
-31604.0	7842.0	791.154	1933.56
-31604.0	7842.0	789.961	1914.32
-31604.0	7842.0	788.769	1970.55
-31604.0	7842.0	787.576	1924.06
-31604.0	7842.0	786.383	1896.45
-31604.0	7842.0	785.19	1931.7
-31604.0	7842.0	783.996	1895.72
-31604.0	7842.0	782.802	1893.26
-31604.0	7842.0	781.608	1886.62
-31604.0	7842.0	780.414	1844.38
-31604.0	7842.0	779.22	1858.68
-31604.0	7842.0	778.025	1856.23
-31604.0	7842.0	776.83	1870.52
-31604.0	7842.0	775.635	1888.99
-31604.0	7842.0	774.44	1884.44
-31604.0	7842.0	773.244	1907.08
-31604.0	7842.0	772.049	1923.43
-31604.0	7842.0	770.853	1883.35
-31604.0	7842.0	769.656	1908.06
-31604.0	7842.0	768.46	1918.14
-31604.0	7842.0	767.263	1873.9
-31604.0	7842.0	766.066	1867.27
-31604.0	7842.0	764.869	1841.85
-31604.0	7842.0	763.672	1845.67
-31604.0	7842.0	762.474	1866.19
-31604.0	7842.0	761.276	1834.52
-31604.0	7842.0	760.078	1863.38
-31604.0	7842.0	758.88	1973.59
-31604.0	7842.0	757.681	1941.92
-31604.0	7842.0	756.483	1914.44
-31604.0	7842.0	755.284	1886.96
-31604.0	7842.0	754.084	1907.44
-31604.0	7842.0	752.885	1879.97
-31604.0	7842.0	751.685	1831.68
-31604.0	7842.0	750.485	1777.16
-31604.0	7842.0	749.285	1839.3
-31604.0	7842.0	748.085	1928.5
-31604.0	7842.0	746.884	1894.81
-31604.0	7842.0	745.683	1846.56
-31604.0	7842.0	744.482	1879.5
-31604.0	7842.0	743.281	1783.41
-31604.0	7842.0	742.079	1887.09
-31604.0	7842.0	740.877	1942.89
-31604.0	7842.0	739.675	1857.24
-31604.0	7842.0	738.473	1881.83
-31604.0	7842.0	737.27	1835.73
-31604.0	7842.0	736.068	1856.16
-31604.0	7842.0	734.865	1789.29
-31604.0	7842.0	733.661	1799.33
-31604.0	7842.0	732.458	1834.3
-31604.0	7842.0	731.254	1790.32
-31604.0	7842.0	730.05	1846.04
-31604.0	7842.0	728.846	1824.92
-31604.0	7842.0	727.642	1841.17
-31604.0	7842.0	726.437	1863.64
-31604.0	7842.0	725.232	1879.87
-31604.0	7842.0	724.027	1829.72
-31604.0	7842.0	722.822	1868.77
-31604.0	7842.0	721.616	1880.84
-31604.0	7842.0	720.41	1868.03
-31604.0	7842.0	719.204	1832.43
-31604.0	7842.0	717.998	1919.11
-31604.0	7842.0	716.791	1821.35
-31604.0	7842.0	715.585	1852.07
-31604.0	7842.0	714.378	2094.04
-31604.0	7842.0	713.17	1894.83
-31604.0	7842.0	711.963	1900.67
-31604.0	7842.0	710.755	1875.46
-31604.0	7842.0	709.547	1850.25
-31604.0	7842.0	708.339	1887.14
-31604.0	7842.0	707.131	1884.7
-31604.0	7842.0	705.922	1863.64
-31604.0	7842.0	704.713	1863.27
-31604.0	7842.0	703.504	1844.3
-31604.0	7842.0	702.295	1879.08
-31604.0	7842.0	701.085	1878.71
-31604.0	7842.0	699.875	1812.22
-31604.0	7842.0	698.665	1801.53
-31604.0	7842.0	697.455	1877.6
-31604.0	7842.0	696.244	1904.08
-31604.0	7842.0	695.034	1897.51
-31604.0	7842.0	693.822	1853.78
-31604.0	7842.0	692.611	1876.12
-31604.0	7842.0	691.4	1917.02
-31604.0	7842.0	690.188	1941.4
-31604.0	7842.0	688.976	1903.89
-31604.0	7842.0	687.764	1893.2
-31604.0	7842.0	686.551	1909.32
-31604.0	7842.0	685.339	2028.51
-31604.0	7842.0	684.126	2003.37
-31604.0	7842.0	682.912	2000.92
-31604.0	7842.0	681.699	2037.61
-31604.0	7842.0	680.485	1928.03
-31604.0	7842.0	679.271	1979.13
-31604.0	7842.0	678.057	2071.4
-31604.0	7842.0	676.843	1947.47
-31604.0	7842.0	675.628	1947.09
-31604.0	7842.0	674.413	1924.06
-31604.0	7842.0	673.198	1964.83
-31604.0	7842.0	671.983	2001.47
-31604.0	7842.0	670.767	1935.26
-31604.0	7842.0	669.551	2000.67
-31604.0	7842.0	668.335	1934.49
-31604.0	7842.0	667.119	2008.1
-31604.0	7842.0	665.902	1987.15
-31604.0	7842.0	664.686	1962.1
-31604.0	7842.0	663.469	1992.52
-31604.0	7842.0	662.251	1965.43
-31604.0	7842.0	661.034	1993.78
-31604.0	7842.0	659.816	2032.39
-31604.0	7842.0	658.598	2017.62
-31604.0	7842.0	657.38	1984.38
-31604.0	7842.0	656.161	1975.78
-31604.0	7842.0	654.942	2002.05
-31604.0	7842.0	653.723	1985.25
-31604.0	7842.0	652.504	2036.11
-31604.0	7842.0	651.285	2019.31
-31604.0	7842.0	650.065	1955.37
-31604.0	7842.0	648.845	1963.17
-31604.0	7842.0	647.625	1903.36
-31604.0	7842.0	646.404	2027.94
-31604.0	7842.0	645.184	2005.0
-31604.0	7842.0	643.963	2098.79
-31604.0	7842.0	642.742	2006.25
-31604.0	7842.0	641.52	1958.77
-31604.0	7842.0	640.298	2032.05
-31604.0	7842.0	639.076	2041.87
-31604.0	7842.0	637.854	2076.24
-31604.0	7842.0	636.632	2055.37
-31604.0	7842.0	635.409	2001.8
-31604.0	7842.0	634.186	2023.88
-31604.0	7842.0	632.963	1953.98
-31604.0	7842.0	631.74	2025.12
-31604.0	7842.0	630.516	2059.44
-31604.0	7842.0	629.292	2022.26
-31604.0	7842.0	628.068	1993.26
-31604.0	7842.0	626.844	2080.66
-31604.0	7842.0	625.619	2002.67
-31604.0	7842.0	624.394	2092.07
-31604.0	7842.0	623.169	2040.64
-31604.0	7842.0	621.944	2109.59
-31604.0	7842.0	620.718	2056.14
-31604.0	7842.0	619.492	2100.59
-31604.0	7842.0	618.266	2057.35
-31604.0	7842.0	617.04	2030.43
-31604.0	7842.0	615.813	2050.4
-31604.0	7842.0	614.587	2094.82
-31604.0	7842.0	613.36	2008.83
-31604.0	7842.0	612.132	2051.2
-31604.0	7842.0	610.905	2032.46
-31604.0	7842.0	609.677	2056.48
-31604.0	7842.0	608.449	2080.5
-31604.0	7842.0	607.22	2039.37
-31604.0	7842.0	605.992	2077.62
-31604.0	7842.0	604.763	1995.83
-31604.0	7842.0	603.534	2034.07
-31604.0	7842.0	602.305	2035.69
-31604.0	7842.0	601.075	2077.98
-31604.0	7842.0	599.845	1996.25
-31604.0	7842.0	598.615	2046.65
-31604.0	7842.0	597.385	2007.63
-31604.0	7842.0	596.154	1982.85
-31604.0	7842.0	594.924	2043.38
-31604.0	7842.0	593.693	2087.64
-31604.0	7842.0	592.461	2032.4
-31604.0	7842.0	591.23	2044.17
-31604.0	7842.0	589.998	1938.22
-31604.0	7842.0	588.766	2018.99
-31604.0	7842.0	587.534	2071.33
-31604.0	7842.0	586.301	2044.54
-31604.0	7842.0	585.068	2005.6
-31604.0	7842.0	583.835	1938.28
-31604.0	7842.0	582.602	1996.68
-31604.0	7842.0	581.368	2069.23
-31604.0	7842.0	580.134	2044.5
-31604.0	7842.0	578.9	2088.65
-31604.0	7842.0	577.666	2076.07
-31604.0	7842.0	576.432	2002.75
-31604.0	7842.0	575.197	1988.17
-31604.0	7842.0	573.962	1975.62
-31604.0	7842.0	572.726	2021.77
-31604.0	7842.0	571.491	2039.56
-31604.0	7842.0	570.255	2024.99
-31604.0	7842.0	569.019	2056.94
-31604.0	7842.0	567.783	2056.52
-31604.0	7842.0	566.546	2173.36
-31604.0	7842.0	565.309	2009.19
-31604.0	7842.0	564.072	2049.2
-31604.0	7842.0	562.835	2089.19
-31604.0	7842.0	561.597	2020.08
-31604.0	7842.0	560.359	2152.97
-31604.0	7842.0	559.121	2029.36
-31604.0	7842.0	557.883	2123.83
-31604.0	7842.0	556.644	2097.15
-31604.0	7842.0	555.406	2143.14
-31604.0	7842.0	554.167	2138.67
-31604.0	7842.0	552.927	2241.11
-31604.0	7842.0	551.688	2216.45
-31604.0	7842.0	550.448	2254.31
-31604.0	7842.0	549.208	2334.48
-31604.0	7842.0	547.967	2327.96
-31604.0	7842.0	546.727	2323.45
-31604.0	7842.0	545.486	2391.48
-31604.0	7842.0	544.245	2463.5
-31604.0	7842.0	543.003	2479.11
-31604.0	7842.0	541.762	2492.7
-31604.0	7842.0	540.52	2683.43
-31604.0	7842.0	539.278	2646.65
-31604.0	7842.0	538.035	2770.87
-31604.0	7842.0	536.793	2935.27
-31604.0	7842.0	535.55	3019.15
-31604.0	7842.0	534.307	3139.19
-31604.0	7842.0	533.063	3313.47
-31604.0	7842.0	531.82	3543.96
-31604.0	7842.0	530.576	3868.82
-31604.0	7842.0	529.331	4424.61
-31604.0	7842.0	528.087	5086.66
-31604.0	7842.0	526.842	6212.4
-31604.0	7842.0	525.597	8072.66
-31604.0	7842.0	524.352	11219.1
-31604.0	7842.0	523.107	16674.6
-31604.0	7842.0	521.861	22872.5
-31604.0	7842.0	520.615	24916.4
-31604.0	7842.0	519.369	22044.6
-31604.0	7842.0	518.122	17860.3
-31604.0	7842.0	516.876	14165.0
-31604.0	7842.0	515.629	11748.3
-31604.0	7842.0	514.381	10108.2
-31604.0	7842.0	513.134	8891.73
-31604.0	7842.0	511.886	8192.65
-31604.0	7842.0	510.638	7489.85
-31604.0	7842.0	509.39	7095.76
-31604.0	7842.0	508.141	6659.79
-31604.0	7842.0	506.892	6348.12
-31604.0	7842.0	505.643	6192.69
-31604.0	7842.0	504.394	6185.41
-31604.0	7842.0	503.145	6056.09
-31604.0	7842.0	501.895	5818.81
-31604.0	7842.0	500.645	5799.61
-31604.0	7842.0	499.394	5800.41
-31604.0	7842.0	498.144	5863.18
-31604.0	7842.0	496.893	5863.96
-31604.0	7842.0	495.642	5684.91
-31604.0	7842.0	494.39	5563.87
-31604.0	7842.0	493.139	5470.84
-31604.0	7842.0	491.887	5521.63
-31604.0	7842.0	490.635	5422.65
-31604.0	7842.0	489.382	5415.54
-31604.0	7842.0	488.13	5302.66
-31604.0	7842.0	486.877	5323.51
-31604.0	7842.0	485.623	5202.71
-31604.0	7842.0	484.37	5213.6
-31604.0	7842.0	483.116	5122.79
-31604.0	7842.0	481.862	5081.85
-31604.0	7842.0	480.608	4993.09
-31604.0	7842.0	479.354	5045.86
-31604.0	7842.0	478.099	5028.88
-31604.0	7842.0	476.844	5087.59
-31604.0	7842.0	475.588	4984.97
-31604.0	7842.0	474.333	4960.04
-31604.0	7842.0	473.077	5092.39
-31604.0	7842.0	471.821	4963.95
-31604.0	7842.0	470.565	4927.1
-31604.0	7842.0	469.308	4697.28
-31604.0	7842.0	468.051	4773.88
-31604.0	7842.0	466.794	4754.99
-31604.0	7842.0	465.537	4634.7
-31604.0	7842.0	464.279	4470.73
-31604.0	7842.0	463.021	4463.84
-31604.0	7842.0	461.763	4413.23
-31604.0	7842.0	460.505	4454.03
-31604.0	7842.0	459.246	4377.63
-31604.0	7842.0	457.987	4269.48
-31604.0	7842.0	456.728	4294.41
-31604.0	7842.0	455.469	4156.55
-31604.0	7842.0	454.209	4038.59
-31604.0	7842.0	452.949	4007.99
-31604.0	7842.0	451.689	4032.94
-31604.0	7842.0	450.428	3998.38
-31604.0	7842.0	449.167	3951.94
-31604.0	7842.0	447.906	3895.61
-31604.0	7842.0	446.645	3928.49
-31604.0	7842.0	445.383	3907.85
-31604.0	7842.0	444.122	3778.26
-31604.0	7842.0	442.86	3739.83
-31604.0	7842.0	441.597	3733.11
-31604.0	7842.0	440.335	3726.39
-31604.0	7842.0	439.072	3658.3
-31604.0	7842.0	437.809	3522.95
-31604.0	7842.0	436.545	3569.71
-31604.0	7842.0	435.281	3456.19
-31604.0	7842.0	434.018	3550.41
-31604.0	7842.0	432.753	3518.03
-31604.0	7842.0	431.489	3382.85
-31604.0	7842.0	430.224	3374.23
-31604.0	7842.0	428.959	3420.96
-31604.0	7842.0	427.694	3307.62
-31604.0	7842.0	426.428	3261.49
-31604.0	7842.0	425.163	3329.93
-31604.0	7842.0	423.896	3281.84
-31604.0	7842.0	422.63	3154.81
-31604.0	7842.0	421.364	3211.39
-31604.0	7842.0	420.097	3123.88
-31604.0	7842.0	418.83	3150.85
-31604.0	7842.0	417.562	3162.02
-31604.0	7842.0	416.295	3139.67
-31604.0	7842.0	415.027	3133.09
-31604.0	7842.0	413.758	3114.69
-31604.0	7842.0	412.49	3068.71
-31604.0	7842.0	411.221	3099.59
-31604.0	7842.0	409.952	3071.36
-31604.0	7842.0	408.683	3049.05
-31604.0	7842.0	407.414	3066.13
-31604.0	7842.0	406.144	3083.21
-31604.0	7842.0	404.874	2999.89
-31604.0	7842.0	403.603	3003.19
-31604.0	7842.0	402.333	3008.46
-31604.0	7842.0	401.062	3013.73
-31604.0	7842.0	399.791	3099.63
-31604.0	7842.0	398.519	3124.55
-31604.0	7842.0	397.248	3037.39
-31604.0	7842.0	395.976	3036.75
-31604.0	7842.0	394.704	3102.92
-31604.0	7842.0	393.431	3053.15
-31604.0	7842.0	392.159	3162.51
-31604.0	7842.0	390.886	3061.68
-31604.0	7842.0	389.612	3064.97
-31604.0	7842.0	388.339	2936.72
-31604.0	7842.0	387.065	2985.17
-31604.0	7842.0	385.791	3043.41
-31604.0	7842.0	384.517	2991.76
-31604.0	7842.0	383.242	2983.28
-31604.0	7842.0	381.967	3023.83
-31604.0	7842.0	380.692	3005.55
-31604.0	7842.0	379.417	2959.83
-31604.0	7842.0	378.141	3029.76
-31604.0	7842.0	376.865	3109.45
-31604.0	7842.0	375.589	2985.38
-31604.0	7842.0	374.312	2978.88
-31604.0	7842.0	373.035	2980.21
-31604.0	7842.0	371.758	2944.34
-31604.0	7842.0	370.481	3031.79
-31604.0	7842.0	369.204	2903.96
-31604.0	7842.0	367.926	2963.99
-31604.0	7842.0	366.648	2953.59
-31604.0	7842.0	365.369	2921.67
-31604.0	7842.0	364.091	2989.49
-31604.0	7842.0	362.812	2898.93
-31604.0	7842.0	361.532	2978.45
-31604.0	7842.0	360.253	2919.2
-31604.0	7842.0	358.973	2949.84
-31604.0	7842.0	357.693	2914.06
-31604.0	7842.0	356.413	2995.46
-31604.0	7842.0	355.132	2856.21
-31604.0	7842.0	353.852	2925.87
-31604.0	7842.0	352.571	2970.14
-31604.0	7842.0	351.289	2977.31
-31604.0	7842.0	350.008	2863.54
-31604.0	7842.0	348.726	2962.4
-31604.0	7842.0	347.444	2930.57
-31604.0	7842.0	346.161	2949.45
-31604.0	7842.0	344.878	3001.44
-31604.0	7842.0	343.595	2963.78
-31604.0	7842.0	342.312	2957.31
-31604.0	7842.0	341.029	2941.1
-31604.0	7842.0	339.745	2948.27
-31604.0	7842.0	338.461	2961.27
-31604.0	7842.0	337.176	2978.16
-31604.0	7842.0	335.892	2956.12
-31604.0	7842.0	334.607	3023.59
-31604.0	7842.0	333.322	2999.61
-31604.0	7842.0	332.036	2993.13
-31604.0	7842.0	330.75	2973.05
-31604.0	7842.0	329.464	3013.25
-31604.0	7842.0	328.178	3061.2
-31604.0	7842.0	326.892	3122.73
-31604.0	7842.0	325.605	3133.72
-31604.0	7842.0	324.318	3065.07
-31604.0	7842.0	323.03	3046.94
-31604.0	7842.0	321.743	3075.42
-31604.0	7842.0	320.455	3117.47
-31604.0	7842.0	319.167	3087.69
-31604.0	7842.0	317.878	3189.87
-31604.0	7842.0	316.59	3115.48
-31604.0	7842.0	315.301	3109.0
-31604.0	7842.0	314.011	3123.85
-31604.0	7842.0	312.722	3094.1
-31604.0	7842.0	311.432	3200.05
-31604.0	7842.0	310.142	3176.11
-31604.0	7842.0	308.851	3229.68
-31604.0	7842.0	307.561	3265.8
-31604.0	7842.0	306.27	3288.34
-31604.0	7842.0	304.979	3237.3
-31604.0	7842.0	303.687	3341.14
-31604.0	7842.0	302.395	3216.57
-31604.0	7842.0	301.103	3293.28
-31604.0	7842.0	299.811	3203.59
-31604.0	7842.0	298.519	3220.31
-31604.0	7842.0	297.226	3250.57
-31604.0	7842.0	295.933	3189.94
-31604.0	7842.0	294.639	3198.92
-31604.0	7842.0	293.345	3134.47
-31604.0	7842.0	292.052	3156.99
-31604.0	7842.0	290.757	3092.57
-31604.0	7842.0	289.463	3103.49
-31604.0	7842.0	288.168	3112.49
-31604.0	7842.0	286.873	2997.93
-31604.0	7842.0	285.578	3105.37
-31604.0	7842.0	284.282	3129.79
-31604.0	7842.0	282.986	3117.54
-31604.0	7842.0	281.69	3045.51
-31604.0	7842.0	280.393	3048.72
-31604.0	7842.0	279.097	2957.46
-31604.0	7842.0	277.8	2987.66
-31604.0	7842.0	276.502	3014.01
-31604.0	7842.0	275.205	2942.07
-31604.0	7842.0	273.907	2951.08
-31604.0	7842.0	272.609	2844.52
-31604.0	7842.0	271.311	2867.02
-31604.0	7842.0	270.012	2847.15
-31604.0	7842.0	268.713	2829.22
-31604.0	7842.0	267.414	2874.8
-31604.0	7842.0	266.114	2799.16
-31604.0	7842.0	264.814	2835.1
-31604.0	7842.0	263.514	2799.88
-31604.0	7842.0	262.214	2781.98
-31604.0	7842.0	260.913	2825.59
-31604.0	7842.0	259.613	2726.98
-31604.0	7842.0	258.311	2772.51
-31604.0	7842.0	257.01	2687.39
-31604.0	7842.0	255.708	2780.92
-31604.0	7842.0	254.406	2663.2
-31604.0	7842.0	253.104	2639.59
-31604.0	7842.0	251.801	2658.22
-31604.0	7842.0	250.499	2659.57
-31604.0	7842.0	249.195	2630.22
-31604.0	7842.0	247.892	2633.49
-31604.0	7842.0	246.588	2573.48
-31604.0	7842.0	245.284	2620.86
-31604.0	7842.0	243.98	2606.88
-31604.0	7842.0	242.676	2552.66
-31604.0	7842.0	241.371	2594.27
-31604.0	7842.0	240.066	2551.57
-31604.0	7842.0	238.76	2583.58
-31604.0	7842.0	237.455	2517.92
-31604.0	7842.0	236.149	2517.38
-31604.0	7842.0	234.843	2467.08
-31604.0	7842.0	233.536	2409.14
-31604.0	7842.0	232.229	2521.5
-31604.0	7842.0	230.922	2532.44
-31604.0	7842.0	229.615	2472.61
-31604.0	7842.0	228.307	2424.28
-31604.0	7842.0	227.0	2498.31
-31604.0	7842.0	225.691	2469.11
-31604.0	7842.0	224.383	2353.94
-31604.0	7842.0	223.074	2372.53
-31604.0	7842.0	221.765	2364.39
-31604.0	7842.0	220.456	2363.88
-31604.0	7842.0	219.146	2401.55
-31604.0	7842.0	217.836	2347.59
-31604.0	7842.0	216.526	2415.78
-31604.0	7842.0	215.216	2352.31
-31604.0	7842.0	213.905	2315.56
-31604.0	7842.0	212.594	2315.06
-31604.0	7842.0	211.283	2392.73
-31604.0	7842.0	209.971	2388.41
-31604.0	7842.0	208.66	2345.97
-31604.0	7842.0	207.348	2461.69
-31604.0	7842.0	206.035	2424.97
-31604.0	7842.0	204.722	2496.82
-31604.0	7842.0	203.409	2660.03
-31604.0	7842.0	202.096	2589.02
-31604.0	7842.0	200.783	2666.5
-31604.0	7842.0	199.469	2797.23
-31604.0	7842.0	198.155	2720.52
-31604.0	7842.0	196.84	2740.86
-31604.0	7842.0	195.526	2827.75
-31604.0	7842.0	194.211	2827.14
-31604.0	7842.0	192.896	2769.51
-31604.0	7842.0	191.58	3190.8
-31604.0	7842.0	190.264	3021.02
-31604.0	7842.0	188.948	3005.17
-31604.0	7842.0	187.632	2977.93
-31604.0	7842.0	186.315	2962.1
-31604.0	7842.0	184.998	2957.67
-31604.0	7842.0	183.681	2983.6
-31604.0	7842.0	182.364	3051.27
-31604.0	7842.0	181.046	3115.12
-31604.0	7842.0	179.728	3038.58
-31604.0	7842.0	178.41	3022.75
-31604.0	7842.0	177.091	3075.18
-31604.0	7842.0	175.772	3106.75
-31604.0	7842.0	174.453	3026.48
-31604.0	7842.0	173.133	3059.93
-31604.0	7842.0	171.814	3108.53
-31604.0	7842.0	170.494	3134.37
-31604.0	7842.0	169.173	3097.72
-31604.0	7842.0	167.853	3078.12
-31604.0	7842.0	166.532	3094.49
-31604.0	7842.0	165.211	3230.07
-31604.0	7842.0	163.889	3244.5
-31604.0	7842.0	162.567	3194.63
-31604.0	7842.0	161.245	3131.54
-31604.0	7842.0	159.923	3181.91
-31604.0	7842.0	158.6	3234.15
-31604.0	7842.0	157.278	3222.11
-31604.0	7842.0	155.954	3253.53
-31604.0	7842.0	154.631	3254.72
-31604.0	7842.0	153.307	3182.25
-31604.0	7842.0	151.983	3313.74
-31604.0	7842.0	150.659	3195.98
-31604.0	7842.0	149.334	3238.7
-31604.0	7842.0	148.009	3181.4
-31604.0	7842.0	146.684	3241.08
-31604.0	7842.0	145.359	3242.27
-31604.0	7842.0	144.033	3300.02
-31604.0	7842.0	142.707	3254.06
-31604.0	7842.0	141.381	3300.48
-31604.0	7842.0	140.054	3307.31
-31604.0	7842.0	138.727	3282.1
-31604.0	7842.0	137.4	3224.88
-31604.0	7842.0	136.072	3209.12
-31604.0	7842.0	134.745	3234.79
-31604.0	7842.0	133.417	3292.45
-31604.0	7842.0	132.088	3154.35
-31604.0	7842.0	130.76	3187.53
-31604.0	7842.0	129.431	3200.02
-31604.0	7842.0	128.102	3223.78
-31604.0	7842.0	126.772	3296.42
-31604.0	7842.0	125.442	3244.94
-31604.0	7842.0	124.112	3154.02
-31604.0	7842.0	122.782	3143.94
-31604.0	7842.0	121.451	3090.66
-31604.0	7842.0	120.12	2996.07
-31604.0	7842.0	118.789	3113.74
-31604.0	7842.0	117.458	3030.45
-31604.0	7842.0	116.126	2879.62
-31604.0	7842.0	114.794	2865.86
-31604.0	7842.0	113.462	2923.41
-31604.0	7842.0	112.129	2860.87
-31604.0	7842.0	110.796	2877.13
-31604.0	7842.0	109.463	2822.13
-31604.0	7842.0	108.129	2716.54
-31604.0	7842.0	106.796	2699.08
-31604.0	7842.0	105.461	2646.03
-31604.0	7842.0	104.127	2497.44
-31604.0	7842.0	102.792	2423.85
-31604.0	7842.0	101.457	2374.64
-31604.0	7842.0	100.122	2181.27
-31604.0	7842.0	98.7867	2087.2
-31604.0	7842.0	97.4509	2176.59
-31604.0	7842.0	96.1148	2054.49
-31604.0	7842.0	94.7784	2031.6
-31604.0	7842.0	93.4418	1924.55
-31604.0	7842.0	92.1048	1896.09
-31604.0	7842.0	90.7676	1882.59
-31604.0	7842.0	89.43	1880.32
-31604.0	7842.0	88.0922	1805.16
-31604.0	7842.0	86.7541	1789.83
-31604.0	7842.0	85.4157	1804.38
