-31644.0	7830.0	1311.89	2023.78
-31644.0	7830.0	1310.78	2148.37
-31644.0	7830.0	1309.68	2148.02
-31644.0	7830.0	1308.58	2072.76
-31644.0	7830.0	1307.48	2104.21
-31644.0	7830.0	1306.38	2122.03
-31644.0	7830.0	1305.28	2096.73
-31644.0	7830.0	1304.18	2100.93
-31644.0	7830.0	1303.07	2089.25
-31644.0	7830.0	1301.97	2020.87
-31644.0	7830.0	1300.87	2029.62
-31644.0	7830.0	1299.77	2126.79
-31644.0	7830.0	1298.66	2038.04
-31644.0	7830.0	1297.56	2173.71
-31644.0	7830.0	1296.46	2062.31
-31644.0	7830.0	1295.35	2100.5
-31644.0	7830.0	1294.25	2118.29
-31644.0	7830.0	1293.15	2095.29
-31644.0	7830.0	1292.04	2140.25
-31644.0	7830.0	1290.94	2117.26
-31644.0	7830.0	1289.83	2076.17
-31644.0	7830.0	1288.73	2084.89
-31644.0	7830.0	1287.63	2075.5
-31644.0	7830.0	1286.52	2118.16
-31644.0	7830.0	1285.42	2077.1
-31644.0	7830.0	1284.31	2072.24
-31644.0	7830.0	1283.21	2105.83
-31644.0	7830.0	1282.1	2046.69
-31644.0	7830.0	1280.99	2057.67
-31644.0	7830.0	1279.89	2016.64
-31644.0	7830.0	1278.78	2041.18
-31644.0	7830.0	1277.68	2088.31
-31644.0	7830.0	1276.57	2121.87
-31644.0	7830.0	1275.46	2022.11
-31644.0	7830.0	1274.36	2069.23
-31644.0	7830.0	1273.25	2132.13
-31644.0	7830.0	1272.14	2147.59
-31644.0	7830.0	1271.04	2088.54
-31644.0	7830.0	1269.93	2115.29
-31644.0	7830.0	1268.82	2031.44
-31644.0	7830.0	1267.71	2055.93
-31644.0	7830.0	1266.61	2051.08
-31644.0	7830.0	1265.5	2095.87
-31644.0	7830.0	1264.39	2084.25
-31644.0	7830.0	1263.28	2029.79
-31644.0	7830.0	1262.17	2079.07
-31644.0	7830.0	1261.06	2130.58
-31644.0	7830.0	1259.95	2028.8
-31644.0	7830.0	1258.84	1999.17
-31644.0	7830.0	1257.74	2050.67
-31644.0	7830.0	1256.63	2045.83
-31644.0	7830.0	1255.52	2040.99
-31644.0	7830.0	1254.41	2108.23
-31644.0	7830.0	1253.3	2051.59
-31644.0	7830.0	1252.19	2053.51
-31644.0	7830.0	1251.08	2109.45
-31644.0	7830.0	1249.96	2124.86
-31644.0	7830.0	1248.85	2088.51
-31644.0	7830.0	1247.74	2052.16
-31644.0	7830.0	1246.63	2045.08
-31644.0	7830.0	1245.52	2011.0
-31644.0	7830.0	1244.41	1983.69
-31644.0	7830.0	1243.3	2001.35
-31644.0	7830.0	1242.18	2010.02
-31644.0	7830.0	1241.07	2059.14
-31644.0	7830.0	1239.96	2083.53
-31644.0	7830.0	1238.85	1961.84
-31644.0	7830.0	1237.74	1992.97
-31644.0	7830.0	1236.62	2062.29
-31644.0	7830.0	1235.51	2039.49
-31644.0	7830.0	1234.4	1962.8
-31644.0	7830.0	1233.28	1991.66
-31644.0	7830.0	1232.17	2009.3
-31644.0	7830.0	1231.06	2024.68
-31644.0	7830.0	1229.94	2064.74
-31644.0	7830.0	1228.83	1994.84
-31644.0	7830.0	1227.71	2012.46
-31644.0	7830.0	1226.6	2088.4
-31644.0	7830.0	1225.48	2040.96
-31644.0	7830.0	1224.37	1980.07
-31644.0	7830.0	1223.25	1988.72
-31644.0	7830.0	1222.14	2026.5
-31644.0	7830.0	1221.02	1961.16
-31644.0	7830.0	1219.91	1978.77
-31644.0	7830.0	1218.79	1962.76
-31644.0	7830.0	1217.68	1987.08
-31644.0	7830.0	1216.56	2040.5
-31644.0	7830.0	1215.44	1997.62
-31644.0	7830.0	1214.33	1959.22
-31644.0	7830.0	1213.21	2039.49
-31644.0	7830.0	1212.09	2003.34
-31644.0	7830.0	1210.98	2063.43
-31644.0	7830.0	1209.86	1948.97
-31644.0	7830.0	1208.74	1982.21
-31644.0	7830.0	1207.62	2028.86
-31644.0	7830.0	1206.51	1970.37
-31644.0	7830.0	1205.39	2066.2
-31644.0	7830.0	1204.27	1983.13
-31644.0	7830.0	1203.15	1971.62
-31644.0	7830.0	1202.03	2107.63
-31644.0	7830.0	1200.91	2042.48
-31644.0	7830.0	1199.8	1995.22
-31644.0	7830.0	1198.68	1999.35
-31644.0	7830.0	1197.56	2028.06
-31644.0	7830.0	1196.44	1958.49
-31644.0	7830.0	1195.32	1982.73
-31644.0	7830.0	1194.2	2020.35
-31644.0	7830.0	1193.08	1975.37
-31644.0	7830.0	1191.96	1948.26
-31644.0	7830.0	1190.84	1968.02
-31644.0	7830.0	1189.72	2001.15
-31644.0	7830.0	1188.6	1996.36
-31644.0	7830.0	1187.48	1984.87
-31644.0	7830.0	1186.35	2015.76
-31644.0	7830.0	1185.23	1950.77
-31644.0	7830.0	1184.11	1943.76
-31644.0	7830.0	1182.99	2010.29
-31644.0	7830.0	1181.87	2023.33
-31644.0	7830.0	1180.75	1962.83
-31644.0	7830.0	1179.62	1993.69
-31644.0	7830.0	1178.5	1962.17
-31644.0	7830.0	1177.38	1930.67
-31644.0	7830.0	1176.26	2034.99
-31644.0	7830.0	1175.13	1972.32
-31644.0	7830.0	1174.01	1943.05
-31644.0	7830.0	1172.89	2016.16
-31644.0	7830.0	1171.76	2024.72
-31644.0	7830.0	1170.64	2008.81
-31644.0	7830.0	1169.51	1990.68
-31644.0	7830.0	1168.39	1959.21
-31644.0	7830.0	1167.27	1987.79
-31644.0	7830.0	1166.14	1985.23
-31644.0	7830.0	1165.02	1998.23
-31644.0	7830.0	1163.89	1971.23
-31644.0	7830.0	1162.77	2004.22
-31644.0	7830.0	1161.64	1930.57
-31644.0	7830.0	1160.52	1945.8
-31644.0	7830.0	1159.39	1938.81
-31644.0	7830.0	1158.26	1960.68
-31644.0	7830.0	1157.14	1955.91
-31644.0	7830.0	1156.01	1995.54
-31644.0	7830.0	1154.88	1966.35
-31644.0	7830.0	1153.76	2041.46
-31644.0	7830.0	1152.63	1934.62
-31644.0	7830.0	1151.5	1985.31
-31644.0	7830.0	1150.38	1911.79
-31644.0	7830.0	1149.25	1969.12
-31644.0	7830.0	1148.12	1964.35
-31644.0	7830.0	1146.99	1952.94
-31644.0	7830.0	1145.87	1923.79
-31644.0	7830.0	1144.74	1967.78
-31644.0	7830.0	1143.61	1916.49
-31644.0	7830.0	1142.48	1894.01
-31644.0	7830.0	1141.35	2017.72
-31644.0	7830.0	1140.22	1948.73
-31644.0	7830.0	1139.09	1884.19
-31644.0	7830.0	1137.97	1961.35
-31644.0	7830.0	1136.84	1961.02
-31644.0	7830.0	1135.71	1965.11
-31644.0	7830.0	1134.58	1907.25
-31644.0	7830.0	1133.45	1968.87
-31644.0	7830.0	1132.32	2032.67
-31644.0	7830.0	1131.19	2025.69
-31644.0	7830.0	1130.05	1919.22
-31644.0	7830.0	1128.92	1885.73
-31644.0	7830.0	1127.79	1914.14
-31644.0	7830.0	1126.66	1966.85
-31644.0	7830.0	1125.53	1977.56
-31644.0	7830.0	1124.4	1928.62
-31644.0	7830.0	1123.27	1990.14
-31644.0	7830.0	1122.13	2025.14
-31644.0	7830.0	1121.0	1976.21
-31644.0	7830.0	1119.87	1916.27
-31644.0	7830.0	1118.74	1946.84
-31644.0	7830.0	1117.6	1966.37
-31644.0	7830.0	1116.47	2007.96
-31644.0	7830.0	1115.34	1879.65
-31644.0	7830.0	1114.2	1888.15
-31644.0	7830.0	1113.07	1949.58
-31644.0	7830.0	1111.94	1944.84
-31644.0	7830.0	1110.8	1911.43
-31644.0	7830.0	1109.67	1880.25
-31644.0	7830.0	1108.54	1985.71
-31644.0	7830.0	1107.4	1939.09
-31644.0	7830.0	1106.27	1914.53
-31644.0	7830.0	1105.13	1934.02
-31644.0	7830.0	1104.0	1902.85
-31644.0	7830.0	1102.86	1858.49
-31644.0	7830.0	1101.72	1906.6
-31644.0	7830.0	1100.59	1844.64
-31644.0	7830.0	1099.45	1965.37
-31644.0	7830.0	1098.32	1969.43
-31644.0	7830.0	1097.18	1933.89
-31644.0	7830.0	1096.04	2001.75
-31644.0	7830.0	1094.91	1948.62
-31644.0	7830.0	1093.77	1968.07
-31644.0	7830.0	1092.63	1967.73
-31644.0	7830.0	1091.5	1993.77
-31644.0	7830.0	1090.36	1973.64
-31644.0	7830.0	1089.22	1949.13
-31644.0	7830.0	1088.08	1865.3
-31644.0	7830.0	1086.95	1873.77
-31644.0	7830.0	1085.81	1945.92
-31644.0	7830.0	1084.67	1974.13
-31644.0	7830.0	1083.53	1923.29
-31644.0	7830.0	1082.39	1892.22
-31644.0	7830.0	1081.25	1902.87
-31644.0	7830.0	1080.11	1996.9
-31644.0	7830.0	1078.97	1985.58
-31644.0	7830.0	1077.83	1952.33
-31644.0	7830.0	1076.69	1914.71
-31644.0	7830.0	1075.55	1912.18
-31644.0	7830.0	1074.41	1911.85
-31644.0	7830.0	1073.27	1926.86
-31644.0	7830.0	1072.13	1898.03
-31644.0	7830.0	1070.99	1893.32
-31644.0	7830.0	1069.85	1917.09
-31644.0	7830.0	1068.71	1853.23
-31644.0	7830.0	1067.57	1979.93
-31644.0	7830.0	1066.43	1911.7
-31644.0	7830.0	1065.28	1904.8
-31644.0	7830.0	1064.14	1985.46
-31644.0	7830.0	1063.0	1882.25
-31644.0	7830.0	1061.86	1908.18
-31644.0	7830.0	1060.71	1907.85
-31644.0	7830.0	1059.57	1944.7
-31644.0	7830.0	1058.43	1970.61
-31644.0	7830.0	1057.29	1957.14
-31644.0	7830.0	1056.14	1956.8
-31644.0	7830.0	1055.0	1928.04
-31644.0	7830.0	1053.85	1914.58
-31644.0	7830.0	1052.71	1874.91
-31644.0	7830.0	1051.57	1988.2
-31644.0	7830.0	1050.42	1904.84
-31644.0	7830.0	1049.28	1928.53
-31644.0	7830.0	1048.13	1945.66
-31644.0	7830.0	1046.99	1901.65
-31644.0	7830.0	1045.84	1944.98
-31644.0	7830.0	1044.7	2005.74
-31644.0	7830.0	1043.55	2018.48
-31644.0	7830.0	1042.4	1959.22
-31644.0	7830.0	1041.26	1978.51
-31644.0	7830.0	1040.11	1949.81
-31644.0	7830.0	1038.97	1984.35
-31644.0	7830.0	1037.82	1990.54
-31644.0	7830.0	1036.67	1979.29
-31644.0	7830.0	1035.53	2020.35
-31644.0	7830.0	1034.38	1991.67
-31644.0	7830.0	1033.23	2043.6
-31644.0	7830.0	1032.08	1990.96
-31644.0	7830.0	1030.94	1979.72
-31644.0	7830.0	1029.79	2088.25
-31644.0	7830.0	1028.64	2044.34
-31644.0	7830.0	1027.49	2000.44
-31644.0	7830.0	1026.34	2006.61
-31644.0	7830.0	1025.19	2051.95
-31644.0	7830.0	1024.04	2034.19
-31644.0	7830.0	1022.89	2014.25
-31644.0	7830.0	1021.74	2072.61
-31644.0	7830.0	1020.59	2200.54
-31644.0	7830.0	1019.45	2063.18
-31644.0	7830.0	1018.29	2128.02
-31644.0	7830.0	1017.14	2084.18
-31644.0	7830.0	1015.99	2053.39
-31644.0	7830.0	1014.84	2068.23
-31644.0	7830.0	1013.69	2159.09
-31644.0	7830.0	1012.54	2145.68
-31644.0	7830.0	1011.39	2153.98
-31644.0	7830.0	1010.24	2179.65
-31644.0	7830.0	1009.09	2101.12
-31644.0	7830.0	1007.93	2207.08
-31644.0	7830.0	1006.78	2258.76
-31644.0	7830.0	1005.63	2256.19
-31644.0	7830.0	1004.48	2234.1
-31644.0	7830.0	1003.32	2092.74
-31644.0	7830.0	1002.17	2250.65
-31644.0	7830.0	1001.02	2224.23
-31644.0	7830.0	999.865	2260.68
-31644.0	7830.0	998.711	2247.27
-31644.0	7830.0	997.558	2318.37
-31644.0	7830.0	996.403	2382.95
-31644.0	7830.0	995.249	2230.91
-31644.0	7830.0	994.095	2386.42
-31644.0	7830.0	992.94	2418.47
-31644.0	7830.0	991.785	2370.42
-31644.0	7830.0	990.63	2395.96
-31644.0	7830.0	989.475	2421.5
-31644.0	7830.0	988.319	2503.28
-31644.0	7830.0	987.164	2505.0
-31644.0	7830.0	986.008	2506.71
-31644.0	7830.0	984.852	2517.07
-31644.0	7830.0	983.695	2624.72
-31644.0	7830.0	982.539	2615.6
-31644.0	7830.0	981.382	2688.61
-31644.0	7830.0	980.225	2575.76
-31644.0	7830.0	979.068	2596.9
-31644.0	7830.0	977.911	2577.0
-31644.0	7830.0	976.753	2604.61
-31644.0	7830.0	975.595	2599.82
-31644.0	7830.0	974.437	2666.28
-31644.0	7830.0	973.279	2633.42
-31644.0	7830.0	972.121	2697.69
-31644.0	7830.0	970.962	2679.94
-31644.0	7830.0	969.803	2662.19
-31644.0	7830.0	968.644	2627.2
-31644.0	7830.0	967.485	2598.69
-31644.0	7830.0	966.326	2665.06
-31644.0	7830.0	965.166	2586.97
-31644.0	7830.0	964.006	2702.89
-31644.0	7830.0	962.846	2711.03
-31644.0	7830.0	961.686	2669.6
-31644.0	7830.0	960.525	2664.8
-31644.0	7830.0	959.365	2675.09
-31644.0	7830.0	958.204	2698.29
-31644.0	7830.0	957.043	2781.77
-31644.0	7830.0	955.881	2731.76
-31644.0	7830.0	954.72	2724.8
-31644.0	7830.0	953.558	2732.91
-31644.0	7830.0	952.396	2710.9
-31644.0	7830.0	951.234	2663.08
-31644.0	7830.0	950.071	2677.66
-31644.0	7830.0	948.909	2726.63
-31644.0	7830.0	947.746	2807.83
-31644.0	7830.0	946.583	2787.97
-31644.0	7830.0	945.42	2742.33
-31644.0	7830.0	944.256	2711.75
-31644.0	7830.0	943.092	2715.55
-31644.0	7830.0	941.929	2706.46
-31644.0	7830.0	940.765	2757.51
-31644.0	7830.0	939.6	2666.82
-31644.0	7830.0	938.436	2758.65
-31644.0	7830.0	937.271	2685.17
-31644.0	7830.0	936.106	2568.79
-31644.0	7830.0	934.941	2606.94
-31644.0	7830.0	933.775	2595.74
-31644.0	7830.0	932.61	2584.54
-31644.0	7830.0	931.444	2453.25
-31644.0	7830.0	930.278	2446.37
-31644.0	7830.0	929.112	2413.77
-31644.0	7830.0	927.945	2383.32
-31644.0	7830.0	926.779	2393.6
-31644.0	7830.0	925.612	2318.17
-31644.0	7830.0	924.445	2341.31
-31644.0	7830.0	923.278	2334.45
-31644.0	7830.0	922.11	2338.31
-31644.0	7830.0	920.942	2241.54
-31644.0	7830.0	919.774	2305.34
-31644.0	7830.0	918.606	2212.89
-31644.0	7830.0	917.438	2203.92
-31644.0	7830.0	916.269	2231.33
-31644.0	7830.0	915.1	2186.0
-31644.0	7830.0	913.931	2279.7
-31644.0	7830.0	912.762	2200.16
-31644.0	7830.0	911.593	2221.14
-31644.0	7830.0	910.423	2199.35
-31644.0	7830.0	909.253	2049.36
-31644.0	7830.0	908.083	2149.4
-31644.0	7830.0	906.913	2095.6
-31644.0	7830.0	905.742	2108.02
-31644.0	7830.0	904.572	2024.35
-31644.0	7830.0	903.401	2056.01
-31644.0	7830.0	902.229	2102.59
-31644.0	7830.0	901.058	2129.94
-31644.0	7830.0	899.886	2146.62
-31644.0	7830.0	898.715	2086.49
-31644.0	7830.0	897.543	2092.5
-31644.0	7830.0	896.37	2066.52
-31644.0	7830.0	895.198	2172.75
-31644.0	7830.0	894.025	2153.16
-31644.0	7830.0	892.852	2103.73
-31644.0	7830.0	891.679	2163.01
-31644.0	7830.0	890.506	2073.12
-31644.0	7830.0	889.332	2025.87
-31644.0	7830.0	888.158	2063.83
-31644.0	7830.0	886.984	2076.23
-31644.0	7830.0	885.81	2063.07
-31644.0	7830.0	884.636	2107.39
-31644.0	7830.0	883.461	2083.58
-31644.0	7830.0	882.286	2055.53
-31644.0	7830.0	881.111	2027.49
-31644.0	7830.0	879.936	2093.05
-31644.0	7830.0	878.76	2005.47
-31644.0	7830.0	877.584	2056.13
-31644.0	7830.0	876.408	2106.76
-31644.0	7830.0	875.232	2119.12
-31644.0	7830.0	874.056	2025.22
-31644.0	7830.0	872.879	1992.97
-31644.0	7830.0	871.702	2043.59
-31644.0	7830.0	870.525	2004.97
-31644.0	7830.0	869.348	2072.55
-31644.0	7830.0	868.17	2014.84
-31644.0	7830.0	866.993	2105.74
-31644.0	7830.0	865.815	1978.01
-31644.0	7830.0	864.637	2124.05
-31644.0	7830.0	863.458	1960.29
-31644.0	7830.0	862.28	1962.05
-31644.0	7830.0	861.101	2008.33
-31644.0	7830.0	859.922	2058.85
-31644.0	7830.0	858.742	1988.5
-31644.0	7830.0	857.563	1979.65
-31644.0	7830.0	856.383	2032.26
-31644.0	7830.0	855.203	1953.48
-31644.0	7830.0	854.023	2008.19
-31644.0	7830.0	852.843	2014.17
-31644.0	7830.0	851.662	1933.32
-31644.0	7830.0	850.481	1979.54
-31644.0	7830.0	849.3	1964.35
-31644.0	7830.0	848.119	1921.65
-31644.0	7830.0	846.937	2063.06
-31644.0	7830.0	845.756	1939.96
-31644.0	7830.0	844.574	1977.67
-31644.0	7830.0	843.392	1994.22
-31644.0	7830.0	842.209	2021.33
-31644.0	7830.0	841.027	1976.55
-31644.0	7830.0	839.844	1936.02
-31644.0	7830.0	838.661	1954.67
-31644.0	7830.0	837.477	2009.24
-31644.0	7830.0	836.294	1981.4
-31644.0	7830.0	835.11	1930.33
-31644.0	7830.0	833.926	2031.32
-31644.0	7830.0	832.742	2079.5
-31644.0	7830.0	831.558	2024.22
-31644.0	7830.0	830.373	2017.51
-31644.0	7830.0	829.188	2036.12
-31644.0	7830.0	828.003	1989.32
-31644.0	7830.0	826.818	1957.31
-31644.0	7830.0	825.632	1935.85
-31644.0	7830.0	824.446	1971.32
-31644.0	7830.0	823.26	1933.0
-31644.0	7830.0	822.074	1953.71
-31644.0	7830.0	820.888	1925.95
-31644.0	7830.0	819.701	2020.39
-31644.0	7830.0	818.514	1973.66
-31644.0	7830.0	817.327	1990.14
-31644.0	7830.0	816.14	1968.7
-31644.0	7830.0	814.952	2002.01
-31644.0	7830.0	813.765	2014.26
-31644.0	7830.0	812.577	1973.89
-31644.0	7830.0	811.388	1923.02
-31644.0	7830.0	810.2	1958.41
-31644.0	7830.0	809.011	1955.94
-31644.0	7830.0	807.822	1936.64
-31644.0	7830.0	806.633	1919.45
-31644.0	7830.0	805.444	1984.24
-31644.0	7830.0	804.254	1931.33
-31644.0	7830.0	803.064	1928.86
-31644.0	7830.0	801.874	1903.28
-31644.0	7830.0	800.684	1928.12
-31644.0	7830.0	799.493	1944.55
-31644.0	7830.0	798.303	1988.27
-31644.0	7830.0	797.112	2031.97
-31644.0	7830.0	795.921	1920.35
-31644.0	7830.0	794.729	2018.6
-31644.0	7830.0	793.538	1946.89
-31644.0	7830.0	792.346	1910.85
-31644.0	7830.0	791.154	1929.36
-31644.0	7830.0	789.961	1943.67
-31644.0	7830.0	788.769	1939.1
-31644.0	7830.0	787.576	1909.39
-31644.0	7830.0	786.383	1940.46
-31644.0	7830.0	785.19	1887.7
-31644.0	7830.0	783.996	1881.06
-31644.0	7830.0	782.802	1861.85
-31644.0	7830.0	781.608	1884.52
-31644.0	7830.0	780.414	1865.32
-31644.0	7830.0	779.22	1919.38
-31644.0	7830.0	778.025	1933.66
-31644.0	7830.0	776.83	1906.09
-31644.0	7830.0	775.635	1822.04
-31644.0	7830.0	774.44	1905.35
-31644.0	7830.0	773.244	1923.81
-31644.0	7830.0	772.049	1927.62
-31644.0	7830.0	770.853	1923.06
-31644.0	7830.0	769.656	1887.16
-31644.0	7830.0	768.46	1928.59
-31644.0	7830.0	767.263	1986.71
-31644.0	7830.0	766.066	1911.14
-31644.0	7830.0	764.869	1906.59
-31644.0	7830.0	763.672	1862.38
-31644.0	7830.0	762.474	1935.08
-31644.0	7830.0	761.276	1940.96
-31644.0	7830.0	760.078	1880.08
-31644.0	7830.0	758.88	1915.18
-31644.0	7830.0	757.681	1866.83
-31644.0	7830.0	756.483	1841.45
-31644.0	7830.0	755.284	1897.38
-31644.0	7830.0	754.084	1836.56
-31644.0	7830.0	752.885	1900.82
-31644.0	7830.0	751.685	1910.87
-31644.0	7830.0	750.485	1902.16
-31644.0	7830.0	749.285	1874.71
-31644.0	7830.0	748.085	1899.34
-31644.0	7830.0	746.884	1921.88
-31644.0	7830.0	745.683	1856.97
-31644.0	7830.0	744.482	1894.07
-31644.0	7830.0	743.281	1827.11
-31644.0	7830.0	742.079	1909.98
-31644.0	7830.0	740.877	1878.41
-31644.0	7830.0	739.675	1848.92
-31644.0	7830.0	738.473	1861.04
-31644.0	7830.0	737.27	1789.99
-31644.0	7830.0	736.068	1849.92
-31644.0	7830.0	734.865	1857.87
-31644.0	7830.0	733.661	1805.57
-31644.0	7830.0	732.458	1919.47
-31644.0	7830.0	731.254	1854.71
-31644.0	7830.0	730.05	1862.65
-31644.0	7830.0	728.846	1874.75
-31644.0	7830.0	727.642	1797.58
-31644.0	7830.0	726.437	1847.03
-31644.0	7830.0	725.232	1852.9
-31644.0	7830.0	724.027	1819.34
-31644.0	7830.0	722.822	1864.62
-31644.0	7830.0	721.616	1905.73
-31644.0	7830.0	720.41	1855.59
-31644.0	7830.0	719.204	1799.26
-31644.0	7830.0	717.998	1890.1
-31644.0	7830.0	716.791	1887.66
-31644.0	7830.0	715.585	1874.86
-31644.0	7830.0	714.378	2071.26
-31644.0	7830.0	713.17	1867.91
-31644.0	7830.0	711.963	1867.54
-31644.0	7830.0	710.755	1873.39
-31644.0	7830.0	709.547	1827.49
-31644.0	7830.0	708.339	1843.68
-31644.0	7830.0	707.131	1905.38
-31644.0	7830.0	705.922	1880.19
-31644.0	7830.0	704.713	1888.09
-31644.0	7830.0	703.504	1900.12
-31644.0	7830.0	702.295	1846.0
-31644.0	7830.0	701.085	1829.11
-31644.0	7830.0	699.875	1888.67
-31644.0	7830.0	698.665	1892.43
-31644.0	7830.0	697.455	1927.17
-31644.0	7830.0	696.244	1947.44
-31644.0	7830.0	695.034	1878.92
-31644.0	7830.0	693.822	1859.97
-31644.0	7830.0	692.611	1874.05
-31644.0	7830.0	691.4	1929.4
-31644.0	7830.0	690.188	1918.7
-31644.0	7830.0	688.976	1914.2
-31644.0	7830.0	687.764	1897.32
-31644.0	7830.0	686.551	1905.2
-31644.0	7830.0	685.339	1985.22
-31644.0	7830.0	684.126	1976.58
-31644.0	7830.0	682.912	1974.13
-31644.0	7830.0	681.699	1951.07
-31644.0	7830.0	680.485	1919.79
-31644.0	7830.0	679.271	1919.41
-31644.0	7830.0	678.057	1935.5
-31644.0	7830.0	676.843	1953.65
-31644.0	7830.0	675.628	1934.74
-31644.0	7830.0	674.413	2000.2
-31644.0	7830.0	673.198	2047.13
-31644.0	7830.0	671.983	1939.76
-31644.0	7830.0	670.767	1943.48
-31644.0	7830.0	669.551	1969.83
-31644.0	7830.0	668.335	1971.49
-31644.0	7830.0	667.119	2063.59
-31644.0	7830.0	665.902	2022.08
-31644.0	7830.0	664.686	2036.06
-31644.0	7830.0	663.469	1988.41
-31644.0	7830.0	662.251	1992.13
-31644.0	7830.0	661.034	1950.66
-31644.0	7830.0	659.816	2018.02
-31644.0	7830.0	658.598	2073.04
-31644.0	7830.0	657.38	2023.37
-31644.0	7830.0	656.161	1996.3
-31644.0	7830.0	654.942	2006.16
-31644.0	7830.0	653.723	2061.13
-31644.0	7830.0	652.504	1988.95
-31644.0	7830.0	651.285	1988.56
-31644.0	7830.0	650.065	2047.6
-31644.0	7830.0	648.845	1973.42
-31644.0	7830.0	647.625	1948.44
-31644.0	7830.0	646.404	2036.13
-31644.0	7830.0	645.184	2088.97
-31644.0	7830.0	643.963	2043.51
-31644.0	7830.0	642.742	1942.79
-31644.0	7830.0	641.52	2054.97
-31644.0	7830.0	640.298	2046.37
-31644.0	7830.0	639.076	1980.49
-31644.0	7830.0	637.854	2078.28
-31644.0	7830.0	636.632	2114.68
-31644.0	7830.0	635.409	2057.0
-31644.0	7830.0	634.186	2119.97
-31644.0	7830.0	632.963	2013.26
-31644.0	7830.0	631.74	2004.68
-31644.0	7830.0	630.516	2110.52
-31644.0	7830.0	629.292	2050.86
-31644.0	7830.0	628.068	2083.12
-31644.0	7830.0	626.844	2029.62
-31644.0	7830.0	625.619	2033.29
-31644.0	7830.0	624.394	2057.38
-31644.0	7830.0	623.169	2065.12
-31644.0	7830.0	621.944	2101.43
-31644.0	7830.0	620.718	2072.45
-31644.0	7830.0	619.492	2055.72
-31644.0	7830.0	618.266	2098.13
-31644.0	7830.0	617.04	2095.67
-31644.0	7830.0	615.813	2048.37
-31644.0	7830.0	614.587	2155.96
-31644.0	7830.0	613.36	2063.84
-31644.0	7830.0	612.132	2132.68
-31644.0	7830.0	610.905	2010.06
-31644.0	7830.0	609.677	2082.95
-31644.0	7830.0	608.449	2076.43
-31644.0	7830.0	607.22	2159.46
-31644.0	7830.0	605.992	2095.94
-31644.0	7830.0	604.763	1983.62
-31644.0	7830.0	603.534	2019.83
-31644.0	7830.0	602.305	2054.0
-31644.0	7830.0	601.075	2025.12
-31644.0	7830.0	599.845	2024.71
-31644.0	7830.0	598.615	2038.52
-31644.0	7830.0	597.385	2036.08
-31644.0	7830.0	596.154	2009.26
-31644.0	7830.0	594.924	1958.07
-31644.0	7830.0	593.693	1988.14
-31644.0	7830.0	592.461	1989.76
-31644.0	7830.0	591.23	2031.99
-31644.0	7830.0	589.998	1990.99
-31644.0	7830.0	588.766	2006.82
-31644.0	7830.0	587.534	2018.58
-31644.0	7830.0	586.301	2022.23
-31644.0	7830.0	585.068	2064.41
-31644.0	7830.0	583.835	2017.36
-31644.0	7830.0	582.602	2041.27
-31644.0	7830.0	581.368	2059.1
-31644.0	7830.0	580.134	2008.02
-31644.0	7830.0	578.9	2021.8
-31644.0	7830.0	577.666	1974.8
-31644.0	7830.0	576.432	2002.75
-31644.0	7830.0	575.197	1988.17
-31644.0	7830.0	573.962	1987.77
-31644.0	7830.0	572.726	1993.43
-31644.0	7830.0	571.491	2035.52
-31644.0	7830.0	570.255	2035.1
-31644.0	7830.0	569.019	2048.85
-31644.0	7830.0	567.783	2016.08
-31644.0	7830.0	566.546	2080.36
-31644.0	7830.0	565.309	2029.4
-31644.0	7830.0	564.072	2111.85
-31644.0	7830.0	562.835	2044.74
-31644.0	7830.0	561.597	2115.03
-31644.0	7830.0	560.359	2074.2
-31644.0	7830.0	559.121	2098.01
-31644.0	7830.0	557.883	2065.28
-31644.0	7830.0	556.644	2101.19
-31644.0	7830.0	555.406	2183.5
-31644.0	7830.0	554.167	2223.41
-31644.0	7830.0	552.927	2226.99
-31644.0	7830.0	551.688	2250.73
-31644.0	7830.0	550.448	2296.65
-31644.0	7830.0	549.208	2298.2
-31644.0	7830.0	547.967	2317.88
-31644.0	7830.0	546.727	2351.66
-31644.0	7830.0	545.486	2447.89
-31644.0	7830.0	544.245	2374.87
-31644.0	7830.0	543.003	2456.96
-31644.0	7830.0	541.762	2545.05
-31644.0	7830.0	540.52	2631.09
-31644.0	7830.0	539.278	2676.84
-31644.0	7830.0	538.035	2754.77
-31644.0	7830.0	536.793	2943.32
-31644.0	7830.0	535.55	3085.53
-31644.0	7830.0	534.307	3078.86
-31644.0	7830.0	533.063	3227.01
-31644.0	7830.0	531.82	3529.89
-31644.0	7830.0	530.576	3892.93
-31644.0	7830.0	529.331	4251.81
-31644.0	7830.0	528.087	5034.43
-31644.0	7830.0	526.842	6089.88
-31644.0	7830.0	525.597	8052.58
-31644.0	7830.0	524.352	10982.2
-31644.0	7830.0	523.107	16311.3
-31644.0	7830.0	521.861	22266.4
-31644.0	7830.0	520.615	24428.8
-31644.0	7830.0	519.369	21358.5
-31644.0	7830.0	518.122	17224.5
-31644.0	7830.0	516.876	13763.9
-31644.0	7830.0	515.629	11613.9
-31644.0	7830.0	514.381	9733.4
-31644.0	7830.0	513.134	8607.16
-31644.0	7830.0	511.886	7721.8
-31644.0	7830.0	510.638	7305.56
-31644.0	7830.0	509.39	6781.33
-31644.0	7830.0	508.141	6509.62
-31644.0	7830.0	506.892	6135.91
-31644.0	7830.0	505.643	6132.65
-31644.0	7830.0	504.394	6043.33
-31644.0	7830.0	503.145	5848.02
-31644.0	7830.0	501.895	5778.8
-31644.0	7830.0	500.645	5843.6
-31644.0	7830.0	499.394	5756.42
-31644.0	7830.0	498.144	5685.26
-31644.0	7830.0	496.893	5891.94
-31644.0	7830.0	495.642	5694.9
-31644.0	7830.0	494.39	5765.64
-31644.0	7830.0	493.139	5538.75
-31644.0	7830.0	491.887	5493.67
-31644.0	7830.0	490.635	5442.62
-31644.0	7830.0	489.382	5377.61
-31644.0	7830.0	488.13	5248.77
-31644.0	7830.0	486.877	5239.7
-31644.0	7830.0	485.623	5238.62
-31644.0	7830.0	484.37	5137.81
-31644.0	7830.0	483.116	5092.87
-31644.0	7830.0	481.862	5129.7
-31644.0	7830.0	480.608	5130.63
-31644.0	7830.0	479.354	5033.91
-31644.0	7830.0	478.099	5004.97
-31644.0	7830.0	476.844	4950.15
-31644.0	7830.0	475.588	5030.77
-31644.0	7830.0	474.333	4983.93
-31644.0	7830.0	473.077	4867.43
-31644.0	7830.0	471.821	4846.52
-31644.0	7830.0	470.565	4835.56
-31644.0	7830.0	469.308	4581.89
-31644.0	7830.0	468.051	4638.62
-31644.0	7830.0	466.794	4715.21
-31644.0	7830.0	465.537	4648.62
-31644.0	7830.0	464.279	4556.21
-31644.0	7830.0	463.021	4497.63
-31644.0	7830.0	461.763	4470.86
-31644.0	7830.0	460.505	4442.11
-31644.0	7830.0	459.246	4320.03
-31644.0	7830.0	457.987	4168.21
-31644.0	7830.0	456.728	4230.87
-31644.0	7830.0	455.469	4138.68
-31644.0	7830.0	454.209	4068.36
-31644.0	7830.0	452.949	3982.19
-31644.0	7830.0	451.689	3973.43
-31644.0	7830.0	450.428	3992.43
-31644.0	7830.0	449.167	3949.96
-31644.0	7830.0	447.906	3881.73
-31644.0	7830.0	446.645	3892.81
-31644.0	7830.0	445.383	3846.42
-31644.0	7830.0	444.122	3716.84
-31644.0	7830.0	442.86	3759.64
-31644.0	7830.0	441.597	3687.56
-31644.0	7830.0	440.335	3639.27
-31644.0	7830.0	439.072	3533.59
-31644.0	7830.0	437.809	3526.91
-31644.0	7830.0	436.545	3526.17
-31644.0	7830.0	435.281	3430.48
-31644.0	7830.0	434.018	3487.12
-31644.0	7830.0	432.753	3458.7
-31644.0	7830.0	431.489	3372.96
-31644.0	7830.0	430.224	3394.0
-31644.0	7830.0	428.959	3357.72
-31644.0	7830.0	427.694	3317.5
-31644.0	7830.0	426.428	3249.64
-31644.0	7830.0	425.163	3252.91
-31644.0	7830.0	423.896	3291.72
-31644.0	7830.0	422.63	3131.12
-31644.0	7830.0	421.364	3248.89
-31644.0	7830.0	420.097	3141.64
-31644.0	7830.0	418.83	3129.15
-31644.0	7830.0	417.562	3173.86
-31644.0	7830.0	416.295	3252.08
-31644.0	7830.0	415.027	3077.88
-31644.0	7830.0	413.758	3177.78
-31644.0	7830.0	412.49	3052.94
-31644.0	7830.0	411.221	3087.77
-31644.0	7830.0	409.952	3108.79
-31644.0	7830.0	408.683	3110.11
-31644.0	7830.0	407.414	3079.92
-31644.0	7830.0	406.144	3028.08
-31644.0	7830.0	404.874	3045.16
-31644.0	7830.0	403.603	2971.7
-31644.0	7830.0	402.333	3102.91
-31644.0	7830.0	401.062	3159.3
-31644.0	7830.0	399.791	3133.07
-31644.0	7830.0	398.519	3039.99
-31644.0	7830.0	397.248	2964.65
-31644.0	7830.0	395.976	2964.02
-31644.0	7830.0	394.704	2986.98
-31644.0	7830.0	393.431	3094.41
-31644.0	7830.0	392.159	3056.44
-31644.0	7830.0	390.886	3067.58
-31644.0	7830.0	389.612	3064.97
-31644.0	7830.0	388.339	3013.28
-31644.0	7830.0	387.065	2932.18
-31644.0	7830.0	385.791	3051.26
-31644.0	7830.0	384.517	2976.06
-31644.0	7830.0	383.242	2993.09
-31644.0	7830.0	381.967	3010.11
-31644.0	7830.0	380.692	2980.06
-31644.0	7830.0	379.417	2928.47
-31644.0	7830.0	378.141	2957.25
-31644.0	7830.0	376.865	2968.38
-31644.0	7830.0	375.589	2979.51
-31644.0	7830.0	374.312	2914.25
-31644.0	7830.0	373.035	2939.09
-31644.0	7830.0	371.758	2973.7
-31644.0	7830.0	370.481	2976.99
-31644.0	7830.0	369.204	3029.2
-31644.0	7830.0	367.926	2977.69
-31644.0	7830.0	366.648	2859.7
-31644.0	7830.0	365.369	2792.6
-31644.0	7830.0	364.091	2887.82
-31644.0	7830.0	362.812	2871.57
-31644.0	7830.0	361.532	2888.55
-31644.0	7830.0	360.253	2866.44
-31644.0	7830.0	358.973	2867.79
-31644.0	7830.0	357.693	2910.15
-31644.0	7830.0	356.413	2909.54
-31644.0	7830.0	355.132	2903.06
-31644.0	7830.0	353.852	2931.73
-31644.0	7830.0	352.571	2942.81
-31644.0	7830.0	351.289	2901.22
-31644.0	7830.0	350.008	2840.13
-31644.0	7830.0	348.726	2884.39
-31644.0	7830.0	347.444	2868.18
-31644.0	7830.0	346.161	2939.7
-31644.0	7830.0	344.878	3001.44
-31644.0	7830.0	343.595	2883.89
-31644.0	7830.0	342.312	2883.28
-31644.0	7830.0	341.029	2945.0
-31644.0	7830.0	339.745	2956.06
-31644.0	7830.0	338.461	2978.79
-31644.0	7830.0	337.176	3009.3
-31644.0	7830.0	335.892	2977.53
-31644.0	7830.0	334.607	2947.71
-31644.0	7830.0	333.322	3013.22
-31644.0	7830.0	332.036	2952.29
-31644.0	7830.0	330.75	2961.39
-31644.0	7830.0	329.464	3091.01
-31644.0	7830.0	328.178	2954.3
-31644.0	7830.0	326.892	3035.28
-31644.0	7830.0	325.605	3022.98
-31644.0	7830.0	324.318	3006.8
-31644.0	7830.0	323.03	3011.99
-31644.0	7830.0	321.743	3089.01
-31644.0	7830.0	320.455	3191.23
-31644.0	7830.0	319.167	3112.92
-31644.0	7830.0	317.878	3133.61
-31644.0	7830.0	316.59	3098.02
-31644.0	7830.0	315.301	3099.3
-31644.0	7830.0	314.011	3088.95
-31644.0	7830.0	312.722	3055.33
-31644.0	7830.0	311.432	3132.21
-31644.0	7830.0	310.142	3191.62
-31644.0	7830.0	308.851	3185.12
-31644.0	7830.0	307.561	3145.7
-31644.0	7830.0	306.27	3249.61
-31644.0	7830.0	304.979	3256.66
-31644.0	7830.0	303.687	3312.11
-31644.0	7830.0	302.395	3237.86
-31644.0	7830.0	301.103	3237.17
-31644.0	7830.0	299.811	3244.21
-31644.0	7830.0	298.519	3179.7
-31644.0	7830.0	297.226	3238.96
-31644.0	7830.0	295.933	3145.47
-31644.0	7830.0	294.639	3110.01
-31644.0	7830.0	293.345	3142.2
-31644.0	7830.0	292.052	3114.48
-31644.0	7830.0	290.757	3106.09
-31644.0	7830.0	289.463	3043.63
-31644.0	7830.0	288.168	3010.15
-31644.0	7830.0	286.873	3086.73
-31644.0	7830.0	285.578	2995.36
-31644.0	7830.0	284.282	3127.86
-31644.0	7830.0	282.986	2955.49
-31644.0	7830.0	281.69	2979.94
-31644.0	7830.0	280.393	2975.44
-31644.0	7830.0	279.097	2899.62
-31644.0	7830.0	277.8	2979.95
-31644.0	7830.0	276.502	2902.23
-31644.0	7830.0	275.205	2893.91
-31644.0	7830.0	273.907	2918.33
-31644.0	7830.0	272.609	2831.04
-31644.0	7830.0	271.311	2799.63
-31644.0	7830.0	270.012	2831.75
-31644.0	7830.0	268.713	2863.87
-31644.0	7830.0	267.414	2828.62
-31644.0	7830.0	266.114	2881.88
-31644.0	7830.0	264.814	2879.34
-31644.0	7830.0	263.514	2732.58
-31644.0	7830.0	262.214	2745.45
-31644.0	7830.0	260.913	2815.98
-31644.0	7830.0	259.613	2813.46
-31644.0	7830.0	258.311	2745.61
-31644.0	7830.0	257.01	2718.13
-31644.0	7830.0	255.708	2702.18
-31644.0	7830.0	254.406	2726.56
-31644.0	7830.0	253.104	2601.2
-31644.0	7830.0	251.801	2656.3
-31644.0	7830.0	250.499	2615.43
-31644.0	7830.0	249.195	2591.85
-31644.0	7830.0	247.892	2602.8
-31644.0	7830.0	246.588	2581.15
-31644.0	7830.0	245.284	2595.94
-31644.0	7830.0	243.98	2497.62
-31644.0	7830.0	242.676	2522.0
-31644.0	7830.0	241.371	2500.38
-31644.0	7830.0	240.066	2532.41
-31644.0	7830.0	238.76	2549.11
-31644.0	7830.0	237.455	2519.84
-31644.0	7830.0	236.149	2440.81
-31644.0	7830.0	234.843	2423.06
-31644.0	7830.0	233.536	2493.34
-31644.0	7830.0	232.229	2469.85
-31644.0	7830.0	230.922	2517.13
-31644.0	7830.0	229.615	2474.52
-31644.0	7830.0	228.307	2487.38
-31644.0	7830.0	227.0	2475.37
-31644.0	7830.0	225.691	2421.33
-31644.0	7830.0	224.383	2306.17
-31644.0	7830.0	223.074	2301.85
-31644.0	7830.0	221.765	2347.2
-31644.0	7830.0	220.456	2375.33
-31644.0	7830.0	219.146	2397.73
-31644.0	7830.0	217.836	2343.78
-31644.0	7830.0	216.526	2364.26
-31644.0	7830.0	215.216	2300.8
-31644.0	7830.0	213.905	2338.45
-31644.0	7830.0	212.594	2315.06
-31644.0	7830.0	211.283	2293.59
-31644.0	7830.0	209.971	2380.78
-31644.0	7830.0	208.66	2372.65
-31644.0	7830.0	207.348	2379.76
-31644.0	7830.0	206.035	2417.35
-31644.0	7830.0	204.722	2460.63
-31644.0	7830.0	203.409	2505.8
-31644.0	7830.0	202.096	2442.44
-31644.0	7830.0	200.783	2573.24
-31644.0	7830.0	199.469	2677.34
-31644.0	7830.0	198.155	2610.18
-31644.0	7830.0	196.84	2719.94
-31644.0	7830.0	195.526	2745.98
-31644.0	7830.0	194.211	2772.0
-31644.0	7830.0	192.896	2877.85
-31644.0	7830.0	191.58	3063.47
-31644.0	7830.0	190.264	2924.11
-31644.0	7830.0	188.948	2969.08
-31644.0	7830.0	187.632	2985.53
-31644.0	7830.0	186.315	2922.23
-31644.0	7830.0	184.998	2893.12
-31644.0	7830.0	183.681	2974.11
-31644.0	7830.0	182.364	2954.49
-31644.0	7830.0	181.046	2972.83
-31644.0	7830.0	179.728	2991.16
-31644.0	7830.0	178.41	3007.58
-31644.0	7830.0	177.091	3107.42
-31644.0	7830.0	175.772	2998.7
-31644.0	7830.0	174.453	2998.06
-31644.0	7830.0	173.133	3010.67
-31644.0	7830.0	171.814	3085.79
-31644.0	7830.0	170.494	3088.92
-31644.0	7830.0	169.173	3075.0
-31644.0	7830.0	167.853	3013.76
-31644.0	7830.0	166.532	3013.11
-31644.0	7830.0	165.211	3110.85
-31644.0	7830.0	163.889	3115.86
-31644.0	7830.0	162.567	3060.34
-31644.0	7830.0	161.245	3120.19
-31644.0	7830.0	159.923	3119.52
-31644.0	7830.0	158.6	3198.23
-31644.0	7830.0	157.278	3216.44
-31644.0	7830.0	155.954	3119.39
-31644.0	7830.0	154.631	3254.72
-31644.0	7830.0	153.307	3208.69
-31644.0	7830.0	151.983	3258.98
-31644.0	7830.0	150.659	3333.79
-31644.0	7830.0	149.334	3227.38
-31644.0	7830.0	148.009	3173.85
-31644.0	7830.0	146.684	3265.6
-31644.0	7830.0	145.359	3246.04
-31644.0	7830.0	144.033	3158.59
-31644.0	7830.0	142.707	3208.82
-31644.0	7830.0	141.381	3217.55
-31644.0	7830.0	140.054	3245.12
-31644.0	7830.0	138.727	3140.8
-31644.0	7830.0	137.4	3268.21
-31644.0	7830.0	136.072	3211.0
-31644.0	7830.0	134.745	3251.74
-31644.0	7830.0	133.417	3194.56
-31644.0	7830.0	132.088	3197.63
-31644.0	7830.0	130.76	3212.0
-31644.0	7830.0	129.431	3245.17
-31644.0	7830.0	128.102	3180.52
-31644.0	7830.0	126.772	3189.23
-31644.0	7830.0	125.442	3175.38
-31644.0	7830.0	124.112	3118.31
-31644.0	7830.0	122.782	3254.82
-31644.0	7830.0	121.451	3086.9
-31644.0	7830.0	120.12	2992.31
-31644.0	7830.0	118.789	3001.06
-31644.0	7830.0	117.458	3030.45
-31644.0	7830.0	116.126	2941.57
-31644.0	7830.0	114.794	2871.49
-31644.0	7830.0	113.462	2912.15
-31644.0	7830.0	112.129	2915.27
-31644.0	7830.0	110.796	2865.88
-31644.0	7830.0	109.463	2709.62
-31644.0	7830.0	108.129	2697.79
-31644.0	7830.0	106.796	2605.36
-31644.0	7830.0	105.461	2539.21
-31644.0	7830.0	104.127	2463.72
-31644.0	7830.0	102.792	2406.99
-31644.0	7830.0	101.457	2335.31
-31644.0	7830.0	100.122	2258.04
-31644.0	7830.0	98.7867	2259.42
-31644.0	7830.0	97.4509	2170.97
-31644.0	7830.0	96.1148	2119.98
-31644.0	7830.0	94.7784	1992.32
-31644.0	7830.0	93.4418	1937.65
-31644.0	7830.0	92.1048	1942.84
-31644.0	7830.0	90.7676	1906.9
-31644.0	7830.0	89.43	1865.36
-31644.0	7830.0	88.0922	1750.97
-31644.0	7830.0	86.7541	1832.8
-31644.0	7830.0	85.4157	1774.5
