-31644.0	7810.0	1311.89	2026.06
-31644.0	7810.0	1310.78	2062.07
-31644.0	7810.0	1309.68	2148.02
-31644.0	7810.0	1308.58	2111.35
-31644.0	7810.0	1307.48	2029.3
-31644.0	7810.0	1306.38	2135.64
-31644.0	7810.0	1305.28	2144.38
-31644.0	7810.0	1304.18	2085.05
-31644.0	7810.0	1303.07	2073.37
-31644.0	7810.0	1301.97	2150.15
-31644.0	7810.0	1300.87	2006.94
-31644.0	7810.0	1299.77	1961.27
-31644.0	7810.0	1298.66	2058.44
-31644.0	7810.0	1297.56	2071.71
-31644.0	7810.0	1296.46	2055.51
-31644.0	7810.0	1295.35	2061.98
-31644.0	7810.0	1294.25	2025.4
-31644.0	7810.0	1293.15	2099.82
-31644.0	7810.0	1292.04	2099.49
-31644.0	7810.0	1290.94	2196.52
-31644.0	7810.0	1289.83	2087.49
-31644.0	7810.0	1288.73	1996.61
-31644.0	7810.0	1287.63	2050.61
-31644.0	7810.0	1286.52	2095.53
-31644.0	7810.0	1285.42	2038.63
-31644.0	7810.0	1284.31	2103.91
-31644.0	7810.0	1283.21	2049.28
-31644.0	7810.0	1282.1	2132.63
-31644.0	7810.0	1280.99	2091.58
-31644.0	7810.0	1279.89	2039.25
-31644.0	7810.0	1278.78	2122.55
-31644.0	7810.0	1277.68	2090.57
-31644.0	7810.0	1276.57	2067.64
-31644.0	7810.0	1275.46	2056.0
-31644.0	7810.0	1274.36	2127.96
-31644.0	7810.0	1273.25	2073.41
-31644.0	7810.0	1272.14	2097.91
-31644.0	7810.0	1271.04	2020.8
-31644.0	7810.0	1269.93	2067.89
-31644.0	7810.0	1268.82	2103.66
-31644.0	7810.0	1267.71	2064.96
-31644.0	7810.0	1266.61	2143.6
-31644.0	7810.0	1265.5	2019.17
-31644.0	7810.0	1264.39	2036.88
-31644.0	7810.0	1263.28	2036.55
-31644.0	7810.0	1262.17	2036.22
-31644.0	7810.0	1261.06	2067.46
-31644.0	7810.0	1259.95	2130.24
-31644.0	7810.0	1258.84	2017.2
-31644.0	7810.0	1257.74	1987.57
-31644.0	7810.0	1256.63	2093.15
-31644.0	7810.0	1255.52	2079.29
-31644.0	7810.0	1254.41	2074.45
-31644.0	7810.0	1253.3	2107.89
-31644.0	7810.0	1252.19	2010.72
-31644.0	7810.0	1251.08	1985.63
-31644.0	7810.0	1249.96	2102.35
-31644.0	7810.0	1248.85	2014.24
-31644.0	7810.0	1247.74	2020.66
-31644.0	7810.0	1246.63	2063.08
-31644.0	7810.0	1245.52	2058.24
-31644.0	7810.0	1244.41	1979.19
-31644.0	7810.0	1243.3	1974.37
-31644.0	7810.0	1242.18	2043.74
-31644.0	7810.0	1241.07	2054.65
-31644.0	7810.0	1239.96	1995.87
-31644.0	7810.0	1238.85	2004.53
-31644.0	7810.0	1237.74	1999.71
-31644.0	7810.0	1236.62	1927.5
-31644.0	7810.0	1235.51	1976.59
-31644.0	7810.0	1234.4	1904.41
-31644.0	7810.0	1233.28	1993.91
-31644.0	7810.0	1232.17	2038.48
-31644.0	7810.0	1231.06	1982.03
-31644.0	7810.0	1229.94	1995.17
-31644.0	7810.0	1228.83	1961.18
-31644.0	7810.0	1227.71	2050.6
-31644.0	7810.0	1226.6	2097.37
-31644.0	7810.0	1225.48	2000.59
-31644.0	7810.0	1224.37	2036.13
-31644.0	7810.0	1223.25	2024.59
-31644.0	7810.0	1222.14	1959.25
-31644.0	7810.0	1221.02	1934.27
-31644.0	7810.0	1219.91	1976.53
-31644.0	7810.0	1218.79	2005.33
-31644.0	7810.0	1217.68	2000.52
-31644.0	7810.0	1216.56	1973.31
-31644.0	7810.0	1215.44	2031.21
-31644.0	7810.0	1214.33	2024.16
-31644.0	7810.0	1213.21	1956.66
-31644.0	7810.0	1212.09	2003.34
-31644.0	7810.0	1210.98	1969.44
-31644.0	7810.0	1209.86	1964.64
-31644.0	7810.0	1208.74	1988.92
-31644.0	7810.0	1207.62	1984.12
-31644.0	7810.0	1206.51	1999.44
-31644.0	7810.0	1205.39	1992.4
-31644.0	7810.0	1204.27	1931.71
-31644.0	7810.0	1203.15	1909.03
-31644.0	7810.0	1202.03	2051.76
-31644.0	7810.0	1200.91	1948.62
-31644.0	7810.0	1199.8	1966.17
-31644.0	7810.0	1198.68	1981.48
-31644.0	7810.0	1197.56	1954.35
-31644.0	7810.0	1196.44	1911.6
-31644.0	7810.0	1195.32	1967.1
-31644.0	7810.0	1194.2	1975.7
-31644.0	7810.0	1193.08	2026.71
-31644.0	7810.0	1191.96	1919.25
-31644.0	7810.0	1190.84	1992.56
-31644.0	7810.0	1189.72	2019.0
-31644.0	7810.0	1188.6	1962.9
-31644.0	7810.0	1187.48	1971.49
-31644.0	7810.0	1186.35	1995.69
-31644.0	7810.0	1185.23	1948.54
-31644.0	7810.0	1184.11	1923.69
-31644.0	7810.0	1182.99	1872.11
-31644.0	7810.0	1181.87	1925.28
-31644.0	7810.0	1180.75	1889.31
-31644.0	7810.0	1179.62	2060.52
-31644.0	7810.0	1178.5	1944.36
-31644.0	7810.0	1177.38	1999.7
-31644.0	7810.0	1176.26	2061.71
-31644.0	7810.0	1175.13	1967.87
-31644.0	7810.0	1174.01	1929.7
-31644.0	7810.0	1172.89	1971.66
-31644.0	7810.0	1171.76	1911.25
-31644.0	7810.0	1170.64	1986.57
-31644.0	7810.0	1169.51	1950.64
-31644.0	7810.0	1168.39	2050.39
-31644.0	7810.0	1167.27	1985.56
-31644.0	7810.0	1166.14	1898.53
-31644.0	7810.0	1165.02	1938.22
-31644.0	7810.0	1163.89	1924.56
-31644.0	7810.0	1162.77	1982.0
-31644.0	7810.0	1161.64	1895.03
-31644.0	7810.0	1160.52	2010.21
-31644.0	7810.0	1159.39	1958.79
-31644.0	7810.0	1158.26	1845.22
-31644.0	7810.0	1157.14	1918.17
-31644.0	7810.0	1156.01	1993.32
-31644.0	7810.0	1154.88	2012.95
-31644.0	7810.0	1153.76	1952.7
-31644.0	7810.0	1152.63	1908.0
-31644.0	7810.0	1151.5	1972.0
-31644.0	7810.0	1150.38	1929.53
-31644.0	7810.0	1149.25	1960.25
-31644.0	7810.0	1148.12	1984.31
-31644.0	7810.0	1146.99	1983.97
-31644.0	7810.0	1145.87	1945.96
-31644.0	7810.0	1144.74	1958.92
-31644.0	7810.0	1143.61	1980.74
-31644.0	7810.0	1142.48	1920.6
-31644.0	7810.0	1141.35	1893.69
-31644.0	7810.0	1140.22	1981.95
-31644.0	7810.0	1139.09	1910.76
-31644.0	7810.0	1137.97	1930.36
-31644.0	7810.0	1136.84	1963.23
-31644.0	7810.0	1135.71	1980.6
-31644.0	7810.0	1134.58	1878.49
-31644.0	7810.0	1133.45	1895.86
-31644.0	7810.0	1132.32	1972.95
-31644.0	7810.0	1131.19	1923.97
-31644.0	7810.0	1130.05	1905.95
-31644.0	7810.0	1128.92	1923.31
-31644.0	7810.0	1127.79	1920.77
-31644.0	7810.0	1126.66	1935.91
-31644.0	7810.0	1125.53	1902.44
-31644.0	7810.0	1124.4	1968.39
-31644.0	7810.0	1123.27	1945.96
-31644.0	7810.0	1122.13	1919.13
-31644.0	7810.0	1121.0	1894.51
-31644.0	7810.0	1119.87	1914.06
-31644.0	7810.0	1118.74	1920.35
-31644.0	7810.0	1117.6	1886.92
-31644.0	7810.0	1116.47	1884.39
-31644.0	7810.0	1115.34	1956.87
-31644.0	7810.0	1114.2	1943.3
-31644.0	7810.0	1113.07	1916.5
-31644.0	7810.0	1111.94	1850.02
-31644.0	7810.0	1110.8	1957.73
-31644.0	7810.0	1109.67	1926.54
-31644.0	7810.0	1108.54	1957.06
-31644.0	7810.0	1107.4	1855.36
-31644.0	7810.0	1106.27	1861.65
-31644.0	7810.0	1105.13	1867.94
-31644.0	7810.0	1104.0	1938.09
-31644.0	7810.0	1102.86	1862.89
-31644.0	7810.0	1101.72	1884.59
-31644.0	7810.0	1100.59	1873.26
-31644.0	7810.0	1099.45	1945.56
-31644.0	7810.0	1098.32	1918.82
-31644.0	7810.0	1097.18	1953.69
-31644.0	7810.0	1096.04	1940.15
-31644.0	7810.0	1094.91	1939.82
-31644.0	7810.0	1093.77	1965.87
-31644.0	7810.0	1092.63	1974.33
-31644.0	7810.0	1091.5	1941.01
-31644.0	7810.0	1090.36	1947.27
-31644.0	7810.0	1089.22	1946.93
-31644.0	7810.0	1088.08	1893.86
-31644.0	7810.0	1086.95	1919.9
-31644.0	7810.0	1085.81	1923.96
-31644.0	7810.0	1084.67	1980.72
-31644.0	7810.0	1083.53	1918.9
-31644.0	7810.0	1082.39	1916.37
-31644.0	7810.0	1081.25	1916.04
-31644.0	7810.0	1080.11	1902.54
-31644.0	7810.0	1078.97	1926.34
-31644.0	7810.0	1077.83	1958.91
-31644.0	7810.0	1076.69	1888.39
-31644.0	7810.0	1075.55	1936.3
-31644.0	7810.0	1074.41	1865.8
-31644.0	7810.0	1073.27	1959.74
-31644.0	7810.0	1072.13	1895.84
-31644.0	7810.0	1070.99	1976.59
-31644.0	7810.0	1069.85	1943.38
-31644.0	7810.0	1068.71	1918.94
-31644.0	7810.0	1067.57	1872.61
-31644.0	7810.0	1066.43	1894.19
-31644.0	7810.0	1065.28	1952.97
-31644.0	7810.0	1064.14	1869.44
-31644.0	7810.0	1063.0	1853.8
-31644.0	7810.0	1061.86	1866.6
-31644.0	7810.0	1060.71	1942.85
-31644.0	7810.0	1059.57	1992.83
-31644.0	7810.0	1058.43	1918.11
-31644.0	7810.0	1057.29	1889.35
-31644.0	7810.0	1056.14	1864.97
-31644.0	7810.0	1055.0	1882.13
-31644.0	7810.0	1053.85	1923.33
-31644.0	7810.0	1052.71	1944.84
-31644.0	7810.0	1051.57	2012.23
-31644.0	7810.0	1050.42	1924.5
-31644.0	7810.0	1049.28	1904.5
-31644.0	7810.0	1048.13	1993.7
-31644.0	7810.0	1046.99	1903.83
-31644.0	7810.0	1045.84	1914.41
-31644.0	7810.0	1044.7	1997.01
-31644.0	7810.0	1043.55	1894.1
-31644.0	7810.0	1042.4	1902.49
-31644.0	7810.0	1041.26	2009.05
-31644.0	7810.0	1040.11	1993.43
-31644.0	7810.0	1038.97	1979.99
-31644.0	7810.0	1037.82	1988.36
-31644.0	7810.0	1036.67	1940.06
-31644.0	7810.0	1035.53	2002.92
-31644.0	7810.0	1034.38	1991.67
-31644.0	7810.0	1033.23	1995.67
-31644.0	7810.0	1032.08	2014.93
-31644.0	7810.0	1030.94	2049.42
-31644.0	7810.0	1029.79	2053.41
-31644.0	7810.0	1028.64	2044.34
-31644.0	7810.0	1027.49	2020.03
-31644.0	7810.0	1026.34	2026.2
-31644.0	7810.0	1025.19	2069.36
-31644.0	7810.0	1024.04	2084.22
-31644.0	7810.0	1022.89	2049.05
-31644.0	7810.0	1021.74	2107.41
-31644.0	7810.0	1020.59	2146.17
-31644.0	7810.0	1019.45	2130.57
-31644.0	7810.0	1018.29	2154.11
-31644.0	7810.0	1017.14	2134.16
-31644.0	7810.0	1015.99	2109.88
-31644.0	7810.0	1014.84	2179.03
-31644.0	7810.0	1013.69	2117.82
-31644.0	7810.0	1012.54	2108.76
-31644.0	7810.0	1011.39	2140.95
-31644.0	7810.0	1010.24	2092.81
-31644.0	7810.0	1009.09	2196.62
-31644.0	7810.0	1007.93	2126.79
-31644.0	7810.0	1006.78	2113.39
-31644.0	7810.0	1005.63	2167.25
-31644.0	7810.0	1004.48	2218.92
-31644.0	7810.0	1003.32	2255.39
-31644.0	7810.0	1002.17	2235.47
-31644.0	7810.0	1001.02	2191.71
-31644.0	7810.0	999.865	2280.19
-31644.0	7810.0	998.711	2338.29
-31644.0	7810.0	997.558	2296.71
-31644.0	7810.0	996.403	2250.8
-31644.0	7810.0	995.249	2256.9
-31644.0	7810.0	994.095	2297.64
-31644.0	7810.0	992.94	2368.68
-31644.0	7810.0	991.785	2337.94
-31644.0	7810.0	990.63	2432.76
-31644.0	7810.0	989.475	2497.24
-31644.0	7810.0	988.319	2557.37
-31644.0	7810.0	987.164	2567.73
-31644.0	7810.0	986.008	2422.36
-31644.0	7810.0	984.852	2508.42
-31644.0	7810.0	983.695	2598.78
-31644.0	7810.0	982.539	2533.46
-31644.0	7810.0	981.382	2565.42
-31644.0	7810.0	980.225	2588.73
-31644.0	7810.0	979.068	2555.86
-31644.0	7810.0	977.911	2553.23
-31644.0	7810.0	976.753	2608.93
-31644.0	7810.0	975.595	2703.47
-31644.0	7810.0	974.437	2670.59
-31644.0	7810.0	973.279	2696.02
-31644.0	7810.0	972.121	2678.26
-31644.0	7810.0	970.962	2736.04
-31644.0	7810.0	969.803	2672.98
-31644.0	7810.0	968.644	2700.54
-31644.0	7810.0	967.485	2652.6
-31644.0	7810.0	966.326	2658.59
-31644.0	7810.0	965.166	2705.54
-31644.0	7810.0	964.006	2717.98
-31644.0	7810.0	962.846	2670.08
-31644.0	7810.0	961.686	2602.8
-31644.0	7810.0	960.525	2705.73
-31644.0	7810.0	959.365	2707.4
-31644.0	7810.0	958.204	2721.98
-31644.0	7810.0	957.043	2833.45
-31644.0	7810.0	955.881	2766.2
-31644.0	7810.0	954.72	2621.49
-31644.0	7810.0	953.558	2844.81
-31644.0	7810.0	952.396	2734.57
-31644.0	7810.0	951.234	2729.77
-31644.0	7810.0	950.071	2755.08
-31644.0	7810.0	948.909	2758.88
-31644.0	7810.0	947.746	2758.38
-31644.0	7810.0	946.583	2772.92
-31644.0	7810.0	945.42	2677.85
-31644.0	7810.0	944.256	2784.8
-31644.0	7810.0	943.092	2754.22
-31644.0	7810.0	941.929	2727.94
-31644.0	7810.0	940.765	2785.43
-31644.0	7810.0	939.6	2666.82
-31644.0	7810.0	938.436	2657.75
-31644.0	7810.0	937.271	2646.53
-31644.0	7810.0	936.106	2635.32
-31644.0	7810.0	934.941	2684.18
-31644.0	7810.0	933.775	2548.54
-31644.0	7810.0	932.61	2537.35
-31644.0	7810.0	931.444	2429.67
-31644.0	7810.0	930.278	2493.54
-31644.0	7810.0	929.112	2394.48
-31644.0	7810.0	927.945	2321.17
-31644.0	7810.0	926.779	2284.31
-31644.0	7810.0	925.612	2339.6
-31644.0	7810.0	924.445	2352.02
-31644.0	7810.0	923.278	2306.61
-31644.0	7810.0	922.11	2254.8
-31644.0	7810.0	920.942	2203.0
-31644.0	7810.0	919.774	2298.92
-31644.0	7810.0	918.606	2221.45
-31644.0	7810.0	917.438	2255.28
-31644.0	7810.0	916.269	2289.09
-31644.0	7810.0	915.1	2173.17
-31644.0	7810.0	913.931	2296.8
-31644.0	7810.0	912.762	2198.03
-31644.0	7810.0	911.593	2165.55
-31644.0	7810.0	910.423	2182.25
-31644.0	7810.0	909.253	2092.1
-31644.0	7810.0	908.083	2074.62
-31644.0	7810.0	906.913	2181.04
-31644.0	7810.0	905.742	2157.15
-31644.0	7810.0	904.572	2124.72
-31644.0	7810.0	903.401	2143.54
-31644.0	7810.0	902.229	2215.72
-31644.0	7810.0	901.058	2168.36
-31644.0	7810.0	899.886	2146.62
-31644.0	7810.0	898.715	2097.15
-31644.0	7810.0	897.543	2075.43
-31644.0	7810.0	896.37	2051.59
-31644.0	7810.0	895.198	2059.74
-31644.0	7810.0	894.025	2072.15
-31644.0	7810.0	892.852	2088.81
-31644.0	7810.0	891.679	2050.07
-31644.0	7810.0	890.506	2049.69
-31644.0	7810.0	889.332	2104.69
-31644.0	7810.0	888.158	2068.09
-31644.0	7810.0	886.984	2118.82
-31644.0	7810.0	885.81	2107.78
-31644.0	7810.0	884.636	2137.19
-31644.0	7810.0	883.461	2094.22
-31644.0	7810.0	882.286	2064.04
-31644.0	7810.0	881.111	2087.06
-31644.0	7810.0	879.936	2065.4
-31644.0	7810.0	878.76	2062.89
-31644.0	7810.0	877.584	1992.34
-31644.0	7810.0	876.408	2047.24
-31644.0	7810.0	875.232	2089.37
-31644.0	7810.0	874.056	2065.6
-31644.0	7810.0	872.879	1978.1
-31644.0	7810.0	871.702	2073.33
-31644.0	7810.0	870.525	2036.83
-31644.0	7810.0	869.348	1955.76
-31644.0	7810.0	868.17	1993.61
-31644.0	7810.0	866.993	1980.5
-31644.0	7810.0	865.815	2005.6
-31644.0	7810.0	864.637	2034.93
-31644.0	7810.0	863.458	2009.09
-31644.0	7810.0	862.28	2000.23
-31644.0	7810.0	861.101	2027.42
-31644.0	7810.0	859.922	1980.39
-31644.0	7810.0	858.742	2122.06
-31644.0	7810.0	857.563	1990.25
-31644.0	7810.0	856.383	2040.73
-31644.0	7810.0	855.203	2008.57
-31644.0	7810.0	854.023	2037.85
-31644.0	7810.0	852.843	1997.22
-31644.0	7810.0	851.662	2013.79
-31644.0	7810.0	850.481	1979.54
-31644.0	7810.0	849.3	1943.18
-31644.0	7810.0	848.119	2065.56
-31644.0	7810.0	846.937	2027.08
-31644.0	7810.0	845.756	1946.31
-31644.0	7810.0	844.574	1988.25
-31644.0	7810.0	843.392	1949.81
-31644.0	7810.0	842.209	2004.41
-31644.0	7810.0	841.027	2008.26
-31644.0	7810.0	839.844	2024.79
-31644.0	7810.0	838.661	2064.56
-31644.0	7810.0	837.477	2005.01
-31644.0	7810.0	836.294	1968.72
-31644.0	7810.0	835.11	1974.69
-31644.0	7810.0	833.926	2020.77
-31644.0	7810.0	832.742	2033.05
-31644.0	7810.0	831.558	2015.78
-31644.0	7810.0	830.373	1945.76
-31644.0	7810.0	829.188	2002.36
-31644.0	7810.0	828.003	1987.21
-31644.0	7810.0	826.818	1938.32
-31644.0	7810.0	825.632	1967.48
-31644.0	7810.0	824.446	1994.51
-31644.0	7810.0	823.26	1943.54
-31644.0	7810.0	822.074	2004.29
-31644.0	7810.0	820.888	1934.38
-31644.0	7810.0	819.701	1955.08
-31644.0	7810.0	818.514	1986.3
-31644.0	7810.0	817.327	1994.35
-31644.0	7810.0	816.14	2027.66
-31644.0	7810.0	814.952	2012.53
-31644.0	7810.0	813.765	1925.86
-31644.0	7810.0	812.577	1931.8
-31644.0	7810.0	811.388	1908.29
-31644.0	7810.0	810.2	1983.66
-31644.0	7810.0	809.011	1945.42
-31644.0	7810.0	807.822	1978.69
-31644.0	7810.0	806.633	1965.7
-31644.0	7810.0	805.444	1931.7
-31644.0	7810.0	804.254	1948.14
-31644.0	7810.0	803.064	1949.87
-31644.0	7810.0	801.874	1888.57
-31644.0	7810.0	800.684	1919.72
-31644.0	7810.0	799.493	1942.45
-31644.0	7810.0	798.303	1935.78
-31644.0	7810.0	797.112	1937.51
-31644.0	7810.0	795.921	1932.94
-31644.0	7810.0	794.729	1936.77
-31644.0	7810.0	793.538	1986.75
-31644.0	7810.0	792.346	1925.54
-31644.0	7810.0	791.154	1876.93
-31644.0	7810.0	789.961	2048.51
-31644.0	7810.0	788.769	1976.84
-31644.0	7810.0	787.576	1892.62
-31644.0	7810.0	786.383	1913.21
-31644.0	7810.0	785.19	1908.66
-31644.0	7810.0	783.996	1912.48
-31644.0	7810.0	782.802	1943.53
-31644.0	7810.0	781.608	1938.96
-31644.0	7810.0	780.414	1861.13
-31644.0	7810.0	779.22	1837.75
-31644.0	7810.0	778.025	1910.64
-31644.0	7810.0	776.83	1837.04
-31644.0	7810.0	775.635	1882.71
-31644.0	7810.0	774.44	1863.52
-31644.0	7810.0	773.244	1911.26
-31644.0	7810.0	772.049	1898.35
-31644.0	7810.0	770.853	1870.81
-31644.0	7810.0	769.656	1862.09
-31644.0	7810.0	768.46	1909.78
-31644.0	7810.0	767.263	1911.5
-31644.0	7810.0	766.066	1984.24
-31644.0	7810.0	764.869	1900.33
-31644.0	7810.0	763.672	1868.64
-31644.0	7810.0	762.474	1964.3
-31644.0	7810.0	761.276	1928.44
-31644.0	7810.0	760.078	1825.82
-31644.0	7810.0	758.88	1846.33
-31644.0	7810.0	757.681	1854.32
-31644.0	7810.0	756.483	1947.8
-31644.0	7810.0	755.284	1934.92
-31644.0	7810.0	754.084	1926.2
-31644.0	7810.0	752.885	1813.28
-31644.0	7810.0	751.685	1825.43
-31644.0	7810.0	750.485	1835.49
-31644.0	7810.0	749.285	1785.14
-31644.0	7810.0	748.085	1847.28
-31644.0	7810.0	746.884	1886.48
-31644.0	7810.0	745.683	1834.07
-31644.0	7810.0	744.482	1896.15
-31644.0	7810.0	743.281	1839.6
-31644.0	7810.0	742.079	1862.13
-31644.0	7810.0	740.877	1920.01
-31644.0	7810.0	739.675	1855.16
-31644.0	7810.0	738.473	1871.44
-31644.0	7810.0	737.27	1837.81
-31644.0	7810.0	736.068	1791.72
-31644.0	7810.0	734.865	1872.42
-31644.0	7810.0	733.661	1882.44
-31644.0	7810.0	732.458	1875.84
-31644.0	7810.0	731.254	1858.86
-31644.0	7810.0	730.05	1897.95
-31644.0	7810.0	728.846	1947.41
-31644.0	7810.0	727.642	1756.06
-31644.0	7810.0	726.437	1832.51
-31644.0	7810.0	725.232	1867.42
-31644.0	7810.0	724.027	1879.5
-31644.0	7810.0	722.822	1850.1
-31644.0	7810.0	721.616	1924.39
-31644.0	7810.0	720.41	1928.16
-31644.0	7810.0	719.204	1878.03
-31644.0	7810.0	717.998	1914.97
-31644.0	7810.0	716.791	1821.35
-31644.0	7810.0	715.585	1874.86
-31644.0	7810.0	714.378	2110.61
-31644.0	7810.0	713.17	1919.68
-31644.0	7810.0	711.963	1886.18
-31644.0	7810.0	710.755	1949.98
-31644.0	7810.0	709.547	1831.63
-31644.0	7810.0	708.339	1860.24
-31644.0	7810.0	707.131	1965.38
-31644.0	7810.0	705.922	1900.87
-31644.0	7810.0	704.713	1917.04
-31644.0	7810.0	703.504	1856.71
-31644.0	7810.0	702.295	1850.14
-31644.0	7810.0	701.085	1849.77
-31644.0	7810.0	699.875	1824.61
-31644.0	7810.0	698.665	1869.71
-31644.0	7810.0	697.455	1900.32
-31644.0	7810.0	696.244	1949.51
-31644.0	7810.0	695.034	1932.61
-31644.0	7810.0	693.822	1928.1
-31644.0	7810.0	692.611	1954.55
-31644.0	7810.0	691.4	1896.38
-31644.0	7810.0	690.188	1968.22
-31644.0	7810.0	688.976	1945.14
-31644.0	7810.0	687.764	1959.19
-31644.0	7810.0	686.551	1967.05
-31644.0	7810.0	685.339	1974.91
-31644.0	7810.0	684.126	1970.4
-31644.0	7810.0	682.912	1988.55
-31644.0	7810.0	681.699	1938.71
-31644.0	7810.0	680.485	1938.33
-31644.0	7810.0	679.271	1942.06
-31644.0	7810.0	678.057	2009.63
-31644.0	7810.0	676.843	1943.35
-31644.0	7810.0	675.628	1945.03
-31644.0	7810.0	674.413	1987.86
-31644.0	7810.0	673.198	2014.21
-31644.0	7810.0	671.983	1962.38
-31644.0	7810.0	670.767	2003.13
-31644.0	7810.0	669.551	1978.05
-31644.0	7810.0	668.335	1963.27
-31644.0	7810.0	667.119	2032.76
-31644.0	7810.0	665.902	2001.53
-31644.0	7810.0	664.686	2017.57
-31644.0	7810.0	663.469	2027.44
-31644.0	7810.0	662.251	1998.29
-31644.0	7810.0	661.034	2108.77
-31644.0	7810.0	659.816	2005.7
-31644.0	7810.0	658.598	2011.46
-31644.0	7810.0	657.38	2013.11
-31644.0	7810.0	656.161	2018.87
-31644.0	7810.0	654.942	1983.59
-31644.0	7810.0	653.723	1997.55
-31644.0	7810.0	652.504	2017.66
-31644.0	7810.0	651.285	2035.71
-31644.0	7810.0	650.065	1965.61
-31644.0	7810.0	648.845	1961.12
-31644.0	7810.0	647.625	1905.41
-31644.0	7810.0	646.404	2003.36
-31644.0	7810.0	645.184	2043.92
-31644.0	7810.0	643.963	2035.32
-31644.0	7810.0	642.742	2008.3
-31644.0	7810.0	641.52	2005.85
-31644.0	7810.0	640.298	2101.63
-31644.0	7810.0	639.076	1986.63
-31644.0	7810.0	637.854	2051.69
-31644.0	7810.0	636.632	2051.28
-31644.0	7810.0	635.409	2097.9
-31644.0	7810.0	634.186	2036.15
-31644.0	7810.0	632.963	2023.48
-31644.0	7810.0	631.74	1974.03
-31644.0	7810.0	630.516	2067.61
-31644.0	7810.0	629.292	1897.66
-31644.0	7810.0	628.068	1983.05
-31644.0	7810.0	626.844	1956.11
-31644.0	7810.0	625.619	2086.37
-31644.0	7810.0	624.394	2043.09
-31644.0	7810.0	623.169	1987.58
-31644.0	7810.0	621.944	2115.72
-31644.0	7810.0	620.718	2045.94
-31644.0	7810.0	619.492	2055.72
-31644.0	7810.0	618.266	2041.04
-31644.0	7810.0	617.04	2044.7
-31644.0	7810.0	615.813	2058.56
-31644.0	7810.0	614.587	2111.13
-31644.0	7810.0	613.36	2002.72
-31644.0	7810.0	612.132	2061.39
-31644.0	7810.0	610.905	1981.55
-31644.0	7810.0	609.677	2001.51
-31644.0	7810.0	608.449	2082.53
-31644.0	7810.0	607.22	2135.03
-31644.0	7810.0	605.992	2079.66
-31644.0	7810.0	604.763	2036.52
-31644.0	7810.0	603.534	1985.25
-31644.0	7810.0	602.305	1988.92
-31644.0	7810.0	601.075	2045.45
-31644.0	7810.0	599.845	2032.84
-31644.0	7810.0	598.615	2048.69
-31644.0	7810.0	597.385	2007.63
-31644.0	7810.0	596.154	1990.97
-31644.0	7810.0	594.924	2067.76
-31644.0	7810.0	593.693	2014.54
-31644.0	7810.0	592.461	1993.82
-31644.0	7810.0	591.23	1977.18
-31644.0	7810.0	589.998	2019.4
-31644.0	7810.0	588.766	2016.96
-31644.0	7810.0	587.534	2000.32
-31644.0	7810.0	586.301	1981.66
-31644.0	7810.0	585.068	1989.37
-31644.0	7810.0	583.835	1995.05
-31644.0	7810.0	582.602	2010.86
-31644.0	7810.0	581.368	2042.88
-31644.0	7810.0	580.134	1987.76
-31644.0	7810.0	578.9	2033.95
-31644.0	7810.0	577.666	1993.03
-31644.0	7810.0	576.432	2012.87
-31644.0	7810.0	575.197	1974.0
-31644.0	7810.0	573.962	2062.66
-31644.0	7810.0	572.726	2001.53
-31644.0	7810.0	571.491	2106.34
-31644.0	7810.0	570.255	1998.69
-31644.0	7810.0	569.019	2052.89
-31644.0	7810.0	567.783	2048.43
-31644.0	7810.0	566.546	2136.97
-31644.0	7810.0	565.309	2045.57
-31644.0	7810.0	564.072	2111.85
-31644.0	7810.0	562.835	2081.11
-31644.0	7810.0	561.597	2110.99
-31644.0	7810.0	560.359	2136.81
-31644.0	7810.0	559.121	2128.3
-31644.0	7810.0	557.883	2121.81
-31644.0	7810.0	556.644	2135.5
-31644.0	7810.0	555.406	2205.7
-31644.0	7810.0	554.167	2160.86
-31644.0	7810.0	552.927	2265.31
-31644.0	7810.0	551.688	2256.78
-31644.0	7810.0	550.448	2282.54
-31644.0	7810.0	549.208	2271.99
-31644.0	7810.0	547.967	2386.41
-31644.0	7810.0	546.727	2285.17
-31644.0	7810.0	545.486	2345.14
-31644.0	7810.0	544.245	2441.35
-31644.0	7810.0	543.003	2497.24
-31644.0	7810.0	541.762	2498.74
-31644.0	7810.0	540.52	2677.39
-31644.0	7810.0	539.278	2636.59
-31644.0	7810.0	538.035	2829.22
-31644.0	7810.0	536.793	2876.93
-31644.0	7810.0	535.55	3037.25
-31644.0	7810.0	534.307	3010.49
-31644.0	7810.0	533.063	3335.59
-31644.0	7810.0	531.82	3568.08
-31644.0	7810.0	530.576	3848.72
-31644.0	7810.0	529.331	4448.73
-31644.0	7810.0	528.087	5138.89
-31644.0	7810.0	526.842	6248.56
-31644.0	7810.0	525.597	8177.08
-31644.0	7810.0	524.352	11201.0
-31644.0	7810.0	523.107	16807.1
-31644.0	7810.0	521.861	22685.8
-31644.0	7810.0	520.615	24950.5
-31644.0	7810.0	519.369	21972.4
-31644.0	7810.0	518.122	17782.1
-31644.0	7810.0	516.876	14299.3
-31644.0	7810.0	515.629	11822.4
-31644.0	7810.0	514.381	10060.1
-31644.0	7810.0	513.134	8863.67
-31644.0	7810.0	511.886	7980.27
-31644.0	7810.0	510.638	7433.76
-31644.0	7810.0	509.39	7041.69
-31644.0	7810.0	508.141	6599.72
-31644.0	7810.0	506.892	6450.22
-31644.0	7810.0	505.643	6302.78
-31644.0	7810.0	504.394	6151.39
-31644.0	7810.0	503.145	6016.08
-31644.0	7810.0	501.895	5862.81
-31644.0	7810.0	500.645	5909.6
-31644.0	7810.0	499.394	5890.38
-31644.0	7810.0	498.144	5783.22
-31644.0	7810.0	496.893	5859.97
-31644.0	7810.0	495.642	5766.84
-31644.0	7810.0	494.39	5775.63
-31644.0	7810.0	493.139	5614.65
-31644.0	7810.0	491.887	5469.7
-31644.0	7810.0	490.635	5440.62
-31644.0	7810.0	489.382	5339.69
-31644.0	7810.0	488.13	5344.57
-31644.0	7810.0	486.877	5291.58
-31644.0	7810.0	485.623	5330.38
-31644.0	7810.0	484.37	5121.85
-31644.0	7810.0	483.116	5328.18
-31644.0	7810.0	481.862	5137.67
-31644.0	7810.0	480.608	5044.92
-31644.0	7810.0	479.354	5065.79
-31644.0	7810.0	478.099	5116.54
-31644.0	7810.0	476.844	5045.76
-31644.0	7810.0	475.588	5064.63
-31644.0	7810.0	474.333	4928.18
-31644.0	7810.0	473.077	4897.29
-31644.0	7810.0	471.821	4852.49
-31644.0	7810.0	470.565	4901.23
-31644.0	7810.0	469.308	4743.04
-31644.0	7810.0	468.051	4716.19
-31644.0	7810.0	466.794	4727.15
-31644.0	7810.0	465.537	4630.72
-31644.0	7810.0	464.279	4591.99
-31644.0	7810.0	463.021	4561.22
-31644.0	7810.0	461.763	4524.51
-31644.0	7810.0	460.505	4515.62
-31644.0	7810.0	459.246	4437.22
-31644.0	7810.0	457.987	4295.3
-31644.0	7810.0	456.728	4324.19
-31644.0	7810.0	455.469	4160.52
-31644.0	7810.0	454.209	4145.76
-31644.0	7810.0	452.949	4144.89
-31644.0	7810.0	451.689	4116.26
-31644.0	7810.0	450.428	4042.02
-31644.0	7810.0	449.167	3973.75
-31644.0	7810.0	447.906	3897.59
-31644.0	7810.0	446.645	3827.4
-31644.0	7810.0	445.383	3828.59
-31644.0	7810.0	444.122	3786.18
-31644.0	7810.0	442.86	3698.23
-31644.0	7810.0	441.597	3697.46
-31644.0	7810.0	440.335	3651.15
-31644.0	7810.0	439.072	3695.92
-31644.0	7810.0	437.809	3639.73
-31644.0	7810.0	436.545	3510.34
-31644.0	7810.0	435.281	3475.98
-31644.0	7810.0	434.018	3524.7
-31644.0	7810.0	432.753	3433.0
-31644.0	7810.0	431.489	3382.85
-31644.0	7810.0	430.224	3401.91
-31644.0	7810.0	428.959	3409.1
-31644.0	7810.0	427.694	3396.53
-31644.0	7810.0	426.428	3273.34
-31644.0	7810.0	425.163	3327.96
-31644.0	7810.0	423.896	3246.3
-31644.0	7810.0	422.63	3182.45
-31644.0	7810.0	421.364	3331.79
-31644.0	7810.0	420.097	3224.53
-31644.0	7810.0	418.83	3127.17
-31644.0	7810.0	417.562	3191.61
-31644.0	7810.0	416.295	3165.31
-31644.0	7810.0	415.027	3119.29
-31644.0	7810.0	413.758	3075.27
-31644.0	7810.0	412.49	3143.6
-31644.0	7810.0	411.221	3115.36
-31644.0	7810.0	409.952	3114.7
-31644.0	7810.0	408.683	3149.5
-31644.0	7810.0	407.414	3066.13
-31644.0	7810.0	406.144	3069.43
-31644.0	7810.0	404.874	3121.93
-31644.0	7810.0	403.603	3093.72
-31644.0	7810.0	402.333	3130.45
-31644.0	7810.0	401.062	3094.39
-31644.0	7810.0	399.791	3097.67
-31644.0	7810.0	398.519	3175.67
-31644.0	7810.0	397.248	3157.31
-31644.0	7810.0	395.976	3046.57
-31644.0	7810.0	394.704	2985.01
-31644.0	7810.0	393.431	3084.59
-31644.0	7810.0	392.159	3085.9
-31644.0	7810.0	390.886	3095.07
-31644.0	7810.0	389.612	3043.37
-31644.0	7810.0	388.339	3052.54
-31644.0	7810.0	387.065	3028.35
-31644.0	7810.0	385.791	3143.48
-31644.0	7810.0	384.517	3038.84
-31644.0	7810.0	383.242	2851.87
-31644.0	7810.0	381.967	2988.54
-31644.0	7810.0	380.692	3023.19
-31644.0	7810.0	379.417	2977.47
-31644.0	7810.0	378.141	2998.4
-31644.0	7810.0	376.865	3048.71
-31644.0	7810.0	375.589	3001.05
-31644.0	7810.0	374.312	2927.96
-31644.0	7810.0	373.035	2917.55
-31644.0	7810.0	371.758	2983.49
-31644.0	7810.0	370.481	2986.78
-31644.0	7810.0	369.204	2900.04
-31644.0	7810.0	367.926	2919.0
-31644.0	7810.0	366.648	2937.94
-31644.0	7810.0	365.369	2970.56
-31644.0	7810.0	364.091	2958.2
-31644.0	7810.0	362.812	3000.58
-31644.0	7810.0	361.532	2923.73
-31644.0	7810.0	360.253	2921.15
-31644.0	7810.0	358.973	2961.56
-31644.0	7810.0	357.693	2828.12
-31644.0	7810.0	356.413	2917.35
-31644.0	7810.0	355.132	2947.97
-31644.0	7810.0	353.852	2920.02
-31644.0	7810.0	352.571	2933.06
-31644.0	7810.0	351.289	2905.12
-31644.0	7810.0	350.008	2886.95
-31644.0	7810.0	348.726	2938.99
-31644.0	7810.0	347.444	2920.82
-31644.0	7810.0	346.161	2965.04
-31644.0	7810.0	344.878	2948.82
-31644.0	7810.0	343.595	3020.29
-31644.0	7810.0	342.312	2988.48
-31644.0	7810.0	341.029	2945.0
-31644.0	7810.0	339.745	3002.79
-31644.0	7810.0	338.461	2932.06
-31644.0	7810.0	337.176	3020.98
-31644.0	7810.0	335.892	2975.58
-31644.0	7810.0	334.607	3023.59
-31644.0	7810.0	333.322	3026.84
-31644.0	7810.0	332.036	3018.42
-31644.0	7810.0	330.75	3031.39
-31644.0	7810.0	329.464	2978.25
-31644.0	7810.0	328.178	3135.05
-31644.0	7810.0	326.892	3089.69
-31644.0	7810.0	325.605	3075.44
-31644.0	7810.0	324.318	3103.92
-31644.0	7810.0	323.03	3099.38
-31644.0	7810.0	321.743	3081.24
-31644.0	7810.0	320.455	3183.47
-31644.0	7810.0	319.167	3114.86
-31644.0	7810.0	317.878	3131.66
-31644.0	7810.0	316.59	3156.22
-31644.0	7810.0	315.301	3068.27
-31644.0	7810.0	314.011	3100.58
-31644.0	7810.0	312.722	3084.41
-31644.0	7810.0	311.432	3209.74
-31644.0	7810.0	310.142	3220.68
-31644.0	7810.0	308.851	3264.56
-31644.0	7810.0	307.561	3281.3
-31644.0	7810.0	306.27	3272.85
-31644.0	7810.0	304.979	3289.58
-31644.0	7810.0	303.687	3317.91
-31644.0	7810.0	302.395	3276.56
-31644.0	7810.0	301.103	3283.6
-31644.0	7810.0	299.811	3273.23
-31644.0	7810.0	298.519	3295.74
-31644.0	7810.0	297.226	3213.82
-31644.0	7810.0	295.933	3267.27
-31644.0	7810.0	294.639	3137.07
-31644.0	7810.0	293.345	3184.71
-31644.0	7810.0	292.052	3162.78
-31644.0	7810.0	290.757	3115.75
-31644.0	7810.0	289.463	2999.21
-31644.0	7810.0	288.168	3087.39
-31644.0	7810.0	286.873	3084.8
-31644.0	7810.0	285.578	3003.08
-31644.0	7810.0	284.282	3085.41
-31644.0	7810.0	282.986	3063.53
-31644.0	7810.0	281.69	3008.87
-31644.0	7810.0	280.393	3021.72
-31644.0	7810.0	279.097	3048.07
-31644.0	7810.0	277.8	2945.26
-31644.0	7810.0	276.502	3031.35
-31644.0	7810.0	275.205	2963.27
-31644.0	7810.0	273.907	2883.66
-31644.0	7810.0	272.609	2780.97
-31644.0	7810.0	271.311	2807.33
-31644.0	7810.0	270.012	2818.28
-31644.0	7810.0	268.713	2831.15
-31644.0	7810.0	267.414	2851.71
-31644.0	7810.0	266.114	2747.21
-31644.0	7810.0	264.814	2800.48
-31644.0	7810.0	263.514	2757.57
-31644.0	7810.0	262.214	2697.38
-31644.0	7810.0	260.913	2733.33
-31644.0	7810.0	259.613	2715.45
-31644.0	7810.0	258.311	2749.45
-31644.0	7810.0	257.01	2760.39
-31644.0	7810.0	255.708	2681.05
-31644.0	7810.0	254.406	2657.44
-31644.0	7810.0	253.104	2701.02
-31644.0	7810.0	251.801	2656.3
-31644.0	7810.0	250.499	2603.92
-31644.0	7810.0	249.195	2566.91
-31644.0	7810.0	247.892	2620.07
-31644.0	7810.0	246.588	2632.93
-31644.0	7810.0	245.284	2664.96
-31644.0	7810.0	243.98	2572.38
-31644.0	7810.0	242.676	2633.15
-31644.0	7810.0	241.371	2563.61
-31644.0	7810.0	240.066	2589.88
-31644.0	7810.0	238.76	2495.48
-31644.0	7810.0	237.455	2485.37
-31644.0	7810.0	236.149	2465.69
-31644.0	7810.0	234.843	2534.07
-31644.0	7810.0	233.536	2481.86
-31644.0	7810.0	232.229	2446.89
-31644.0	7810.0	230.922	2496.09
-31644.0	7810.0	229.615	2464.96
-31644.0	7810.0	228.307	2477.82
-31644.0	7810.0	227.0	2492.58
-31644.0	7810.0	225.691	2390.75
-31644.0	7810.0	224.383	2401.7
-31644.0	7810.0	223.074	2414.56
-31644.0	7810.0	221.765	2335.74
-31644.0	7810.0	220.456	2346.69
-31644.0	7810.0	219.146	2346.19
-31644.0	7810.0	217.836	2387.67
-31644.0	7810.0	216.526	2400.52
-31644.0	7810.0	215.216	2361.85
-31644.0	7810.0	213.905	2378.5
-31644.0	7810.0	212.594	2292.18
-31644.0	7810.0	211.283	2415.61
-31644.0	7810.0	209.971	2437.97
-31644.0	7810.0	208.66	2363.12
-31644.0	7810.0	207.348	2433.11
-31644.0	7810.0	206.035	2451.64
-31644.0	7810.0	204.722	2515.86
-31644.0	7810.0	203.409	2551.5
-31644.0	7810.0	202.096	2634.71
-31644.0	7810.0	200.783	2687.44
-31644.0	7810.0	199.469	2719.21
-31644.0	7810.0	198.155	2785.21
-31644.0	7810.0	196.84	2759.88
-31644.0	7810.0	195.526	2907.62
-31644.0	7810.0	194.211	2775.81
-31644.0	7810.0	192.896	2862.65
-31644.0	7810.0	191.58	3019.77
-31644.0	7810.0	190.264	3013.42
-31644.0	7810.0	188.948	2993.77
-31644.0	7810.0	187.632	2939.95
-31644.0	7810.0	186.315	2996.28
-31644.0	7810.0	184.998	3024.11
-31644.0	7810.0	183.681	2974.11
-31644.0	7810.0	182.364	2981.06
-31644.0	7810.0	181.046	2997.49
-31644.0	7810.0	179.728	3051.85
-31644.0	7810.0	178.41	2982.93
-31644.0	7810.0	177.091	3010.72
-31644.0	7810.0	175.772	3102.95
-31644.0	7810.0	174.453	3070.07
-31644.0	7810.0	173.133	3058.04
-31644.0	7810.0	171.814	3064.96
-31644.0	7810.0	170.494	3054.83
-31644.0	7810.0	169.173	3048.49
-31644.0	7810.0	167.853	3034.58
-31644.0	7810.0	166.532	3187.23
-31644.0	7810.0	165.211	3124.1
-31644.0	7810.0	163.889	3168.83
-31644.0	7810.0	162.567	3107.62
-31644.0	7810.0	161.245	3167.46
-31644.0	7810.0	159.923	3113.84
-31644.0	7810.0	158.6	3141.53
-31644.0	7810.0	157.278	3210.77
-31644.0	7810.0	155.954	3142.06
-31644.0	7810.0	154.631	3301.95
-31644.0	7810.0	153.307	3252.13
-31644.0	7810.0	151.983	3274.09
-31644.0	7810.0	150.659	3175.22
-31644.0	7810.0	149.334	3334.96
-31644.0	7810.0	148.009	3243.67
-31644.0	7810.0	146.684	3280.7
-31644.0	7810.0	145.359	3221.52
-31644.0	7810.0	144.033	3234.02
-31644.0	7810.0	142.707	3286.11
-31644.0	7810.0	141.381	3313.68
-31644.0	7810.0	140.054	3252.66
-31644.0	7810.0	138.727	3197.32
-31644.0	7810.0	137.4	3287.05
-31644.0	7810.0	136.072	3318.35
-31644.0	7810.0	134.745	3227.26
-31644.0	7810.0	133.417	3279.27
-31644.0	7810.0	132.088	3208.93
-31644.0	7810.0	130.76	3185.65
-31644.0	7810.0	129.431	3194.37
-31644.0	7810.0	128.102	3135.38
-31644.0	7810.0	126.772	3200.51
-31644.0	7810.0	125.442	3177.26
-31644.0	7810.0	124.112	3125.83
-31644.0	7810.0	122.782	3076.29
-31644.0	7810.0	121.451	3045.57
-31644.0	7810.0	120.12	3065.57
-31644.0	7810.0	118.789	3081.81
-31644.0	7810.0	117.458	3109.31
-31644.0	7810.0	116.126	2984.74
-31644.0	7810.0	114.794	3021.63
-31644.0	7810.0	113.462	2906.52
-31644.0	7810.0	112.129	2875.88
-31644.0	7810.0	110.796	2803.99
-31644.0	7810.0	109.463	2794.0
-31644.0	7810.0	108.129	2800.9
-31644.0	7810.0	106.796	2676.59
-31644.0	7810.0	105.461	2625.41
-31644.0	7810.0	104.127	2523.67
-31644.0	7810.0	102.792	2435.09
-31644.0	7810.0	101.457	2365.27
-31644.0	7810.0	100.122	2211.23
-31644.0	7810.0	98.7867	2072.23
-31644.0	7810.0	97.4509	2083.01
-31644.0	7810.0	96.1148	2075.08
-31644.0	7810.0	94.7784	1997.93
-31644.0	7810.0	93.4418	1988.15
-31644.0	7810.0	92.1048	1871.78
-31644.0	7810.0	90.7676	1884.46
-31644.0	7810.0	89.43	1885.93
-31644.0	7810.0	88.0922	1842.54
-31644.0	7810.0	86.7541	1767.41
-31644.0	7810.0	85.4157	1791.31
