-31642.0	7838.0	1311.89	2089.65
-31642.0	7838.0	1310.78	2164.26
-31642.0	7838.0	1309.68	2023.14
-31642.0	7838.0	1308.58	2068.22
-31642.0	7838.0	1307.48	2120.1
-31642.0	7838.0	1306.38	2128.84
-31642.0	7838.0	1305.28	2060.42
-31642.0	7838.0	1304.18	2075.97
-31642.0	7838.0	1303.07	2086.98
-31642.0	7838.0	1301.97	2050.36
-31642.0	7838.0	1300.87	2097.65
-31642.0	7838.0	1299.77	2063.3
-31642.0	7838.0	1298.66	2022.17
-31642.0	7838.0	1297.56	2121.57
-31642.0	7838.0	1296.46	2094.04
-31642.0	7838.0	1295.35	2043.85
-31642.0	7838.0	1294.25	2102.43
-31642.0	7838.0	1293.15	2095.29
-31642.0	7838.0	1292.04	2088.16
-31642.0	7838.0	1290.94	2019.89
-31642.0	7838.0	1289.83	2069.38
-31642.0	7838.0	1288.73	2078.1
-31642.0	7838.0	1287.63	2057.4
-31642.0	7838.0	1286.52	1975.6
-31642.0	7838.0	1285.42	2108.77
-31642.0	7838.0	1284.31	2149.15
-31642.0	7838.0	1283.21	2137.5
-31642.0	7838.0	1282.1	2100.97
-31642.0	7838.0	1280.99	2096.11
-31642.0	7838.0	1279.89	2025.68
-31642.0	7838.0	1278.78	2005.01
-31642.0	7838.0	1277.68	2115.43
-31642.0	7838.0	1276.57	2011.14
-31642.0	7838.0	1275.46	2056.0
-31642.0	7838.0	1274.36	2082.78
-31642.0	7838.0	1273.25	2080.18
-31642.0	7838.0	1272.14	2176.95
-31642.0	7838.0	1271.04	2068.22
-31642.0	7838.0	1269.93	2104.01
-31642.0	7838.0	1268.82	2072.06
-31642.0	7838.0	1267.71	2028.85
-31642.0	7838.0	1266.61	2064.62
-31642.0	7838.0	1265.5	1976.3
-31642.0	7838.0	1264.39	2005.3
-31642.0	7838.0	1263.28	1973.4
-31642.0	7838.0	1262.17	2049.75
-31642.0	7838.0	1261.06	2031.38
-31642.0	7838.0	1259.95	1974.7
-31642.0	7838.0	1258.84	1933.81
-31642.0	7838.0	1257.74	2055.18
-31642.0	7838.0	1256.63	2072.87
-31642.0	7838.0	1255.52	2119.84
-31642.0	7838.0	1254.41	2087.96
-31642.0	7838.0	1253.3	2026.82
-31642.0	7838.0	1252.19	2107.54
-31642.0	7838.0	1251.08	2152.23
-31642.0	7838.0	1249.96	2082.1
-31642.0	7838.0	1248.85	2061.5
-31642.0	7838.0	1247.74	1962.16
-31642.0	7838.0	1246.63	2083.33
-31642.0	7838.0	1245.52	2114.48
-31642.0	7838.0	1244.41	2028.67
-31642.0	7838.0	1243.3	2068.81
-31642.0	7838.0	1242.18	2043.74
-31642.0	7838.0	1241.07	2077.13
-31642.0	7838.0	1239.96	2045.32
-31642.0	7838.0	1238.85	1986.56
-31642.0	7838.0	1237.74	1963.76
-31642.0	7838.0	1236.62	2012.86
-31642.0	7838.0	1235.51	2012.53
-31642.0	7838.0	1234.4	1920.13
-31642.0	7838.0	1233.28	1980.44
-31642.0	7838.0	1232.17	1984.6
-31642.0	7838.0	1231.06	1955.09
-31642.0	7838.0	1229.94	1986.19
-31642.0	7838.0	1228.83	2037.48
-31642.0	7838.0	1227.71	2086.5
-31642.0	7838.0	1226.6	1982.97
-31642.0	7838.0	1225.48	1966.94
-31642.0	7838.0	1224.37	2015.95
-31642.0	7838.0	1223.25	1952.84
-31642.0	7838.0	1222.14	2026.5
-31642.0	7838.0	1221.02	2070.99
-31642.0	7838.0	1219.91	2034.79
-31642.0	7838.0	1218.79	2005.33
-31642.0	7838.0	1217.68	1969.15
-31642.0	7838.0	1216.56	1957.63
-31642.0	7838.0	1215.44	2004.33
-31642.0	7838.0	1214.33	2037.59
-31642.0	7838.0	1213.21	2005.91
-31642.0	7838.0	1212.09	1980.96
-31642.0	7838.0	1210.98	2003.01
-31642.0	7838.0	1209.86	1928.84
-31642.0	7838.0	1208.74	1948.65
-31642.0	7838.0	1207.62	1984.12
-31642.0	7838.0	1206.51	2041.94
-31642.0	7838.0	1205.39	1958.86
-31642.0	7838.0	1204.27	1940.65
-31642.0	7838.0	1203.15	2014.1
-31642.0	7838.0	1202.03	2080.81
-31642.0	7838.0	1200.91	2073.76
-31642.0	7838.0	1199.8	2001.92
-31642.0	7838.0	1198.68	1963.61
-31642.0	7838.0	1197.56	2001.26
-31642.0	7838.0	1196.44	1913.83
-31642.0	7838.0	1195.32	2000.59
-31642.0	7838.0	1194.2	1973.47
-31642.0	7838.0	1193.08	1926.27
-31642.0	7838.0	1191.96	1979.5
-31642.0	7838.0	1190.84	1999.26
-31642.0	7838.0	1189.72	2039.08
-31642.0	7838.0	1188.6	1929.44
-31642.0	7838.0	1187.48	1987.1
-31642.0	7838.0	1186.35	1997.92
-31642.0	7838.0	1185.23	1966.38
-31642.0	7838.0	1184.11	2046.29
-31642.0	7838.0	1182.99	1932.29
-31642.0	7838.0	1181.87	1945.33
-31642.0	7838.0	1180.75	1956.15
-31642.0	7838.0	1179.62	1982.55
-31642.0	7838.0	1178.5	1908.72
-31642.0	7838.0	1177.38	1995.25
-31642.0	7838.0	1176.26	2072.84
-31642.0	7838.0	1175.13	1985.67
-31642.0	7838.0	1174.01	1965.31
-31642.0	7838.0	1172.89	2016.16
-31642.0	7838.0	1171.76	1989.12
-31642.0	7838.0	1170.64	1957.65
-31642.0	7838.0	1169.51	1901.71
-31642.0	7838.0	1168.39	2019.26
-31642.0	7838.0	1167.27	1958.88
-31642.0	7838.0	1166.14	1965.22
-31642.0	7838.0	1165.02	1982.67
-31642.0	7838.0	1163.89	1931.22
-31642.0	7838.0	1162.77	1984.23
-31642.0	7838.0	1161.64	1866.15
-31642.0	7838.0	1160.52	1954.68
-31642.0	7838.0	1159.39	2000.99
-31642.0	7838.0	1158.26	1878.53
-31642.0	7838.0	1157.14	1969.23
-31642.0	7838.0	1156.01	1957.8
-31642.0	7838.0	1154.88	1953.03
-31642.0	7838.0	1153.76	1981.55
-31642.0	7838.0	1152.63	1987.87
-31642.0	7838.0	1151.5	1885.49
-31642.0	7838.0	1150.38	1891.83
-31642.0	7838.0	1149.25	2004.6
-31642.0	7838.0	1148.12	1944.4
-31642.0	7838.0	1146.99	1888.65
-31642.0	7838.0	1145.87	1999.15
-31642.0	7838.0	1144.74	1930.11
-31642.0	7838.0	1143.61	1947.51
-31642.0	7838.0	1142.48	1922.81
-31642.0	7838.0	1141.35	1962.35
-31642.0	7838.0	1140.22	1957.59
-31642.0	7838.0	1139.09	1924.05
-31642.0	7838.0	1137.97	1970.21
-31642.0	7838.0	1136.84	1983.15
-31642.0	7838.0	1135.71	1967.32
-31642.0	7838.0	1134.58	1902.82
-31642.0	7838.0	1133.45	1926.83
-31642.0	7838.0	1132.32	1944.2
-31642.0	7838.0	1131.19	1937.23
-31642.0	7838.0	1130.05	2018.71
-31642.0	7838.0	1128.92	1936.57
-31642.0	7838.0	1127.79	1876.56
-31642.0	7838.0	1126.66	1924.86
-31642.0	7838.0	1125.53	2004.08
-31642.0	7838.0	1124.4	1941.88
-31642.0	7838.0	1123.27	1937.13
-31642.0	7838.0	1122.13	1965.51
-31642.0	7838.0	1121.0	1965.17
-31642.0	7838.0	1119.87	1940.55
-31642.0	7838.0	1118.74	1909.32
-31642.0	7838.0	1117.6	1889.13
-31642.0	7838.0	1116.47	1884.39
-31642.0	7838.0	1115.34	1903.92
-31642.0	7838.0	1114.2	1945.51
-31642.0	7838.0	1113.07	1912.09
-31642.0	7838.0	1111.94	1975.71
-31642.0	7838.0	1110.8	1937.89
-31642.0	7838.0	1109.67	1906.7
-31642.0	7838.0	1108.54	1895.35
-31642.0	7838.0	1107.4	1954.52
-31642.0	7838.0	1106.27	1918.93
-31642.0	7838.0	1105.13	1973.67
-31642.0	7838.0	1104.0	1962.32
-31642.0	7838.0	1102.86	1928.95
-31642.0	7838.0	1101.72	2001.27
-31642.0	7838.0	1100.59	1930.49
-31642.0	7838.0	1099.45	1921.35
-31642.0	7838.0	1098.32	1947.43
-31642.0	7838.0	1097.18	1933.89
-31642.0	7838.0	1096.04	1997.35
-31642.0	7838.0	1094.91	1915.63
-31642.0	7838.0	1093.77	1921.89
-31642.0	7838.0	1092.63	1976.52
-31642.0	7838.0	1091.5	1897.05
-31642.0	7838.0	1090.36	1958.26
-31642.0	7838.0	1089.22	1881.01
-31642.0	7838.0	1088.08	1869.7
-31642.0	7838.0	1086.95	1858.39
-31642.0	7838.0	1085.81	1886.62
-31642.0	7838.0	1084.67	2004.87
-31642.0	7838.0	1083.53	1956.22
-31642.0	7838.0	1082.39	1837.34
-31642.0	7838.0	1081.25	1865.56
-31642.0	7838.0	1080.11	1865.23
-31642.0	7838.0	1078.97	1891.24
-31642.0	7838.0	1077.83	1941.36
-31642.0	7838.0	1076.69	1962.96
-31642.0	7838.0	1075.55	1942.88
-31642.0	7838.0	1074.41	1986.39
-31642.0	7838.0	1073.27	2010.16
-31642.0	7838.0	1072.13	1981.32
-31642.0	7838.0	1070.99	1941.53
-31642.0	7838.0	1069.85	1954.33
-31642.0	7838.0	1068.71	1875.13
-31642.0	7838.0	1067.57	1933.94
-31642.0	7838.0	1066.43	1975.21
-31642.0	7838.0	1065.28	1928.89
-31642.0	7838.0	1064.14	1895.71
-31642.0	7838.0	1063.0	1871.31
-31642.0	7838.0	1061.86	1914.75
-31642.0	7838.0	1060.71	1949.42
-31642.0	7838.0	1059.57	1960.01
-31642.0	7838.0	1058.43	1918.11
-31642.0	7838.0	1057.29	1972.45
-31642.0	7838.0	1056.14	1948.05
-31642.0	7838.0	1055.0	1943.34
-31642.0	7838.0	1053.85	1892.73
-31642.0	7838.0	1052.71	1898.95
-31642.0	7838.0	1051.57	1933.58
-31642.0	7838.0	1050.42	2007.51
-31642.0	7838.0	1049.28	1889.22
-31642.0	7838.0	1048.13	1952.21
-31642.0	7838.0	1046.99	1993.35
-31642.0	7838.0	1045.84	1894.77
-31642.0	7838.0	1044.7	1944.63
-31642.0	7838.0	1043.55	1992.3
-31642.0	7838.0	1042.4	1952.68
-31642.0	7838.0	1041.26	1961.06
-31642.0	7838.0	1040.11	2037.05
-31642.0	7838.0	1038.97	1988.71
-31642.0	7838.0	1037.82	2023.25
-31642.0	7838.0	1036.67	2011.99
-31642.0	7838.0	1035.53	2015.99
-31642.0	7838.0	1034.38	1987.31
-31642.0	7838.0	1033.23	2021.82
-31642.0	7838.0	1032.08	2080.27
-31642.0	7838.0	1030.94	2016.75
-31642.0	7838.0	1029.79	2038.17
-31642.0	7838.0	1028.64	2135.78
-31642.0	7838.0	1027.49	2013.5
-31642.0	7838.0	1026.34	2067.55
-31642.0	7838.0	1025.19	2008.43
-31642.0	7838.0	1024.04	1999.38
-31642.0	7838.0	1022.89	2099.08
-31642.0	7838.0	1021.74	2081.31
-31642.0	7838.0	1020.59	2039.63
-31642.0	7838.0	1019.45	2080.57
-31642.0	7838.0	1018.29	2041.08
-31642.0	7838.0	1017.14	2082.01
-31642.0	7838.0	1015.99	2122.92
-31642.0	7838.0	1014.84	2096.47
-31642.0	7838.0	1013.69	2133.03
-31642.0	7838.0	1012.54	2130.47
-31642.0	7838.0	1011.39	2140.95
-31642.0	7838.0	1010.24	2110.18
-31642.0	7838.0	1009.09	2138.02
-31642.0	7838.0	1007.93	2222.27
-31642.0	7838.0	1006.78	2243.58
-31642.0	7838.0	1005.63	2180.26
-31642.0	7838.0	1004.48	2214.58
-31642.0	7838.0	1003.32	2220.69
-31642.0	7838.0	1002.17	2215.96
-31642.0	7838.0	1001.02	2241.57
-31642.0	7838.0	999.865	2271.52
-31642.0	7838.0	998.711	2323.12
-31642.0	7838.0	997.558	2288.04
-31642.0	7838.0	996.403	2278.96
-31642.0	7838.0	995.249	2369.52
-31642.0	7838.0	994.095	2297.64
-31642.0	7838.0	992.94	2353.52
-31642.0	7838.0	991.785	2418.04
-31642.0	7838.0	990.63	2450.07
-31642.0	7838.0	989.475	2523.21
-31642.0	7838.0	988.319	2492.46
-31642.0	7838.0	987.164	2472.55
-31642.0	7838.0	986.008	2604.04
-31642.0	7838.0	984.852	2540.86
-31642.0	7838.0	983.695	2505.81
-31642.0	7838.0	982.539	2626.41
-31642.0	7838.0	981.382	2621.61
-31642.0	7838.0	980.225	2673.0
-31642.0	7838.0	979.068	2575.3
-31642.0	7838.0	977.911	2555.39
-31642.0	7838.0	976.753	2632.68
-31642.0	7838.0	975.595	2619.25
-31642.0	7838.0	974.437	2625.26
-31642.0	7838.0	973.279	2659.32
-31642.0	7838.0	972.121	2635.1
-31642.0	7838.0	970.962	2651.89
-31642.0	7838.0	969.803	2621.2
-31642.0	7838.0	968.644	2650.93
-31642.0	7838.0	967.485	2631.04
-31642.0	7838.0	966.326	2628.41
-31642.0	7838.0	965.166	2673.2
-31642.0	7838.0	964.006	2750.31
-31642.0	7838.0	962.846	2678.7
-31642.0	7838.0	961.686	2617.88
-31642.0	7838.0	960.525	2694.96
-31642.0	7838.0	959.365	2731.09
-31642.0	7838.0	958.204	2588.47
-31642.0	7838.0	957.043	2749.48
-31642.0	7838.0	955.881	2764.05
-31642.0	7838.0	954.72	2608.58
-31642.0	7838.0	953.558	2707.09
-31642.0	7838.0	952.396	2745.33
-31642.0	7838.0	951.234	2719.01
-31642.0	7838.0	950.071	2705.61
-31642.0	7838.0	948.909	2664.27
-31642.0	7838.0	947.746	2771.28
-31642.0	7838.0	946.583	2766.47
-31642.0	7838.0	945.42	2744.48
-31642.0	7838.0	944.256	2789.1
-31642.0	7838.0	943.092	2810.08
-31642.0	7838.0	941.929	2680.69
-31642.0	7838.0	940.765	2688.79
-31642.0	7838.0	939.6	2686.15
-31642.0	7838.0	938.436	2674.92
-31642.0	7838.0	937.271	2588.58
-31642.0	7838.0	936.106	2590.25
-31642.0	7838.0	934.941	2615.52
-31642.0	7838.0	933.775	2486.33
-31642.0	7838.0	932.61	2460.14
-31642.0	7838.0	931.444	2466.12
-31642.0	7838.0	930.278	2469.96
-31642.0	7838.0	929.112	2441.64
-31642.0	7838.0	927.945	2409.04
-31642.0	7838.0	926.779	2344.31
-31642.0	7838.0	925.612	2468.15
-31642.0	7838.0	924.445	2281.33
-31642.0	7838.0	923.278	2323.75
-31642.0	7838.0	922.11	2226.96
-31642.0	7838.0	920.942	2267.23
-31642.0	7838.0	919.774	2301.06
-31642.0	7838.0	918.606	2281.37
-31642.0	7838.0	917.438	2253.14
-31642.0	7838.0	916.269	2269.84
-31642.0	7838.0	915.1	2188.14
-31642.0	7838.0	913.931	2168.49
-31642.0	7838.0	912.762	2129.6
-31642.0	7838.0	911.593	2103.56
-31642.0	7838.0	910.423	2148.06
-31642.0	7838.0	909.253	2107.06
-31642.0	7838.0	908.083	2138.72
-31642.0	7838.0	906.913	2123.37
-31642.0	7838.0	905.742	2131.52
-31642.0	7838.0	904.572	2107.64
-31642.0	7838.0	903.401	2073.09
-31642.0	7838.0	902.229	2108.99
-31642.0	7838.0	901.058	2196.1
-31642.0	7838.0	899.886	2007.92
-31642.0	7838.0	898.715	1928.61
-31642.0	7838.0	897.543	2083.97
-31642.0	7838.0	896.37	2094.24
-31642.0	7838.0	895.198	2164.22
-31642.0	7838.0	894.025	2104.13
-31642.0	7838.0	892.852	2076.03
-31642.0	7838.0	891.679	2135.31
-31642.0	7838.0	890.506	2060.34
-31642.0	7838.0	889.332	2070.61
-31642.0	7838.0	888.158	1995.68
-31642.0	7838.0	886.984	2054.93
-31642.0	7838.0	885.81	2026.87
-31642.0	7838.0	884.636	2083.97
-31642.0	7838.0	883.461	2098.48
-31642.0	7838.0	882.286	2042.76
-31642.0	7838.0	881.111	2057.28
-31642.0	7838.0	879.936	2035.62
-31642.0	7838.0	878.76	2048.0
-31642.0	7838.0	877.584	2047.62
-31642.0	7838.0	876.408	2002.6
-31642.0	7838.0	875.232	2057.48
-31642.0	7838.0	874.056	2018.85
-31642.0	7838.0	872.879	2063.09
-31642.0	7838.0	871.702	2062.7
-31642.0	7838.0	870.525	2011.35
-31642.0	7838.0	869.348	2002.48
-31642.0	7838.0	868.17	1989.36
-31642.0	7838.0	866.993	1982.62
-31642.0	7838.0	865.815	2001.35
-31642.0	7838.0	864.637	2043.41
-31642.0	7838.0	863.458	1962.41
-31642.0	7838.0	862.28	1951.44
-31642.0	7838.0	861.101	1999.85
-31642.0	7838.0	859.922	1961.31
-31642.0	7838.0	858.742	2007.58
-31642.0	7838.0	857.563	2015.68
-31642.0	7838.0	856.383	1979.28
-31642.0	7838.0	855.203	1991.62
-31642.0	7838.0	854.023	1938.29
-31642.0	7838.0	852.843	2018.4
-31642.0	7838.0	851.662	2032.85
-31642.0	7838.0	850.481	1896.97
-31642.0	7838.0	849.3	1985.51
-31642.0	7838.0	848.119	2038.05
-31642.0	7838.0	846.937	2020.74
-31642.0	7838.0	845.756	2020.36
-31642.0	7838.0	844.574	2009.4
-31642.0	7838.0	843.392	1981.53
-31642.0	7838.0	842.209	1985.38
-31642.0	7838.0	841.027	2029.4
-31642.0	7838.0	839.844	1961.38
-31642.0	7838.0	838.661	1971.58
-31642.0	7838.0	837.477	1926.84
-31642.0	7838.0	836.294	1994.07
-31642.0	7838.0	835.11	1959.9
-31642.0	7838.0	833.926	2073.56
-31642.0	7838.0	832.742	2039.38
-31642.0	7838.0	831.558	1965.12
-31642.0	7838.0	830.373	2089.26
-31642.0	7838.0	829.188	1977.04
-31642.0	7838.0	828.003	1930.25
-31642.0	7838.0	826.818	1997.38
-31642.0	7838.0	825.632	1931.63
-31642.0	7838.0	824.446	1889.1
-31642.0	7838.0	823.26	1987.81
-31642.0	7838.0	822.074	1962.14
-31642.0	7838.0	820.888	2003.91
-31642.0	7838.0	819.701	1982.47
-31642.0	7838.0	818.514	1975.77
-31642.0	7838.0	817.327	1926.96
-31642.0	7838.0	816.14	1949.75
-31642.0	7838.0	814.952	1987.27
-31642.0	7838.0	813.765	2018.47
-31642.0	7838.0	812.577	1978.1
-31642.0	7838.0	811.388	1918.81
-31642.0	7838.0	810.2	1989.97
-31642.0	7838.0	809.011	1932.8
-31642.0	7838.0	807.822	1976.59
-31642.0	7838.0	806.633	1934.17
-31642.0	7838.0	805.444	1914.88
-31642.0	7838.0	804.254	1882.99
-31642.0	7838.0	803.064	1958.27
-31642.0	7838.0	801.874	1934.79
-31642.0	7838.0	800.684	1902.92
-31642.0	7838.0	799.493	1906.75
-31642.0	7838.0	798.303	1969.37
-31642.0	7838.0	797.112	1910.22
-31642.0	7838.0	795.921	1922.45
-31642.0	7838.0	794.729	1961.95
-31642.0	7838.0	793.538	1925.91
-31642.0	7838.0	792.346	1919.24
-31642.0	7838.0	791.154	1912.59
-31642.0	7838.0	789.961	1874.48
-31642.0	7838.0	788.769	1985.22
-31642.0	7838.0	787.576	1877.95
-31642.0	7838.0	786.383	1950.93
-31642.0	7838.0	785.19	1873.04
-31642.0	7838.0	783.996	1876.87
-31642.0	7838.0	782.802	1910.02
-31642.0	7838.0	781.608	1913.84
-31642.0	7838.0	780.414	1848.57
-31642.0	7838.0	779.22	1904.73
-31642.0	7838.0	778.025	1875.06
-31642.0	7838.0	776.83	1912.36
-31642.0	7838.0	775.635	1891.08
-31642.0	7838.0	774.44	1932.54
-31642.0	7838.0	773.244	1925.9
-31642.0	7838.0	772.049	1931.8
-31642.0	7838.0	770.853	1887.53
-31642.0	7838.0	769.656	1914.33
-31642.0	7838.0	768.46	1799.04
-31642.0	7838.0	767.263	1942.84
-31642.0	7838.0	766.066	1925.76
-31642.0	7838.0	764.869	1925.38
-31642.0	7838.0	763.672	1920.84
-31642.0	7838.0	762.474	1987.26
-31642.0	7838.0	761.276	1892.96
-31642.0	7838.0	760.078	1909.29
-31642.0	7838.0	758.88	1904.75
-31642.0	7838.0	757.681	1939.84
-31642.0	7838.0	756.483	1874.81
-31642.0	7838.0	755.284	1864.02
-31642.0	7838.0	754.084	1969.98
-31642.0	7838.0	752.885	1925.83
-31642.0	7838.0	751.685	1919.2
-31642.0	7838.0	750.485	1839.66
-31642.0	7838.0	749.285	1830.97
-31642.0	7838.0	748.085	1876.43
-31642.0	7838.0	746.884	1865.66
-31642.0	7838.0	745.683	1838.23
-31642.0	7838.0	744.482	1925.29
-31642.0	7838.0	743.281	1902.03
-31642.0	7838.0	742.079	1941.19
-31642.0	7838.0	740.877	1886.73
-31642.0	7838.0	739.675	1873.88
-31642.0	7838.0	738.473	1915.1
-31642.0	7838.0	737.27	1848.2
-31642.0	7838.0	736.068	1862.39
-31642.0	7838.0	734.865	1870.34
-31642.0	7838.0	733.661	1857.51
-31642.0	7838.0	732.458	1880.0
-31642.0	7838.0	731.254	1836.02
-31642.0	7838.0	730.05	1829.43
-31642.0	7838.0	728.846	1849.83
-31642.0	7838.0	727.642	1834.94
-31642.0	7838.0	726.437	1797.23
-31642.0	7838.0	725.232	1846.67
-31642.0	7838.0	724.027	1933.44
-31642.0	7838.0	722.822	1823.14
-31642.0	7838.0	721.616	1843.52
-31642.0	7838.0	720.41	1845.23
-31642.0	7838.0	719.204	1832.43
-31642.0	7838.0	717.998	1871.45
-31642.0	7838.0	716.791	1796.49
-31642.0	7838.0	715.585	1939.08
-31642.0	7838.0	714.378	2050.55
-31642.0	7838.0	713.17	1936.25
-31642.0	7838.0	711.963	1821.99
-31642.0	7838.0	710.755	1852.69
-31642.0	7838.0	709.547	1854.39
-31642.0	7838.0	708.339	1872.65
-31642.0	7838.0	707.131	1859.87
-31642.0	7838.0	705.922	1873.98
-31642.0	7838.0	704.713	1863.27
-31642.0	7838.0	703.504	1879.45
-31642.0	7838.0	702.295	1893.55
-31642.0	7838.0	701.085	1932.45
-31642.0	7838.0	699.875	1845.28
-31642.0	7838.0	698.665	1844.91
-31642.0	7838.0	697.455	1923.04
-31642.0	7838.0	696.244	1904.08
-31642.0	7838.0	695.034	1965.64
-31642.0	7838.0	693.822	1899.2
-31642.0	7838.0	692.611	1931.85
-31642.0	7838.0	691.4	1927.34
-31642.0	7838.0	690.188	1937.27
-31642.0	7838.0	688.976	1994.65
-31642.0	7838.0	687.764	1837.52
-31642.0	7838.0	686.551	1868.08
-31642.0	7838.0	685.339	1976.97
-31642.0	7838.0	684.126	1958.03
-31642.0	7838.0	682.912	1955.58
-31642.0	7838.0	681.699	1994.34
-31642.0	7838.0	680.485	1956.87
-31642.0	7838.0	679.271	1956.48
-31642.0	7838.0	678.057	2024.04
-31642.0	7838.0	676.843	1976.29
-31642.0	7838.0	675.628	1934.74
-31642.0	7838.0	674.413	1987.86
-31642.0	7838.0	673.198	2063.59
-31642.0	7838.0	671.983	1991.18
-31642.0	7838.0	670.767	1980.5
-31642.0	7838.0	669.551	1967.77
-31642.0	7838.0	668.335	1963.27
-31642.0	7838.0	667.119	2001.93
-31642.0	7838.0	665.902	1968.65
-31642.0	7838.0	664.686	1972.37
-31642.0	7838.0	663.469	2029.5
-31642.0	7838.0	662.251	1985.96
-31642.0	7838.0	661.034	1942.45
-31642.0	7838.0	659.816	2007.76
-31642.0	7838.0	658.598	2066.88
-31642.0	7838.0	657.38	2000.8
-31642.0	7838.0	656.161	1998.35
-31642.0	7838.0	654.942	2004.11
-31642.0	7838.0	653.723	2007.81
-31642.0	7838.0	652.504	1978.7
-31642.0	7838.0	651.285	1957.81
-31642.0	7838.0	650.065	1957.41
-31642.0	7838.0	648.845	1950.88
-31642.0	7838.0	647.625	1973.02
-31642.0	7838.0	646.404	1991.07
-31642.0	7838.0	645.184	2041.87
-31642.0	7838.0	643.963	2070.13
-31642.0	7838.0	642.742	1985.78
-31642.0	7838.0	641.52	2014.04
-31642.0	7838.0	640.298	2075.02
-31642.0	7838.0	639.076	2045.97
-31642.0	7838.0	637.854	2149.88
-31642.0	7838.0	636.632	2026.74
-31642.0	7838.0	635.409	2099.94
-31642.0	7838.0	634.186	2042.28
-31642.0	7838.0	632.963	1962.16
-31642.0	7838.0	631.74	2055.77
-31642.0	7838.0	630.516	2014.49
-31642.0	7838.0	629.292	2067.2
-31642.0	7838.0	628.068	2058.62
-31642.0	7838.0	626.844	2066.37
-31642.0	7838.0	625.619	2037.37
-31642.0	7838.0	624.394	2120.65
-31642.0	7838.0	623.169	2099.82
-31642.0	7838.0	621.944	2103.47
-31642.0	7838.0	620.718	2107.13
-31642.0	7838.0	619.492	1992.5
-31642.0	7838.0	618.266	2036.96
-31642.0	7838.0	617.04	2077.32
-31642.0	7838.0	615.813	2050.4
-31642.0	7838.0	614.587	2086.67
-31642.0	7838.0	613.36	2063.84
-31642.0	7838.0	612.132	2047.13
-31642.0	7838.0	610.905	2101.7
-31642.0	7838.0	609.677	2084.99
-31642.0	7838.0	608.449	2066.25
-31642.0	7838.0	607.22	2039.37
-31642.0	7838.0	605.992	2016.58
-31642.0	7838.0	604.763	2003.96
-31642.0	7838.0	603.534	2017.8
-31642.0	7838.0	602.305	1997.05
-31642.0	7838.0	601.075	2098.31
-31642.0	7838.0	599.845	1990.15
-31642.0	7838.0	598.615	1993.81
-31642.0	7838.0	597.385	2044.21
-31642.0	7838.0	596.154	2080.36
-31642.0	7838.0	594.924	2086.04
-31642.0	7838.0	593.693	1990.17
-31642.0	7838.0	592.461	2016.16
-31642.0	7838.0	591.23	2054.32
-31642.0	7838.0	589.998	2007.22
-31642.0	7838.0	588.766	2021.02
-31642.0	7838.0	587.534	2049.01
-31642.0	7838.0	586.301	2052.66
-31642.0	7838.0	585.068	1983.29
-31642.0	7838.0	583.835	2029.52
-31642.0	7838.0	582.602	2067.62
-31642.0	7838.0	581.368	2036.8
-31642.0	7838.0	580.134	2010.05
-31642.0	7838.0	578.9	2027.87
-31642.0	7838.0	577.666	2005.18
-31642.0	7838.0	576.432	2039.2
-31642.0	7838.0	575.197	2000.32
-31642.0	7838.0	573.962	2088.98
-31642.0	7838.0	572.726	2056.17
-31642.0	7838.0	571.491	2047.66
-31642.0	7838.0	570.255	1972.39
-31642.0	7838.0	569.019	1984.13
-31642.0	7838.0	567.783	2070.67
-31642.0	7838.0	566.546	2031.84
-31642.0	7838.0	565.309	2035.47
-31642.0	7838.0	564.072	2004.74
-31642.0	7838.0	562.835	2111.42
-31642.0	7838.0	561.597	2113.01
-31642.0	7838.0	560.359	2126.71
-31642.0	7838.0	559.121	2168.68
-31642.0	7838.0	557.883	2111.71
-31642.0	7838.0	556.644	2139.54
-31642.0	7838.0	555.406	2157.27
-31642.0	7838.0	554.167	2174.98
-31642.0	7838.0	552.927	2192.69
-31642.0	7838.0	551.688	2210.4
-31642.0	7838.0	550.448	2222.04
-31642.0	7838.0	549.208	2320.37
-31642.0	7838.0	547.967	2305.79
-31642.0	7838.0	546.727	2393.98
-31642.0	7838.0	545.486	2329.02
-31642.0	7838.0	544.245	2433.29
-31642.0	7838.0	543.003	2509.32
-31642.0	7838.0	541.762	2536.99
-31642.0	7838.0	540.52	2639.14
-31642.0	7838.0	539.278	2650.68
-31642.0	7838.0	538.035	2774.89
-31642.0	7838.0	536.793	2886.99
-31642.0	7838.0	535.55	3047.31
-31642.0	7838.0	534.307	3111.04
-31642.0	7838.0	533.063	3333.57
-31642.0	7838.0	531.82	3471.59
-31642.0	7838.0	530.576	3904.99
-31642.0	7838.0	529.331	4366.34
-31642.0	7838.0	528.087	5100.72
-31642.0	7838.0	526.842	6099.93
-31642.0	7838.0	525.597	8090.73
-31642.0	7838.0	524.352	11024.3
-31642.0	7838.0	523.107	16453.8
-31642.0	7838.0	521.861	22511.2
-31642.0	7838.0	520.615	24617.4
-31642.0	7838.0	519.369	21517.0
-31642.0	7838.0	518.122	17439.1
-31642.0	7838.0	516.876	13936.4
-31642.0	7838.0	515.629	11441.5
-31642.0	7838.0	514.381	9955.89
-31642.0	7838.0	513.134	8579.1
-31642.0	7838.0	511.886	7753.86
-31642.0	7838.0	510.638	7349.63
-31642.0	7838.0	509.39	6833.4
-31642.0	7838.0	508.141	6571.69
-31642.0	7838.0	506.892	6316.09
-31642.0	7838.0	505.643	6092.62
-31642.0	7838.0	504.394	6045.33
-31642.0	7838.0	503.145	5900.04
-31642.0	7838.0	501.895	5882.82
-31642.0	7838.0	500.645	5717.61
-31642.0	7838.0	499.394	5854.39
-31642.0	7838.0	498.144	5807.2
-31642.0	7838.0	496.893	5843.98
-31642.0	7838.0	495.642	5814.79
-31642.0	7838.0	494.39	5543.89
-31642.0	7838.0	493.139	5452.86
-31642.0	7838.0	491.887	5363.86
-31642.0	7838.0	490.635	5352.77
-31642.0	7838.0	489.382	5351.66
-31642.0	7838.0	488.13	5364.53
-31642.0	7838.0	486.877	5187.83
-31642.0	7838.0	485.623	5154.83
-31642.0	7838.0	484.37	5123.85
-31642.0	7838.0	483.116	5092.87
-31642.0	7838.0	481.862	5071.88
-31642.0	7838.0	480.608	5052.89
-31642.0	7838.0	479.354	5089.71
-31642.0	7838.0	478.099	5084.67
-31642.0	7838.0	476.844	5027.83
-31642.0	7838.0	475.588	4935.18
-31642.0	7838.0	474.333	4856.5
-31642.0	7838.0	473.077	4875.4
-31642.0	7838.0	471.821	4924.14
-31642.0	7838.0	470.565	4730.09
-31642.0	7838.0	469.308	4806.7
-31642.0	7838.0	468.051	4767.91
-31642.0	7838.0	466.794	4776.86
-31642.0	7838.0	465.537	4648.62
-31642.0	7838.0	464.279	4550.25
-31642.0	7838.0	463.021	4513.52
-31642.0	7838.0	461.763	4349.65
-31642.0	7838.0	460.505	4465.95
-31642.0	7838.0	459.246	4345.85
-31642.0	7838.0	457.987	4275.44
-31642.0	7838.0	456.728	4224.92
-31642.0	7838.0	455.469	4184.34
-31642.0	7838.0	454.209	4086.22
-31642.0	7838.0	452.949	4043.7
-31642.0	7838.0	451.689	3927.8
-31642.0	7838.0	450.428	4012.27
-31642.0	7838.0	449.167	3934.1
-31642.0	7838.0	447.906	3903.54
-31642.0	7838.0	446.645	3841.28
-31642.0	7838.0	445.383	3802.82
-31642.0	7838.0	444.122	3712.87
-31642.0	7838.0	442.86	3682.39
-31642.0	7838.0	441.597	3709.34
-31642.0	7838.0	440.335	3609.57
-31642.0	7838.0	439.072	3680.08
-31642.0	7838.0	437.809	3570.45
-31642.0	7838.0	436.545	3520.24
-31642.0	7838.0	435.281	3418.61
-31642.0	7838.0	434.018	3404.05
-31642.0	7838.0	432.753	3425.09
-31642.0	7838.0	431.489	3268.18
-31642.0	7838.0	430.224	3429.58
-31642.0	7838.0	428.959	3359.69
-31642.0	7838.0	427.694	3335.28
-31642.0	7838.0	426.428	3267.42
-31642.0	7838.0	425.163	3349.68
-31642.0	7838.0	423.896	3341.08
-31642.0	7838.0	422.63	3237.72
-31642.0	7838.0	421.364	3169.94
-31642.0	7838.0	420.097	3194.93
-31642.0	7838.0	418.83	3257.39
-31642.0	7838.0	417.562	3156.11
-31642.0	7838.0	416.295	3183.05
-31642.0	7838.0	415.027	3089.72
-31642.0	7838.0	413.758	3154.12
-31642.0	7838.0	412.49	3153.46
-31642.0	7838.0	411.221	3176.44
-31642.0	7838.0	409.952	3122.58
-31642.0	7838.0	408.683	3117.99
-31642.0	7838.0	407.414	3079.92
-31642.0	7838.0	406.144	3037.92
-31642.0	7838.0	404.874	3045.16
-31642.0	7838.0	403.603	3089.78
-31642.0	7838.0	402.333	3159.97
-31642.0	7838.0	401.062	3096.35
-31642.0	7838.0	399.791	3030.8
-31642.0	7838.0	398.519	3010.5
-31642.0	7838.0	397.248	3070.81
-31642.0	7838.0	395.976	3048.54
-31642.0	7838.0	394.704	3004.67
-31642.0	7838.0	393.431	3055.12
-31642.0	7838.0	392.159	3017.15
-31642.0	7838.0	390.886	3091.14
-31642.0	7838.0	389.612	2966.79
-31642.0	7838.0	388.339	2940.65
-31642.0	7838.0	387.065	2900.78
-31642.0	7838.0	385.791	3013.97
-31642.0	7838.0	384.517	3038.84
-31642.0	7838.0	383.242	2912.67
-31642.0	7838.0	381.967	3000.3
-31642.0	7838.0	380.692	2995.75
-31642.0	7838.0	379.417	3069.6
-31642.0	7838.0	378.141	2965.09
-31642.0	7838.0	376.865	2952.7
-31642.0	7838.0	375.589	3001.05
-31642.0	7838.0	374.312	2920.12
-31642.0	7838.0	373.035	2999.79
-31642.0	7838.0	371.758	2950.21
-31642.0	7838.0	370.481	2963.29
-31642.0	7838.0	369.204	2866.78
-31642.0	7838.0	367.926	2989.43
-31642.0	7838.0	366.648	2900.77
-31642.0	7838.0	365.369	2872.78
-31642.0	7838.0	364.091	2907.37
-31642.0	7838.0	362.812	2906.75
-31642.0	7838.0	361.532	2908.09
-31642.0	7838.0	360.253	2821.5
-31642.0	7838.0	358.973	2926.4
-31642.0	7838.0	357.693	2906.25
-31642.0	7838.0	356.413	2966.17
-31642.0	7838.0	355.132	2967.49
-31642.0	7838.0	353.852	2988.33
-31642.0	7838.0	352.571	2975.99
-31642.0	7838.0	351.289	2893.42
-31642.0	7838.0	350.008	2910.36
-31642.0	7838.0	348.726	2938.99
-31642.0	7838.0	347.444	2856.48
-31642.0	7838.0	346.161	2982.58
-31642.0	7838.0	344.878	2993.65
-31642.0	7838.0	343.595	2961.83
-31642.0	7838.0	342.312	2974.84
-31642.0	7838.0	341.029	2929.41
-31642.0	7838.0	339.745	2932.69
-31642.0	7838.0	338.461	2928.17
-31642.0	7838.0	337.176	3059.91
-31642.0	7838.0	335.892	2963.9
-31642.0	7838.0	334.607	3081.96
-31642.0	7838.0	333.322	3098.81
-31642.0	7838.0	332.036	3057.31
-31642.0	7838.0	330.75	3023.61
-31642.0	7838.0	329.464	3017.13
-31642.0	7838.0	328.178	2967.9
-31642.0	7838.0	326.892	3048.89
-31642.0	7838.0	325.605	3085.15
-31642.0	7838.0	324.318	3107.8
-31642.0	7838.0	323.03	3091.61
-31642.0	7838.0	321.743	3104.54
-31642.0	7838.0	320.455	3146.59
-31642.0	7838.0	319.167	3112.92
-31642.0	7838.0	317.878	3147.19
-31642.0	7838.0	316.59	3175.62
-31642.0	7838.0	315.301	3077.97
-31642.0	7838.0	314.011	3147.12
-31642.0	7838.0	312.722	3243.38
-31642.0	7838.0	311.432	3238.81
-31642.0	7838.0	310.142	3224.56
-31642.0	7838.0	308.851	3202.56
-31642.0	7838.0	307.561	3261.93
-31642.0	7838.0	306.27	3346.44
-31642.0	7838.0	304.979	3353.47
-31642.0	7838.0	303.687	3277.26
-31642.0	7838.0	302.395	3282.37
-31642.0	7838.0	301.103	3264.26
-31642.0	7838.0	299.811	3217.13
-31642.0	7838.0	298.519	3200.97
-31642.0	7838.0	297.226	3248.63
-31642.0	7838.0	295.933	3197.67
-31642.0	7838.0	294.639	3202.79
-31642.0	7838.0	293.345	3157.66
-31642.0	7838.0	292.052	3147.33
-31642.0	7838.0	290.757	3148.58
-31642.0	7838.0	289.463	3161.43
-31642.0	7838.0	288.168	3002.43
-31642.0	7838.0	286.873	3104.1
-31642.0	7838.0	285.578	3088.0
-31642.0	7838.0	284.282	3062.25
-31642.0	7838.0	282.986	2990.22
-31642.0	7838.0	281.69	3043.59
-31642.0	7838.0	280.393	2942.66
-31642.0	7838.0	279.097	2994.09
-31642.0	7838.0	277.8	2935.62
-31642.0	7838.0	276.502	2921.5
-31642.0	7838.0	275.205	2951.71
-31642.0	7838.0	273.907	2953.0
-31642.0	7838.0	272.609	2790.6
-31642.0	7838.0	271.311	2903.6
-31642.0	7838.0	270.012	2928.01
-31642.0	7838.0	268.713	2802.28
-31642.0	7838.0	267.414	2832.47
-31642.0	7838.0	266.114	2714.51
-31642.0	7838.0	264.814	2758.17
-31642.0	7838.0	263.514	2776.8
-31642.0	7838.0	262.214	2778.13
-31642.0	7838.0	260.913	2771.77
-31642.0	7838.0	259.613	2738.51
-31642.0	7838.0	258.311	2736.0
-31642.0	7838.0	257.01	2762.31
-31642.0	7838.0	255.708	2663.77
-31642.0	7838.0	254.406	2667.04
-31642.0	7838.0	253.104	2699.1
-31642.0	7838.0	251.801	2639.03
-31642.0	7838.0	250.499	2638.46
-31642.0	7838.0	249.195	2553.48
-31642.0	7838.0	247.892	2656.51
-31642.0	7838.0	246.588	2594.58
-31642.0	7838.0	245.284	2574.85
-31642.0	7838.0	243.98	2493.79
-31642.0	7838.0	242.676	2506.67
-31642.0	7838.0	241.371	2508.05
-31642.0	7838.0	240.066	2564.98
-31642.0	7838.0	238.76	2572.09
-31642.0	7838.0	237.455	2496.86
-31642.0	7838.0	236.149	2525.04
-31642.0	7838.0	234.843	2457.51
-31642.0	7838.0	233.536	2485.68
-31642.0	7838.0	232.229	2471.76
-31642.0	7838.0	230.922	2438.71
-31642.0	7838.0	229.615	2394.21
-31642.0	7838.0	228.307	2475.9
-31642.0	7838.0	227.0	2429.5
-31642.0	7838.0	225.691	2467.2
-31642.0	7838.0	224.383	2388.33
-31642.0	7838.0	223.074	2303.77
-31642.0	7838.0	221.765	2381.57
-31642.0	7838.0	220.456	2421.16
-31642.0	7838.0	219.146	2321.37
-31642.0	7838.0	217.836	2402.94
-31642.0	7838.0	216.526	2320.37
-31642.0	7838.0	215.216	2317.97
-31642.0	7838.0	213.905	2346.08
-31642.0	7838.0	212.594	2299.81
-31642.0	7838.0	211.283	2385.11
-31642.0	7838.0	209.971	2396.03
-31642.0	7838.0	208.66	2439.35
-31642.0	7838.0	207.348	2419.77
-31642.0	7838.0	206.035	2464.97
-31642.0	7838.0	204.722	2416.83
-31642.0	7838.0	203.409	2517.22
-31642.0	7838.0	202.096	2550.95
-31642.0	7838.0	200.783	2715.99
-31642.0	7838.0	199.469	2667.83
-31642.0	7838.0	198.155	2676.77
-31642.0	7838.0	196.84	2695.21
-31642.0	7838.0	195.526	2770.7
-31642.0	7838.0	194.211	2897.49
-31642.0	7838.0	192.896	2841.74
-31642.0	7838.0	191.58	3065.38
-31642.0	7838.0	190.264	2946.91
-31642.0	7838.0	188.948	2967.18
-31642.0	7838.0	187.632	2917.16
-31642.0	7838.0	186.315	2891.85
-31642.0	7838.0	184.998	2855.15
-31642.0	7838.0	183.681	2922.87
-31642.0	7838.0	182.364	3036.09
-31642.0	7838.0	181.046	2995.6
-31642.0	7838.0	179.728	3004.43
-31642.0	7838.0	178.41	2963.96
-31642.0	7838.0	177.091	3078.98
-31642.0	7838.0	175.772	3030.93
-31642.0	7838.0	174.453	3090.92
-31642.0	7838.0	173.133	3037.2
-31642.0	7838.0	171.814	3097.16
-31642.0	7838.0	170.494	3069.98
-31642.0	7838.0	169.173	3110.97
-31642.0	7838.0	167.853	3085.69
-31642.0	7838.0	166.532	3109.63
-31642.0	7838.0	165.211	3139.24
-31642.0	7838.0	163.889	3066.67
-31642.0	7838.0	162.567	3048.99
-31642.0	7838.0	161.245	3146.66
-31642.0	7838.0	159.923	3100.61
-31642.0	7838.0	158.6	3186.89
-31642.0	7838.0	157.278	3233.45
-31642.0	7838.0	155.954	3208.19
-31642.0	7838.0	154.631	3239.61
-31642.0	7838.0	153.307	3233.25
-31642.0	7838.0	151.983	3238.21
-31642.0	7838.0	150.659	3256.39
-31642.0	7838.0	149.334	3259.46
-31642.0	7838.0	148.009	3187.06
-31642.0	7838.0	146.684	3176.94
-31642.0	7838.0	145.359	3251.7
-31642.0	7838.0	144.033	3224.59
-31642.0	7838.0	142.707	3203.16
-31642.0	7838.0	141.381	3213.78
-31642.0	7838.0	140.054	3203.66
-31642.0	7838.0	138.727	3219.93
-31642.0	7838.0	137.4	3170.26
-31642.0	7838.0	136.072	3207.24
-31642.0	7838.0	134.745	3251.74
-31642.0	7838.0	133.417	3232.21
-31642.0	7838.0	132.088	3208.93
-31642.0	7838.0	130.76	3217.64
-31642.0	7838.0	129.431	3201.9
-31642.0	7838.0	128.102	3118.45
-31642.0	7838.0	126.772	3161.02
-31642.0	7838.0	125.442	3164.1
-31642.0	7838.0	124.112	3095.75
-31642.0	7838.0	122.782	3102.6
-31642.0	7838.0	121.451	3062.48
-31642.0	7838.0	120.12	2981.04
-31642.0	7838.0	118.789	3055.52
-31642.0	7838.0	117.458	3000.41
-31642.0	7838.0	116.126	2967.85
-31642.0	7838.0	114.794	2916.53
-31642.0	7838.0	113.462	3002.22
-31642.0	7838.0	112.129	2812.1
-31642.0	7838.0	110.796	2830.24
-31642.0	7838.0	109.463	2765.88
-31642.0	7838.0	108.129	2712.79
-31642.0	7838.0	106.796	2629.73
-31642.0	7838.0	105.461	2612.29
-31642.0	7838.0	104.127	2504.94
-31642.0	7838.0	102.792	2511.89
-31642.0	7838.0	101.457	2339.05
-31642.0	7838.0	100.122	2246.8
-31642.0	7838.0	98.7867	2105.92
-31642.0	7838.0	97.4509	2142.9
-31642.0	7838.0	96.1148	2030.17
-31642.0	7838.0	94.7784	2007.28
-31642.0	7838.0	93.4418	1950.74
-31642.0	7838.0	92.1048	1939.1
-31642.0	7838.0	90.7676	1819.03
-31642.0	7838.0	89.43	1790.6
-31642.0	7838.0	88.0922	1823.85
-31642.0	7838.0	86.7541	1838.4
-31642.0	7838.0	85.4157	1809.99
