-31638.0	7806.0	1311.89	1985.17
-31638.0	7806.0	1310.78	2055.25
-31638.0	7806.0	1309.68	2079.9
-31638.0	7806.0	1308.58	2050.06
-31638.0	7806.0	1307.48	2061.08
-31638.0	7806.0	1306.38	2060.75
-31638.0	7806.0	1305.28	2049.07
-31638.0	7806.0	1304.18	2082.78
-31638.0	7806.0	1303.07	2091.52
-31638.0	7806.0	1301.97	2093.45
-31638.0	7806.0	1300.87	2136.2
-31638.0	7806.0	1299.77	2074.64
-31638.0	7806.0	1298.66	2078.84
-31638.0	7806.0	1297.56	2121.57
-31638.0	7806.0	1296.46	2044.18
-31638.0	7806.0	1295.35	2068.78
-31638.0	7806.0	1294.25	2097.9
-31638.0	7806.0	1293.15	2043.2
-31638.0	7806.0	1292.04	2119.87
-31638.0	7806.0	1290.94	2069.71
-31638.0	7806.0	1289.83	2062.59
-31638.0	7806.0	1288.73	2055.46
-31638.0	7806.0	1287.63	2098.14
-31638.0	7806.0	1286.52	2086.48
-31638.0	7806.0	1285.42	2058.99
-31638.0	7806.0	1284.31	2047.35
-31638.0	7806.0	1283.21	2083.21
-31638.0	7806.0	1282.1	2073.83
-31638.0	7806.0	1280.99	2041.84
-31638.0	7806.0	1279.89	2122.9
-31638.0	7806.0	1278.78	2079.61
-31638.0	7806.0	1277.68	2106.39
-31638.0	7806.0	1276.57	2040.52
-31638.0	7806.0	1275.46	2083.12
-31638.0	7806.0	1274.36	2114.41
-31638.0	7806.0	1273.25	2075.67
-31638.0	7806.0	1272.14	2073.07
-31638.0	7806.0	1271.04	2111.12
-31638.0	7806.0	1269.93	2144.64
-31638.0	7806.0	1268.82	2040.46
-31638.0	7806.0	1267.71	1981.46
-31638.0	7806.0	1266.61	2012.73
-31638.0	7806.0	1265.5	2014.65
-31638.0	7806.0	1264.39	2016.58
-31638.0	7806.0	1263.28	2034.3
-31638.0	7806.0	1262.17	2115.15
-31638.0	7806.0	1261.06	2076.47
-31638.0	7806.0	1259.95	2024.29
-31638.0	7806.0	1258.84	1994.66
-31638.0	7806.0	1257.74	2059.69
-31638.0	7806.0	1256.63	2077.38
-31638.0	7806.0	1255.52	2043.25
-31638.0	7806.0	1254.41	2065.44
-31638.0	7806.0	1253.3	2110.14
-31638.0	7806.0	1252.19	2019.73
-31638.0	7806.0	1251.08	2102.7
-31638.0	7806.0	1249.96	2007.82
-31638.0	7806.0	1248.85	2072.75
-31638.0	7806.0	1247.74	2074.67
-31638.0	7806.0	1246.63	2051.83
-31638.0	7806.0	1245.52	2080.74
-31638.0	7806.0	1244.41	1997.18
-31638.0	7806.0	1243.3	1976.61
-31638.0	7806.0	1242.18	2032.5
-31638.0	7806.0	1241.07	1989.46
-31638.0	7806.0	1239.96	2038.58
-31638.0	7806.0	1238.85	2036.0
-31638.0	7806.0	1237.74	2060.38
-31638.0	7806.0	1236.62	2021.85
-31638.0	7806.0	1235.51	2043.98
-31638.0	7806.0	1234.4	1967.29
-31638.0	7806.0	1233.28	2072.5
-31638.0	7806.0	1232.17	2016.03
-31638.0	7806.0	1231.06	1941.63
-31638.0	7806.0	1229.94	1941.31
-31638.0	7806.0	1228.83	1952.21
-31638.0	7806.0	1227.71	2070.79
-31638.0	7806.0	1226.6	2007.64
-31638.0	7806.0	1225.48	1973.67
-31638.0	7806.0	1224.37	1998.01
-31638.0	7806.0	1223.25	1979.75
-31638.0	7806.0	1222.14	2039.95
-31638.0	7806.0	1221.02	2032.89
-31638.0	7806.0	1219.91	2012.38
-31638.0	7806.0	1218.79	1933.63
-31638.0	7806.0	1217.68	1989.32
-31638.0	7806.0	1216.56	2071.86
-31638.0	7806.0	1215.44	2084.96
-31638.0	7806.0	1214.33	1997.29
-31638.0	7806.0	1213.21	2032.78
-31638.0	7806.0	1212.09	2050.35
-31638.0	7806.0	1210.98	2032.1
-31638.0	7806.0	1209.86	2029.53
-31638.0	7806.0	1208.74	1982.21
-31638.0	7806.0	1207.62	2044.51
-31638.0	7806.0	1206.51	1997.21
-31638.0	7806.0	1205.39	2021.47
-31638.0	7806.0	1204.27	1942.89
-31638.0	7806.0	1203.15	1877.74
-31638.0	7806.0	1202.03	2011.53
-31638.0	7806.0	1200.91	1966.5
-31638.0	7806.0	1199.8	1992.98
-31638.0	7806.0	1198.68	1970.31
-31638.0	7806.0	1197.56	1967.75
-31638.0	7806.0	1196.44	2009.86
-31638.0	7806.0	1195.32	1996.12
-31638.0	7806.0	1194.2	1919.89
-31638.0	7806.0	1193.08	2024.48
-31638.0	7806.0	1191.96	1950.49
-31638.0	7806.0	1190.84	1976.94
-31638.0	7806.0	1189.72	2061.39
-31638.0	7806.0	1188.6	2047.66
-31638.0	7806.0	1187.48	2074.08
-31638.0	7806.0	1186.35	1993.46
-31638.0	7806.0	1185.23	1966.38
-31638.0	7806.0	1184.11	1943.76
-31638.0	7806.0	1182.99	2001.38
-31638.0	7806.0	1181.87	1954.25
-31638.0	7806.0	1180.75	1911.59
-31638.0	7806.0	1179.62	2004.83
-31638.0	7806.0	1178.5	2000.04
-31638.0	7806.0	1177.38	2037.56
-31638.0	7806.0	1176.26	2121.82
-31638.0	7806.0	1175.13	1963.41
-31638.0	7806.0	1174.01	2027.63
-31638.0	7806.0	1172.89	2007.26
-31638.0	7806.0	1171.76	2009.15
-31638.0	7806.0	1170.64	1970.99
-31638.0	7806.0	1169.51	1943.97
-31638.0	7806.0	1168.39	1912.51
-31638.0	7806.0	1167.27	1943.32
-31638.0	7806.0	1166.14	1914.09
-31638.0	7806.0	1165.02	1902.65
-31638.0	7806.0	1163.89	1944.56
-31638.0	7806.0	1162.77	2008.67
-31638.0	7806.0	1161.64	1948.35
-31638.0	7806.0	1160.52	1961.35
-31638.0	7806.0	1159.39	1916.6
-31638.0	7806.0	1158.26	1940.7
-31638.0	7806.0	1157.14	1907.07
-31638.0	7806.0	1156.01	2026.61
-31638.0	7806.0	1154.88	1948.59
-31638.0	7806.0	1153.76	1950.48
-31638.0	7806.0	1152.63	1899.12
-31638.0	7806.0	1151.5	1887.71
-31638.0	7806.0	1150.38	1914.01
-31638.0	7806.0	1149.25	1842.72
-31638.0	7806.0	1148.12	1948.83
-31638.0	7806.0	1146.99	1917.47
-31638.0	7806.0	1145.87	1961.47
-31638.0	7806.0	1144.74	2036.48
-31638.0	7806.0	1143.61	1936.43
-31638.0	7806.0	1142.48	1913.95
-31638.0	7806.0	1141.35	1946.85
-31638.0	7806.0	1140.22	1955.38
-31638.0	7806.0	1139.09	1946.19
-31638.0	7806.0	1137.97	1987.92
-31638.0	7806.0	1136.84	1996.43
-31638.0	7806.0	1135.71	2009.37
-31638.0	7806.0	1134.58	1942.65
-31638.0	7806.0	1133.45	1893.65
-31638.0	7806.0	1132.32	1924.29
-31638.0	7806.0	1131.19	1875.31
-31638.0	7806.0	1130.05	1892.68
-31638.0	7806.0	1128.92	1923.31
-31638.0	7806.0	1127.79	1925.19
-31638.0	7806.0	1126.66	1924.86
-31638.0	7806.0	1125.53	1970.94
-31638.0	7806.0	1124.4	1928.62
-31638.0	7806.0	1123.27	1912.83
-31638.0	7806.0	1122.13	1965.51
-31638.0	7806.0	1121.0	1932.05
-31638.0	7806.0	1119.87	1909.64
-31638.0	7806.0	1118.74	1896.07
-31638.0	7806.0	1117.6	1873.68
-31638.0	7806.0	1116.47	1840.26
-31638.0	7806.0	1115.34	1950.25
-31638.0	7806.0	1114.2	1954.33
-31638.0	7806.0	1113.07	1867.98
-31638.0	7806.0	1111.94	1997.76
-31638.0	7806.0	1110.8	1915.84
-31638.0	7806.0	1109.67	1972.83
-31638.0	7806.0	1108.54	1908.57
-31638.0	7806.0	1107.4	1919.26
-31638.0	7806.0	1106.27	1910.12
-31638.0	7806.0	1105.13	1923.01
-31638.0	7806.0	1104.0	1918.27
-31638.0	7806.0	1102.86	1889.32
-31638.0	7806.0	1101.72	1950.63
-31638.0	7806.0	1100.59	1904.07
-31638.0	7806.0	1099.45	1921.35
-31638.0	7806.0	1098.32	1879.21
-31638.0	7806.0	1097.18	1821.68
-31638.0	7806.0	1096.04	1924.76
-31638.0	7806.0	1094.91	1939.82
-31638.0	7806.0	1093.77	1961.47
-31638.0	7806.0	1092.63	1954.54
-31638.0	7806.0	1091.5	1941.01
-31638.0	7806.0	1090.36	1984.63
-31638.0	7806.0	1089.22	1907.38
-31638.0	7806.0	1088.08	1904.85
-31638.0	7806.0	1086.95	1886.95
-31638.0	7806.0	1085.81	1882.23
-31638.0	7806.0	1084.67	1925.82
-31638.0	7806.0	1083.53	1901.33
-31638.0	7806.0	1082.39	1905.39
-31638.0	7806.0	1081.25	1858.97
-31638.0	7806.0	1080.11	1902.54
-31638.0	7806.0	1078.97	1941.7
-31638.0	7806.0	1077.83	1904.07
-31638.0	7806.0	1076.69	1912.51
-31638.0	7806.0	1075.55	1883.67
-31638.0	7806.0	1074.41	1922.81
-31638.0	7806.0	1073.27	1834.79
-31638.0	7806.0	1072.13	1898.03
-31638.0	7806.0	1070.99	1943.72
-31638.0	7806.0	1069.85	1892.99
-31638.0	7806.0	1068.71	1901.42
-31638.0	7806.0	1067.57	1901.09
-31638.0	7806.0	1066.43	1907.32
-31638.0	7806.0	1065.28	1920.13
-31638.0	7806.0	1064.14	1908.85
-31638.0	7806.0	1063.0	1873.5
-31638.0	7806.0	1061.86	1857.85
-31638.0	7806.0	1060.71	1918.79
-31638.0	7806.0	1059.57	1914.08
-31638.0	7806.0	1058.43	1974.98
-31638.0	7806.0	1057.29	1895.91
-31638.0	7806.0	1056.14	1902.14
-31638.0	7806.0	1055.0	1906.18
-31638.0	7806.0	1053.85	1940.81
-31638.0	7806.0	1052.71	1815.91
-31638.0	7806.0	1051.57	1878.96
-31638.0	7806.0	1050.42	1891.73
-31638.0	7806.0	1049.28	1930.71
-31638.0	7806.0	1048.13	1982.78
-31638.0	7806.0	1046.99	1916.93
-31638.0	7806.0	1045.84	1883.85
-31638.0	7806.0	1044.7	1883.52
-31638.0	7806.0	1043.55	1985.75
-31638.0	7806.0	1042.4	1891.59
-31638.0	7806.0	1041.26	1952.33
-31638.0	7806.0	1040.11	1999.97
-31638.0	7806.0	1038.97	1975.63
-31638.0	7806.0	1037.82	1966.56
-31638.0	7806.0	1036.67	1992.37
-31638.0	7806.0	1035.53	2037.79
-31638.0	7806.0	1034.38	1928.48
-31638.0	7806.0	1033.23	1995.67
-31638.0	7806.0	1032.08	2071.56
-31638.0	7806.0	1030.94	1936.16
-31638.0	7806.0	1029.79	2027.28
-31638.0	7806.0	1028.64	2087.88
-31638.0	7806.0	1027.49	2017.85
-31638.0	7806.0	1026.34	1980.5
-31638.0	7806.0	1025.19	2025.84
-31638.0	7806.0	1024.04	2112.51
-31638.0	7806.0	1022.89	2086.03
-31638.0	7806.0	1021.74	2098.71
-31638.0	7806.0	1020.59	2111.38
-31638.0	7806.0	1019.45	2028.39
-31638.0	7806.0	1018.29	2121.5
-31638.0	7806.0	1017.14	2049.41
-31638.0	7806.0	1015.99	2125.09
-31638.0	7806.0	1014.84	2135.58
-31638.0	7806.0	1013.69	2202.53
-31638.0	7806.0	1012.54	2141.33
-31638.0	7806.0	1011.39	2125.75
-31638.0	7806.0	1010.24	2149.25
-31638.0	7806.0	1009.09	2146.7
-31638.0	7806.0	1007.93	2131.13
-31638.0	7806.0	1006.78	2184.99
-31638.0	7806.0	1005.63	2199.79
-31638.0	7806.0	1004.48	2179.87
-31638.0	7806.0	1003.32	2155.63
-31638.0	7806.0	1002.17	2168.25
-31638.0	7806.0	1001.02	2226.4
-31638.0	7806.0	999.865	2262.85
-31638.0	7806.0	998.711	2251.61
-31638.0	7806.0	997.558	2303.21
-31638.0	7806.0	996.403	2335.29
-31638.0	7806.0	995.249	2250.4
-31638.0	7806.0	994.095	2353.94
-31638.0	7806.0	992.94	2349.19
-31638.0	7806.0	991.785	2428.86
-31638.0	7806.0	990.63	2417.61
-31638.0	7806.0	989.475	2395.53
-31638.0	7806.0	988.319	2418.9
-31638.0	7806.0	987.164	2517.98
-31638.0	7806.0	986.008	2485.08
-31638.0	7806.0	984.852	2568.97
-31638.0	7806.0	983.695	2553.37
-31638.0	7806.0	982.539	2533.46
-31638.0	7806.0	981.382	2608.65
-31638.0	7806.0	980.225	2614.66
-31638.0	7806.0	979.068	2506.16
-31638.0	7806.0	977.911	2589.96
-31638.0	7806.0	976.753	2591.65
-31638.0	7806.0	975.595	2491.85
-31638.0	7806.0	974.437	2571.28
-31638.0	7806.0	973.279	2676.59
-31638.0	7806.0	972.121	2635.1
-31638.0	7806.0	970.962	2602.26
-31638.0	7806.0	969.803	2586.69
-31638.0	7806.0	968.644	2666.03
-31638.0	7806.0	967.485	2596.53
-31638.0	7806.0	966.326	2647.81
-31638.0	7806.0	965.166	2567.57
-31638.0	7806.0	964.006	2698.58
-31638.0	7806.0	962.846	2661.46
-31638.0	7806.0	961.686	2686.83
-31638.0	7806.0	960.525	2593.71
-31638.0	7806.0	959.365	2638.47
-31638.0	7806.0	958.204	2655.22
-31638.0	7806.0	957.043	2753.78
-31638.0	7806.0	955.881	2673.63
-31638.0	7806.0	954.72	2645.17
-31638.0	7806.0	953.558	2689.88
-31638.0	7806.0	952.396	2687.24
-31638.0	7806.0	951.234	2729.77
-31638.0	7806.0	950.071	2673.35
-31638.0	7806.0	948.909	2642.76
-31638.0	7806.0	947.746	2711.08
-31638.0	7806.0	946.583	2704.14
-31638.0	7806.0	945.42	2731.58
-31638.0	7806.0	944.256	2703.15
-31638.0	7806.0	943.092	2633.91
-31638.0	7806.0	941.929	2637.73
-31638.0	7806.0	940.765	2772.54
-31638.0	7806.0	939.6	2634.62
-31638.0	7806.0	938.436	2657.75
-31638.0	7806.0	937.271	2543.5
-31638.0	7806.0	936.106	2607.42
-31638.0	7806.0	934.941	2641.27
-31638.0	7806.0	933.775	2572.14
-31638.0	7806.0	932.61	2483.73
-31638.0	7806.0	931.444	2397.5
-31638.0	7806.0	930.278	2482.82
-31638.0	7806.0	929.112	2409.48
-31638.0	7806.0	927.945	2274.01
-31638.0	7806.0	926.779	2346.45
-31638.0	7806.0	925.612	2290.32
-31638.0	7806.0	924.445	2328.46
-31638.0	7806.0	923.278	2240.22
-31638.0	7806.0	922.11	2244.09
-31638.0	7806.0	920.942	2160.18
-31638.0	7806.0	919.774	2232.56
-31638.0	7806.0	918.606	2255.69
-31638.0	7806.0	917.438	2186.81
-31638.0	7806.0	916.269	2201.38
-31638.0	7806.0	915.1	2245.89
-31638.0	7806.0	913.931	2130.0
-31638.0	7806.0	912.762	2159.54
-31638.0	7806.0	911.593	2105.7
-31638.0	7806.0	910.423	2120.27
-31638.0	7806.0	909.253	2006.62
-31638.0	7806.0	908.083	2132.31
-31638.0	7806.0	906.913	2129.78
-31638.0	7806.0	905.742	2086.67
-31638.0	7806.0	904.572	2152.48
-31638.0	7806.0	903.401	2092.3
-31638.0	7806.0	902.229	2173.03
-31638.0	7806.0	901.058	2100.06
-31638.0	7806.0	899.886	2086.87
-31638.0	7806.0	898.715	2090.75
-31638.0	7806.0	897.543	2069.03
-31638.0	7806.0	896.37	2147.56
-31638.0	7806.0	895.198	2055.47
-31638.0	7806.0	894.025	2027.38
-31638.0	7806.0	892.852	2082.42
-31638.0	7806.0	891.679	2099.08
-31638.0	7806.0	890.506	2009.21
-31638.0	7806.0	889.332	2113.21
-31638.0	7806.0	888.158	2102.17
-31638.0	7806.0	886.984	2082.62
-31638.0	7806.0	885.81	2077.97
-31638.0	7806.0	884.636	2092.48
-31638.0	7806.0	883.461	2102.74
-31638.0	7806.0	882.286	2012.97
-31638.0	7806.0	881.111	1967.92
-31638.0	7806.0	879.936	2027.11
-31638.0	7806.0	878.76	2005.47
-31638.0	7806.0	877.584	1992.34
-31638.0	7806.0	876.408	2038.74
-31638.0	7806.0	875.232	2004.35
-31638.0	7806.0	874.056	2016.72
-31638.0	7806.0	872.879	2056.72
-31638.0	7806.0	871.702	2011.72
-31638.0	7806.0	870.525	1983.73
-31638.0	7806.0	869.348	2091.66
-31638.0	7806.0	868.17	1989.36
-31638.0	7806.0	866.993	2012.34
-31638.0	7806.0	865.815	2020.45
-31638.0	7806.0	864.637	1984.0
-31638.0	7806.0	863.458	1960.29
-31638.0	7806.0	862.28	1872.96
-31638.0	7806.0	861.101	1925.63
-31638.0	7806.0	859.922	1954.95
-31638.0	7806.0	858.742	2028.78
-31638.0	7806.0	857.563	1962.69
-31638.0	7806.0	856.383	1975.04
-31638.0	7806.0	855.203	1972.55
-31638.0	7806.0	854.023	1995.48
-31638.0	7806.0	852.843	1984.52
-31638.0	7806.0	851.662	1954.5
-31638.0	7806.0	850.481	1990.12
-31638.0	7806.0	849.3	1970.7
-31638.0	7806.0	848.119	1894.14
-31638.0	7806.0	846.937	1972.07
-31638.0	7806.0	845.756	1920.92
-31638.0	7806.0	844.574	1954.4
-31638.0	7806.0	843.392	1947.69
-31638.0	7806.0	842.209	1989.61
-31638.0	7806.0	841.027	1872.97
-31638.0	7806.0	839.844	1845.14
-31638.0	7806.0	838.661	1950.45
-31638.0	7806.0	837.477	1945.85
-31638.0	7806.0	836.294	1941.26
-31638.0	7806.0	835.11	1877.54
-31638.0	7806.0	833.926	2024.99
-31638.0	7806.0	832.742	2003.5
-31638.0	7806.0	831.558	1971.45
-31638.0	7806.0	830.373	1964.75
-31638.0	7806.0	829.188	1930.62
-31638.0	7806.0	828.003	1947.13
-31638.0	7806.0	826.818	1950.98
-31638.0	7806.0	825.632	1997.0
-31638.0	7806.0	824.446	1983.97
-31638.0	7806.0	823.26	1935.11
-31638.0	7806.0	822.074	1930.53
-31638.0	7806.0	820.888	1909.09
-31638.0	7806.0	819.701	1946.65
-31638.0	7806.0	818.514	1883.09
-31638.0	7806.0	817.327	1960.65
-31638.0	7806.0	816.14	1972.91
-31638.0	7806.0	814.952	1964.12
-31638.0	7806.0	813.765	1978.48
-31638.0	7806.0	812.577	1940.22
-31638.0	7806.0	811.388	1939.85
-31638.0	7806.0	810.2	1924.76
-31638.0	7806.0	809.011	1983.28
-31638.0	7806.0	807.822	1898.79
-31638.0	7806.0	806.633	1929.96
-31638.0	7806.0	805.444	1914.88
-31638.0	7806.0	804.254	1876.69
-31638.0	7806.0	803.064	1941.46
-31638.0	7806.0	801.874	1976.81
-31638.0	7806.0	800.684	1818.9
-31638.0	7806.0	799.493	1919.35
-31638.0	7806.0	798.303	1956.78
-31638.0	7806.0	797.112	1950.1
-31638.0	7806.0	795.921	1935.04
-31638.0	7806.0	794.729	1913.69
-31638.0	7806.0	793.538	1883.95
-31638.0	7806.0	792.346	1942.32
-31638.0	7806.0	791.154	1929.36
-31638.0	7806.0	789.961	1933.19
-31638.0	7806.0	788.769	1907.66
-31638.0	7806.0	787.576	1942.92
-31638.0	7806.0	786.383	1925.79
-31638.0	7806.0	785.19	1862.56
-31638.0	7806.0	783.996	1837.07
-31638.0	7806.0	782.802	1838.81
-31638.0	7806.0	781.608	1871.96
-31638.0	7806.0	780.414	1923.94
-31638.0	7806.0	779.22	1883.8
-31638.0	7806.0	778.025	1883.43
-31638.0	7806.0	776.83	1922.83
-31638.0	7806.0	775.635	1895.26
-31638.0	7806.0	774.44	1907.44
-31638.0	7806.0	773.244	1886.17
-31638.0	7806.0	772.049	1908.8
-31638.0	7806.0	770.853	1950.24
-31638.0	7806.0	769.656	1893.43
-31638.0	7806.0	768.46	1939.04
-31638.0	7806.0	767.263	1947.02
-31638.0	7806.0	766.066	1863.1
-31638.0	7806.0	764.869	1869.0
-31638.0	7806.0	763.672	1868.64
-31638.0	7806.0	762.474	1891.24
-31638.0	7806.0	761.276	1859.57
-31638.0	7806.0	760.078	1888.42
-31638.0	7806.0	758.88	1927.7
-31638.0	7806.0	757.681	1858.49
-31638.0	7806.0	756.483	1893.58
-31638.0	7806.0	755.284	1843.17
-31638.0	7806.0	754.084	1919.95
-31638.0	7806.0	752.885	1854.96
-31638.0	7806.0	751.685	1865.02
-31638.0	7806.0	750.485	1804.24
-31638.0	7806.0	749.285	1849.72
-31638.0	7806.0	748.085	1863.94
-31638.0	7806.0	746.884	1849.0
-31638.0	7806.0	745.683	1859.05
-31638.0	7806.0	744.482	1858.69
-31638.0	7806.0	743.281	1766.76
-31638.0	7806.0	742.079	1860.05
-31638.0	7806.0	740.877	1849.28
-31638.0	7806.0	739.675	1815.65
-31638.0	7806.0	738.473	1867.28
-31638.0	7806.0	737.27	1817.02
-31638.0	7806.0	736.068	1812.51
-31638.0	7806.0	734.865	1868.26
-31638.0	7806.0	733.661	1811.8
-31638.0	7806.0	732.458	1896.62
-31638.0	7806.0	731.254	1840.17
-31638.0	7806.0	730.05	1850.19
-31638.0	7806.0	728.846	1880.97
-31638.0	7806.0	727.642	1812.11
-31638.0	7806.0	726.437	1844.96
-31638.0	7806.0	725.232	1857.05
-31638.0	7806.0	724.027	1815.19
-31638.0	7806.0	722.822	1897.8
-31638.0	7806.0	721.616	1849.74
-31638.0	7806.0	720.41	1774.74
-31638.0	7806.0	719.204	1840.72
-31638.0	7806.0	717.998	1809.27
-31638.0	7806.0	716.791	1879.37
-31638.0	7806.0	715.585	1879.0
-31638.0	7806.0	714.378	2073.33
-31638.0	7806.0	713.17	1969.38
-31638.0	7806.0	711.963	1911.02
-31638.0	7806.0	710.755	1879.6
-31638.0	7806.0	709.547	1841.97
-31638.0	7806.0	708.339	1914.04
-31638.0	7806.0	707.131	1917.8
-31638.0	7806.0	705.922	1824.34
-31638.0	7806.0	704.713	1869.48
-31638.0	7806.0	703.504	1916.67
-31638.0	7806.0	702.295	1883.21
-31638.0	7806.0	701.085	1833.24
-31638.0	7806.0	699.875	1896.94
-31638.0	7806.0	698.665	1880.04
-31638.0	7806.0	697.455	1875.53
-31638.0	7806.0	696.244	1883.42
-31638.0	7806.0	695.034	1938.8
-31638.0	7806.0	693.822	1901.26
-31638.0	7806.0	692.611	1886.44
-31638.0	7806.0	691.4	1976.86
-31638.0	7806.0	690.188	1935.21
-31638.0	7806.0	688.976	1891.51
-31638.0	7806.0	687.764	1845.77
-31638.0	7806.0	686.551	1985.61
-31638.0	7806.0	685.339	2007.89
-31638.0	7806.0	684.126	1953.91
-31638.0	7806.0	682.912	1970.01
-31638.0	7806.0	681.699	1920.17
-31638.0	7806.0	680.485	1893.01
-31638.0	7806.0	679.271	1915.29
-31638.0	7806.0	678.057	2003.45
-31638.0	7806.0	676.843	1984.53
-31638.0	7806.0	675.628	2006.77
-31638.0	7806.0	674.413	1996.09
-31638.0	7806.0	673.198	1933.97
-31638.0	7806.0	671.983	1954.15
-31638.0	7806.0	670.767	2031.92
-31638.0	7806.0	669.551	2062.36
-31638.0	7806.0	668.335	1996.16
-31638.0	7806.0	667.119	1987.54
-31638.0	7806.0	665.902	2005.64
-31638.0	7806.0	664.686	1914.85
-31638.0	7806.0	663.469	2015.12
-31638.0	7806.0	662.251	1992.13
-31638.0	7806.0	661.034	1987.62
-31638.0	7806.0	659.816	1981.07
-31638.0	7806.0	658.598	2025.83
-31638.0	7806.0	657.38	1953.6
-31638.0	7806.0	656.161	1947.06
-31638.0	7806.0	654.942	2016.41
-31638.0	7806.0	653.723	1972.94
-31638.0	7806.0	652.504	1962.3
-31638.0	7806.0	651.285	1949.61
-31638.0	7806.0	650.065	1996.36
-31638.0	7806.0	648.845	1957.02
-31638.0	7806.0	647.625	1934.1
-31638.0	7806.0	646.404	2073.0
-31638.0	7806.0	645.184	1994.76
-31638.0	7806.0	643.963	1963.65
-31638.0	7806.0	642.742	2051.29
-31638.0	7806.0	641.52	1993.57
-31638.0	7806.0	640.298	1954.29
-31638.0	7806.0	639.076	2052.1
-31638.0	7806.0	637.854	2092.6
-31638.0	7806.0	636.632	2106.5
-31638.0	7806.0	635.409	2071.32
-31638.0	7806.0	634.186	2056.59
-31638.0	7806.0	632.963	2013.26
-31638.0	7806.0	631.74	2039.42
-31638.0	7806.0	630.516	2028.8
-31638.0	7806.0	629.292	2075.37
-31638.0	7806.0	628.068	2079.04
-31638.0	7806.0	626.844	2088.83
-31638.0	7806.0	625.619	2037.37
-31638.0	7806.0	624.394	2079.83
-31638.0	7806.0	623.169	2063.08
-31638.0	7806.0	621.944	2099.39
-31638.0	7806.0	620.718	2039.82
-31638.0	7806.0	619.492	2092.43
-31638.0	7806.0	618.266	2155.22
-31638.0	7806.0	617.04	2061.01
-31638.0	7806.0	615.813	2030.02
-31638.0	7806.0	614.587	2039.8
-31638.0	7806.0	613.36	2045.5
-31638.0	7806.0	612.132	2053.24
-31638.0	7806.0	610.905	2073.19
-31638.0	7806.0	609.677	1999.47
-31638.0	7806.0	608.449	2121.21
-31638.0	7806.0	607.22	2118.75
-31638.0	7806.0	605.992	2028.79
-31638.0	7806.0	604.763	2008.03
-31638.0	7806.0	603.534	2040.17
-31638.0	7806.0	602.305	1986.89
-31638.0	7806.0	601.075	2004.78
-31638.0	7806.0	599.845	2034.87
-31638.0	7806.0	598.615	2022.26
-31638.0	7806.0	597.385	1964.96
-31638.0	7806.0	596.154	2070.21
-31638.0	7806.0	594.924	2021.04
-31638.0	7806.0	593.693	2091.71
-31638.0	7806.0	592.461	1989.76
-31638.0	7806.0	591.23	2019.81
-31638.0	7806.0	589.998	2009.25
-31638.0	7806.0	588.766	2010.88
-31638.0	7806.0	587.534	1992.21
-31638.0	7806.0	586.301	1981.66
-31638.0	7806.0	585.068	2007.63
-31638.0	7806.0	583.835	2015.33
-31638.0	7806.0	582.602	2006.81
-31638.0	7806.0	581.368	2026.67
-31638.0	7806.0	580.134	2044.5
-31638.0	7806.0	578.9	2054.21
-31638.0	7806.0	577.666	2007.21
-31638.0	7806.0	576.432	1998.7
-31638.0	7806.0	575.197	1980.07
-31638.0	7806.0	573.962	2020.15
-31638.0	7806.0	572.726	2029.86
-31638.0	7806.0	571.491	2021.35
-31638.0	7806.0	570.255	1996.67
-31638.0	7806.0	569.019	2073.12
-31638.0	7806.0	567.783	1995.85
-31638.0	7806.0	566.546	2058.12
-31638.0	7806.0	565.309	1938.44
-31638.0	7806.0	564.072	2037.07
-31638.0	7806.0	562.835	2121.52
-31638.0	7806.0	561.597	2117.05
-31638.0	7806.0	560.359	2165.09
-31638.0	7806.0	559.121	2152.53
-31638.0	7806.0	557.883	2139.98
-31638.0	7806.0	556.644	2121.37
-31638.0	7806.0	555.406	2145.16
-31638.0	7806.0	554.167	2183.05
-31638.0	7806.0	552.927	2156.38
-31638.0	7806.0	551.688	2214.43
-31638.0	7806.0	550.448	2254.31
-31638.0	7806.0	549.208	2320.37
-31638.0	7806.0	547.967	2386.41
-31638.0	7806.0	546.727	2343.6
-31638.0	7806.0	545.486	2443.86
-31638.0	7806.0	544.245	2477.6
-31638.0	7806.0	543.003	2567.72
-31638.0	7806.0	541.762	2553.1
-31638.0	7806.0	540.52	2602.91
-31638.0	7806.0	539.278	2624.51
-31638.0	7806.0	538.035	2688.37
-31638.0	7806.0	536.793	2812.55
-31638.0	7806.0	535.55	2944.73
-31638.0	7806.0	534.307	3137.18
-31638.0	7806.0	533.063	3349.66
-31638.0	7806.0	531.82	3539.94
-31638.0	7806.0	530.576	3798.47
-31638.0	7806.0	529.331	4444.71
-31638.0	7806.0	528.087	5044.47
-31638.0	7806.0	526.842	6081.85
-31638.0	7806.0	525.597	7845.74
-31638.0	7806.0	524.352	11028.4
-31638.0	7806.0	523.107	16114.6
-31638.0	7806.0	521.861	22154.0
-31638.0	7806.0	520.615	24334.5
-31638.0	7806.0	519.369	21637.4
-31638.0	7806.0	518.122	17326.8
-31638.0	7806.0	516.876	13892.3
-31638.0	7806.0	515.629	11740.2
-31638.0	7806.0	514.381	9817.59
-31638.0	7806.0	513.134	8705.35
-31638.0	7806.0	511.886	8128.53
-31638.0	7806.0	510.638	7323.59
-31638.0	7806.0	509.39	6831.4
-31638.0	7806.0	508.141	6539.65
-31638.0	7806.0	506.892	6217.99
-31638.0	7806.0	505.643	6174.68
-31638.0	7806.0	504.394	6065.34
-31638.0	7806.0	503.145	5912.04
-31638.0	7806.0	501.895	5912.82
-31638.0	7806.0	500.645	5939.6
-31638.0	7806.0	499.394	5932.37
-31638.0	7806.0	498.144	5883.17
-31638.0	7806.0	496.893	5752.04
-31638.0	7806.0	495.642	5660.93
-31638.0	7806.0	494.39	5597.83
-31638.0	7806.0	493.139	5572.7
-31638.0	7806.0	491.887	5439.75
-31638.0	7806.0	490.635	5452.6
-31638.0	7806.0	489.382	5409.55
-31638.0	7806.0	488.13	5430.38
-31638.0	7806.0	486.877	5233.72
-31638.0	7806.0	485.623	5232.63
-31638.0	7806.0	484.37	5129.83
-31638.0	7806.0	483.116	5296.27
-31638.0	7806.0	481.862	5093.81
-31638.0	7806.0	480.608	5196.41
-31638.0	7806.0	479.354	5075.76
-31638.0	7806.0	478.099	5040.83
-31638.0	7806.0	476.844	4928.23
-31638.0	7806.0	475.588	5032.77
-31638.0	7806.0	474.333	4934.15
-31638.0	7806.0	473.077	4867.43
-31638.0	7806.0	471.821	4914.19
-31638.0	7806.0	470.565	4903.22
-31638.0	7806.0	469.308	4735.08
-31638.0	7806.0	468.051	4769.9
-31638.0	7806.0	466.794	4707.26
-31638.0	7806.0	465.537	4775.87
-31638.0	7806.0	464.279	4595.97
-31638.0	7806.0	463.021	4559.24
-31638.0	7806.0	461.763	4458.94
-31638.0	7806.0	460.505	4440.13
-31638.0	7806.0	459.246	4395.51
-31638.0	7806.0	457.987	4368.78
-31638.0	7806.0	456.728	4330.14
-31638.0	7806.0	455.469	4202.2
-31638.0	7806.0	454.209	4074.31
-31638.0	7806.0	452.949	4152.83
-31638.0	7806.0	451.689	4092.45
-31638.0	7806.0	450.428	4038.05
-31638.0	7806.0	449.167	3953.92
-31638.0	7806.0	447.906	3909.48
-31638.0	7806.0	446.645	3869.03
-31638.0	7806.0	445.383	3676.0
-31638.0	7806.0	444.122	3762.41
-31638.0	7806.0	442.86	3716.06
-31638.0	7806.0	441.597	3743.01
-31638.0	7806.0	440.335	3698.67
-31638.0	7806.0	439.072	3691.96
-31638.0	7806.0	437.809	3602.12
-31638.0	7806.0	436.545	3516.28
-31638.0	7806.0	435.281	3495.76
-31638.0	7806.0	434.018	3435.69
-31638.0	7806.0	432.753	3415.2
-31638.0	7806.0	431.489	3369.01
-31638.0	7806.0	430.224	3433.54
-31638.0	7806.0	428.959	3420.96
-31638.0	7806.0	427.694	3319.47
-31638.0	7806.0	426.428	3336.56
-31638.0	7806.0	425.163	3371.41
-31638.0	7806.0	423.896	3317.39
-31638.0	7806.0	422.63	3304.85
-31638.0	7806.0	421.364	3235.07
-31638.0	7806.0	420.097	3258.07
-31638.0	7806.0	418.83	3217.93
-31638.0	7806.0	417.562	3225.15
-31638.0	7806.0	416.295	3224.47
-31638.0	7806.0	415.027	3095.63
-31638.0	7806.0	413.758	3167.92
-31638.0	7806.0	412.49	3169.23
-31638.0	7806.0	411.221	3127.18
-31638.0	7806.0	409.952	3085.15
-31638.0	7806.0	408.683	3149.5
-31638.0	7806.0	407.414	3091.73
-31638.0	7806.0	406.144	3091.08
-31638.0	7806.0	404.874	3104.21
-31638.0	7806.0	403.603	3131.11
-31638.0	7806.0	402.333	3165.87
-31638.0	7806.0	401.062	3066.84
-31638.0	7806.0	399.791	3048.5
-31638.0	7806.0	398.519	3093.08
-31638.0	7806.0	397.248	3149.45
-31638.0	7806.0	395.976	3076.06
-31638.0	7806.0	394.704	3120.61
-31638.0	7806.0	393.431	3129.77
-31638.0	7806.0	392.159	2956.26
-31638.0	7806.0	390.886	2985.09
-31638.0	7806.0	389.612	2988.39
-31638.0	7806.0	388.339	3003.47
-31638.0	7806.0	387.065	2993.02
-31638.0	7806.0	385.791	3043.41
-31638.0	7806.0	384.517	3038.84
-31638.0	7806.0	383.242	3010.74
-31638.0	7806.0	381.967	3015.99
-31638.0	7806.0	380.692	3052.6
-31638.0	7806.0	379.417	2991.19
-31638.0	7806.0	378.141	3014.08
-31638.0	7806.0	376.865	2980.14
-31638.0	7806.0	375.589	3085.29
-31638.0	7806.0	374.312	2992.59
-31638.0	7806.0	373.035	2950.83
-31638.0	7806.0	371.758	2879.74
-31638.0	7806.0	370.481	2910.44
-31638.0	7806.0	369.204	2866.78
-31638.0	7806.0	367.926	2942.47
-31638.0	7806.0	366.648	2820.58
-31638.0	7806.0	365.369	2863.0
-31638.0	7806.0	364.091	2926.92
-31638.0	7806.0	362.812	2943.89
-31638.0	7806.0	361.532	2996.04
-31638.0	7806.0	360.253	2987.59
-31638.0	7806.0	358.973	2883.42
-31638.0	7806.0	357.693	2912.11
-31638.0	7806.0	356.413	2970.07
-31638.0	7806.0	355.132	2885.49
-31638.0	7806.0	353.852	2978.57
-31638.0	7806.0	352.571	2899.88
-31638.0	7806.0	351.289	2961.7
-31638.0	7806.0	350.008	2900.6
-31638.0	7806.0	348.726	2935.09
-31638.0	7806.0	347.444	2975.42
-31638.0	7806.0	346.161	2920.2
-31638.0	7806.0	344.878	2991.7
-31638.0	7806.0	343.595	2920.91
-31638.0	7806.0	342.312	2965.1
-31638.0	7806.0	341.029	2954.73
-31638.0	7806.0	339.745	3053.42
-31638.0	7806.0	338.461	2969.06
-31638.0	7806.0	337.176	3048.23
-31638.0	7806.0	335.892	3022.29
-31638.0	7806.0	334.607	3031.37
-31638.0	7806.0	333.322	2997.66
-31638.0	7806.0	332.036	3082.6
-31638.0	7806.0	330.75	3046.94
-31638.0	7806.0	329.464	3024.91
-31638.0	7806.0	328.178	3121.45
-31638.0	7806.0	326.892	3015.85
-31638.0	7806.0	325.605	3073.49
-31638.0	7806.0	324.318	3115.57
-31638.0	7806.0	323.03	3134.33
-31638.0	7806.0	321.743	3125.9
-31638.0	7806.0	320.455	3101.94
-31638.0	7806.0	319.167	3029.47
-31638.0	7806.0	317.878	3085.1
-31638.0	7806.0	316.59	3101.9
-31638.0	7806.0	315.301	3099.3
-31638.0	7806.0	314.011	3067.62
-31638.0	7806.0	312.722	3130.94
-31638.0	7806.0	311.432	3141.9
-31638.0	7806.0	310.142	3098.6
-31638.0	7806.0	308.851	3076.63
-31638.0	7806.0	307.561	3130.21
-31638.0	7806.0	306.27	3267.04
-31638.0	7806.0	304.979	3287.64
-31638.0	7806.0	303.687	3331.46
-31638.0	7806.0	302.395	3311.4
-31638.0	7806.0	301.103	3293.28
-31638.0	7806.0	299.811	3292.58
-31638.0	7806.0	298.519	3233.85
-31638.0	7806.0	297.226	3213.82
-31638.0	7806.0	295.933	3052.68
-31638.0	7806.0	294.639	3214.39
-31638.0	7806.0	293.345	3119.01
-31638.0	7806.0	292.052	3126.07
-31638.0	7806.0	290.757	3048.14
-31638.0	7806.0	289.463	3014.66
-31638.0	7806.0	288.168	3164.62
-31638.0	7806.0	286.873	3036.54
-31638.0	7806.0	285.578	3086.07
-31638.0	7806.0	284.282	3110.49
-31638.0	7806.0	282.986	3075.1
-31638.0	7806.0	281.69	3051.3
-31638.0	7806.0	280.393	3021.72
-31638.0	7806.0	279.097	2926.61
-31638.0	7806.0	277.8	2989.59
-31638.0	7806.0	276.502	3048.69
-31638.0	7806.0	275.205	3022.99
-31638.0	7806.0	273.907	2970.34
-31638.0	7806.0	272.609	2800.23
-31638.0	7806.0	271.311	2888.2
-31638.0	7806.0	270.012	2893.36
-31638.0	7806.0	268.713	2923.53
-31638.0	7806.0	267.414	2842.09
-31638.0	7806.0	266.114	2829.94
-31638.0	7806.0	264.814	2798.56
-31638.0	7806.0	263.514	2805.65
-31638.0	7806.0	262.214	2781.98
-31638.0	7806.0	260.913	2752.55
-31638.0	7806.0	259.613	2748.12
-31638.0	7806.0	258.311	2805.17
-31638.0	7806.0	257.01	2702.76
-31638.0	7806.0	255.708	2669.53
-31638.0	7806.0	254.406	2701.6
-31638.0	7806.0	253.104	2683.74
-31638.0	7806.0	251.801	2683.17
-31638.0	7806.0	250.499	2651.89
-31638.0	7806.0	249.195	2695.45
-31638.0	7806.0	247.892	2618.15
-31638.0	7806.0	246.588	2608.0
-31638.0	7806.0	245.284	2590.19
-31638.0	7806.0	243.98	2606.88
-31638.0	7806.0	242.676	2533.5
-31638.0	7806.0	241.371	2596.18
-31638.0	7806.0	240.066	2480.69
-31638.0	7806.0	238.76	2508.89
-31638.0	7806.0	237.455	2512.18
-31638.0	7806.0	236.149	2525.04
-31638.0	7806.0	234.843	2490.05
-31638.0	7806.0	233.536	2499.08
-31638.0	7806.0	232.229	2498.54
-31638.0	7806.0	230.922	2549.65
-31638.0	7806.0	229.615	2463.05
-31638.0	7806.0	228.307	2491.2
-31638.0	7806.0	227.0	2528.89
-31638.0	7806.0	225.691	2463.37
-31638.0	7806.0	224.383	2357.76
-31638.0	7806.0	223.074	2353.43
-31638.0	7806.0	221.765	2402.58
-31638.0	7806.0	220.456	2455.53
-31638.0	7806.0	219.146	2441.64
-31638.0	7806.0	217.836	2393.4
-31638.0	7806.0	216.526	2366.17
-31638.0	7806.0	215.216	2400.0
-31638.0	7806.0	213.905	2389.95
-31638.0	7806.0	212.594	2353.2
-31638.0	7806.0	211.283	2394.64
-31638.0	7806.0	209.971	2352.19
-31638.0	7806.0	208.66	2450.78
-31638.0	7806.0	207.348	2448.35
-31638.0	7806.0	206.035	2453.54
-31638.0	7806.0	204.722	2472.06
-31638.0	7806.0	203.409	2597.2
-31638.0	7806.0	202.096	2623.29
-31638.0	7806.0	200.783	2677.92
-31638.0	7806.0	199.469	2698.28
-31638.0	7806.0	198.155	2739.55
-31638.0	7806.0	196.84	2727.55
-31638.0	7806.0	195.526	2736.47
-31638.0	7806.0	194.211	2863.26
-31638.0	7806.0	192.896	2959.59
-31638.0	7806.0	191.58	3101.48
-31638.0	7806.0	190.264	2971.61
-31638.0	7806.0	188.948	2951.98
-31638.0	7806.0	187.632	2924.75
-31638.0	7806.0	186.315	2954.51
-31638.0	7806.0	184.998	2885.53
-31638.0	7806.0	183.681	3023.46
-31638.0	7806.0	182.364	3005.73
-31638.0	7806.0	181.046	3020.26
-31638.0	7806.0	179.728	3051.85
-31638.0	7806.0	178.41	3015.16
-31638.0	7806.0	177.091	3037.27
-31638.0	7806.0	175.772	3106.75
-31638.0	7806.0	174.453	3011.32
-31638.0	7806.0	173.133	3059.93
-31638.0	7806.0	171.814	3082.01
-31638.0	7806.0	170.494	3104.07
-31638.0	7806.0	169.173	3103.4
-31638.0	7806.0	167.853	3134.91
-31638.0	7806.0	166.532	3088.81
-31638.0	7806.0	165.211	3108.96
-31638.0	7806.0	163.889	3095.05
-31638.0	7806.0	162.567	3111.4
-31638.0	7806.0	161.245	3144.77
-31638.0	7806.0	159.923	3164.89
-31638.0	7806.0	158.6	3090.49
-31638.0	7806.0	157.278	3125.73
-31638.0	7806.0	155.954	3232.75
-31638.0	7806.0	154.631	3294.39
-31638.0	7806.0	153.307	3305.01
-31638.0	7806.0	151.983	3249.54
-31638.0	7806.0	150.659	3294.15
-31638.0	7806.0	149.334	3234.93
-31638.0	7806.0	148.009	3202.15
-31638.0	7806.0	146.684	3250.51
-31638.0	7806.0	145.359	3306.39
-31638.0	7806.0	144.033	3211.39
-31638.0	7806.0	142.707	3250.29
-31638.0	7806.0	141.381	3272.21
-31638.0	7806.0	140.054	3184.82
-31638.0	7806.0	138.727	3276.45
-31638.0	7806.0	137.4	3217.35
-31638.0	7806.0	136.072	3259.97
-31638.0	7806.0	134.745	3176.42
-31638.0	7806.0	133.417	3170.09
-31638.0	7806.0	132.088	3191.99
-31638.0	7806.0	130.76	3249.63
-31638.0	7806.0	129.431	3273.38
-31638.0	7806.0	128.102	3214.37
-31638.0	7806.0	126.772	3255.05
-31638.0	7806.0	125.442	3205.46
-31638.0	7806.0	124.112	3043.12
-31638.0	7806.0	122.782	3128.91
-31638.0	7806.0	121.451	3034.29
-31638.0	7806.0	120.12	3091.87
-31638.0	7806.0	118.789	3072.42
-31638.0	7806.0	117.458	2981.63
-31638.0	7806.0	116.126	2934.06
-31638.0	7806.0	114.794	2976.59
-31638.0	7806.0	113.462	2863.37
-31638.0	7806.0	112.129	2905.89
-31638.0	7806.0	110.796	2830.24
-31638.0	7806.0	109.463	2749.0
-31638.0	7806.0	108.129	2754.03
-31638.0	7806.0	106.796	2708.45
-31638.0	7806.0	105.461	2636.66
-31638.0	7806.0	104.127	2542.41
-31638.0	7806.0	102.792	2451.95
-31638.0	7806.0	101.457	2346.55
-31638.0	7806.0	100.122	2192.51
-31638.0	7806.0	98.7867	2147.11
-31638.0	7806.0	97.4509	2146.64
-31638.0	7806.0	96.1148	2110.63
-31638.0	7806.0	94.7784	2001.67
-31638.0	7806.0	93.4418	1902.11
-31638.0	7806.0	92.1048	1967.15
-31638.0	7806.0	90.7676	1854.55
-31638.0	7806.0	89.43	1818.64
-31638.0	7806.0	88.0922	1814.51
-31638.0	7806.0	86.7541	1819.72
-31638.0	7806.0	85.4157	1755.82
