-7740.13	7974.02	1979.41	409.26
-7740.13	7974.02	1977.72	438.738
-7740.13	7974.02	1976.02	407.65
-7740.13	7974.02	1974.33	413.49
-7740.13	7974.02	1972.64	413.422
-7740.13	7974.02	1970.94	403.021
-7740.13	7974.02	1969.25	410.335
-7740.13	7974.02	1967.56	427.977
-7740.13	7974.02	1965.86	396.92
-7740.13	7974.02	1964.17	407.181
-7740.13	7974.02	1962.47	411.539
-7740.13	7974.02	1960.78	393.774
-7740.13	7974.02	1959.08	392.234
-7740.13	7974.02	1957.39	426.078
-7740.13	7974.02	1955.69	415.689
-7740.13	7974.02	1953.99	458.361
-7740.13	7974.02	1952.3	406.709
-7740.13	7974.02	1950.6	412.534
-7740.13	7974.02	1948.9	405.1
-7740.13	7974.02	1947.21	427.125
-7740.13	7974.02	1945.51	446.197
-7740.13	7974.02	1943.81	441.705
-7740.13	7974.02	1942.11	397.468
-7740.13	7974.02	1940.41	395.929
-7740.13	7974.02	1938.71	392.919
-7740.13	7974.02	1937.01	388.438
-7740.13	7974.02	1935.32	385.431
-7740.13	7974.02	1933.62	414.782
-7740.13	7974.02	1931.92	383.829
-7740.13	7974.02	1930.22	398.468
-7740.13	7974.02	1928.51	414.571
-7740.13	7974.02	1926.81	443.898
-7740.13	7974.02	1925.11	404.143
-7740.13	7974.02	1923.41	389.38
-7740.13	7974.02	1921.71	390.783
-7740.13	7974.02	1920.01	436.25
-7740.13	7974.02	1918.31	402.398
-7740.13	7974.02	1916.6	400.86
-7740.13	7974.02	1914.9	381.706
-7740.13	7974.02	1913.2	413.933
-7740.13	7974.02	1911.49	432.94
-7740.13	7974.02	1909.79	419.66
-7740.13	7974.02	1908.09	406.383
-7740.13	7974.02	1906.38	356.441
-7740.13	7974.02	1904.68	391.577
-7740.13	7974.02	1902.97	416.437
-7740.13	7974.02	1901.27	420.762
-7740.13	7974.02	1899.56	413.36
-7740.13	7974.02	1897.85	385.443
-7740.13	7974.02	1896.15	410.286
-7740.13	7974.02	1894.44	423.399
-7740.13	7974.02	1892.74	423.325
-7740.13	7974.02	1891.03	411.535
-7740.13	7974.02	1889.32	426.106
-7740.13	7974.02	1887.61	395.286
-7740.13	7974.02	1885.91	420.101
-7740.13	7974.02	1884.2	393.684
-7740.13	7974.02	1882.49	402.394
-7740.13	7974.02	1880.78	405.249
-7740.13	7974.02	1879.07	380.311
-7740.13	7974.02	1877.36	402.181
-7740.13	7974.02	1875.65	375.79
-7740.13	7974.02	1873.94	390.343
-7740.13	7974.02	1872.23	400.506
-7740.13	7974.02	1870.52	385.82
-7740.13	7974.02	1868.81	400.363
-7740.13	7974.02	1867.1	381.3
-7740.13	7974.02	1865.39	379.771
-7740.13	7974.02	1863.68	376.783
-7740.13	7974.02	1861.96	392.777
-7740.13	7974.02	1860.25	417.525
-7740.13	7974.02	1858.54	420.369
-7740.13	7974.02	1856.82	433.428
-7740.13	7974.02	1855.11	408.546
-7740.13	7974.02	1853.4	420.143
-7740.13	7974.02	1851.68	422.984
-7740.13	7974.02	1849.97	411.242
-7740.13	7974.02	1848.25	421.374
-7740.13	7974.02	1846.54	389.227
-7740.13	7974.02	1844.82	406.647
-7740.13	7974.02	1843.11	416.774
-7740.13	7974.02	1841.39	375.903
-7740.13	7974.02	1839.68	399.142
-7740.13	7974.02	1837.96	425.286
-7740.13	7974.02	1836.24	368.417
-7740.13	7974.02	1834.53	390.189
-7740.13	7974.02	1832.81	407.586
-7740.13	7974.02	1831.09	391.502
-7740.13	7974.02	1829.37	400.162
-7740.13	7974.02	1827.65	410.272
-7740.13	7974.02	1825.94	385.469
-7740.13	7974.02	1824.22	379.581
-7740.13	7974.02	1822.5	375.15
-7740.13	7974.02	1820.78	385.257
-7740.13	7974.02	1819.06	393.908
-7740.13	7974.02	1817.34	364.77
-7740.13	7974.02	1815.62	390.857
-7740.13	7974.02	1813.9	382.068
-7740.13	7974.02	1812.18	393.618
-7740.13	7974.02	1810.45	381.927
-7740.13	7974.02	1808.73	426.867
-7740.13	7974.02	1807.01	389.044
-7740.13	7974.02	1805.29	387.521
-7740.13	7974.02	1803.56	370.036
-7740.13	7974.02	1801.84	375.77
-7740.13	7974.02	1800.12	390.207
-7740.13	7974.02	1798.39	400.286
-7740.13	7974.02	1796.67	361.06
-7740.13	7974.02	1794.95	384.19
-7740.13	7974.02	1793.22	378.32
-7740.13	7974.02	1791.5	392.742
-7740.13	7974.02	1789.77	388.321
-7740.13	7974.02	1788.04	407.082
-7740.13	7974.02	1786.32	383.831
-7740.13	7974.02	1784.59	379.414
-7740.13	7974.02	1782.87	373.552
-7740.13	7974.02	1781.14	400.986
-7740.13	7974.02	1779.41	406.7
-7740.13	7974.02	1777.68	384.918
-7740.13	7974.02	1775.96	384.845
-7740.13	7974.02	1774.23	392.005
-7740.13	7974.02	1772.5	381.807
-7740.13	7974.02	1770.77	401.979
-7740.13	7974.02	1769.04	368.652
-7740.13	7974.02	1767.31	393.154
-7740.13	7974.02	1765.58	398.86
-7740.13	7974.02	1763.85	377.112
-7740.13	7974.02	1762.12	371.262
-7740.13	7974.02	1760.39	385.635
-7740.13	7974.02	1758.66	372.565
-7740.13	7974.02	1756.93	353.725
-7740.13	7974.02	1755.19	362.319
-7740.13	7974.02	1753.46	375.239
-7740.13	7974.02	1751.73	383.825
-7740.13	7974.02	1750.0	370.767
-7740.13	7974.02	1748.26	366.369
-7740.13	7974.02	1746.53	402.352
-7740.13	7974.02	1744.8	364.787
-7740.13	7974.02	1743.06	361.834
-7740.13	7974.02	1741.33	363.206
-7740.13	7974.02	1739.59	412.131
-7740.13	7974.02	1737.86	393.322
-7740.13	7974.02	1736.12	380.282
-7740.13	7974.02	1734.39	385.97
-7740.13	7974.02	1732.65	375.816
-7740.13	7974.02	1730.91	377.183
-7740.13	7974.02	1729.18	359.838
-7740.13	7974.02	1727.44	375.599
-7740.13	7974.02	1725.7	395.669
-7740.13	7974.02	1723.96	361.068
-7740.13	7974.02	1722.23	346.616
-7740.13	7974.02	1720.49	372.432
-7740.13	7974.02	1718.75	369.485
-7740.13	7974.02	1717.01	390.974
-7740.13	7974.02	1715.27	373.653
-7740.13	7974.02	1713.53	367.833
-7740.13	7974.02	1711.79	374.944
-7740.13	7974.02	1710.05	366.253
-7740.13	7974.02	1708.31	376.234
-7740.13	7974.02	1706.57	370.418
-7740.13	7974.02	1704.82	370.345
-7740.13	7974.02	1703.08	393.236
-7740.13	7974.02	1701.34	365.896
-7740.13	7974.02	1699.6	385.909
-7740.13	7974.02	1697.85	408.783
-7740.13	7974.02	1696.11	372.851
-7740.13	7974.02	1694.37	385.682
-7740.13	7974.02	1692.62	369.838
-7740.13	7974.02	1690.88	362.6
-7740.13	7974.02	1689.13	391.187
-7740.13	7974.02	1687.39	373.918
-7740.13	7974.02	1685.64	396.762
-7740.13	7974.02	1683.9	379.499
-7740.13	7974.02	1682.15	373.697
-7740.13	7974.02	1680.41	396.528
-7740.13	7974.02	1678.66	370.687
-7740.13	7974.02	1676.91	383.493
-7740.13	7974.02	1675.16	386.278
-7740.13	7974.02	1673.42	364.746
-7740.13	7974.02	1671.67	386.125
-7740.13	7974.02	1669.92	387.479
-7740.13	7974.02	1668.17	371.677
-7740.13	7974.02	1666.42	378.749
-7740.13	7974.02	1664.67	344.379
-7740.13	7974.02	1662.92	347.168
-7740.13	7974.02	1661.17	361.383
-7740.13	7974.02	1659.42	357.027
-7740.13	7974.02	1657.67	342.678
-7740.13	7974.02	1655.92	372.588
-7740.13	7974.02	1654.17	363.95
-7740.13	7974.02	1652.42	353.888
-7740.13	7974.02	1650.66	365.231
-7740.13	7974.02	1648.91	359.453
-7740.13	7974.02	1647.16	366.511
-7740.13	7974.02	1645.41	356.457
-7740.13	7974.02	1643.65	353.535
-7740.13	7974.02	1641.9	369.142
-7740.13	7974.02	1640.14	361.943
-7740.13	7974.02	1638.39	368.994
-7740.13	7974.02	1636.63	391.71
-7740.13	7974.02	1634.88	367.421
-7740.13	7974.02	1633.12	373.043
-7740.13	7974.02	1631.37	368.697
-7740.13	7974.02	1629.61	371.469
-7740.13	7974.02	1627.85	367.126
-7740.13	7974.02	1626.09	338.598
-7740.13	7974.02	1624.34	357.021
-7740.13	7974.02	1622.58	382.547
-7740.13	7974.02	1620.82	335.549
-7740.13	7974.02	1619.06	376.706
-7740.13	7974.02	1617.3	373.787
-7740.13	7974.02	1615.54	352.397
-7740.13	7974.02	1613.78	363.691
-7740.13	7974.02	1612.02	359.357
-7740.13	7974.02	1610.26	376.325
-7740.13	7974.02	1608.5	363.47
-7740.13	7974.02	1606.74	342.104
-7740.13	7974.02	1604.98	357.646
-7740.13	7974.02	1603.22	370.344
-7740.13	7974.02	1601.46	344.732
-7740.13	7974.02	1599.69	382.958
-7740.13	7974.02	1597.93	370.117
-7740.13	7974.02	1596.17	378.549
-7740.13	7974.02	1594.4	347.287
-7740.13	7974.02	1592.64	347.216
-7740.13	7974.02	1590.88	368.399
-7740.13	7974.02	1589.11	359.824
-7740.13	7974.02	1587.35	355.501
-7740.13	7974.02	1585.58	334.188
-7740.13	7974.02	1583.81	353.94
-7740.13	7974.02	1582.05	324.143
-7740.13	7974.02	1580.28	342.474
-7740.13	7974.02	1578.51	350.893
-7740.13	7974.02	1576.75	335.26
-7740.13	7974.02	1574.98	315.391
-7740.13	7974.02	1573.21	342.193
-7740.13	7974.02	1571.44	360.501
-7740.13	7974.02	1569.67	354.773
-7740.13	7974.02	1567.91	344.808
-7740.13	7974.02	1566.14	356.04
-7740.13	7974.02	1564.37	346.079
-7740.13	7974.02	1562.6	350.244
-7740.13	7974.02	1560.83	340.288
-7740.13	7974.02	1559.05	359.982
-7740.13	7974.02	1557.28	333.091
-7740.13	7974.02	1555.51	358.422
-7740.13	7974.02	1553.74	356.937
-7740.13	7974.02	1551.97	348.4
-7740.13	7974.02	1550.19	328.585
-7740.13	7974.02	1548.42	358.126
-7740.13	7974.02	1546.65	355.232
-7740.13	7974.02	1544.87	346.702
-7740.13	7974.02	1543.1	362.13
-7740.13	7974.02	1541.32	353.603
-7740.13	7974.02	1539.55	354.938
-7740.13	7974.02	1537.77	346.415
-7740.13	7974.02	1536.0	346.343
-7740.13	7974.02	1534.22	358.939
-7740.13	7974.02	1532.45	337.755
-7740.13	7974.02	1530.67	326.429
-7740.13	7974.02	1528.89	350.275
-7740.13	7974.02	1527.11	337.544
-7740.13	7974.02	1525.34	365.597
-7740.13	7974.02	1523.56	359.897
-7740.13	7974.02	1521.78	361.228
-7740.13	7974.02	1520.0	347.1
-7740.13	7974.02	1518.22	340.002
-7740.13	7974.02	1516.44	339.931
-7740.13	7974.02	1514.66	351.095
-7740.13	7974.02	1512.88	335.577
-7740.13	7974.02	1511.1	349.545
-7740.13	7974.02	1509.32	331.226
-7740.13	7974.02	1507.54	338.173
-7740.13	7974.02	1505.76	368.966
-7740.13	7974.02	1503.97	347.849
-7740.13	7974.02	1502.19	340.765
-7740.13	7974.02	1500.41	337.889
-7740.13	7974.02	1498.62	318.194
-7740.13	7974.02	1496.84	332.142
-7740.13	7974.02	1495.06	350.287
-7740.13	7974.02	1493.27	350.213
-7740.13	7974.02	1491.49	331.932
-7740.13	7974.02	1489.7	376.671
-7740.13	7974.02	1487.91	340.192
-7740.13	7974.02	1486.13	348.519
-7740.13	7974.02	1484.34	327.455
-7740.13	7974.02	1482.55	320.39
-7740.13	7974.02	1480.77	346.9
-7740.13	7974.02	1478.98	373.398
-7740.13	7974.02	1477.19	357.939
-7740.13	7974.02	1475.4	357.863
-7740.13	7974.02	1473.61	334.028
-7740.13	7974.02	1471.83	349.328
-7740.13	7974.02	1470.04	324.108
-7740.13	7974.02	1468.25	349.18
-7740.13	7974.02	1466.46	346.314
-7740.13	7974.02	1464.67	339.26
-7740.13	7974.02	1462.87	332.209
-7740.13	7974.02	1461.08	332.138
-7740.13	7974.02	1459.29	357.182
-7740.13	7974.02	1457.5	344.552
-7740.13	7974.02	1455.71	333.322
-7740.13	7974.02	1453.91	345.8
-7740.13	7974.02	1452.12	338.756
-7740.13	7974.02	1450.33	374.922
-7740.13	7974.02	1448.53	344.186
-7740.13	7974.02	1446.74	326.002
-7740.13	7974.02	1444.94	312.004
-7740.13	7974.02	1443.15	324.47
-7740.13	7974.02	1441.35	325.794
-7740.13	7974.02	1439.56	302.061
-7740.13	7974.02	1437.76	363.23
-7740.13	7974.02	1435.96	371.501
-7740.13	7974.02	1434.17	354.729
-7740.13	7974.02	1432.37	351.872
-7740.13	7974.02	1430.57	303.129
-7740.13	7974.02	1428.77	333.649
-7740.13	7974.02	1426.97	353.036
-7740.13	7974.02	1425.17	352.961
-7740.13	7974.02	1423.37	343.16
-7740.13	7974.02	1421.58	334.753
-7740.13	7974.02	1419.77	345.791
-7740.13	7974.02	1417.97	344.328
-7740.13	7974.02	1416.17	317.88
-7740.13	7974.02	1414.37	331.69
-7740.13	7974.02	1412.57	337.169
-7740.13	7974.02	1410.77	331.548
-7740.13	7974.02	1408.97	339.799
-7740.13	7974.02	1407.16	321.7
-7740.13	7974.02	1405.36	318.858
-7740.13	7974.02	1403.56	328.492
-7740.13	7974.02	1401.75	338.121
-7740.13	7974.02	1399.95	311.725
-7740.13	7974.02	1398.14	339.361
-7740.13	7974.02	1396.34	342.058
-7740.13	7974.02	1394.53	318.447
-7740.13	7974.02	1392.73	325.3
-7740.13	7974.02	1390.92	339.069
-7740.13	7974.02	1389.11	315.474
-7740.13	7974.02	1387.3	327.856
-7740.13	7974.02	1385.5	325.019
-7740.13	7974.02	1383.69	344.308
-7740.13	7974.02	1381.88	344.234
-7740.13	7974.02	1380.07	335.866
-7740.13	7974.02	1378.26	326.121
-7740.13	7974.02	1376.45	327.432
-7740.13	7974.02	1374.64	377.087
-7740.13	7974.02	1372.83	354.91
-7740.13	7974.02	1371.02	332.743
-7740.13	7974.02	1369.21	360.278
-7740.13	7974.02	1367.4	324.318
-7740.13	7974.02	1365.59	327.008
-7740.13	7974.02	1363.78	328.316
-7740.13	7974.02	1361.96	318.591
-7740.13	7974.02	1360.15	348.857
-7740.13	7974.02	1358.34	350.16
-7740.13	7974.02	1356.52	322.519
-7740.13	7974.02	1354.71	321.071
-7740.13	7974.02	1352.89	332.023
-7740.13	7974.02	1351.08	325.064
-7740.13	7974.02	1349.26	318.108
-7740.13	7974.02	1347.45	315.285
-7740.13	7974.02	1345.63	345.499
-7740.13	7974.02	1343.81	286.248
-7740.13	7974.02	1342.0	316.455
-7740.13	7974.02	1340.18	323.265
-7740.13	7974.02	1338.36	350.7
-7740.13	7974.02	1336.54	332.749
-7740.13	7974.02	1334.73	332.676
-7740.13	7974.02	1332.91	306.49
-7740.13	7974.02	1331.09	336.654
-7740.13	7974.02	1329.27	331.085
-7740.13	7974.02	1327.45	328.266
-7740.13	7974.02	1325.63	326.821
-7740.13	7974.02	1323.81	318.513
-7740.13	7974.02	1321.98	328.051
-7740.13	7974.02	1320.16	304.651
-7740.13	7974.02	1318.34	327.908
-7740.13	7974.02	1316.52	303.146
-7740.13	7974.02	1314.7	320.908
-7740.13	7974.02	1312.87	313.982
-7740.13	7974.02	1311.05	298.835
-7740.13	7974.02	1309.22	319.327
-7740.13	7974.02	1307.4	320.628
-7740.13	7974.02	1305.57	328.777
-7740.13	7974.02	1303.75	334.183
-7740.13	7974.02	1301.92	302.616
-7740.13	7974.02	1300.1	302.55
-7740.13	7974.02	1298.27	310.696
-7740.13	7974.02	1296.44	335.259
-7740.13	7974.02	1294.62	343.394
-7740.13	7974.02	1292.79	317.331
-7740.13	7974.02	1290.96	324.099
-7740.13	7974.02	1289.13	324.028
-7740.13	7974.02	1287.3	329.424
-7740.13	7974.02	1285.47	308.853
-7740.13	7974.02	1283.64	312.884
-7740.13	7974.02	1281.81	318.279
-7740.13	7974.02	1279.98	342.792
-7740.13	7974.02	1278.15	326.332
-7740.13	7974.02	1276.32	319.434
-7740.13	7974.02	1274.49	319.364
-7740.13	7974.02	1272.66	308.378
-7740.13	7974.02	1270.82	339.687
-7740.13	7974.02	1268.99	334.156
-7740.13	7974.02	1267.16	323.174
-7740.13	7974.02	1265.32	320.376
-7740.13	7974.02	1263.49	301.224
-7740.13	7974.02	1261.66	342.038
-7740.13	7974.02	1259.82	302.453
-7740.13	7974.02	1257.98	322.818
-7740.13	7974.02	1256.15	335.003
-7740.13	7974.02	1254.31	326.76
-7740.13	7974.02	1252.48	333.494
-7740.13	7974.02	1250.64	303.481
-7740.13	7974.02	1248.8	317.02
-7740.13	7974.02	1246.96	316.95
-7740.13	7974.02	1245.13	285.6
-7740.13	7974.02	1243.29	320.889
-7740.13	7974.02	1241.45	331.693
-7740.13	7974.02	1239.61	313.951
-7740.13	7974.02	1237.77	332.905
-7740.13	7974.02	1235.93	324.681
-7740.13	7974.02	1234.09	332.758
-7740.13	7974.02	1232.25	296.021
-7740.13	7974.02	1230.41	321.75
-7740.13	7974.02	1228.56	344.753
-7740.13	7974.02	1226.72	321.607
-7740.13	7974.02	1224.88	294.402
-7740.13	7974.02	1223.04	316.039
-7740.13	7974.02	1221.19	295.628
-7740.13	7974.02	1219.35	332.169
-7740.13	7974.02	1217.5	314.474
-7740.13	7974.02	1215.66	313.049
-7740.13	7974.02	1213.81	325.173
-7740.13	7974.02	1211.97	325.101
-7740.13	7974.02	1210.12	302.006
-7740.13	7974.02	1208.28	318.187
-7740.13	7974.02	1206.43	339.775
-7740.13	7974.02	1204.58	315.339
-7740.13	7974.02	1202.73	324.74
-7740.13	7974.02	1200.89	312.493
-7740.13	7974.02	1199.04	320.538
-7740.13	7974.02	1197.19	339.397
-7740.13	7974.02	1195.34	310.932
-7740.13	7974.02	1193.49	347.356
-7740.13	7974.02	1191.64	321.604
-7740.13	7974.02	1189.79	313.427
-7740.13	7974.02	1187.94	321.461
-7740.13	7974.02	1186.09	320.039
-7740.13	7974.02	1184.23	309.167
-7740.13	7974.02	1182.38	319.897
-7740.13	7974.02	1180.53	341.417
-7740.13	7974.02	1178.68	329.198
-7740.13	7974.02	1176.82	310.24
-7740.13	7974.02	1174.97	323.657
-7740.13	7974.02	1173.12	293.923
-7740.13	7974.02	1171.26	328.904
-7740.13	7974.02	1169.41	311.311
-7740.13	7974.02	1167.55	324.715
-7740.13	7974.02	1165.69	316.56
-7740.13	7974.02	1163.84	335.344
-7740.13	7974.02	1161.98	316.419
-7740.13	7974.02	1160.12	321.733
-7740.13	7974.02	1158.27	313.586
-7740.13	7974.02	1156.41	331.008
-7740.13	7974.02	1154.55	324.208
-7740.13	7974.02	1152.69	333.55
-7740.13	7974.02	1150.83	309.271
-7740.13	7974.02	1148.97	321.301
-7740.13	7974.02	1147.11	346.766
-7740.13	7974.02	1145.25	318.47
-7740.13	7974.02	1143.39	333.176
-7740.13	7974.02	1141.53	311.611
-7740.13	7974.02	1139.67	323.627
-7740.13	7974.02	1137.81	323.555
-7740.13	7974.02	1135.94	344.958
-7740.13	7974.02	1134.08	300.596
-7740.13	7974.02	1132.22	292.479
-7740.13	7974.02	1130.35	329.971
-7740.13	7974.02	1128.49	305.758
-7740.13	7974.02	1126.62	301.667
-7740.13	7974.02	1124.76	328.409
-7740.13	7974.02	1122.89	336.376
-7740.13	7974.02	1121.03	318.882
-7740.13	7974.02	1119.16	324.169
-7740.13	7974.02	1117.3	330.792
-7740.13	7974.02	1115.43	298.583
-7740.13	7974.02	1113.56	326.627
-7740.13	7974.02	1111.69	297.11
-7740.13	7974.02	1109.82	334.509
-7740.13	7974.02	1107.96	318.38
-7740.13	7974.02	1106.09	318.309
-7740.13	7974.02	1104.22	302.192
-7740.13	7974.02	1102.35	311.481
-7740.13	7974.02	1100.48	335.469
-7740.13	7974.02	1098.61	330.048
-7740.13	7974.02	1096.73	311.271
-7740.13	7974.02	1094.86	300.516
-7740.13	7974.02	1092.99	324.484
-7740.13	7974.02	1091.12	316.4
-7740.13	7974.02	1089.24	321.668
-7740.13	7974.02	1087.37	329.602
-7740.13	7974.02	1085.5	313.518
-7740.13	7974.02	1083.62	325.452
-7740.13	7974.02	1081.75	320.044
-7740.13	7974.02	1079.87	321.305
-7740.13	7974.02	1078.0	345.225
-7740.13	7974.02	1076.12	329.156
-7740.13	7974.02	1074.24	310.429
-7740.13	7974.02	1072.37	327.675
-7740.13	7974.02	1070.49	322.274
-7740.13	7974.02	1068.61	298.236
-7740.13	7974.02	1066.73	316.804
-7740.13	7974.02	1064.86	330.04
-7740.13	7974.02	1062.98	335.287
-7740.13	7974.02	1061.1	333.881
-7740.13	7974.02	1059.22	340.455
-7740.13	7974.02	1057.34	335.06
-7740.13	7974.02	1055.46	401.449
-7740.13	7974.02	1053.58	350.856
-7740.13	7974.02	1051.69	340.147
-7740.13	7974.02	1049.81	324.129
-7740.13	7974.02	1047.93	325.384
-7740.13	7974.02	1046.05	330.621
-7740.13	7974.02	1044.16	326.564
-7740.13	7974.02	1042.28	326.49
-7740.13	7974.02	1040.4	348.973
-7740.13	7974.02	1038.51	351.547
-7740.13	7974.02	1036.63	332.899
-7740.13	7974.02	1034.74	367.299
-7740.13	7974.02	1032.86	339.376
-7740.13	7974.02	1030.97	332.672
-7740.13	7974.02	1029.08	331.271
-7740.13	7974.02	1027.2	351.068
-7740.13	7974.02	1025.31	358.935
-7740.13	7974.02	1023.42	361.502
-7740.13	7974.02	1021.53	337.59
-7740.13	7974.02	1019.64	357.366
-7740.13	7974.02	1017.75	350.669
-7740.13	7974.02	1015.86	357.204
-7740.13	7974.02	1013.97	359.768
-7740.13	7974.02	1012.08	368.943
-7740.13	7974.02	1010.19	384.723
-7740.13	7974.02	1008.3	376.705
-7740.13	7974.02	1006.41	347.547
-7740.13	7974.02	1004.52	372.57
-7740.13	7974.02	1002.62	363.239
-7740.13	7974.02	1000.73	357.874
-7740.13	7974.02	998.837	384.198
-7740.13	7974.02	996.943	378.83
-7740.13	7974.02	995.049	389.301
-7740.13	7974.02	993.154	386.574
-7740.13	7974.02	991.258	386.485
-7740.13	7974.02	989.363	390.353
-7740.13	7974.02	987.467	423.226
-7740.13	7974.02	985.57	436.311
-7740.13	7974.02	983.673	426.986
-7740.13	7974.02	981.776	428.206
-7740.13	7974.02	979.878	413.618
-7740.13	7974.02	977.979	438.546
-7740.13	7974.02	976.081	438.446
-7740.13	7974.02	974.181	460.723
-7740.13	7974.02	972.282	464.566
-7740.13	7974.02	970.382	455.25
-7740.13	7974.02	968.481	444.622
-7740.13	7974.02	966.58	469.508
-7740.13	7974.02	964.679	479.919
-7740.13	7974.02	962.777	444.316
-7740.13	7974.02	960.875	467.871
-7740.13	7974.02	958.972	473.02
-7740.13	7974.02	957.069	453.207
-7740.13	7974.02	955.166	468.863
-7740.13	7974.02	953.262	471.381
-7740.13	7974.02	951.357	426.64
-7740.13	7974.02	949.452	460.666
-7740.13	7974.02	947.547	447.439
-7740.13	7974.02	945.641	453.895
-7740.13	7974.02	943.735	480.022
-7740.13	7974.02	941.829	479.911
-7740.13	7974.02	939.922	465.381
-7740.13	7974.02	938.014	442.993
-7740.13	7974.02	936.106	428.478
-7740.13	7974.02	934.198	474.23
-7740.13	7974.02	932.289	446.617
-7740.13	7974.02	930.38	433.42
-7740.13	7974.02	928.47	449.03
-7740.13	7974.02	926.56	424.059
-7740.13	7974.02	924.649	417.419
-7740.13	7974.02	922.738	404.241
-7740.13	7974.02	920.827	410.687
-7740.13	7974.02	918.915	402.747
-7740.13	7974.02	917.003	401.347
-7740.13	7974.02	915.09	410.403
-7740.13	7974.02	913.177	384.175
-7740.13	7974.02	911.263	376.248
-7740.13	7974.02	909.349	378.773
-7740.13	7974.02	907.435	399.579
-7740.13	7974.02	905.52	378.598
-7740.13	7974.02	903.604	385.037
-7740.13	7974.02	901.688	399.302
-7740.13	7974.02	899.772	387.469
-7740.13	7974.02	897.855	379.553
-7740.13	7974.02	895.938	383.378
-7740.13	7974.02	894.021	354.608
-7740.13	7974.02	892.103	359.739
-7740.13	7974.02	890.184	349.231
-7740.13	7974.02	888.265	376.51
-7740.13	7974.02	886.346	354.28
-7740.13	7974.02	884.426	376.335
-7740.13	7974.02	882.506	387.966
-7740.13	7974.02	880.585	399.59
-7740.13	7974.02	878.664	394.292
-7740.13	7974.02	876.742	351.268
-7740.13	7974.02	874.82	336.879
-7740.13	7974.02	872.898	349.805
-7740.13	7974.02	870.975	387.427
-7740.13	7974.02	869.051	354.842
-7740.13	7974.02	867.127	366.456
-7740.13	7974.02	865.203	392.354
-7740.13	7974.02	863.278	370.182
-7740.13	7974.02	861.353	344.125
-7740.13	7974.02	859.428	407.661
-7740.13	7974.02	857.502	386.799
-7740.13	7974.02	855.575	395.793
-7740.13	7974.02	853.648	372.348
-7740.13	7974.02	851.721	370.964
-7740.13	7974.02	849.793	360.504
-7740.13	7974.02	847.865	356.531
-7740.13	7974.02	845.936	370.706
-7740.13	7974.02	844.007	365.436
-7740.13	7974.02	842.077	357.578
-7740.13	7974.02	840.147	379.514
-7740.13	7974.02	838.216	415.685
-7740.13	7974.02	836.285	368.98
-7740.13	7974.02	834.354	375.366
-7740.13	7974.02	832.422	379.161
-7740.13	7974.02	830.49	358.373
-7740.13	7974.02	828.557	408.734
-7740.13	7974.02	826.624	373.724
-7740.13	7974.02	824.69	394.322
-7740.13	7974.02	822.756	386.475
-7740.13	7974.02	820.821	416.107
-7740.13	7974.02	818.886	368.207
-7740.13	7974.02	816.951	375.871
-7740.13	7974.02	815.015	368.036
-7740.13	7974.02	813.078	367.95
-7740.13	7974.02	811.141	343.34
-7740.13	7974.02	809.204	370.359
-7740.13	7974.02	807.266	368.982
-7740.13	7974.02	805.328	344.389
-7740.13	7974.02	803.389	372.678
-7740.13	7974.02	801.45	391.93
-7740.13	7974.02	799.511	396.994
-7740.13	7974.02	797.571	408.499
-7740.13	7974.02	795.63	363.311
-7740.13	7974.02	793.689	378.683
-7740.13	7974.02	791.748	383.745
-7740.13	7974.02	789.806	387.518
-7740.13	7974.02	787.864	383.565
-7740.13	7974.02	785.921	373.181
-7740.13	7974.02	783.978	383.386
-7740.13	7974.02	782.034	353.713
-7740.13	7974.02	780.09	351.058
-7740.13	7974.02	778.145	372.831
-7740.13	7974.02	776.2	381.741
-7740.13	7974.02	774.255	372.656
-7740.13	7974.02	772.309	366.145
-7740.13	7974.02	770.362	390.463
-7740.13	7974.02	768.416	378.814
-7740.13	7974.02	766.468	385.144
-7740.13	7974.02	764.52	372.219
-7740.13	7974.02	762.572	381.114
-7740.13	7974.02	760.624	377.175
-7740.13	7974.02	758.674	352.717
-7740.13	7974.02	756.725	361.61
-7740.13	7974.02	754.775	357.679
-7740.13	7974.02	752.824	357.595
-7740.13	7974.02	750.873	385.701
-7740.13	7974.02	748.922	367.675
-7740.13	7974.02	746.97	373.992
-7740.13	7974.02	745.017	368.782
-7740.13	7974.02	743.065	372.536
-7740.13	7974.02	741.111	358.369
-7740.13	7974.02	739.158	374.919
-7740.13	7974.02	737.203	354.362
-7740.13	7974.02	735.249	364.511
-7740.13	7974.02	733.294	364.425
-7740.13	7974.02	731.338	379.679
-7740.13	7974.02	729.382	375.755
-7740.13	7974.02	727.425	375.666
-7740.13	7974.02	725.468	387.075
-7740.13	7974.02	723.511	356.331
-7740.13	7974.02	721.553	379.23
-7740.13	7974.02	719.595	349.78
-7740.13	7974.02	717.636	350.973
-7740.13	7974.02	715.676	387.893
-7740.13	7974.02	713.717	357.185
-7740.13	7974.02	711.756	371.129
-7740.13	7974.02	709.796	387.617
-7740.13	7974.02	707.835	377.327
-7740.13	7974.02	705.873	373.415
-7740.13	7974.02	703.911	396.261
-7740.13	7974.02	701.948	365.594
-7740.13	7974.02	699.985	370.602
-7740.13	7974.02	698.022	381.973
-7740.13	7974.02	696.058	358.969
-7740.13	7974.02	694.093	369.065
-7740.13	7974.02	692.129	357.526
-7740.13	7974.02	690.163	376.522
-7740.13	7974.02	688.197	391.693
-7740.13	7974.02	686.231	390.328
-7740.13	7974.02	684.264	371.169
-7740.13	7974.02	682.297	388.872
-7740.13	7974.02	680.329	368.451
-7740.13	7974.02	678.361	387.416
-7740.13	7974.02	676.393	382.244
-7740.13	7974.02	674.423	393.58
-7740.13	7974.02	672.454	404.91
-7740.13	7974.02	670.484	395.93
-7740.13	7974.02	668.513	372.999
-7740.13	7974.02	666.542	355.152
-7740.13	7974.02	664.571	386.77
-7740.13	7974.02	662.599	412.033
-7740.13	7974.02	660.627	417.005
-7740.13	7974.02	658.654	392.829
-7740.13	7974.02	656.68	383.867
-7740.13	7974.02	654.707	372.375
-7740.13	7974.02	652.732	398.878
-7740.13	7974.02	650.758	393.719
-7740.13	7974.02	648.782	394.89
-7740.13	7974.02	646.807	388.469
-7740.13	7974.02	644.83	382.05
-7740.13	7974.02	642.854	405.989
-7740.13	7974.02	640.877	386.925
-7740.13	7974.02	638.899	390.625
-7740.13	7974.02	636.921	400.642
-7740.13	7974.02	634.942	377.802
-7740.13	7974.02	632.963	405.503
-7740.13	7974.02	630.984	390.25
-7740.13	7974.02	629.004	392.681
-7740.13	7974.02	627.023	392.587
-7740.13	7974.02	625.042	392.493
-7740.13	7974.02	623.061	379.781
-7740.13	7974.02	621.079	402.395
-7740.13	7974.02	619.097	406.082
-7740.13	7974.02	617.114	431.2
-7740.13	7974.02	615.131	407.147
-7740.13	7974.02	613.147	389.405
-7740.13	7974.02	611.163	415.77
-7740.13	7974.02	609.178	411.891
-7740.13	7974.02	607.193	428.162
-7740.13	7974.02	605.207	395.325
-7740.13	7974.02	603.221	404.04
-7740.13	7974.02	601.234	402.684
-7740.13	7974.02	599.247	395.038
-7740.13	7974.02	597.259	413.81
-7740.13	7974.02	595.271	418.74
-7740.13	7974.02	593.283	388.466
-7740.13	7974.02	591.294	428.592
-7740.13	7974.02	589.304	388.278
-7740.13	7974.02	587.314	388.184
-7740.13	7974.02	585.323	396.882
-7740.13	7974.02	583.332	381.718
-7740.13	7974.02	581.341	402.966
-7740.13	7974.02	579.349	411.654
-7740.13	7974.02	577.357	372.657
-7740.13	7974.02	575.364	386.365
-7740.13	7974.02	573.37	371.222
-7740.13	7974.02	571.376	379.908
-7740.13	7974.02	569.382	382.323
-7740.13	7974.02	567.387	397.269
-7740.13	7974.02	565.392	379.631
-7740.13	7974.02	563.396	384.549
-7740.13	7974.02	561.399	400.736
-7740.13	7974.02	559.403	419.418
-7740.13	7974.02	557.405	398.037
-7740.13	7974.02	555.408	420.465
-7740.13	7974.02	553.409	391.588
-7740.13	7974.02	551.411	410.254
-7740.13	7974.02	549.411	415.155
-7740.13	7974.02	547.412	427.556
-7740.13	7974.02	545.411	432.451
-7740.13	7974.02	543.411	441.092
-7740.13	7974.02	541.409	464.72
-7740.13	7974.02	539.408	444.623
-7740.13	7974.02	537.406	466.99
-7740.13	7974.02	535.403	510.567
-7740.13	7974.02	533.4	587.819
-7740.13	7974.02	531.396	613.878
-7740.13	7974.02	529.392	749.695
-7740.13	7974.02	527.387	920.365
-7740.13	7974.02	525.382	1200.67
-7740.13	7974.02	523.376	1685.26
-7740.13	7974.02	521.37	2351.56
-7740.13	7974.02	519.364	2860.55
-7740.13	7974.02	517.357	3101.49
-7740.13	7974.02	515.349	2857.9
-7740.13	7974.02	513.341	2381.62
-7740.13	7974.02	511.332	2073.6
-7740.13	7974.02	509.323	1682.36
-7740.13	7974.02	507.314	1433.14
-7740.13	7974.02	505.304	1328.31
-7740.13	7974.02	503.293	1184.99
-7740.13	7974.02	501.282	1102.65
-7740.13	7974.02	499.27	1022.84
-7740.13	7974.02	497.258	1051.17
-7740.13	7974.02	495.246	1022.34
-7740.13	7974.02	493.233	933.908
-7740.13	7974.02	491.219	893.946
-7740.13	7974.02	489.205	880.071
-7740.13	7974.02	487.191	815.322
-7740.13	7974.02	485.176	797.751
-7740.13	7974.02	483.16	762.823
-7740.13	7974.02	481.144	703.112
-7740.13	7974.02	479.128	699.218
-7740.13	7974.02	477.111	675.495
-7740.13	7974.02	475.093	650.545
-7740.13	7974.02	473.075	654.1
-7740.13	7974.02	471.056	645.268
-7740.13	7974.02	469.037	629.011
-7740.13	7974.02	467.018	647.423
-7740.13	7974.02	464.998	631.174
-7740.13	7974.02	462.977	605.033
-7740.13	7974.02	460.956	592.513
-7740.13	7974.02	458.935	586.182
-7740.13	7974.02	456.913	556.363
-7740.13	7974.02	454.89	562.405
-7740.13	7974.02	452.867	559.793
-7740.13	7974.02	450.843	575.714
-7740.13	7974.02	448.819	550.868
-7740.13	7974.02	446.795	538.382
-7740.13	7974.02	444.77	522.199
-7740.13	7974.02	442.744	509.726
-7740.13	7974.02	440.718	489.856
-7740.13	7974.02	438.691	519.34
-7740.13	7974.02	436.664	517.977
-7740.13	7974.02	434.637	498.119
-7740.13	7974.02	432.608	527.578
-7740.13	7974.02	430.58	494.173
-7740.13	7974.02	428.551	513.761
-7740.13	7974.02	426.521	511.169
-7740.13	7974.02	424.491	503.652
-7740.13	7974.02	422.46	487.521
-7740.13	7974.02	420.429	472.629
-7740.13	7974.02	418.397	498.35
-7740.13	7974.02	416.365	474.851
-7740.13	7974.02	414.332	490.72
-7740.13	7974.02	412.299	494.285
-7740.13	7974.02	410.265	500.307
-7740.13	7974.02	408.231	496.494
-7740.13	7974.02	406.196	459.509
-7740.13	7974.02	404.161	509.754
-7740.13	7974.02	402.125	510.854
-7740.13	7974.02	400.089	508.269
-7740.13	7974.02	398.052	472.546
-7740.13	7974.02	396.015	458.929
-7740.13	7974.02	393.977	477.214
-7740.13	7974.02	391.938	462.376
-7740.13	7974.02	389.899	472.068
-7740.13	7974.02	387.86	485.432
-7740.13	7974.02	385.82	501.241
-7740.13	7974.02	383.78	481.51
-7740.13	7974.02	381.739	483.838
-7740.13	7974.02	379.697	477.592
-7740.13	7974.02	377.655	484.816
-7740.13	7974.02	375.613	477.349
-7740.13	7974.02	373.57	474.78
-7740.13	7974.02	371.526	472.212
-7740.13	7974.02	369.482	478.207
-7740.13	7974.02	367.437	473.194
-7740.13	7974.02	365.392	476.741
-7740.13	7974.02	363.346	496.173
-7740.13	7974.02	361.3	475.276
-7740.13	7974.02	359.254	482.483
-7740.13	7974.02	357.206	498.235
-7740.13	7974.02	355.159	483.457
-7740.13	7974.02	353.11	500.421
-7740.13	7974.02	351.062	474.668
-7740.13	7974.02	349.012	474.546
-7740.13	7974.02	346.962	486.62
-7740.13	7974.02	344.912	491.373
-7740.13	7974.02	342.861	472.962
-7740.13	7974.02	340.81	495.995
-7740.13	7974.02	338.758	494.649
-7740.13	7974.02	336.705	472.597
-7740.13	7974.02	334.652	472.476
-7740.13	7974.02	332.599	473.571
-7740.13	7974.02	330.545	484.403
-7740.13	7974.02	328.49	502.53
-7740.13	7974.02	326.435	495.101
-7740.13	7974.02	324.379	504.703
-7740.13	7974.02	322.323	492.414
-7740.13	7974.02	320.266	480.131
-7740.13	7974.02	318.209	503.096
-7740.13	7974.02	316.151	471.379
-7740.13	7974.02	314.093	505.265
-7740.13	7974.02	312.034	471.135
-7740.13	7974.02	309.975	497.719
-7740.13	7974.02	307.915	510.94
-7740.13	7974.02	305.854	524.154
-7740.13	7974.02	303.793	515.527
-7740.13	7974.02	301.732	482.65
-7740.13	7974.02	299.67	480.1
-7740.13	7974.02	297.607	495.732
-7740.13	7974.02	295.544	505.297
-7740.13	7974.02	293.48	516.068
-7740.13	7974.02	291.416	505.033
-7740.13	7974.02	289.351	496.426
-7740.13	7974.02	287.286	499.928
-7740.13	7974.02	285.22	490.116
-7740.13	7974.02	283.154	487.568
-7740.13	7974.02	281.087	485.021
-7740.13	7974.02	279.019	506.66
-7740.13	7974.02	276.951	492.021
-7740.13	7974.02	274.883	485.849
-7740.13	7974.02	272.814	466.389
-7740.13	7974.02	270.744	473.515
-7740.13	7974.02	268.674	451.653
-7740.13	7974.02	266.603	475.68
-7740.13	7974.02	264.532	505.73
-7740.13	7974.02	262.46	477.844
-7740.13	7974.02	260.388	456.003
-7740.13	7974.02	258.315	441.411
-7740.13	7974.02	256.241	435.266
-7740.13	7974.02	254.167	453.232
-7740.13	7974.02	252.093	459.138
-7740.13	7974.02	250.018	461.426
-7740.13	7974.02	247.942	452.873
-7740.13	7974.02	245.866	480.448
-7740.13	7974.02	243.789	441.799
-7740.13	7974.02	241.712	442.885
-7740.13	7974.02	239.634	428.33
-7740.13	7974.02	237.556	442.65
-7740.13	7974.02	235.477	422.09
-7740.13	7974.02	233.397	441.213
-7740.13	7974.02	231.317	448.307
-7740.13	7974.02	229.237	432.567
-7740.13	7974.02	227.155	466.087
-7740.13	7974.02	225.074	428.734
-7740.13	7974.02	222.991	421.416
-7740.13	7974.02	220.909	415.302
-7740.13	7974.02	218.825	415.192
-7740.13	7974.02	216.741	425.877
-7740.13	7974.02	214.657	434.159
-7740.13	7974.02	212.572	440.038
-7740.13	7974.02	210.486	408.754
-7740.13	7974.02	208.4	442.199
-7740.13	7974.02	206.313	431.298
-7740.13	7974.02	204.226	449.148
-7740.13	7974.02	202.138	429.869
-7740.13	7974.02	200.05	451.301
-7740.13	7974.02	197.961	454.77
-7740.13	7974.02	195.871	431.915
-7740.13	7974.02	193.781	412.661
-7740.13	7974.02	191.691	444.836
-7740.13	7974.02	189.599	450.694
-7740.13	7974.02	187.508	436.23
-7740.13	7974.02	185.415	477.932
-7740.13	7974.02	183.322	449.134
-7740.13	7974.02	181.229	474.091
-7740.13	7974.02	179.135	460.83
-7740.13	7974.02	177.04	473.834
-7740.13	7974.02	174.945	461.773
-7740.13	7974.02	172.849	458.07
-7740.13	7974.02	170.753	451.982
-7740.13	7974.02	168.656	453.052
-7740.13	7974.02	166.558	468.424
-7740.13	7974.02	164.46	467.104
-7740.13	7974.02	162.362	468.169
-7740.13	7974.02	160.263	470.423
-7740.13	7974.02	158.163	472.676
-7740.13	7974.02	156.063	466.595
-7740.13	7974.02	153.962	475.988
-7740.13	7974.02	151.86	480.616
-7740.13	7974.02	149.758	466.213
-7740.13	7974.02	147.656	463.707
-7740.13	7974.02	145.552	479.033
-7740.13	7974.02	143.449	493.162
-7740.13	7974.02	141.344	464.514
-7740.13	7974.02	139.239	471.513
-7740.13	7974.02	137.134	452.385
-7740.13	7974.02	135.028	486.685
-7740.13	7974.02	132.921	509.098
-7740.13	7974.02	130.814	478.112
-7740.13	7974.02	128.706	455.445
-7740.13	7974.02	126.598	461.248
-7740.13	7974.02	124.489	468.233
-7740.13	7974.02	122.379	455.068
-7740.13	7974.02	120.269	485.746
-7740.13	7974.02	118.158	451.263
-7740.13	7974.02	116.047	432.193
-7740.13	7974.02	113.935	464.034
-7740.13	7974.02	111.822	440.237
-7740.13	7974.02	109.709	435.382
-7740.13	7974.02	107.596	450.637
-7740.13	7974.02	105.481	412.674
-7740.13	7974.02	103.367	425.562
-7740.13	7974.02	101.251	428.989
-7740.13	7974.02	99.1351	402.877
-7740.13	7974.02	97.0184	416.938
-7740.13	7974.02	94.9012	393.206
-7740.13	7974.02	92.7834	402.54
-7740.13	7974.02	90.665	398.887
-7740.13	7974.02	88.546	377.539
-7740.13	7974.02	86.4265	392.766
-7740.13	7974.02	84.3063	380.864
-7740.13	7974.02	82.1855	387.83
-7740.13	7974.02	80.0641	390.078
-7740.13	7974.02	77.9422	375.831
