-7738.13	7966.02	1979.41	375.278
-7738.13	7966.02	1977.72	435.784
-7738.13	7966.02	1976.02	432.758
-7738.13	7966.02	1974.33	412.013
-7738.13	7966.02	1972.64	392.751
-7738.13	7966.02	1970.94	392.687
-7738.13	7966.02	1969.25	420.667
-7738.13	7966.02	1967.56	399.937
-7738.13	7966.02	1965.86	383.64
-7738.13	7966.02	1964.17	424.885
-7738.13	7966.02	1962.47	405.639
-7738.13	7966.02	1960.78	421.795
-7738.13	7966.02	1959.08	404.03
-7738.13	7966.02	1957.39	431.975
-7738.13	7966.02	1955.69	414.215
-7738.13	7966.02	1953.99	396.46
-7738.13	7966.02	1952.3	411.13
-7738.13	7966.02	1950.6	437.581
-7738.13	7966.02	1948.9	437.508
-7738.13	7966.02	1947.21	406.505
-7738.13	7966.02	1945.51	412.327
-7738.13	7966.02	1943.81	449.067
-7738.13	7966.02	1942.11	390.107
-7738.13	7966.02	1940.41	382.682
-7738.13	7966.02	1938.71	422.351
-7738.13	7966.02	1937.01	429.636
-7738.13	7966.02	1935.32	422.208
-7738.13	7966.02	1933.62	428.02
-7738.13	7966.02	1931.92	442.654
-7738.13	7966.02	1930.22	413.171
-7738.13	7966.02	1928.51	395.46
-7738.13	7966.02	1926.81	414.501
-7738.13	7966.02	1925.11	414.43
-7738.13	7966.02	1923.41	420.237
-7738.13	7966.02	1921.71	418.696
-7738.13	7966.02	1920.01	421.562
-7738.13	7966.02	1918.31	424.427
-7738.13	7966.02	1916.6	421.417
-7738.13	7966.02	1914.9	421.345
-7738.13	7966.02	1913.2	424.208
-7738.13	7966.02	1911.49	406.524
-7738.13	7966.02	1909.79	407.921
-7738.13	7966.02	1908.09	429.857
-7738.13	7966.02	1906.38	391.645
-7738.13	7966.02	1904.68	401.843
-7738.13	7966.02	1902.97	413.504
-7738.13	7966.02	1901.27	400.237
-7738.13	7966.02	1899.56	401.634
-7738.13	7966.02	1897.85	398.633
-7738.13	7966.02	1896.15	401.494
-7738.13	7966.02	1894.44	395.563
-7738.13	7966.02	1892.74	421.861
-7738.13	7966.02	1891.03	379.315
-7738.13	7966.02	1889.32	399.749
-7738.13	7966.02	1887.61	385.038
-7738.13	7966.02	1885.91	405.463
-7738.13	7966.02	1884.2	384.903
-7738.13	7966.02	1882.49	405.321
-7738.13	7966.02	1880.78	408.175
-7738.13	7966.02	1879.07	393.476
-7738.13	7966.02	1877.36	405.106
-7738.13	7966.02	1875.65	402.11
-7738.13	7966.02	1873.94	421.044
-7738.13	7966.02	1872.23	441.433
-7738.13	7966.02	1870.52	385.82
-7738.13	7966.02	1868.81	428.126
-7738.13	7966.02	1867.1	388.605
-7738.13	7966.02	1865.39	384.153
-7738.13	7966.02	1863.68	388.466
-7738.13	7966.02	1861.96	394.237
-7738.13	7966.02	1860.25	417.525
-7738.13	7966.02	1858.54	411.611
-7738.13	7966.02	1856.82	418.834
-7738.13	7966.02	1855.11	398.332
-7738.13	7966.02	1853.4	396.802
-7738.13	7966.02	1851.68	415.692
-7738.13	7966.02	1849.97	399.575
-7738.13	7966.02	1848.25	383.465
-7738.13	7966.02	1846.54	400.889
-7738.13	7966.02	1844.82	406.647
-7738.13	7966.02	1843.11	386.172
-7738.13	7966.02	1841.39	406.499
-7738.13	7966.02	1839.68	371.464
-7738.13	7966.02	1837.96	388.874
-7738.13	7966.02	1836.24	380.067
-7738.13	7966.02	1834.53	388.733
-7738.13	7966.02	1832.81	379.928
-7738.13	7966.02	1831.09	410.422
-7738.13	7966.02	1829.37	397.251
-7738.13	7966.02	1827.65	375.356
-7738.13	7966.02	1825.94	357.832
-7738.13	7966.02	1824.22	373.764
-7738.13	7966.02	1822.5	389.69
-7738.13	7966.02	1820.78	409.972
-7738.13	7966.02	1819.06	366.291
-7738.13	7966.02	1817.34	402.555
-7738.13	7966.02	1815.62	387.951
-7738.13	7966.02	1813.9	366.088
-7738.13	7966.02	1812.18	396.523
-7738.13	7966.02	1810.45	396.449
-7738.13	7966.02	1808.73	394.924
-7738.13	7966.02	1807.01	370.173
-7738.13	7966.02	1805.29	371.556
-7738.13	7966.02	1803.56	394.705
-7738.13	7966.02	1801.84	393.181
-7738.13	7966.02	1800.12	409.064
-7738.13	7966.02	1798.39	395.935
-7738.13	7966.02	1796.67	394.411
-7738.13	7966.02	1794.95	385.639
-7738.13	7966.02	1793.22	391.365
-7738.13	7966.02	1791.5	386.945
-7738.13	7966.02	1789.77	372.383
-7738.13	7966.02	1788.04	412.876
-7738.13	7966.02	1786.32	386.728
-7738.13	7966.02	1784.59	408.377
-7738.13	7966.02	1782.87	389.478
-7738.13	7966.02	1781.14	403.881
-7738.13	7966.02	1779.41	382.095
-7738.13	7966.02	1777.68	363.212
-7738.13	7966.02	1775.96	394.973
-7738.13	7966.02	1774.23	381.88
-7738.13	7966.02	1772.5	396.27
-7738.13	7966.02	1770.77	386.073
-7738.13	7966.02	1769.04	380.218
-7738.13	7966.02	1767.31	345.455
-7738.13	7966.02	1765.58	368.512
-7738.13	7966.02	1763.85	390.116
-7738.13	7966.02	1762.12	391.486
-7738.13	7966.02	1760.39	405.855
-7738.13	7966.02	1758.66	398.558
-7738.13	7966.02	1756.93	376.825
-7738.13	7966.02	1755.19	376.754
-7738.13	7966.02	1753.46	382.455
-7738.13	7966.02	1751.73	375.167
-7738.13	7966.02	1750.0	399.621
-7738.13	7966.02	1748.26	396.66
-7738.13	7966.02	1746.53	379.278
-7738.13	7966.02	1744.8	390.74
-7738.13	7966.02	1743.06	347.418
-7738.13	7966.02	1741.33	376.178
-7738.13	7966.02	1739.59	380.429
-7738.13	7966.02	1737.86	403.407
-7738.13	7966.02	1736.12	396.128
-7738.13	7966.02	1734.39	385.97
-7738.13	7966.02	1732.65	351.338
-7738.13	7966.02	1730.91	367.106
-7738.13	7966.02	1729.18	384.307
-7738.13	7966.02	1727.44	368.403
-7738.13	7966.02	1725.7	388.475
-7738.13	7966.02	1723.96	391.277
-7738.13	7966.02	1722.23	395.516
-7738.13	7966.02	1720.49	372.432
-7738.13	7966.02	1718.75	369.485
-7738.13	7966.02	1717.01	393.849
-7738.13	7966.02	1715.27	383.713
-7738.13	7966.02	1713.53	354.901
-7738.13	7966.02	1711.79	379.254
-7738.13	7966.02	1710.05	383.489
-7738.13	7966.02	1708.31	404.954
-7738.13	7966.02	1706.57	368.982
-7738.13	7966.02	1704.82	370.345
-7738.13	7966.02	1703.08	390.365
-7738.13	7966.02	1701.34	380.245
-7738.13	7966.02	1699.6	365.825
-7738.13	7966.02	1697.85	393.005
-7738.13	7966.02	1696.11	381.456
-7738.13	7966.02	1694.37	368.477
-7738.13	7966.02	1692.62	368.405
-7738.13	7966.02	1690.88	343.968
-7738.13	7966.02	1689.13	382.589
-7738.13	7966.02	1687.39	389.677
-7738.13	7966.02	1685.64	392.465
-7738.13	7966.02	1683.9	386.66
-7738.13	7966.02	1682.15	369.402
-7738.13	7966.02	1680.41	392.233
-7738.13	7966.02	1678.66	353.513
-7738.13	7966.02	1676.91	366.321
-7738.13	7966.02	1675.16	366.249
-7738.13	7966.02	1673.42	363.316
-7738.13	7966.02	1671.67	350.373
-7738.13	7966.02	1669.92	368.891
-7738.13	7966.02	1668.17	374.536
-7738.13	7966.02	1666.42	363.028
-7738.13	7966.02	1664.67	385.819
-7738.13	7966.02	1662.92	352.883
-7738.13	7966.02	1661.17	364.24
-7738.13	7966.02	1659.42	364.167
-7738.13	7966.02	1657.67	352.672
-7738.13	7966.02	1655.92	355.457
-7738.13	7966.02	1654.17	371.086
-7738.13	7966.02	1652.42	383.855
-7738.13	7966.02	1650.66	373.791
-7738.13	7966.02	1648.91	372.29
-7738.13	7966.02	1647.16	379.346
-7738.13	7966.02	1645.41	350.754
-7738.13	7966.02	1643.65	370.641
-7738.13	7966.02	1641.9	360.59
-7738.13	7966.02	1640.14	379.042
-7738.13	7966.02	1638.39	380.391
-7738.13	7966.02	1636.63	351.827
-7738.13	7966.02	1634.88	356.028
-7738.13	7966.02	1633.12	370.195
-7738.13	7966.02	1631.37	370.121
-7738.13	7966.02	1629.61	367.2
-7738.13	7966.02	1627.85	379.932
-7738.13	7966.02	1626.09	359.938
-7738.13	7966.02	1624.34	379.779
-7738.13	7966.02	1622.58	371.17
-7738.13	7966.02	1620.82	354.033
-7738.13	7966.02	1619.06	349.697
-7738.13	7966.02	1617.3	376.63
-7738.13	7966.02	1615.54	363.765
-7738.13	7966.02	1613.78	360.85
-7738.13	7966.02	1612.02	367.879
-7738.13	7966.02	1610.26	374.905
-7738.13	7966.02	1608.5	363.47
-7738.13	7966.02	1606.74	386.109
-7738.13	7966.02	1604.98	357.646
-7738.13	7966.02	1603.22	360.411
-7738.13	7966.02	1601.46	367.431
-7738.13	7966.02	1599.69	364.519
-7738.13	7966.02	1597.93	375.79
-7738.13	7966.02	1596.17	344.522
-7738.13	7966.02	1594.4	354.374
-7738.13	7966.02	1592.64	375.56
-7738.13	7966.02	1590.88	388.236
-7738.13	7966.02	1589.11	361.24
-7738.13	7966.02	1587.35	328.591
-7738.13	7966.02	1585.58	372.421
-7738.13	7966.02	1583.81	336.951
-7738.13	7966.02	1582.05	363.776
-7738.13	7966.02	1580.28	353.795
-7738.13	7966.02	1578.51	359.382
-7738.13	7966.02	1576.75	363.552
-7738.13	7966.02	1574.98	359.235
-7738.13	7966.02	1573.21	361.989
-7738.13	7966.02	1571.44	343.536
-7738.13	7966.02	1569.67	361.84
-7738.13	7966.02	1567.91	337.742
-7738.13	7966.02	1566.14	360.279
-7738.13	7966.02	1564.37	351.729
-7738.13	7966.02	1562.6	370.016
-7738.13	7966.02	1560.83	365.704
-7738.13	7966.02	1559.05	369.863
-7738.13	7966.02	1557.28	334.502
-7738.13	7966.02	1555.51	364.066
-7738.13	7966.02	1553.74	362.58
-7738.13	7966.02	1551.97	331.474
-7738.13	7966.02	1550.19	353.969
-7738.13	7966.02	1548.42	345.436
-7738.13	7966.02	1546.65	331.268
-7738.13	7966.02	1544.87	338.246
-7738.13	7966.02	1543.1	359.312
-7738.13	7966.02	1541.32	362.055
-7738.13	7966.02	1539.55	340.853
-7738.13	7966.02	1537.77	354.864
-7738.13	7966.02	1536.0	339.303
-7738.13	7966.02	1534.22	353.309
-7738.13	7966.02	1532.45	334.94
-7738.13	7966.02	1530.67	361.604
-7738.13	7966.02	1528.89	355.902
-7738.13	7966.02	1527.11	326.293
-7738.13	7966.02	1525.34	312.163
-7738.13	7966.02	1523.56	321.939
-7738.13	7966.02	1521.78	358.417
-7738.13	7966.02	1520.0	352.721
-7738.13	7966.02	1518.22	373.722
-7738.13	7966.02	1516.44	353.978
-7738.13	7966.02	1514.66	365.139
-7738.13	7966.02	1512.88	320.132
-7738.13	7966.02	1511.1	338.314
-7738.13	7966.02	1509.32	339.647
-7738.13	7966.02	1507.54	345.189
-7738.13	7966.02	1505.76	338.102
-7738.13	7966.02	1503.97	332.421
-7738.13	7966.02	1502.19	368.811
-7738.13	7966.02	1500.41	332.281
-7738.13	7966.02	1498.62	347.63
-7738.13	7966.02	1496.84	376.988
-7738.13	7966.02	1495.06	330.671
-7738.13	7966.02	1493.27	337.605
-7738.13	7966.02	1491.49	361.344
-7738.13	7966.02	1489.7	361.268
-7738.13	7966.02	1487.91	358.392
-7738.13	7966.02	1486.13	348.519
-7738.13	7966.02	1484.34	320.458
-7738.13	7966.02	1482.55	328.785
-7738.13	7966.02	1480.77	355.292
-7738.13	7966.02	1478.98	342.631
-7738.13	7966.02	1477.19	350.948
-7738.13	7966.02	1475.4	320.12
-7738.13	7966.02	1473.61	378.752
-7738.13	7966.02	1471.83	356.315
-7738.13	7966.02	1470.04	354.842
-7738.13	7966.02	1468.25	332.42
-7738.13	7966.02	1466.46	312.799
-7738.13	7966.02	1464.67	347.636
-7738.13	7966.02	1462.87	337.792
-7738.13	7966.02	1461.08	320.974
-7738.13	7966.02	1459.29	351.601
-7738.13	7966.02	1457.5	327.813
-7738.13	7966.02	1455.71	365.399
-7738.13	7966.02	1453.91	341.617
-7738.13	7966.02	1452.12	345.727
-7738.13	7966.02	1450.33	348.441
-7738.13	7966.02	1448.53	352.547
-7738.13	7966.02	1446.74	326.002
-7738.13	7966.02	1444.94	316.182
-7738.13	7966.02	1443.15	330.041
-7738.13	7966.02	1441.35	331.363
-7738.13	7966.02	1439.56	341.036
-7738.13	7966.02	1437.76	346.53
-7738.13	7966.02	1435.96	352.022
-7738.13	7966.02	1434.17	319.952
-7738.13	7966.02	1432.37	342.136
-7738.13	7966.02	1430.57	318.425
-7738.13	7966.02	1428.77	336.429
-7738.13	7966.02	1426.97	321.068
-7738.13	7966.02	1425.17	340.454
-7738.13	7966.02	1423.37	341.771
-7738.13	7966.02	1421.58	354.199
-7738.13	7966.02	1419.77	320.794
-7738.13	7966.02	1417.97	340.163
-7738.13	7966.02	1416.17	349.807
-7738.13	7966.02	1414.37	360.835
-7738.13	7966.02	1412.57	359.37
-7738.13	7966.02	1410.77	345.421
-7738.13	7966.02	1408.97	332.864
-7738.13	7966.02	1407.16	334.179
-7738.13	7966.02	1405.36	346.585
-7738.13	7966.02	1403.56	334.036
-7738.13	7966.02	1401.75	321.492
-7738.13	7966.02	1399.95	350.518
-7738.13	7966.02	1398.14	354.598
-7738.13	7966.02	1396.34	318.515
-7738.13	7966.02	1394.53	308.755
-7738.13	7966.02	1392.73	333.605
-7738.13	7966.02	1390.92	327.997
-7738.13	7966.02	1389.11	316.858
-7738.13	7966.02	1387.3	309.872
-7738.13	7966.02	1385.5	334.701
-7738.13	7966.02	1383.69	337.394
-7738.13	7966.02	1381.88	364.971
-7738.13	7966.02	1380.07	328.956
-7738.13	7966.02	1378.26	335.794
-7738.13	7966.02	1376.45	324.669
-7738.13	7966.02	1374.64	371.562
-7738.13	7966.02	1372.83	345.243
-7738.13	7966.02	1371.02	343.788
-7738.13	7966.02	1369.21	325.769
-7738.13	7966.02	1367.4	329.838
-7738.13	7966.02	1365.59	338.046
-7738.13	7966.02	1363.78	336.593
-7738.13	7966.02	1361.96	324.108
-7738.13	7966.02	1360.15	304.733
-7738.13	7966.02	1358.34	328.103
-7738.13	7966.02	1356.52	322.519
-7738.13	7966.02	1354.71	351.386
-7738.13	7966.02	1352.89	321.001
-7738.13	7966.02	1351.08	318.177
-7738.13	7966.02	1349.26	333.256
-7738.13	7966.02	1347.45	316.662
-7738.13	7966.02	1345.63	316.593
-7738.13	7966.02	1343.81	297.257
-7738.13	7966.02	1342.0	350.853
-7738.13	7966.02	1340.18	321.889
-7738.13	7966.02	1338.36	314.942
-7738.13	7966.02	1336.54	331.374
-7738.13	7966.02	1334.73	329.927
-7738.13	7966.02	1332.91	339.476
-7738.13	7966.02	1331.09	316.042
-7738.13	7966.02	1329.27	328.338
-7738.13	7966.02	1327.45	318.652
-7738.13	7966.02	1325.63	340.553
-7738.13	7966.02	1323.81	321.259
-7738.13	7966.02	1321.98	321.188
-7738.13	7966.02	1320.16	319.746
-7738.13	7966.02	1318.34	316.932
-7738.13	7966.02	1316.52	338.81
-7738.13	7966.02	1314.7	330.508
-7738.13	7966.02	1312.87	342.776
-7738.13	7966.02	1311.05	330.363
-7738.13	7966.02	1309.22	319.327
-7738.13	7966.02	1307.4	349.402
-7738.13	7966.02	1305.57	341.106
-7738.13	7966.02	1303.75	342.401
-7738.13	7966.02	1301.92	295.77
-7738.13	7966.02	1300.1	298.443
-7738.13	7966.02	1298.27	305.221
-7738.13	7966.02	1296.44	298.312
-7738.13	7966.02	1294.62	328.345
-7738.13	7966.02	1292.79	326.905
-7738.13	7966.02	1290.96	329.569
-7738.13	7966.02	1289.13	328.129
-7738.13	7966.02	1287.3	315.755
-7738.13	7966.02	1285.47	308.853
-7738.13	7966.02	1283.64	303.32
-7738.13	7966.02	1281.81	327.841
-7738.13	7966.02	1279.98	310.015
-7738.13	7966.02	1278.15	311.312
-7738.13	7966.02	1276.32	328.99
-7738.13	7966.02	1274.49	313.905
-7738.13	7966.02	1272.66	323.387
-7738.13	7966.02	1270.82	313.767
-7738.13	7966.02	1268.99	324.609
-7738.13	7966.02	1267.16	335.446
-7738.13	7966.02	1265.32	328.556
-7738.13	7966.02	1263.49	353.018
-7738.13	7966.02	1261.66	322.96
-7738.13	7966.02	1259.82	320.164
-7738.13	7966.02	1257.98	306.473
-7738.13	7966.02	1256.15	328.194
-7738.13	7966.02	1254.31	321.314
-7738.13	7966.02	1252.48	319.882
-7738.13	7966.02	1250.64	326.616
-7738.13	7966.02	1248.8	322.462
-7738.13	7966.02	1246.96	334.634
-7738.13	7966.02	1245.13	322.32
-7738.13	7966.02	1243.29	315.45
-7738.13	7966.02	1241.45	331.693
-7738.13	7966.02	1239.61	341.133
-7738.13	7966.02	1237.77	331.546
-7738.13	7966.02	1235.93	328.756
-7738.13	7966.02	1234.09	317.818
-7738.13	7966.02	1232.25	316.39
-7738.13	7966.02	1230.41	327.18
-7738.13	7966.02	1228.56	306.748
-7738.13	7966.02	1226.72	331.106
-7738.13	7966.02	1224.88	321.536
-7738.13	7966.02	1223.04	324.178
-7738.13	7966.02	1221.19	321.394
-7738.13	7966.02	1219.35	328.101
-7738.13	7966.02	1217.5	306.341
-7738.13	7966.02	1215.66	315.759
-7738.13	7966.02	1213.81	321.109
-7738.13	7966.02	1211.97	321.037
-7738.13	7966.02	1210.12	331.8
-7738.13	7966.02	1208.28	329.019
-7738.13	7966.02	1206.43	324.884
-7738.13	7966.02	1204.58	322.106
-7738.13	7966.02	1202.73	301.738
-7738.13	7966.02	1200.89	315.198
-7738.13	7966.02	1199.04	324.596
-7738.13	7966.02	1197.19	305.593
-7738.13	7966.02	1195.34	339.322
-7738.13	7966.02	1193.49	323.028
-7738.13	7966.02	1191.64	325.658
-7738.13	7966.02	1189.79	320.182
-7738.13	7966.02	1187.94	320.11
-7738.13	7966.02	1186.09	321.39
-7738.13	7966.02	1184.23	329.418
-7738.13	7966.02	1182.38	323.946
-7738.13	7966.02	1180.53	314.427
-7738.13	7966.02	1178.68	337.293
-7738.13	7966.02	1176.82	334.52
-7738.13	7966.02	1174.97	323.657
-7738.13	7966.02	1173.12	323.585
-7738.13	7966.02	1171.26	330.252
-7738.13	7966.02	1169.41	314.007
-7738.13	7966.02	1167.55	315.284
-7738.13	7966.02	1165.69	330.031
-7738.13	7966.02	1163.84	304.369
-7738.13	7966.02	1161.98	315.073
-7738.13	7966.02	1160.12	320.387
-7738.13	7966.02	1158.27	325.699
-7738.13	7966.02	1156.41	314.861
-7738.13	7966.02	1154.55	328.243
-7738.13	7966.02	1152.69	305.306
-7738.13	7966.02	1150.83	328.096
-7738.13	7966.02	1148.97	305.169
-7738.13	7966.02	1147.11	315.853
-7738.13	7966.02	1145.25	318.47
-7738.13	7966.02	1143.39	315.712
-7738.13	7966.02	1141.53	323.7
-7738.13	7966.02	1139.67	326.313
-7738.13	7966.02	1137.81	308.787
-7738.13	7966.02	1135.94	312.744
-7738.13	7966.02	1134.08	314.016
-7738.13	7966.02	1132.22	292.479
-7738.13	7966.02	1130.35	317.899
-7738.13	7966.02	1128.49	325.874
-7738.13	7966.02	1126.62	337.867
-7738.13	7966.02	1124.76	297.578
-7738.13	7966.02	1122.89	335.035
-7738.13	7966.02	1121.03	326.921
-7738.13	7966.02	1119.16	320.15
-7738.13	7966.02	1117.3	316.06
-7738.13	7966.02	1115.43	303.939
-7738.13	7966.02	1113.56	307.886
-7738.13	7966.02	1111.69	317.185
-7738.13	7966.02	1109.82	311.762
-7738.13	7966.02	1107.96	315.705
-7738.13	7966.02	1106.09	339.708
-7738.13	7966.02	1104.22	326.26
-7738.13	7966.02	1102.35	332.871
-7738.13	7966.02	1100.48	304.728
-7738.13	7966.02	1098.61	346.083
-7738.13	7966.02	1096.73	328.638
-7738.13	7966.02	1094.86	328.564
-7738.13	7966.02	1092.99	303.119
-7738.13	7966.02	1091.12	288.365
-7738.13	7966.02	1089.24	339.019
-7738.13	7966.02	1087.37	317.592
-7738.13	7966.02	1085.5	322.857
-7738.13	7966.02	1083.62	316.115
-7738.13	7966.02	1081.75	328.045
-7738.13	7966.02	1079.87	323.971
-7738.13	7966.02	1078.0	341.226
-7738.13	7966.02	1076.12	315.829
-7738.13	7966.02	1074.24	303.767
-7738.13	7966.02	1072.37	327.675
-7738.13	7966.02	1070.49	327.601
-7738.13	7966.02	1068.61	338.178
-7738.13	7966.02	1066.73	310.148
-7738.13	7966.02	1064.86	331.371
-7738.13	7966.02	1062.98	327.304
-7738.13	7966.02	1061.1	321.91
-7738.13	7966.02	1059.22	327.156
-7738.13	7966.02	1057.34	331.071
-7738.13	7966.02	1055.46	409.425
-7738.13	7966.02	1053.58	336.237
-7738.13	7966.02	1051.69	336.161
-7738.13	7966.02	1049.81	333.428
-7738.13	7966.02	1047.93	329.368
-7738.13	7966.02	1046.05	318.671
-7738.13	7966.02	1044.16	303.996
-7738.13	7966.02	1042.28	345.07
-7738.13	7966.02	1040.4	339.684
-7738.13	7966.02	1038.51	352.873
-7738.13	7966.02	1036.63	331.572
-7738.13	7966.02	1034.74	338.127
-7738.13	7966.02	1032.86	326.119
-7738.13	7966.02	1030.97	320.743
-7738.13	7966.02	1029.08	341.872
-7738.13	7966.02	1027.2	353.717
-7738.13	7966.02	1025.31	333.77
-7738.13	7966.02	1023.42	336.342
-7738.13	7966.02	1021.53	344.209
-7738.13	7966.02	1019.64	350.749
-7738.13	7966.02	1017.75	353.315
-7738.13	7966.02	1015.86	343.974
-7738.13	7966.02	1013.97	331.992
-7738.13	7966.02	1012.08	355.719
-7738.13	7966.02	1010.19	372.825
-7738.13	7966.02	1008.3	392.566
-7738.13	7966.02	1006.41	356.797
-7738.13	7966.02	1004.52	396.351
-7738.13	7966.02	1002.62	363.239
-7738.13	7966.02	1000.73	402.773
-7738.13	7966.02	998.837	393.44
-7738.13	7966.02	996.943	414.469
-7738.13	7966.02	995.049	384.022
-7738.13	7966.02	993.154	414.28
-7738.13	7966.02	991.258	402.314
-7738.13	7966.02	989.363	396.947
-7738.13	7966.02	987.467	381.035
-7738.13	7966.02	985.57	427.084
-7738.13	7966.02	983.673	424.35
-7738.13	7966.02	981.776	430.841
-7738.13	7966.02	979.878	445.232
-7738.13	7966.02	977.979	449.082
-7738.13	7966.02	976.081	466.095
-7738.13	7966.02	974.181	440.978
-7738.13	7966.02	972.282	442.193
-7738.13	7966.02	970.382	439.461
-7738.13	7966.02	968.481	444.622
-7738.13	7966.02	966.58	437.944
-7738.13	7966.02	964.679	462.826
-7738.13	7966.02	962.777	465.349
-7738.13	7966.02	960.875	490.213
-7738.13	7966.02	958.972	487.473
-7738.13	7966.02	957.069	438.757
-7738.13	7966.02	955.166	474.116
-7738.13	7966.02	953.262	446.434
-7738.13	7966.02	951.357	458.146
-7738.13	7966.02	949.452	482.977
-7738.13	7966.02	947.547	459.248
-7738.13	7966.02	945.641	460.454
-7738.13	7966.02	943.735	440.676
-7738.13	7966.02	941.829	468.11
-7738.13	7966.02	939.922	471.936
-7738.13	7966.02	938.014	452.168
-7738.13	7966.02	936.106	440.271
-7738.13	7966.02	934.198	436.24
-7738.13	7966.02	932.289	425.661
-7738.13	7966.02	930.38	453.062
-7738.13	7966.02	928.47	442.484
-7738.13	7966.02	926.56	417.515
-7738.13	7966.02	924.649	423.961
-7738.13	7966.02	922.738	419.939
-7738.13	7966.02	920.827	422.458
-7738.13	7966.02	918.915	398.824
-7738.13	7966.02	917.003	393.503
-7738.13	7966.02	915.09	390.798
-7738.13	7966.02	913.177	411.616
-7738.13	7966.02	911.263	384.086
-7738.13	7966.02	909.349	402.283
-7738.13	7966.02	907.435	395.661
-7738.13	7966.02	905.52	366.849
-7738.13	7966.02	903.604	370.68
-7738.13	7966.02	901.688	386.253
-7738.13	7966.02	899.772	375.727
-7738.13	7966.02	897.855	391.292
-7738.13	7966.02	895.938	396.418
-7738.13	7966.02	894.021	353.304
-7738.13	7966.02	892.103	355.829
-7738.13	7966.02	890.184	363.566
-7738.13	7966.02	888.265	393.446
-7738.13	7966.02	886.346	360.793
-7738.13	7966.02	884.426	367.22
-7738.13	7966.02	882.506	365.833
-7738.13	7966.02	880.585	372.257
-7738.13	7966.02	878.664	379.978
-7738.13	7966.02	876.742	402.007
-7738.13	7966.02	874.82	361.593
-7738.13	7966.02	872.898	352.406
-7738.13	7966.02	870.975	406.928
-7738.13	7966.02	869.051	363.941
-7738.13	7966.02	867.127	371.654
-7738.13	7966.02	865.203	366.371
-7738.13	7966.02	863.278	376.677
-7738.13	7966.02	861.353	336.333
-7738.13	7966.02	859.428	370.011
-7738.13	7966.02	857.502	366.031
-7738.13	7966.02	855.575	372.434
-7738.13	7966.02	853.648	363.266
-7738.13	7966.02	851.721	351.508
-7738.13	7966.02	849.793	359.207
-7738.13	7966.02	847.865	373.385
-7738.13	7966.02	845.936	365.521
-7738.13	7966.02	844.007	384.874
-7738.13	7966.02	842.077	395.149
-7738.13	7966.02	840.147	354.904
-7738.13	7966.02	838.216	372.951
-7738.13	7966.02	836.285	376.748
-7738.13	7966.02	834.354	365.011
-7738.13	7966.02	832.422	381.749
-7738.13	7966.02	830.49	392.01
-7738.13	7966.02	828.557	375.104
-7738.13	7966.02	826.624	360.792
-7738.13	7966.02	824.69	393.029
-7738.13	7966.02	822.756	370.964
-7738.13	7966.02	820.821	382.508
-7738.13	7966.02	818.886	410.842
-7738.13	7966.02	816.951	384.913
-7738.13	7966.02	815.015	379.658
-7738.13	7966.02	813.078	367.95
-7738.13	7966.02	811.141	411.749
-7738.13	7966.02	809.204	363.907
-7738.13	7966.02	807.266	387.044
-7738.13	7966.02	805.328	388.244
-7738.13	7966.02	803.389	376.547
-7738.13	7966.02	801.45	376.459
-7738.13	7966.02	799.511	351.881
-7738.13	7966.02	797.571	377.571
-7738.13	7966.02	795.63	398.097
-7738.13	7966.02	793.689	363.226
-7738.13	7966.02	791.748	382.457
-7738.13	7966.02	789.806	417.128
-7738.13	7966.02	787.864	408.021
-7738.13	7966.02	785.921	378.328
-7738.13	7966.02	783.978	374.38
-7738.13	7966.02	782.034	371.72
-7738.13	7966.02	780.09	389.635
-7738.13	7966.02	778.145	385.687
-7738.13	7966.02	776.2	383.026
-7738.13	7966.02	774.255	375.226
-7738.13	7966.02	772.309	381.562
-7738.13	7966.02	770.362	336.517
-7738.13	7966.02	768.416	362.121
-7738.13	7966.02	766.468	385.144
-7738.13	7966.02	764.52	392.755
-7738.13	7966.02	762.572	368.281
-7738.13	7966.02	760.624	374.609
-7738.13	7966.02	758.674	377.086
-7738.13	7966.02	756.725	385.974
-7738.13	7966.02	754.775	374.345
-7738.13	7966.02	752.824	392.201
-7738.13	7966.02	750.873	361.355
-7738.13	7966.02	748.922	345.896
-7738.13	7966.02	746.97	359.904
-7738.13	7966.02	745.017	350.855
-7738.13	7966.02	743.065	355.893
-7738.13	7966.02	741.111	369.888
-7738.13	7966.02	739.158	357.005
-7738.13	7966.02	737.203	374.831
-7738.13	7966.02	735.249	360.674
-7738.13	7966.02	733.294	360.588
-7738.13	7966.02	731.338	365.617
-7738.13	7966.02	729.382	401.317
-7738.13	7966.02	727.425	370.555
-7738.13	7966.02	725.468	381.965
-7738.13	7966.02	723.511	380.597
-7738.13	7966.02	721.553	376.677
-7738.13	7966.02	719.595	384.247
-7738.13	7966.02	717.636	347.144
-7738.13	7966.02	715.676	376.409
-7738.13	7966.02	713.717	383.974
-7738.13	7966.02	711.756	400.463
-7738.13	7966.02	709.796	351.916
-7738.13	7966.02	707.835	388.8
-7738.13	7966.02	705.873	411.648
-7738.13	7966.02	703.911	379.697
-7738.13	7966.02	701.948	373.237
-7738.13	7966.02	699.985	365.507
-7738.13	7966.02	698.022	394.705
-7738.13	7966.02	696.058	347.513
-7738.13	7966.02	694.093	366.52
-7738.13	7966.02	692.129	375.339
-7738.13	7966.02	690.163	377.794
-7738.13	7966.02	688.197	357.356
-7738.13	7966.02	686.231	377.614
-7738.13	7966.02	684.264	397.862
-7738.13	7966.02	682.297	368.539
-7738.13	7966.02	680.329	407.837
-7738.13	7966.02	678.361	372.174
-7738.13	7966.02	676.393	373.355
-7738.13	7966.02	674.423	382.153
-7738.13	7966.02	672.454	394.755
-7738.13	7966.02	670.484	409.889
-7738.13	7966.02	668.513	381.88
-7738.13	7966.02	666.542	383.057
-7738.13	7966.02	664.571	391.842
-7738.13	7966.02	662.599	381.606
-7738.13	7966.02	660.627	378.98
-7738.13	7966.02	658.654	399.165
-7738.13	7966.02	656.68	391.468
-7738.13	7966.02	654.707	376.175
-7738.13	7966.02	652.732	402.677
-7738.13	7966.02	650.758	373.463
-7738.13	7966.02	648.782	356.92
-7738.13	7966.02	646.807	374.55
-7738.13	7966.02	644.83	384.581
-7738.13	7966.02	642.854	398.401
-7738.13	7966.02	640.877	375.545
-7738.13	7966.02	638.899	405.795
-7738.13	7966.02	636.921	389.267
-7738.13	7966.02	634.942	413.181
-7738.13	7966.02	632.963	402.976
-7738.13	7966.02	630.984	385.198
-7738.13	7966.02	629.004	401.52
-7738.13	7966.02	627.023	390.062
-7738.13	7966.02	625.042	415.209
-7738.13	7966.02	623.061	396.183
-7738.13	7966.02	621.079	423.839
-7738.13	7966.02	619.097	408.604
-7738.13	7966.02	617.114	388.332
-7738.13	7966.02	615.131	402.104
-7738.13	7966.02	613.147	389.405
-7738.13	7966.02	611.163	388.052
-7738.13	7966.02	609.178	398.035
-7738.13	7966.02	607.193	391.642
-7738.13	7966.02	605.207	406.656
-7738.13	7966.02	603.221	396.488
-7738.13	7966.02	601.234	385.067
-7738.13	7966.02	599.247	384.974
-7738.13	7966.02	597.259	387.396
-7738.13	7966.02	595.271	386.045
-7738.13	7966.02	593.283	369.609
-7738.13	7966.02	591.294	384.602
-7738.13	7966.02	589.304	412.153
-7738.13	7966.02	587.314	393.209
-7738.13	7966.02	585.323	393.114
-7738.13	7966.02	583.332	389.252
-7738.13	7966.02	581.341	414.264
-7738.13	7966.02	579.349	394.083
-7738.13	7966.02	577.357	372.657
-7738.13	7966.02	575.364	401.418
-7738.13	7966.02	573.37	376.238
-7738.13	7966.02	571.376	379.908
-7738.13	7966.02	569.382	394.858
-7738.13	7966.02	567.387	407.294
-7738.13	7966.02	565.392	377.126
-7738.13	7966.02	563.396	397.075
-7738.13	7966.02	561.399	401.988
-7738.13	7966.02	559.403	409.402
-7738.13	7966.02	557.405	396.785
-7738.13	7966.02	555.408	407.951
-7738.13	7966.02	553.409	404.098
-7738.13	7966.02	551.411	398.997
-7738.13	7966.02	549.411	407.653
-7738.13	7966.02	547.412	417.554
-7738.13	7966.02	545.411	437.45
-7738.13	7966.02	543.411	446.09
-7738.13	7966.02	541.409	470.966
-7738.13	7966.02	539.408	475.847
-7738.13	7966.02	537.406	508.195
-7738.13	7966.02	535.403	488.097
-7738.13	7966.02	533.4	591.564
-7738.13	7966.02	531.396	618.868
-7738.13	7966.02	529.392	716.015
-7738.13	7966.02	527.387	886.693
-7738.13	7966.02	525.382	1162.02
-7738.13	7966.02	523.376	1671.55
-7738.13	7966.02	521.37	2304.2
-7738.13	7966.02	519.364	2854.32
-7738.13	7966.02	517.357	2981.91
-7738.13	7966.02	515.349	2749.56
-7738.13	7966.02	513.341	2354.23
-7738.13	7966.02	511.332	1941.67
-7738.13	7966.02	509.323	1607.7
-7738.13	7966.02	507.314	1392.09
-7738.13	7966.02	505.304	1264.88
-7738.13	7966.02	503.293	1125.31
-7738.13	7966.02	501.282	1096.44
-7738.13	7966.02	499.27	1039.0
-7738.13	7966.02	497.258	1030.04
-7738.13	7966.02	495.246	956.498
-7738.13	7966.02	493.233	915.279
-7738.13	7966.02	491.219	901.396
-7738.13	7966.02	489.205	813.041
-7738.13	7966.02	487.191	799.19
-7738.13	7966.02	485.176	771.697
-7738.13	7966.02	483.16	720.651
-7738.13	7966.02	481.144	659.71
-7738.13	7966.02	479.128	711.616
-7738.13	7966.02	477.111	700.284
-7738.13	7966.02	475.093	622.045
-7738.13	7966.02	473.075	649.145
-7738.13	7966.02	471.056	596.966
-7738.13	7966.02	469.037	648.822
-7738.13	7966.02	467.018	616.476
-7738.13	7966.02	464.998	613.847
-7738.13	7966.02	462.977	574.101
-7738.13	7966.02	460.956	564.063
-7738.13	7966.02	458.935	560.212
-7738.13	7966.02	456.913	536.582
-7738.13	7966.02	454.89	590.834
-7738.13	7966.02	452.867	562.265
-7738.13	7966.02	450.843	572.008
-7738.13	7966.02	448.819	513.814
-7738.13	7966.02	446.795	527.269
-7738.13	7966.02	444.77	529.606
-7738.13	7966.02	442.744	534.41
-7738.13	7966.02	440.718	510.833
-7738.13	7966.02	438.691	534.143
-7738.13	7966.02	436.664	505.644
-7738.13	7966.02	434.637	516.614
-7738.13	7966.02	432.608	511.554
-7738.13	7966.02	430.58	505.264
-7738.13	7966.02	428.551	514.993
-7738.13	7966.02	426.521	479.144
-7738.13	7966.02	424.491	488.875
-7738.13	7966.02	422.46	518.299
-7738.13	7966.02	420.429	467.705
-7738.13	7966.02	418.397	530.343
-7738.13	7966.02	416.365	479.772
-7738.13	7966.02	414.332	479.651
-7738.13	7966.02	412.299	493.055
-7738.13	7966.02	410.265	481.868
-7738.13	7966.02	408.231	481.746
-7738.13	7966.02	406.196	442.308
-7738.13	7966.02	404.161	476.59
-7738.13	7966.02	402.125	494.89
-7738.13	7966.02	400.089	483.715
-7738.13	7966.02	398.052	475.001
-7738.13	7966.02	396.015	485.925
-7738.13	7966.02	393.977	477.214
-7738.13	7966.02	391.938	461.149
-7738.13	7966.02	389.899	484.329
-7738.13	7966.02	387.86	465.819
-7738.13	7966.02	385.82	459.573
-7738.13	7966.02	383.78	488.862
-7738.13	7966.02	381.739	467.914
-7738.13	7966.02	379.697	488.613
-7738.13	7966.02	377.655	487.265
-7738.13	7966.02	375.613	509.172
-7738.13	7966.02	373.57	474.78
-7738.13	7966.02	371.526	458.756
-7738.13	7966.02	369.482	479.43
-7738.13	7966.02	367.437	474.417
-7738.13	7966.02	365.392	495.077
-7738.13	7966.02	363.346	464.398
-7738.13	7966.02	361.3	486.272
-7738.13	7966.02	359.254	461.718
-7738.13	7966.02	357.206	489.687
-7738.13	7966.02	355.159	489.561
-7738.13	7966.02	353.11	450.379
-7738.13	7966.02	351.062	463.686
-7738.13	7966.02	349.012	458.687
-7738.13	7966.02	346.962	482.962
-7738.13	7966.02	344.912	476.741
-7738.13	7966.02	342.861	453.458
-7738.13	7966.02	340.81	463.091
-7738.13	7966.02	338.758	498.304
-7738.13	7966.02	336.705	454.327
-7738.13	7966.02	334.652	477.346
-7738.13	7966.02	332.599	502.789
-7738.13	7966.02	330.545	456.41
-7738.13	7966.02	328.49	470.894
-7738.13	7966.02	326.435	481.72
-7738.13	7966.02	324.379	502.27
-7738.13	7966.02	322.323	496.062
-7738.13	7966.02	320.266	486.209
-7738.13	7966.02	318.209	467.855
-7738.13	7966.02	316.151	501.751
-7738.13	7966.02	314.093	511.338
-7738.13	7966.02	312.034	497.848
-7738.13	7966.02	309.975	507.431
-7738.13	7966.02	307.915	508.513
-7738.13	7966.02	305.854	510.808
-7738.13	7966.02	303.793	480.35
-7738.13	7966.02	301.732	476.587
-7738.13	7966.02	299.67	501.923
-7738.13	7966.02	297.607	488.459
-7738.13	7966.02	295.544	471.368
-7738.13	7966.02	293.48	479.725
-7738.13	7966.02	291.416	496.555
-7738.13	7966.02	289.351	507.323
-7738.13	7966.02	287.286	475.718
-7738.13	7966.02	285.22	475.594
-7738.13	7966.02	283.154	499.666
-7738.13	7966.02	281.087	474.136
-7738.13	7966.02	279.019	482.476
-7738.13	7966.02	276.951	508.945
-7738.13	7966.02	274.883	489.475
-7738.13	7966.02	272.814	470.014
-7738.13	7966.02	270.744	457.811
-7738.13	7966.02	268.674	451.653
-7738.13	7966.02	266.603	455.156
-7738.13	7966.02	264.532	467.106
-7738.13	7966.02	262.46	460.95
-7738.13	7966.02	260.388	446.352
-7738.13	7966.02	258.315	483.622
-7738.13	7966.02	256.241	459.38
-7738.13	7966.02	254.167	439.972
-7738.13	7966.02	252.093	473.599
-7738.13	7966.02	250.018	459.016
-7738.13	7966.02	247.942	444.442
-7738.13	7966.02	245.866	456.365
-7738.13	7966.02	243.789	440.595
-7738.13	7966.02	241.712	422.426
-7738.13	7966.02	239.634	431.939
-7738.13	7966.02	237.556	428.216
-7738.13	7966.02	235.477	435.318
-7738.13	7966.02	233.397	435.202
-7738.13	7966.02	231.317	468.739
-7738.13	7966.02	229.237	428.963
-7738.13	7966.02	227.155	481.704
-7738.13	7966.02	225.074	415.524
-7738.13	7966.02	222.991	451.432
-7738.13	7966.02	220.909	402.099
-7738.13	7966.02	218.825	401.992
-7738.13	7966.02	216.741	430.676
-7738.13	7966.02	214.657	412.571
-7738.13	7966.02	212.572	424.451
-7738.13	7966.02	210.486	433.927
-7738.13	7966.02	208.4	418.232
-7738.13	7966.02	206.313	418.119
-7738.13	7966.02	204.226	428.787
-7738.13	7966.02	202.138	447.83
-7738.13	7966.02	200.05	448.907
-7738.13	7966.02	197.961	414.08
-7738.13	7966.02	195.871	440.29
-7738.13	7966.02	193.781	427.015
-7738.13	7966.02	191.691	456.794
-7738.13	7966.02	189.599	426.784
-7738.13	7966.02	187.508	454.158
-7738.13	7966.02	185.415	443.282
-7738.13	7966.02	183.322	428.828
-7738.13	7966.02	181.229	472.897
-7738.13	7966.02	179.135	465.605
-7738.13	7966.02	177.04	464.286
-7738.13	7966.02	174.945	466.546
-7738.13	7966.02	172.849	462.841
-7738.13	7966.02	170.753	479.411
-7738.13	7966.02	168.656	444.706
-7738.13	7966.02	166.558	451.737
-7738.13	7966.02	164.46	473.062
-7738.13	7966.02	162.362	486.038
-7738.13	7966.02	160.263	464.468
-7738.13	7966.02	158.163	496.488
-7738.13	7966.02	156.063	471.357
-7738.13	7966.02	153.962	471.228
-7738.13	7966.02	151.86	461.582
-7738.13	7966.02	149.758	469.781
-7738.13	7966.02	147.656	464.896
-7738.13	7966.02	145.552	507.561
-7738.13	7966.02	143.449	502.668
-7738.13	7966.02	141.344	487.086
-7738.13	7966.02	139.239	446.571
-7738.13	7966.02	137.134	458.322
-7738.13	7966.02	135.028	467.692
-7738.13	7966.02	132.921	485.364
-7738.13	7966.02	130.814	478.112
-7738.13	7966.02	128.706	455.445
-7738.13	7966.02	126.598	449.391
-7738.13	7966.02	124.489	462.306
-7738.13	7966.02	122.379	463.364
-7738.13	7966.02	120.269	459.681
-7738.13	7966.02	118.158	491.533
-7738.13	7966.02	116.047	460.611
-7738.13	7966.02	113.935	465.218
-7738.13	7966.02	111.822	463.906
-7738.13	7966.02	109.709	443.664
-7738.13	7966.02	107.596	425.799
-7738.13	7966.02	105.481	431.593
-7738.13	7966.02	103.367	430.291
-7738.13	7966.02	101.251	402.99
-7738.13	7966.02	99.1351	424.144
-7738.13	7966.02	97.0184	412.214
-7738.13	7966.02	94.9012	420.364
-7738.13	7966.02	92.7834	404.901
-7738.13	7966.02	90.665	398.887
-7738.13	7966.02	88.546	386.977
-7738.13	7966.02	86.4265	405.74
-7738.13	7966.02	84.3063	379.685
-7738.13	7966.02	82.1855	407.87
-7738.13	7966.02	80.0641	390.078
-7738.13	7966.02	77.9422	365.228
