-7708.13	7950.02	1979.41	413.692
-7708.13	7950.02	1977.72	440.215
-7708.13	7950.02	1976.02	420.943
-7708.13	7950.02	1974.33	407.583
-7708.13	7950.02	1972.64	398.657
-7708.13	7950.02	1970.94	432.546
-7708.13	7950.02	1969.25	416.239
-7708.13	7950.02	1967.56	448.638
-7708.13	7950.02	1965.86	396.92
-7708.13	7950.02	1964.17	433.737
-7708.13	7950.02	1962.47	429.24
-7708.13	7950.02	1960.78	427.694
-7708.13	7950.02	1959.08	405.505
-7708.13	7950.02	1957.39	458.513
-7708.13	7950.02	1955.69	445.17
-7708.13	7950.02	1953.99	415.62
-7708.13	7950.02	1952.3	400.814
-7708.13	7950.02	1950.6	390.434
-7708.13	7950.02	1948.9	387.423
-7708.13	7950.02	1947.21	407.978
-7708.13	7950.02	1945.51	415.272
-7708.13	7950.02	1943.81	410.786
-7708.13	7950.02	1942.11	407.772
-7708.13	7950.02	1940.41	391.513
-7708.13	7950.02	1938.71	419.408
-7708.13	7950.02	1937.01	414.923
-7708.13	7950.02	1935.32	408.968
-7708.13	7950.02	1933.62	425.079
-7708.13	7950.02	1931.92	419.124
-7708.13	7950.02	1930.22	449.93
-7708.13	7950.02	1928.51	407.221
-7708.13	7950.02	1926.81	413.031
-7708.13	7950.02	1925.11	408.552
-7708.13	7950.02	1923.41	409.951
-7708.13	7950.02	1921.71	406.943
-7708.13	7950.02	1920.01	423.031
-7708.13	7950.02	1918.31	414.147
-7708.13	7950.02	1916.6	414.075
-7708.13	7950.02	1914.9	430.153
-7708.13	7950.02	1913.2	400.722
-7708.13	7950.02	1911.49	396.251
-7708.13	7950.02	1909.79	410.856
-7708.13	7950.02	1908.09	419.587
-7708.13	7950.02	1906.38	413.647
-7708.13	7950.02	1904.68	413.576
-7708.13	7950.02	1902.97	395.908
-7708.13	7950.02	1901.27	389.975
-7708.13	7950.02	1899.56	397.236
-7708.13	7950.02	1897.85	405.96
-7708.13	7950.02	1896.15	375.118
-7708.13	7950.02	1894.44	398.493
-7708.13	7950.02	1892.74	427.72
-7708.13	7950.02	1891.03	420.322
-7708.13	7950.02	1889.32	390.963
-7708.13	7950.02	1887.61	399.678
-7708.13	7950.02	1885.91	411.318
-7708.13	7950.02	1884.2	417.1
-7708.13	7950.02	1882.49	409.71
-7708.13	7950.02	1880.78	397.934
-7708.13	7950.02	1879.07	412.491
-7708.13	7950.02	1877.36	406.568
-7708.13	7950.02	1875.65	409.421
-7708.13	7950.02	1873.94	396.191
-7708.13	7950.02	1872.23	397.582
-7708.13	7950.02	1870.52	397.512
-7708.13	7950.02	1868.81	432.509
-7708.13	7950.02	1867.1	428.049
-7708.13	7950.02	1865.39	401.681
-7708.13	7950.02	1863.68	408.912
-7708.13	7950.02	1861.96	386.937
-7708.13	7950.02	1860.25	395.627
-7708.13	7950.02	1858.54	421.829
-7708.13	7950.02	1856.82	424.672
-7708.13	7950.02	1855.11	398.332
-7708.13	7950.02	1853.4	420.143
-7708.13	7950.02	1851.68	401.106
-7708.13	7950.02	1849.97	392.284
-7708.13	7950.02	1848.25	411.168
-7708.13	7950.02	1846.54	377.565
-7708.13	7950.02	1844.82	378.954
-7708.13	7950.02	1843.11	402.201
-7708.13	7950.02	1841.39	397.757
-7708.13	7950.02	1839.68	434.103
-7708.13	7950.02	1837.96	391.787
-7708.13	7950.02	1836.24	371.329
-7708.13	7950.02	1834.53	426.587
-7708.13	7950.02	1832.81	417.776
-7708.13	7950.02	1831.09	382.77
-7708.13	7950.02	1829.37	403.072
-7708.13	7950.02	1827.65	408.818
-7708.13	7950.02	1825.94	401.47
-7708.13	7950.02	1824.22	381.036
-7708.13	7950.02	1822.5	410.047
-7708.13	7950.02	1820.78	386.711
-7708.13	7950.02	1819.06	437.514
-7708.13	7950.02	1817.34	358.957
-7708.13	7950.02	1815.62	393.763
-7708.13	7950.02	1813.9	405.312
-7708.13	7950.02	1812.18	396.523
-7708.13	7950.02	1810.45	392.093
-7708.13	7950.02	1808.73	393.472
-7708.13	7950.02	1807.01	389.044
-7708.13	7950.02	1805.29	394.778
-7708.13	7950.02	1803.56	409.216
-7708.13	7950.02	1801.84	390.279
-7708.13	7950.02	1800.12	396.009
-7708.13	7950.02	1798.39	385.783
-7708.13	7950.02	1796.67	398.762
-7708.13	7950.02	1794.95	363.893
-7708.13	7950.02	1793.22	401.512
-7708.13	7950.02	1791.5	392.742
-7708.13	7950.02	1789.77	398.464
-7708.13	7950.02	1788.04	391.146
-7708.13	7950.02	1786.32	393.97
-7708.13	7950.02	1784.59	406.929
-7708.13	7950.02	1782.87	390.926
-7708.13	7950.02	1781.14	373.482
-7708.13	7950.02	1779.41	386.437
-7708.13	7950.02	1777.68	383.47
-7708.13	7950.02	1775.96	384.845
-7708.13	7950.02	1774.23	407.917
-7708.13	7950.02	1772.5	389.039
-7708.13	7950.02	1770.77	425.114
-7708.13	7950.02	1769.04	404.794
-7708.13	7950.02	1767.31	371.473
-7708.13	7950.02	1765.58	400.306
-7708.13	7950.02	1763.85	411.789
-7708.13	7950.02	1762.12	394.375
-7708.13	7950.02	1760.39	378.413
-7708.13	7950.02	1758.66	420.219
-7708.13	7950.02	1756.93	381.157
-7708.13	7950.02	1755.19	378.197
-7708.13	7950.02	1753.46	405.546
-7708.13	7950.02	1751.73	375.167
-7708.13	7950.02	1750.0	377.981
-7708.13	7950.02	1748.26	393.775
-7708.13	7950.02	1746.53	405.237
-7708.13	7950.02	1744.8	402.275
-7708.13	7950.02	1743.06	364.717
-7708.13	7950.02	1741.33	376.178
-7708.13	7950.02	1739.59	374.665
-7708.13	7950.02	1737.86	381.796
-7708.13	7950.02	1736.12	396.128
-7708.13	7950.02	1734.39	377.329
-7708.13	7950.02	1732.65	370.057
-7708.13	7950.02	1730.91	380.063
-7708.13	7950.02	1729.18	377.111
-7708.13	7950.02	1727.44	371.282
-7708.13	7950.02	1725.7	366.893
-7708.13	7950.02	1723.96	382.646
-7708.13	7950.02	1722.23	415.652
-7708.13	7950.02	1720.49	386.812
-7708.13	7950.02	1718.75	382.424
-7708.13	7950.02	1717.01	389.537
-7708.13	7950.02	1715.27	386.587
-7708.13	7950.02	1713.53	390.822
-7708.13	7950.02	1711.79	362.015
-7708.13	7950.02	1710.05	377.744
-7708.13	7950.02	1708.31	394.902
-7708.13	7950.02	1706.57	377.596
-7708.13	7950.02	1704.82	366.039
-7708.13	7950.02	1703.08	383.19
-7708.13	7950.02	1701.34	371.636
-7708.13	7950.02	1699.6	374.432
-7708.13	7950.02	1697.85	381.53
-7708.13	7950.02	1696.11	371.417
-7708.13	7950.02	1694.37	401.454
-7708.13	7950.02	1692.62	387.04
-7708.13	7950.02	1690.88	346.834
-7708.13	7950.02	1689.13	359.663
-7708.13	7950.02	1687.39	389.677
-7708.13	7950.02	1685.64	385.303
-7708.13	7950.02	1683.9	359.45
-7708.13	7950.02	1682.15	373.697
-7708.13	7950.02	1680.41	402.254
-7708.13	7950.02	1678.66	382.137
-7708.13	7950.02	1676.91	399.233
-7708.13	7950.02	1675.16	363.388
-7708.13	7950.02	1673.42	354.733
-7708.13	7950.02	1671.67	360.384
-7708.13	7950.02	1669.92	367.461
-7708.13	7950.02	1668.17	385.972
-7708.13	7950.02	1666.42	343.018
-7708.13	7950.02	1664.67	370.101
-7708.13	7950.02	1662.92	375.742
-7708.13	7950.02	1661.17	372.81
-7708.13	7950.02	1659.42	385.589
-7708.13	7950.02	1657.67	388.368
-7708.13	7950.02	1655.92	369.732
-7708.13	7950.02	1654.17	363.95
-7708.13	7950.02	1652.42	373.866
-7708.13	7950.02	1650.66	388.058
-7708.13	7950.02	1648.91	385.128
-7708.13	7950.02	1647.16	395.034
-7708.13	7950.02	1645.41	399.232
-7708.13	7950.02	1643.65	392.024
-7708.13	7950.02	1641.9	373.417
-7708.13	7950.02	1640.14	380.467
-7708.13	7950.02	1638.39	368.994
-7708.13	7950.02	1636.63	398.832
-7708.13	7950.02	1634.88	381.662
-7708.13	7950.02	1633.12	348.838
-7708.13	7950.02	1631.37	371.544
-7708.13	7950.02	1629.61	377.162
-7708.13	7950.02	1627.85	364.28
-7708.13	7950.02	1626.09	367.052
-7708.13	7950.02	1624.34	357.021
-7708.13	7950.02	1622.58	355.527
-7708.13	7950.02	1620.82	376.782
-7708.13	7950.02	1619.06	362.491
-7708.13	7950.02	1617.3	358.154
-7708.13	7950.02	1615.54	373.712
-7708.13	7950.02	1613.78	352.326
-7708.13	7950.02	1612.02	387.764
-7708.13	7950.02	1610.26	363.544
-7708.13	7950.02	1608.5	383.348
-7708.13	7950.02	1606.74	359.138
-7708.13	7950.02	1604.98	377.515
-7708.13	7950.02	1603.22	354.735
-7708.13	7950.02	1601.46	357.5
-7708.13	7950.02	1599.69	336.152
-7708.13	7950.02	1597.93	361.609
-7708.13	7950.02	1596.17	365.789
-7708.13	7950.02	1594.4	368.549
-7708.13	7950.02	1592.64	375.56
-7708.13	7950.02	1590.88	381.151
-7708.13	7950.02	1589.11	351.324
-7708.13	7950.02	1587.35	324.342
-7708.13	7950.02	1585.58	371.005
-7708.13	7950.02	1583.81	373.761
-7708.13	7950.02	1582.05	359.529
-7708.13	7950.02	1580.28	358.041
-7708.13	7950.02	1578.51	367.871
-7708.13	7950.02	1576.75	356.479
-7708.13	7950.02	1574.98	377.621
-7708.13	7950.02	1573.21	342.193
-7708.13	7950.02	1571.44	394.43
-7708.13	7950.02	1569.67	359.013
-7708.13	7950.02	1567.91	361.766
-7708.13	7950.02	1566.14	351.801
-7708.13	7950.02	1564.37	360.204
-7708.13	7950.02	1562.6	377.077
-7708.13	7950.02	1560.83	341.7
-7708.13	7950.02	1559.05	361.393
-7708.13	7950.02	1557.28	362.73
-7708.13	7950.02	1555.51	362.655
-7708.13	7950.02	1553.74	386.564
-7708.13	7950.02	1551.97	363.916
-7708.13	7950.02	1550.19	348.328
-7708.13	7950.02	1548.42	342.616
-7708.13	7950.02	1546.65	363.69
-7708.13	7950.02	1544.87	365.024
-7708.13	7950.02	1543.1	353.676
-7708.13	7950.02	1541.32	349.376
-7708.13	7950.02	1539.55	315.5
-7708.13	7950.02	1537.77	345.007
-7708.13	7950.02	1536.0	361.83
-7708.13	7950.02	1534.22	365.977
-7708.13	7950.02	1532.45	357.457
-7708.13	7950.02	1530.67	370.046
-7708.13	7950.02	1528.89	358.715
-7708.13	7950.02	1527.11	358.641
-7708.13	7950.02	1525.34	338.88
-7708.13	7950.02	1523.56	355.68
-7708.13	7950.02	1521.78	357.011
-7708.13	7950.02	1520.0	355.531
-7708.13	7950.02	1518.22	330.168
-7708.13	7950.02	1516.44	339.931
-7708.13	7950.02	1514.66	344.073
-7708.13	7950.02	1512.88	342.597
-7708.13	7950.02	1511.1	374.813
-7708.13	7950.02	1509.32	362.103
-7708.13	7950.02	1507.54	349.398
-7708.13	7950.02	1505.76	338.102
-7708.13	7950.02	1503.97	324.005
-7708.13	7950.02	1502.19	363.202
-7708.13	7950.02	1500.41	363.126
-7708.13	7950.02	1498.62	347.63
-7708.13	7950.02	1496.84	318.127
-7708.13	7950.02	1495.06	367.101
-7708.13	7950.02	1493.27	351.614
-7708.13	7950.02	1491.49	344.537
-7708.13	7950.02	1489.7	364.068
-7708.13	7950.02	1487.91	372.392
-7708.13	7950.02	1486.13	348.519
-7708.13	7950.02	1484.34	331.653
-7708.13	7950.02	1482.55	327.386
-7708.13	7950.02	1480.77	366.483
-7708.13	7950.02	1478.98	328.646
-7708.13	7950.02	1477.19	355.142
-7708.13	7950.02	1475.4	357.863
-7708.13	7950.02	1473.61	378.752
-7708.13	7950.02	1471.83	340.944
-7708.13	7950.02	1470.04	322.711
-7708.13	7950.02	1468.25	324.039
-7708.13	7950.02	1466.46	339.332
-7708.13	7950.02	1464.67	349.033
-7708.13	7950.02	1462.87	344.771
-7708.13	7950.02	1461.08	336.325
-7708.13	7950.02	1459.29	364.158
-7708.13	7950.02	1457.5	323.628
-7708.13	7950.02	1455.71	362.609
-7708.13	7950.02	1453.91	370.898
-7708.13	7950.02	1452.12	335.968
-7708.13	7950.02	1450.33	338.684
-7708.13	7950.02	1448.53	333.038
-7708.13	7950.02	1446.74	341.327
-7708.13	7950.02	1444.94	342.647
-7708.13	7950.02	1443.15	339.789
-7708.13	7950.02	1441.35	334.147
-7708.13	7950.02	1439.56	341.036
-7708.13	7950.02	1437.76	360.447
-7708.13	7950.02	1435.96	339.499
-7708.13	7950.02	1434.17	329.689
-7708.13	7950.02	1432.37	336.573
-7708.13	7950.02	1430.57	319.815
-7708.13	7950.02	1428.77	328.088
-7708.13	7950.02	1426.97	334.967
-7708.13	7950.02	1425.17	327.948
-7708.13	7950.02	1423.37	325.099
-7708.13	7950.02	1421.58	352.81
-7708.13	7950.02	1419.77	302.74
-7708.13	7950.02	1417.97	341.551
-7708.13	7950.02	1416.17	360.912
-7708.13	7950.02	1414.37	353.896
-7708.13	7950.02	1412.57	348.27
-7708.13	7950.02	1410.77	330.161
-7708.13	7950.02	1408.97	334.251
-7708.13	7950.02	1407.16	339.726
-7708.13	7950.02	1405.36	317.471
-7708.13	7950.02	1403.56	325.72
-7708.13	7950.02	1401.75	332.578
-7708.13	7950.02	1399.95	329.736
-7708.13	7950.02	1398.14	344.902
-7708.13	7950.02	1396.34	368.37
-7708.13	7950.02	1394.53	326.754
-7708.13	7950.02	1392.73	333.605
-7708.13	7950.02	1390.92	341.837
-7708.13	7950.02	1389.11	343.147
-7708.13	7950.02	1387.3	326.473
-7708.13	7950.02	1385.5	338.85
-7708.13	7950.02	1383.69	316.653
-7708.13	7950.02	1381.88	349.764
-7708.13	7950.02	1380.07	355.217
-7708.13	7950.02	1378.26	348.231
-7708.13	7950.02	1376.45	353.682
-7708.13	7950.02	1374.64	353.605
-7708.13	7950.02	1372.83	370.101
-7708.13	7950.02	1371.02	354.833
-7708.13	7950.02	1369.21	345.094
-7708.13	7950.02	1367.4	338.119
-7708.13	7950.02	1365.59	346.324
-7708.13	7950.02	1363.78	311.762
-7708.13	7950.02	1361.96	315.832
-7708.13	7950.02	1360.15	346.099
-7708.13	7950.02	1358.34	337.753
-7708.13	7950.02	1356.52	339.058
-7708.13	7950.02	1354.71	343.118
-7708.13	7950.02	1352.89	325.134
-7708.13	7950.02	1351.08	342.97
-7708.13	7950.02	1349.26	323.616
-7708.13	7950.02	1347.45	319.415
-7708.13	7950.02	1345.63	338.617
-7708.13	7950.02	1343.81	330.286
-7708.13	7950.02	1342.0	315.079
-7708.13	7950.02	1340.18	361.781
-7708.13	7950.02	1338.36	343.824
-7708.13	7950.02	1336.54	325.874
-7708.13	7950.02	1334.73	329.927
-7708.13	7950.02	1332.91	336.727
-7708.13	7950.02	1331.09	291.309
-7708.13	7950.02	1329.27	310.478
-7708.13	7950.02	1327.45	339.254
-7708.13	7950.02	1325.63	314.463
-7708.13	7950.02	1323.81	328.123
-7708.13	7950.02	1321.98	339.032
-7708.13	7950.02	1320.16	292.3
-7708.13	7950.02	1318.34	327.908
-7708.13	7950.02	1316.52	311.376
-7708.13	7950.02	1314.7	329.136
-7708.13	7950.02	1312.87	319.467
-7708.13	7950.02	1311.05	345.442
-7708.13	7950.02	1309.22	320.698
-7708.13	7950.02	1307.4	327.479
-7708.13	7950.02	1305.57	341.106
-7708.13	7950.02	1303.75	305.422
-7708.13	7950.02	1301.92	314.94
-7708.13	7950.02	1300.1	313.502
-7708.13	7950.02	1298.27	376.394
-7708.13	7950.02	1296.44	327.049
-7708.13	7950.02	1294.62	347.499
-7708.13	7950.02	1292.79	324.17
-7708.13	7950.02	1290.96	344.611
-7708.13	7950.02	1289.13	343.168
-7708.13	7950.02	1287.3	330.791
-7708.13	7950.02	1285.47	329.352
-7708.13	7950.02	1283.64	310.151
-7708.13	7950.02	1281.81	319.645
-7708.13	7950.02	1279.98	323.672
-7708.13	7950.02	1278.15	333.159
-7708.13	7950.02	1276.32	315.339
-7708.13	7950.02	1274.49	309.811
-7708.13	7950.02	1272.66	307.013
-7708.13	7950.02	1270.82	328.773
-7708.13	7950.02	1268.99	332.792
-7708.13	7950.02	1267.16	332.719
-7708.13	7950.02	1265.32	336.736
-7708.13	7950.02	1263.49	318.943
-7708.13	7950.02	1261.66	333.862
-7708.13	7950.02	1259.82	320.164
-7708.13	7950.02	1257.98	320.094
-7708.13	7950.02	1256.15	344.536
-7708.13	7950.02	1254.31	329.483
-7708.13	7950.02	1252.48	314.437
-7708.13	7950.02	1250.64	345.669
-7708.13	7950.02	1248.8	310.217
-7708.13	7950.02	1246.96	323.751
-7708.13	7950.02	1245.13	337.28
-7708.13	7950.02	1243.29	296.414
-7708.13	7950.02	1241.45	327.615
-7708.13	7950.02	1239.61	335.697
-7708.13	7950.02	1237.77	343.776
-7708.13	7950.02	1235.93	346.417
-7708.13	7950.02	1234.09	309.669
-7708.13	7950.02	1232.25	328.611
-7708.13	7950.02	1230.41	314.962
-7708.13	7950.02	1228.56	325.75
-7708.13	7950.02	1226.72	318.893
-7708.13	7950.02	1224.88	341.886
-7708.13	7950.02	1223.04	311.97
-7708.13	7950.02	1221.19	333.598
-7708.13	7950.02	1219.35	303.697
-7708.13	7950.02	1217.5	307.696
-7708.13	7950.02	1215.66	313.049
-7708.13	7950.02	1213.81	318.399
-7708.13	7950.02	1211.97	334.583
-7708.13	7950.02	1210.12	318.257
-7708.13	7950.02	1208.28	314.125
-7708.13	7950.02	1206.43	335.714
-7708.13	7950.02	1204.58	316.692
-7708.13	7950.02	1202.73	316.622
-7708.13	7950.02	1200.89	324.668
-7708.13	7950.02	1199.04	331.358
-7708.13	7950.02	1197.19	298.832
-7708.13	7950.02	1195.34	321.748
-7708.13	7950.02	1193.49	321.676
-7708.13	7950.02	1191.64	314.848
-7708.13	7950.02	1189.79	286.407
-7708.13	7950.02	1187.94	339.02
-7708.13	7950.02	1186.09	337.594
-7708.13	7950.02	1184.23	332.118
-7708.13	7950.02	1182.38	318.547
-7708.13	7950.02	1180.53	294.185
-7708.13	7950.02	1178.68	318.405
-7708.13	7950.02	1176.82	312.938
-7708.13	7950.02	1174.97	319.611
-7708.13	7950.02	1173.12	319.54
-7708.13	7950.02	1171.26	336.992
-7708.13	7950.02	1169.41	330.179
-7708.13	7950.02	1167.55	293.726
-7708.13	7950.02	1165.69	315.213
-7708.13	7950.02	1163.84	308.409
-7708.13	7950.02	1161.98	319.112
-7708.13	7950.02	1160.12	328.464
-7708.13	7950.02	1158.27	323.007
-7708.13	7950.02	1156.41	320.243
-7708.13	7950.02	1154.55	305.374
-7708.13	7950.02	1152.69	318.755
-7708.13	7950.02	1150.83	301.203
-7708.13	7950.02	1148.97	305.169
-7708.13	7950.02	1147.11	341.39
-7708.13	7950.02	1145.25	315.782
-7708.13	7950.02	1143.39	317.055
-7708.13	7950.02	1141.53	315.641
-7708.13	7950.02	1139.67	339.741
-7708.13	7950.02	1137.81	322.212
-7708.13	7950.02	1135.94	330.193
-7708.13	7950.02	1134.08	343.539
-7708.13	7950.02	1132.22	301.871
-7708.13	7950.02	1130.35	327.288
-7708.13	7950.02	1128.49	327.215
-7708.13	7950.02	1126.62	321.779
-7708.13	7950.02	1124.76	335.111
-7708.13	7950.02	1122.89	333.695
-7708.13	7950.02	1121.03	314.863
-7708.13	7950.02	1119.16	313.452
-7708.13	7950.02	1117.3	328.113
-7708.13	7950.02	1115.43	303.939
-7708.13	7950.02	1113.56	321.273
-7708.13	7950.02	1111.69	319.862
-7708.13	7950.02	1109.82	302.396
-7708.13	7950.02	1107.96	323.731
-7708.13	7950.02	1106.09	342.383
-7708.13	7950.02	1104.22	310.214
-7708.13	7950.02	1102.35	307.471
-7708.13	7950.02	1100.48	307.402
-7708.13	7950.02	1098.61	324.703
-7708.13	7950.02	1096.73	307.263
-7708.13	7950.02	1094.86	309.865
-7708.13	7950.02	1092.99	324.484
-7708.13	7950.02	1091.12	320.405
-7708.13	7950.02	1089.24	323.003
-7708.13	7950.02	1087.37	337.608
-7708.13	7950.02	1085.5	326.859
-7708.13	7950.02	1083.62	309.446
-7708.13	7950.02	1081.75	305.375
-7708.13	7950.02	1079.87	318.639
-7708.13	7950.02	1078.0	302.572
-7708.13	7950.02	1076.12	303.836
-7708.13	7950.02	1074.24	313.093
-7708.13	7950.02	1072.37	303.699
-7708.13	7950.02	1070.49	320.942
-7708.13	7950.02	1068.61	330.189
-7708.13	7950.02	1066.73	319.466
-7708.13	7950.02	1064.86	334.033
-7708.13	7950.02	1062.98	319.321
-7708.13	7950.02	1061.1	356.495
-7708.13	7950.02	1059.22	348.435
-7708.13	7950.02	1057.34	331.071
-7708.13	7950.02	1055.46	358.911
-7708.13	7950.02	1053.58	350.856
-7708.13	7950.02	1051.69	321.545
-7708.13	7950.02	1049.81	334.756
-7708.13	7950.02	1047.93	312.103
-7708.13	7950.02	1046.05	319.999
-7708.13	7950.02	1044.16	329.219
-7708.13	7950.02	1042.28	338.434
-7708.13	7950.02	1040.4	314.473
-7708.13	7950.02	1038.51	311.749
-7708.13	7950.02	1036.63	322.288
-7708.13	7950.02	1034.74	319.563
-7708.13	7950.02	1032.86	322.142
-7708.13	7950.02	1030.97	337.974
-7708.13	7950.02	1029.08	345.847
-7708.13	7950.02	1027.2	370.94
-7708.13	7950.02	1025.31	336.419
-7708.13	7950.02	1023.42	327.073
-7708.13	7950.02	1021.53	338.913
-7708.13	7950.02	1019.64	369.279
-7708.13	7950.02	1017.75	362.578
-7708.13	7950.02	1015.86	350.589
-7708.13	7950.02	1013.97	341.25
-7708.13	7950.02	1012.08	345.14
-7708.13	7950.02	1010.19	362.248
-7708.13	7950.02	1008.3	397.854
-7708.13	7950.02	1006.41	372.655
-7708.13	7950.02	1004.52	381.818
-7708.13	7950.02	1002.62	398.903
-7708.13	7950.02	1000.73	392.209
-7708.13	7950.02	998.837	393.44
-7708.13	7950.02	996.943	399.95
-7708.13	7950.02	995.049	395.899
-7708.13	7950.02	993.154	382.615
-7708.13	7950.02	991.258	412.867
-7708.13	7950.02	989.363	392.991
-7708.13	7950.02	987.467	417.952
-7708.13	7950.02	985.57	437.629
-7708.13	7950.02	983.673	421.715
-7708.13	7950.02	981.776	433.476
-7708.13	7950.02	979.878	446.55
-7708.13	7950.02	977.979	449.082
-7708.13	7950.02	976.081	437.129
-7708.13	7950.02	974.181	429.131
-7708.13	7950.02	972.282	464.566
-7708.13	7950.02	970.382	455.25
-7708.13	7950.02	968.481	451.199
-7708.13	7950.02	966.58	449.781
-7708.13	7950.02	964.679	419.436
-7708.13	7950.02	962.777	427.227
-7708.13	7950.02	960.875	463.928
-7708.13	7950.02	958.972	444.113
-7708.13	7950.02	957.069	462.402
-7708.13	7950.02	955.166	459.669
-7708.13	7950.02	953.262	451.686
-7708.13	7950.02	951.357	476.524
-7708.13	7950.02	949.452	454.103
-7708.13	7950.02	947.547	463.184
-7708.13	7950.02	945.641	457.831
-7708.13	7950.02	943.735	432.806
-7708.13	7950.02	941.829	473.355
-7708.13	7950.02	939.922	448.339
-7708.13	7950.02	938.014	452.168
-7708.13	7950.02	936.106	453.374
-7708.13	7950.02	934.198	432.309
-7708.13	7950.02	932.289	436.139
-7708.13	7950.02	930.38	466.156
-7708.13	7950.02	928.47	435.939
-7708.13	7950.02	926.56	425.368
-7708.13	7950.02	924.649	400.408
-7708.13	7950.02	922.738	379.384
-7708.13	7950.02	920.827	408.071
-7708.13	7950.02	918.915	419.746
-7708.13	7950.02	917.003	414.42
-7708.13	7950.02	915.09	402.561
-7708.13	7950.02	913.177	398.548
-7708.13	7950.02	911.263	381.473
-7708.13	7950.02	909.349	400.977
-7708.13	7950.02	907.435	377.38
-7708.13	7950.02	905.52	382.515
-7708.13	7950.02	903.604	388.953
-7708.13	7950.02	901.688	384.948
-7708.13	7950.02	899.772	371.813
-7708.13	7950.02	897.855	382.162
-7708.13	7950.02	895.938	366.426
-7708.13	7950.02	894.021	372.86
-7708.13	7950.02	892.103	384.504
-7708.13	7950.02	890.184	355.747
-7708.13	7950.02	888.265	377.812
-7708.13	7950.02	886.346	377.725
-7708.13	7950.02	884.426	360.709
-7708.13	7950.02	882.506	373.645
-7708.13	7950.02	880.585	374.86
-7708.13	7950.02	878.664	365.664
-7708.13	7950.02	876.742	364.278
-7708.13	7950.02	874.82	377.201
-7708.13	7950.02	872.898	375.813
-7708.13	7950.02	870.975	382.227
-7708.13	7950.02	869.051	380.838
-7708.13	7950.02	867.127	366.456
-7708.13	7950.02	865.203	396.252
-7708.13	7950.02	863.278	381.872
-7708.13	7950.02	861.353	363.604
-7708.13	7950.02	859.428	376.502
-7708.13	7950.02	857.502	386.799
-7708.13	7950.02	855.575	354.267
-7708.13	7950.02	853.648	365.861
-7708.13	7950.02	851.721	386.529
-7708.13	7950.02	849.793	360.504
-7708.13	7950.02	847.865	357.827
-7708.13	7950.02	845.936	365.521
-7708.13	7950.02	844.007	369.324
-7708.13	7950.02	842.077	380.898
-7708.13	7950.02	840.147	373.038
-7708.13	7950.02	838.216	380.721
-7708.13	7950.02	836.285	362.507
-7708.13	7950.02	834.354	348.185
-7708.13	7950.02	832.422	381.749
-7708.13	7950.02	830.49	371.31
-7708.13	7950.02	828.557	373.811
-7708.13	7950.02	826.624	371.137
-7708.13	7950.02	824.69	395.615
-7708.13	7950.02	822.756	385.182
-7708.13	7950.02	820.821	388.969
-7708.13	7950.02	818.886	369.499
-7708.13	7950.02	816.951	369.413
-7708.13	7950.02	815.015	380.949
-7708.13	7950.02	813.078	387.315
-7708.13	7950.02	811.141	384.644
-7708.13	7950.02	809.204	394.877
-7708.13	7950.02	807.266	388.334
-7708.13	7950.02	805.328	384.374
-7708.13	7950.02	803.389	382.995
-7708.13	7950.02	801.45	360.988
-7708.13	7950.02	799.511	385.393
-7708.13	7950.02	797.571	400.767
-7708.13	7950.02	795.63	390.366
-7708.13	7950.02	793.689	390.275
-7708.13	7950.02	791.748	408.212
-7708.13	7950.02	789.806	383.655
-7708.13	7950.02	787.864	401.585
-7708.13	7950.02	785.921	353.878
-7708.13	7950.02	783.978	382.099
-7708.13	7950.02	782.034	361.43
-7708.13	7950.02	780.09	369.061
-7708.13	7950.02	778.145	389.544
-7708.13	7950.02	776.2	389.453
-7708.13	7950.02	774.255	404.782
-7708.13	7950.02	772.309	378.992
-7708.13	7950.02	770.362	367.343
-7708.13	7950.02	768.416	390.371
-7708.13	7950.02	766.468	353.049
-7708.13	7950.02	764.52	360.667
-7708.13	7950.02	762.572	358.016
-7708.13	7950.02	760.624	370.761
-7708.13	7950.02	758.674	388.63
-7708.13	7950.02	756.725	348.787
-7708.13	7950.02	754.775	352.551
-7708.13	7950.02	752.824	367.848
-7708.13	7950.02	750.873	361.355
-7708.13	7950.02	748.922	375.362
-7708.13	7950.02	746.97	361.184
-7708.13	7950.02	745.017	361.099
-7708.13	7950.02	743.065	361.014
-7708.13	7950.02	741.111	367.329
-7708.13	7950.02	739.158	383.877
-7708.13	7950.02	737.203	373.552
-7708.13	7950.02	735.249	368.348
-7708.13	7950.02	733.294	405.342
-7708.13	7950.02	731.338	360.503
-7708.13	7950.02	729.382	384.702
-7708.13	7950.02	727.425	391.0
-7708.13	7950.02	725.468	358.97
-7708.13	7950.02	723.511	355.054
-7708.13	7950.02	721.553	379.23
-7708.13	7950.02	719.595	348.503
-7708.13	7950.02	717.636	382.88
-7708.13	7950.02	715.676	357.27
-7708.13	7950.02	713.717	369.942
-7708.13	7950.02	711.756	373.68
-7708.13	7950.02	709.796	390.167
-7708.13	7950.02	707.835	365.855
-7708.13	7950.02	705.873	377.238
-7708.13	7950.02	703.911	393.712
-7708.13	7950.02	701.948	407.631
-7708.13	7950.02	699.985	378.243
-7708.13	7950.02	698.022	378.153
-7708.13	7950.02	696.058	378.063
-7708.13	7950.02	694.093	365.247
-7708.13	7950.02	692.129	381.701
-7708.13	7950.02	690.163	368.89
-7708.13	7950.02	688.197	384.063
-7708.13	7950.02	686.231	380.157
-7708.13	7950.02	684.264	376.253
-7708.13	7950.02	682.297	390.143
-7708.13	7950.02	680.329	390.05
-7708.13	7950.02	678.361	391.227
-7708.13	7950.02	676.393	391.134
-7708.13	7950.02	674.423	361.839
-7708.13	7950.02	672.454	387.139
-7708.13	7950.02	670.484	381.971
-7708.13	7950.02	668.513	386.955
-7708.13	7950.02	666.542	381.789
-7708.13	7950.02	664.571	418.472
-7708.13	7950.02	662.599	380.339
-7708.13	7950.02	660.627	367.573
-7708.13	7950.02	658.654	394.096
-7708.13	7950.02	656.68	391.468
-7708.13	7950.02	654.707	372.375
-7708.13	7950.02	652.732	384.949
-7708.13	7950.02	650.758	398.783
-7708.13	7950.02	648.782	372.108
-7708.13	7950.02	646.807	383.407
-7708.13	7950.02	644.83	387.111
-7708.13	7950.02	642.854	421.167
-7708.13	7950.02	640.877	386.925
-7708.13	7950.02	638.899	402.002
-7708.13	7950.02	636.921	405.697
-7708.13	7950.02	634.942	425.817
-7708.13	7950.02	632.963	389.08
-7708.13	7950.02	630.984	388.987
-7708.13	7950.02	629.004	404.045
-7708.13	7950.02	627.023	383.751
-7708.13	7950.02	625.042	415.209
-7708.13	7950.02	623.061	408.801
-7708.13	7950.02	621.079	404.918
-7708.13	7950.02	619.097	387.165
-7708.13	7950.02	617.114	385.811
-7708.13	7950.02	615.131	404.626
-7708.13	7950.02	613.147	419.651
-7708.13	7950.02	611.163	385.532
-7708.13	7950.02	609.178	390.477
-7708.13	7950.02	607.193	408.013
-7708.13	7950.02	605.207	385.253
-7708.13	7950.02	603.221	391.453
-7708.13	7950.02	601.234	405.201
-7708.13	7950.02	599.247	415.168
-7708.13	7950.02	597.259	406.263
-7708.13	7950.02	595.271	393.59
-7708.13	7950.02	593.283	379.666
-7708.13	7950.02	591.294	397.17
-7708.13	7950.02	589.304	405.87
-7708.13	7950.02	587.314	378.134
-7708.13	7950.02	585.323	414.465
-7708.13	7950.02	583.332	389.252
-7708.13	7950.02	581.341	389.157
-7708.13	7950.02	579.349	363.962
-7708.13	7950.02	577.357	388.968
-7708.13	7950.02	575.364	395.146
-7708.13	7950.02	573.37	378.747
-7708.13	7950.02	571.376	383.67
-7708.13	7950.02	569.382	396.112
-7708.13	7950.02	567.387	367.192
-7708.13	7950.02	565.392	405.942
-7708.13	7950.02	563.396	393.318
-7708.13	7950.02	561.399	395.726
-7708.13	7950.02	559.403	413.158
-7708.13	7950.02	557.405	399.289
-7708.13	7950.02	555.408	396.689
-7708.13	7950.02	553.409	427.869
-7708.13	7950.02	551.411	415.257
-7708.13	7950.02	549.411	436.413
-7708.13	7950.02	547.412	416.304
-7708.13	7950.02	545.411	439.95
-7708.13	7950.02	543.411	442.341
-7708.13	7950.02	541.409	454.726
-7708.13	7950.02	539.408	469.602
-7708.13	7950.02	537.406	468.238
-7708.13	7950.02	535.403	528.044
-7708.13	7950.02	533.4	572.843
-7708.13	7950.02	531.396	620.116
-7708.13	7950.02	529.392	730.984
-7708.13	7950.02	527.387	921.612
-7708.13	7950.02	525.382	1169.5
-7708.13	7950.02	523.376	1661.58
-7708.13	7950.02	521.37	2290.5
-7708.13	7950.02	519.364	2750.91
-7708.13	7950.02	517.357	2869.81
-7708.13	7950.02	515.349	2710.95
-7708.13	7950.02	513.341	2311.9
-7708.13	7950.02	511.332	1904.33
-7708.13	7950.02	509.323	1556.68
-7708.13	7950.02	507.314	1316.2
-7708.13	7950.02	505.304	1241.25
-7708.13	7950.02	503.293	1160.12
-7708.13	7950.02	501.282	1077.79
-7708.13	7950.02	499.27	1029.05
-7708.13	7950.02	497.258	1035.01
-7708.13	7950.02	495.246	963.951
-7708.13	7950.02	493.233	925.214
-7708.13	7950.02	491.219	851.732
-7708.13	7950.02	489.205	824.213
-7708.13	7950.02	487.191	771.888
-7708.13	7950.02	485.176	759.29
-7708.13	7950.02	483.16	707.007
-7708.13	7950.02	481.144	703.112
-7708.13	7950.02	479.128	666.985
-7708.13	7950.02	477.111	670.538
-7708.13	7950.02	475.093	657.98
-7708.13	7950.02	473.075	628.085
-7708.13	7950.02	471.056	637.837
-7708.13	7950.02	469.037	626.535
-7708.13	7950.02	467.018	614.0
-7708.13	7950.02	464.998	601.471
-7708.13	7950.02	462.977	550.593
-7708.13	7950.02	460.956	586.328
-7708.13	7950.02	458.935	572.579
-7708.13	7950.02	456.913	535.345
-7708.13	7950.02	454.89	600.723
-7708.13	7950.02	452.867	546.2
-7708.13	7950.02	450.843	544.828
-7708.13	7950.02	448.819	532.341
-7708.13	7950.02	446.795	492.694
-7708.13	7950.02	444.77	508.619
-7708.13	7950.02	442.744	509.726
-7708.13	7950.02	440.718	512.067
-7708.13	7950.02	438.691	511.938
-7708.13	7950.02	436.664	479.745
-7708.13	7950.02	434.637	495.653
-7708.13	7950.02	432.608	515.252
-7708.13	7950.02	430.58	485.546
-7708.13	7950.02	428.551	500.209
-7708.13	7950.02	426.521	508.705
-7708.13	7950.02	424.491	518.429
-7708.13	7950.02	422.46	487.521
-7708.13	7950.02	420.429	489.86
-7708.13	7950.02	418.397	490.967
-7708.13	7950.02	416.365	492.074
-7708.13	7950.02	414.332	466.122
-7708.13	7950.02	412.299	501.662
-7708.13	7950.02	410.265	467.117
-7708.13	7950.02	408.231	480.517
-7708.13	7950.02	406.196	492.682
-7708.13	7950.02	404.161	467.991
-7708.13	7950.02	402.125	482.609
-7708.13	7950.02	400.089	448.112
-7708.13	7950.02	398.052	471.319
-7708.13	7950.02	396.015	473.654
-7708.13	7950.02	393.977	477.214
-7708.13	7950.02	391.938	468.508
-7708.13	7950.02	389.899	462.259
-7708.13	7950.02	387.86	480.529
-7708.13	7950.02	385.82	485.309
-7708.13	7950.02	383.78	479.06
-7708.13	7950.02	381.739	497.312
-7708.13	7950.02	379.697	483.715
-7708.13	7950.02	377.655	493.386
-7708.13	7950.02	375.613	474.901
-7708.13	7950.02	373.57	471.109
-7708.13	7950.02	371.526	458.756
-7708.13	7950.02	369.482	490.438
-7708.13	7950.02	367.437	474.417
-7708.13	7950.02	365.392	488.965
-7708.13	7950.02	363.346	481.508
-7708.13	7950.02	361.3	449.618
-7708.13	7950.02	359.254	471.49
-7708.13	7950.02	357.206	484.802
-7708.13	7950.02	355.159	474.911
-7708.13	7950.02	353.11	490.656
-7708.13	7950.02	351.062	466.126
-7708.13	7950.02	349.012	481.866
-7708.13	7950.02	346.962	474.424
-7708.13	7950.02	344.912	473.083
-7708.13	7950.02	342.861	475.4
-7708.13	7950.02	340.81	483.808
-7708.13	7950.02	338.758	456.88
-7708.13	7950.02	336.705	499.394
-7708.13	7950.02	334.652	499.265
-7708.13	7950.02	332.599	478.441
-7708.13	7950.02	330.545	491.706
-7708.13	7950.02	328.49	511.047
-7708.13	7950.02	326.435	480.504
-7708.13	7950.02	324.379	486.46
-7708.13	7950.02	322.323	479.04
-7708.13	7950.02	320.266	502.011
-7708.13	7950.02	318.209	484.868
-7708.13	7950.02	316.151	476.238
-7708.13	7950.02	314.093	502.836
-7708.13	7950.02	312.034	511.205
-7708.13	7950.02	309.975	497.719
-7708.13	7950.02	307.915	504.872
-7708.13	7950.02	305.854	513.234
-7708.13	7950.02	303.793	505.823
-7708.13	7950.02	301.732	511.755
-7708.13	7950.02	299.67	511.622
-7708.13	7950.02	297.607	496.944
-7708.13	7950.02	295.544	502.873
-7708.13	7950.02	293.48	511.222
-7708.13	7950.02	291.416	496.555
-7708.13	7950.02	289.351	496.426
-7708.13	7950.02	287.286	487.823
-7708.13	7950.02	285.22	470.753
-7708.13	7950.02	283.154	469.42
-7708.13	7950.02	281.087	494.698
-7708.13	7950.02	279.019	455.873
-7708.13	7950.02	276.951	479.932
-7708.13	7950.02	274.883	491.892
-7708.13	7950.02	272.814	460.348
-7708.13	7950.02	270.744	434.86
-7708.13	7950.02	268.674	451.653
-7708.13	7950.02	266.603	474.473
-7708.13	7950.02	264.532	476.762
-7708.13	7950.02	262.46	475.43
-7708.13	7950.02	260.388	475.305
-7708.13	7950.02	258.315	449.853
-7708.13	7950.02	256.241	448.529
-7708.13	7950.02	254.167	453.232
-7708.13	7950.02	252.093	429.011
-7708.13	7950.02	250.018	439.74
-7708.13	7950.02	247.942	451.668
-7708.13	7950.02	245.866	456.365
-7708.13	7950.02	243.789	428.557
-7708.13	7950.02	241.712	446.496
-7708.13	7950.02	239.634	422.314
-7708.13	7950.02	237.556	419.796
-7708.13	7950.02	235.477	432.913
-7708.13	7950.02	233.397	444.82
-7708.13	7950.02	231.317	455.519
-7708.13	7950.02	229.237	434.971
-7708.13	7950.02	227.155	426.446
-7708.13	7950.02	225.074	427.533
-7708.13	7950.02	222.991	413.012
-7708.13	7950.02	220.909	436.908
-7708.13	7950.02	218.825	423.591
-7708.13	7950.02	216.741	428.277
-7708.13	7950.02	214.657	401.777
-7708.13	7950.02	212.572	422.053
-7708.13	7950.02	210.486	444.715
-7708.13	7950.02	208.4	444.596
-7708.13	7950.02	206.313	433.694
-7708.13	7950.02	204.226	441.962
-7708.13	7950.02	202.138	456.212
-7708.13	7950.02	200.05	451.301
-7708.13	7950.02	197.961	432.032
-7708.13	7950.02	195.871	425.933
-7708.13	7950.02	193.781	443.76
-7708.13	7950.02	191.691	442.445
-7708.13	7950.02	189.599	437.544
-7708.13	7950.02	187.508	432.645
-7708.13	7950.02	185.415	445.671
-7708.13	7950.02	183.322	459.885
-7708.13	7950.02	181.229	435.877
-7708.13	7950.02	179.135	450.085
-7708.13	7950.02	177.04	497.705
-7708.13	7950.02	174.945	453.421
-7708.13	7950.02	172.849	453.298
-7708.13	7950.02	170.753	461.523
-7708.13	7950.02	168.656	450.667
-7708.13	7950.02	166.558	458.888
-7708.13	7950.02	164.46	451.614
-7708.13	7950.02	162.362	484.846
-7708.13	7950.02	160.263	459.704
-7708.13	7950.02	158.163	467.913
-7708.13	7950.02	156.063	453.502
-7708.13	7950.02	153.962	462.898
-7708.13	7950.02	151.86	456.823
-7708.13	7950.02	149.758	455.509
-7708.13	7950.02	147.656	463.707
-7708.13	7950.02	145.552	479.033
-7708.13	7950.02	143.449	475.337
-7708.13	7950.02	141.344	470.454
-7708.13	7950.02	139.239	481.014
-7708.13	7950.02	137.134	483.257
-7708.13	7950.02	135.028	455.822
-7708.13	7950.02	132.921	462.817
-7708.13	7950.02	130.814	485.23
-7708.13	7950.02	128.706	454.259
-7708.13	7950.02	126.598	486.149
-7708.13	7950.02	124.489	423.188
-7708.13	7950.02	122.379	438.477
-7708.13	7950.02	120.269	478.637
-7708.13	7950.02	118.158	472.583
-7708.13	7950.02	116.047	458.243
-7708.13	7950.02	113.935	467.586
-7708.13	7950.02	111.822	476.923
-7708.13	7950.02	109.709	424.734
-7708.13	7950.02	107.596	418.702
-7708.13	7950.02	105.481	450.512
-7708.13	7950.02	103.367	451.569
-7708.13	7950.02	101.251	418.353
-7708.13	7950.02	99.1351	428.869
-7708.13	7950.02	97.0184	421.663
-7708.13	7950.02	94.9012	405.014
-7708.13	7950.02	92.7834	428.51
-7708.13	7950.02	90.665	389.446
-7708.13	7950.02	88.546	408.214
-7708.13	7950.02	86.4265	384.51
-7708.13	7950.02	84.3063	373.789
-7708.13	7950.02	82.1855	367.79
-7708.13	7950.02	80.0641	381.829
-7708.13	7950.02	77.9422	373.475
