-7704.13	7974.02	1979.41	437.332
-7704.13	7974.02	1977.72	428.397
-7704.13	7974.02	1976.02	457.867
-7704.13	7974.02	1974.33	419.397
-7704.13	7974.02	1972.64	375.033
-7704.13	7974.02	1970.94	414.831
-7704.13	7974.02	1969.25	442.807
-7704.13	7974.02	1967.56	416.17
-7704.13	7974.02	1965.86	407.249
-7704.13	7974.02	1964.17	424.885
-7704.13	7974.02	1962.47	423.34
-7704.13	7974.02	1960.78	414.421
-7704.13	7974.02	1959.08	439.42
-7704.13	7974.02	1957.39	418.706
-7704.13	7974.02	1955.69	412.741
-7704.13	7974.02	1953.99	403.829
-7704.13	7974.02	1952.3	422.918
-7704.13	7974.02	1950.6	462.628
-7704.13	7974.02	1948.9	427.196
-7704.13	7974.02	1947.21	415.342
-7704.13	7974.02	1945.51	443.252
-7704.13	7974.02	1943.81	415.203
-7704.13	7974.02	1942.11	435.742
-7704.13	7974.02	1940.41	409.175
-7704.13	7974.02	1938.71	407.635
-7704.13	7974.02	1937.01	423.751
-7704.13	7974.02	1935.32	438.39
-7704.13	7974.02	1933.62	400.074
-7704.13	7974.02	1931.92	429.418
-7704.13	7974.02	1930.22	396.997
-7704.13	7974.02	1928.51	414.571
-7704.13	7974.02	1926.81	411.561
-7704.13	7974.02	1925.11	426.187
-7704.13	7974.02	1923.41	433.461
-7704.13	7974.02	1921.71	412.819
-7704.13	7974.02	1920.01	399.529
-7704.13	7974.02	1918.31	384.774
-7704.13	7974.02	1916.6	425.822
-7704.13	7974.02	1914.9	409.6
-7704.13	7974.02	1913.2	421.272
-7704.13	7974.02	1911.49	421.2
-7704.13	7974.02	1909.79	432.866
-7704.13	7974.02	1908.09	406.383
-7704.13	7974.02	1906.38	413.647
-7704.13	7974.02	1904.68	393.043
-7704.13	7974.02	1902.97	439.898
-7704.13	7974.02	1901.27	381.178
-7704.13	7974.02	1899.56	417.758
-7704.13	7974.02	1897.85	423.547
-7704.13	7974.02	1896.15	407.355
-7704.13	7974.02	1894.44	405.819
-7704.13	7974.02	1892.74	391.1
-7704.13	7974.02	1891.03	399.819
-7704.13	7974.02	1889.32	431.963
-7704.13	7974.02	1887.61	412.855
-7704.13	7974.02	1885.91	421.565
-7704.13	7974.02	1884.2	411.246
-7704.13	7974.02	1882.49	424.343
-7704.13	7974.02	1880.78	387.693
-7704.13	7974.02	1879.07	416.879
-7704.13	7974.02	1877.36	405.106
-7704.13	7974.02	1875.65	399.185
-7704.13	7974.02	1873.94	397.653
-7704.13	7974.02	1872.23	423.893
-7704.13	7974.02	1870.52	398.973
-7704.13	7974.02	1868.81	401.824
-7704.13	7974.02	1867.1	403.214
-7704.13	7974.02	1865.39	408.985
-7704.13	7974.02	1863.68	391.387
-7704.13	7974.02	1861.96	356.274
-7704.13	7974.02	1860.25	401.466
-7704.13	7974.02	1858.54	392.636
-7704.13	7974.02	1856.82	405.7
-7704.13	7974.02	1855.11	410.005
-7704.13	7974.02	1853.4	390.966
-7704.13	7974.02	1851.68	361.725
-7704.13	7974.02	1849.97	398.117
-7704.13	7974.02	1848.25	408.252
-7704.13	7974.02	1846.54	400.889
-7704.13	7974.02	1844.82	403.732
-7704.13	7974.02	1843.11	396.372
-7704.13	7974.02	1841.39	402.128
-7704.13	7974.02	1839.68	380.205
-7704.13	7974.02	1837.96	380.136
-7704.13	7974.02	1836.24	422.296
-7704.13	7974.02	1834.53	397.469
-7704.13	7974.02	1832.81	390.118
-7704.13	7974.02	1831.09	395.868
-7704.13	7974.02	1829.37	408.892
-7704.13	7974.02	1827.65	392.814
-7704.13	7974.02	1825.94	401.47
-7704.13	7974.02	1824.22	410.122
-7704.13	7974.02	1822.5	385.328
-7704.13	7974.02	1820.78	391.073
-7704.13	7974.02	1819.06	396.815
-7704.13	7974.02	1817.34	401.102
-7704.13	7974.02	1815.62	387.951
-7704.13	7974.02	1813.9	416.934
-7704.13	7974.02	1812.18	368.926
-7704.13	7974.02	1810.45	384.832
-7704.13	7974.02	1808.73	400.732
-7704.13	7974.02	1807.01	383.238
-7704.13	7974.02	1805.29	386.07
-7704.13	7974.02	1803.56	385.998
-7704.13	7974.02	1801.84	372.869
-7704.13	7974.02	1800.12	384.404
-7704.13	7974.02	1798.39	400.286
-7704.13	7974.02	1796.67	401.662
-7704.13	7974.02	1794.95	384.19
-7704.13	7974.02	1793.22	395.714
-7704.13	7974.02	1791.5	394.191
-7704.13	7974.02	1789.77	381.077
-7704.13	7974.02	1788.04	376.659
-7704.13	7974.02	1786.32	370.795
-7704.13	7974.02	1784.59	396.792
-7704.13	7974.02	1782.87	392.374
-7704.13	7974.02	1781.14	380.72
-7704.13	7974.02	1779.41	398.016
-7704.13	7974.02	1777.68	380.576
-7704.13	7974.02	1775.96	387.739
-7704.13	7974.02	1774.23	387.666
-7704.13	7974.02	1772.5	403.501
-7704.13	7974.02	1770.77	378.843
-7704.13	7974.02	1769.04	380.218
-7704.13	7974.02	1767.31	400.381
-7704.13	7974.02	1765.58	397.415
-7704.13	7974.02	1763.85	397.34
-7704.13	7974.02	1762.12	378.485
-7704.13	7974.02	1760.39	401.522
-7704.13	7974.02	1758.66	369.677
-7704.13	7974.02	1756.93	388.376
-7704.13	7974.02	1755.19	357.988
-7704.13	7974.02	1753.46	399.773
-7704.13	7974.02	1751.73	367.952
-7704.13	7974.02	1750.0	382.309
-7704.13	7974.02	1748.26	385.12
-7704.13	7974.02	1746.53	374.952
-7704.13	7974.02	1744.8	390.74
-7704.13	7974.02	1743.06	366.159
-7704.13	7974.02	1741.33	381.943
-7704.13	7974.02	1739.59	374.665
-7704.13	7974.02	1737.86	378.915
-7704.13	7974.02	1736.12	400.449
-7704.13	7974.02	1734.39	383.09
-7704.13	7974.02	1732.65	388.775
-7704.13	7974.02	1730.91	390.14
-7704.13	7974.02	1729.18	387.186
-7704.13	7974.02	1727.44	404.38
-7704.13	7974.02	1725.7	359.699
-7704.13	7974.02	1723.96	389.839
-7704.13	7974.02	1722.23	382.572
-7704.13	7974.02	1720.49	350.863
-7704.13	7974.02	1718.75	386.737
-7704.13	7974.02	1717.01	392.412
-7704.13	7974.02	1715.27	398.084
-7704.13	7974.02	1713.53	389.385
-7704.13	7974.02	1711.79	428.097
-7704.13	7974.02	1710.05	374.871
-7704.13	7974.02	1708.31	383.414
-7704.13	7974.02	1706.57	391.954
-7704.13	7974.02	1704.82	357.426
-7704.13	7974.02	1703.08	391.801
-7704.13	7974.02	1701.34	358.722
-7704.13	7974.02	1699.6	381.605
-7704.13	7974.02	1697.85	372.925
-7704.13	7974.02	1696.11	372.851
-7704.13	7974.02	1694.37	382.815
-7704.13	7974.02	1692.62	371.272
-7704.13	7974.02	1690.88	369.766
-7704.13	7974.02	1689.13	379.723
-7704.13	7974.02	1687.39	379.649
-7704.13	7974.02	1685.64	379.574
-7704.13	7974.02	1683.9	395.252
-7704.13	7974.02	1682.15	396.606
-7704.13	7974.02	1680.41	387.939
-7704.13	7974.02	1678.66	352.081
-7704.13	7974.02	1676.91	359.167
-7704.13	7974.02	1675.16	360.526
-7704.13	7974.02	1673.42	356.164
-7704.13	7974.02	1671.67	386.125
-7704.13	7974.02	1669.92	384.619
-7704.13	7974.02	1668.17	354.523
-7704.13	7974.02	1666.42	385.896
-7704.13	7974.02	1664.67	378.674
-7704.13	7974.02	1662.92	352.883
-7704.13	7974.02	1661.17	354.241
-7704.13	7974.02	1659.42	372.736
-7704.13	7974.02	1657.67	362.667
-7704.13	7974.02	1655.92	378.298
-7704.13	7974.02	1654.17	358.241
-7704.13	7974.02	1652.42	348.18
-7704.13	7974.02	1650.66	378.071
-7704.13	7974.02	1648.91	338.057
-7704.13	7974.02	1647.16	379.346
-7704.13	7974.02	1645.41	373.567
-7704.13	7974.02	1643.65	367.79
-7704.13	7974.02	1641.9	383.394
-7704.13	7974.02	1640.14	373.343
-7704.13	7974.02	1638.39	381.816
-7704.13	7974.02	1636.63	378.89
-7704.13	7974.02	1634.88	368.845
-7704.13	7974.02	1633.12	367.347
-7704.13	7974.02	1631.37	365.85
-7704.13	7974.02	1629.61	380.009
-7704.13	7974.02	1627.85	362.857
-7704.13	7974.02	1626.09	379.856
-7704.13	7974.02	1624.34	364.133
-7704.13	7974.02	1622.58	341.306
-7704.13	7974.02	1620.82	356.877
-7704.13	7974.02	1619.06	372.441
-7704.13	7974.02	1617.3	389.421
-7704.13	7974.02	1615.54	385.079
-7704.13	7974.02	1613.78	386.422
-7704.13	7974.02	1612.02	349.414
-7704.13	7974.02	1610.26	335.142
-7704.13	7974.02	1608.5	339.334
-7704.13	7974.02	1606.74	339.265
-7704.13	7974.02	1604.98	343.453
-7704.13	7974.02	1603.22	361.83
-7704.13	7974.02	1601.46	371.687
-7704.13	7974.02	1599.69	346.081
-7704.13	7974.02	1597.93	350.264
-7704.13	7974.02	1596.17	398.398
-7704.13	7974.02	1594.4	357.209
-7704.13	7974.02	1592.64	358.553
-7704.13	7974.02	1590.88	354.23
-7704.13	7974.02	1589.11	358.407
-7704.13	7974.02	1587.35	342.754
-7704.13	7974.02	1585.58	362.509
-7704.13	7974.02	1583.81	369.513
-7704.13	7974.02	1582.05	353.868
-7704.13	7974.02	1580.28	363.701
-7704.13	7974.02	1578.51	377.776
-7704.13	7974.02	1576.75	347.992
-7704.13	7974.02	1574.98	345.092
-7704.13	7974.02	1573.21	350.677
-7704.13	7974.02	1571.44	366.156
-7704.13	7974.02	1569.67	361.84
-7704.13	7974.02	1567.91	341.982
-7704.13	7974.02	1566.14	360.279
-7704.13	7974.02	1564.37	351.729
-7704.13	7974.02	1562.6	378.49
-7704.13	7974.02	1560.83	372.764
-7704.13	7974.02	1559.05	351.511
-7704.13	7974.02	1557.28	338.736
-7704.13	7974.02	1555.51	364.066
-7704.13	7974.02	1553.74	356.937
-7704.13	7974.02	1551.97	335.705
-7704.13	7974.02	1550.19	376.533
-7704.13	7974.02	1548.42	346.846
-7704.13	7974.02	1546.65	358.051
-7704.13	7974.02	1544.87	363.615
-7704.13	7974.02	1543.1	355.085
-7704.13	7974.02	1541.32	367.69
-7704.13	7974.02	1539.55	361.98
-7704.13	7974.02	1537.77	367.538
-7704.13	7974.02	1536.0	356.198
-7704.13	7974.02	1534.22	342.048
-7704.13	7974.02	1532.45	354.643
-7704.13	7974.02	1530.67	358.79
-7704.13	7974.02	1528.89	346.055
-7704.13	7974.02	1527.11	343.17
-7704.13	7974.02	1525.34	329.037
-7704.13	7974.02	1523.56	328.968
-7704.13	7974.02	1521.78	340.144
-7704.13	7974.02	1520.0	320.4
-7704.13	7974.02	1518.22	377.936
-7704.13	7974.02	1516.44	359.597
-7704.13	7974.02	1514.66	358.117
-7704.13	7974.02	1512.88	391.74
-7704.13	7974.02	1511.1	388.851
-7704.13	7974.02	1509.32	370.524
-7704.13	7974.02	1507.54	350.802
-7704.13	7974.02	1505.76	364.757
-7704.13	7974.02	1503.97	333.823
-7704.13	7974.02	1502.19	357.593
-7704.13	7974.02	1500.41	360.322
-7704.13	7974.02	1498.62	337.818
-7704.13	7974.02	1496.84	341.952
-7704.13	7974.02	1495.06	353.089
-7704.13	7974.02	1493.27	322.196
-7704.13	7974.02	1491.49	371.148
-7704.13	7974.02	1489.7	326.261
-7704.13	7974.02	1487.91	337.392
-7704.13	7974.02	1486.13	354.117
-7704.13	7974.02	1484.34	334.452
-7704.13	7974.02	1482.55	359.565
-7704.13	7974.02	1480.77	331.513
-7704.13	7974.02	1478.98	348.225
-7704.13	7974.02	1477.19	339.762
-7704.13	7974.02	1475.4	348.078
-7704.13	7974.02	1473.61	348.004
-7704.13	7974.02	1471.83	354.917
-7704.13	7974.02	1470.04	357.636
-7704.13	7974.02	1468.25	342.197
-7704.13	7974.02	1466.46	346.314
-7704.13	7974.02	1464.67	349.033
-7704.13	7974.02	1462.87	336.396
-7704.13	7974.02	1461.08	322.369
-7704.13	7974.02	1459.29	344.625
-7704.13	7974.02	1457.5	337.577
-7704.13	7974.02	1455.71	334.716
-7704.13	7974.02	1453.91	341.617
-7704.13	7974.02	1452.12	330.392
-7704.13	7974.02	1450.33	340.078
-7704.13	7974.02	1448.53	349.76
-7704.13	7974.02	1446.74	331.574
-7704.13	7974.02	1444.94	318.968
-7704.13	7974.02	1443.15	375.996
-7704.13	7974.02	1441.35	342.501
-7704.13	7974.02	1439.56	331.292
-7704.13	7974.02	1437.76	349.314
-7704.13	7974.02	1435.96	349.239
-7704.13	7974.02	1434.17	349.165
-7704.13	7974.02	1432.37	343.527
-7704.13	7974.02	1430.57	336.501
-7704.13	7974.02	1428.77	326.698
-7704.13	7974.02	1426.97	351.646
-7704.13	7974.02	1425.17	330.727
-7704.13	7974.02	1423.37	340.381
-7704.13	7974.02	1421.58	338.92
-7704.13	7974.02	1419.77	323.571
-7704.13	7974.02	1417.97	360.989
-7704.13	7974.02	1416.17	344.255
-7704.13	7974.02	1414.37	309.485
-7704.13	7974.02	1412.57	328.844
-7704.13	7974.02	1410.77	330.161
-7704.13	7974.02	1408.97	338.412
-7704.13	7974.02	1407.16	345.272
-7704.13	7974.02	1405.36	336.88
-7704.13	7974.02	1403.56	361.757
-7704.13	7974.02	1401.75	331.193
-7704.13	7974.02	1399.95	354.674
-7704.13	7974.02	1398.14	322.739
-7704.13	7974.02	1396.34	310.206
-7704.13	7974.02	1394.53	330.908
-7704.13	7974.02	1392.73	355.753
-7704.13	7974.02	1390.92	350.141
-7704.13	7974.02	1389.11	336.229
-7704.13	7974.02	1387.3	322.323
-7704.13	7974.02	1385.5	345.765
-7704.13	7974.02	1383.69	337.394
-7704.13	7974.02	1381.88	311.055
-7704.13	7974.02	1380.07	317.898
-7704.13	7974.02	1378.26	301.247
-7704.13	7974.02	1376.45	317.761
-7704.13	7974.02	1374.64	363.274
-7704.13	7974.02	1372.83	321.767
-7704.13	7974.02	1371.02	335.504
-7704.13	7974.02	1369.21	327.149
-7704.13	7974.02	1367.4	320.178
-7704.13	7974.02	1365.59	333.906
-7704.13	7974.02	1363.78	311.762
-7704.13	7974.02	1361.96	335.141
-7704.13	7974.02	1360.15	341.963
-7704.13	7974.02	1358.34	314.317
-7704.13	7974.02	1356.52	326.653
-7704.13	7974.02	1354.71	318.315
-7704.13	7974.02	1352.89	333.4
-7704.13	7974.02	1351.08	316.799
-7704.13	7974.02	1349.26	324.993
-7704.13	7974.02	1347.45	319.415
-7704.13	7974.02	1345.63	356.511
-7704.13	7974.02	1343.81	326.157
-7704.13	7974.02	1342.0	327.462
-7704.13	7974.02	1340.18	331.518
-7704.13	7974.02	1338.36	336.947
-7704.13	7974.02	1336.54	327.249
-7704.13	7974.02	1334.73	327.178
-7704.13	7974.02	1332.91	328.481
-7704.13	7974.02	1331.09	309.172
-7704.13	7974.02	1329.27	311.852
-7704.13	7974.02	1327.45	322.772
-7704.13	7974.02	1325.63	336.434
-7704.13	7974.02	1323.81	336.36
-7704.13	7974.02	1321.98	334.914
-7704.13	7974.02	1320.16	325.235
-7704.13	7974.02	1318.34	325.164
-7704.13	7974.02	1316.52	327.837
-7704.13	7974.02	1314.7	298.966
-7704.13	7974.02	1312.87	318.096
-7704.13	7974.02	1311.05	322.139
-7704.13	7974.02	1309.22	315.216
-7704.13	7974.02	1307.4	291.853
-7704.13	7974.02	1305.57	312.338
-7704.13	7974.02	1303.75	334.183
-7704.13	7974.02	1301.92	328.633
-7704.13	7974.02	1300.1	297.074
-7704.13	7974.02	1298.27	344.913
-7704.13	7974.02	1296.44	333.891
-7704.13	7974.02	1294.62	317.4
-7704.13	7974.02	1292.79	315.963
-7704.13	7974.02	1290.96	298.116
-7704.13	7974.02	1289.13	313.09
-7704.13	7974.02	1287.3	313.021
-7704.13	7974.02	1285.47	297.92
-7704.13	7974.02	1283.64	336.111
-7704.13	7974.02	1281.81	327.841
-7704.13	7974.02	1279.98	342.792
-7704.13	7974.02	1278.15	327.697
-7704.13	7974.02	1276.32	318.069
-7704.13	7974.02	1274.49	324.823
-7704.13	7974.02	1272.66	324.752
-7704.13	7974.02	1270.82	327.409
-7704.13	7974.02	1268.99	340.976
-7704.13	7974.02	1267.16	328.628
-7704.13	7974.02	1265.32	323.103
-7704.13	7974.02	1263.49	340.751
-7704.13	7974.02	1261.66	329.774
-7704.13	7974.02	1259.82	317.44
-7704.13	7974.02	1257.98	320.094
-7704.13	7974.02	1256.15	351.345
-7704.13	7974.02	1254.31	318.591
-7704.13	7974.02	1252.48	334.855
-7704.13	7974.02	1250.64	315.729
-7704.13	7974.02	1248.8	334.708
-7704.13	7974.02	1246.96	325.112
-7704.13	7974.02	1245.13	312.8
-7704.13	7974.02	1243.29	300.493
-7704.13	7974.02	1241.45	303.146
-7704.13	7974.02	1239.61	308.515
-7704.13	7974.02	1237.77	320.676
-7704.13	7974.02	1235.93	330.115
-7704.13	7974.02	1234.09	320.534
-7704.13	7974.02	1232.25	338.116
-7704.13	7974.02	1230.41	314.962
-7704.13	7974.02	1228.56	327.108
-7704.13	7974.02	1226.72	306.68
-7704.13	7974.02	1224.88	321.536
-7704.13	7974.02	1223.04	305.188
-7704.13	7974.02	1221.19	295.628
-7704.13	7974.02	1219.35	340.303
-7704.13	7974.02	1217.5	321.251
-7704.13	7974.02	1215.66	334.732
-7704.13	7974.02	1213.81	318.399
-7704.13	7974.02	1211.97	319.683
-7704.13	7974.02	1210.12	319.612
-7704.13	7974.02	1208.28	295.169
-7704.13	7974.02	1206.43	295.103
-7704.13	7974.02	1204.58	327.519
-7704.13	7974.02	1202.73	322.034
-7704.13	7974.02	1200.89	327.373
-7704.13	7974.02	1199.04	331.358
-7704.13	7974.02	1197.19	302.889
-7704.13	7974.02	1195.34	320.396
-7704.13	7974.02	1193.49	320.324
-7704.13	7974.02	1191.64	299.984
-7704.13	7974.02	1189.79	325.586
-7704.13	7974.02	1187.94	305.253
-7704.13	7974.02	1186.09	328.141
-7704.13	7974.02	1184.23	324.018
-7704.13	7974.02	1182.38	344.192
-7704.13	7974.02	1180.53	311.728
-7704.13	7974.02	1178.68	308.96
-7704.13	7974.02	1176.82	315.636
-7704.13	7974.02	1174.97	329.051
-7704.13	7974.02	1173.12	310.102
-7704.13	7974.02	1171.26	331.6
-7704.13	7974.02	1169.41	305.921
-7704.13	7974.02	1167.55	331.452
-7704.13	7974.02	1165.69	316.56
-7704.13	7974.02	1163.84	300.329
-7704.13	7974.02	1161.98	302.954
-7704.13	7974.02	1160.12	337.887
-7704.13	7974.02	1158.27	312.24
-7704.13	7974.02	1156.41	324.28
-7704.13	7974.02	1154.55	334.97
-7704.13	7974.02	1152.69	320.1
-7704.13	7974.02	1150.83	314.65
-7704.13	7974.02	1148.97	317.268
-7704.13	7974.02	1147.11	337.358
-7704.13	7974.02	1145.25	291.595
-7704.13	7974.02	1143.39	300.934
-7704.13	7974.02	1141.53	331.759
-7704.13	7974.02	1139.67	292.742
-7704.13	7974.02	1137.81	310.129
-7704.13	7974.02	1135.94	312.744
-7704.13	7974.02	1134.08	303.28
-7704.13	7974.02	1132.22	340.778
-7704.13	7974.02	1130.35	344.726
-7704.13	7974.02	1128.49	321.851
-7704.13	7974.02	1126.62	319.097
-7704.13	7974.02	1124.76	305.621
-7704.13	7974.02	1122.89	306.892
-7704.13	7974.02	1121.03	321.562
-7704.13	7974.02	1119.16	348.28
-7704.13	7974.02	1117.3	309.364
-7704.13	7974.02	1115.43	322.684
-7704.13	7974.02	1113.56	313.241
-7704.13	7974.02	1111.69	306.479
-7704.13	7974.02	1109.82	319.79
-7704.13	7974.02	1107.96	326.407
-7704.13	7974.02	1106.09	327.671
-7704.13	7974.02	1104.22	316.9
-7704.13	7974.02	1102.35	342.228
-7704.13	7974.02	1100.48	330.123
-7704.13	7974.02	1098.61	326.039
-7704.13	7974.02	1096.73	341.997
-7704.13	7974.02	1094.86	325.893
-7704.13	7974.02	1092.99	291.101
-7704.13	7974.02	1091.12	325.746
-7704.13	7974.02	1089.24	323.003
-7704.13	7974.02	1087.37	324.264
-7704.13	7974.02	1085.5	329.528
-7704.13	7974.02	1083.62	324.118
-7704.13	7974.02	1081.75	330.712
-7704.13	7974.02	1079.87	335.97
-7704.13	7974.02	1078.0	333.229
-7704.13	7974.02	1076.12	350.477
-7704.13	7974.02	1074.24	327.749
-7704.13	7974.02	1072.37	346.323
-7704.13	7974.02	1070.49	307.625
-7704.13	7974.02	1068.61	319.538
-7704.13	7974.02	1066.73	314.141
-7704.13	7974.02	1064.86	340.687
-7704.13	7974.02	1062.98	345.931
-7704.13	7974.02	1061.1	315.258
-7704.13	7974.02	1059.22	320.507
-7704.13	7974.02	1057.34	324.423
-7704.13	7974.02	1055.46	370.875
-7704.13	7974.02	1053.58	341.553
-7704.13	7974.02	1051.69	332.175
-7704.13	7974.02	1049.81	306.86
-7704.13	7974.02	1047.93	325.384
-7704.13	7974.02	1046.05	323.982
-7704.13	7974.02	1044.16	306.651
-7704.13	7974.02	1042.28	358.342
-7704.13	7974.02	1040.4	360.915
-7704.13	7974.02	1038.51	330.321
-7704.13	7974.02	1036.63	322.288
-7704.13	7974.02	1034.74	328.845
-7704.13	7974.02	1032.86	326.119
-7704.13	7974.02	1030.97	323.394
-7704.13	7974.02	1029.08	339.222
-7704.13	7974.02	1027.2	380.213
-7704.13	7974.02	1025.31	335.094
-7704.13	7974.02	1023.42	333.694
-7704.13	7974.02	1021.53	345.533
-7704.13	7974.02	1019.64	358.69
-7704.13	7974.02	1017.75	358.608
-7704.13	7974.02	1015.86	366.465
-7704.13	7974.02	1013.97	372.995
-7704.13	7974.02	1012.08	359.686
-7704.13	7974.02	1010.19	383.401
-7704.13	7974.02	1008.3	389.923
-7704.13	7974.02	1006.41	400.406
-7704.13	7974.02	1004.52	360.68
-7704.13	7974.02	1002.62	371.164
-7704.13	7974.02	1000.73	401.453
-7704.13	7974.02	998.837	385.518
-7704.13	7974.02	996.943	382.79
-7704.13	7974.02	995.049	394.58
-7704.13	7974.02	993.154	419.558
-7704.13	7974.02	991.258	400.995
-7704.13	7974.02	989.363	420.685
-7704.13	7974.02	987.467	391.583
-7704.13	7974.02	985.57	423.129
-7704.13	7974.02	983.673	428.304
-7704.13	7974.02	981.776	415.03
-7704.13	7974.02	979.878	430.743
-7704.13	7974.02	977.979	406.939
-7704.13	7974.02	976.081	445.029
-7704.13	7974.02	974.181	451.509
-7704.13	7974.02	972.282	467.198
-7704.13	7974.02	970.382	459.197
-7704.13	7974.02	968.481	448.568
-7704.13	7974.02	966.58	439.259
-7704.13	7974.02	964.679	436.529
-7704.13	7974.02	962.777	441.687
-7704.13	7974.02	960.875	465.243
-7704.13	7974.02	958.972	449.369
-7704.13	7974.02	957.069	442.697
-7704.13	7974.02	955.166	433.403
-7704.13	7974.02	953.262	471.381
-7704.13	7974.02	951.357	441.08
-7704.13	7974.02	949.452	465.915
-7704.13	7974.02	947.547	489.427
-7704.13	7974.02	945.641	453.895
-7704.13	7974.02	943.735	468.218
-7704.13	7974.02	941.829	468.11
-7704.13	7974.02	939.922	448.339
-7704.13	7974.02	938.014	452.168
-7704.13	7974.02	936.106	427.168
-7704.13	7974.02	934.198	427.069
-7704.13	7974.02	932.289	419.113
-7704.13	7974.02	930.38	445.205
-7704.13	7974.02	928.47	422.847
-7704.13	7974.02	926.56	409.662
-7704.13	7974.02	924.649	401.717
-7704.13	7974.02	922.738	451.337
-7704.13	7974.02	920.827	413.303
-7704.13	7974.02	918.915	430.207
-7704.13	7974.02	917.003	386.966
-7704.13	7974.02	915.09	406.482
-7704.13	7974.02	913.177	390.708
-7704.13	7974.02	911.263	397.15
-7704.13	7974.02	909.349	352.651
-7704.13	7974.02	907.435	374.768
-7704.13	7974.02	905.52	378.598
-7704.13	7974.02	903.604	386.342
-7704.13	7974.02	901.688	396.692
-7704.13	7974.02	899.772	365.29
-7704.13	7974.02	897.855	378.249
-7704.13	7974.02	895.938	396.418
-7704.13	7974.02	894.021	348.089
-7704.13	7974.02	892.103	394.931
-7704.13	7974.02	890.184	367.475
-7704.13	7974.02	888.265	372.601
-7704.13	7974.02	886.346	367.305
-7704.13	7974.02	884.426	378.94
-7704.13	7974.02	882.506	361.928
-7704.13	7974.02	880.585	354.034
-7704.13	7974.02	878.664	364.363
-7704.13	7974.02	876.742	377.288
-7704.13	7974.02	874.82	366.795
-7704.13	7974.02	872.898	382.315
-7704.13	7974.02	870.975	352.325
-7704.13	7974.02	869.051	375.639
-7704.13	7974.02	867.127	341.765
-7704.13	7974.02	865.203	380.662
-7704.13	7974.02	863.278	358.492
-7704.13	7974.02	861.353	346.722
-7704.13	7974.02	859.428	358.326
-7704.13	7974.02	857.502	380.309
-7704.13	7974.02	855.575	380.22
-7704.13	7974.02	853.648	394.403
-7704.13	7974.02	851.721	421.55
-7704.13	7974.02	849.793	398.111
-7704.13	7974.02	847.865	365.606
-7704.13	7974.02	845.936	359.04
-7704.13	7974.02	844.007	370.62
-7704.13	7974.02	842.077	374.42
-7704.13	7974.02	840.147	382.105
-7704.13	7974.02	838.216	375.541
-7704.13	7974.02	836.285	406.526
-7704.13	7974.02	834.354	370.189
-7704.13	7974.02	832.422	397.278
-7704.13	7974.02	830.49	364.841
-7704.13	7974.02	828.557	382.865
-7704.13	7974.02	826.624	355.619
-7704.13	7974.02	824.69	364.586
-7704.13	7974.02	822.756	391.645
-7704.13	7974.02	820.821	338.571
-7704.13	7974.02	818.886	395.338
-7704.13	7974.02	816.951	409.454
-7704.13	7974.02	815.015	388.697
-7704.13	7974.02	813.078	369.241
-7704.13	7974.02	811.141	383.353
-7704.13	7974.02	809.204	392.296
-7704.13	7974.02	807.266	362.531
-7704.13	7974.02	805.328	354.708
-7704.13	7974.02	803.389	368.81
-7704.13	7974.02	801.45	376.459
-7704.13	7974.02	799.511	385.393
-7704.13	7974.02	797.571	404.633
-7704.13	7974.02	795.63	377.483
-7704.13	7974.02	793.689	376.107
-7704.13	7974.02	791.748	401.773
-7704.13	7974.02	789.806	402.967
-7704.13	7974.02	787.864	387.427
-7704.13	7974.02	785.921	393.77
-7704.13	7974.02	783.978	376.953
-7704.13	7974.02	782.034	356.285
-7704.13	7974.02	780.09	388.35
-7704.13	7974.02	778.145	399.829
-7704.13	7974.02	776.2	388.167
-7704.13	7974.02	774.255	367.516
-7704.13	7974.02	772.309	368.714
-7704.13	7974.02	770.362	381.472
-7704.13	7974.02	768.416	365.973
-7704.13	7974.02	766.468	388.996
-7704.13	7974.02	764.52	372.219
-7704.13	7974.02	762.572	396.512
-7704.13	7974.02	760.624	387.438
-7704.13	7974.02	758.674	352.717
-7704.13	7974.02	756.725	366.739
-7704.13	7974.02	754.775	361.525
-7704.13	7974.02	752.824	375.539
-7704.13	7974.02	750.873	354.948
-7704.13	7974.02	748.922	370.237
-7704.13	7974.02	746.97	344.534
-7704.13	7974.02	745.017	366.221
-7704.13	7974.02	743.065	373.816
-7704.13	7974.02	741.111	364.769
-7704.13	7974.02	739.158	386.436
-7704.13	7974.02	737.203	360.759
-7704.13	7974.02	735.249	393.927
-7704.13	7974.02	733.294	392.556
-7704.13	7974.02	731.338	370.73
-7704.13	7974.02	729.382	391.092
-7704.13	7974.02	727.425	373.111
-7704.13	7974.02	725.468	358.97
-7704.13	7974.02	723.511	380.597
-7704.13	7974.02	721.553	385.615
-7704.13	7974.02	719.595	385.524
-7704.13	7974.02	717.636	371.393
-7704.13	7974.02	715.676	373.857
-7704.13	7974.02	713.717	355.91
-7704.13	7974.02	711.756	383.883
-7704.13	7974.02	709.796	365.941
-7704.13	7974.02	707.835	379.877
-7704.13	7974.02	705.873	379.787
-7704.13	7974.02	703.911	363.133
-7704.13	7974.02	701.948	364.32
-7704.13	7974.02	699.985	362.96
-7704.13	7974.02	698.022	383.246
-7704.13	7974.02	696.058	366.607
-7704.13	7974.02	694.093	375.428
-7704.13	7974.02	692.129	375.339
-7704.13	7974.02	690.163	370.162
-7704.13	7974.02	688.197	373.889
-7704.13	7974.02	686.231	368.714
-7704.13	7974.02	684.264	387.693
-7704.13	7974.02	682.297	393.955
-7704.13	7974.02	680.329	373.533
-7704.13	7974.02	678.361	370.903
-7704.13	7974.02	676.393	383.514
-7704.13	7974.02	674.423	380.884
-7704.13	7974.02	672.454	393.486
-7704.13	7974.02	670.484	357.86
-7704.13	7974.02	668.513	369.193
-7704.13	7974.02	666.542	398.278
-7704.13	7974.02	664.571	393.11
-7704.13	7974.02	662.599	390.481
-7704.13	7974.02	660.627	390.388
-7704.13	7974.02	658.654	383.958
-7704.13	7974.02	656.68	405.404
-7704.13	7974.02	654.707	400.24
-7704.13	7974.02	652.732	411.541
-7704.13	7974.02	650.758	419.038
-7704.13	7974.02	648.782	397.422
-7704.13	7974.02	646.807	391.0
-7704.13	7974.02	644.83	380.785
-7704.13	7974.02	642.854	385.753
-7704.13	7974.02	640.877	391.983
-7704.13	7974.02	638.899	381.776
-7704.13	7974.02	636.921	375.365
-7704.13	7974.02	634.942	387.91
-7704.13	7974.02	632.963	397.923
-7704.13	7974.02	630.984	402.879
-7704.13	7974.02	629.004	410.358
-7704.13	7974.02	627.023	406.473
-7704.13	7974.02	625.042	392.493
-7704.13	7974.02	623.061	398.707
-7704.13	7974.02	621.079	398.611
-7704.13	7974.02	619.097	383.381
-7704.13	7974.02	617.114	375.724
-7704.13	7974.02	615.131	395.802
-7704.13	7974.02	613.147	408.309
-7704.13	7974.02	611.163	400.651
-7704.13	7974.02	609.178	414.41
-7704.13	7974.02	607.193	379.049
-7704.13	7974.02	605.207	395.325
-7704.13	7974.02	603.221	383.901
-7704.13	7974.02	601.234	425.335
-7704.13	7974.02	599.247	369.877
-7704.13	7974.02	597.259	399.974
-7704.13	7974.02	595.271	406.165
-7704.13	7974.02	593.283	394.752
-7704.13	7974.02	591.294	404.711
-7704.13	7974.02	589.304	412.153
-7704.13	7974.02	587.314	383.159
-7704.13	7974.02	585.323	398.138
-7704.13	7974.02	583.332	398.041
-7704.13	7974.02	581.341	379.114
-7704.13	7974.02	579.349	380.278
-7704.13	7974.02	577.357	387.714
-7704.13	7974.02	575.364	392.637
-7704.13	7974.02	573.37	374.984
-7704.13	7974.02	571.376	382.416
-7704.13	7974.02	569.382	387.337
-7704.13	7974.02	567.387	398.522
-7704.13	7974.02	565.392	384.643
-7704.13	7974.02	563.396	394.57
-7704.13	7974.02	561.399	384.456
-7704.13	7974.02	559.403	386.866
-7704.13	7974.02	557.405	388.024
-7704.13	7974.02	555.408	410.454
-7704.13	7974.02	553.409	406.601
-7704.13	7974.02	551.411	425.263
-7704.13	7974.02	549.411	420.157
-7704.13	7974.02	547.412	426.306
-7704.13	7974.02	545.411	431.201
-7704.13	7974.02	543.411	459.835
-7704.13	7974.02	541.409	459.723
-7704.13	7974.02	539.408	454.615
-7704.13	7974.02	537.406	506.946
-7704.13	7974.02	535.403	519.305
-7704.13	7974.02	533.4	580.331
-7704.13	7974.02	531.396	623.859
-7704.13	7974.02	529.392	725.994
-7704.13	7974.02	527.387	896.67
-7704.13	7974.02	525.382	1158.28
-7704.13	7974.02	523.376	1619.2
-7704.13	7974.02	521.37	2220.71
-7704.13	7974.02	519.364	2821.93
-7704.13	7974.02	517.357	3008.07
-7704.13	7974.02	515.349	2799.37
-7704.13	7974.02	513.341	2352.98
-7704.13	7974.02	511.332	1920.51
-7704.13	7974.02	509.323	1611.44
-7704.13	7974.02	507.314	1416.97
-7704.13	7974.02	505.304	1251.2
-7704.13	7974.02	503.293	1141.47
-7704.13	7974.02	501.282	1102.65
-7704.13	7974.02	499.27	1025.33
-7704.13	7974.02	497.258	1006.43
-7704.13	7974.02	495.246	999.975
-7704.13	7974.02	493.233	906.586
-7704.13	7974.02	491.219	920.019
-7704.13	7974.02	489.205	826.696
-7704.13	7974.02	487.191	806.635
-7704.13	7974.02	485.176	746.884
-7704.13	7974.02	483.16	723.132
-7704.13	7974.02	481.144	683.271
-7704.13	7974.02	479.128	690.54
-7704.13	7974.02	477.111	691.608
-7704.13	7974.02	475.093	677.806
-7704.13	7974.02	473.075	661.533
-7704.13	7974.02	471.056	632.883
-7704.13	7974.02	469.037	622.82
-7704.13	7974.02	467.018	615.238
-7704.13	7974.02	464.998	627.461
-7704.13	7974.02	462.977	597.61
-7704.13	7974.02	460.956	597.461
-7704.13	7974.02	458.935	586.182
-7704.13	7974.02	456.913	556.363
-7704.13	7974.02	454.89	536.448
-7704.13	7974.02	452.867	562.265
-7704.13	7974.02	450.843	539.887
-7704.13	7974.02	448.819	552.103
-7704.13	7974.02	446.795	535.912
-7704.13	7974.02	444.77	533.309
-7704.13	7974.02	442.744	523.303
-7704.13	7974.02	440.718	515.768
-7704.13	7974.02	438.691	510.705
-7704.13	7974.02	436.664	505.644
-7704.13	7974.02	434.637	504.284
-7704.13	7974.02	432.608	499.227
-7704.13	7974.02	430.58	541.002
-7704.13	7974.02	428.551	505.137
-7704.13	7974.02	426.521	512.4
-7704.13	7974.02	424.491	520.892
-7704.13	7974.02	422.46	496.139
-7704.13	7974.02	420.429	504.629
-7704.13	7974.02	418.397	522.96
-7704.13	7974.02	416.365	494.534
-7704.13	7974.02	414.332	474.731
-7704.13	7974.02	412.299	507.81
-7704.13	7974.02	410.265	478.18
-7704.13	7974.02	408.231	503.867
-7704.13	7974.02	406.196	476.71
-7704.13	7974.02	404.161	502.385
-7704.13	7974.02	402.125	465.417
-7704.13	7974.02	400.089	457.933
-7704.13	7974.02	398.052	487.275
-7704.13	7974.02	396.015	484.697
-7704.13	7974.02	393.977	468.627
-7704.13	7974.02	391.938	466.055
-7704.13	7974.02	389.899	486.782
-7704.13	7974.02	387.86	491.561
-7704.13	7974.02	385.82	529.428
-7704.13	7974.02	383.78	468.033
-7704.13	7974.02	381.739	475.263
-7704.13	7974.02	379.697	489.838
-7704.13	7974.02	377.655	479.919
-7704.13	7974.02	375.613	460.213
-7704.13	7974.02	373.57	468.662
-7704.13	7974.02	371.526	489.339
-7704.13	7974.02	369.482	483.099
-7704.13	7974.02	367.437	496.426
-7704.13	7974.02	365.392	471.851
-7704.13	7974.02	363.346	477.841
-7704.13	7974.02	361.3	478.941
-7704.13	7974.02	359.254	478.819
-7704.13	7974.02	357.206	471.369
-7704.13	7974.02	355.159	470.028
-7704.13	7974.02	353.11	466.246
-7704.13	7974.02	351.062	500.293
-7704.13	7974.02	349.012	503.824
-7704.13	7974.02	346.962	490.279
-7704.13	7974.02	344.912	486.496
-7704.13	7974.02	342.861	509.531
-7704.13	7974.02	340.81	499.651
-7704.13	7974.02	338.758	483.684
-7704.13	7974.02	336.705	456.763
-7704.13	7974.02	334.652	491.959
-7704.13	7974.02	332.599	489.398
-7704.13	7974.02	330.545	468.581
-7704.13	7974.02	328.49	511.047
-7704.13	7974.02	326.435	484.153
-7704.13	7974.02	324.379	492.541
-7704.13	7974.02	322.323	498.493
-7704.13	7974.02	320.266	471.623
-7704.13	7974.02	318.209	488.514
-7704.13	7974.02	316.151	494.462
-7704.13	7974.02	314.093	490.69
-7704.13	7974.02	312.034	497.848
-7704.13	7974.02	309.975	479.51
-7704.13	7974.02	307.915	512.154
-7704.13	7974.02	305.854	503.528
-7704.13	7974.02	303.793	508.249
-7704.13	7974.02	301.732	506.904
-7704.13	7974.02	299.67	533.444
-7704.13	7974.02	297.607	521.185
-7704.13	7974.02	295.544	508.932
-7704.13	7974.02	293.48	517.279
-7704.13	7974.02	291.416	517.144
-7704.13	7974.02	289.351	490.372
-7704.13	7974.02	287.286	479.35
-7704.13	7974.02	285.22	479.224
-7704.13	7974.02	283.154	470.63
-7704.13	7974.02	281.087	460.831
-7704.13	7974.02	279.019	495.777
-7704.13	7974.02	276.951	479.932
-7704.13	7974.02	274.883	476.18
-7704.13	7974.02	272.814	463.973
-7704.13	7974.02	270.744	462.643
-7704.13	7974.02	268.674	466.144
-7704.13	7974.02	266.603	492.583
-7704.13	7974.02	264.532	470.727
-7704.13	7974.02	262.46	477.844
-7704.13	7974.02	260.388	456.003
-7704.13	7974.02	258.315	465.531
-7704.13	7974.02	256.241	446.117
-7704.13	7974.02	254.167	467.697
-7704.13	7974.02	252.093	439.856
-7704.13	7974.02	250.018	467.45
-7704.13	7974.02	247.942	437.215
-7704.13	7974.02	245.866	434.691
-7704.13	7974.02	243.789	410.5
-7704.13	7974.02	241.712	439.275
-7704.13	7974.02	239.634	434.346
-7704.13	7974.02	237.556	434.23
-7704.13	7974.02	235.477	428.102
-7704.13	7974.02	233.397	430.393
-7704.13	7974.02	231.317	431.481
-7704.13	7974.02	229.237	439.777
-7704.13	7974.02	227.155	427.647
-7704.13	7974.02	225.074	405.916
-7704.13	7974.02	222.991	443.027
-7704.13	7974.02	220.909	412.902
-7704.13	7974.02	218.825	415.192
-7704.13	7974.02	216.741	423.478
-7704.13	7974.02	214.657	420.966
-7704.13	7974.02	212.572	414.859
-7704.13	7974.02	210.486	454.304
-7704.13	7974.02	208.4	425.422
-7704.13	7974.02	206.313	394.158
-7704.13	7974.02	204.226	452.741
-7704.13	7974.02	202.138	458.607
-7704.13	7974.02	200.05	442.922
-7704.13	7974.02	197.961	455.967
-7704.13	7974.02	195.871	429.522
-7704.13	7974.02	193.781	428.211
-7704.13	7974.02	191.691	455.599
-7704.13	7974.02	189.599	408.852
-7704.13	7974.02	187.508	470.89
-7704.13	7974.02	185.415	422.969
-7704.13	7974.02	183.322	470.635
-7704.13	7974.02	181.229	449.013
-7704.13	7974.02	179.135	485.901
-7704.13	7974.02	177.04	459.512
-7704.13	7974.02	174.945	457.001
-7704.13	7974.02	172.849	456.877
-7704.13	7974.02	170.753	467.486
-7704.13	7974.02	168.656	478.089
-7704.13	7974.02	166.558	441.009
-7704.13	7974.02	164.46	477.829
-7704.13	7974.02	162.362	434.813
-7704.13	7974.02	160.263	488.287
-7704.13	7974.02	158.163	479.82
-7704.13	7974.02	156.063	476.118
-7704.13	7974.02	153.962	484.317
-7704.13	7974.02	151.86	444.927
-7704.13	7974.02	149.758	449.562
-7704.13	7974.02	147.656	457.762
-7704.13	7974.02	145.552	476.656
-7704.13	7974.02	143.449	487.22
-7704.13	7974.02	141.344	481.146
-7704.13	7974.02	139.239	485.765
-7704.13	7974.02	137.134	479.694
-7704.13	7974.02	135.028	473.627
-7704.13	7974.02	132.921	458.07
-7704.13	7974.02	130.814	455.571
-7704.13	7974.02	128.706	443.585
-7704.13	7974.02	126.598	457.691
-7704.13	7974.02	124.489	456.379
-7704.13	7974.02	122.379	447.958
-7704.13	7974.02	120.269	470.344
-7704.13	7974.02	118.158	459.554
-7704.13	7974.02	116.047	472.452
-7704.13	7974.02	113.935	454.564
-7704.13	7974.02	111.822	442.604
-7704.13	7974.02	109.709	427.101
-7704.13	7974.02	107.596	445.906
-7704.13	7974.02	105.481	418.586
-7704.13	7974.02	103.367	437.383
-7704.13	7974.02	101.251	441.989
-7704.13	7974.02	99.1351	430.051
-7704.13	7974.02	97.0184	403.946
-7704.13	7974.02	94.9012	403.833
-7704.13	7974.02	92.7834	414.344
-7704.13	7974.02	90.665	388.266
-7704.13	7974.02	88.546	389.337
-7704.13	7974.02	86.4265	386.869
-7704.13	7974.02	84.3063	411.522
-7704.13	7974.02	82.1855	383.115
-7704.13	7974.02	80.0641	368.866
-7704.13	7974.02	77.9422	380.543
