-7702.13	7982.02	1979.41	425.512
-7702.13	7982.02	1977.72	425.443
-7702.13	7982.02	1976.02	416.512
-7702.13	7982.02	1974.33	395.769
-7702.13	7982.02	1972.64	422.281
-7702.13	7982.02	1970.94	457.643
-7702.13	7982.02	1969.25	397.05
-7702.13	7982.02	1967.56	420.598
-7702.13	7982.02	1965.86	416.102
-7702.13	7982.02	1964.17	401.28
-7702.13	7982.02	1962.47	441.04
-7702.13	7982.02	1960.78	430.644
-7702.13	7982.02	1959.08	420.25
-7702.13	7982.02	1957.39	437.873
-7702.13	7982.02	1955.69	423.059
-7702.13	7982.02	1953.99	427.41
-7702.13	7982.02	1952.3	402.288
-7702.13	7982.02	1950.6	414.008
-7702.13	7982.02	1948.9	441.927
-7702.13	7982.02	1947.21	397.668
-7702.13	7982.02	1945.51	391.711
-7702.13	7982.02	1943.81	409.313
-7702.13	7982.02	1942.11	394.523
-7702.13	7982.02	1940.41	400.344
-7702.13	7982.02	1938.71	375.26
-7702.13	7982.02	1937.01	438.465
-7702.13	7982.02	1935.32	400.142
-7702.13	7982.02	1933.62	414.782
-7702.13	7982.02	1931.92	414.712
-7702.13	7982.02	1930.22	407.29
-7702.13	7982.02	1928.51	410.161
-7702.13	7982.02	1926.81	430.669
-7702.13	7982.02	1925.11	421.778
-7702.13	7982.02	1923.41	393.788
-7702.13	7982.02	1921.71	409.881
-7702.13	7982.02	1920.01	399.529
-7702.13	7982.02	1918.31	411.209
-7702.13	7982.02	1916.6	403.797
-7702.13	7982.02	1914.9	389.047
-7702.13	7982.02	1913.2	419.804
-7702.13	7982.02	1911.49	391.848
-7702.13	7982.02	1909.79	393.248
-7702.13	7982.02	1908.09	399.048
-7702.13	7982.02	1906.38	406.313
-7702.13	7982.02	1904.68	413.576
-7702.13	7982.02	1902.97	409.105
-7702.13	7982.02	1901.27	435.423
-7702.13	7982.02	1899.56	406.031
-7702.13	7982.02	1897.85	381.046
-7702.13	7982.02	1896.15	394.167
-7702.13	7982.02	1894.44	379.448
-7702.13	7982.02	1892.74	411.607
-7702.13	7982.02	1891.03	434.968
-7702.13	7982.02	1889.32	412.927
-7702.13	7982.02	1887.61	417.247
-7702.13	7982.02	1885.91	428.884
-7702.13	7982.02	1884.2	379.049
-7702.13	7982.02	1882.49	383.372
-7702.13	7982.02	1880.78	387.693
-7702.13	7982.02	1879.07	406.64
-7702.13	7982.02	1877.36	372.932
-7702.13	7982.02	1875.65	402.11
-7702.13	7982.02	1873.94	423.968
-7702.13	7982.02	1872.23	419.508
-7702.13	7982.02	1870.52	407.742
-7702.13	7982.02	1868.81	379.907
-7702.13	7982.02	1867.1	428.049
-7702.13	7982.02	1865.39	391.457
-7702.13	7982.02	1863.68	389.926
-7702.13	7982.02	1861.96	417.599
-7702.13	7982.02	1860.25	405.846
-7702.13	7982.02	1858.54	397.015
-7702.13	7982.02	1856.82	440.725
-7702.13	7982.02	1855.11	402.709
-7702.13	7982.02	1853.4	401.178
-7702.13	7982.02	1851.68	406.94
-7702.13	7982.02	1849.97	405.409
-7702.13	7982.02	1848.25	402.419
-7702.13	7982.02	1846.54	408.178
-7702.13	7982.02	1844.82	378.954
-7702.13	7982.02	1843.11	387.629
-7702.13	7982.02	1841.39	403.585
-7702.13	7982.02	1839.68	391.858
-7702.13	7982.02	1837.96	388.874
-7702.13	7982.02	1836.24	385.891
-7702.13	7982.02	1834.53	401.836
-7702.13	7982.02	1832.81	400.308
-7702.13	7982.02	1831.09	410.422
-7702.13	7982.02	1829.37	414.713
-7702.13	7982.02	1827.65	378.265
-7702.13	7982.02	1825.94	384.015
-7702.13	7982.02	1824.22	408.668
-7702.13	7982.02	1822.5	378.058
-7702.13	7982.02	1820.78	373.627
-7702.13	7982.02	1819.06	386.64
-7702.13	7982.02	1817.34	388.022
-7702.13	7982.02	1815.62	387.951
-7702.13	7982.02	1813.9	405.312
-7702.13	7982.02	1812.18	370.378
-7702.13	7982.02	1810.45	409.519
-7702.13	7982.02	1808.73	422.511
-7702.13	7982.02	1807.01	402.109
-7702.13	7982.02	1805.29	402.035
-7702.13	7982.02	1803.56	390.351
-7702.13	7982.02	1801.84	390.279
-7702.13	7982.02	1800.12	375.701
-7702.13	7982.02	1798.39	356.777
-7702.13	7982.02	1796.67	384.261
-7702.13	7982.02	1794.95	401.587
-7702.13	7982.02	1793.22	392.815
-7702.13	7982.02	1791.5	375.351
-7702.13	7982.02	1789.77	408.607
-7702.13	7982.02	1788.04	394.043
-7702.13	7982.02	1786.32	392.521
-7702.13	7982.02	1784.59	392.448
-7702.13	7982.02	1782.87	380.791
-7702.13	7982.02	1781.14	367.691
-7702.13	7982.02	1779.41	402.358
-7702.13	7982.02	1777.68	392.153
-7702.13	7982.02	1775.96	397.866
-7702.13	7982.02	1774.23	396.345
-7702.13	7982.02	1772.5	402.055
-7702.13	7982.02	1770.77	380.289
-7702.13	7982.02	1769.04	400.457
-7702.13	7982.02	1767.31	390.264
-7702.13	7982.02	1765.58	394.525
-7702.13	7982.02	1763.85	394.45
-7702.13	7982.02	1762.12	374.151
-7702.13	7982.02	1760.39	385.635
-7702.13	7982.02	1758.66	356.68
-7702.13	7982.02	1756.93	368.163
-7702.13	7982.02	1755.19	383.971
-7702.13	7982.02	1753.46	370.909
-7702.13	7982.02	1751.73	392.482
-7702.13	7982.02	1750.0	405.391
-7702.13	7982.02	1748.26	366.369
-7702.13	7982.02	1746.53	402.352
-7702.13	7982.02	1744.8	363.345
-7702.13	7982.02	1743.06	350.302
-7702.13	7982.02	1741.33	368.971
-7702.13	7982.02	1739.59	406.367
-7702.13	7982.02	1737.86	393.322
-7702.13	7982.02	1736.12	406.211
-7702.13	7982.02	1734.39	400.372
-7702.13	7982.02	1732.65	384.456
-7702.13	7982.02	1730.91	395.899
-7702.13	7982.02	1729.18	382.868
-7702.13	7982.02	1727.44	384.233
-7702.13	7982.02	1725.7	397.108
-7702.13	7982.02	1723.96	388.4
-7702.13	7982.02	1722.23	365.313
-7702.13	7982.02	1720.49	362.367
-7702.13	7982.02	1718.75	352.233
-7702.13	7982.02	1717.01	415.41
-7702.13	7982.02	1715.27	352.096
-7702.13	7982.02	1713.53	364.959
-7702.13	7982.02	1711.79	366.325
-7702.13	7982.02	1710.05	389.234
-7702.13	7982.02	1708.31	384.85
-7702.13	7982.02	1706.57	374.725
-7702.13	7982.02	1704.82	386.135
-7702.13	7982.02	1703.08	374.579
-7702.13	7982.02	1701.34	378.81
-7702.13	7982.02	1699.6	367.259
-7702.13	7982.02	1697.85	391.571
-7702.13	7982.02	1696.11	391.494
-7702.13	7982.02	1694.37	378.513
-7702.13	7982.02	1692.62	377.006
-7702.13	7982.02	1690.88	352.567
-7702.13	7982.02	1689.13	338.169
-7702.13	7982.02	1687.39	371.053
-7702.13	7982.02	1685.64	365.251
-7702.13	7982.02	1683.9	356.586
-7702.13	7982.02	1682.15	400.901
-7702.13	7982.02	1680.41	386.507
-7702.13	7982.02	1678.66	373.55
-7702.13	7982.02	1676.91	392.078
-7702.13	7982.02	1675.16	359.096
-7702.13	7982.02	1673.42	363.316
-7702.13	7982.02	1671.67	384.695
-7702.13	7982.02	1669.92	387.479
-7702.13	7982.02	1668.17	357.382
-7702.13	7982.02	1666.42	367.316
-7702.13	7982.02	1664.67	345.808
-7702.13	7982.02	1662.92	371.456
-7702.13	7982.02	1661.17	371.382
-7702.13	7982.02	1659.42	382.733
-7702.13	7982.02	1657.67	391.224
-7702.13	7982.02	1655.92	375.443
-7702.13	7982.02	1654.17	381.077
-7702.13	7982.02	1652.42	388.136
-7702.13	7982.02	1650.66	372.365
-7702.13	7982.02	1648.91	399.392
-7702.13	7982.02	1647.16	376.494
-7702.13	7982.02	1645.41	372.141
-7702.13	7982.02	1643.65	360.662
-7702.13	7982.02	1641.9	366.291
-7702.13	7982.02	1640.14	357.668
-7702.13	7982.02	1638.39	370.418
-7702.13	7982.02	1636.63	384.588
-7702.13	7982.02	1634.88	353.18
-7702.13	7982.02	1633.12	355.957
-7702.13	7982.02	1631.37	338.803
-7702.13	7982.02	1629.61	368.623
-7702.13	7982.02	1627.85	371.395
-7702.13	7982.02	1626.09	374.165
-7702.13	7982.02	1624.34	352.754
-7702.13	7982.02	1622.58	361.215
-7702.13	7982.02	1620.82	346.924
-7702.13	7982.02	1619.06	368.177
-7702.13	7982.02	1617.3	355.311
-7702.13	7982.02	1615.54	333.925
-7702.13	7982.02	1613.78	363.691
-7702.13	7982.02	1612.02	339.471
-7702.13	7982.02	1610.26	343.663
-7702.13	7982.02	1608.5	346.433
-7702.13	7982.02	1606.74	356.299
-7702.13	7982.02	1604.98	357.646
-7702.13	7982.02	1603.22	360.411
-7702.13	7982.02	1601.46	353.244
-7702.13	7982.02	1599.69	337.57
-7702.13	7982.02	1597.93	367.281
-7702.13	7982.02	1596.17	347.357
-7702.13	7982.02	1594.4	354.374
-7702.13	7982.02	1592.64	341.547
-7702.13	7982.02	1590.88	351.396
-7702.13	7982.02	1589.11	369.74
-7702.13	7982.02	1587.35	363.999
-7702.13	7982.02	1585.58	349.764
-7702.13	7982.02	1583.81	324.209
-7702.13	7982.02	1582.05	362.36
-7702.13	7982.02	1580.28	332.567
-7702.13	7982.02	1578.51	345.233
-7702.13	7982.02	1576.75	346.577
-7702.13	7982.02	1574.98	346.506
-7702.13	7982.02	1573.21	371.887
-7702.13	7982.02	1571.44	342.122
-7702.13	7982.02	1569.67	361.84
-7702.13	7982.02	1567.91	368.832
-7702.13	7982.02	1566.14	368.756
-7702.13	7982.02	1564.37	354.554
-7702.13	7982.02	1562.6	364.367
-7702.13	7982.02	1560.83	345.936
-7702.13	7982.02	1559.05	359.982
-7702.13	7982.02	1557.28	333.091
-7702.13	7982.02	1555.51	362.655
-7702.13	7982.02	1553.74	354.115
-7702.13	7982.02	1551.97	356.863
-7702.13	7982.02	1550.19	345.508
-7702.13	7982.02	1548.42	359.536
-7702.13	7982.02	1546.65	359.461
-7702.13	7982.02	1544.87	362.205
-7702.13	7982.02	1543.1	373.403
-7702.13	7982.02	1541.32	338.106
-7702.13	7982.02	1539.55	366.206
-7702.13	7982.02	1537.77	345.007
-7702.13	7982.02	1536.0	368.869
-7702.13	7982.02	1534.22	351.901
-7702.13	7982.02	1532.45	357.457
-7702.13	7982.02	1530.67	336.278
-7702.13	7982.02	1528.89	344.648
-7702.13	7982.02	1527.11	333.325
-7702.13	7982.02	1525.34	358.566
-7702.13	7982.02	1523.56	362.709
-7702.13	7982.02	1521.78	355.605
-7702.13	7982.02	1520.0	348.505
-7702.13	7982.02	1518.22	359.672
-7702.13	7982.02	1516.44	330.099
-7702.13	7982.02	1514.66	346.882
-7702.13	7982.02	1512.88	356.638
-7702.13	7982.02	1511.1	359.371
-7702.13	7982.02	1509.32	355.086
-7702.13	7982.02	1507.54	342.382
-7702.13	7982.02	1505.76	336.699
-7702.13	7982.02	1503.97	329.615
-7702.13	7982.02	1502.19	368.811
-7702.13	7982.02	1500.41	371.538
-7702.13	7982.02	1498.62	335.015
-7702.13	7982.02	1496.84	329.339
-7702.13	7982.02	1495.06	341.88
-7702.13	7982.02	1493.27	355.817
-7702.13	7982.02	1491.49	322.128
-7702.13	7982.02	1489.7	323.461
-7702.13	7982.02	1487.91	383.591
-7702.13	7982.02	1486.13	375.113
-7702.13	7982.02	1484.34	355.442
-7702.13	7982.02	1482.55	348.372
-7702.13	7982.02	1480.77	331.513
-7702.13	7982.02	1478.98	346.826
-7702.13	7982.02	1477.19	360.735
-7702.13	7982.02	1475.4	355.067
-7702.13	7982.02	1473.61	350.8
-7702.13	7982.02	1471.83	363.301
-7702.13	7982.02	1470.04	361.827
-7702.13	7982.02	1468.25	350.577
-7702.13	7982.02	1466.46	349.106
-7702.13	7982.02	1464.67	361.598
-7702.13	7982.02	1462.87	322.438
-7702.13	7982.02	1461.08	341.907
-7702.13	7982.02	1459.29	366.949
-7702.13	7982.02	1457.5	341.762
-7702.13	7982.02	1455.71	354.241
-7702.13	7982.02	1453.91	351.377
-7702.13	7982.02	1452.12	365.243
-7702.13	7982.02	1450.33	362.378
-7702.13	7982.02	1448.53	330.251
-7702.13	7982.02	1446.74	338.54
-7702.13	7982.02	1444.94	342.647
-7702.13	7982.02	1443.15	359.285
-7702.13	7982.02	1441.35	352.247
-7702.13	7982.02	1439.56	342.428
-7702.13	7982.02	1437.76	335.397
-7702.13	7982.02	1435.96	328.368
-7702.13	7982.02	1434.17	360.293
-7702.13	7982.02	1432.37	354.653
-7702.13	7982.02	1430.57	333.72
-7702.13	7982.02	1428.77	322.527
-7702.13	7982.02	1426.97	348.866
-7702.13	7982.02	1425.17	350.182
-7702.13	7982.02	1423.37	326.488
-7702.13	7982.02	1421.58	344.476
-7702.13	7982.02	1419.77	333.292
-7702.13	7982.02	1417.97	319.337
-7702.13	7982.02	1416.17	320.656
-7702.13	7982.02	1414.37	358.059
-7702.13	7982.02	1412.57	330.232
-7702.13	7982.02	1410.77	341.259
-7702.13	7982.02	1408.97	346.733
-7702.13	7982.02	1407.16	338.339
-7702.13	7982.02	1405.36	328.562
-7702.13	7982.02	1403.56	354.826
-7702.13	7982.02	1401.75	306.249
-7702.13	7982.02	1399.95	335.278
-7702.13	7982.02	1398.14	342.131
-7702.13	7982.02	1396.34	337.903
-7702.13	7982.02	1394.53	321.216
-7702.13	7982.02	1392.73	301.767
-7702.13	7982.02	1390.92	329.381
-7702.13	7982.02	1389.11	334.845
-7702.13	7982.02	1387.3	327.856
-7702.13	7982.02	1385.5	333.318
-7702.13	7982.02	1383.69	341.542
-7702.13	7982.02	1381.88	348.381
-7702.13	7982.02	1380.07	316.516
-7702.13	7982.02	1378.26	308.157
-7702.13	7982.02	1376.45	338.485
-7702.13	7982.02	1374.64	356.368
-7702.13	7982.02	1372.83	389.434
-7702.13	7982.02	1371.02	345.169
-7702.13	7982.02	1369.21	351.996
-7702.13	7982.02	1367.4	335.359
-7702.13	7982.02	1365.59	355.983
-7702.13	7982.02	1363.78	340.732
-7702.13	7982.02	1361.96	335.141
-7702.13	7982.02	1360.15	325.416
-7702.13	7982.02	1358.34	310.181
-7702.13	7982.02	1356.52	318.384
-7702.13	7982.02	1354.71	345.874
-7702.13	7982.02	1352.89	321.001
-7702.13	7982.02	1351.08	341.592
-7702.13	7982.02	1349.26	326.37
-7702.13	7982.02	1347.45	344.198
-7702.13	7982.02	1345.63	349.629
-7702.13	7982.02	1343.81	330.286
-7702.13	7982.02	1342.0	304.072
-7702.13	7982.02	1340.18	338.396
-7702.13	7982.02	1338.36	308.066
-7702.13	7982.02	1336.54	313.499
-7702.13	7982.02	1334.73	327.178
-7702.13	7982.02	1332.91	343.599
-7702.13	7982.02	1331.09	373.754
-7702.13	7982.02	1329.27	317.347
-7702.13	7982.02	1327.45	329.64
-7702.13	7982.02	1325.63	355.659
-7702.13	7982.02	1323.81	332.242
-7702.13	7982.02	1321.98	337.66
-7702.13	7982.02	1320.16	314.257
-7702.13	7982.02	1318.34	315.56
-7702.13	7982.02	1316.52	299.031
-7702.13	7982.02	1314.7	331.879
-7702.13	7982.02	1312.87	337.291
-7702.13	7982.02	1311.05	316.655
-7702.13	7982.02	1309.22	320.698
-7702.13	7982.02	1307.4	304.185
-7702.13	7982.02	1305.57	316.448
-7702.13	7982.02	1303.75	321.857
-7702.13	7982.02	1301.92	319.048
-7702.13	7982.02	1300.1	309.395
-7702.13	7982.02	1298.27	333.964
-7702.13	7982.02	1296.44	302.417
-7702.13	7982.02	1294.62	314.664
-7702.13	7982.02	1292.79	346.055
-7702.13	7982.02	1290.96	339.141
-7702.13	7982.02	1289.13	344.536
-7702.13	7982.02	1287.3	328.057
-7702.13	7982.02	1285.47	319.785
-7702.13	7982.02	1283.64	303.32
-7702.13	7982.02	1281.81	334.671
-7702.13	7982.02	1279.98	319.575
-7702.13	7982.02	1278.15	333.159
-7702.13	7982.02	1276.32	323.53
-7702.13	7982.02	1274.49	345.295
-7702.13	7982.02	1272.66	328.845
-7702.13	7982.02	1270.82	320.588
-7702.13	7982.02	1268.99	325.973
-7702.13	7982.02	1267.16	312.265
-7702.13	7982.02	1265.32	319.013
-7702.13	7982.02	1263.49	328.484
-7702.13	7982.02	1261.66	314.784
-7702.13	7982.02	1259.82	322.889
-7702.13	7982.02	1257.98	322.818
-7702.13	7982.02	1256.15	348.621
-7702.13	7982.02	1254.31	337.652
-7702.13	7982.02	1252.48	334.855
-7702.13	7982.02	1250.64	318.451
-7702.13	7982.02	1248.8	334.708
-7702.13	7982.02	1246.96	296.545
-7702.13	7982.02	1245.13	337.28
-7702.13	7982.02	1243.29	295.055
-7702.13	7982.02	1241.45	326.255
-7702.13	7982.02	1239.61	305.797
-7702.13	7982.02	1237.77	324.752
-7702.13	7982.02	1235.93	311.096
-7702.13	7982.02	1234.09	317.818
-7702.13	7982.02	1232.25	308.242
-7702.13	7982.02	1230.41	329.895
-7702.13	7982.02	1228.56	320.321
-7702.13	7982.02	1226.72	325.678
-7702.13	7982.02	1224.88	316.109
-7702.13	7982.02	1223.04	318.752
-7702.13	7982.02	1221.19	324.106
-7702.13	7982.02	1219.35	317.255
-7702.13	7982.02	1217.5	317.185
-7702.13	7982.02	1215.66	321.18
-7702.13	7982.02	1213.81	331.948
-7702.13	7982.02	1211.97	319.683
-7702.13	7982.02	1210.12	334.509
-7702.13	7982.02	1208.28	335.789
-7702.13	7982.02	1206.43	327.592
-7702.13	7982.02	1204.58	309.925
-7702.13	7982.02	1202.73	290.913
-7702.13	7982.02	1200.89	319.257
-7702.13	7982.02	1199.04	320.538
-7702.13	7982.02	1197.19	313.706
-7702.13	7982.02	1195.34	324.451
-7702.13	7982.02	1193.49	313.566
-7702.13	7982.02	1191.64	336.468
-7702.13	7982.02	1189.79	309.374
-7702.13	7982.02	1187.94	330.916
-7702.13	7982.02	1186.09	325.441
-7702.13	7982.02	1184.23	311.867
-7702.13	7982.02	1182.38	346.892
-7702.13	7982.02	1180.53	321.175
-7702.13	7982.02	1178.68	338.642
-7702.13	7982.02	1176.82	308.892
-7702.13	7982.02	1174.97	307.474
-7702.13	7982.02	1173.12	297.968
-7702.13	7982.02	1171.26	315.425
-7702.13	7982.02	1169.41	309.964
-7702.13	7982.02	1167.55	320.673
-7702.13	7982.02	1165.69	323.296
-7702.13	7982.02	1163.84	300.329
-7702.13	7982.02	1161.98	327.191
-7702.13	7982.02	1160.12	305.579
-7702.13	7982.02	1158.27	304.165
-7702.13	7982.02	1156.41	333.699
-7702.13	7982.02	1154.55	324.208
-7702.13	7982.02	1152.69	313.375
-7702.13	7982.02	1150.83	306.582
-7702.13	7982.02	1148.97	323.99
-7702.13	7982.02	1147.11	330.638
-7702.13	7982.02	1145.25	313.095
-7702.13	7982.02	1143.39	325.116
-7702.13	7982.02	1141.53	321.013
-7702.13	7982.02	1139.67	338.399
-7702.13	7982.02	1137.81	316.842
-7702.13	7982.02	1135.94	318.113
-7702.13	7982.02	1134.08	300.596
-7702.13	7982.02	1132.22	330.045
-7702.13	7982.02	1130.35	327.288
-7702.13	7982.02	1128.49	329.897
-7702.13	7982.02	1126.62	332.505
-7702.13	7982.02	1124.76	339.132
-7702.13	7982.02	1122.89	345.757
-7702.13	7982.02	1121.03	324.241
-7702.13	7982.02	1119.16	329.527
-7702.13	7982.02	1117.3	318.739
-7702.13	7982.02	1115.43	320.006
-7702.13	7982.02	1113.56	321.273
-7702.13	7982.02	1111.69	327.892
-7702.13	7982.02	1109.82	321.128
-7702.13	7982.02	1107.96	325.069
-7702.13	7982.02	1106.09	334.358
-7702.13	7982.02	1104.22	307.54
-7702.13	7982.02	1102.35	335.544
-7702.13	7982.02	1100.48	318.094
-7702.13	7982.02	1098.61	340.738
-7702.13	7982.02	1096.73	360.7
-7702.13	7982.02	1094.86	304.523
-7702.13	7982.02	1092.99	300.448
-7702.13	7982.02	1091.12	327.081
-7702.13	7982.02	1089.24	297.643
-7702.13	7982.02	1087.37	304.248
-7702.13	7982.02	1085.5	334.864
-7702.13	7982.02	1083.62	309.446
-7702.13	7982.02	1081.75	318.711
-7702.13	7982.02	1079.87	317.305
-7702.13	7982.02	1078.0	318.567
-7702.13	7982.02	1076.12	299.838
-7702.13	7982.02	1074.24	335.743
-7702.13	7982.02	1072.37	329.007
-7702.13	7982.02	1070.49	316.947
-7702.13	7982.02	1068.61	328.858
-7702.13	7982.02	1066.73	314.141
-7702.13	7982.02	1064.86	310.078
-7702.13	7982.02	1062.98	327.304
-7702.13	7982.02	1061.1	320.579
-7702.13	7982.02	1059.22	307.208
-7702.13	7982.02	1057.34	337.719
-7702.13	7982.02	1055.46	372.204
-7702.13	7982.02	1053.58	329.592
-7702.13	7982.02	1051.69	341.476
-7702.13	7982.02	1049.81	330.771
-7702.13	7982.02	1047.93	374.523
-7702.13	7982.02	1046.05	334.604
-7702.13	7982.02	1044.16	317.271
-7702.13	7982.02	1042.28	331.798
-7702.13	7982.02	1040.4	321.108
-7702.13	7982.02	1038.51	350.22
-7702.13	7982.02	1036.63	319.636
-7702.13	7982.02	1034.74	373.929
-7702.13	7982.02	1032.86	330.096
-7702.13	7982.02	1030.97	312.791
-7702.13	7982.02	1029.08	328.621
-7702.13	7982.02	1027.2	373.589
-7702.13	7982.02	1025.31	332.445
-7702.13	7982.02	1023.42	345.611
-7702.13	7982.02	1021.53	345.533
-7702.13	7982.02	1019.64	369.279
-7702.13	7982.02	1017.75	361.255
-7702.13	7982.02	1015.86	373.08
-7702.13	7982.02	1013.97	346.541
-7702.13	7982.02	1012.08	367.62
-7702.13	7982.02	1010.19	407.199
-7702.13	7982.02	1008.3	387.279
-7702.13	7982.02	1006.41	354.154
-7702.13	7982.02	1004.52	364.643
-7702.13	7982.02	1002.62	393.619
-7702.13	7982.02	1000.73	372.4
-7702.13	7982.02	998.837	376.276
-7702.13	7982.02	996.943	388.07
-7702.13	7982.02	995.049	398.539
-7702.13	7982.02	993.154	398.448
-7702.13	7982.02	991.258	411.547
-7702.13	7982.02	989.363	415.41
-7702.13	7982.02	987.467	420.589
-7702.13	7982.02	985.57	409.947
-7702.13	7982.02	983.673	404.582
-7702.13	7982.02	981.776	424.253
-7702.13	7982.02	979.878	450.501
-7702.13	7982.02	977.979	470.153
-7702.13	7982.02	976.081	448.979
-7702.13	7982.02	974.181	419.916
-7702.13	7982.02	972.282	436.929
-7702.13	7982.02	970.382	474.986
-7702.13	7982.02	968.481	428.836
-7702.13	7982.02	966.58	455.041
-7702.13	7982.02	964.679	452.307
-7702.13	7982.02	962.777	464.035
-7702.13	7982.02	960.875	473.128
-7702.13	7982.02	958.972	454.624
-7702.13	7982.02	957.069	459.775
-7702.13	7982.02	955.166	436.029
-7702.13	7982.02	953.262	428.051
-7702.13	7982.02	951.357	447.644
-7702.13	7982.02	949.452	481.665
-7702.13	7982.02	947.547	440.878
-7702.13	7982.02	945.641	470.949
-7702.13	7982.02	943.735	441.987
-7702.13	7982.02	941.829	453.687
-7702.13	7982.02	939.922	453.583
-7702.13	7982.02	938.014	461.342
-7702.13	7982.02	936.106	467.788
-7702.13	7982.02	934.198	429.689
-7702.13	7982.02	932.289	432.21
-7702.13	7982.02	930.38	416.398
-7702.13	7982.02	928.47	414.993
-7702.13	7982.02	926.56	422.75
-7702.13	7982.02	924.649	425.27
-7702.13	7982.02	922.738	421.247
-7702.13	7982.02	920.827	430.306
-7702.13	7982.02	918.915	436.745
-7702.13	7982.02	917.003	402.654
-7702.13	7982.02	915.09	381.649
-7702.13	7982.02	913.177	398.548
-7702.13	7982.02	911.263	398.457
-7702.13	7982.02	909.349	368.324
-7702.13	7982.02	907.435	386.521
-7702.13	7982.02	905.52	396.876
-7702.13	7982.02	903.604	382.427
-7702.13	7982.02	901.688	375.814
-7702.13	7982.02	899.772	367.9
-7702.13	7982.02	897.855	376.945
-7702.13	7982.02	895.938	392.506
-7702.13	7982.02	894.021	388.504
-7702.13	7982.02	892.103	384.504
-7702.13	7982.02	890.184	371.384
-7702.13	7982.02	888.265	393.446
-7702.13	7982.02	886.346	371.213
-7702.13	7982.02	884.426	367.22
-7702.13	7982.02	882.506	359.324
-7702.13	7982.02	880.585	382.669
-7702.13	7982.02	878.664	374.773
-7702.13	7982.02	876.742	370.783
-7702.13	7982.02	874.82	377.201
-7702.13	7982.02	872.898	403.121
-7702.13	7982.02	870.975	377.026
-7702.13	7982.02	869.051	396.436
-7702.13	7982.02	867.127	376.852
-7702.13	7982.02	865.203	370.268
-7702.13	7982.02	863.278	385.769
-7702.13	7982.02	861.353	361.006
-7702.13	7982.02	859.428	366.116
-7702.13	7982.02	857.502	376.415
-7702.13	7982.02	855.575	365.946
-7702.13	7982.02	853.648	363.266
-7702.13	7982.02	851.721	391.718
-7702.13	7982.02	849.793	390.33
-7702.13	7982.02	847.865	378.571
-7702.13	7982.02	845.936	381.075
-7702.13	7982.02	844.007	399.129
-7702.13	7982.02	842.077	402.923
-7702.13	7982.02	840.147	396.353
-7702.13	7982.02	838.216	401.44
-7702.13	7982.02	836.285	385.811
-7702.13	7982.02	834.354	383.132
-7702.13	7982.02	832.422	375.279
-7702.13	7982.02	830.49	373.898
-7702.13	7982.02	828.557	386.745
-7702.13	7982.02	826.624	371.137
-7702.13	7982.02	824.69	363.294
-7702.13	7982.02	822.756	364.501
-7702.13	7982.02	820.821	368.293
-7702.13	7982.02	818.886	385.003
-7702.13	7982.02	816.951	361.663
-7702.13	7982.02	815.015	352.539
-7702.13	7982.02	813.078	378.278
-7702.13	7982.02	811.141	404.005
-7702.13	7982.02	809.204	402.62
-7702.13	7982.02	807.266	374.143
-7702.13	7982.02	805.328	386.954
-7702.13	7982.02	803.389	379.126
-7702.13	7982.02	801.45	376.459
-7702.13	7982.02	799.511	385.393
-7702.13	7982.02	797.571	398.19
-7702.13	7982.02	795.63	381.348
-7702.13	7982.02	793.689	394.139
-7702.13	7982.02	791.748	400.486
-7702.13	7982.02	789.806	405.542
-7702.13	7982.02	787.864	387.427
-7702.13	7982.02	785.921	404.065
-7702.13	7982.02	783.978	362.801
-7702.13	7982.02	782.034	374.292
-7702.13	7982.02	780.09	370.347
-7702.13	7982.02	778.145	361.26
-7702.13	7982.02	776.2	362.461
-7702.13	7982.02	774.255	380.366
-7702.13	7982.02	772.309	376.423
-7702.13	7982.02	770.362	359.637
-7702.13	7982.02	768.416	353.132
-7702.13	7982.02	766.468	372.306
-7702.13	7982.02	764.52	399.172
-7702.13	7982.02	762.572	374.697
-7702.13	7982.02	760.624	368.195
-7702.13	7982.02	758.674	355.282
-7702.13	7982.02	756.725	355.199
-7702.13	7982.02	754.775	366.653
-7702.13	7982.02	752.824	384.51
-7702.13	7982.02	750.873	379.294
-7702.13	7982.02	748.922	368.956
-7702.13	7982.02	746.97	375.273
-7702.13	7982.02	745.017	386.709
-7702.13	7982.02	743.065	386.618
-7702.13	7982.02	741.111	375.008
-7702.13	7982.02	739.158	373.64
-7702.13	7982.02	737.203	377.39
-7702.13	7982.02	735.249	365.79
-7702.13	7982.02	733.294	372.097
-7702.13	7982.02	731.338	386.071
-7702.13	7982.02	729.382	354.028
-7702.13	7982.02	727.425	364.166
-7702.13	7982.02	725.468	385.797
-7702.13	7982.02	723.511	355.054
-7702.13	7982.02	721.553	375.4
-7702.13	7982.02	719.595	376.588
-7702.13	7982.02	717.636	363.736
-7702.13	7982.02	715.676	384.065
-7702.13	7982.02	713.717	358.461
-7702.13	7982.02	711.756	394.086
-7702.13	7982.02	709.796	379.967
-7702.13	7982.02	707.835	378.602
-7702.13	7982.02	705.873	373.415
-7702.13	7982.02	703.911	368.229
-7702.13	7982.02	701.948	366.868
-7702.13	7982.02	699.985	373.149
-7702.13	7982.02	698.022	387.066
-7702.13	7982.02	696.058	378.063
-7702.13	7982.02	694.093	386.882
-7702.13	7982.02	692.129	374.067
-7702.13	7982.02	690.163	366.345
-7702.13	7982.02	688.197	358.628
-7702.13	7982.02	686.231	401.771
-7702.13	7982.02	684.264	362.271
-7702.13	7982.02	682.297	393.955
-7702.13	7982.02	680.329	390.05
-7702.13	7982.02	678.361	401.389
-7702.13	7982.02	676.393	406.373
-7702.13	7982.02	674.423	378.344
-7702.13	7982.02	672.454	373.177
-7702.13	7982.02	670.484	388.316
-7702.13	7982.02	668.513	414.866
-7702.13	7982.02	666.542	389.399
-7702.13	7982.02	664.571	363.944
-7702.13	7982.02	662.599	413.301
-7702.13	7982.02	660.627	385.318
-7702.13	7982.02	658.654	408.035
-7702.13	7982.02	656.68	404.137
-7702.13	7982.02	654.707	376.175
-7702.13	7982.02	652.732	401.411
-7702.13	7982.02	650.758	387.389
-7702.13	7982.02	648.782	396.156
-7702.13	7982.02	646.807	399.857
-7702.13	7982.02	644.83	389.641
-7702.13	7982.02	642.854	370.576
-7702.13	7982.02	640.877	385.661
-7702.13	7982.02	638.899	412.115
-7702.13	7982.02	636.921	413.28
-7702.13	7982.02	634.942	414.445
-7702.13	7982.02	632.963	424.451
-7702.13	7982.02	630.984	391.513
-7702.13	7982.02	629.004	393.944
-7702.13	7982.02	627.023	401.423
-7702.13	7982.02	625.042	398.803
-7702.13	7982.02	623.061	398.707
-7702.13	7982.02	621.079	408.702
-7702.13	7982.02	619.097	394.732
-7702.13	7982.02	617.114	376.985
-7702.13	7982.02	615.131	409.668
-7702.13	7982.02	613.147	412.089
-7702.13	7982.02	611.163	395.611
-7702.13	7982.02	609.178	381.66
-7702.13	7982.02	607.193	425.644
-7702.13	7982.02	605.207	394.066
-7702.13	7982.02	603.221	407.816
-7702.13	7982.02	601.234	407.718
-7702.13	7982.02	599.247	384.974
-7702.13	7982.02	597.259	412.552
-7702.13	7982.02	595.271	392.333
-7702.13	7982.02	593.283	394.752
-7702.13	7982.02	591.294	394.656
-7702.13	7982.02	589.304	409.64
-7702.13	7982.02	587.314	394.465
-7702.13	7982.02	585.323	394.37
-7702.13	7982.02	583.332	379.206
-7702.13	7982.02	581.341	375.348
-7702.13	7982.02	579.349	401.613
-7702.13	7982.02	577.357	399.006
-7702.13	7982.02	575.364	372.566
-7702.13	7982.02	573.37	396.304
-7702.13	7982.02	571.376	368.624
-7702.13	7982.02	569.382	368.534
-7702.13	7982.02	567.387	397.269
-7702.13	7982.02	565.392	377.126
-7702.13	7982.02	563.396	389.56
-7702.13	7982.02	561.399	399.483
-7702.13	7982.02	559.403	423.174
-7702.13	7982.02	557.405	403.044
-7702.13	7982.02	555.408	405.448
-7702.13	7982.02	553.409	416.609
-7702.13	7982.02	551.411	407.752
-7702.13	7982.02	549.411	437.664
-7702.13	7982.02	547.412	432.556
-7702.13	7982.02	545.411	457.448
-7702.13	7982.02	543.411	439.842
-7702.13	7982.02	541.409	464.72
-7702.13	7982.02	539.408	474.598
-7702.13	7982.02	537.406	521.93
-7702.13	7982.02	535.403	511.815
-7702.13	7982.02	533.4	555.371
-7702.13	7982.02	531.396	645.071
-7702.13	7982.02	529.392	711.025
-7702.13	7982.02	527.387	920.365
-7702.13	7982.02	525.382	1193.19
-7702.13	7982.02	523.376	1686.51
-7702.13	7982.02	521.37	2393.93
-7702.13	7982.02	519.364	2895.43
-7702.13	7982.02	517.357	3015.54
-7702.13	7982.02	515.349	2789.41
-7702.13	7982.02	513.341	2336.8
-7702.13	7982.02	511.332	1885.66
-7702.13	7982.02	509.323	1671.16
-7702.13	7982.02	507.314	1429.41
-7702.13	7982.02	505.304	1286.03
-7702.13	7982.02	503.293	1196.18
-7702.13	7982.02	501.282	1079.03
-7702.13	7982.02	499.27	1042.73
-7702.13	7982.02	497.258	1032.53
-7702.13	7982.02	495.246	995.007
-7702.13	7982.02	493.233	946.327
-7702.13	7982.02	491.219	898.912
-7702.13	7982.02	489.205	824.213
-7702.13	7982.02	487.191	774.37
-7702.13	7982.02	485.176	760.531
-7702.13	7982.02	483.16	762.823
-7702.13	7982.02	481.144	715.512
-7702.13	7982.02	479.128	695.499
-7702.13	7982.02	477.111	690.369
-7702.13	7982.02	475.093	662.937
-7702.13	7982.02	473.075	657.817
-7702.13	7982.02	471.056	636.598
-7702.13	7982.02	469.037	635.202
-7702.13	7982.02	467.018	633.806
-7702.13	7982.02	464.998	594.046
-7702.13	7982.02	462.977	616.169
-7702.13	7982.02	460.956	586.328
-7702.13	7982.02	458.935	596.076
-7702.13	7982.02	456.913	560.072
-7702.13	7982.02	454.89	584.654
-7702.13	7982.02	452.867	552.379
-7702.13	7982.02	450.843	538.651
-7702.13	7982.02	448.819	528.636
-7702.13	7982.02	446.795	524.799
-7702.13	7982.02	444.77	523.433
-7702.13	7982.02	442.744	551.689
-7702.13	7982.02	440.718	519.47
-7702.13	7982.02	438.691	539.077
-7702.13	7982.02	436.664	529.076
-7702.13	7982.02	434.637	505.517
-7702.13	7982.02	432.608	505.39
-7702.13	7982.02	430.58	502.799
-7702.13	7982.02	428.551	501.441
-7702.13	7982.02	426.521	511.169
-7702.13	7982.02	424.491	527.049
-7702.13	7982.02	422.46	509.681
-7702.13	7982.02	420.429	467.705
-7702.13	7982.02	418.397	521.729
-7702.13	7982.02	416.365	504.375
-7702.13	7982.02	414.332	488.26
-7702.13	7982.02	412.299	486.908
-7702.13	7982.02	410.265	480.639
-7702.13	7982.02	408.231	498.951
-7702.13	7982.02	406.196	490.225
-7702.13	7982.02	404.161	470.448
-7702.13	7982.02	402.125	503.486
-7702.13	7982.02	400.089	482.487
-7702.13	7982.02	398.052	467.637
-7702.13	7982.02	396.015	477.335
-7702.13	7982.02	393.977	475.987
-7702.13	7982.02	391.938	463.602
-7702.13	7982.02	389.899	474.52
-7702.13	7982.02	387.86	478.077
-7702.13	7982.02	385.82	475.505
-7702.13	7982.02	383.78	480.285
-7702.13	7982.02	381.739	476.488
-7702.13	7982.02	379.697	486.164
-7702.13	7982.02	377.655	493.386
-7702.13	7982.02	375.613	495.708
-7702.13	7982.02	373.57	483.346
-7702.13	7982.02	371.526	480.776
-7702.13	7982.02	369.482	476.984
-7702.13	7982.02	367.437	470.749
-7702.13	7982.02	365.392	474.296
-7702.13	7982.02	363.346	471.731
-7702.13	7982.02	361.3	482.606
-7702.13	7982.02	359.254	443.396
-7702.13	7982.02	357.206	462.821
-7702.13	7982.02	355.159	457.819
-7702.13	7982.02	353.11	472.348
-7702.13	7982.02	351.062	469.787
-7702.13	7982.02	349.012	470.886
-7702.13	7982.02	346.962	500.036
-7702.13	7982.02	344.912	492.592
-7702.13	7982.02	342.861	487.59
-7702.13	7982.02	340.81	474.059
-7702.13	7982.02	338.758	486.121
-7702.13	7982.02	336.705	496.958
-7702.13	7982.02	334.652	478.564
-7702.13	7982.02	332.599	471.136
-7702.13	7982.02	330.545	484.403
-7702.13	7982.02	328.49	472.11
-7702.13	7982.02	326.435	508.482
-7702.13	7982.02	324.379	474.299
-7702.13	7982.02	322.323	483.903
-7702.13	7982.02	320.266	480.131
-7702.13	7982.02	318.209	483.653
-7702.13	7982.02	316.151	477.453
-7702.13	7982.02	314.093	479.759
-7702.13	7982.02	312.034	497.848
-7702.13	7982.02	309.975	497.719
-7702.13	7982.02	307.915	473.318
-7702.13	7982.02	305.854	497.461
-7702.13	7982.02	303.793	515.527
-7702.13	7982.02	301.732	500.841
-7702.13	7982.02	299.67	481.312
-7702.13	7982.02	297.607	494.52
-7702.13	7982.02	295.544	493.179
-7702.13	7982.02	293.48	512.434
-7702.13	7982.02	291.416	507.455
-7702.13	7982.02	289.351	490.372
-7702.13	7982.02	287.286	492.665
-7702.13	7982.02	285.22	490.116
-7702.13	7982.02	283.154	474.26
-7702.13	7982.02	281.087	493.488
-7702.13	7982.02	279.019	466.756
-7702.13	7982.02	276.951	469.052
-7702.13	7982.02	274.883	479.806
-7702.13	7982.02	272.814	463.973
-7702.13	7982.02	270.744	489.218
-7702.13	7982.02	268.674	473.39
-7702.13	7982.02	266.603	498.619
-7702.13	7982.02	264.532	490.039
-7702.13	7982.02	262.46	471.81
-7702.13	7982.02	260.388	452.384
-7702.13	7982.02	258.315	475.18
-7702.13	7982.02	256.241	444.911
-7702.13	7982.02	254.167	444.794
-7702.13	7982.02	252.093	445.882
-7702.13	7982.02	250.018	454.197
-7702.13	7982.02	247.942	438.419
-7702.13	7982.02	245.866	433.487
-7702.13	7982.02	243.789	441.799
-7702.13	7982.02	241.712	447.699
-7702.13	7982.02	239.634	441.565
-7702.13	7982.02	237.556	449.867
-7702.13	7982.02	235.477	448.546
-7702.13	7982.02	233.397	427.989
-7702.13	7982.02	231.317	449.509
-7702.13	7982.02	229.237	432.567
-7702.13	7982.02	227.155	444.465
-7702.13	7982.02	225.074	432.337
-7702.13	7982.02	222.991	420.216
-7702.13	7982.02	220.909	409.301
-7702.13	7982.02	218.825	423.591
-7702.13	7982.02	216.741	445.072
-7702.13	7982.02	214.657	405.375
-7702.13	7982.02	212.572	453.227
-7702.13	7982.02	210.486	441.119
-7702.13	7982.02	208.4	432.612
-7702.13	7982.02	206.313	419.317
-7702.13	7982.02	204.226	437.171
-7702.13	7982.02	202.138	447.83
-7702.13	7982.02	200.05	423.768
-7702.13	7982.02	197.961	449.983
-7702.13	7982.02	195.871	417.558
-7702.13	7982.02	193.781	421.034
-7702.13	7982.02	191.691	449.62
-7702.13	7982.02	189.599	449.498
-7702.13	7982.02	187.508	421.889
-7702.13	7982.02	185.415	437.307
-7702.13	7982.02	183.322	427.633
-7702.13	7982.02	181.229	468.12
-7702.13	7982.02	179.135	450.085
-7702.13	7982.02	177.04	457.124
-7702.13	7982.02	174.945	462.967
-7702.13	7982.02	172.849	444.948
-7702.13	7982.02	170.753	441.249
-7702.13	7982.02	168.656	449.475
-7702.13	7982.02	166.558	458.888
-7702.13	7982.02	164.46	477.829
-7702.13	7982.02	162.362	474.125
-7702.13	7982.02	160.263	477.569
-7702.13	7982.02	158.163	494.107
-7702.13	7982.02	156.063	483.259
-7702.13	7982.02	153.962	458.138
-7702.13	7982.02	151.86	482.995
-7702.13	7982.02	149.758	487.621
-7702.13	7982.02	147.656	467.274
-7702.13	7982.02	145.552	450.505
-7702.13	7982.02	143.449	462.265
-7702.13	7982.02	141.344	445.506
-7702.13	7982.02	139.239	466.762
-7702.13	7982.02	137.134	476.132
-7702.13	7982.02	135.028	461.757
-7702.13	7982.02	132.921	458.07
-7702.13	7982.02	130.814	486.417
-7702.13	7982.02	128.706	480.352
-7702.13	7982.02	126.598	481.406
-7702.13	7982.02	124.489	469.419
-7702.13	7982.02	122.379	496.546
-7702.13	7982.02	120.269	459.681
-7702.13	7982.02	118.158	483.242
-7702.13	7982.02	116.047	432.193
-7702.13	7982.02	113.935	433.257
-7702.13	7982.02	111.822	454.438
-7702.13	7982.02	109.709	473.242
-7702.13	7982.02	107.596	445.906
-7702.13	7982.02	105.481	438.688
-7702.13	7982.02	103.367	443.294
-7702.13	7982.02	101.251	418.353
-7702.13	7982.02	99.1351	398.151
-7702.13	7982.02	97.0184	419.301
-7702.13	7982.02	94.9012	421.545
-7702.13	7982.02	92.7834	421.427
-7702.13	7982.02	90.665	398.887
-7702.13	7982.02	88.546	368.1
-7702.13	7982.02	86.4265	398.663
-7702.13	7982.02	84.3063	383.223
-7702.13	7982.02	82.1855	392.546
-7702.13	7982.02	80.0641	407.756
-7702.13	7982.02	77.9422	377.009
