-7734.13	7968.02	1979.41	412.215
-7734.13	7968.02	1977.72	453.51
-7734.13	7968.02	1976.02	410.604
-7734.13	7968.02	1974.33	416.444
-7734.13	7968.02	1972.64	389.798
-7734.13	7968.02	1970.94	398.592
-7734.13	7968.02	1969.25	417.715
-7734.13	7968.02	1967.56	399.937
-7734.13	7968.02	1965.86	417.577
-7734.13	7968.02	1964.17	452.916
-7734.13	7968.02	1962.47	415.964
-7734.13	7968.02	1960.78	417.37
-7734.13	7968.02	1959.08	429.098
-7734.13	7968.02	1957.39	406.912
-7734.13	7968.02	1955.69	417.163
-7734.13	7968.02	1953.99	427.41
-7734.13	7968.02	1952.3	430.286
-7734.13	7968.02	1950.6	406.641
-7734.13	7968.02	1948.9	421.304
-7734.13	7968.02	1947.21	403.559
-7734.13	7968.02	1945.51	434.416
-7734.13	7968.02	1943.81	425.509
-7734.13	7968.02	1942.11	406.3
-7734.13	7968.02	1940.41	423.894
-7734.13	7968.02	1938.71	432.652
-7734.13	7968.02	1937.01	413.452
-7734.13	7968.02	1935.32	428.093
-7734.13	7968.02	1933.62	444.2
-7734.13	7968.02	1931.92	414.712
-7734.13	7968.02	1930.22	414.642
-7734.13	7968.02	1928.51	416.041
-7734.13	7968.02	1926.81	446.838
-7734.13	7968.02	1925.11	420.308
-7734.13	7968.02	1923.41	427.584
-7734.13	7968.02	1921.71	420.165
-7734.13	7968.02	1920.01	439.188
-7734.13	7968.02	1918.31	412.678
-7734.13	7968.02	1916.6	415.544
-7734.13	7968.02	1914.9	399.323
-7734.13	7968.02	1913.2	399.255
-7734.13	7968.02	1911.49	422.667
-7734.13	7968.02	1909.79	404.986
-7734.13	7968.02	1908.09	432.791
-7734.13	7968.02	1906.38	398.979
-7734.13	7968.02	1904.68	410.642
-7734.13	7968.02	1902.97	401.773
-7734.13	7968.02	1901.27	444.22
-7734.13	7968.02	1899.56	403.099
-7734.13	7968.02	1897.85	401.564
-7734.13	7968.02	1896.15	395.632
-7734.13	7968.02	1894.44	410.214
-7734.13	7968.02	1892.74	405.748
-7734.13	7968.02	1891.03	412.999
-7734.13	7968.02	1889.32	409.999
-7734.13	7968.02	1887.61	396.75
-7734.13	7968.02	1885.91	414.246
-7734.13	7968.02	1884.2	381.976
-7734.13	7968.02	1882.49	433.122
-7734.13	7968.02	1880.78	387.693
-7734.13	7968.02	1879.07	419.805
-7734.13	7968.02	1877.36	413.881
-7734.13	7968.02	1875.65	422.581
-7734.13	7968.02	1873.94	407.886
-7734.13	7968.02	1872.23	442.895
-7734.13	7968.02	1870.52	388.743
-7734.13	7968.02	1868.81	413.514
-7734.13	7968.02	1867.1	435.354
-7734.13	7968.02	1865.39	397.299
-7734.13	7968.02	1863.68	411.832
-7734.13	7968.02	1861.96	413.219
-7734.13	7968.02	1860.25	386.867
-7734.13	7968.02	1858.54	399.935
-7734.13	7968.02	1856.82	437.806
-7734.13	7968.02	1855.11	404.168
-7734.13	7968.02	1853.4	405.555
-7734.13	7968.02	1851.68	406.94
-7734.13	7968.02	1849.97	405.409
-7734.13	7968.02	1848.25	400.961
-7734.13	7968.02	1846.54	383.396
-7734.13	7968.02	1844.82	387.699
-7734.13	7968.02	1843.11	393.458
-7734.13	7968.02	1841.39	391.93
-7734.13	7968.02	1839.68	390.402
-7734.13	7968.02	1837.96	394.7
-7734.13	7968.02	1836.24	403.366
-7734.13	7968.02	1834.53	416.396
-7734.13	7968.02	1832.81	398.852
-7734.13	7968.02	1831.09	424.976
-7734.13	7968.02	1829.37	385.61
-7734.13	7968.02	1827.65	397.179
-7734.13	7968.02	1825.94	394.197
-7734.13	7968.02	1824.22	392.67
-7734.13	7968.02	1822.5	398.415
-7734.13	7968.02	1820.78	420.149
-7734.13	7968.02	1819.06	392.454
-7734.13	7968.02	1817.34	379.303
-7734.13	7968.02	1815.62	402.481
-7734.13	7968.02	1813.9	399.501
-7734.13	7968.02	1812.18	387.808
-7734.13	7968.02	1810.45	424.041
-7734.13	7968.02	1808.73	384.761
-7734.13	7968.02	1807.01	423.884
-7734.13	7968.02	1805.29	396.229
-7734.13	7968.02	1803.56	390.351
-7734.13	7968.02	1801.84	394.632
-7734.13	7968.02	1800.12	396.009
-7734.13	7968.02	1798.39	368.379
-7734.13	7968.02	1796.67	410.362
-7734.13	7968.02	1794.95	391.438
-7734.13	7968.02	1793.22	398.613
-7734.13	7968.02	1791.5	382.597
-7734.13	7968.02	1789.77	392.668
-7734.13	7968.02	1788.04	389.697
-7734.13	7968.02	1786.32	392.521
-7734.13	7968.02	1784.59	379.414
-7734.13	7968.02	1782.87	370.656
-7734.13	7968.02	1781.14	393.748
-7734.13	7968.02	1779.41	403.805
-7734.13	7968.02	1777.68	373.341
-7734.13	7968.02	1775.96	434.036
-7734.13	7968.02	1774.23	358.735
-7734.13	7968.02	1772.5	402.055
-7734.13	7968.02	1770.77	400.533
-7734.13	7968.02	1769.04	368.652
-7734.13	7968.02	1767.31	367.137
-7734.13	7968.02	1765.58	408.977
-7734.13	7968.02	1763.85	419.013
-7734.13	7968.02	1762.12	382.819
-7734.13	7968.02	1760.39	400.078
-7734.13	7968.02	1758.66	407.222
-7734.13	7968.02	1756.93	373.938
-7734.13	7968.02	1755.19	391.189
-7734.13	7968.02	1753.46	404.103
-7734.13	7968.02	1751.73	396.811
-7734.13	7968.02	1750.0	372.21
-7734.13	7968.02	1748.26	383.678
-7734.13	7968.02	1746.53	395.142
-7734.13	7968.02	1744.8	395.066
-7734.13	7968.02	1743.06	361.834
-7734.13	7968.02	1741.33	384.826
-7734.13	7968.02	1739.59	400.603
-7734.13	7968.02	1737.86	406.289
-7734.13	7968.02	1736.12	407.651
-7734.13	7968.02	1734.39	391.731
-7734.13	7968.02	1732.65	381.576
-7734.13	7968.02	1730.91	372.865
-7734.13	7968.02	1729.18	405.898
-7734.13	7968.02	1727.44	405.819
-7734.13	7968.02	1725.7	391.353
-7734.13	7968.02	1723.96	372.577
-7734.13	7968.02	1722.23	412.775
-7734.13	7968.02	1720.49	391.126
-7734.13	7968.02	1718.75	383.862
-7734.13	7968.02	1717.01	392.412
-7734.13	7968.02	1715.27	362.156
-7734.13	7968.02	1713.53	379.327
-7734.13	7968.02	1711.79	387.873
-7734.13	7968.02	1710.05	393.543
-7734.13	7968.02	1708.31	393.466
-7734.13	7968.02	1706.57	391.954
-7734.13	7968.02	1704.82	366.039
-7734.13	7968.02	1703.08	404.717
-7734.13	7968.02	1701.34	375.94
-7734.13	7968.02	1699.6	364.39
-7734.13	7968.02	1697.85	411.651
-7734.13	7968.02	1696.11	382.89
-7734.13	7968.02	1694.37	374.212
-7734.13	7968.02	1692.62	364.104
-7734.13	7968.02	1690.88	355.434
-7734.13	7968.02	1689.13	389.754
-7734.13	7968.02	1687.39	362.457
-7734.13	7968.02	1685.64	405.356
-7734.13	7968.02	1683.9	366.611
-7734.13	7968.02	1682.15	360.811
-7734.13	7968.02	1680.41	399.391
-7734.13	7968.02	1678.66	385.0
-7734.13	7968.02	1676.91	376.338
-7734.13	7968.02	1675.16	363.388
-7734.13	7968.02	1673.42	373.328
-7734.13	7968.02	1671.67	348.943
-7734.13	7968.02	1669.92	390.338
-7734.13	7968.02	1668.17	374.536
-7734.13	7968.02	1666.42	385.896
-7734.13	7968.02	1664.67	385.819
-7734.13	7968.02	1662.92	350.026
-7734.13	7968.02	1661.17	388.523
-7734.13	7968.02	1659.42	374.164
-7734.13	7968.02	1657.67	389.796
-7734.13	7968.02	1655.92	374.015
-7734.13	7968.02	1654.17	365.377
-7734.13	7968.02	1652.42	382.428
-7734.13	7968.02	1650.66	358.098
-7734.13	7968.02	1648.91	370.864
-7734.13	7968.02	1647.16	403.59
-7734.13	7968.02	1645.41	367.864
-7734.13	7968.02	1643.65	389.173
-7734.13	7968.02	1641.9	403.348
-7734.13	7968.02	1640.14	386.167
-7734.13	7968.02	1638.39	387.515
-7734.13	7968.02	1636.63	371.768
-7734.13	7968.02	1634.88	353.18
-7734.13	7968.02	1633.12	370.195
-7734.13	7968.02	1631.37	348.768
-7734.13	7968.02	1629.61	352.967
-7734.13	7968.02	1627.85	371.395
-7734.13	7968.02	1626.09	374.165
-7734.13	7968.02	1624.34	347.064
-7734.13	7968.02	1622.58	369.748
-7734.13	7968.02	1620.82	363.986
-7734.13	7968.02	1619.06	366.755
-7734.13	7968.02	1617.3	366.681
-7734.13	7968.02	1615.54	360.923
-7734.13	7968.02	1613.78	367.953
-7734.13	7968.02	1612.02	365.038
-7734.13	7968.02	1610.26	377.745
-7734.13	7968.02	1608.5	366.31
-7734.13	7968.02	1606.74	357.718
-7734.13	7968.02	1604.98	356.226
-7734.13	7968.02	1603.22	388.79
-7734.13	7968.02	1601.46	370.268
-7734.13	7968.02	1599.69	388.632
-7734.13	7968.02	1597.93	364.445
-7734.13	7968.02	1596.17	347.357
-7734.13	7968.02	1594.4	361.462
-7734.13	7968.02	1592.64	376.977
-7734.13	7968.02	1590.88	347.145
-7734.13	7968.02	1589.11	331.491
-7734.13	7968.02	1587.35	359.75
-7734.13	7968.02	1585.58	366.757
-7734.13	7968.02	1583.81	368.098
-7734.13	7968.02	1582.05	370.853
-7734.13	7968.02	1580.28	369.362
-7734.13	7968.02	1578.51	342.403
-7734.13	7968.02	1576.75	333.846
-7734.13	7968.02	1574.98	323.877
-7734.13	7968.02	1573.21	369.059
-7734.13	7968.02	1571.44	370.397
-7734.13	7968.02	1569.67	351.946
-7734.13	7968.02	1567.91	353.287
-7734.13	7968.02	1566.14	364.517
-7734.13	7968.02	1564.37	378.568
-7734.13	7968.02	1562.6	371.428
-7734.13	7968.02	1560.83	381.236
-7734.13	7968.02	1559.05	372.687
-7734.13	7968.02	1557.28	358.496
-7734.13	7968.02	1555.51	364.066
-7734.13	7968.02	1553.74	340.007
-7734.13	7968.02	1551.97	378.021
-7734.13	7968.02	1550.19	342.687
-7734.13	7968.02	1548.42	346.846
-7734.13	7968.02	1546.65	359.461
-7734.13	7968.02	1544.87	338.246
-7734.13	7968.02	1543.1	340.994
-7734.13	7968.02	1541.32	332.471
-7734.13	7968.02	1539.55	361.98
-7734.13	7968.02	1537.77	363.313
-7734.13	7968.02	1536.0	366.053
-7734.13	7968.02	1534.22	342.048
-7734.13	7968.02	1532.45	326.497
-7734.13	7968.02	1530.67	353.162
-7734.13	7968.02	1528.89	353.089
-7734.13	7968.02	1527.11	364.266
-7734.13	7968.02	1525.34	344.505
-7734.13	7968.02	1523.56	365.521
-7734.13	7968.02	1521.78	359.822
-7734.13	7968.02	1520.0	356.936
-7734.13	7968.02	1518.22	359.672
-7734.13	7968.02	1516.44	351.169
-7734.13	7968.02	1514.66	335.647
-7734.13	7968.02	1512.88	351.022
-7734.13	7968.02	1511.1	338.314
-7734.13	7968.02	1509.32	332.63
-7734.13	7968.02	1507.54	326.947
-7734.13	7968.02	1505.76	325.476
-7734.13	7968.02	1503.97	349.252
-7734.13	7968.02	1502.19	366.007
-7734.13	7968.02	1500.41	363.126
-7734.13	7968.02	1498.62	367.255
-7734.13	7968.02	1496.84	348.959
-7734.13	7968.02	1495.06	351.688
-7734.13	7968.02	1493.27	347.411
-7734.13	7968.02	1491.49	348.739
-7734.13	7968.02	1489.7	341.664
-7734.13	7968.02	1487.91	362.592
-7734.13	7968.02	1486.13	348.519
-7734.13	7968.02	1484.34	352.643
-7734.13	7968.02	1482.55	324.587
-7734.13	7968.02	1480.77	325.918
-7734.13	7968.02	1478.98	352.42
-7734.13	7968.02	1477.19	356.541
-7734.13	7968.02	1475.4	334.099
-7734.13	7968.02	1473.61	345.209
-7734.13	7968.02	1471.83	360.507
-7734.13	7968.02	1470.04	340.872
-7734.13	7968.02	1468.25	361.751
-7734.13	7968.02	1466.46	349.106
-7734.13	7968.02	1464.67	309.941
-7734.13	7968.02	1462.87	332.209
-7734.13	7968.02	1461.08	346.094
-7734.13	7968.02	1459.29	358.577
-7734.13	7968.02	1457.5	338.972
-7734.13	7968.02	1455.71	347.268
-7734.13	7968.02	1453.91	324.885
-7734.13	7968.02	1452.12	328.998
-7734.13	7968.02	1450.33	344.259
-7734.13	7968.02	1448.53	351.153
-7734.13	7968.02	1446.74	342.72
-7734.13	7968.02	1444.94	337.075
-7734.13	7968.02	1443.15	348.144
-7734.13	7968.02	1441.35	345.286
-7734.13	7968.02	1439.56	310.412
-7734.13	7968.02	1437.76	342.355
-7734.13	7968.02	1435.96	338.108
-7734.13	7968.02	1434.17	342.209
-7734.13	7968.02	1432.37	362.998
-7734.13	7968.02	1430.57	339.282
-7734.13	7968.02	1428.77	323.917
-7734.13	7968.02	1426.97	358.596
-7734.13	7968.02	1425.17	319.61
-7734.13	7968.02	1423.37	365.389
-7734.13	7968.02	1421.58	347.254
-7734.13	7968.02	1419.77	340.236
-7734.13	7968.02	1417.97	340.163
-7734.13	7968.02	1416.17	348.419
-7734.13	7968.02	1414.37	337.242
-7734.13	7968.02	1412.57	344.107
-7734.13	7968.02	1410.77	334.323
-7734.13	7968.02	1408.97	320.382
-7734.13	7968.02	1407.16	348.046
-7734.13	7968.02	1405.36	349.357
-7734.13	7968.02	1403.56	350.668
-7734.13	7968.02	1401.75	345.05
-7734.13	7968.02	1399.95	353.288
-7734.13	7968.02	1398.14	347.672
-7734.13	7968.02	1396.34	340.673
-7734.13	7968.02	1394.53	341.984
-7734.13	7968.02	1392.73	328.068
-7734.13	7968.02	1390.92	339.069
-7734.13	7968.02	1389.11	325.159
-7734.13	7968.02	1387.3	323.706
-7734.13	7968.02	1385.5	340.233
-7734.13	7968.02	1383.69	351.222
-7734.13	7968.02	1381.88	326.262
-7734.13	7968.02	1380.07	331.72
-7734.13	7968.02	1378.26	319.212
-7734.13	7968.02	1376.45	339.866
-7734.13	7968.02	1374.64	357.749
-7734.13	7968.02	1372.83	324.529
-7734.13	7968.02	1371.02	343.788
-7734.13	7968.02	1369.21	343.714
-7734.13	7968.02	1367.4	332.599
-7734.13	7968.02	1365.59	324.248
-7734.13	7968.02	1363.78	329.696
-7734.13	7968.02	1361.96	336.52
-7734.13	7968.02	1360.15	315.764
-7734.13	7968.02	1358.34	323.967
-7734.13	7968.02	1356.52	329.41
-7734.13	7968.02	1354.71	336.229
-7734.13	7968.02	1352.89	332.023
-7734.13	7968.02	1351.08	348.479
-7734.13	7968.02	1349.26	315.353
-7734.13	7968.02	1347.45	324.922
-7734.13	7968.02	1345.63	324.852
-7734.13	7968.02	1343.81	342.672
-7734.13	7968.02	1342.0	310.952
-7734.13	7968.02	1340.18	328.767
-7734.13	7968.02	1338.36	331.446
-7734.13	7968.02	1336.54	327.249
-7734.13	7968.02	1334.73	318.929
-7734.13	7968.02	1332.91	339.476
-7734.13	7968.02	1331.09	343.524
-7734.13	7968.02	1329.27	342.076
-7734.13	7968.02	1327.45	328.266
-7734.13	7968.02	1325.63	332.314
-7734.13	7968.02	1323.81	329.496
-7734.13	7968.02	1321.98	315.698
-7734.13	7968.02	1320.16	323.863
-7734.13	7968.02	1318.34	311.444
-7734.13	7968.02	1316.52	304.518
-7734.13	7968.02	1314.7	340.108
-7734.13	7968.02	1312.87	334.549
-7734.13	7968.02	1311.05	323.509
-7734.13	7968.02	1309.22	304.252
-7734.13	7968.02	1307.4	324.738
-7734.13	7968.02	1305.57	321.927
-7734.13	7968.02	1303.75	334.183
-7734.13	7968.02	1301.92	336.849
-7734.13	7968.02	1300.1	309.395
-7734.13	7968.02	1298.27	336.701
-7734.13	7968.02	1296.44	322.943
-7734.13	7968.02	1294.62	342.026
-7734.13	7968.02	1292.79	313.227
-7734.13	7968.02	1290.96	313.159
-7734.13	7968.02	1289.13	313.09
-7734.13	7968.02	1287.3	315.755
-7734.13	7968.02	1285.47	337.551
-7734.13	7968.02	1283.64	299.221
-7734.13	7968.02	1281.81	319.645
-7734.13	7968.02	1279.98	333.232
-7734.13	7968.02	1278.15	333.159
-7734.13	7968.02	1276.32	339.911
-7734.13	7968.02	1274.49	317.999
-7734.13	7968.02	1272.66	337.032
-7734.13	7968.02	1270.82	308.31
-7734.13	7968.02	1268.99	313.698
-7734.13	7968.02	1267.16	323.174
-7734.13	7968.02	1265.32	329.919
-7734.13	7968.02	1263.49	340.751
-7734.13	7968.02	1261.66	329.774
-7734.13	7968.02	1259.82	325.614
-7734.13	7968.02	1257.98	311.921
-7734.13	7968.02	1256.15	347.259
-7734.13	7968.02	1254.31	337.652
-7734.13	7968.02	1252.48	321.243
-7734.13	7968.02	1250.64	310.285
-7734.13	7968.02	1248.8	336.068
-7734.13	7968.02	1246.96	318.31
-7734.13	7968.02	1245.13	329.12
-7734.13	7968.02	1243.29	335.845
-7734.13	7968.02	1241.45	339.849
-7734.13	7968.02	1239.61	307.156
-7734.13	7968.02	1237.77	356.005
-7734.13	7968.02	1235.93	353.209
-7734.13	7968.02	1234.09	325.967
-7734.13	7968.02	1232.25	294.663
-7734.13	7968.02	1230.41	325.823
-7734.13	7968.02	1228.56	310.82
-7734.13	7968.02	1226.72	316.179
-7734.13	7968.02	1224.88	284.905
-7734.13	7968.02	1223.04	297.05
-7734.13	7968.02	1221.19	288.847
-7734.13	7968.02	1219.35	337.592
-7734.13	7968.02	1217.5	295.497
-7734.13	7968.02	1215.66	311.693
-7734.13	7968.02	1213.81	345.497
-7734.13	7968.02	1211.97	349.484
-7734.13	7968.02	1210.12	311.486
-7734.13	7968.02	1208.28	314.125
-7734.13	7968.02	1206.43	326.238
-7734.13	7968.02	1204.58	339.7
-7734.13	7968.02	1202.73	301.738
-7734.13	7968.02	1200.89	330.079
-7734.13	7968.02	1199.04	305.661
-7734.13	7968.02	1197.19	316.41
-7734.13	7968.02	1195.34	289.302
-7734.13	7968.02	1193.49	316.27
-7734.13	7968.02	1191.64	317.55
-7734.13	7968.02	1189.79	290.46
-7734.13	7968.02	1187.94	305.253
-7734.13	7968.02	1186.09	313.287
-7734.13	7968.02	1184.23	340.219
-7734.13	7968.02	1182.38	332.044
-7734.13	7968.02	1180.53	341.417
-7734.13	7968.02	1178.68	350.785
-7734.13	7968.02	1176.82	330.474
-7734.13	7968.02	1174.97	323.657
-7734.13	7968.02	1173.12	322.236
-7734.13	7968.02	1171.26	338.34
-7734.13	7968.02	1169.41	315.354
-7734.13	7968.02	1167.55	313.936
-7734.13	7968.02	1165.69	303.09
-7734.13	7968.02	1163.84	336.691
-7734.13	7968.02	1161.98	315.073
-7734.13	7968.02	1160.12	328.464
-7734.13	7968.02	1158.27	327.044
-7734.13	7968.02	1156.41	326.971
-7734.13	7968.02	1154.55	333.624
-7734.13	7968.02	1152.69	305.306
-7734.13	7968.02	1150.83	330.786
-7734.13	7968.02	1148.97	323.99
-7734.13	7968.02	1147.11	334.67
-7734.13	7968.02	1145.25	319.814
-7734.13	7968.02	1143.39	292.873
-7734.13	7968.02	1141.53	357.279
-7734.13	7968.02	1139.67	292.742
-7734.13	7968.02	1137.81	330.267
-7734.13	7968.02	1135.94	316.771
-7734.13	7968.02	1134.08	309.99
-7734.13	7968.02	1132.22	336.753
-7734.13	7968.02	1130.35	308.51
-7734.13	7968.02	1128.49	309.781
-7734.13	7968.02	1126.62	335.186
-7734.13	7968.02	1124.76	333.77
-7734.13	7968.02	1122.89	337.716
-7734.13	7968.02	1121.03	328.261
-7734.13	7968.02	1119.16	333.545
-7734.13	7968.02	1117.3	333.47
-7734.13	7968.02	1115.43	338.751
-7734.13	7968.02	1113.56	322.611
-7734.13	7968.02	1111.69	349.305
-7734.13	7968.02	1109.82	325.142
-7734.13	7968.02	1107.96	319.718
-7734.13	7968.02	1106.09	318.309
-7734.13	7968.02	1104.22	328.934
-7734.13	7968.02	1102.35	310.144
-7734.13	7968.02	1100.48	316.757
-7734.13	7968.02	1098.61	340.738
-7734.13	7968.02	1096.73	315.279
-7734.13	7968.02	1094.86	324.557
-7734.13	7968.02	1092.99	316.472
-7734.13	7968.02	1091.12	313.73
-7734.13	7968.02	1089.24	327.007
-7734.13	7968.02	1087.37	329.602
-7734.13	7968.02	1085.5	317.52
-7734.13	7968.02	1083.62	320.116
-7734.13	7968.02	1081.75	309.376
-7734.13	7968.02	1079.87	311.973
-7734.13	7968.02	1078.0	313.235
-7734.13	7968.02	1076.12	305.169
-7734.13	7968.02	1074.24	342.404
-7734.13	7968.02	1072.37	340.995
-7734.13	7968.02	1070.49	342.25
-7734.13	7968.02	1068.61	327.527
-7734.13	7968.02	1066.73	320.797
-7734.13	7968.02	1064.86	331.371
-7734.13	7968.02	1062.98	339.279
-7734.13	7968.02	1061.1	328.561
-7734.13	7968.02	1059.22	339.125
-7734.13	7968.02	1057.34	335.06
-7734.13	7968.02	1055.46	390.815
-7734.13	7968.02	1053.58	349.527
-7734.13	7968.02	1051.69	326.86
-7734.13	7968.02	1049.81	333.428
-7734.13	7968.02	1047.93	330.696
-7734.13	7968.02	1046.05	321.327
-7734.13	7968.02	1044.16	335.856
-7734.13	7968.02	1042.28	321.181
-7734.13	7968.02	1040.4	334.377
-7734.13	7968.02	1038.51	352.873
-7734.13	7968.02	1036.63	316.983
-7734.13	7968.02	1034.74	330.171
-7734.13	7968.02	1032.86	347.33
-7734.13	7968.02	1030.97	340.624
-7734.13	7968.02	1029.08	349.822
-7734.13	7968.02	1027.2	340.469
-7734.13	7968.02	1025.31	300.658
-7734.13	7968.02	1023.42	328.397
-7734.13	7968.02	1021.53	325.675
-7734.13	7968.02	1019.64	369.279
-7734.13	7968.02	1017.75	353.315
-7734.13	7968.02	1015.86	333.39
-7734.13	7968.02	1013.97	362.413
-7734.13	7968.02	1012.08	357.041
-7734.13	7968.02	1010.19	372.825
-7734.13	7968.02	1008.3	407.106
-7734.13	7968.02	1006.41	376.619
-7734.13	7968.02	1004.52	343.504
-7734.13	7968.02	1002.62	377.769
-7734.13	7968.02	1000.73	369.759
-7734.13	7968.02	998.837	384.198
-7734.13	7968.02	996.943	390.71
-7734.13	7968.02	995.049	394.58
-7734.13	7968.02	993.154	410.322
-7734.13	7968.02	991.258	395.719
-7734.13	7968.02	989.363	402.222
-7734.13	7968.02	987.467	413.997
-7734.13	7968.02	985.57	416.538
-7734.13	7968.02	983.673	425.668
-7734.13	7968.02	981.776	438.746
-7734.13	7968.02	979.878	450.501
-7734.13	7968.02	977.979	472.787
-7734.13	7968.02	976.081	463.462
-7734.13	7968.02	974.181	435.713
-7734.13	7968.02	972.282	447.457
-7734.13	7968.02	970.382	427.619
-7734.13	7968.02	968.481	463.038
-7734.13	7968.02	966.58	451.096
-7734.13	7968.02	964.679	447.048
-7734.13	7968.02	962.777	433.8
-7734.13	7968.02	960.875	469.185
-7734.13	7968.02	958.972	448.055
-7734.13	7968.02	957.069	440.07
-7734.13	7968.02	955.166	453.103
-7734.13	7968.02	953.262	467.442
-7734.13	7968.02	951.357	454.208
-7734.13	7968.02	949.452	451.479
-7734.13	7968.02	947.547	474.993
-7734.13	7968.02	945.641	453.895
-7734.13	7968.02	943.735	466.906
-7734.13	7968.02	941.829	448.442
-7734.13	7968.02	939.922	461.448
-7734.13	7968.02	938.014	465.274
-7734.13	7968.02	936.106	453.374
-7734.13	7968.02	934.198	451.96
-7734.13	7968.02	932.289	438.759
-7734.13	7968.02	930.38	454.371
-7734.13	7968.02	928.47	409.756
-7734.13	7968.02	926.56	420.133
-7734.13	7968.02	924.649	416.11
-7734.13	7968.02	922.738	421.247
-7734.13	7968.02	920.827	410.687
-7734.13	7968.02	918.915	394.901
-7734.13	7968.02	917.003	424.879
-7734.13	7968.02	915.09	386.877
-7734.13	7968.02	913.177	412.922
-7734.13	7968.02	911.263	411.521
-7734.13	7968.02	909.349	374.855
-7734.13	7968.02	907.435	393.05
-7734.13	7968.02	905.52	417.764
-7734.13	7968.02	903.604	388.953
-7734.13	7968.02	901.688	388.863
-7734.13	7968.02	899.772	393.992
-7734.13	7968.02	897.855	378.249
-7734.13	7968.02	895.938	363.818
-7734.13	7968.02	894.021	392.415
-7734.13	7968.02	892.103	383.201
-7734.13	7968.02	890.184	367.475
-7734.13	7968.02	888.265	386.932
-7734.13	7968.02	886.346	373.818
-7734.13	7968.02	884.426	376.335
-7734.13	7968.02	882.506	399.683
-7734.13	7968.02	880.585	374.86
-7734.13	7968.02	878.664	382.581
-7734.13	7968.02	876.742	352.569
-7734.13	7968.02	874.82	368.096
-7734.13	7968.02	872.898	366.71
-7734.13	7968.02	870.975	380.927
-7734.13	7968.02	869.051	354.842
-7734.13	7968.02	867.127	382.05
-7734.13	7968.02	865.203	385.859
-7734.13	7968.02	863.278	342.906
-7734.13	7968.02	861.353	349.319
-7734.13	7968.02	859.428	364.818
-7734.13	7968.02	857.502	371.223
-7734.13	7968.02	855.575	372.434
-7734.13	7968.02	853.648	384.024
-7734.13	7968.02	851.721	363.182
-7734.13	7968.02	849.793	378.659
-7734.13	7968.02	847.865	385.053
-7734.13	7968.02	845.936	386.26
-7734.13	7968.02	844.007	400.425
-7734.13	7968.02	842.077	400.332
-7734.13	7968.02	840.147	382.105
-7734.13	7968.02	838.216	387.196
-7734.13	7968.02	836.285	381.927
-7734.13	7968.02	834.354	365.011
-7734.13	7968.02	832.422	390.808
-7734.13	7968.02	830.49	389.423
-7734.13	7968.02	828.557	382.865
-7734.13	7968.02	826.624	395.707
-7734.13	7968.02	824.69	396.908
-7734.13	7968.02	822.756	383.89
-7734.13	7968.02	820.821	381.216
-7734.13	7968.02	818.886	382.419
-7734.13	7968.02	816.951	381.038
-7734.13	7968.02	815.015	370.618
-7734.13	7968.02	813.078	365.368
-7734.13	7968.02	811.141	400.133
-7734.13	7968.02	809.204	361.326
-7734.13	7968.02	807.266	374.143
-7734.13	7968.02	805.328	376.635
-7734.13	7968.02	803.389	364.941
-7734.13	7968.02	801.45	360.988
-7734.13	7968.02	799.511	386.682
-7734.13	7968.02	797.571	400.767
-7734.13	7968.02	795.63	385.213
-7734.13	7968.02	793.689	364.514
-7734.13	7968.02	791.748	372.155
-7734.13	7968.02	789.806	374.643
-7734.13	7968.02	787.864	392.575
-7734.13	7968.02	785.921	351.305
-7734.13	7968.02	783.978	394.964
-7734.13	7968.02	782.034	392.299
-7734.13	7968.02	780.09	360.059
-7734.13	7968.02	778.145	374.117
-7734.13	7968.02	776.2	372.744
-7734.13	7968.02	774.255	363.661
-7734.13	7968.02	772.309	363.576
-7734.13	7968.02	770.362	344.224
-7734.13	7968.02	768.416	354.416
-7734.13	7968.02	766.468	394.131
-7734.13	7968.02	764.52	369.652
-7734.13	7968.02	762.572	375.981
-7734.13	7968.02	760.624	373.326
-7734.13	7968.02	758.674	354.0
-7734.13	7968.02	756.725	379.562
-7734.13	7968.02	754.775	391.011
-7734.13	7968.02	752.824	383.229
-7734.13	7968.02	750.873	371.606
-7734.13	7968.02	748.922	362.551
-7734.13	7968.02	746.97	358.623
-7734.13	7968.02	745.017	366.221
-7734.13	7968.02	743.065	371.256
-7734.13	7968.02	741.111	376.288
-7734.13	7968.02	739.158	340.371
-7734.13	7968.02	737.203	378.669
-7734.13	7968.02	735.249	370.905
-7734.13	7968.02	733.294	361.867
-7734.13	7968.02	731.338	356.668
-7734.13	7968.02	729.382	380.867
-7734.13	7968.02	727.425	379.5
-7734.13	7968.02	725.468	360.248
-7734.13	7968.02	723.511	370.38
-7734.13	7968.02	721.553	374.123
-7734.13	7968.02	719.595	382.97
-7734.13	7968.02	717.636	382.88
-7734.13	7968.02	715.676	370.029
-7734.13	7968.02	713.717	375.044
-7734.13	7968.02	711.756	373.68
-7734.13	7968.02	709.796	369.766
-7734.13	7968.02	707.835	355.657
-7734.13	7968.02	705.873	393.806
-7734.13	7968.02	703.911	360.584
-7734.13	7968.02	701.948	374.511
-7734.13	7968.02	699.985	355.319
-7734.13	7968.02	698.022	360.328
-7734.13	7968.02	696.058	379.336
-7734.13	7968.02	694.093	370.338
-7734.13	7968.02	692.129	368.977
-7734.13	7968.02	690.163	389.242
-7734.13	7968.02	688.197	378.976
-7734.13	7968.02	686.231	389.057
-7734.13	7968.02	684.264	390.235
-7734.13	7968.02	682.297	386.33
-7734.13	7968.02	680.329	372.262
-7734.13	7968.02	678.361	393.767
-7734.13	7968.02	676.393	382.244
-7734.13	7968.02	674.423	371.996
-7734.13	7968.02	672.454	399.832
-7734.13	7968.02	670.484	379.433
-7734.13	7968.02	668.513	403.448
-7734.13	7968.02	666.542	404.62
-7734.13	7968.02	664.571	412.132
-7734.13	7968.02	662.599	395.552
-7734.13	7968.02	660.627	366.305
-7734.13	7968.02	658.654	397.897
-7734.13	7968.02	656.68	380.066
-7734.13	7968.02	654.707	392.641
-7734.13	7968.02	652.732	391.281
-7734.13	7968.02	650.758	401.315
-7734.13	7968.02	648.782	384.765
-7734.13	7968.02	646.807	383.407
-7734.13	7968.02	644.83	383.315
-7734.13	7968.02	642.854	394.606
-7734.13	7968.02	640.877	370.487
-7734.13	7968.02	638.899	403.266
-7734.13	7968.02	636.921	398.114
-7734.13	7968.02	634.942	395.492
-7734.13	7968.02	632.963	406.766
-7734.13	7968.02	630.984	410.457
-7734.13	7968.02	629.004	391.419
-7734.13	7968.02	627.023	400.161
-7734.13	7968.02	625.042	396.279
-7734.13	7968.02	623.061	417.633
-7734.13	7968.02	621.079	422.578
-7734.13	7968.02	619.097	393.47
-7734.13	7968.02	617.114	416.07
-7734.13	7968.02	615.131	403.365
-7734.13	7968.02	613.147	414.61
-7734.13	7968.02	611.163	404.43
-7734.13	7968.02	609.178	394.256
-7734.13	7968.02	607.193	396.68
-7734.13	7968.02	605.207	405.397
-7734.13	7968.02	603.221	390.195
-7734.13	7968.02	601.234	386.325
-7734.13	7968.02	599.247	411.394
-7734.13	7968.02	597.259	402.49
-7734.13	7968.02	595.271	392.333
-7734.13	7968.02	593.283	382.18
-7734.13	7968.02	591.294	385.858
-7734.13	7968.02	589.304	392.048
-7734.13	7968.02	587.314	384.415
-7734.13	7968.02	585.323	393.114
-7734.13	7968.02	583.332	371.673
-7734.13	7968.02	581.341	399.2
-7734.13	7968.02	579.349	401.613
-7734.13	7968.02	577.357	405.28
-7734.13	7968.02	575.364	381.347
-7734.13	7968.02	573.37	388.78
-7734.13	7968.02	571.376	416.269
-7734.13	7968.02	569.382	381.07
-7734.13	7968.02	567.387	399.775
-7734.13	7968.02	565.392	399.678
-7734.13	7968.02	563.396	428.39
-7734.13	7968.02	561.399	406.997
-7734.13	7968.02	559.403	410.654
-7734.13	7968.02	557.405	413.057
-7734.13	7968.02	555.408	427.973
-7734.13	7968.02	553.409	379.077
-7734.13	7968.02	551.411	431.517
-7734.13	7968.02	549.411	418.907
-7734.13	7968.02	547.412	446.308
-7734.13	7968.02	545.411	448.699
-7734.13	7968.02	543.411	479.828
-7734.13	7968.02	541.409	453.477
-7734.13	7968.02	539.408	513.315
-7734.13	7968.02	537.406	506.946
-7734.13	7968.02	535.403	560.5
-7734.13	7968.02	533.4	576.587
-7734.13	7968.02	531.396	612.63
-7734.13	7968.02	529.392	728.489
-7734.13	7968.02	527.387	895.423
-7734.13	7968.02	525.382	1178.23
-7734.13	7968.02	523.376	1605.49
-7734.13	7968.02	521.37	2341.59
-7734.13	7968.02	519.364	2803.24
-7734.13	7968.02	517.357	3035.47
-7734.13	7968.02	515.349	2770.73
-7734.13	7968.02	513.341	2309.41
-7734.13	7968.02	511.332	1944.16
-7734.13	7968.02	509.323	1632.59
-7734.13	7968.02	507.314	1441.85
-7734.13	7968.02	505.304	1253.69
-7734.13	7968.02	503.293	1140.23
-7734.13	7968.02	501.282	1082.76
-7734.13	7968.02	499.27	1042.73
-7734.13	7968.02	497.258	987.797
-7734.13	7968.02	495.246	978.858
-7734.13	7968.02	493.233	906.586
-7734.13	7968.02	491.219	877.805
-7734.13	7968.02	489.205	847.797
-7734.13	7968.02	487.191	794.226
-7734.13	7968.02	485.176	801.473
-7734.13	7968.02	483.16	699.565
-7734.13	7968.02	481.144	726.673
-7734.13	7968.02	479.128	688.06
-7734.13	7968.02	477.111	697.805
-7734.13	7968.02	475.093	613.371
-7734.13	7968.02	473.075	645.428
-7734.13	7968.02	471.056	640.314
-7734.13	7968.02	469.037	625.296
-7734.13	7968.02	467.018	617.714
-7734.13	7968.02	464.998	631.174
-7734.13	7968.02	462.977	622.355
-7734.13	7968.02	460.956	594.987
-7734.13	7968.02	458.935	593.602
-7734.13	7968.02	456.913	572.436
-7734.13	7968.02	454.89	587.126
-7734.13	7968.02	452.867	563.5
-7734.13	7968.02	450.843	570.772
-7734.13	7968.02	448.819	524.93
-7734.13	7968.02	446.795	523.564
-7734.13	7968.02	444.77	555.531
-7734.13	7968.02	442.744	518.366
-7734.13	7968.02	440.718	523.172
-7734.13	7968.02	438.691	527.975
-7734.13	7968.02	436.664	520.443
-7734.13	7968.02	434.637	496.886
-7734.13	7968.02	432.608	527.578
-7734.13	7968.02	430.58	506.496
-7734.13	7968.02	428.551	503.905
-7734.13	7968.02	426.521	465.595
-7734.13	7968.02	424.491	493.8
-7734.13	7968.02	422.46	488.752
-7734.13	7968.02	420.429	498.475
-7734.13	7968.02	418.397	493.428
-7734.13	7968.02	416.365	505.606
-7734.13	7968.02	414.332	461.203
-7734.13	7968.02	412.299	513.958
-7734.13	7968.02	410.265	467.117
-7734.13	7968.02	408.231	496.494
-7734.13	7968.02	406.196	469.338
-7734.13	7968.02	404.161	502.385
-7734.13	7968.02	402.125	499.802
-7734.13	7968.02	400.089	476.349
-7734.13	7968.02	398.052	459.045
-7734.13	7968.02	396.015	485.925
-7734.13	7968.02	393.977	494.389
-7734.13	7968.02	391.938	494.264
-7734.13	7968.02	389.899	476.972
-7734.13	7968.02	387.86	498.916
-7734.13	7968.02	385.82	495.113
-7734.13	7968.02	383.78	512.141
-7734.13	7968.02	381.739	489.962
-7734.13	7968.02	379.697	502.084
-7734.13	7968.02	377.655	457.882
-7734.13	7968.02	375.613	479.797
-7734.13	7968.02	373.57	483.346
-7734.13	7968.02	371.526	497.903
-7734.13	7968.02	369.482	519.79
-7734.13	7968.02	367.437	454.853
-7734.13	7968.02	365.392	479.186
-7734.13	7968.02	363.346	481.508
-7734.13	7968.02	361.3	485.05
-7734.13	7968.02	359.254	470.268
-7734.13	7968.02	357.206	477.475
-7734.13	7968.02	355.159	468.807
-7734.13	7968.02	353.11	469.907
-7734.13	7968.02	351.062	486.87
-7734.13	7968.02	349.012	448.928
-7734.13	7968.02	346.962	485.401
-7734.13	7968.02	344.912	470.645
-7734.13	7968.02	342.861	491.246
-7734.13	7968.02	340.81	500.87
-7734.13	7968.02	338.758	486.121
-7734.13	7968.02	336.705	475.033
-7734.13	7968.02	334.652	484.653
-7734.13	7968.02	332.599	489.398
-7734.13	7968.02	330.545	486.837
-7734.13	7968.02	328.49	521.998
-7734.13	7968.02	326.435	513.348
-7734.13	7968.02	324.379	503.487
-7734.13	7968.02	322.323	488.766
-7734.13	7968.02	320.266	503.226
-7734.13	7968.02	318.209	512.818
-7734.13	7968.02	316.151	512.685
-7734.13	7968.02	314.093	510.123
-7734.13	7968.02	312.034	473.563
-7734.13	7968.02	309.975	489.222
-7734.13	7968.02	307.915	491.522
-7734.13	7968.02	305.854	498.674
-7734.13	7968.02	303.793	524.018
-7734.13	7968.02	301.732	511.755
-7734.13	7968.02	299.67	498.286
-7734.13	7968.02	297.607	512.701
-7734.13	7968.02	295.544	505.297
-7734.13	7968.02	293.48	486.994
-7734.13	7968.02	291.416	535.311
-7734.13	7968.02	289.351	461.313
-7734.13	7968.02	287.286	490.244
-7734.13	7968.02	285.22	470.753
-7734.13	7968.02	283.154	483.938
-7734.13	7968.02	281.087	521.307
-7734.13	7968.02	279.019	476.43
-7734.13	7968.02	276.951	470.261
-7734.13	7968.02	274.883	510.021
-7734.13	7968.02	272.814	489.346
-7734.13	7968.02	270.744	451.772
-7734.13	7968.02	268.674	444.407
-7734.13	7968.02	266.603	447.912
-7734.13	7968.02	264.532	479.176
-7734.13	7968.02	262.46	462.157
-7734.13	7968.02	260.388	423.432
-7734.13	7968.02	258.315	465.531
-7734.13	7968.02	256.241	453.352
-7734.13	7968.02	254.167	423.097
-7734.13	7968.02	252.093	445.882
-7734.13	7968.02	250.018	418.054
-7734.13	7968.02	247.942	444.442
-7734.13	7968.02	245.866	464.794
-7734.13	7968.02	243.789	426.149
-7734.13	7968.02	241.712	432.054
-7734.13	7968.02	239.634	442.768
-7734.13	7968.02	237.556	439.042
-7734.13	7968.02	235.477	447.343
-7734.13	7968.02	233.397	430.393
-7734.13	7968.02	231.317	463.932
-7734.13	7968.02	229.237	442.18
-7734.13	7968.02	227.155	446.867
-7734.13	7968.02	225.074	416.725
-7734.13	7968.02	222.991	425.018
-7734.13	7968.02	220.909	405.7
-7734.13	7968.02	218.825	400.792
-7734.13	7968.02	216.741	431.876
-7734.13	7968.02	214.657	413.77
-7734.13	7968.02	212.572	425.65
-7734.13	7968.02	210.486	438.721
-7734.13	7968.02	208.4	437.405
-7734.13	7968.02	206.313	434.892
-7734.13	7968.02	204.226	408.425
-7734.13	7968.02	202.138	432.264
-7734.13	7968.02	200.05	438.133
-7734.13	7968.02	197.961	438.015
-7734.13	7968.02	195.871	442.683
-7734.13	7968.02	193.781	421.034
-7734.13	7968.02	191.691	430.487
-7734.13	7968.02	189.599	430.371
-7734.13	7968.02	187.508	454.158
-7734.13	7968.02	185.415	436.113
-7734.13	7968.02	183.322	424.05
-7734.13	7968.02	181.229	456.178
-7734.13	7968.02	179.135	435.759
-7734.13	7968.02	177.04	484.576
-7734.13	7968.02	174.945	473.706
-7734.13	7968.02	172.849	466.42
-7734.13	7968.02	170.753	481.796
-7734.13	7968.02	168.656	500.741
-7734.13	7968.02	166.558	464.848
-7734.13	7968.02	164.46	461.147
-7734.13	7968.02	162.362	464.595
-7734.13	7968.02	160.263	453.75
-7734.13	7968.02	158.163	456.007
-7734.13	7968.02	156.063	463.024
-7734.13	7968.02	153.962	470.038
-7734.13	7968.02	151.86	488.944
-7734.13	7968.02	149.758	468.592
-7734.13	7968.02	147.656	462.518
-7734.13	7968.02	145.552	458.826
-7734.13	7968.02	143.449	463.453
-7734.13	7968.02	141.344	443.13
-7734.13	7968.02	139.239	479.826
-7734.13	7968.02	137.134	488.006
-7734.13	7968.02	135.028	455.822
-7734.13	7968.02	132.921	442.643
-7734.13	7968.02	130.814	474.553
-7734.13	7968.02	128.706	472.05
-7734.13	7968.02	126.598	463.62
-7734.13	7968.02	124.489	469.419
-7734.13	7968.02	122.379	453.883
-7734.13	7968.02	120.269	449.018
-7734.13	7968.02	118.158	461.923
-7734.13	7968.02	116.047	446.402
-7734.13	7968.02	113.935	453.38
-7734.13	7968.02	111.822	429.586
-7734.13	7968.02	109.709	462.594
-7734.13	7968.02	107.596	460.1
-7734.13	7968.02	105.481	469.431
-7734.13	7968.02	103.367	433.837
-7734.13	7968.02	101.251	402.99
-7734.13	7968.02	99.1351	415.873
-7734.13	7968.02	97.0184	409.852
-7734.13	7968.02	94.9012	399.11
-7734.13	7968.02	92.7834	421.427
-7734.13	7968.02	90.665	392.986
-7734.13	7968.02	88.546	381.078
-7734.13	7968.02	86.4265	404.561
-7734.13	7968.02	84.3063	398.552
-7734.13	7968.02	82.1855	399.619
-7734.13	7968.02	80.0641	384.186
-7734.13	7968.02	77.9422	362.871
