-7728.13	7944.02	1979.41	416.647
-7728.13	7944.02	1977.72	423.966
-7728.13	7944.02	1976.02	428.328
-7728.13	7944.02	1974.33	443.025
-7728.13	7944.02	1972.64	407.516
-7728.13	7944.02	1970.94	410.402
-7728.13	7944.02	1969.25	416.239
-7728.13	7944.02	1967.56	427.977
-7728.13	7944.02	1965.86	416.102
-7728.13	7944.02	1964.17	396.854
-7728.13	7944.02	1962.47	389.414
-7728.13	7944.02	1960.78	408.522
-7728.13	7944.02	1959.08	390.759
-7728.13	7944.02	1957.39	434.924
-7728.13	7944.02	1955.69	431.903
-7728.13	7944.02	1953.99	421.515
-7728.13	7944.02	1952.3	415.55
-7728.13	7944.02	1950.6	449.368
-7728.13	7944.02	1948.9	413.938
-7728.13	7944.02	1947.21	455.109
-7728.13	7944.02	1945.51	390.238
-7728.13	7944.02	1943.81	431.398
-7728.13	7944.02	1942.11	415.133
-7728.13	7944.02	1940.41	390.041
-7728.13	7944.02	1938.71	425.294
-7728.13	7944.02	1937.01	404.623
-7728.13	7944.02	1935.32	433.977
-7728.13	7944.02	1933.62	386.836
-7728.13	7944.02	1931.92	426.477
-7728.13	7944.02	1930.22	394.057
-7728.13	7944.02	1928.51	399.87
-7728.13	7944.02	1926.81	452.717
-7728.13	7944.02	1925.11	393.856
-7728.13	7944.02	1923.41	411.421
-7728.13	7944.02	1921.71	408.412
-7728.13	7944.02	1920.01	411.28
-7728.13	7944.02	1918.31	425.895
-7728.13	7944.02	1916.6	402.329
-7728.13	7944.02	1914.9	391.983
-7728.13	7944.02	1913.2	365.494
-7728.13	7944.02	1911.49	391.848
-7728.13	7944.02	1909.79	393.248
-7728.13	7944.02	1908.09	397.581
-7728.13	7944.02	1906.38	394.578
-7728.13	7944.02	1904.68	445.84
-7728.13	7944.02	1902.97	401.773
-7728.13	7944.02	1901.27	413.432
-7728.13	7944.02	1899.56	398.702
-7728.13	7944.02	1897.85	420.616
-7728.13	7944.02	1896.15	420.543
-7728.13	7944.02	1894.44	407.284
-7728.13	7944.02	1892.74	399.889
-7728.13	7944.02	1891.03	436.432
-7728.13	7944.02	1889.32	429.034
-7728.13	7944.02	1887.61	427.495
-7728.13	7944.02	1885.91	406.927
-7728.13	7944.02	1884.2	421.491
-7728.13	7944.02	1882.49	399.468
-7728.13	7944.02	1880.78	421.342
-7728.13	7944.02	1879.07	394.938
-7728.13	7944.02	1877.36	405.106
-7728.13	7944.02	1875.65	407.959
-7728.13	7944.02	1873.94	397.653
-7728.13	7944.02	1872.23	420.969
-7728.13	7944.02	1870.52	393.127
-7728.13	7944.02	1868.81	410.592
-7728.13	7944.02	1867.1	392.987
-7728.13	7944.02	1865.39	385.614
-7728.13	7944.02	1863.68	411.832
-7728.13	7944.02	1861.96	411.759
-7728.13	7944.02	1860.25	402.926
-7728.13	7944.02	1858.54	397.015
-7728.13	7944.02	1856.82	408.619
-7728.13	7944.02	1855.11	399.791
-7728.13	7944.02	1853.4	395.343
-7728.13	7944.02	1851.68	402.564
-7728.13	7944.02	1849.97	421.45
-7728.13	7944.02	1848.25	392.213
-7728.13	7944.02	1846.54	392.142
-7728.13	7944.02	1844.82	396.444
-7728.13	7944.02	1843.11	392.001
-7728.13	7944.02	1841.39	381.731
-7728.13	7944.02	1839.68	396.229
-7728.13	7944.02	1837.96	407.808
-7728.13	7944.02	1836.24	377.154
-7728.13	7944.02	1834.53	396.013
-7728.13	7944.02	1832.81	384.295
-7728.13	7944.02	1831.09	414.789
-7728.13	7944.02	1829.37	389.976
-7728.13	7944.02	1827.65	402.998
-7728.13	7944.02	1825.94	418.925
-7728.13	7944.02	1824.22	414.485
-7728.13	7944.02	1822.5	417.318
-7728.13	7944.02	1820.78	379.442
-7728.13	7944.02	1819.06	406.99
-7728.13	7944.02	1817.34	390.929
-7728.13	7944.02	1815.62	379.233
-7728.13	7944.02	1813.9	402.407
-7728.13	7944.02	1812.18	371.831
-7728.13	7944.02	1810.45	402.258
-7728.13	7944.02	1808.73	409.443
-7728.13	7944.02	1807.01	384.69
-7728.13	7944.02	1805.29	396.229
-7728.13	7944.02	1803.56	385.998
-7728.13	7944.02	1801.84	397.533
-7728.13	7944.02	1800.12	387.305
-7728.13	7944.02	1798.39	404.637
-7728.13	7944.02	1796.67	385.711
-7728.13	7944.02	1794.95	397.238
-7728.13	7944.02	1793.22	372.522
-7728.13	7944.02	1791.5	359.409
-7728.13	7944.02	1789.77	391.219
-7728.13	7944.02	1788.04	396.941
-7728.13	7944.02	1786.32	424.386
-7728.13	7944.02	1784.59	395.344
-7728.13	7944.02	1782.87	390.926
-7728.13	7944.02	1781.14	379.272
-7728.13	7944.02	1779.41	390.779
-7728.13	7944.02	1777.68	374.788
-7728.13	7944.02	1775.96	386.292
-7728.13	7944.02	1774.23	416.596
-7728.13	7944.02	1772.5	387.592
-7728.13	7944.02	1770.77	396.195
-7728.13	7944.02	1769.04	387.446
-7728.13	7944.02	1767.31	354.128
-7728.13	7944.02	1765.58	403.196
-7728.13	7944.02	1763.85	393.005
-7728.13	7944.02	1762.12	375.596
-7728.13	7944.02	1760.39	385.635
-7728.13	7944.02	1758.66	379.785
-7728.13	7944.02	1756.93	375.382
-7728.13	7944.02	1755.19	401.293
-7728.13	7944.02	1753.46	392.557
-7728.13	7944.02	1751.73	396.811
-7728.13	7944.02	1750.0	379.423
-7728.13	7944.02	1748.26	349.06
-7728.13	7944.02	1746.53	366.299
-7728.13	7944.02	1744.8	387.857
-7728.13	7944.02	1743.06	377.691
-7728.13	7944.02	1741.33	383.384
-7728.13	7944.02	1739.59	393.398
-7728.13	7944.02	1737.86	390.441
-7728.13	7944.02	1736.12	387.485
-7728.13	7944.02	1734.39	383.09
-7728.13	7944.02	1732.65	390.215
-7728.13	7944.02	1730.91	374.304
-7728.13	7944.02	1729.18	390.065
-7728.13	7944.02	1727.44	384.233
-7728.13	7944.02	1725.7	376.965
-7728.13	7944.02	1723.96	414.294
-7728.13	7944.02	1722.23	385.449
-7728.13	7944.02	1720.49	386.812
-7728.13	7944.02	1718.75	383.862
-7728.13	7944.02	1717.01	380.912
-7728.13	7944.02	1715.27	382.275
-7728.13	7944.02	1713.53	382.201
-7728.13	7944.02	1711.79	372.071
-7728.13	7944.02	1710.05	402.16
-7728.13	7944.02	1708.31	370.49
-7728.13	7944.02	1706.57	400.568
-7728.13	7944.02	1704.82	376.087
-7728.13	7944.02	1703.08	393.236
-7728.13	7944.02	1701.34	385.985
-7728.13	7944.02	1699.6	370.128
-7728.13	7944.02	1697.85	371.49
-7728.13	7944.02	1696.11	375.72
-7728.13	7944.02	1694.37	381.381
-7728.13	7944.02	1692.62	365.538
-7728.13	7944.02	1690.88	382.664
-7728.13	7944.02	1689.13	366.827
-7728.13	7944.02	1687.39	371.053
-7728.13	7944.02	1685.64	382.439
-7728.13	7944.02	1683.9	383.796
-7728.13	7944.02	1682.15	369.402
-7728.13	7944.02	1680.41	393.665
-7728.13	7944.02	1678.66	374.981
-7728.13	7944.02	1676.91	384.924
-7728.13	7944.02	1675.16	361.957
-7728.13	7944.02	1673.42	363.316
-7728.13	7944.02	1671.67	360.384
-7728.13	7944.02	1669.92	416.075
-7728.13	7944.02	1668.17	374.536
-7728.13	7944.02	1666.42	367.316
-7728.13	7944.02	1664.67	350.095
-7728.13	7944.02	1662.92	354.312
-7728.13	7944.02	1661.17	359.955
-7728.13	7944.02	1659.42	379.877
-7728.13	7944.02	1657.67	379.801
-7728.13	7944.02	1655.92	374.015
-7728.13	7944.02	1654.17	376.795
-7728.13	7944.02	1652.42	366.731
-7728.13	7944.02	1650.66	370.938
-7728.13	7944.02	1648.91	368.011
-7728.13	7944.02	1647.16	377.92
-7728.13	7944.02	1645.41	365.012
-7728.13	7944.02	1643.65	396.301
-7728.13	7944.02	1641.9	370.567
-7728.13	7944.02	1640.14	359.093
-7728.13	7944.02	1638.39	353.322
-7728.13	7944.02	1636.63	387.437
-7728.13	7944.02	1634.88	363.149
-7728.13	7944.02	1633.12	354.533
-7728.13	7944.02	1631.37	347.344
-7728.13	7944.02	1629.61	357.237
-7728.13	7944.02	1627.85	379.932
-7728.13	7944.02	1626.09	384.124
-7728.13	7944.02	1624.34	385.469
-7728.13	7944.02	1622.58	374.014
-7728.13	7944.02	1620.82	335.549
-7728.13	7944.02	1619.06	376.706
-7728.13	7944.02	1617.3	359.575
-7728.13	7944.02	1615.54	369.449
-7728.13	7944.02	1613.78	340.961
-7728.13	7944.02	1612.02	380.662
-7728.13	7944.02	1610.26	349.343
-7728.13	7944.02	1608.5	391.866
-7728.13	7944.02	1606.74	386.109
-7728.13	7944.02	1604.98	357.646
-7728.13	7944.02	1603.22	370.344
-7728.13	7944.02	1601.46	374.524
-7728.13	7944.02	1599.69	361.683
-7728.13	7944.02	1597.93	375.79
-7728.13	7944.02	1596.17	375.713
-7728.13	7944.02	1594.4	335.947
-7728.13	7944.02	1592.64	352.885
-7728.13	7944.02	1590.88	358.48
-7728.13	7944.02	1589.11	362.657
-7728.13	7944.02	1587.35	354.085
-7728.13	7944.02	1585.58	354.012
-7728.13	7944.02	1583.81	336.951
-7728.13	7944.02	1582.05	373.684
-7728.13	7944.02	1580.28	345.304
-7728.13	7944.02	1578.51	379.191
-7728.13	7944.02	1576.75	362.138
-7728.13	7944.02	1574.98	332.363
-7728.13	7944.02	1573.21	357.747
-7728.13	7944.02	1571.44	352.019
-7728.13	7944.02	1569.67	356.186
-7728.13	7944.02	1567.91	360.353
-7728.13	7944.02	1566.14	330.609
-7728.13	7944.02	1564.37	354.554
-7728.13	7944.02	1562.6	353.069
-7728.13	7944.02	1560.83	382.648
-7728.13	7944.02	1559.05	362.805
-7728.13	7944.02	1557.28	350.028
-7728.13	7944.02	1555.51	373.944
-7728.13	7944.02	1553.74	371.045
-7728.13	7944.02	1551.97	383.663
-7728.13	7944.02	1550.19	341.277
-7728.13	7944.02	1548.42	338.386
-7728.13	7944.02	1546.65	334.087
-7728.13	7944.02	1544.87	338.246
-7728.13	7944.02	1543.1	348.04
-7728.13	7944.02	1541.32	331.062
-7728.13	7944.02	1539.55	371.839
-7728.13	7944.02	1537.77	364.721
-7728.13	7944.02	1536.0	335.08
-7728.13	7944.02	1534.22	339.233
-7728.13	7944.02	1532.45	336.348
-7728.13	7944.02	1530.67	337.685
-7728.13	7944.02	1528.89	353.089
-7728.13	7944.02	1527.11	338.951
-7728.13	7944.02	1525.34	347.317
-7728.13	7944.02	1523.56	331.78
-7728.13	7944.02	1521.78	351.389
-7728.13	7944.02	1520.0	349.91
-7728.13	7944.02	1518.22	355.457
-7728.13	7944.02	1516.44	332.908
-7728.13	7944.02	1514.66	390.418
-7728.13	7944.02	1512.88	377.7
-7728.13	7944.02	1511.1	372.005
-7728.13	7944.02	1509.32	383.156
-7728.13	7944.02	1507.54	357.818
-7728.13	7944.02	1505.76	366.16
-7728.13	7944.02	1503.97	352.057
-7728.13	7944.02	1502.19	356.19
-7728.13	7944.02	1500.41	370.136
-7728.13	7944.02	1498.62	347.63
-7728.13	7944.02	1496.84	333.543
-7728.13	7944.02	1495.06	343.281
-7728.13	7944.02	1493.27	340.407
-7728.13	7944.02	1491.49	305.322
-7728.13	7944.02	1489.7	371.07
-7728.13	7944.02	1487.91	354.192
-7728.13	7944.02	1486.13	334.522
-7728.13	7944.02	1484.34	348.445
-7728.13	7944.02	1482.55	352.569
-7728.13	7944.02	1480.77	363.685
-7728.13	7944.02	1478.98	352.42
-7728.13	7944.02	1477.19	356.541
-7728.13	7944.02	1475.4	350.874
-7728.13	7944.02	1473.61	329.835
-7728.13	7944.02	1471.83	354.917
-7728.13	7944.02	1470.04	343.666
-7728.13	7944.02	1468.25	370.131
-7728.13	7944.02	1466.46	358.881
-7728.13	7944.02	1464.67	314.129
-7728.13	7944.02	1462.87	325.229
-7728.13	7944.02	1461.08	334.929
-7728.13	7944.02	1459.29	341.835
-7728.13	7944.02	1457.5	327.813
-7728.13	7944.02	1455.71	337.506
-7728.13	7944.02	1453.91	348.589
-7728.13	7944.02	1452.12	333.18
-7728.13	7944.02	1450.33	365.166
-7728.13	7944.02	1448.53	342.793
-7728.13	7944.02	1446.74	346.899
-7728.13	7944.02	1444.94	335.683
-7728.13	7944.02	1443.15	353.715
-7728.13	7944.02	1441.35	348.07
-7728.13	7944.02	1439.56	341.036
-7728.13	7944.02	1437.76	353.489
-7728.13	7944.02	1435.96	332.542
-7728.13	7944.02	1434.17	331.08
-7728.13	7944.02	1432.37	364.389
-7728.13	7944.02	1430.57	336.501
-7728.13	7944.02	1428.77	348.941
-7728.13	7944.02	1426.97	354.426
-7728.13	7944.02	1425.17	372.415
-7728.13	7944.02	1423.37	338.992
-7728.13	7944.02	1421.58	345.865
-7728.13	7944.02	1419.77	308.295
-7728.13	7944.02	1417.97	315.171
-7728.13	7944.02	1416.17	333.15
-7728.13	7944.02	1414.37	363.61
-7728.13	7944.02	1412.57	339.944
-7728.13	7944.02	1410.77	332.935
-7728.13	7944.02	1408.97	349.507
-7728.13	7944.02	1407.16	349.432
-7728.13	7944.02	1405.36	343.812
-7728.13	7944.02	1403.56	328.492
-7728.13	7944.02	1401.75	328.421
-7728.13	7944.02	1399.95	346.361
-7728.13	7944.02	1398.14	325.51
-7728.13	7944.02	1396.34	354.521
-7728.13	7944.02	1394.53	335.061
-7728.13	7944.02	1392.73	321.147
-7728.13	7944.02	1390.92	337.685
-7728.13	7944.02	1389.11	318.241
-7728.13	7944.02	1387.3	332.006
-7728.13	7944.02	1385.5	341.616
-7728.13	7944.02	1383.69	351.222
-7728.13	7944.02	1381.88	333.174
-7728.13	7944.02	1380.07	335.866
-7728.13	7944.02	1378.26	328.885
-7728.13	7944.02	1376.45	350.919
-7728.13	7944.02	1374.64	366.037
-7728.13	7944.02	1372.83	317.624
-7728.13	7944.02	1371.02	324.458
-7728.13	7944.02	1369.21	314.726
-7728.13	7944.02	1367.4	332.599
-7728.13	7944.02	1365.59	333.906
-7728.13	7944.02	1363.78	337.973
-7728.13	7944.02	1361.96	329.624
-7728.13	7944.02	1360.15	321.28
-7728.13	7944.02	1358.34	330.86
-7728.13	7944.02	1356.52	340.436
-7728.13	7944.02	1354.71	322.449
-7728.13	7944.02	1352.89	352.688
-7728.13	7944.02	1351.08	340.215
-7728.13	7944.02	1349.26	338.764
-7728.13	7944.02	1347.45	323.546
-7728.13	7944.02	1345.63	330.358
-7728.13	7944.02	1343.81	317.9
-7728.13	7944.02	1342.0	310.952
-7728.13	7944.02	1340.18	310.884
-7728.13	7944.02	1338.36	336.947
-7728.13	7944.02	1336.54	351.999
-7728.13	7944.02	1334.73	332.676
-7728.13	7944.02	1332.91	331.23
-7728.13	7944.02	1331.09	371.006
-7728.13	7944.02	1329.27	314.6
-7728.13	7944.02	1327.45	320.025
-7728.13	7944.02	1325.63	304.85
-7728.13	7944.02	1323.81	324.004
-7728.13	7944.02	1321.98	319.816
-7728.13	7944.02	1320.16	336.214
-7728.13	7944.02	1318.34	311.444
-7728.13	7944.02	1316.52	303.146
-7728.13	7944.02	1314.7	334.622
-7728.13	7944.02	1312.87	331.807
-7728.13	7944.02	1311.05	311.172
-7728.13	7944.02	1309.22	353.59
-7728.13	7944.02	1307.4	324.738
-7728.13	7944.02	1305.57	326.037
-7728.13	7944.02	1303.75	319.118
-7728.13	7944.02	1301.92	327.264
-7728.13	7944.02	1300.1	325.823
-7728.13	7944.02	1298.27	338.07
-7728.13	7944.02	1296.44	336.628
-7728.13	7944.02	1294.62	291.406
-7728.13	7944.02	1292.79	298.181
-7728.13	7944.02	1290.96	343.244
-7728.13	7944.02	1289.13	313.09
-7728.13	7944.02	1287.3	296.618
-7728.13	7944.02	1285.47	319.785
-7728.13	7944.02	1283.64	316.983
-7728.13	7944.02	1281.81	307.351
-7728.13	7944.02	1279.98	314.112
-7728.13	7944.02	1278.15	319.505
-7728.13	7944.02	1276.32	304.418
-7728.13	7944.02	1274.49	345.295
-7728.13	7944.02	1272.66	322.023
-7728.13	7944.02	1270.82	308.31
-7728.13	7944.02	1268.99	313.698
-7728.13	7944.02	1267.16	324.538
-7728.13	7944.02	1265.32	336.736
-7728.13	7944.02	1263.49	325.758
-7728.13	7944.02	1261.66	335.225
-7728.13	7944.02	1259.82	316.077
-7728.13	7944.02	1257.98	329.629
-7728.13	7944.02	1256.15	332.28
-7728.13	7944.02	1254.31	355.352
-7728.13	7944.02	1252.48	332.133
-7728.13	7944.02	1250.64	330.699
-7728.13	7944.02	1248.8	344.232
-7728.13	7944.02	1246.96	326.472
-7728.13	7944.02	1245.13	318.24
-7728.13	7944.02	1243.29	307.292
-7728.13	7944.02	1241.45	312.661
-7728.13	7944.02	1239.61	332.979
-7728.13	7944.02	1237.77	331.546
-7728.13	7944.02	1235.93	317.888
-7728.13	7944.02	1234.09	328.683
-7728.13	7944.02	1232.25	335.4
-7728.13	7944.02	1230.41	328.538
-7728.13	7944.02	1228.56	348.824
-7728.13	7944.02	1226.72	318.893
-7728.13	7944.02	1224.88	316.109
-7728.13	7944.02	1223.04	317.396
-7728.13	7944.02	1221.19	336.311
-7728.13	7944.02	1219.35	311.832
-7728.13	7944.02	1217.5	322.607
-7728.13	7944.02	1215.66	334.732
-7728.13	7944.02	1213.81	317.044
-7728.13	7944.02	1211.97	333.229
-7728.13	7944.02	1210.12	320.966
-7728.13	7944.02	1208.28	314.125
-7728.13	7944.02	1206.43	312.701
-7728.13	7944.02	1204.58	312.632
-7728.13	7944.02	1202.73	315.269
-7728.13	7944.02	1200.89	330.079
-7728.13	7944.02	1199.04	321.891
-7728.13	7944.02	1197.19	321.819
-7728.13	7944.02	1195.34	294.71
-7728.13	7944.02	1193.49	310.863
-7728.13	7944.02	1191.64	299.984
-7728.13	7944.02	1189.79	349.903
-7728.13	7944.02	1187.94	324.162
-7728.13	7944.02	1186.09	294.382
-7728.13	7944.02	1184.23	353.72
-7728.13	7944.02	1182.38	310.448
-7728.13	7944.02	1180.53	309.029
-7728.13	7944.02	1178.68	308.96
-7728.13	7944.02	1176.82	312.938
-7728.13	7944.02	1174.97	320.96
-7728.13	7944.02	1173.12	318.192
-7728.13	7944.02	1171.26	315.425
-7728.13	7944.02	1169.41	346.351
-7728.13	7944.02	1167.55	335.494
-7728.13	7944.02	1165.69	305.784
-7728.13	7944.02	1163.84	336.691
-7728.13	7944.02	1161.98	302.954
-7728.13	7944.02	1160.12	324.425
-7728.13	7944.02	1158.27	306.856
-7728.13	7944.02	1156.41	318.898
-7728.13	7944.02	1154.55	340.351
-7728.13	7944.02	1152.69	329.515
-7728.13	7944.02	1150.83	313.305
-7728.13	7944.02	1148.97	306.513
-7728.13	7944.02	1147.11	338.702
-7728.13	7944.02	1145.25	338.626
-7728.13	7944.02	1143.39	331.833
-7728.13	7944.02	1141.53	318.327
-7728.13	7944.02	1139.67	310.199
-7728.13	7944.02	1137.81	304.759
-7728.13	7944.02	1135.94	310.06
-7728.13	7944.02	1134.08	296.571
-7728.13	7944.02	1132.22	326.02
-7728.13	7944.02	1130.35	344.726
-7728.13	7944.02	1128.49	312.464
-7728.13	7944.02	1126.62	341.89
-7728.13	7944.02	1124.76	328.409
-7728.13	7944.02	1122.89	325.654
-7728.13	7944.02	1121.03	340.32
-7728.13	7944.02	1119.16	325.508
-7728.13	7944.02	1117.3	338.827
-7728.13	7944.02	1115.43	326.701
-7728.13	7944.02	1113.56	321.273
-7728.13	7944.02	1111.69	322.539
-7728.13	7944.02	1109.82	313.1
-7728.13	7944.02	1107.96	325.069
-7728.13	7944.02	1106.09	335.695
-7728.13	7944.02	1104.22	319.574
-7728.13	7944.02	1102.35	335.544
-7728.13	7944.02	1100.48	319.43
-7728.13	7944.02	1098.61	326.039
-7728.13	7944.02	1096.73	313.943
-7728.13	7944.02	1094.86	329.899
-7728.13	7944.02	1092.99	308.46
-7728.13	7944.02	1091.12	299.045
-7728.13	7944.02	1089.24	316.329
-7728.13	7944.02	1087.37	318.927
-7728.13	7944.02	1085.5	326.859
-7728.13	7944.02	1083.62	324.118
-7728.13	7944.02	1081.75	344.047
-7728.13	7944.02	1079.87	361.302
-7728.13	7944.02	1078.0	358.554
-7728.13	7944.02	1076.12	325.158
-7728.13	7944.02	1074.24	319.755
-7728.13	7944.02	1072.37	322.347
-7728.13	7944.02	1070.49	344.913
-7728.13	7944.02	1068.61	332.852
-7728.13	7944.02	1066.73	322.128
-7728.13	7944.02	1064.86	342.017
-7728.13	7944.02	1062.98	348.593
-7728.13	7944.02	1061.1	341.863
-7728.13	7944.02	1059.22	343.115
-7728.13	7944.02	1057.34	337.719
-7728.13	7944.02	1055.46	396.132
-7728.13	7944.02	1053.58	333.579
-7728.13	7944.02	1051.69	324.203
-7728.13	7944.02	1049.81	346.712
-7728.13	7944.02	1047.93	333.352
-7728.13	7944.02	1046.05	347.882
-7728.13	7944.02	1044.16	318.599
-7728.13	7944.02	1042.28	317.199
-7728.13	7944.02	1040.4	342.338
-7728.13	7944.02	1038.51	342.26
-7728.13	7944.02	1036.63	351.467
-7728.13	7944.02	1034.74	347.409
-7728.13	7944.02	1032.86	332.748
-7728.13	7944.02	1030.97	335.323
-7728.13	7944.02	1029.08	360.423
-7728.13	7944.02	1027.2	344.444
-7728.13	7944.02	1025.31	358.935
-7728.13	7944.02	1023.42	342.963
-7728.13	7944.02	1021.53	346.857
-7728.13	7944.02	1019.64	356.043
-7728.13	7944.02	1017.75	361.255
-7728.13	7944.02	1015.86	349.266
-7728.13	7944.02	1013.97	366.381
-7728.13	7944.02	1012.08	343.817
-7728.13	7944.02	1010.19	371.503
-7728.13	7944.02	1008.3	388.601
-7728.13	7944.02	1006.41	364.726
-7728.13	7944.02	1004.52	385.782
-7728.13	7944.02	1002.62	383.052
-7728.13	7944.02	1000.73	380.324
-7728.13	7944.02	998.837	415.884
-7728.13	7944.02	996.943	386.75
-7728.13	7944.02	995.049	385.342
-7728.13	7944.02	993.154	405.045
-7728.13	7944.02	991.258	466.948
-7728.13	7944.02	989.363	431.235
-7728.13	7944.02	987.467	411.36
-7728.13	7944.02	985.57	403.357
-7728.13	7944.02	983.673	420.397
-7728.13	7944.02	981.776	447.969
-7728.13	7944.02	979.878	445.232
-7728.13	7944.02	977.979	431.961
-7728.13	7944.02	976.081	426.596
-7728.13	7944.02	974.181	429.131
-7728.13	7944.02	972.282	452.722
-7728.13	7944.02	970.382	452.618
-7728.13	7944.02	968.481	477.508
-7728.13	7944.02	966.58	455.041
-7728.13	7944.02	964.679	475.975
-7728.13	7944.02	962.777	465.349
-7728.13	7944.02	960.875	448.157
-7728.13	7944.02	958.972	463.822
-7728.13	7944.02	957.069	471.598
-7728.13	7944.02	955.166	453.103
-7728.13	7944.02	953.262	451.686
-7728.13	7944.02	951.357	469.961
-7728.13	7944.02	949.452	459.353
-7728.13	7944.02	947.547	464.496
-7728.13	7944.02	945.641	494.562
-7728.13	7944.02	943.735	461.66
-7728.13	7944.02	941.829	464.177
-7728.13	7944.02	939.922	439.162
-7728.13	7944.02	938.014	482.312
-7728.13	7944.02	936.106	466.477
-7728.13	7944.02	934.198	438.86
-7728.13	7944.02	932.289	453.166
-7728.13	7944.02	930.38	445.205
-7728.13	7944.02	928.47	418.92
-7728.13	7944.02	926.56	422.75
-7728.13	7944.02	924.649	448.823
-7728.13	7944.02	922.738	425.172
-7728.13	7944.02	920.827	414.611
-7728.13	7944.02	918.915	418.438
-7728.13	7944.02	917.003	392.196
-7728.13	7944.02	915.09	420.86
-7728.13	7944.02	913.177	409.002
-7728.13	7944.02	911.263	412.827
-7728.13	7944.02	909.349	400.977
-7728.13	7944.02	907.435	396.967
-7728.13	7944.02	905.52	378.598
-7728.13	7944.02	903.604	385.037
-7728.13	7944.02	901.688	390.168
-7728.13	7944.02	899.772	367.9
-7728.13	7944.02	897.855	406.944
-7728.13	7944.02	895.938	375.554
-7728.13	7944.02	894.021	371.556
-7728.13	7944.02	892.103	385.807
-7728.13	7944.02	890.184	401.356
-7728.13	7944.02	888.265	358.27
-7728.13	7944.02	886.346	367.305
-7728.13	7944.02	884.426	367.22
-7728.13	7944.02	882.506	381.456
-7728.13	7944.02	880.585	383.971
-7728.13	7944.02	878.664	404.703
-7728.13	7944.02	876.742	360.375
-7728.13	7944.02	874.82	374.6
-7728.13	7944.02	872.898	364.11
-7728.13	7944.02	870.975	383.527
-7728.13	7944.02	869.051	391.237
-7728.13	7944.02	867.127	372.953
-7728.13	7944.02	865.203	361.174
-7728.13	7944.02	863.278	366.286
-7728.13	7944.02	861.353	362.305
-7728.13	7944.02	859.428	364.818
-7728.13	7944.02	857.502	384.203
-7728.13	7944.02	855.575	382.816
-7728.13	7944.02	853.648	380.132
-7728.13	7944.02	851.721	370.964
-7728.13	7944.02	849.793	391.627
-7728.13	7944.02	847.865	361.717
-7728.13	7944.02	845.936	388.852
-7728.13	7944.02	844.007	382.283
-7728.13	7944.02	842.077	395.149
-7728.13	7944.02	840.147	371.743
-7728.13	7944.02	838.216	378.131
-7728.13	7944.02	836.285	372.864
-7728.13	7944.02	834.354	359.834
-7728.13	7944.02	832.422	381.749
-7728.13	7944.02	830.49	385.542
-7728.13	7944.02	828.557	364.756
-7728.13	7944.02	826.624	395.707
-7728.13	7944.02	824.69	412.422
-7728.13	7944.02	822.756	401.986
-7728.13	7944.02	820.821	403.184
-7728.13	7944.02	818.886	383.711
-7728.13	7944.02	816.951	387.496
-7728.13	7944.02	815.015	380.949
-7728.13	7944.02	813.078	404.099
-7728.13	7944.02	811.141	393.679
-7728.13	7944.02	809.204	357.454
-7728.13	7944.02	807.266	361.241
-7728.13	7944.02	805.328	379.215
-7728.13	7944.02	803.389	377.836
-7728.13	7944.02	801.45	386.773
-7728.13	7944.02	799.511	394.416
-7728.13	7944.02	797.571	374.994
-7728.13	7944.02	795.63	387.79
-7728.13	7944.02	793.689	385.123
-7728.13	7944.02	791.748	387.608
-7728.13	7944.02	789.806	373.356
-7728.13	7944.02	787.864	391.288
-7728.13	7944.02	785.921	380.902
-7728.13	7944.02	783.978	379.526
-7728.13	7944.02	782.034	356.285
-7728.13	7944.02	780.09	369.061
-7728.13	7944.02	778.145	374.117
-7728.13	7944.02	776.2	352.178
-7728.13	7944.02	774.255	362.376
-7728.13	7944.02	772.309	376.423
-7728.13	7944.02	770.362	359.637
-7728.13	7944.02	768.416	360.837
-7728.13	7944.02	766.468	388.996
-7728.13	7944.02	764.52	382.487
-7728.13	7944.02	762.572	384.963
-7728.13	7944.02	760.624	368.195
-7728.13	7944.02	758.674	365.543
-7728.13	7944.02	756.725	383.409
-7728.13	7944.02	754.775	365.371
-7728.13	7944.02	752.824	407.581
-7728.13	7944.02	750.873	369.043
-7728.13	7944.02	748.922	377.924
-7728.13	7944.02	746.97	390.643
-7728.13	7944.02	745.017	359.819
-7728.13	7944.02	743.065	344.372
-7728.13	7944.02	741.111	358.369
-7728.13	7944.02	739.158	377.479
-7728.13	7944.02	737.203	365.876
-7728.13	7944.02	735.249	368.348
-7728.13	7944.02	733.294	388.719
-7728.13	7944.02	731.338	392.463
-7728.13	7944.02	729.382	360.418
-7728.13	7944.02	727.425	384.611
-7728.13	7944.02	725.468	389.63
-7728.13	7944.02	723.511	360.163
-7728.13	7944.02	721.553	360.077
-7728.13	7944.02	719.595	366.375
-7728.13	7944.02	717.636	373.946
-7728.13	7944.02	715.676	355.994
-7728.13	7944.02	713.717	381.423
-7728.13	7944.02	711.756	387.709
-7728.13	7944.02	709.796	364.666
-7728.13	7944.02	707.835	379.877
-7728.13	7944.02	705.873	369.591
-7728.13	7944.02	703.911	366.955
-7728.13	7944.02	701.948	396.167
-7728.13	7944.02	699.985	375.696
-7728.13	7944.02	698.022	381.973
-7728.13	7944.02	696.058	383.155
-7728.13	7944.02	694.093	370.338
-7728.13	7944.02	692.129	368.977
-7728.13	7944.02	690.163	365.073
-7728.13	7944.02	688.197	356.085
-7728.13	7944.02	686.231	389.057
-7728.13	7944.02	684.264	358.457
-7728.13	7944.02	682.297	367.268
-7728.13	7944.02	680.329	384.968
-7728.13	7944.02	678.361	374.714
-7728.13	7944.02	676.393	394.943
-7728.13	7944.02	674.423	393.58
-7728.13	7944.02	672.454	408.718
-7728.13	7944.02	670.484	355.322
-7728.13	7944.02	668.513	389.492
-7728.13	7944.02	666.542	389.399
-7728.13	7944.02	664.571	380.429
-7728.13	7944.02	662.599	408.23
-7728.13	7944.02	660.627	385.318
-7728.13	7944.02	658.654	378.89
-7728.13	7944.02	656.68	367.397
-7728.13	7944.02	654.707	416.706
-7728.13	7944.02	652.732	378.618
-7728.13	7944.02	650.758	383.591
-7728.13	7944.02	648.782	393.625
-7728.13	7944.02	646.807	383.407
-7728.13	7944.02	644.83	407.352
-7728.13	7944.02	642.854	413.578
-7728.13	7944.02	640.877	370.487
-7728.13	7944.02	638.899	407.059
-7728.13	7944.02	636.921	425.919
-7728.13	7944.02	634.942	384.12
-7728.13	7944.02	632.963	416.872
-7728.13	7944.02	630.984	415.509
-7728.13	7944.02	629.004	396.469
-7728.13	7944.02	627.023	408.997
-7728.13	7944.02	625.042	416.471
-7728.13	7944.02	623.061	392.398
-7728.13	7944.02	621.079	420.055
-7728.13	7944.02	619.097	404.82
-7728.13	7944.02	617.114	423.635
-7728.13	7944.02	615.131	421.012
-7728.13	7944.02	613.147	403.268
-7728.13	7944.02	611.163	413.25
-7728.13	7944.02	609.178	427.006
-7728.13	7944.02	607.193	405.495
-7728.13	7944.02	605.207	419.246
-7728.13	7944.02	603.221	417.886
-7728.13	7944.02	601.234	407.718
-7728.13	7944.02	599.247	362.328
-7728.13	7944.02	597.259	412.552
-7728.13	7944.02	595.271	384.788
-7728.13	7944.02	593.283	394.752
-7728.13	7944.02	591.294	402.198
-7728.13	7944.02	589.304	397.074
-7728.13	7944.02	587.314	389.44
-7728.13	7944.02	585.323	394.37
-7728.13	7944.02	583.332	406.831
-7728.13	7944.02	581.341	392.923
-7728.13	7944.02	579.349	410.399
-7728.13	7944.02	577.357	402.771
-7728.13	7944.02	575.364	371.312
-7728.13	7944.02	573.37	386.271
-7728.13	7944.02	571.376	379.908
-7728.13	7944.02	569.382	396.112
-7728.13	7944.02	567.387	401.028
-7728.13	7944.02	565.392	385.896
-7728.13	7944.02	563.396	385.802
-7728.13	7944.02	561.399	398.231
-7728.13	7944.02	559.403	391.874
-7728.13	7944.02	557.405	403.044
-7728.13	7944.02	555.408	402.946
-7728.13	7944.02	553.409	401.596
-7728.13	7944.02	551.411	401.498
-7728.13	7944.02	549.411	448.918
-7728.13	7944.02	547.412	443.808
-7728.13	7944.02	545.411	437.45
-7728.13	7944.02	543.411	443.591
-7728.13	7944.02	541.409	464.72
-7728.13	7944.02	539.408	488.336
-7728.13	7944.02	537.406	493.211
-7728.13	7944.02	535.403	538.03
-7728.13	7944.02	533.4	574.091
-7728.13	7944.02	531.396	632.593
-7728.13	7944.02	529.392	750.943
-7728.13	7944.02	527.387	925.353
-7728.13	7944.02	525.382	1174.49
-7728.13	7944.02	523.376	1690.25
-7728.13	7944.02	521.37	2320.4
-7728.13	7944.02	519.364	2866.78
-7728.13	7944.02	517.357	3026.75
-7728.13	7944.02	515.349	2830.5
-7728.13	7944.02	513.341	2427.68
-7728.13	7944.02	511.332	1952.87
-7728.13	7944.02	509.323	1656.23
-7728.13	7944.02	507.314	1465.49
-7728.13	7944.02	505.304	1339.51
-7728.13	7944.02	503.293	1171.31
-7728.13	7944.02	501.282	1137.46
-7728.13	7944.02	499.27	1076.28
-7728.13	7944.02	497.258	1025.07
-7728.13	7944.02	495.246	999.975
-7728.13	7944.02	493.233	946.327
-7728.13	7944.02	491.219	897.671
-7728.13	7944.02	489.205	831.661
-7728.13	7944.02	487.191	841.383
-7728.13	7944.02	485.176	774.178
-7728.13	7944.02	483.16	724.372
-7728.13	7944.02	481.144	699.392
-7728.13	7944.02	479.128	730.212
-7728.13	7944.02	477.111	708.96
-7728.13	7944.02	475.093	672.85
-7728.13	7944.02	473.075	647.906
-7728.13	7944.02	471.056	604.397
-7728.13	7944.02	469.037	656.252
-7728.13	7944.02	467.018	648.661
-7728.13	7944.02	464.998	632.411
-7728.13	7944.02	462.977	605.033
-7728.13	7944.02	460.956	586.328
-7728.13	7944.02	458.935	568.869
-7728.13	7944.02	456.913	574.909
-7728.13	7944.02	454.89	572.293
-7728.13	7944.02	452.867	549.907
-7728.13	7944.02	450.843	559.654
-7728.13	7944.02	448.819	532.341
-7728.13	7944.02	446.795	532.208
-7728.13	7944.02	444.77	541.951
-7728.13	7944.02	442.744	523.303
-7728.13	7944.02	440.718	518.236
-7728.13	7944.02	438.691	535.377
-7728.13	7944.02	436.664	514.277
-7728.13	7944.02	434.637	538.807
-7728.13	7944.02	432.608	511.554
-7728.13	7944.02	430.58	488.011
-7728.13	7944.02	428.551	533.474
-7728.13	7944.02	426.521	511.169
-7728.13	7944.02	424.491	495.032
-7728.13	7944.02	422.46	497.37
-7728.13	7944.02	420.429	482.475
-7728.13	7944.02	418.397	490.967
-7728.13	7944.02	416.365	520.368
-7728.13	7944.02	414.332	509.168
-7728.13	7944.02	412.299	529.942
-7728.13	7944.02	410.265	484.326
-7728.13	7944.02	408.231	486.662
-7728.13	7944.02	406.196	488.996
-7728.13	7944.02	404.161	476.59
-7728.13	7944.02	402.125	477.697
-7728.13	7944.02	400.089	489.854
-7728.13	7944.02	398.052	479.911
-7728.13	7944.02	396.015	458.929
-7728.13	7944.02	393.977	473.534
-7728.13	7944.02	391.938	502.849
-7728.13	7944.02	389.899	492.912
-7728.13	7944.02	387.86	468.27
-7728.13	7944.02	385.82	484.084
-7728.13	7944.02	383.78	479.06
-7728.13	7944.02	381.739	471.589
-7728.13	7944.02	379.697	495.961
-7728.13	7944.02	377.655	484.816
-7728.13	7944.02	375.613	529.98
-7728.13	7944.02	373.57	478.451
-7728.13	7944.02	371.526	478.329
-7728.13	7944.02	369.482	481.876
-7728.13	7944.02	367.437	484.199
-7728.13	7944.02	365.392	491.41
-7728.13	7944.02	363.346	438.734
-7728.13	7944.02	361.3	482.606
-7728.13	7944.02	359.254	458.053
-7728.13	7944.02	357.206	488.465
-7728.13	7944.02	355.159	482.236
-7728.13	7944.02	353.11	489.436
-7728.13	7944.02	351.062	490.531
-7728.13	7944.02	349.012	469.666
-7728.13	7944.02	346.962	486.62
-7728.13	7944.02	344.912	480.399
-7728.13	7944.02	342.861	472.962
-7728.13	7944.02	340.81	488.683
-7728.13	7944.02	338.758	494.649
-7728.13	7944.02	336.705	495.74
-7728.13	7944.02	334.652	478.564
-7728.13	7944.02	332.599	466.267
-7728.13	7944.02	330.545	492.923
-7728.13	7944.02	328.49	475.761
-7728.13	7944.02	326.435	492.668
-7728.13	7944.02	324.379	512.0
-7728.13	7944.02	322.323	468.097
-7728.13	7944.02	320.266	491.071
-7728.13	7944.02	318.209	480.007
-7728.13	7944.02	316.151	477.453
-7728.13	7944.02	314.093	501.621
-7728.13	7944.02	312.034	520.919
-7728.13	7944.02	309.975	513.501
-7728.13	7944.02	307.915	513.367
-7728.13	7944.02	305.854	522.941
-7728.13	7944.02	303.793	519.166
-7728.13	7944.02	301.732	517.818
-7728.13	7944.02	299.67	532.232
-7728.13	7944.02	297.607	473.915
-7728.13	7944.02	295.544	481.062
-7728.13	7944.02	293.48	496.685
-7728.13	7944.02	291.416	506.244
-7728.13	7944.02	289.351	513.377
-7728.13	7944.02	287.286	504.77
-7728.13	7944.02	285.22	471.963
-7728.13	7944.02	283.154	505.716
-7728.13	7944.02	281.087	516.469
-7728.13	7944.02	279.019	493.359
-7728.13	7944.02	276.951	476.305
-7728.13	7944.02	274.883	494.309
-7728.13	7944.02	272.814	454.307
-7728.13	7944.02	270.744	438.484
-7728.13	7944.02	268.674	466.144
-7728.13	7944.02	266.603	479.302
-7728.13	7944.02	264.532	491.246
-7728.13	7944.02	262.46	453.71
-7728.13	7944.02	260.388	460.829
-7728.13	7944.02	258.315	466.738
-7728.13	7944.02	256.241	476.26
-7728.13	7944.02	254.167	455.643
-7728.13	7944.02	252.093	444.677
-7728.13	7944.02	250.018	442.15
-7728.13	7944.02	247.942	442.033
-7728.13	7944.02	245.866	428.67
-7728.13	7944.02	243.789	436.984
-7728.13	7944.02	241.712	416.408
-7728.13	7944.02	239.634	421.111
-7728.13	7944.02	237.556	414.985
-7728.13	7944.02	235.477	416.077
-7728.13	7944.02	233.397	446.022
-7728.13	7944.02	231.317	450.711
-7728.13	7944.02	229.237	434.971
-7728.13	7944.02	227.155	434.855
-7728.13	7944.02	225.074	433.538
-7728.13	7944.02	222.991	402.206
-7728.13	7944.02	220.909	423.704
-7728.13	7944.02	218.825	449.991
-7728.13	7944.02	216.741	430.676
-7728.13	7944.02	214.657	412.571
-7728.13	7944.02	212.572	424.451
-7728.13	7944.02	210.486	430.331
-7728.13	7944.02	208.4	420.628
-7728.13	7944.02	206.313	450.467
-7728.13	7944.02	204.226	427.589
-7728.13	7944.02	202.138	427.474
-7728.13	7944.02	200.05	410.6
-7728.13	7944.02	197.961	454.77
-7728.13	7944.02	195.871	452.255
-7728.13	7944.02	193.781	441.368
-7728.13	7944.02	191.691	437.662
-7728.13	7944.02	189.599	443.521
-7728.13	7944.02	187.508	451.767
-7728.13	7944.02	185.415	464.789
-7728.13	7944.02	183.322	453.912
-7728.13	7944.02	181.229	469.314
-7728.13	7944.02	179.135	483.513
-7728.13	7944.02	177.04	477.415
-7728.13	7944.02	174.945	473.706
-7728.13	7944.02	172.849	483.12
-7728.13	7944.02	170.753	456.753
-7728.13	7944.02	168.656	464.974
-7728.13	7944.02	166.558	468.424
-7728.13	7944.02	164.46	486.17
-7728.13	7944.02	162.362	465.786
-7728.13	7944.02	160.263	476.378
-7728.13	7944.02	158.163	503.632
-7728.13	7944.02	156.063	482.069
-7728.13	7944.02	153.962	448.618
-7728.13	7944.02	151.86	477.047
-7728.13	7944.02	149.758	448.373
-7728.13	7944.02	147.656	487.487
-7728.13	7944.02	145.552	507.561
-7728.13	7944.02	143.449	491.973
-7728.13	7944.02	141.344	469.266
-7728.13	7944.02	139.239	501.205
-7728.13	7944.02	137.134	498.692
-7728.13	7944.02	135.028	476.001
-7728.13	7944.02	132.921	458.07
-7728.13	7944.02	130.814	486.417
-7728.13	7944.02	128.706	493.399
-7728.13	7944.02	126.598	493.263
-7728.13	7944.02	124.489	483.643
-7728.13	7944.02	122.379	446.773
-7728.13	7944.02	120.269	471.529
-7728.13	7944.02	118.158	467.845
-7728.13	7944.02	116.047	471.268
-7728.13	7944.02	113.935	461.667
-7728.13	7944.02	111.822	475.74
-7728.13	7944.02	109.709	455.495
-7728.13	7944.02	107.596	468.379
-7728.13	7944.02	105.481	435.14
-7728.13	7944.02	103.367	433.837
-7728.13	7944.02	101.251	404.171
-7728.13	7944.02	99.1351	457.224
-7728.13	7944.02	97.0184	424.025
-7728.13	7944.02	94.9012	420.364
-7728.13	7944.02	92.7834	419.066
-7728.13	7944.02	90.665	382.365
-7728.13	7944.02	88.546	385.797
-7728.13	7944.02	86.4265	418.714
-7728.13	7944.02	84.3063	402.089
-7728.13	7944.02	82.1855	380.757
-7728.13	7944.02	80.0641	374.758
-7728.13	7944.02	77.9422	378.187
