-7722.13	7942.02	1979.41	412.215
-7722.13	7942.02	1977.72	422.488
-7722.13	7942.02	1976.02	428.328
-7722.13	7942.02	1974.33	429.734
-7722.13	7942.02	1972.64	423.758
-7722.13	7942.02	1970.94	407.45
-7722.13	7942.02	1969.25	408.859
-7722.13	7942.02	1967.56	445.686
-7722.13	7942.02	1965.86	427.906
-7722.13	7942.02	1964.17	413.083
-7722.13	7942.02	1962.47	451.366
-7722.13	7942.02	1960.78	405.572
-7722.13	7942.02	1959.08	415.827
-7722.13	7942.02	1957.39	443.77
-7722.13	7942.02	1955.69	449.592
-7722.13	7942.02	1953.99	415.62
-7722.13	7942.02	1952.3	408.182
-7722.13	7942.02	1950.6	436.108
-7722.13	7942.02	1948.9	412.465
-7722.13	7942.02	1947.21	421.233
-7722.13	7942.02	1945.51	406.437
-7722.13	7942.02	1943.81	403.424
-7722.13	7942.02	1942.11	415.133
-7722.13	7942.02	1940.41	372.379
-7722.13	7942.02	1938.71	401.748
-7722.13	7942.02	1937.01	432.579
-7722.13	7942.02	1935.32	428.093
-7722.13	7942.02	1933.62	429.491
-7722.13	7942.02	1931.92	433.83
-7722.13	7942.02	1930.22	426.405
-7722.13	7942.02	1928.51	391.05
-7722.13	7942.02	1926.81	424.79
-7722.13	7942.02	1925.11	402.673
-7722.13	7942.02	1923.41	386.441
-7722.13	7942.02	1921.71	412.819
-7722.13	7942.02	1920.01	440.657
-7722.13	7942.02	1918.31	436.176
-7722.13	7942.02	1916.6	411.139
-7722.13	7942.02	1914.9	400.791
-7722.13	7942.02	1913.2	397.787
-7722.13	7942.02	1911.49	441.746
-7722.13	7942.02	1909.79	421.127
-7722.13	7942.02	1908.09	409.318
-7722.13	7942.02	1906.38	420.981
-7722.13	7942.02	1904.68	388.644
-7722.13	7942.02	1902.97	359.25
-7722.13	7942.02	1901.27	409.034
-7722.13	7942.02	1899.56	411.894
-7722.13	7942.02	1897.85	363.459
-7722.13	7942.02	1896.15	385.375
-7722.13	7942.02	1894.44	417.539
-7722.13	7942.02	1892.74	423.325
-7722.13	7942.02	1891.03	401.283
-7722.13	7942.02	1889.32	402.677
-7722.13	7942.02	1887.61	418.711
-7722.13	7942.02	1885.91	396.681
-7722.13	7942.02	1884.2	434.662
-7722.13	7942.02	1882.49	411.174
-7722.13	7942.02	1880.78	399.397
-7722.13	7942.02	1879.07	418.342
-7722.13	7942.02	1877.36	403.644
-7722.13	7942.02	1875.65	394.799
-7722.13	7942.02	1873.94	393.267
-7722.13	7942.02	1872.23	423.893
-7722.13	7942.02	1870.52	384.359
-7722.13	7942.02	1868.81	387.213
-7722.13	7942.02	1867.1	411.979
-7722.13	7942.02	1865.39	407.524
-7722.13	7942.02	1863.68	410.372
-7722.13	7942.02	1861.96	416.139
-7722.13	7942.02	1860.25	398.546
-7722.13	7942.02	1858.54	389.717
-7722.13	7942.02	1856.82	417.375
-7722.13	7942.02	1855.11	434.809
-7722.13	7942.02	1853.4	395.343
-7722.13	7942.02	1851.68	421.526
-7722.13	7942.02	1849.97	384.992
-7722.13	7942.02	1848.25	379.091
-7722.13	7942.02	1846.54	390.685
-7722.13	7942.02	1844.82	409.562
-7722.13	7942.02	1843.11	397.83
-7722.13	7942.02	1841.39	361.333
-7722.13	7942.02	1839.68	397.685
-7722.13	7942.02	1837.96	388.874
-7722.13	7942.02	1836.24	400.453
-7722.13	7942.02	1834.53	384.365
-7722.13	7942.02	1832.81	404.675
-7722.13	7942.02	1831.09	433.709
-7722.13	7942.02	1829.37	369.604
-7722.13	7942.02	1827.65	384.085
-7722.13	7942.02	1825.94	369.469
-7722.13	7942.02	1824.22	381.036
-7722.13	7942.02	1822.5	414.409
-7722.13	7942.02	1820.78	404.157
-7722.13	7942.02	1819.06	401.175
-7722.13	7942.02	1817.34	405.461
-7722.13	7942.02	1815.62	377.78
-7722.13	7942.02	1813.9	393.69
-7722.13	7942.02	1812.18	384.903
-7722.13	7942.02	1810.45	399.354
-7722.13	7942.02	1808.73	405.088
-7722.13	7942.02	1807.01	381.786
-7722.13	7942.02	1805.29	428.16
-7722.13	7942.02	1803.56	381.645
-7722.13	7942.02	1801.84	387.377
-7722.13	7942.02	1800.12	398.91
-7722.13	7942.02	1798.39	378.531
-7722.13	7942.02	1796.67	398.762
-7722.13	7942.02	1794.95	407.386
-7722.13	7942.02	1793.22	381.219
-7722.13	7942.02	1791.5	392.742
-7722.13	7942.02	1789.77	391.219
-7722.13	7942.02	1788.04	378.108
-7722.13	7942.02	1786.32	392.521
-7722.13	7942.02	1784.59	402.585
-7722.13	7942.02	1782.87	379.343
-7722.13	7942.02	1781.14	389.405
-7722.13	7942.02	1779.41	371.964
-7722.13	7942.02	1777.68	390.706
-7722.13	7942.02	1775.96	392.079
-7722.13	7942.02	1774.23	386.219
-7722.13	7942.02	1772.5	386.146
-7722.13	7942.02	1770.77	393.303
-7722.13	7942.02	1769.04	394.674
-7722.13	7942.02	1767.31	380.146
-7722.13	7942.02	1765.58	393.08
-7722.13	7942.02	1763.85	390.116
-7722.13	7942.02	1762.12	377.04
-7722.13	7942.02	1760.39	388.523
-7722.13	7942.02	1758.66	392.782
-7722.13	7942.02	1756.93	397.038
-7722.13	7942.02	1755.19	369.536
-7722.13	7942.02	1753.46	385.341
-7722.13	7942.02	1751.73	418.455
-7722.13	7942.02	1750.0	389.522
-7722.13	7942.02	1748.26	411.084
-7722.13	7942.02	1746.53	385.047
-7722.13	7942.02	1744.8	354.694
-7722.13	7942.02	1743.06	370.484
-7722.13	7942.02	1741.33	379.06
-7722.13	7942.02	1739.59	386.193
-7722.13	7942.02	1737.86	378.915
-7722.13	7942.02	1736.12	394.687
-7722.13	7942.02	1734.39	393.171
-7722.13	7942.02	1732.65	365.737
-7722.13	7942.02	1730.91	371.425
-7722.13	7942.02	1729.18	398.701
-7722.13	7942.02	1727.44	379.916
-7722.13	7942.02	1725.7	392.792
-7722.13	7942.02	1723.96	417.171
-7722.13	7942.02	1722.23	392.64
-7722.13	7942.02	1720.49	372.432
-7722.13	7942.02	1718.75	357.983
-7722.13	7942.02	1717.01	365.101
-7722.13	7942.02	1715.27	386.587
-7722.13	7942.02	1713.53	392.259
-7722.13	7942.02	1711.79	379.254
-7722.13	7942.02	1710.05	376.307
-7722.13	7942.02	1708.31	393.466
-7722.13	7942.02	1706.57	368.982
-7722.13	7942.02	1704.82	394.748
-7722.13	7942.02	1703.08	358.792
-7722.13	7942.02	1701.34	390.289
-7722.13	7942.02	1699.6	380.171
-7722.13	7942.02	1697.85	385.833
-7722.13	7942.02	1696.11	397.23
-7722.13	7942.02	1694.37	378.513
-7722.13	7942.02	1692.62	364.104
-7722.13	7942.02	1690.88	355.434
-7722.13	7942.02	1689.13	345.333
-7722.13	7942.02	1687.39	366.755
-7722.13	7942.02	1685.64	378.142
-7722.13	7942.02	1683.9	359.45
-7722.13	7942.02	1682.15	367.97
-7722.13	7942.02	1680.41	380.781
-7722.13	7942.02	1678.66	396.449
-7722.13	7942.02	1676.91	374.907
-7722.13	7942.02	1675.16	366.249
-7722.13	7942.02	1673.42	360.455
-7722.13	7942.02	1671.67	373.254
-7722.13	7942.02	1669.92	376.04
-7722.13	7942.02	1668.17	370.247
-7722.13	7942.02	1666.42	348.735
-7722.13	7942.02	1664.67	374.387
-7722.13	7942.02	1662.92	371.456
-7722.13	7942.02	1661.17	374.239
-7722.13	7942.02	1659.42	382.733
-7722.13	7942.02	1657.67	372.662
-7722.13	7942.02	1655.92	351.174
-7722.13	7942.02	1654.17	366.804
-7722.13	7942.02	1652.42	353.888
-7722.13	7942.02	1650.66	370.938
-7722.13	7942.02	1648.91	353.747
-7722.13	7942.02	1647.16	399.312
-7722.13	7942.02	1645.41	380.696
-7722.13	7942.02	1643.65	376.343
-7722.13	7942.02	1641.9	391.946
-7722.13	7942.02	1640.14	344.843
-7722.13	7942.02	1638.39	361.87
-7722.13	7942.02	1636.63	367.495
-7722.13	7942.02	1634.88	354.604
-7722.13	7942.02	1633.12	363.076
-7722.13	7942.02	1631.37	364.426
-7722.13	7942.02	1629.61	348.697
-7722.13	7942.02	1627.85	357.165
-7722.13	7942.02	1626.09	377.01
-7722.13	7942.02	1624.34	359.866
-7722.13	7942.02	1622.58	345.572
-7722.13	7942.02	1620.82	372.517
-7722.13	7942.02	1619.06	361.069
-7722.13	7942.02	1617.3	393.685
-7722.13	7942.02	1615.54	366.607
-7722.13	7942.02	1613.78	383.581
-7722.13	7942.02	1612.02	382.083
-7722.13	7942.02	1610.26	364.964
-7722.13	7942.02	1608.5	360.631
-7722.13	7942.02	1606.74	380.431
-7722.13	7942.02	1604.98	390.288
-7722.13	7942.02	1603.22	361.83
-7722.13	7942.02	1601.46	360.338
-7722.13	7942.02	1599.69	361.683
-7722.13	7942.02	1597.93	348.846
-7722.13	7942.02	1596.17	357.282
-7722.13	7942.02	1594.4	382.724
-7722.13	7942.02	1592.64	369.891
-7722.13	7942.02	1590.88	379.734
-7722.13	7942.02	1589.11	361.24
-7722.13	7942.02	1587.35	356.918
-7722.13	7942.02	1585.58	373.837
-7722.13	7942.02	1583.81	370.929
-7722.13	7942.02	1582.05	372.269
-7722.13	7942.02	1580.28	339.643
-7722.13	7942.02	1578.51	345.233
-7722.13	7942.02	1576.75	360.723
-7722.13	7942.02	1574.98	367.721
-7722.13	7942.02	1573.21	374.715
-7722.13	7942.02	1571.44	359.087
-7722.13	7942.02	1569.67	353.36
-7722.13	7942.02	1567.91	398.508
-7722.13	7942.02	1566.14	354.627
-7722.13	7942.02	1564.37	348.904
-7722.13	7942.02	1562.6	346.007
-7722.13	7942.02	1560.83	362.88
-7722.13	7942.02	1559.05	374.099
-7722.13	7942.02	1557.28	365.553
-7722.13	7942.02	1555.51	355.6
-7722.13	7942.02	1553.74	365.402
-7722.13	7942.02	1551.97	345.579
-7722.13	7942.02	1550.19	355.379
-7722.13	7942.02	1548.42	344.026
-7722.13	7942.02	1546.65	372.148
-7722.13	7942.02	1544.87	342.474
-7722.13	7942.02	1543.1	383.266
-7722.13	7942.02	1541.32	350.785
-7722.13	7942.02	1539.55	329.585
-7722.13	7942.02	1537.77	366.13
-7722.13	7942.02	1536.0	366.053
-7722.13	7942.02	1534.22	357.532
-7722.13	7942.02	1532.45	334.94
-7722.13	7942.02	1530.67	355.976
-7722.13	7942.02	1528.89	354.495
-7722.13	7942.02	1527.11	367.079
-7722.13	7942.02	1525.34	357.16
-7722.13	7942.02	1523.56	355.68
-7722.13	7942.02	1521.78	362.633
-7722.13	7942.02	1520.0	335.858
-7722.13	7942.02	1518.22	372.317
-7722.13	7942.02	1516.44	335.717
-7722.13	7942.02	1514.66	348.287
-7722.13	7942.02	1512.88	317.324
-7722.13	7942.02	1511.1	336.911
-7722.13	7942.02	1509.32	349.472
-7722.13	7942.02	1507.54	369.043
-7722.13	7942.02	1505.76	374.578
-7722.13	7942.02	1503.97	350.655
-7722.13	7942.02	1502.19	361.8
-7722.13	7942.02	1500.41	321.065
-7722.13	7942.02	1498.62	329.408
-7722.13	7942.02	1496.84	346.156
-7722.13	7942.02	1495.06	346.083
-7722.13	7942.02	1493.27	347.411
-7722.13	7942.02	1491.49	362.745
-7722.13	7942.02	1489.7	345.865
-7722.13	7942.02	1487.91	372.392
-7722.13	7942.02	1486.13	348.519
-7722.13	7942.02	1484.34	338.65
-7722.13	7942.02	1482.55	325.987
-7722.13	7942.02	1480.77	351.096
-7722.13	7942.02	1478.98	362.21
-7722.13	7942.02	1477.19	342.559
-7722.13	7942.02	1475.4	356.465
-7722.13	7942.02	1473.61	352.197
-7722.13	7942.02	1471.83	353.52
-7722.13	7942.02	1470.04	345.063
-7722.13	7942.02	1468.25	351.974
-7722.13	7942.02	1466.46	337.935
-7722.13	7942.02	1464.67	347.636
-7722.13	7942.02	1462.87	316.854
-7722.13	7942.02	1461.08	336.325
-7722.13	7942.02	1459.29	344.625
-7722.13	7942.02	1457.5	337.577
-7722.13	7942.02	1455.71	345.873
-7722.13	7942.02	1453.91	370.898
-7722.13	7942.02	1452.12	340.15
-7722.13	7942.02	1450.33	340.078
-7722.13	7942.02	1448.53	342.793
-7722.13	7942.02	1446.74	358.045
-7722.13	7942.02	1444.94	348.218
-7722.13	7942.02	1443.15	338.396
-7722.13	7942.02	1441.35	348.07
-7722.13	7942.02	1439.56	336.86
-7722.13	7942.02	1437.76	349.314
-7722.13	7942.02	1435.96	317.237
-7722.13	7942.02	1434.17	326.907
-7722.13	7942.02	1432.37	343.527
-7722.13	7942.02	1430.57	336.501
-7722.13	7942.02	1428.77	335.039
-7722.13	7942.02	1426.97	359.986
-7722.13	7942.02	1425.17	340.454
-7722.13	7942.02	1423.37	352.885
-7722.13	7942.02	1421.58	320.862
-7722.13	7942.02	1419.77	326.349
-7722.13	7942.02	1417.97	331.833
-7722.13	7942.02	1416.17	358.136
-7722.13	7942.02	1414.37	340.017
-7722.13	7942.02	1412.57	337.169
-7722.13	7942.02	1410.77	338.484
-7722.13	7942.02	1408.97	342.573
-7722.13	7942.02	1407.16	324.473
-7722.13	7942.02	1405.36	321.63
-7722.13	7942.02	1403.56	345.124
-7722.13	7942.02	1401.75	329.807
-7722.13	7942.02	1399.95	325.58
-7722.13	7942.02	1398.14	342.131
-7722.13	7942.02	1396.34	346.212
-7722.13	7942.02	1394.53	339.215
-7722.13	7942.02	1392.73	341.911
-7722.13	7942.02	1390.92	334.917
-7722.13	7942.02	1389.11	327.927
-7722.13	7942.02	1387.3	359.673
-7722.13	7942.02	1385.5	326.402
-7722.13	7942.02	1383.69	336.011
-7722.13	7942.02	1381.88	340.086
-7722.13	7942.02	1380.07	333.102
-7722.13	7942.02	1378.26	334.412
-7722.13	7942.02	1376.45	335.721
-7722.13	7942.02	1374.64	348.08
-7722.13	7942.02	1372.83	345.243
-7722.13	7942.02	1371.02	332.743
-7722.13	7942.02	1369.21	329.91
-7722.13	7942.02	1367.4	306.377
-7722.13	7942.02	1365.59	333.906
-7722.13	7942.02	1363.78	322.798
-7722.13	7942.02	1361.96	335.141
-7722.13	7942.02	1360.15	317.143
-7722.13	7942.02	1358.34	332.239
-7722.13	7942.02	1356.52	317.006
-7722.13	7942.02	1354.71	337.607
-7722.13	7942.02	1352.89	316.868
-7722.13	7942.02	1351.08	325.064
-7722.13	7942.02	1349.26	322.239
-7722.13	7942.02	1347.45	312.531
-7722.13	7942.02	1345.63	316.593
-7722.13	7942.02	1343.81	323.405
-7722.13	7942.02	1342.0	335.718
-7722.13	7942.02	1340.18	350.776
-7722.13	7942.02	1338.36	339.698
-7722.13	7942.02	1336.54	324.499
-7722.13	7942.02	1334.73	334.051
-7722.13	7942.02	1332.91	309.239
-7722.13	7942.02	1331.09	344.898
-7722.13	7942.02	1329.27	299.488
-7722.13	7942.02	1327.45	321.399
-7722.13	7942.02	1325.63	321.329
-7722.13	7942.02	1323.81	329.496
-7722.13	7942.02	1321.98	306.09
-7722.13	7942.02	1320.16	297.789
-7722.13	7942.02	1318.34	310.072
-7722.13	7942.02	1316.52	307.261
-7722.13	7942.02	1314.7	329.136
-7722.13	7942.02	1312.87	329.065
-7722.13	7942.02	1311.05	319.397
-7722.13	7942.02	1309.22	304.252
-7722.13	7942.02	1307.4	308.296
-7722.13	7942.02	1305.57	305.489
-7722.13	7942.02	1303.75	335.553
-7722.13	7942.02	1301.92	331.372
-7722.13	7942.02	1300.1	312.133
-7722.13	7942.02	1298.27	327.12
-7722.13	7942.02	1296.44	333.891
-7722.13	7942.02	1294.62	342.026
-7722.13	7942.02	1292.79	311.859
-7722.13	7942.02	1290.96	332.304
-7722.13	7942.02	1289.13	326.762
-7722.13	7942.02	1287.3	319.856
-7722.13	7942.02	1285.47	329.352
-7722.13	7942.02	1283.64	308.785
-7722.13	7942.02	1281.81	296.423
-7722.13	7942.02	1279.98	322.306
-7722.13	7942.02	1278.15	349.544
-7722.13	7942.02	1276.32	309.879
-7722.13	7942.02	1274.49	315.27
-7722.13	7942.02	1272.66	320.658
-7722.13	7942.02	1270.82	319.224
-7722.13	7942.02	1268.99	310.97
-7722.13	7942.02	1267.16	338.174
-7722.13	7942.02	1265.32	342.189
-7722.13	7942.02	1263.49	340.751
-7722.13	7942.02	1261.66	340.676
-7722.13	7942.02	1259.82	320.164
-7722.13	7942.02	1257.98	329.629
-7722.13	7942.02	1256.15	325.471
-7722.13	7942.02	1254.31	319.953
-7722.13	7942.02	1252.48	318.521
-7722.13	7942.02	1250.64	329.338
-7722.13	7942.02	1248.8	317.02
-7722.13	7942.02	1246.96	326.472
-7722.13	7942.02	1245.13	318.24
-7722.13	7942.02	1243.29	308.651
-7722.13	7942.02	1241.45	307.224
-7722.13	7942.02	1239.61	318.029
-7722.13	7942.02	1237.77	303.012
-7722.13	7942.02	1235.93	305.662
-7722.13	7942.02	1234.09	328.683
-7722.13	7942.02	1232.25	334.042
-7722.13	7942.02	1230.41	328.538
-7722.13	7942.02	1228.56	306.748
-7722.13	7942.02	1226.72	321.607
-7722.13	7942.02	1224.88	283.549
-7722.13	7942.02	1223.04	321.465
-7722.13	7942.02	1221.19	294.272
-7722.13	7942.02	1219.35	326.745
-7722.13	7942.02	1217.5	326.673
-7722.13	7942.02	1215.66	322.535
-7722.13	7942.02	1213.81	300.785
-7722.13	7942.02	1211.97	327.81
-7722.13	7942.02	1210.12	327.737
-7722.13	7942.02	1208.28	311.417
-7722.13	7942.02	1206.43	314.055
-7722.13	7942.02	1204.58	316.692
-7722.13	7942.02	1202.73	319.328
-7722.13	7942.02	1200.89	326.021
-7722.13	7942.02	1199.04	325.948
-7722.13	7942.02	1197.19	309.65
-7722.13	7942.02	1195.34	340.674
-7722.13	7942.02	1193.49	332.489
-7722.13	7942.02	1191.64	328.361
-7722.13	7942.02	1189.79	286.407
-7722.13	7942.02	1187.94	343.072
-7722.13	7942.02	1186.09	325.441
-7722.13	7942.02	1184.23	326.718
-7722.13	7942.02	1182.38	340.143
-7722.13	7942.02	1180.53	322.524
-7722.13	7942.02	1178.68	318.405
-7722.13	7942.02	1176.82	311.589
-7722.13	7942.02	1174.97	334.446
-7722.13	7942.02	1173.12	319.54
-7722.13	7942.02	1171.26	332.948
-7722.13	7942.02	1169.41	328.831
-7722.13	7942.02	1167.55	315.284
-7722.13	7942.02	1165.69	324.643
-7722.13	7942.02	1163.84	317.836
-7722.13	7942.02	1161.98	328.537
-7722.13	7942.02	1160.12	309.617
-7722.13	7942.02	1158.27	308.202
-7722.13	7942.02	1156.41	308.133
-7722.13	7942.02	1154.55	310.755
-7722.13	7942.02	1152.69	312.03
-7722.13	7942.02	1150.83	328.096
-7722.13	7942.02	1148.97	319.957
-7722.13	7942.02	1147.11	313.165
-7722.13	7942.02	1145.25	311.751
-7722.13	7942.02	1143.39	315.712
-7722.13	7942.02	1141.53	327.729
-7722.13	7942.02	1139.67	326.313
-7722.13	7942.02	1137.81	335.638
-7722.13	7942.02	1135.94	331.536
-7722.13	7942.02	1134.08	334.145
-7722.13	7942.02	1132.22	315.287
-7722.13	7942.02	1130.35	328.63
-7722.13	7942.02	1128.49	325.874
-7722.13	7942.02	1126.62	307.03
-7722.13	7942.02	1124.76	336.451
-7722.13	7942.02	1122.89	329.675
-7722.13	7942.02	1121.03	328.261
-7722.13	7942.02	1119.16	337.564
-7722.13	7942.02	1117.3	336.149
-7722.13	7942.02	1115.43	326.701
-7722.13	7942.02	1113.56	317.257
-7722.13	7942.02	1111.69	326.554
-7722.13	7942.02	1109.82	338.523
-7722.13	7942.02	1107.96	319.718
-7722.13	7942.02	1106.09	329.008
-7722.13	7942.02	1104.22	322.249
-7722.13	7942.02	1102.35	318.165
-7722.13	7942.02	1100.48	311.411
-7722.13	7942.02	1098.61	330.048
-7722.13	7942.02	1096.73	324.63
-7722.13	7942.02	1094.86	340.584
-7722.13	7942.02	1092.99	319.142
-7722.13	7942.02	1091.12	327.081
-7722.13	7942.02	1089.24	340.354
-7722.13	7942.02	1087.37	313.589
-7722.13	7942.02	1085.5	328.193
-7722.13	7942.02	1083.62	317.449
-7722.13	7942.02	1081.75	341.38
-7722.13	7942.02	1079.87	305.306
-7722.13	7942.02	1078.0	319.9
-7722.13	7942.02	1076.12	321.16
-7722.13	7942.02	1074.24	323.752
-7722.13	7942.02	1072.37	326.343
-7722.13	7942.02	1070.49	332.928
-7722.13	7942.02	1068.61	328.858
-7722.13	7942.02	1066.73	330.115
-7722.13	7942.02	1064.86	330.04
-7722.13	7942.02	1062.98	320.652
-7722.13	7942.02	1061.1	343.193
-7722.13	7942.02	1059.22	340.455
-7722.13	7942.02	1057.34	348.356
-7722.13	7942.02	1055.46	389.485
-7722.13	7942.02	1053.58	338.895
-7722.13	7942.02	1051.69	344.133
-7722.13	7942.02	1049.81	353.354
-7722.13	7942.02	1047.93	342.649
-7722.13	7942.02	1046.05	335.932
-7722.13	7942.02	1044.16	331.874
-7722.13	7942.02	1042.28	301.273
-7722.13	7942.02	1040.4	333.05
-7722.13	7942.02	1038.51	327.668
-7722.13	7942.02	1036.63	346.162
-7722.13	7942.02	1034.74	355.365
-7722.13	7942.02	1032.86	349.981
-7722.13	7942.02	1030.97	324.72
-7722.13	7942.02	1029.08	331.271
-7722.13	7942.02	1027.2	348.418
-7722.13	7942.02	1025.31	368.206
-7722.13	7942.02	1023.42	348.26
-7722.13	7942.02	1021.53	354.8
-7722.13	7942.02	1019.64	344.131
-7722.13	7942.02	1017.75	345.376
-7722.13	7942.02	1015.86	366.465
-7722.13	7942.02	1013.97	362.413
-7722.13	7942.02	1012.08	367.62
-7722.13	7942.02	1010.19	383.401
-7722.13	7942.02	1008.3	358.2
-7722.13	7942.02	1006.41	358.119
-7722.13	7942.02	1004.52	379.176
-7722.13	7942.02	1002.62	360.597
-7722.13	7942.02	1000.73	381.644
-7722.13	7942.02	998.837	393.44
-7722.13	7942.02	996.943	356.391
-7722.13	7942.02	995.049	411.735
-7722.13	7942.02	993.154	390.532
-7722.13	7942.02	991.258	404.952
-7722.13	7942.02	989.363	396.947
-7722.13	7942.02	987.467	411.36
-7722.13	7942.02	985.57	429.72
-7722.13	7942.02	983.673	421.715
-7722.13	7942.02	981.776	426.888
-7722.13	7942.02	979.878	432.06
-7722.13	7942.02	977.979	441.18
-7722.13	7942.02	976.081	470.045
-7722.13	7942.02	974.181	415.967
-7722.13	7942.02	972.282	434.297
-7722.13	7942.02	970.382	460.513
-7722.13	7942.02	968.481	438.045
-7722.13	7942.02	966.58	437.944
-7722.13	7942.02	964.679	452.307
-7722.13	7942.02	962.777	454.833
-7722.13	7942.02	960.875	466.557
-7722.13	7942.02	958.972	445.427
-7722.13	7942.02	957.069	437.443
-7722.13	7942.02	955.166	459.669
-7722.13	7942.02	953.262	454.312
-7722.13	7942.02	951.357	442.393
-7722.13	7942.02	949.452	443.604
-7722.13	7942.02	947.547	451.375
-7722.13	7942.02	945.641	453.895
-7722.13	7942.02	943.735	436.741
-7722.13	7942.02	941.829	441.886
-7722.13	7942.02	939.922	457.515
-7722.13	7942.02	938.014	461.342
-7722.13	7942.02	936.106	444.202
-7722.13	7942.02	934.198	442.79
-7722.13	7942.02	932.289	438.759
-7722.13	7942.02	930.38	437.348
-7722.13	7942.02	928.47	399.283
-7722.13	7942.02	926.56	410.971
-7722.13	7942.02	924.649	461.909
-7722.13	7942.02	922.738	393.775
-7722.13	7942.02	920.827	425.074
-7722.13	7942.02	918.915	400.132
-7722.13	7942.02	917.003	400.039
-7722.13	7942.02	915.09	409.096
-7722.13	7942.02	913.177	422.069
-7722.13	7942.02	911.263	393.231
-7722.13	7942.02	909.349	410.12
-7722.13	7942.02	907.435	374.768
-7722.13	7942.02	905.52	360.321
-7722.13	7942.02	903.604	345.881
-7722.13	7942.02	901.688	395.388
-7722.13	7942.02	899.772	360.072
-7722.13	7942.02	897.855	387.379
-7722.13	7942.02	895.938	359.906
-7722.13	7942.02	894.021	365.037
-7722.13	7942.02	892.103	383.201
-7722.13	7942.02	890.184	372.687
-7722.13	7942.02	888.265	362.179
-7722.13	7942.02	886.346	373.818
-7722.13	7942.02	884.426	355.5
-7722.13	7942.02	882.506	381.456
-7722.13	7942.02	880.585	352.733
-7722.13	7942.02	878.664	382.581
-7722.13	7942.02	876.742	348.666
-7722.13	7942.02	874.82	358.991
-7722.13	7942.02	872.898	362.809
-7722.13	7942.02	870.975	362.725
-7722.13	7942.02	869.051	366.541
-7722.13	7942.02	867.127	350.862
-7722.13	7942.02	865.203	380.662
-7722.13	7942.02	863.278	376.677
-7722.13	7942.02	861.353	397.367
-7722.13	7942.02	859.428	363.519
-7722.13	7942.02	857.502	386.799
-7722.13	7942.02	855.575	376.327
-7722.13	7942.02	853.648	386.619
-7722.13	7942.02	851.721	399.5
-7722.13	7942.02	849.793	365.691
-7722.13	7942.02	847.865	365.606
-7722.13	7942.02	845.936	395.333
-7722.13	7942.02	844.007	396.537
-7722.13	7942.02	842.077	361.465
-7722.13	7942.02	840.147	365.266
-7722.13	7942.02	838.216	378.131
-7722.13	7942.02	836.285	371.57
-7722.13	7942.02	834.354	355.951
-7722.13	7942.02	832.422	364.926
-7722.13	7942.02	830.49	385.542
-7722.13	7942.02	828.557	364.756
-7722.13	7942.02	826.624	371.137
-7722.13	7942.02	824.69	380.101
-7722.13	7942.02	822.756	387.768
-7722.13	7942.02	820.821	372.17
-7722.13	7942.02	818.886	364.331
-7722.13	7942.02	816.951	342.288
-7722.13	7942.02	815.015	393.863
-7722.13	7942.02	813.078	376.987
-7722.13	7942.02	811.141	369.155
-7722.13	7942.02	809.204	392.296
-7722.13	7942.02	807.266	392.205
-7722.13	7942.02	805.328	383.084
-7722.13	7942.02	803.389	394.601
-7722.13	7942.02	801.45	375.17
-7722.13	7942.02	799.511	409.883
-7722.13	7942.02	797.571	393.035
-7722.13	7942.02	795.63	390.366
-7722.13	7942.02	793.689	377.395
-7722.13	7942.02	791.748	395.335
-7722.13	7942.02	789.806	392.667
-7722.13	7942.02	787.864	382.278
-7722.13	7942.02	785.921	395.057
-7722.13	7942.02	783.978	384.672
-7722.13	7942.02	782.034	396.158
-7722.13	7942.02	780.09	370.347
-7722.13	7942.02	778.145	383.116
-7722.13	7942.02	776.2	383.026
-7722.13	7942.02	774.255	359.806
-7722.13	7942.02	772.309	378.992
-7722.13	7942.02	770.362	366.059
-7722.13	7942.02	768.416	387.803
-7722.13	7942.02	766.468	374.874
-7722.13	7942.02	764.52	356.816
-7722.13	7942.02	762.572	372.131
-7722.13	7942.02	760.624	348.951
-7722.13	7942.02	758.674	406.586
-7722.13	7942.02	756.725	382.127
-7722.13	7942.02	754.775	365.371
-7722.13	7942.02	752.824	392.201
-7722.13	7942.02	750.873	360.073
-7722.13	7942.02	748.922	365.113
-7722.13	7942.02	746.97	375.273
-7722.13	7942.02	745.017	368.782
-7722.13	7942.02	743.065	382.777
-7722.13	7942.02	741.111	360.929
-7722.13	7942.02	739.158	378.758
-7722.13	7942.02	737.203	378.669
-7722.13	7942.02	735.249	351.721
-7722.13	7942.02	733.294	365.703
-7722.13	7942.02	731.338	345.163
-7722.13	7942.02	729.382	379.589
-7722.13	7942.02	727.425	370.555
-7722.13	7942.02	725.468	376.855
-7722.13	7942.02	723.511	378.043
-7722.13	7942.02	721.553	369.015
-7722.13	7942.02	719.595	331.908
-7722.13	7942.02	717.636	373.946
-7722.13	7942.02	715.676	373.857
-7722.13	7942.02	713.717	386.525
-7722.13	7942.02	711.756	378.782
-7722.13	7942.02	709.796	373.592
-7722.13	7942.02	707.835	370.954
-7722.13	7942.02	705.873	351.749
-7722.13	7942.02	703.911	363.133
-7722.13	7942.02	701.948	366.868
-7722.13	7942.02	699.985	352.772
-7722.13	7942.02	698.022	383.246
-7722.13	7942.02	696.058	362.788
-7722.13	7942.02	694.093	393.245
-7722.13	7942.02	692.129	381.701
-7722.13	7942.02	690.163	347.265
-7722.13	7942.02	688.197	386.606
-7722.13	7942.02	686.231	382.7
-7722.13	7942.02	684.264	362.271
-7722.13	7942.02	682.297	365.997
-7722.13	7942.02	680.329	374.803
-7722.13	7942.02	678.361	391.227
-7722.13	7942.02	676.393	384.784
-7722.13	7942.02	674.423	379.614
-7722.13	7942.02	672.454	370.638
-7722.13	7942.02	670.484	389.585
-7722.13	7942.02	668.513	405.985
-7722.13	7942.02	666.542	413.499
-7722.13	7942.02	664.571	388.038
-7722.13	7942.02	662.599	418.372
-7722.13	7942.02	660.627	386.585
-7722.13	7942.02	658.654	385.226
-7722.13	7942.02	656.68	394.002
-7722.13	7942.02	654.707	387.574
-7722.13	7942.02	652.732	401.411
-7722.13	7942.02	650.758	389.921
-7722.13	7942.02	648.782	392.359
-7722.13	7942.02	646.807	392.265
-7722.13	7942.02	644.83	401.026
-7722.13	7942.02	642.854	399.666
-7722.13	7942.02	640.877	380.603
-7722.13	7942.02	638.899	370.398
-7722.13	7942.02	636.921	400.642
-7722.13	7942.02	634.942	389.174
-7722.13	7942.02	632.963	411.819
-7722.13	7942.02	630.984	370.043
-7722.13	7942.02	629.004	409.096
-7722.13	7942.02	627.023	381.226
-7722.13	7942.02	625.042	406.375
-7722.13	7942.02	623.061	388.613
-7722.13	7942.02	621.079	384.735
-7722.13	7942.02	619.097	392.209
-7722.13	7942.02	617.114	392.115
-7722.13	7942.02	615.131	409.668
-7722.13	7942.02	613.147	391.926
-7722.13	7942.02	611.163	379.232
-7722.13	7942.02	609.178	405.593
-7722.13	7942.02	607.193	389.124
-7722.13	7942.02	605.207	399.102
-7722.13	7942.02	603.221	388.936
-7722.13	7942.02	601.234	395.134
-7722.13	7942.02	599.247	387.49
-7722.13	7942.02	597.259	389.912
-7722.13	7942.02	595.271	360.896
-7722.13	7942.02	593.283	392.238
-7722.13	7942.02	591.294	390.886
-7722.13	7942.02	589.304	413.409
-7722.13	7942.02	587.314	391.953
-7722.13	7942.02	585.323	408.185
-7722.13	7942.02	583.332	405.575
-7722.13	7942.02	581.341	407.987
-7722.13	7942.02	579.349	410.399
-7722.13	7942.02	577.357	404.025
-7722.13	7942.02	575.364	393.892
-7722.13	7942.02	573.37	366.205
-7722.13	7942.02	571.376	403.731
-7722.13	7942.02	569.382	381.07
-7722.13	7942.02	567.387	391.003
-7722.13	7942.02	565.392	392.16
-7722.13	7942.02	563.396	399.581
-7722.13	7942.02	561.399	409.502
-7722.13	7942.02	559.403	403.142
-7722.13	7942.02	557.405	424.323
-7722.13	7942.02	555.408	397.94
-7722.13	7942.02	553.409	376.575
-7722.13	7942.02	551.411	390.241
-7722.13	7942.02	549.411	410.154
-7722.13	7942.02	547.412	401.302
-7722.13	7942.02	545.411	466.197
-7722.13	7942.02	543.411	437.343
-7722.13	7942.02	541.409	495.951
-7722.13	7942.02	539.408	473.349
-7722.13	7942.02	537.406	491.962
-7722.13	7942.02	535.403	511.815
-7722.13	7942.02	533.4	536.65
-7722.13	7942.02	531.396	608.887
-7722.13	7942.02	529.392	732.231
-7722.13	7942.02	527.387	891.682
-7722.13	7942.02	525.382	1186.95
-7722.13	7942.02	523.376	1644.13
-7722.13	7942.02	521.37	2278.03
-7722.13	7942.02	519.364	2758.39
-7722.13	7942.02	517.357	2990.63
-7722.13	7942.02	515.349	2720.92
-7722.13	7942.02	513.341	2336.8
-7722.13	7942.02	511.332	1937.93
-7722.13	7942.02	509.323	1648.77
-7722.13	7942.02	507.314	1411.99
-7722.13	7942.02	505.304	1249.96
-7722.13	7942.02	503.293	1146.44
-7722.13	7942.02	501.282	1074.06
-7722.13	7942.02	499.27	1004.2
-7722.13	7942.02	497.258	974.13
-7722.13	7942.02	495.246	944.076
-7722.13	7942.02	493.233	941.359
-7722.13	7942.02	491.219	891.463
-7722.13	7942.02	489.205	810.559
-7722.13	7942.02	487.191	750.791
-7722.13	7942.02	485.176	741.921
-7722.13	7942.02	483.16	734.295
-7722.13	7942.02	481.144	706.832
-7722.13	7942.02	479.128	670.704
-7722.13	7942.02	477.111	666.819
-7722.13	7942.02	475.093	635.676
-7722.13	7942.02	473.075	657.817
-7722.13	7942.02	471.056	616.782
-7722.13	7942.02	469.037	621.582
-7722.13	7942.02	467.018	627.617
-7722.13	7942.02	464.998	613.847
-7722.13	7942.02	462.977	624.83
-7722.13	7942.02	460.956	612.305
-7722.13	7942.02	458.935	577.525
-7722.13	7942.02	456.913	586.036
-7722.13	7942.02	454.89	540.156
-7722.13	7942.02	452.867	538.786
-7722.13	7942.02	450.843	551.005
-7722.13	7942.02	448.819	545.927
-7722.13	7942.02	446.795	521.095
-7722.13	7942.02	444.77	520.964
-7722.13	7942.02	442.744	554.158
-7722.13	7942.02	440.718	526.873
-7722.13	7942.02	438.691	516.873
-7722.13	7942.02	436.664	540.176
-7722.13	7942.02	434.637	505.517
-7722.13	7942.02	432.608	477.039
-7722.13	7942.02	430.58	497.87
-7722.13	7942.02	428.551	510.065
-7722.13	7942.02	426.521	484.071
-7722.13	7942.02	424.491	492.569
-7722.13	7942.02	422.46	498.601
-7722.13	7942.02	420.429	502.168
-7722.13	7942.02	418.397	483.584
-7722.13	7942.02	416.365	508.066
-7722.13	7942.02	414.332	507.938
-7722.13	7942.02	412.299	478.301
-7722.13	7942.02	410.265	485.556
-7722.13	7942.02	408.231	503.867
-7722.13	7942.02	406.196	480.396
-7722.13	7942.02	404.161	475.361
-7722.13	7942.02	402.125	474.013
-7722.13	7942.02	400.089	459.161
-7722.13	7942.02	398.052	446.771
-7722.13	7942.02	396.015	458.929
-7722.13	7942.02	393.977	480.894
-7722.13	7942.02	391.938	486.905
-7722.13	7942.02	389.899	474.52
-7722.13	7942.02	387.86	470.722
-7722.13	7942.02	385.82	473.054
-7722.13	7942.02	383.78	471.708
-7722.13	7942.02	381.739	472.814
-7722.13	7942.02	379.697	495.961
-7722.13	7942.02	377.655	459.106
-7722.13	7942.02	375.613	481.021
-7722.13	7942.02	373.57	466.214
-7722.13	7942.02	371.526	490.563
-7722.13	7942.02	369.482	475.761
-7722.13	7942.02	367.437	479.308
-7722.13	7942.02	365.392	448.625
-7722.13	7942.02	363.346	463.176
-7722.13	7942.02	361.3	476.497
-7722.13	7942.02	359.254	466.604
-7722.13	7942.02	357.206	505.562
-7722.13	7942.02	355.159	490.782
-7722.13	7942.02	353.11	466.246
-7722.13	7942.02	351.062	481.989
-7722.13	7942.02	349.012	458.687
-7722.13	7942.02	346.962	478.083
-7722.13	7942.02	344.912	471.864
-7722.13	7942.02	342.861	472.962
-7722.13	7942.02	340.81	498.432
-7722.13	7942.02	338.758	484.902
-7722.13	7942.02	336.705	504.266
-7722.13	7942.02	334.652	487.088
-7722.13	7942.02	332.599	463.832
-7722.13	7942.02	330.545	464.93
-7722.13	7942.02	328.49	520.782
-7722.13	7942.02	326.435	479.287
-7722.13	7942.02	324.379	497.406
-7722.13	7942.02	322.323	479.04
-7722.13	7942.02	320.266	484.994
-7722.13	7942.02	318.209	514.033
-7722.13	7942.02	316.151	506.611
-7722.13	7942.02	314.093	504.05
-7722.13	7942.02	312.034	465.063
-7722.13	7942.02	309.975	511.073
-7722.13	7942.02	307.915	489.095
-7722.13	7942.02	305.854	508.381
-7722.13	7942.02	303.793	488.841
-7722.13	7942.02	301.732	515.393
-7722.13	7942.02	299.67	518.896
-7722.13	7942.02	297.607	506.64
-7722.13	7942.02	295.544	514.991
-7722.13	7942.02	293.48	506.376
-7722.13	7942.02	291.416	517.144
-7722.13	7942.02	289.351	508.534
-7722.13	7942.02	287.286	463.613
-7722.13	7942.02	285.22	484.065
-7722.13	7942.02	283.154	489.988
-7722.13	7942.02	281.087	482.602
-7722.13	7942.02	279.019	477.639
-7722.13	7942.02	276.951	475.096
-7722.13	7942.02	274.883	476.18
-7722.13	7942.02	272.814	495.388
-7722.13	7942.02	270.744	469.891
-7722.13	7942.02	268.674	438.369
-7722.13	7942.02	266.603	488.961
-7722.13	7942.02	264.532	503.316
-7722.13	7942.02	262.46	447.677
-7722.13	7942.02	260.388	449.972
-7722.13	7942.02	258.315	484.828
-7722.13	7942.02	256.241	456.969
-7722.13	7942.02	254.167	458.054
-7722.13	7942.02	252.093	459.138
-7722.13	7942.02	250.018	451.788
-7722.13	7942.02	247.942	449.259
-7722.13	7942.02	245.866	441.916
-7722.13	7942.02	243.789	429.761
-7722.13	7942.02	241.712	436.868
-7722.13	7942.02	239.634	440.361
-7722.13	7942.02	237.556	448.665
-7722.13	7942.02	235.477	438.925
-7722.13	7942.02	233.397	452.033
-7722.13	7942.02	231.317	465.134
-7722.13	7942.02	229.237	424.156
-7722.13	7942.02	227.155	432.452
-7722.13	7942.02	225.074	435.94
-7722.13	7942.02	222.991	453.833
-7722.13	7942.02	220.909	420.104
-7722.13	7942.02	218.825	419.991
-7722.13	7942.02	216.741	415.081
-7722.13	7942.02	214.657	431.76
-7722.13	7942.02	212.572	402.868
-7722.13	7942.02	210.486	418.344
-7722.13	7942.02	208.4	424.223
-7722.13	7942.02	206.313	406.139
-7722.13	7942.02	204.226	457.532
-7722.13	7942.02	202.138	431.066
-7722.13	7942.02	200.05	429.754
-7722.13	7942.02	197.961	430.835
-7722.13	7942.02	195.871	422.344
-7722.13	7942.02	193.781	423.426
-7722.13	7942.02	191.691	461.578
-7722.13	7942.02	189.599	457.867
-7722.13	7942.02	187.508	448.182
-7722.13	7942.02	185.415	474.347
-7722.13	7942.02	183.322	445.551
-7722.13	7942.02	181.229	456.178
-7722.13	7942.02	179.135	444.116
-7722.13	7942.02	177.04	476.221
-7722.13	7942.02	174.945	470.126
-7722.13	7942.02	172.849	468.806
-7722.13	7942.02	170.753	440.057
-7722.13	7942.02	168.656	462.59
-7722.13	7942.02	166.558	445.777
-7722.13	7942.02	164.46	457.572
-7722.13	7942.02	162.362	483.655
-7722.13	7942.02	160.263	469.232
-7722.13	7942.02	158.163	452.435
-7722.13	7942.02	156.063	488.021
-7722.13	7942.02	153.962	474.798
-7722.13	7942.02	151.86	486.564
-7722.13	7942.02	149.758	460.266
-7722.13	7942.02	147.656	500.566
-7722.13	7942.02	145.552	468.335
-7722.13	7942.02	143.449	453.946
-7722.13	7942.02	141.344	494.214
-7722.13	7942.02	139.239	441.82
-7722.13	7942.02	137.134	489.193
-7722.13	7942.02	135.028	502.116
-7722.13	7942.02	132.921	480.617
-7722.13	7942.02	130.814	486.417
-7722.13	7942.02	128.706	469.678
-7722.13	7942.02	126.598	479.034
-7722.13	7942.02	124.489	457.565
-7722.13	7942.02	122.379	432.552
-7722.13	7942.02	120.269	462.051
-7722.13	7942.02	118.158	460.738
-7722.13	7942.02	116.047	446.402
-7722.13	7942.02	113.935	430.889
-7722.13	7942.02	111.822	463.906
-7722.13	7942.02	109.709	462.594
-7722.13	7942.02	107.596	441.175
-7722.13	7942.02	105.481	409.126
-7722.13	7942.02	103.367	409.012
-7722.13	7942.02	101.251	425.444
-7722.13	7942.02	99.1351	407.603
-7722.13	7942.02	97.0184	434.655
-7722.13	7942.02	94.9012	414.46
-7722.13	7942.02	92.7834	437.954
-7722.13	7942.02	90.665	390.626
-7722.13	7942.02	88.546	389.337
-7722.13	7942.02	86.4265	408.099
-7722.13	7942.02	84.3063	387.939
-7722.13	7942.02	82.1855	393.724
-7722.13	7942.02	80.0641	403.042
-7722.13	7942.02	77.9422	374.653
